0 3.0154121671564598 
1 3.2600194022449998 
2 3.0834854413966797 
3 3.4325862059945997 
4 3.23148300578208 
5 3.61046210024602 
6 3.40482132737768 
7 3.62865743167468 
8 3.42343361120558 
9 3.68593117072042 
10 3.58141736520482 
11 3.57139395948296 
12 3.59605970095962 
13 3.5243394937044004 
14 3.6948050047903402 
15 3.45352587341698 
16 3.65836425251858 
17 3.40180313327832 
18 3.6811971096569005 
19 3.2312552731335202 
20 3.47236451713066 
21 3.3563946027789 
22 3.5567605691740605 
23 3.39022019767498 
24 3.51503368030808 
25 3.40580776077718 
26 3.4879091517752796 
27 3.4497408315740996 
28 3.4972171583097795 
29 3.7036740495851803 
30 3.7013899119796796 
31 3.70560230281452 
32 3.72026025565444 
33 3.68597633487664 
34 3.6958369659826404 
35 3.7250342284354 
36 3.7621571388305197 
37 3.76513313711904 
38 3.77534460624772 
39 3.77621282200478 
40 3.8291103671941 
41 3.76209875515838 
42 3.7754478783782197 
43 3.5698708439704 
44 3.70409816453624 
45 3.59285445829 
46 3.8106889475190995 
47 3.64388448735178 
48 3.8208120869579196 
49 3.6605303625752397 
50 3.7249118801693397 
51 3.45528958410958 
52 3.52351864893226 
53 3.59937033052448 
54 3.33448783103682 
55 3.54860881181794 
56 3.2066499444494396 
57 3.4579881489745397 
58 3.1294828482907397 
59 3.42504070543544 
60 3.1799233480737596 
61 3.56033789135574 
62 3.3379111763480402 
63 3.5903195831132004 
64 3.55955456729714 
65 3.67747867985468 
66 3.6105863596435 
67 3.6853485787449998 
68 3.60355719442052 
69 3.70778888978396 
70 3.59040476232198 
71 3.78393093765942 
72 3.4952799751923203 
73 3.83097636557864 
74 3.58950336252152 
75 3.76958438127036 
76 3.56425636975226 
77 3.70152756632774 
78 3.5545330293537 
79 3.8244045351807996 
80 3.60789149200126 
81 3.7216424175392198 
82 3.5558177162084 
83 3.7907432819599003 
84 3.6564166169815797 
85 3.75880900753704 
86 3.69186502492978 
87 3.78183670125948 
88 3.6534018226294798 
89 3.7103895677792997 
90 3.6152230080437002 
91 3.8724955751538603 
92 3.6890837093452604 
93 3.79775217966696 
94 3.7980439318325203 
95 3.76155522714268 
96 3.80885709432322 
97 3.8275378667444797 
98 3.78757052783308 
99 3.83019464562012 
100 3.77953938865434 
101 3.7709612262024796 
102 3.723183816121 
103 3.59410144461704 
104 3.68054680989486 
105 3.52995722158144 
106 3.63003528406174 
107 3.4849501823166 
108 3.62017434768446 
109 3.3978040208841795 
110 3.6098781172779 
111 3.5481540087615597 
112 3.5006432213365004 
113 3.56248151732322 
114 3.57578377900924 
115 3.55928459223 
116 3.5620316783811603 
117 3.64446546597274 
118 3.64537197977672 
119 3.6962066588241798 
120 3.7505931285967202 
121 3.6958120214999197 
122 3.68732051188514 
123 3.76336669088222 
124 3.6775835251377997 
125 3.7412879605794997 
126 3.67858007408814 
127 3.7897677910207 
128 3.76756429212956 
129 3.82797971796154 
130 3.7146704439088603 
131 3.8060067348966795 
132 3.8083104997511597 
133 3.7349552057188 
134 3.79158269840242 
135 3.84228294778302 
136 3.8848307788700196 
137 3.81102485936934 
138 3.8124734331755 
139 3.7796355205499403 
140 3.76797048577892 
141 3.48182199110704 
142 3.74630578510776 
143 3.5585199998663803 
144 3.7659379904347197 
145 3.6269878846828596 
146 3.8876822874283397 
147 3.5800517086659602 
148 3.74807633529394 
149 3.5460265558434996 
150 3.7340021832422203 
151 3.8545598317430803 
152 3.53511506496828 
153 3.8289110782451403 
154 3.6066933080751804 
155 3.6824293689781795 
156 3.5006702203925797 
157 3.58534012984668 
158 3.3590404923237798 
159 3.41058222084392 
160 3.1435535352521398 
161 3.40112702275582 
162 3.29039861452182 
163 3.4917511864399002 
164 3.2505903243407195 
165 3.34733323750254 
166 3.09239735442636 
167 3.3905663254078 
168 3.09905123120768 
169 3.46712754672636 
170 3.1510424297404 
171 3.42902849970802 
172 3.2208144525790403 
173 3.2781675398906005 
174 3.0763716111718997 
175 3.32006300069238 
176 3.23507565740816 
177 3.5365565798737597 
178 3.4068036404729396 
179 3.74559992565064 
180 3.64278905146364 
181 3.84910800365302 
182 3.6837171592564197 
183 3.8784937255226195 
184 3.7450030399740397 
185 3.8008115550014403 
186 3.7506538044619 
187 3.83611378638804 
188 3.78449567905354 
189 3.78863797926856 
190 3.7077873615749604 
191 3.99222697661178 
192 3.8310560895131602 
193 3.9060189321160204 
194 3.9047301084444 
195 3.96503528408022 
196 3.9015206457192795 
197 4.013760207018381 
198 3.9080759003098997 
199 4.052366110080159 
200 4.124853020739 
201 4.00907048756782 
202 4.09192896769144 
203 3.9273420926914397 
204 3.99042102340166 
205 3.92543566671 
206 4.04844314008884 
207 3.87919575235862 
208 4.05064700118322 
209 4.04453735950308 
210 4.1186087220067 
211 4.1552589182389195 
212 3.9642401155388596 
213 3.92190179873242 
214 3.79478713977268 
215 3.77377598813462 
216 3.68788867847728 
217 3.8752567266131996 
218 3.81176591303634 
219 3.7030659891533197 
220 3.58739445871566 
221 3.9942530508383003 
222 3.6869354801555803 
223 4.0681481365868795 
224 4.01296542743236 
225 4.35634275945946 
226 4.28276026172276 
227 4.42496105416604 
228 4.1565815505836605 
229 4.60592910400526 
230 4.342012782253 
231 4.5671992384956 
232 4.3554553831359 
233 4.606442450269141 
234 4.30870338042594 
235 4.47656577226684 
236 4.0570386125187 
237 4.3386296354155 
238 4.04582053185368 
239 4.2202564314506 
240 3.92602518158116 
241 4.20939961412358 
242 3.99987921457976 
243 4.07671188182466 
244 3.9607526764666403 
245 4.08864987025944 
246 3.99450861383636 
247 4.230835208597179 
248 4.0363912370968595 
249 4.15734498796498 
250 3.953196412608 
251 4.145985532925041 
252 4.05784638979626 
253 4.32553082938406 
254 3.8925579738937204 
255 4.3385911309345 
256 3.87291959257702 
257 4.27168029261186 
258 3.7635734395377 
259 4.44223849763668 
260 3.79184230456584 
261 4.38077261859136 
262 3.70739359917886 
263 4.332233515217 
264 3.85467268115764 
265 4.3643144715036595 
266 3.88887574344342 
267 4.452002396051 
268 4.01920593844522 
269 4.47330761562328 
270 4.08188395298684 
271 4.51532405520272 
272 4.11548641367072 
273 4.45631526231918 
274 4.0905196464696 
275 4.39500543702766 
276 4.00790364719856 
277 4.39500543702766 
278 3.91049846206788 
279 4.38942403519986 
280 3.8457802973195596 
281 4.45010064086968 
282 3.90341088765174 
283 4.49626058200068 
284 3.8911926958788 
285 4.535403695762421 
286 3.99237248988416 
287 4.535403695762421 
288 3.9987504410264796 
289 4.54098509759024 
290 4.12019018662294 
291 4.556335939591181 
292 4.07102857418524 
293 4.54021089023344 
294 4.054649162197039 
295 4.569476839444301 
296 4.0280921571869595 
297 4.55686556824914 
298 3.98978939657094 
299 4.57730572620562 
300 3.9928758849970203 
301 4.39218210386794 
302 4.08091962875678 
303 4.23643055368048 
304 4.14290073225712 
305 4.16481955096966 
306 4.0952643176556 
307 4.167679764494681 
308 4.231923768465601 
309 4.02114105923544 
310 4.0995940021022 
311 4.12061437061098 
312 4.0995940021022 
313 4.17114192390158 
314 4.00029804115246 
315 3.996484982168 
316 4.02915813631234 
317 4.0420023661718 
318 4.29987766636398 
319 4.16810091347454 
320 4.4680698821566605 
321 4.16061373543298 
322 4.4680698821566605 
323 4.27682237593342 
324 4.54757520358058 
325 4.1874255821511 
326 4.5727132861749 
327 4.29155006756186 
328 4.44822377511916 
329 4.22122614135076 
330 4.3088615779584005 
331 4.1604640360332805 
332 4.3088615779584005 
333 4.20382608914346 
334 4.29023358002398 
335 4.224494475312239 
336 4.0340326301061 
337 4.13137588821972 
338 3.95053817630222 
339 4.13904987805442 
340 3.9118091472480003 
341 4.10392875990444 
342 3.9414979155648195 
343 4.01777521092904 
344 3.9504906718519797 
345 3.76922781815576 
346 3.8462807930965397 
347 3.7416477723739 
348 3.81934295865548 
349 3.62587450544218 
350 3.8929201481478204 
351 3.60956157287506 
352 3.858980653336 
353 3.69696843212112 
354 3.76464209109324 
355 3.6754332027628798 
356 3.731153073161 
357 3.5054990625719804 
358 3.60972285826928 
359 3.49644978952544 
360 3.6226925482892396 
361 3.50389067978206 
362 3.57252231354574 
363 3.54592583455724 
364 3.6798854367038403 
365 3.74418261124242 
366 3.7854418283059 
367 3.68873438516368 
368 3.7549829009156 
369 3.72480103746094 
370 3.77096628318158 
371 3.89801194658706 
372 3.84540816068204 
373 3.849411146497 
374 3.91900006573382 
375 3.94840327184046 
376 4.03049124646616 
377 4.3126150225109 
378 4.20581264431786 
379 4.4385009310457 
380 4.29133287684152 
381 4.3056172846045 
382 4.25791867045056 
383 4.226830107340961 
384 4.08633878789562 
385 4.2679483093727395 
386 4.071846125756521 
387 4.26970264595792 
388 4.130978242048419 
389 4.28535720274876 
390 4.0928168154476 
391 4.36231576206194 
392 3.9508185074373996 
393 4.19845693279588 
394 3.84143207782452 
395 4.005105683365899 
396 3.66027783910434 
397 3.77813327604324 
398 3.48804084830048 
399 3.6585897327195 
400 3.43140619950526 
401 3.77822692251996 
402 3.6923515954110995 
403 3.7164056164331596 
404 3.8030494962947996 
405 3.99618116709482 
406 3.8925435075072 
407 4.06631032112038 
408 4.0077758762266 
409 4.13434640638058 
410 4.01860763922986 
411 4.24240904396736 
412 4.01860763922986 
413 4.13645757778172 
414 3.96408926667198 
415 4.1607780994517 
416 3.97178436672882 
417 4.16685924980168 
418 3.94198750457864 
419 4.22823206659698 
420 3.89086047194476 
421 4.11985829053698 
422 3.7911017331742003 
423 4.20780460787368 
424 3.82111193028028 
425 4.3585667108208 
426 3.84926501271062 
427 4.31957568684356 
428 3.78493399097462 
429 4.31957568684356 
430 3.96537906705382 
431 4.37146196874764 
432 3.9038982967831997 
433 4.455513024478281 
434 3.90464709656054 
435 4.51444181026058 
436 4.02283866761772 
437 4.49946670113524 
438 4.0207026538514 
439 4.4355415076461195 
440 3.93315241447448 
441 4.39416870525938 
442 4.18402583292726 
443 4.22847226695046 
444 4.2234744466990595 
445 4.2085345051453995 
446 4.32635310852866 
447 4.1179241341042 
448 4.393048893047959 
449 4.1735141307323405 
450 4.4696489896904 
451 4.34387888796562 
452 4.4696489896904 
453 4.43999438376376 
454 4.58200724768248 
455 4.4941728195552 
456 4.62474705797152 
457 4.2236488392915 
458 4.54061935453476 
459 4.21240160009354 
460 4.55156949726922 
461 4.2498776156839595 
462 4.5174976538911995 
463 4.32783067589786 
464 4.525402662791199 
465 4.37539258998958 
466 4.73937061771828 
467 4.24360791284276 
468 4.72864641435506 
469 4.27336278474614 
470 4.72864641435506 
471 4.28778218370742 
472 4.597456665675599 
473 4.26156808877092 
474 4.589551656775599 
475 4.18009591526368 
476 4.3291532986628605 
477 4.1009896691518 
478 4.21417541958186 
479 3.9264979172910204 
480 4.193914075617419 
481 3.8454923929285796 
482 4.11486137452094 
483 3.76691235090602 
484 3.9542968921068797 
485 3.8348450442493998 
486 3.94874839226432 
487 3.88176116503704 
488 3.9690097362287604 
489 3.83796760587824 
490 3.88605717815784 
491 4.08520959468378 
492 4.0064206768392 
493 4.1900037316428405 
494 4.16698515925326 
495 4.362992167732861 
496 4.3462870002868 
497 4.37711621180678 
498 4.3462870002868 
499 4.60089188315658 
500 4.565298076840699 
501 4.48287352221858 
502 4.55507793132684 
503 4.299373669076401 
504 4.3482649203805 
505 4.096250249233099 
506 4.3482649203805 
507 3.9304821794706 
508 4.1720071162497 
509 3.88808818209014 
510 4.175815013418839 
511 3.7414469590216397 
512 4.130986491233299 
513 3.85938926406444 
514 3.9551806724428196 
515 3.8452470321413204 
516 4.029325991350079 
517 3.64299665478216 
518 3.7984994977928404 
519 3.6702186758933797 
520 3.84565369748688 
521 3.66913793034844 
522 3.8413682442373203 
523 3.7543190451489403 
524 4.0057567841488595 
525 3.80094617739042 
526 4.0847093556883 
527 3.9713513588855003 
528 4.3117279520764 
529 4.00642755096512 
530 4.33360298837984 
531 4.05354658127724 
532 4.31572780751072 
533 4.04823930440322 
534 4.22690066749546 
535 4.0706449688582405 
536 4.3714306053377 
537 4.08445425848698 
538 4.3558315758681605 
539 4.16628227319904 
540 4.3558315758681605 
541 3.9625571510949795 
542 4.242468222033979 
543 3.8928990608947 
544 4.18318046611478 
545 4.01730687489274 
546 4.19011441146206 
547 3.9015014475136196 
548 3.9905083292583 
549 3.8880847644469 
550 3.99557904146494 
551 4.03450529562346 
552 4.02495866823416 
553 4.14678368285448 
554 4.077820984297761 
555 4.15125037686472 
556 4.285989672910739 
557 4.3602827758427996 
558 4.218914696664941 
559 4.31003169325314 
560 4.12526263468568 
561 4.29153296192178 
562 4.13804572049158 
563 4.2052937185180195 
564 4.092814004079299 
565 4.2052937185180195 
566 4.28052329256838 
567 4.0991742253867995 
568 4.1059729441199 
569 4.01523403218828 
570 4.07531873126462 
571 3.80156293222612 
572 3.9770308727103 
573 3.80156293222612 
574 3.89649143357086 
575 3.89597721728866 
576 3.9634176483275603 
577 4.06086010656892 
578 4.117227854746639 
579 4.120716311467801 
580 4.17642269419158 
581 4.12409643232688 
582 4.22375993797678 
583 4.231281348306419 
584 4.1135424264464 
585 4.231281348306419 
586 4.10931609708516 
587 4.2337429850614 
588 4.08809664354022 
589 4.19282452424732 
590 4.203452152543759 
591 4.26356239254574 
592 4.23825500131366 
593 4.26356239254574 
594 4.23825500131366 
595 4.26356239254574 
596 4.23825500131366 
597 4.2574604659132 
598 4.232098551147439 
599 4.2574604659132 
600 4.232098551147439 
601 4.2574604659132 
602 4.232098551147439 
603 4.24160998571658 
604 4.2228581130566605 
605 4.24160998571658 
606 4.311381126242621 
607 4.34568670122164 
608 4.4126642093705 
609 4.47670542380174 
610 4.4126642093705 
611 4.4958152992009 
612 4.44790013842922 
613 4.4958152992009 
614 4.47308368394812 
615 4.51166577939752 
616 4.587457953354599 
617 4.56275076810342 
618 4.587457953354599 
619 4.53062017067018 
620 4.58174985324148 
621 4.52424045051586 
622 4.57640944521082 
623 4.52424045051586 
624 4.5573565127865 
625 4.4945420313392 
626 4.56479927139408 
627 4.46997774116532 
628 4.56032640254518 
629 4.47003787123234 
630 4.56032640254518 
631 4.43044152369476 
632 4.52753202395704 
633 4.43044152369476 
634 4.5214014108624605 
635 4.29005586446078 
636 4.348446419217639 
637 4.15047302600004 
638 4.16872994759334 
639 3.9869703160642205 
640 4.16872994759334 
641 3.9579824473569998 
642 4.13243104099468 
643 4.02318429240812 
644 4.101928337467 
645 4.02318429240812 
646 4.101928337467 
647 4.08981570650206 
648 4.09889930747862 
649 4.1766061321198 
650 4.21728440601494 
651 4.24866063630402 
652 4.25254013698284 
653 4.35354286966356 
654 4.35394672688356 
655 4.16880179776754 
656 4.14855348277484 
657 4.12479754123096 
658 4.09741402985334 
659 4.10279793762788 
660 4.00830493826238 
661 4.10451578751232 
662 4.005463074810519 
663 4.10451578751232 
664 4.06997201308506 
665 4.23686152156654 
666 4.1262160143128 
667 4.30353569390072 
668 4.17725067549184 
669 4.263840631462999 
670 4.119173675435141 
671 4.24270807703634 
672 4.10786290499676 
673 4.27148929922094 
674 4.1848608757787 
675 4.2319279266368195 
676 4.166635163066561 
677 4.2319279266368195 
678 4.1349173614593395 
679 4.25094967976448 
680 4.24300774961704 
681 4.3287969089491 
682 4.20835889685104 
683 4.3224207149139 
684 4.1870962744671 
685 4.26762574757476 
686 4.1768800585124195 
687 4.15023396307106 
688 4.09763119750054 
689 4.29115425308714 
690 4.13975593097888 
691 4.26997320632566 
692 4.22495843852424 
693 4.228153418689081 
694 4.20946532785194 
695 4.34737575955232 
696 4.29438099455892 
697 4.44889959422202 
698 4.3103045401691 
699 4.3373223822386 
700 4.14891339570744 
701 4.3699418771927 
702 4.1757203530758 
703 4.22876458064722 
704 4.0464690823955 
705 4.13867787253554 
706 3.9248360979272596 
707 4.18097079471824 
708 3.8367631605278 
709 4.24575383204612 
710 3.8890115519538804 
711 4.24575383204612 
712 3.8890115519538804 
713 4.28320281891704 
714 3.9549553828025603 
715 4.31771769994656 
716 3.97412265449618 
717 4.2160590767989605 
718 4.03857195637614 
719 4.24823291539268 
720 4.1539208921426205 
721 4.24823291539268 
722 4.1539208921426205 
723 4.2678678139540205 
724 4.16910217576188 
725 4.2985095544666 
726 4.17855859441996 
727 4.3737432052655 
728 4.3253196687458 
729 4.3147337328454 
730 4.29485294715528 
731 4.3147337328454 
732 4.29485294715528 
733 4.2163742847717405 
734 4.2256142004539 
735 4.3022218776307595 
736 4.32819200602008 
737 4.3022218776307595 
738 4.17671317761272 
739 4.3198558645185 
740 4.2009737164723395 
741 4.3198558645185 
742 4.2009737164723395 
743 4.29959836585802 
744 4.163689006701199 
745 4.21241654076918 
746 4.083415686843621 
747 4.12359353019244 
748 4.09725437023004 
749 4.126150488425241 
750 4.09725437023004 
751 4.1970341015603 
752 4.14672543369668 
753 4.0725342485004195 
754 4.04701634758288 
755 4.074214782829079 
756 4.02063804637692 
757 4.01728244491056 
758 3.9808524256235005 
759 4.0301227110625595 
760 4.0000474919435804 
761 4.143767284882 
762 4.0098230262114 
763 4.19616340001578 
764 4.09415375249478 
765 4.2902994926104 
766 4.2914435494336605 
767 4.41142961048414 
768 4.40971756124288 
769 4.44495976507634 
770 4.3905224949228 
771 4.41193760778904 
772 4.4804560467688 
773 4.39649267086876 
774 4.4150608608397395 
775 4.46318887181274 
776 4.45794560555138 
777 4.2601708580138204 
778 4.307837180555699 
779 4.26846188073584 
780 4.3014353450330605 
781 4.17468495334886 
782 4.27663767432222 
783 4.22944046398462 
784 4.1823989897236 
785 4.146800730116221 
786 4.07999076173462 
787 4.29324924768446 
788 4.18023219735662 
789 4.08174093781312 
790 3.9980572948840196 
791 4.07086286370512 
792 4.09229597948264 
793 4.18910572040436 
794 4.14973443492182 
795 4.1544966352764 
796 4.1426352227419 
797 4.23569136212856 
798 4.21760635895918 
799 4.431164767535099 
800 4.40618309695442 
801 4.45016388413236 
802 4.40618309695442 
803 4.43810577897948 
804 4.441137916489501 
805 4.6001313439107 
806 4.59527210941632 
807 4.61330285714276 
808 4.59527210941632 
809 4.61330285714276 
810 4.63160825197648 
811 4.5943037405455005 
812 4.53946422796442 
813 4.4223340896899 
814 4.3736699196281 
815 4.1980055760893595 
816 4.17178966128872 
817 4.15215243497002 
818 4.0386594115582195 
819 4.1250460100859 
820 4.0386594115582195 
821 4.11071438733158 
822 4.10696342800564 
823 4.2734354718218 
824 4.25560360260118 
825 4.37785021426238 
826 4.3565949916298 
827 4.42370335538172 
828 4.35003335821144 
829 4.28160866613454 
830 4.132733435358061 
831 4.295940288888859 
832 4.1565734429227 
833 4.3117900293778195 
834 4.19700943616688 
835 4.343940345645381 
836 4.22615295226052 
837 4.343940345645381 
838 4.3784654497871 
839 4.4923161347799 
840 4.59398211376852 
841 4.4709662788419005 
842 4.5939821137685 
843 4.4640558345981 
844 4.49982047353998 
845 4.48878425075568 
846 4.5602194431448195 
847 4.5040952611580005 
848 4.4705200699339205 
849 4.4264221373930805 
850 4.4705779981912 
851 4.34490860396116 
852 4.42710139710442 
853 4.20694600322212 
854 4.3600706364734005 
855 4.16677130933358 
856 4.26063907653604 
857 4.15037171976826 
858 4.2613516320119 
859 4.11828803924994 
860 4.2206587379773195 
861 4.1885277987159 
862 4.287693908749199 
863 4.43443304536724 
864 4.46619402567972 
865 4.43552162453026 
866 4.47255627505764 
867 4.42093902678866 
868 4.4805715574286 
869 4.48272907244422 
870 4.522989782077881 
871 4.42518943549316 
872 4.50280133010158 
873 4.45781306539714 
874 4.4792427604165 
875 4.3884775301282 
876 4.52334351894062 
877 4.37075154570778 
878 4.46968161926404 
879 4.44893634833608 
880 4.46968161926404 
881 4.4749081639753 
882 4.46646078708158 
883 4.50046489500626 
884 4.43999482274568 
885 4.56980043027518 
886 4.39124764710698 
887 4.52673506329464 
888 4.38530659914242 
889 4.57414450442416 
890 4.3978993291437805 
891 4.522743872952519 
892 4.36982326430216 
893 4.53065554262062 
894 4.32968718339054 
895 4.50263515851926 
896 4.33001840815708 
897 4.38389102299218 
898 4.2863209134897 
899 4.49223252843254 
900 4.37983515620342 
901 4.48150892037054 
902 4.37239733623192 
903 4.47359725070244 
904 4.42089773373742 
905 4.34831242279466 
906 4.33914572321426 
907 4.45006616807636 
908 4.37025048788028 
909 4.45646308934408 
910 4.33989049689674 
911 4.39838665110126 
912 4.37862521389232 
913 4.39838665110126 
914 4.35593595872174 
915 4.53328344760418 
916 4.50459746263692 
917 4.49354328822386 
918 4.40095769805238 
919 4.4290694567665 
920 4.39046592100836 
921 4.36535809741062 
922 4.24426570084332 
923 4.36446633420558 
924 4.353583433532 
925 4.2662978360800405 
926 4.43528575923348 
927 4.2670585658438 
928 4.333580993337479 
929 4.2164410977701 
930 4.258606090196659 
931 4.29221488133702 
932 4.33810314287766 
933 4.1850611935791395 
934 4.274316602165539 
935 4.24275619620564 
936 4.25462836597232 
937 4.3930568065669195 
938 4.3416149616132005 
939 4.44290534726076 
940 4.5036831291617405 
941 4.40007458179226 
942 4.42691988526906 
943 4.4027450479432195 
944 4.27052882486246 
945 4.38692726347618 
946 4.2893468423676 
947 4.2232782043167 
948 4.15286930395284 
949 4.08343891263442 
950 3.9617426781243203 
951 4.18881389744638 
952 3.9905213643006 
953 4.32736751561192 
954 3.8710602555532803 
955 4.1772641723465 
956 3.77136453392722 
957 4.18554084092068 
958 3.8056323093255005 
959 4.2094203635728 
960 3.87406111368382 
961 4.3167579986785 
962 3.9899457201568196 
963 4.3111632478472 
964 4.152081009183901 
965 4.2820988857185 
966 4.305401867590961 
967 4.24341939015908 
968 4.312091559628341 
969 4.28150135834264 
970 4.3704058695687005 
971 4.27426559696716 
972 4.34099781834404 
973 4.2968687026738 
974 4.42347822229082 
975 4.32593306480252 
976 4.48876029140672 
977 4.3670993576171595 
978 4.4505489771354805 
979 4.22623347331122 
980 4.33939430952162 
981 4.182850381067199 
982 4.28599129211116 
983 4.04295286459538 
984 4.11432107567842 
985 3.90041854235974 
986 4.06588550204706 
987 3.78189019312086 
988 3.98041199657792 
989 3.80666327717296 
990 3.97874672627992 
991 3.6757213730029 
992 3.8509613052636 
993 3.6956937520224797 
994 3.8172059046525 
995 3.83822807425812 
996 3.7410027012832003 
997 3.84372390346872 
998 3.7298528128216 
999 3.88818301073146 
1000 3.7840946993909803 
1001 3.9554492782458 
1002 3.8333905086275 
1003 3.9211448901584602 
1004 3.8583103719564797 
1005 3.8739829375245 
1006 3.7848682254707198 
1007 3.86813025186812 
1008 3.81903093456028 
1009 3.8171797840765995 
1010 3.80960133804174 
1011 3.85841176716668 
1012 4.0485875900813 
1013 4.10397281773776 
1014 4.11401266325856 
1015 4.12037729013762 
1016 3.9978887454609597 
1017 4.301753505018381 
1018 3.9892827196268 
1019 4.5602770082599395 
1020 4.00468752030082 
1021 4.57325820699572 
1022 4.05427947520596 
1023 4.61393167333722 
1024 4.1753546322355595 
1025 4.5640635257287006 
1026 4.23805039025452 
1027 4.38118320047878 
1028 4.2478004879602 
1029 4.34258912590646 
1030 4.18536504765894 
1031 4.52505869114784 
1032 4.10792218771218 
1033 4.49090159364466 
1034 4.10792218771218 
1035 4.34656649577944 
1036 4.17530476634392 
1037 4.3282155533401 
1038 4.0863571843489 
1039 4.32896654810946 
1040 4.05926612298278 
1041 4.3408081504366205 
1042 4.13670898292954 
1043 4.231214740815 
1044 4.01313318082154 
1045 4.34742214062296 
1046 4.21056138413746 
1047 4.46169079811176 
1048 4.41946340199594 
1049 4.4770005043396 
1050 4.6262754178072 
1051 4.51053355677488 
1052 4.6262754178072 
1053 4.424345732427421 
1054 4.3861439404524605 
1055 4.43274342762908 
1056 4.50971974256046 
1057 4.43896473545178 
1058 4.39905689711296 
1059 4.43896473545178 
1060 4.263910576850661 
1061 4.43896473545178 
1062 4.19074439568572 
1063 4.4358077974043395 
1064 4.180237709156421 
1065 4.49514634220612 
1066 4.24483538637178 
1067 4.4551571255494995 
1068 4.22822516947656 
1069 4.38861049221636 
1070 4.18421987031938 
1071 4.28832673046138 
1072 4.2090600157365206 
1073 4.18334460964492 
1074 4.09952345921482 
1075 4.15998366930298 
1076 4.080570294753199 
1077 4.08321353871792 
1078 4.01953496032668 
1079 4.14976017205106 
1080 3.9977941623736397 
1081 3.95049740175144 
1082 3.69884648414486 
1083 4.06010127483744 
1084 3.81888972719588 
1085 3.95023795163886 
1086 3.74051518281874 
1087 3.95023795163886 
1088 3.83617735067264 
1089 3.87892149664792 
1090 3.7201927562534203 
1091 4.05420166993854 
1092 3.9840901565189597 
1093 4.10790179151532 
1094 3.96205008111 
1095 4.22144920050918 
1096 4.17840679698054 
1097 4.22144920050918 
1098 4.1180512251571795 
1099 4.2220118250151 
1100 4.17472118146842 
1101 4.34627818377908 
1102 4.0469293097343195 
1103 4.28081694416954 
1104 3.83551809631786 
1105 3.9737385195172203 
1106 3.76915415598474 
1107 4.11132790059658 
1108 3.9121152915768596 
1109 3.9930139662914597 
1110 3.74433735784782 
1111 3.9930139662914597 
1112 3.76261277236656 
1113 4.13866308202526 
1114 3.996064061192 
1115 4.23212772470104 
1116 4.05633964456974 
1117 4.5084267673338605 
1118 4.2199860707939 
1119 4.4682583077071 
1120 4.18395997256056 
1121 4.2816255251472395 
1122 4.18395997256056 
1123 4.13431158235758 
1124 4.2108000949184206 
1125 4.344304361820059 
1126 4.1769306722996395 
1127 4.260413187485399 
1128 4.07434060260054 
1129 4.18250979318782 
1130 4.0508667789237 
1131 4.1861307957019 
1132 4.22392514227984 
1133 4.1423233697906 
1134 4.1089743913965995 
1135 4.14896671193136 
1136 4.1193674124266995 
1137 4.1441434568834605 
1138 4.2121083368978 
1139 4.1589069622668395 
1140 4.28320531436964 
1141 4.18233497348524 
1142 4.4019755808836 
1143 4.1706545708510605 
1144 4.37260571396122 
1145 4.13215771450526 
1146 4.31989245721492 
1147 4.172008001697639 
1148 4.25655882346528 
1149 4.20838498360472 
1150 4.280140515707339 
1151 4.1276229105776405 
1152 4.12774254017836 
1153 3.9480069663842996 
1154 4.04763373586644 
1155 3.91596703921702 
1156 3.9769722491263204 
1157 3.8044698334027 
1158 3.83277824515926 
1159 3.7788002613389997 
1160 3.84139528973076 
1161 3.8999886334297202 
1162 3.9899737496290397 
1163 3.9272841855521596 
1164 3.90121963513606 
1165 3.8676273346977 
1166 3.79611121335778 
1167 3.8275049998288404 
1168 3.8967036362084797 
1169 3.71179471860208 
1170 3.6915052595595 
1171 3.6216811317623803 
1172 3.47890861184372 
1173 3.86572891306718 
1174 3.82499101816068 
1175 3.88139221539966 
1176 3.8218715445646603 
1177 3.7969812664269598 
1178 3.6773029673485604 
1179 3.9049054886142995 
1180 3.77117774489626 
1181 3.94776553337474 
1182 3.85381810200262 
1183 3.8192389444869397 
1184 3.8685350986648404 
1185 3.86052062431026 
1186 3.91384044228474 
1187 3.9424635731168403 
1188 3.9960923092493 
1189 4.07275506167172 
1190 4.14449409126662 
1191 4.12462605944884 
1192 4.27445038187604 
1193 4.25315264833666 
1194 4.19314155940576 
1195 4.38702491459756 
1196 4.24825313327534 
1197 4.26991738768474 
1198 4.16421804672098 
1199 4.1589980048486 
1200 4.0979812895281 
1201 4.1589980048486 
1202 4.19190068998462 
1203 4.15773250978016 
1204 4.19190068998462 
1205 4.13249040170996 
1206 4.26664371543942 
1207 4.18928835772284 
1208 4.25950311992454 
1209 4.2381262183703 
1210 4.26419432752444 
1211 4.16657597126886 
1212 4.1180844126947 
1213 3.9434296904761 
1214 4.07870831327892 
1215 3.9454530916795 
1216 4.10371944858848 
1217 3.8710963399972202 
1218 4.2159798366831 
1219 4.03769641736364 
1220 4.19173914029492 
1221 3.9992242552762796 
1222 4.17096515591226 
1223 3.9790388688377596 
1224 4.16451004084342 
1225 3.8924983266169795 
1226 4.0374340123791 
1227 3.7884075882808803 
1228 4.02268395403594 
1229 3.809107335419 
1230 3.99384700268414 
1231 3.91128121779034 
1232 4.09342421214452 
1233 3.87398388798324 
1234 4.02995415743828 
1235 3.92079902232338 
1236 3.9398062762657404 
1237 3.9813936094259397 
1238 3.92862326093028 
1239 3.90423465078576 
1240 4.00680502972486 
1241 3.91972444414372 
1242 4.1168692005789405 
1243 3.95214856044844 
1244 4.1798489155067795 
1245 3.8881225860554998 
1246 4.0690565325987595 
1247 3.8881225860554998 
1248 4.09498960627736 
1249 3.73674683122952 
1250 3.8612358960697 
1251 3.7327444118663005 
1252 3.78090086249522 
1253 3.99673424352466 
1254 3.7980387161389997 
1255 3.99673424352466 
1256 3.7813368973007 
1257 4.105128225072621 
