0 18.5 
1 3.5 
2 18.5 
3 3.5 
4 16.5 
5 3.5 
6 16.5 
7 3.5 
8 16.5 
9 3.5 
10 16.5 
11 18.5 
12 16.5 
13 18.5 
14 16.5 
15 18.5 
16 16.5 
17 18.5 
18 16.5 
19 18.5 
20 16.5 
21 18.5 
22 16.5 
23 16.5 
24 16.5 
25 16.5 
26 15.5 
27 16.5 
28 15.5 
29 16.5 
30 16.5 
31 16.5 
32 16.5 
33 16.5 
34 16.5 
35 16.5 
36 16.5 
37 16.5 
38 16.5 
39 16.5 
40 16.5 
41 16.5 
42 18.5 
43 16.5 
44 18.5 
45 16.5 
46 18.5 
47 16.5 
48 18.5 
49 16.5 
50 16.5 
51 1.5 
52 16.5 
53 1.5 
54 16.5 
55 3.5 
56 16.5 
57 3.5 
58 16.5 
59 3.5 
60 16.5 
61 3.5 
62 16.5 
63 3.5 
64 16.5 
65 3.5 
66 16.5 
67 16.5 
68 16.5 
69 16.5 
70 16.5 
71 16.5 
72 16.5 
73 16.5 
74 16.5 
75 16.5 
76 16.5 
77 16.5 
78 16.5 
79 16.5 
80 16.5 
81 16.5 
82 16.5 
83 16.5 
84 16.5 
85 16.5 
86 16.5 
87 16.5 
88 16.5 
89 16.5 
90 16.5 
91 16.5 
92 16.5 
93 16.5 
94 16.5 
95 18.5 
96 16.5 
97 18.5 
98 16.5 
99 18.5 
100 16.5 
101 18.5 
102 16.5 
103 18.5 
104 16.5 
105 18.5 
106 16.5 
107 16.5 
108 16.5 
109 16.5 
110 16.5 
111 16.5 
112 16.5 
113 18.5 
114 16.5 
115 18.5 
116 16.5 
117 18.5 
118 16.5 
119 18.5 
120 16.5 
121 18.5 
122 16.5 
123 18.5 
124 16.5 
125 18.5 
126 16.5 
127 18.5 
128 16.5 
129 18.5 
130 16.5 
131 18.5 
132 16.5 
133 16.5 
134 16.5 
135 16.5 
136 16.5 
137 16.5 
138 16.5 
139 16.5 
140 16.5 
141 16.5 
142 16.5 
143 16.5 
144 16.5 
145 16.5 
146 16.5 
147 16.5 
148 16.5 
149 18.5 
150 16.5 
151 18.5 
152 16.5 
153 18.5 
154 16.5 
155 18.5 
156 16.5 
157 18.5 
158 16.5 
159 16.5 
160 16.5 
161 16.5 
162 16.5 
163 16.5 
164 15.5 
165 18.5 
166 15.5 
167 18.5 
168 16.5 
169 18.5 
170 18.5 
171 18.5 
172 18.5 
173 3.5 
174 18.5 
175 3.5 
176 18.5 
177 3.5 
178 18.5 
179 3.5 
180 18.5 
181 3.5 
182 18.5 
183 3.5 
184 18.5 
185 3.5 
186 18.5 
187 3.5 
188 18.5 
189 18.5 
190 18.5 
191 18.5 
192 18.5 
193 18.5 
194 18.5 
195 16.5 
196 18.5 
197 16.5 
198 18.5 
199 16.5 
200 18.5 
201 16.5 
202 18.5 
203 16.5 
204 18.5 
205 16.5 
206 18.5 
207 16.5 
208 18.5 
209 16.5 
210 18.5 
211 16.5 
212 3.5 
213 16.5 
214 3.5 
215 16.5 
216 3.5 
217 16.5 
218 3.5 
219 16.5 
220 3.5 
221 16.5 
222 18.5 
223 16.5 
224 18.5 
225 16.5 
226 18.5 
227 16.5 
228 18.5 
229 16.5 
230 18.5 
231 16.5 
232 18.5 
233 16.5 
234 18.5 
235 16.5 
236 18.5 
237 16.5 
238 18.5 
239 16.5 
240 18.5 
241 16.5 
242 18.5 
243 16.5 
244 18.5 
245 16.5 
246 18.5 
247 16.5 
248 18.5 
249 16.5 
250 18.5 
251 16.5 
252 18.5 
253 16.5 
254 18.5 
255 16.5 
256 18.5 
257 16.5 
258 18.5 
259 16.5 
260 18.5 
261 16.5 
262 18.5 
263 16.5 
264 18.5 
265 16.5 
266 18.5 
267 16.5 
268 18.5 
269 16.5 
270 18.5 
271 16.5 
272 18.5 
273 16.5 
274 18.5 
275 16.5 
276 18.5 
277 16.5 
278 18.5 
279 16.5 
280 18.5 
281 16.5 
282 18.5 
283 16.5 
284 18.5 
285 16.5 
286 16.5 
287 16.5 
288 16.5 
289 16.5 
290 16.5 
291 16.5 
292 16.5 
293 16.5 
294 16.5 
295 16.5 
296 16.5 
297 16.5 
298 16.5 
299 16.5 
300 16.5 
301 16.5 
302 16.5 
303 16.5 
304 16.5 
305 16.5 
306 18.5 
307 16.5 
308 18.5 
309 16.5 
310 18.5 
311 16.5 
312 18.5 
313 16.5 
314 18.5 
315 16.5 
316 18.5 
317 16.5 
318 18.5 
319 16.5 
320 18.5 
321 16.5 
322 18.5 
323 16.5 
324 18.5 
325 16.5 
326 18.5 
327 16.5 
328 18.5 
329 16.5 
330 18.5 
331 16.5 
332 18.5 
333 16.5 
334 18.5 
335 16.5 
336 18.5 
337 16.5 
338 18.5 
339 16.5 
340 18.5 
341 16.5 
342 18.5 
343 16.5 
344 18.5 
345 16.5 
346 18.5 
347 16.5 
348 18.5 
349 16.5 
350 18.5 
351 16.5 
352 18.5 
353 16.5 
354 18.5 
355 16.5 
356 18.5 
357 16.5 
358 18.5 
359 16.5 
360 18.5 
361 16.5 
362 18.5 
363 16.5 
364 18.5 
365 16.5 
366 18.5 
367 18.5 
368 18.5 
369 18.5 
370 18.5 
371 18.5 
372 18.5 
373 18.5 
374 18.5 
375 18.5 
376 18.5 
377 18.5 
378 18.5 
379 18.5 
380 18.5 
381 18.5 
382 18.5 
383 18.5 
384 18.5 
385 18.5 
386 18.5 
387 18.5 
388 18.5 
389 18.5 
390 18.5 
391 18.5 
392 18.5 
393 18.5 
394 18.5 
395 18.5 
396 18.5 
397 16.5 
398 18.5 
399 16.5 
400 18.5 
401 16.5 
402 18.5 
403 15.5 
404 18.5 
405 15.5 
406 18.5 
407 15.5 
408 18.5 
409 15.5 
410 18.5 
411 15.5 
412 18.5 
413 15.5 
414 18.5 
415 15.5 
416 18.5 
417 15.5 
418 18.5 
419 15.5 
420 18.5 
421 15.5 
422 18.5 
423 15.5 
424 18.5 
425 15.5 
426 18.5 
427 16.5 
428 16.5 
429 16.5 
430 16.5 
431 16.5 
432 16.5 
433 16.5 
434 16.5 
435 16.5 
436 16.5 
437 16.5 
438 16.5 
439 16.5 
440 16.5 
441 16.5 
442 16.5 
443 16.5 
444 16.5 
445 16.5 
446 16.5 
447 16.5 
448 16.5 
449 16.5 
450 16.5 
451 16.5 
452 16.5 
453 16.5 
454 16.5 
455 16.5 
456 16.5 
457 16.5 
458 16.5 
459 16.5 
460 16.5 
461 16.5 
462 16.5 
463 16.5 
464 16.5 
465 16.5 
466 16.5 
467 16.5 
468 16.5 
469 16.5 
470 16.5 
471 16.5 
472 16.5 
473 16.5 
474 16.5 
475 16.5 
476 16.5 
477 16.5 
478 16.5 
479 16.5 
480 16.5 
481 16.5 
482 16.5 
483 16.5 
484 16.5 
485 16.5 
486 16.5 
487 16.5 
488 16.5 
489 16.5 
490 16.5 
491 16.5 
492 16.5 
493 16.5 
494 16.5 
495 16.5 
496 16.5 
497 16.5 
498 16.5 
499 16.5 
500 16.5 
501 16.5 
502 16.5 
503 16.5 
504 16.5 
505 16.5 
506 16.5 
507 16.5 
508 16.5 
509 16.5 
510 16.5 
511 16.5 
512 16.5 
513 16.5 
514 16.5 
515 16.5 
516 16.5 
517 16.5 
518 16.5 
519 16.5 
520 16.5 
521 16.5 
522 16.5 
523 16.5 
524 16.5 
525 16.5 
526 16.5 
527 16.5 
528 16.5 
529 16.5 
530 16.5 
531 16.5 
532 16.5 
533 16.5 
534 16.5 
535 16.5 
536 16.5 
537 16.5 
538 16.5 
539 16.5 
540 16.5 
541 16.5 
542 16.5 
543 16.5 
544 16.5 
545 16.5 
546 16.5 
547 16.5 
548 16.5 
549 16.5 
550 16.5 
551 16.5 
552 16.5 
553 16.5 
554 16.5 
555 16.5 
556 16.5 
557 16.5 
558 16.5 
559 16.5 
560 16.5 
561 16.5 
562 16.5 
563 16.5 
564 16.5 
565 16.5 
566 16.5 
567 16.5 
568 16.5 
569 16.5 
570 16.5 
571 16.5 
572 16.5 
573 16.5 
574 16.5 
575 16.5 
576 16.5 
577 16.5 
578 16.5 
579 16.5 
580 16.5 
581 16.5 
582 16.5 
583 16.5 
584 16.5 
585 16.5 
586 16.5 
587 16.5 
588 16.5 
589 16.5 
590 16.5 
591 16.5 
592 16.5 
593 16.5 
594 16.5 
595 16.5 
596 16.5 
597 16.5 
598 16.5 
599 16.5 
600 16.5 
601 16.5 
602 16.5 
603 16.5 
604 16.5 
605 16.5 
606 16.5 
607 16.5 
608 16.5 
609 16.5 
610 16.5 
611 16.5 
612 16.5 
613 16.5 
614 16.5 
615 16.5 
616 16.5 
617 16.5 
618 16.5 
619 16.5 
620 16.5 
621 16.5 
622 16.5 
623 16.5 
624 16.5 
625 16.5 
626 16.5 
627 16.5 
628 16.5 
629 16.5 
630 16.5 
631 16.5 
632 16.5 
633 16.5 
634 16.5 
635 16.5 
636 16.5 
637 16.5 
638 16.5 
639 16.5 
640 16.5 
641 16.5 
642 16.5 
643 16.5 
644 16.5 
645 16.5 
646 16.5 
647 16.5 
648 16.5 
649 16.5 
650 16.5 
651 16.5 
652 16.5 
653 16.5 
654 16.5 
655 16.5 
656 16.5 
657 16.5 
658 16.5 
659 16.5 
660 16.5 
661 16.5 
662 16.5 
663 16.5 
664 16.5 
665 16.5 
666 16.5 
667 16.5 
668 16.5 
669 16.5 
670 16.5 
671 16.5 
672 16.5 
673 16.5 
674 16.5 
675 16.5 
676 16.5 
677 16.5 
678 16.5 
679 16.5 
680 16.5 
681 16.5 
682 16.5 
683 16.5 
684 16.5 
685 16.5 
686 16.5 
687 16.5 
688 16.5 
689 16.5 
690 16.5 
691 16.5 
692 16.5 
693 16.5 
694 16.5 
695 16.5 
696 16.5 
697 16.5 
698 16.5 
699 16.5 
700 16.5 
701 16.5 
702 16.5 
703 16.5 
704 16.5 
705 16.5 
706 16.5 
707 16.5 
708 16.5 
709 16.5 
710 16.5 
711 16.5 
712 16.5 
713 16.5 
714 16.5 
715 16.5 
716 16.5 
717 16.5 
718 16.5 
719 16.5 
720 16.5 
721 16.5 
722 16.5 
723 16.5 
724 16.5 
725 16.5 
726 16.5 
727 16.5 
728 16.5 
729 16.5 
730 16.5 
731 16.5 
732 16.5 
733 16.5 
734 16.5 
735 16.5 
736 16.5 
737 16.5 
738 16.5 
739 16.5 
740 16.5 
741 16.5 
742 16.5 
743 16.5 
744 16.5 
745 16.5 
746 16.5 
747 16.5 
748 16.5 
749 16.5 
750 16.5 
751 16.5 
752 1.5 
753 16.5 
754 1.5 
755 16.5 
756 3.5 
757 16.5 
758 3.5 
759 16.5 
760 3.5 
761 16.5 
762 3.5 
763 16.5 
764 3.5 
765 16.5 
766 3.5 
767 16.5 
768 3.5 
769 16.5 
770 3.5 
771 16.5 
772 3.5 
773 16.5 
774 3.5 
775 16.5 
776 3.5 
777 16.5 
778 18.5 
779 16.5 
780 18.5 
781 16.5 
782 18.5 
783 16.5 
784 18.5 
785 16.5 
786 18.5 
787 16.5 
788 18.5 
789 16.5 
790 18.5 
791 16.5 
792 18.5 
793 16.5 
794 18.5 
795 16.5 
796 16.5 
797 16.5 
798 16.5 
799 16.5 
800 16.5 
801 16.5 
802 16.5 
803 16.5 
804 16.5 
805 16.5 
806 16.5 
807 16.5 
808 16.5 
809 16.5 
810 16.5 
811 16.5 
812 16.5 
813 18.5 
814 16.5 
815 18.5 
816 16.5 
817 18.5 
818 16.5 
819 18.5 
820 16.5 
821 18.5 
822 16.5 
823 18.5 
824 16.5 
825 18.5 
826 16.5 
827 18.5 
828 16.5 
829 18.5 
830 16.5 
831 18.5 
832 16.5 
833 18.5 
834 16.5 
835 18.5 
836 16.5 
837 18.5 
838 16.5 
839 18.5 
840 16.5 
841 18.5 
842 16.5 
843 18.5 
844 16.5 
845 18.5 
846 16.5 
847 18.5 
848 16.5 
849 18.5 
850 16.5 
851 18.5 
852 16.5 
853 18.5 
854 16.5 
855 18.5 
856 16.5 
857 18.5 
858 16.5 
859 18.5 
860 16.5 
861 18.5 
862 16.5 
863 18.5 
864 16.5 
865 18.5 
866 16.5 
867 18.5 
868 16.5 
869 18.5 
870 16.5 
871 18.5 
872 16.5 
873 18.5 
874 16.5 
875 18.5 
876 16.5 
877 18.5 
878 16.5 
879 18.5 
880 16.5 
881 18.5 
882 16.5 
883 18.5 
884 16.5 
885 18.5 
886 16.5 
887 18.5 
888 16.5 
889 18.5 
890 16.5 
891 18.5 
892 16.5 
893 18.5 
894 16.5 
895 18.5 
896 16.5 
897 18.5 
898 16.5 
899 18.5 
900 16.5 
901 18.5 
902 16.5 
903 18.5 
904 16.5 
905 18.5 
906 16.5 
907 18.5 
908 16.5 
909 18.5 
910 16.5 
911 18.5 
912 16.5 
913 18.5 
914 16.5 
915 18.5 
916 16.5 
917 18.5 
918 16.5 
919 18.5 
920 16.5 
921 18.5 
922 16.5 
923 18.5 
924 16.5 
925 18.5 
926 16.5 
927 18.5 
928 16.5 
929 18.5 
930 16.5 
931 18.5 
932 16.5 
933 18.5 
934 16.5 
935 18.5 
936 16.5 
937 18.5 
938 16.5 
939 18.5 
940 16.5 
941 18.5 
942 16.5 
943 18.5 
944 16.5 
945 18.5 
946 16.5 
947 18.5 
948 16.5 
949 18.5 
950 16.5 
951 18.5 
952 16.5 
953 18.5 
954 16.5 
955 18.5 
956 16.5 
957 18.5 
958 16.5 
959 18.5 
960 16.5 
961 18.5 
962 16.5 
963 18.5 
964 16.5 
965 18.5 
966 16.5 
967 18.5 
968 16.5 
969 18.5 
970 16.5 
971 18.5 
972 16.5 
973 18.5 
974 16.5 
975 18.5 
976 16.5 
977 18.5 
978 16.5 
979 18.5 
980 16.5 
981 18.5 
982 16.5 
983 18.5 
984 16.5 
985 18.5 
986 16.5 
987 18.5 
988 16.5 
989 18.5 
990 16.5 
991 18.5 
992 16.5 
993 16.5 
994 16.5 
995 16.5 
996 16.5 
997 16.5 
998 16.5 
999 16.5 
1000 16.5 
1001 16.5 
1002 16.5 
1003 16.5 
1004 16.5 
1005 16.5 
1006 16.5 
1007 16.5 
1008 16.5 
1009 16.5 
1010 16.5 
1011 16.5 
1012 16.5 
1013 16.5 
1014 16.5 
1015 16.5 
1016 16.5 
1017 16.5 
1018 18.5 
1019 16.5 
1020 18.5 
1021 16.5 
1022 18.5 
1023 16.5 
1024 18.5 
1025 16.5 
1026 18.5 
1027 16.5 
1028 18.5 
1029 16.5 
1030 16.5 
1031 16.5 
1032 16.5 
1033 16.5 
1034 16.5 
1035 16.5 
1036 18.5 
1037 16.5 
1038 18.5 
1039 16.5 
1040 18.5 
1041 16.5 
1042 18.5 
1043 16.5 
1044 18.5 
1045 16.5 
1046 18.5 
1047 16.5 
1048 18.5 
1049 16.5 
1050 18.5 
1051 16.5 
1052 18.5 
1053 16.5 
1054 18.5 
1055 16.5 
1056 18.5 
1057 16.5 
1058 18.5 
1059 16.5 
1060 18.5 
1061 16.5 
1062 18.5 
1063 16.5 
1064 18.5 
1065 16.5 
1066 18.5 
1067 16.5 
1068 16.5 
1069 16.5 
1070 16.5 
1071 16.5 
1072 16.5 
1073 16.5 
1074 16.5 
1075 16.5 
1076 16.5 
1077 16.5 
1078 16.5 
1079 16.5 
1080 16.5 
1081 16.5 
1082 16.5 
1083 16.5 
1084 16.5 
1085 16.5 
1086 16.5 
1087 16.5 
1088 16.5 
1089 16.5 
1090 16.5 
1091 16.5 
1092 16.5 
1093 16.5 
1094 16.5 
1095 16.5 
1096 16.5 
1097 16.5 
1098 16.5 
1099 16.5 
1100 16.5 
1101 18.5 
1102 16.5 
1103 18.5 
1104 16.5 
1105 18.5 
1106 16.5 
1107 18.5 
1108 16.5 
1109 18.5 
1110 16.5 
1111 18.5 
1112 16.5 
1113 18.5 
1114 16.5 
1115 18.5 
1116 16.5 
1117 18.5 
1118 16.5 
1119 18.5 
1120 16.5 
1121 18.5 
1122 16.5 
1123 18.5 
1124 16.5 
1125 18.5 
1126 16.5 
1127 18.5 
1128 16.5 
1129 18.5 
1130 16.5 
1131 18.5 
1132 16.5 
1133 18.5 
1134 16.5 
1135 18.5 
1136 16.5 
1137 18.5 
1138 16.5 
1139 18.5 
1140 16.5 
1141 18.5 
1142 16.5 
1143 18.5 
1144 16.5 
1145 18.5 
1146 16.5 
1147 18.5 
1148 16.5 
1149 18.5 
1150 16.5 
1151 18.5 
1152 16.5 
1153 18.5 
1154 16.5 
1155 18.5 
1156 16.5 
1157 18.5 
1158 16.5 
1159 18.5 
1160 16.5 
1161 18.5 
1162 16.5 
1163 18.5 
1164 16.5 
1165 18.5 
1166 16.5 
1167 18.5 
1168 16.5 
1169 18.5 
1170 16.5 
1171 18.5 
1172 16.5 
1173 18.5 
1174 16.5 
1175 18.5 
1176 16.5 
1177 18.5 
1178 16.5 
1179 16.5 
1180 16.5 
1181 18.5 
1182 16.5 
1183 18.5 
1184 16.5 
1185 18.5 
1186 16.5 
1187 18.5 
1188 16.5 
1189 18.5 
1190 16.5 
1191 18.5 
1192 16.5 
1193 18.5 
1194 16.5 
1195 18.5 
1196 16.5 
1197 18.5 
1198 16.5 
1199 18.5 
1200 16.5 
1201 18.5 
1202 16.5 
1203 18.5 
1204 16.5 
1205 18.5 
1206 16.5 
1207 18.5 
1208 16.5 
1209 16.5 
1210 16.5 
1211 18.5 
1212 18.5 
1213 18.5 
1214 18.5 
1215 18.5 
1216 18.5 
1217 18.5 
1218 18.5 
1219 18.5 
1220 18.5 
1221 18.5 
1222 18.5 
1223 18.5 
1224 18.5 
1225 18.5 
1226 18.5 
1227 18.5 
1228 18.5 
1229 18.5 
1230 18.5 
1231 18.5 
1232 18.5 
1233 18.5 
1234 18.5 
1235 18.5 
1236 18.5 
1237 18.5 
1238 18.5 
1239 18.5 
1240 18.5 
1241 18.5 
1242 18.5 
1243 18.5 
1244 18.5 
1245 18.5 
1246 18.5 
1247 18.5 
1248 18.5 
1249 16.5 
1250 18.5 
1251 16.5 
1252 18.5 
1253 16.5 
1254 18.5 
1255 16.5 
1256 18.5 
1257 16.5 
