0 3.8871971138410784 
1 3.600370994140593 
2 4.890840405805941 
3 3.2996291376904567 
4 3.7157769980529887 
5 3.6127083135316616 
6 3.9740917546713654 
7 4.025677307153872 
8 3.783970131226547 
9 4.341836654086406 
10 4.374198345765778 
11 4.378538156642478 
12 3.4283537196922533 
13 3.5857304218565713 
14 2.907329554738028 
15 3.156299714085534 
16 2.310159695330502 
17 2.4886226972355074 
18 4.810349934988459 
19 3.4496262207696615 
20 3.899246370437053 
21 3.1306492614877515 
22 2.947621522512417 
23 3.1667342686415645 
24 3.219180667778045 
25 3.4410357998940633 
26 4.250544518707157 
27 3.584792683631458 
28 4.477327319275303 
29 2.956122702673115 
30 3.637515454717661 
31 3.2696262838857524 
32 3.7373796169496103 
33 3.5361792084208705 
34 4.032087607803342 
35 3.301729956514438 
36 4.551839698280952 
37 3.7739580440258655 
38 3.432856696912986 
39 3.2015350551378727 
40 3.537581999994127 
41 4.85 
42 2.8808717189977244 
43 4.85 
44 4.85 
45 3.3486792141671757 
46 4.969311659277911 
47 3.83257709869376 
48 4.020329311472367 
49 4.473946618450568 
50 4.546280039486892 
51 3.5211707343681016 
52 4.013873731507852 
53 3.3165723335362283 
54 3.5951826578684067 
55 3.278939410196597 
56 2.9781820304539446 
57 3.6459687214698757 
58 3.8943457410362248 
59 3.2558512931330035 
60 4.809373708653074 
61 3.5878814035305635 
62 4.051231550384541 
63 3.935284370407551 
64 3.582792190531937 
65 4.160877592966246 
66 2.742445934701328 
67 3.485971166463662 
68 3.761256187090537 
69 4.498921190376756 
70 3.942330991335896 
71 4.348141144187711 
72 3.3607552466371065 
73 3.250135832042667 
74 4.85 
75 4.379472130885209 
76 4.702498609534962 
77 4.827102075316266 
78 3.9205488729926623 
79 4.484378670227067 
80 4.85 
81 4.571710735317605 
82 4.85 
83 3.6895385226108166 
84 3.8489341834868864 
85 3.34215709197627 
86 3.4216695865917166 
87 4.85 
88 4.85 
89 4.85 
90 4.274461599702262 
91 4.85 
92 3.9317126979331154 
93 4.536546854446005 
94 4.414835799098558 
95 3.8233865259732505 
96 4.952347249631039 
97 3.9968188917622216 
98 3.961148349840906 
99 3.5789781698203185 
100 3.897802866573432 
101 3.6810278411009714 
102 4.326759224157558 
103 3.0934706571808377 
104 4.435767890379932 
105 4.029820577146213 
106 3.4566571859811255 
107 2.905448826370332 
108 4.85 
109 3.6701407982230174 
110 3.7167684063399236 
111 3.6586417954241246 
112 3.262379272502275 
113 3.5399865801550896 
114 3.359209742759999 
115 4.429927618799349 
116 3.6345845252446627 
117 3.4637322644974433 
118 3.7101737009288254 
119 3.2206875401766744 
120 3.710963110481876 
121 4.021972224135864 
122 3.550907654157254 
123 3.2397664106649944 
124 3.3955120417756035 
125 3.512330643714511 
126 3.6112294062065247 
127 3.7130590154242196 
128 3.125354422735204 
129 3.39158352737046 
130 3.416481781130752 
131 3.6194863133244124 
132 3.4242516444464335 
133 3.8961943815862763 
134 3.6146249059327626 
135 4.85 
136 4.169678399249088 
137 4.819986771342897 
138 4.474245708225707 
139 4.85 
140 4.389272445190287 
141 4.85 
142 4.474245708225707 
143 4.85 
144 4.389272445190287 
145 4.85 
146 4.371139738141086 
147 4.16729376383696 
148 3.364219730624721 
149 4.85 
150 3.3688051390239266 
151 4.301407599133781 
152 4.302648598835838 
153 4.394395851983139 
154 3.3837432746560454 
155 4.85 
156 3.773997958518186 
157 4.9708648835795115 
158 3.1850365458195853 
159 4.35489911661269 
160 3.6007065680384276 
161 4.912243165968562 
162 3.9056263662281174 
163 3.8519034671601258 
164 4.743734422979752 
165 4.208427039955514 
166 3.2489483947050384 
167 4.086072081946601 
168 3.9004731806827913 
169 3.549018974045147 
170 4.85 
171 3.5074454359484655 
172 3.9289764007119032 
173 3.8962152428576484 
174 3.7392238423182618 
175 3.2754618261075747 
176 3.88402500738923 
177 3.4709621826196972 
178 4.931324835476405 
179 3.0658769026936836 
180 3.4053893880230053 
181 3.622245364404935 
182 3.8038480670242274 
183 4.250512487335129 
184 4.85 
185 4.352326482053053 
186 4.02327215409824 
187 4.012847075000708 
188 4.39908733318111 
189 3.7697565975301046 
190 3.9002059924563723 
191 2.9654283742128547 
192 4.85 
193 2.9753539496693313 
194 4.113753372436729 
195 3.8240080182637555 
196 4.568596656827182 
197 3.1786618239004163 
198 4.299104643753754 
199 3.78592916168166 
200 4.85 
201 3.1888890329293194 
202 4.0955601667172905 
203 2.949553633324039 
204 4.64076781685451 
205 3.9588405120788734 
206 4.822177539271601 
207 3.1038612342441763 
208 4.103972420949746 
209 3.0816448330556483 
210 4.597477311981999 
211 3.0937175175997744 
212 4.505229253645118 
213 2.7123287283178668 
214 4.10451733463648 
215 3.280340081577745 
216 4.446160057986208 
217 3.48252338575473 
218 3.784992350533277 
219 3.198759292359233 
220 4.266197385977251 
221 3.816704805253438 
222 4.183246430797693 
223 3.540448489562001 
224 3.4109093747051444 
225 3.1202971663907055 
226 2.967967503790103 
227 2.7650591868240486 
228 3.465070922295722 
229 3.1637165715229814 
230 3.9786115965198907 
231 3.4111979456508936 
232 3.847608110593989 
233 2.930162973130586 
234 4.52978113116704 
235 3.28220257424347 
236 4.85 
237 2.4578296970407245 
238 4.85 
239 3.385182929774762 
240 4.85 
241 2.9532915304742127 
242 3.958395911130066 
243 3.638405884935384 
244 4.375244939641086 
245 3.191868680293733 
246 4.8248857562794765 
247 3.9536837474839803 
248 3.789554603563651 
249 3.4258138018413837 
250 4.8100297928455955 
251 3.3509405825709706 
252 3.6025353231692936 
253 3.5924136411540704 
254 4.866550009212316 
255 3.6597511243590275 
256 4.460042113437256 
257 3.037442343039311 
258 4.85 
259 3.650471735327595 
260 4.30466472395132 
261 3.388187312637658 
262 4.3184707104447595 
263 4.158508680404141 
264 3.049262141955005 
265 3.222183081284671 
266 3.1150626263712238 
267 3.5952969963235266 
268 3.1540570815202695 
269 3.746154126540984 
270 3.5877924207922085 
271 4.611350308443684 
272 3.8031078626355646 
273 3.7716932858241408 
274 3.9994681713511557 
275 3.7048113643587577 
276 3.6289794894843563 
277 3.3502992865510834 
278 2.9028765286124485 
279 3.0719934033313288 
280 4.848570703986395 
281 4.306395589828718 
282 4.858041592179497 
283 4.152008305694918 
284 3.8083415773442955 
285 3.4874373907428167 
286 3.8727113832922115 
287 4.775452582558307 
288 3.9336095634055224 
289 4.0541428703381275 
290 4.255746426379121 
291 4.058799176406352 
292 4.364032301850347 
293 3.2886709915731847 
294 4.85 
295 3.69138777114597 
296 4.026496674956282 
297 2.7712725801923286 
298 4.85 
299 4.6085811006752655 
300 4.446534135295099 
301 3.7148294890565503 
302 4.977919754691665 
303 3.7697512058568767 
304 4.399027606657817 
305 3.1690481783713946 
306 4.85 
307 3.8223788250547504 
308 2.900636723139763 
309 3.2287918739343993 
310 3.589951256930069 
311 3.834607328181601 
312 4.85 
313 4.150481505452708 
314 3.283405745928661 
315 2.9770974334254428 
316 3.229530163638599 
317 2.5703297763561084 
318 3.7553164744663103 
319 4.338680199119472 
320 4.4339936084400815 
321 3.317413016923376 
322 4.1967596170087 
323 3.504258932733306 
