0 3.5590575411055427 
1 3.587231379564696 
2 3.5135311612883413 
3 3.4418525338663697 
4 3.528576195281426 
5 3.5091486142259756 
6 4.210398377143063 
7 3.9903373719119157 
8 3.5198280592859903 
9 3.6575684163831346 
10 3.650356232220739 
11 3.8151816594594457 
12 3.096842957193112 
13 3.130211724076377 
14 3.02020234333591 
15 2.9480152584294053 
16 4.070968496686942 
17 3.458948110151224 
18 3.640461702818967 
19 3.6276430423822204 
20 3.684909025485415 
21 3.551497938311117 
22 4.282182559975001 
23 4.3009325838658885 
24 4.349413120630353 
25 4.333146661839586 
26 3.8984130244338204 
27 4.235423271806206 
28 3.576478347708082 
29 3.8269581887981228 
30 4.045973391924818 
31 3.968850419522871 
32 3.775303043460656 
33 3.6108872853360037 
34 3.881303570391104 
35 3.970529788854484 
36 4.31956268400799 
37 4.152432351523431 
38 3.7070170522387933 
39 3.781110309031977 
40 3.732424514182198 
41 3.7992956036266112 
42 3.8599309524250347 
43 3.894324414935133 
44 3.8586320348380228 
45 3.751866598684632 
46 4.03591342074654 
47 4.363639438464098 
48 3.7078247995846176 
49 3.1473066117934483 
50 3.7476146346810846 
51 3.5876721143495236 
52 4.261464071717244 
53 3.748602525254197 
54 4.209479785636749 
55 4.656681206596283 
56 4.20203066159148 
57 4.85 
58 3.9414980464173297 
59 4.023143499471148 
60 3.8242640785409594 
61 3.9958842897165203 
62 3.6409464420651445 
63 3.1713174437224723 
64 3.514716072439513 
65 3.951489289787937 
66 2.6110019390252326 
67 2.9790388904312834 
68 3.0903849206814717 
69 3.3985431883873836 
70 3.7498184367505782 
71 3.7577363323846655 
72 3.558524912900878 
73 3.5245990942046603 
74 4.216491508518263 
75 4.268115513617477 
76 4.111312097388708 
77 3.9153359532820673 
78 3.9764724643154183 
79 3.9886141002573727 
80 3.8240729820812005 
81 4.049846759939026 
82 3.8459456784128747 
83 4.26592946275118 
84 4.43003342558026 
85 3.545362747349183 
86 3.228880759995412 
87 4.045360060312455 
88 4.298440184414776 
89 3.192235905951361 
90 4.162402031376819 
91 4.189579027032222 
92 4.385686032749914 
93 4.07697304001251 
94 3.5481080812499814 
95 4.354275890857525 
96 3.776111759308611 
97 3.843814641155615 
98 4.156623775556724 
99 3.9888900786948254 
100 4.138647328977369 
101 4.273689184702183 
102 4.509090291890718 
103 3.9565473076061073 
104 4.400437886012727 
105 4.378340062753316 
106 3.8079767118350993 
107 4.39986287585941 
108 4.145414471903123 
109 3.85316105862524 
110 4.169533513813929 
111 4.3239083392005835 
112 4.559994141339459 
113 4.39434958878622 
114 3.4824324803290483 
115 3.7471972731887635 
116 4.675299420544677 
117 3.570118482545644 
118 3.915705367643401 
119 4.651419028788418 
120 3.7670725074331846 
121 4.4544889092226265 
122 3.9226164779493073 
123 4.863376667486018 
124 4.85 
125 3.8139421040189383 
126 4.348748190606246 
127 4.85 
128 4.85 
129 4.515107136418938 
130 3.889867042843351 
131 4.248172154961283 
132 4.55914513262766 
133 3.53838377233066 
134 4.85 
135 3.8911794612211166 
136 4.85 
137 4.105230290261063 
138 4.926989672862453 
139 3.765835497950858 
140 4.85 
141 4.4117750628756 
142 3.947583873183962 
143 4.475158301968668 
144 3.7709916631009386 
145 3.8676572750138374 
146 3.195099654733082 
147 3.5258682495774636 
148 3.9687897027881274 
149 3.050741391430082 
150 3.33803808466502 
151 4.147009357497477 
152 4.236398535261379 
153 3.0892885567760144 
154 3.9711857111165205 
155 4.069385994617222 
156 4.055707437023313 
157 4.063344043248793 
158 3.771310220941488 
159 4.391721674161557 
160 3.5247510812156277 
161 3.961626680708723 
162 3.9523556688124137 
163 3.591361889178885 
164 3.9807006024323326 
165 4.139323943317692 
166 4.624900203355754 
167 4.169835859865298 
168 4.364852234766681 
169 3.9486130135007533 
170 3.937118301389181 
171 3.746193358785636 
172 3.7551020853845585 
173 3.734520717593629 
174 3.0419567046975846 
175 3.855807530732541 
176 3.6623599213334868 
177 3.0841331316981377 
178 3.223722051841462 
179 3.6265067459237605 
180 3.7366016838138814 
181 3.258375928215325 
182 4.1214837084162115 
183 3.6494368301178155 
184 4.254888604765464 
185 4.151226946180404 
186 3.714431277929227 
187 4.28565261254033 
188 3.904129648608721 
189 3.9219434937727344 
190 4.002082456408915 
191 4.1763945744520194 
192 3.686565188307614 
193 4.101786782722891 
194 4.191610576837885 
195 4.034592682751962 
196 3.200212854906452 
197 4.343546142049752 
198 3.8882822758786184 
199 3.270453730076715 
200 4.171604437464217 
201 3.635250206948743 
202 3.613523228951065 
203 4.178532950413544 
204 3.6658869901659847 
205 3.83370722407613 
206 3.6851495140885326 
207 3.656176398248453 
208 3.3372153382328866 
209 3.608048698146169 
210 3.5660821995995087 
211 3.4052181416738985 
212 3.806601909911863 
213 3.71340775678619 
214 3.9731195648657684 
215 3.9149068994341856 
216 4.136661361603561 
217 4.340228131758317 
218 3.8701245753388895 
219 4.143941858961719 
220 4.02002599095074 
221 4.178972487839792 
222 3.7652221927807914 
223 4.159656872524837 
224 3.719961844555916 
225 3.727987257823506 
226 3.3799926243136422 
227 4.205525013644888 
228 3.6902170429010046 
229 4.001620928213987 
230 3.9795310651492053 
231 3.629092052429264 
232 3.110640328822582 
233 4.041319534372368 
234 3.7459627492923238 
235 3.0199927582852077 
236 3.6145115274976716 
237 3.656383774528432 
238 3.7289615360966355 
239 3.812809036510708 
240 3.5667892688204605 
241 4.040589944259973 
242 4.1464354836829465 
243 3.588090711098621 
244 3.898834095851776 
245 4.033440765109969 
246 2.8196304187565007 
247 3.604647031979549 
248 3.4158976905147087 
249 2.8646062208779823 
250 3.9731932140207626 
251 3.791851727907528 
252 3.7593076552100584 
253 3.854512472014396 
254 3.691754903302918 
255 3.7485906928934645 
256 3.8402723826454657 
257 3.9859701224949915 
258 3.785492067350633 
259 3.8090765746302675 
260 3.447727415301747 
261 4.027876258080123 
262 3.621479952765208 
263 3.484481688158126 
264 3.7974208963166136 
265 3.7474150064575302 
266 3.586363750372484 
267 3.4787592006464765 
268 4.16584486442617 
269 3.7935898795122114 
270 4.1012219313147815 
271 4.3918136516824875 
272 3.8515588855189784 
273 4.335262754570187 
274 3.4946467107546972 
275 3.7730406741794145 
276 3.3548839252139073 
277 4.158752622830941 
278 3.33215075556197 
279 3.7422597290474884 
280 3.6951119420508847 
281 3.944009653039579 
282 3.9104798228633704 
283 3.782180317873793 
284 3.6735206690209257 
285 4.1137757136274 
286 3.6089174757091977 
287 3.9981827426612955 
288 4.048365475124308 
289 3.9056926314155214 
290 3.8143642822099673 
291 4.251683940063296 
292 3.597479615654069 
293 4.028935878363849 
294 3.8571868763464945 
295 3.5471713436340866 
296 3.1824312411574005 
297 3.9739784114558208 
298 3.9205850413228838 
299 3.401867676067642 
300 3.7750475572928552 
301 3.965559832432775 
302 3.6052356466184667 
303 3.968575942919608 
304 3.893842857435323 
305 3.5926296845578163 
306 3.6447394501326342 
307 3.9260278792108796 
308 4.016016949070103 
309 3.8419786090262895 
310 4.0686474727279345 
311 4.351772811504977 
312 3.6186112092448774 
313 4.158812063510929 
314 3.6616601449047073 
315 3.688820147500948 
316 3.7313269938179983 
317 4.21514930524586 
318 3.9649718355038654 
319 3.8733539373306405 
320 3.9712155881905726 
321 4.133891457952409 
322 3.680095677780339 
323 4.181973406436072 
324 3.596895710685758 
325 3.758525109077316 
326 3.649002333999941 
327 3.426340303764964 
328 3.846857703337046 
329 3.5989804205872904 
330 4.006449744589939 
331 3.870312164271503 
332 2.7685322634623786 
333 4.411897507839015 
334 3.169302533580434 
335 2.7459460432162937 
336 3.85086560281121 
337 3.439892130932904 
338 3.8221059657447207 
339 4.093761525769806 
340 3.09543807556109 
341 3.9651483107618533 
342 3.5118918192648763 
343 3.1370738190181258 
344 3.2044825875224623 
345 3.729919091975478 
346 3.603968908301428 
347 3.304662913338131 
348 3.828075108735498 
349 3.2331122913852592 
350 3.6416191805157463 
351 3.5982954243791387 
352 3.4749750489516 
353 3.5491665616988186 
354 3.4004077008568934 
355 3.7648278475813224 
356 3.314460359286102 
357 3.2387965764955604 
358 3.0361281424103574 
359 4.019725819073722 
360 3.623166269375365 
361 3.349454024744052 
362 3.860414562684039 
363 3.9646587719212123 
364 3.9107508661451473 
365 3.7731242102307374 
366 2.9272668255157352 
367 4.117354729280862 
368 4.550429139524445 
369 2.849862558466025 
370 4.958714659329505 
371 4.098708957154866 
372 4.06121188773627 
373 3.57841882404848 
374 3.5780596103340843 
375 3.4624274739896173 
376 3.6845836045497165 
377 3.1776913954449197 
378 2.830068429394875 
379 2.9280487960077193 
380 3.7472917822482215 
381 2.818170273332105 
382 2.9695769926380953 
383 3.4934577953232684 
384 4.2883308651759675 
385 2.7216503905108977 
386 4.789493473264597 
387 3.7315770596375155 
388 4.146983579965088 
389 3.886716019621615 
390 4.360784247910647 
391 3.910666645424629 
392 3.3583543609437427 
393 4.472211848215858 
394 4.85 
395 3.28724929954913 
396 3.7668566992174823 
397 3.0050942299241545 
398 3.607752659473838 
399 4.013667771654556 
400 3.471920986853763 
401 3.7769134123742822 
402 2.7750745314891416 
403 3.4614295235522503 
404 2.7550074823049044 
405 2.823721044150823 
406 3.293051207216098 
407 3.355605263026751 
408 4.084958437820338 
409 3.550047068454349 
410 3.805081957498964 
411 3.9877624388690265 
412 3.8154651339094916 
413 3.8731547166180555 
414 4.0900345840801915 
415 3.675934246001238 
416 4.13705874295208 
417 4.374656023747948 
418 4.185947756879578 
419 4.008984576958084 
420 3.460418031840081 
421 4.070701700363408 
422 4.22669279105295 
423 3.484048596637985 
424 4.03591417998059 
425 4.292468775872043 
426 4.157922219480498 
427 3.4466697210585506 
428 3.8153507420047768 
429 3.7257833296790595 
430 3.7146521370448182 
431 4.022948134175126 
432 3.87247638318224 
433 3.8915855565424056 
434 3.6784386435400886 
435 3.5483731364262283 
