0 2.83642361447051 
1 3.394200265338652 
2 3.484047401201239 
3 2.7144032837192116 
4 3.1274257124565925 
5 2.407175836369511 
6 2.752231770762574 
7 3.0863204865365557 
8 3.849513036864261 
9 3.583331670623824 
10 3.9259661618955586 
11 2.8728465356954214 
12 3.401900898068134 
13 3.9461667616793172 
14 4.015010526838775 
15 4.027786042460843 
16 4.363488139709246 
17 3.527665577803145 
18 3.8906917058130164 
19 2.6359999155854856 
20 3.2154665029904694 
21 3.1717778645669723 
22 3.6518716978196846 
23 3.820703172666973 
24 4.180927298926903 
25 3.305963802120378 
26 3.5831358602369616 
27 3.757809778862353 
28 4.134600571770389 
29 3.441764392795827 
30 3.7232767598075784 
31 3.0199315271784997 
32 3.2961048045067924 
33 3.384266473583372 
34 3.391206889025926 
35 2.5555465001910838 
36 3.0741891040929037 
37 4.091272875209608 
38 4.403333523545496 
39 3.360780806102132 
40 3.7216158131728756 
41 2.647917019811384 
42 3.233061068793618 
43 3.121944226239016 
44 3.470061167578236 
45 3.0110035534359927 
46 3.6592472441580255 
47 3.733261161951191 
48 4.124850932530034 
49 3.4953400922295446 
50 4.124047087128608 
51 2.961082824484186 
52 3.400291142070087 
53 3.210294361011374 
54 3.4493362703187844 
55 3.607416920309425 
56 3.7176125367043187 
57 2.088465638474135 
58 2.522384553259667 
59 3.6465673464771 
60 4.217812936860578 
61 3.60176111947563 
62 3.9535489383420903 
63 3.7584330666106416 
