0 20.0 
1 40.0 
2 20.0 
3 40.0 
4 20.0 
5 40.0 
6 20.0 
7 40.0 
8 20.0 
9 40.0 
10 20.0 
11 40.0 
12 20.0 
13 40.0 
14 20.0 
15 40.0 
16 20.0 
17 40.0 
18 20.0 
19 40.0 
20 20.0 
21 40.0 
22 20.0 
23 40.0 
24 20.0 
25 40.0 
26 20.0 
27 40.0 
28 20.0 
29 40.0 
30 20.0 
31 40.0 
32 20.0 
33 40.0 
34 20.0 
35 40.0 
36 20.0 
37 40.0 
38 20.0 
39 40.0 
40 20.0 
41 40.0 
42 20.0 
43 20.0 
44 20.0 
45 20.0 
46 20.0 
47 20.0 
48 20.0 
49 20.0 
50 20.0 
51 0.0 
52 20.0 
53 0.0 
54 20.0 
55 20.0 
56 20.0 
57 20.0 
58 20.0 
59 20.0 
60 20.0 
61 40.0 
62 20.0 
63 60.0 
64 20.0 
65 60.0 
66 20.0 
67 60.0 
68 20.0 
69 60.0 
70 20.0 
71 40.0 
72 20.0 
73 20.0 
74 20.0 
75 0.0 
76 20.0 
77 0.0 
78 20.0 
79 0.0 
80 20.0 
81 0.0 
82 20.0 
83 20.0 
84 0.0 
85 20.0 
86 0.0 
87 20.0 
88 0.0 
89 20.0 
90 20.0 
91 20.0 
92 40.0 
93 0.0 
94 40.0 
95 0.0 
96 40.0 
97 20.0 
98 40.0 
99 40.0 
100 40.0 
101 40.0 
102 40.0 
103 40.0 
104 40.0 
105 60.0 
106 40.0 
107 40.0 
108 40.0 
109 20.0 
110 60.0 
111 20.0 
112 40.0 
113 20.0 
114 40.0 
115 20.0 
116 40.0 
117 20.0 
118 20.0 
119 20.0 
120 20.0 
121 20.0 
122 40.0 
123 40.0 
124 40.0 
125 40.0 
126 60.0 
127 40.0 
128 60.0 
129 40.0 
130 40.0 
131 40.0 
132 60.0 
133 40.0 
134 40.0 
135 20.0 
136 20.0 
137 20.0 
138 20.0 
139 20.0 
140 20.0 
141 40.0 
142 40.0 
143 40.0 
144 40.0 
145 40.0 
146 40.0 
147 40.0 
148 40.0 
149 40.0 
150 40.0 
151 40.0 
152 20.0 
153 40.0 
154 20.0 
155 60.0 
156 20.0 
157 80.0 
158 20.0 
159 100.0 
160 20.0 
161 100.0 
162 20.0 
163 100.0 
164 0.0 
165 100.0 
166 0.0 
167 100.0 
168 20.0 
169 100.0 
170 20.0 
171 80.0 
172 20.0 
173 60.0 
174 20.0 
175 40.0 
176 20.0 
177 40.0 
178 20.0 
179 40.0 
180 20.0 
181 40.0 
182 20.0 
183 60.0 
184 20.0 
185 60.0 
186 20.0 
187 60.0 
188 20.0 
189 40.0 
190 20.0 
191 40.0 
192 40.0 
193 40.0 
194 40.0 
195 60.0 
196 40.0 
197 60.0 
198 40.0 
199 40.0 
200 40.0 
201 60.0 
202 40.0 
203 40.0 
204 40.0 
205 40.0 
206 40.0 
207 40.0 
208 40.0 
209 40.0 
210 40.0 
211 20.0 
212 40.0 
213 20.0 
214 40.0 
215 0.0 
216 40.0 
217 0.0 
218 40.0 
219 20.0 
220 40.0 
221 20.0 
222 40.0 
223 40.0 
224 40.0 
225 40.0 
226 40.0 
227 40.0 
228 40.0 
229 40.0 
230 40.0 
231 40.0 
232 20.0 
233 40.0 
234 40.0 
235 60.0 
236 60.0 
237 40.0 
238 60.0 
239 60.0 
240 40.0 
241 60.0 
242 60.0 
243 60.0 
244 40.0 
245 60.0 
246 40.0 
247 60.0 
248 40.0 
249 60.0 
250 40.0 
251 60.0 
252 40.0 
253 60.0 
254 60.0 
255 60.0 
256 60.0 
257 60.0 
258 60.0 
259 60.0 
260 60.0 
261 60.0 
262 60.0 
263 40.0 
264 60.0 
265 40.0 
266 60.0 
267 40.0 
268 60.0 
269 40.0 
270 60.0 
271 60.0 
272 40.0 
273 80.0 
274 40.0 
275 60.0 
276 20.0 
277 60.0 
278 20.0 
279 60.0 
280 40.0 
281 40.0 
282 40.0 
283 40.0 
284 40.0 
285 60.0 
286 60.0 
287 60.0 
288 80.0 
289 40.0 
290 80.0 
291 40.0 
292 80.0 
293 40.0 
294 80.0 
295 40.0 
296 80.0 
297 40.0 
298 80.0 
299 40.0 
300 80.0 
301 40.0 
302 80.0 
303 20.0 
304 80.0 
305 20.0 
306 80.0 
307 40.0 
308 60.0 
309 60.0 
310 40.0 
311 60.0 
312 40.0 
313 80.0 
314 40.0 
315 80.0 
316 40.0 
317 80.0 
318 40.0 
319 80.0 
320 60.0 
321 80.0 
322 60.0 
323 60.0 
324 40.0 
325 60.0 
326 40.0 
327 60.0 
328 40.0 
329 60.0 
330 40.0 
331 60.0 
332 40.0 
333 60.0 
334 40.0 
335 60.0 
336 40.0 
337 60.0 
338 40.0 
339 40.0 
340 40.0 
341 60.0 
342 40.0 
343 60.0 
344 40.0 
345 40.0 
346 40.0 
347 40.0 
348 40.0 
349 40.0 
350 60.0 
351 40.0 
352 60.0 
353 40.0 
354 80.0 
355 60.0 
356 80.0 
357 60.0 
358 80.0 
359 40.0 
360 80.0 
361 40.0 
362 80.0 
363 40.0 
364 60.0 
365 40.0 
366 60.0 
367 40.0 
368 40.0 
369 40.0 
370 40.0 
371 40.0 
372 40.0 
373 60.0 
374 40.0 
375 60.0 
376 40.0 
377 60.0 
378 40.0 
379 60.0 
380 40.0 
381 60.0 
382 40.0 
383 60.0 
384 60.0 
385 60.0 
386 40.0 
387 60.0 
388 40.0 
389 40.0 
390 40.0 
391 40.0 
392 40.0 
393 40.0 
394 40.0 
395 60.0 
396 60.0 
397 60.0 
398 60.0 
399 60.0 
400 80.0 
401 40.0 
402 80.0 
403 40.0 
404 60.0 
405 20.0 
406 40.0 
407 40.0 
408 40.0 
409 40.0 
410 40.0 
411 40.0 
412 40.0 
413 40.0 
414 40.0 
415 40.0 
416 60.0 
417 40.0 
418 40.0 
419 20.0 
420 40.0 
421 20.0 
422 40.0 
423 20.0 
424 40.0 
425 20.0 
426 40.0 
427 20.0 
428 40.0 
429 20.0 
430 60.0 
431 20.0 
432 60.0 
433 20.0 
434 60.0 
435 20.0 
436 60.0 
437 20.0 
438 60.0 
439 20.0 
440 60.0 
441 20.0 
442 60.0 
443 20.0 
444 60.0 
445 20.0 
446 60.0 
447 20.0 
448 60.0 
449 20.0 
450 40.0 
451 20.0 
452 60.0 
453 20.0 
454 60.0 
455 20.0 
456 60.0 
457 20.0 
458 60.0 
459 20.0 
460 60.0 
461 20.0 
462 60.0 
463 20.0 
464 60.0 
465 40.0 
466 40.0 
467 40.0 
468 40.0 
469 40.0 
470 40.0 
471 40.0 
472 40.0 
473 40.0 
474 60.0 
475 40.0 
476 60.0 
477 20.0 
478 60.0 
479 20.0 
480 60.0 
481 20.0 
482 40.0 
483 20.0 
484 20.0 
485 20.0 
486 20.0 
487 20.0 
488 20.0 
489 20.0 
490 40.0 
491 20.0 
492 40.0 
493 20.0 
494 40.0 
495 20.0 
496 40.0 
497 20.0 
498 40.0 
499 20.0 
500 40.0 
501 20.0 
502 40.0 
503 20.0 
504 40.0 
505 20.0 
506 40.0 
507 20.0 
508 20.0 
509 20.0 
510 20.0 
511 20.0 
512 20.0 
513 20.0 
514 20.0 
515 20.0 
516 20.0 
517 20.0 
518 20.0 
519 20.0 
520 20.0 
521 20.0 
522 20.0 
523 20.0 
524 20.0 
525 20.0 
526 40.0 
527 20.0 
528 40.0 
529 20.0 
530 40.0 
531 60.0 
532 60.0 
533 20.0 
534 40.0 
535 20.0 
536 40.0 
537 20.0 
538 60.0 
539 20.0 
540 60.0 
541 40.0 
542 60.0 
543 40.0 
544 60.0 
545 40.0 
546 60.0 
547 40.0 
548 60.0 
549 40.0 
550 40.0 
551 40.0 
552 40.0 
553 40.0 
554 40.0 
555 40.0 
556 40.0 
557 60.0 
558 40.0 
559 60.0 
560 40.0 
561 60.0 
562 40.0 
563 40.0 
564 60.0 
565 40.0 
566 60.0 
567 40.0 
568 60.0 
569 60.0 
570 60.0 
571 60.0 
572 60.0 
573 60.0 
574 60.0 
575 40.0 
576 60.0 
577 40.0 
578 40.0 
579 40.0 
580 40.0 
581 40.0 
582 40.0 
583 40.0 
584 40.0 
585 40.0 
586 40.0 
587 40.0 
588 40.0 
589 40.0 
590 40.0 
591 20.0 
592 40.0 
593 20.0 
594 40.0 
595 20.0 
596 20.0 
597 20.0 
598 20.0 
599 20.0 
600 20.0 
601 20.0 
602 20.0 
603 20.0 
604 20.0 
605 20.0 
606 20.0 
607 20.0 
608 40.0 
609 20.0 
610 40.0 
611 20.0 
612 40.0 
613 20.0 
614 40.0 
615 20.0 
616 40.0 
617 20.0 
618 40.0 
619 20.0 
620 60.0 
621 20.0 
622 40.0 
623 20.0 
624 40.0 
625 20.0 
626 40.0 
627 20.0 
628 40.0 
629 20.0 
630 40.0 
631 20.0 
632 40.0 
633 40.0 
634 40.0 
635 40.0 
636 40.0 
637 40.0 
638 40.0 
639 40.0 
640 40.0 
641 40.0 
642 40.0 
643 40.0 
644 40.0 
645 40.0 
646 40.0 
647 40.0 
648 40.0 
649 40.0 
650 40.0 
651 60.0 
652 60.0 
653 40.0 
654 60.0 
655 40.0 
656 60.0 
657 40.0 
658 60.0 
659 60.0 
660 40.0 
661 40.0 
662 20.0 
663 40.0 
664 20.0 
665 40.0 
666 20.0 
667 40.0 
668 0.0 
669 40.0 
670 0.0 
671 40.0 
672 20.0 
673 40.0 
674 20.0 
675 40.0 
676 20.0 
677 40.0 
678 20.0 
679 40.0 
680 20.0 
681 40.0 
682 20.0 
683 40.0 
684 20.0 
685 40.0 
686 20.0 
687 40.0 
688 20.0 
689 40.0 
690 40.0 
691 40.0 
692 40.0 
693 40.0 
694 40.0 
695 60.0 
696 60.0 
697 40.0 
698 40.0 
699 40.0 
700 40.0 
701 40.0 
702 40.0 
703 40.0 
704 40.0 
705 40.0 
706 40.0 
707 40.0 
708 40.0 
709 40.0 
710 40.0 
711 40.0 
712 40.0 
713 40.0 
714 40.0 
715 40.0 
716 40.0 
717 60.0 
718 40.0 
719 60.0 
720 40.0 
721 60.0 
722 40.0 
723 60.0 
724 40.0 
725 60.0 
726 40.0 
727 60.0 
728 40.0 
729 60.0 
730 40.0 
731 60.0 
732 40.0 
733 60.0 
734 40.0 
735 40.0 
736 40.0 
737 20.0 
738 40.0 
739 20.0 
740 40.0 
741 20.0 
742 40.0 
743 20.0 
744 40.0 
745 40.0 
746 40.0 
747 40.0 
748 60.0 
749 40.0 
750 40.0 
751 40.0 
752 40.0 
753 40.0 
754 40.0 
755 40.0 
756 40.0 
757 40.0 
758 40.0 
759 40.0 
760 40.0 
761 40.0 
762 40.0 
763 60.0 
764 40.0 
765 60.0 
766 40.0 
767 60.0 
768 40.0 
769 60.0 
770 40.0 
771 60.0 
772 40.0 
773 40.0 
774 40.0 
775 40.0 
776 40.0 
777 40.0 
778 40.0 
779 40.0 
780 40.0 
781 40.0 
782 40.0 
783 40.0 
784 40.0 
785 40.0 
786 40.0 
787 40.0 
788 40.0 
789 40.0 
790 40.0 
791 40.0 
792 40.0 
793 40.0 
794 40.0 
795 40.0 
796 40.0 
797 40.0 
798 40.0 
799 40.0 
800 40.0 
801 40.0 
802 40.0 
803 60.0 
804 40.0 
805 60.0 
806 40.0 
807 80.0 
808 60.0 
809 80.0 
810 60.0 
811 60.0 
812 60.0 
813 60.0 
814 60.0 
815 60.0 
816 60.0 
817 60.0 
818 60.0 
819 40.0 
820 60.0 
821 40.0 
822 80.0 
823 40.0 
824 80.0 
825 40.0 
826 60.0 
827 40.0 
828 60.0 
829 40.0 
830 60.0 
831 60.0 
832 60.0 
833 60.0 
834 40.0 
835 40.0 
836 40.0 
837 40.0 
838 40.0 
839 40.0 
840 40.0 
841 40.0 
842 40.0 
843 40.0 
844 40.0 
845 40.0 
846 40.0 
847 40.0 
848 40.0 
849 40.0 
850 40.0 
851 40.0 
852 40.0 
853 40.0 
854 40.0 
855 60.0 
856 40.0 
857 60.0 
858 40.0 
859 60.0 
860 40.0 
861 40.0 
862 40.0 
863 40.0 
864 40.0 
865 40.0 
866 60.0 
867 60.0 
868 60.0 
869 60.0 
870 60.0 
871 60.0 
872 60.0 
873 60.0 
874 60.0 
875 60.0 
876 60.0 
877 60.0 
878 40.0 
879 60.0 
880 40.0 
881 60.0 
882 40.0 
883 60.0 
884 40.0 
885 60.0 
886 40.0 
887 60.0 
888 40.0 
889 60.0 
890 40.0 
891 40.0 
892 40.0 
893 40.0 
894 40.0 
895 40.0 
896 40.0 
897 20.0 
898 40.0 
899 20.0 
900 40.0 
901 20.0 
902 40.0 
903 20.0 
904 40.0 
905 20.0 
906 40.0 
907 20.0 
908 40.0 
909 20.0 
910 40.0 
911 40.0 
912 40.0 
913 60.0 
914 40.0 
915 60.0 
916 20.0 
917 60.0 
918 20.0 
919 80.0 
920 20.0 
921 80.0 
922 20.0 
923 80.0 
924 20.0 
925 80.0 
926 20.0 
927 80.0 
928 40.0 
929 100.0 
930 20.0 
931 80.0 
932 20.0 
933 60.0 
934 20.0 
935 40.0 
936 20.0 
937 40.0 
938 0.0 
939 40.0 
940 0.0 
941 40.0 
942 20.0 
943 40.0 
944 40.0 
945 40.0 
946 60.0 
947 20.0 
948 60.0 
949 20.0 
950 80.0 
951 20.0 
952 60.0 
953 20.0 
954 60.0 
955 20.0 
956 40.0 
957 20.0 
958 20.0 
959 20.0 
960 40.0 
961 20.0 
962 60.0 
963 20.0 
964 40.0 
965 20.0 
966 40.0 
967 20.0 
968 40.0 
969 20.0 
970 40.0 
971 20.0 
972 40.0 
973 20.0 
974 40.0 
975 20.0 
976 40.0 
977 20.0 
978 40.0 
979 20.0 
980 40.0 
981 20.0 
982 40.0 
983 20.0 
984 60.0 
985 20.0 
986 60.0 
987 20.0 
988 60.0 
989 20.0 
990 60.0 
991 20.0 
992 60.0 
993 20.0 
994 40.0 
995 20.0 
996 40.0 
997 20.0 
998 60.0 
999 0.0 
1000 60.0 
1001 0.0 
1002 40.0 
1003 0.0 
1004 40.0 
1005 0.0 
1006 40.0 
1007 20.0 
1008 40.0 
1009 20.0 
1010 40.0 
1011 20.0 
1012 60.0 
1013 20.0 
1014 80.0 
1015 20.0 
1016 80.0 
1017 20.0 
1018 80.0 
1019 20.0 
1020 100.0 
1021 20.0 
1022 80.0 
1023 20.0 
1024 80.0 
1025 0.0 
1026 80.0 
1027 20.0 
1028 60.0 
1029 20.0 
1030 60.0 
1031 20.0 
1032 40.0 
1033 20.0 
1034 20.0 
1035 40.0 
1036 40.0 
1037 40.0 
1038 40.0 
1039 40.0 
1040 60.0 
1041 40.0 
1042 80.0 
1043 40.0 
1044 100.0 
1045 40.0 
1046 100.0 
1047 40.0 
1048 80.0 
1049 40.0 
1050 80.0 
1051 40.0 
1052 80.0 
1053 40.0 
1054 80.0 
1055 40.0 
1056 60.0 
1057 40.0 
1058 60.0 
1059 20.0 
1060 40.0 
1061 20.0 
1062 40.0 
1063 20.0 
1064 40.0 
1065 20.0 
1066 60.0 
1067 20.0 
1068 60.0 
1069 20.0 
1070 60.0 
1071 40.0 
1072 60.0 
1073 60.0 
1074 60.0 
1075 60.0 
1076 60.0 
1077 60.0 
1078 60.0 
1079 60.0 
1080 60.0 
1081 40.0 
1082 40.0 
1083 40.0 
1084 40.0 
1085 40.0 
1086 40.0 
1087 40.0 
1088 20.0 
1089 40.0 
1090 20.0 
1091 40.0 
1092 20.0 
1093 40.0 
1094 20.0 
1095 40.0 
1096 20.0 
1097 40.0 
1098 20.0 
1099 40.0 
1100 20.0 
1101 40.0 
1102 20.0 
1103 40.0 
1104 20.0 
1105 60.0 
1106 20.0 
1107 60.0 
1108 20.0 
1109 80.0 
1110 20.0 
1111 100.0 
1112 20.0 
1113 80.0 
1114 20.0 
1115 80.0 
1116 20.0 
1117 80.0 
1118 20.0 
1119 60.0 
1120 20.0 
1121 60.0 
1122 20.0 
1123 80.0 
1124 20.0 
1125 80.0 
1126 40.0 
1127 80.0 
1128 60.0 
1129 80.0 
1130 80.0 
1131 80.0 
1132 100.0 
1133 60.0 
1134 100.0 
1135 40.0 
1136 100.0 
1137 40.0 
1138 100.0 
1139 40.0 
1140 100.0 
1141 40.0 
1142 80.0 
1143 40.0 
1144 80.0 
1145 40.0 
1146 80.0 
1147 40.0 
1148 80.0 
1149 60.0 
1150 60.0 
1151 40.0 
1152 60.0 
1153 40.0 
1154 40.0 
1155 60.0 
1156 40.0 
1157 60.0 
1158 40.0 
1159 60.0 
1160 40.0 
1161 60.0 
1162 40.0 
1163 60.0 
1164 40.0 
1165 40.0 
1166 40.0 
1167 40.0 
1168 40.0 
1169 40.0 
1170 40.0 
1171 40.0 
1172 40.0 
1173 40.0 
1174 40.0 
1175 40.0 
1176 40.0 
1177 40.0 
1178 40.0 
1179 40.0 
1180 60.0 
1181 60.0 
1182 60.0 
1183 60.0 
1184 60.0 
1185 60.0 
1186 60.0 
1187 40.0 
1188 40.0 
1189 40.0 
1190 40.0 
1191 40.0 
1192 40.0 
1193 20.0 
1194 40.0 
1195 20.0 
1196 40.0 
1197 20.0 
1198 40.0 
1199 20.0 
1200 40.0 
1201 20.0 
1202 40.0 
1203 20.0 
1204 40.0 
1205 20.0 
1206 40.0 
1207 20.0 
1208 40.0 
1209 20.0 
1210 40.0 
1211 20.0 
1212 40.0 
1213 20.0 
1214 40.0 
1215 20.0 
1216 40.0 
1217 20.0 
1218 40.0 
1219 20.0 
1220 20.0 
1221 20.0 
1222 20.0 
1223 20.0 
1224 20.0 
1225 20.0 
1226 20.0 
1227 20.0 
1228 20.0 
1229 20.0 
1230 20.0 
1231 20.0 
1232 20.0 
1233 40.0 
1234 20.0 
1235 20.0 
1236 20.0 
1237 40.0 
1238 20.0 
1239 40.0 
1240 40.0 
1241 40.0 
1242 40.0 
1243 40.0 
1244 40.0 
1245 40.0 
1246 40.0 
1247 40.0 
1248 40.0 
1249 40.0 
1250 40.0 
1251 40.0 
1252 40.0 
1253 40.0 
1254 40.0 
1255 40.0 
1256 40.0 
1257 40.0 
1258 40.0 
1259 40.0 
1260 40.0 
1261 40.0 
1262 40.0 
1263 40.0 
1264 40.0 
1265 40.0 
1266 40.0 
1267 40.0 
1268 40.0 
1269 40.0 
1270 40.0 
1271 60.0 
1272 40.0 
1273 60.0 
1274 40.0 
1275 60.0 
1276 40.0 
1277 60.0 
1278 40.0 
1279 60.0 
1280 40.0 
1281 60.0 
1282 40.0 
1283 60.0 
1284 40.0 
1285 60.0 
1286 40.0 
1287 60.0 
1288 40.0 
1289 60.0 
1290 20.0 
1291 60.0 
1292 20.0 
1293 60.0 
1294 20.0 
1295 60.0 
1296 20.0 
1297 60.0 
1298 40.0 
1299 60.0 
1300 40.0 
1301 60.0 
1302 40.0 
1303 40.0 
1304 40.0 
1305 40.0 
1306 40.0 
1307 20.0 
1308 40.0 
1309 40.0 
1310 40.0 
1311 40.0 
1312 40.0 
1313 40.0 
1314 40.0 
1315 40.0 
1316 40.0 
1317 40.0 
1318 40.0 
1319 40.0 
1320 40.0 
1321 40.0 
1322 40.0 
1323 40.0 
1324 40.0 
1325 40.0 
1326 40.0 
1327 20.0 
1328 40.0 
1329 20.0 
1330 40.0 
1331 20.0 
1332 40.0 
1333 20.0 
1334 40.0 
1335 20.0 
1336 40.0 
1337 20.0 
1338 40.0 
1339 20.0 
1340 60.0 
1341 20.0 
1342 40.0 
1343 20.0 
1344 60.0 
1345 20.0 
1346 60.0 
1347 20.0 
1348 60.0 
1349 20.0 
1350 60.0 
1351 20.0 
1352 40.0 
1353 20.0 
1354 40.0 
1355 20.0 
1356 40.0 
1357 20.0 
1358 40.0 
1359 20.0 
1360 40.0 
1361 20.0 
1362 60.0 
1363 40.0 
1364 60.0 
1365 40.0 
1366 60.0 
1367 40.0 
1368 40.0 
1369 40.0 
1370 20.0 
1371 40.0 
1372 0.0 
1373 40.0 
1374 0.0 
1375 40.0 
1376 20.0 
1377 40.0 
1378 20.0 
1379 40.0 
1380 20.0 
1381 60.0 
1382 20.0 
1383 40.0 
1384 20.0 
1385 40.0 
1386 20.0 
1387 40.0 
1388 20.0 
1389 40.0 
1390 20.0 
1391 40.0 
1392 20.0 
1393 60.0 
1394 20.0 
1395 60.0 
1396 20.0 
1397 60.0 
1398 20.0 
1399 40.0 
1400 20.0 
1401 20.0 
1402 20.0 
1403 20.0 
1404 20.0 
1405 20.0 
1406 20.0 
1407 20.0 
1408 20.0 
1409 40.0 
1410 40.0 
1411 40.0 
1412 40.0 
1413 40.0 
1414 40.0 
1415 40.0 
1416 40.0 
1417 40.0 
1418 40.0 
1419 40.0 
1420 40.0 
1421 40.0 
1422 40.0 
1423 40.0 
1424 40.0 
1425 20.0 
1426 40.0 
1427 20.0 
1428 40.0 
1429 20.0 
1430 40.0 
1431 20.0 
1432 40.0 
1433 20.0 
1434 40.0 
1435 20.0 
1436 40.0 
1437 20.0 
1438 40.0 
1439 20.0 
1440 40.0 
1441 20.0 
1442 40.0 
1443 40.0 
1444 40.0 
1445 40.0 
1446 20.0 
1447 40.0 
1448 20.0 
1449 40.0 
1450 0.0 
1451 40.0 
1452 20.0 
1453 40.0 
1454 20.0 
1455 40.0 
1456 20.0 
1457 40.0 
1458 20.0 
1459 40.0 
1460 20.0 
1461 40.0 
1462 20.0 
1463 40.0 
1464 20.0 
1465 40.0 
1466 20.0 
1467 40.0 
1468 20.0 
1469 40.0 
1470 40.0 
1471 40.0 
1472 60.0 
1473 40.0 
1474 60.0 
1475 40.0 
1476 60.0 
1477 40.0 
1478 40.0 
1479 40.0 
1480 60.0 
1481 40.0 
1482 40.0 
1483 40.0 
1484 40.0 
1485 40.0 
1486 60.0 
1487 40.0 
1488 60.0 
1489 40.0 
1490 60.0 
1491 40.0 
1492 40.0 
1493 40.0 
1494 40.0 
1495 40.0 
1496 40.0 
1497 40.0 
1498 60.0 
1499 20.0 
1500 60.0 
1501 40.0 
1502 60.0 
1503 40.0 
1504 60.0 
1505 40.0 
1506 40.0 
1507 40.0 
1508 40.0 
1509 40.0 
1510 60.0 
1511 40.0 
1512 60.0 
1513 40.0 
1514 60.0 
1515 40.0 
1516 60.0 
1517 40.0 
1518 40.0 
1519 20.0 
1520 20.0 
1521 20.0 
