0 0.8024801419723067 
1 0.6821754907278 
2 0.7147095081381466 
3 0.6667692465099001 
4 0.5969285916815427 
5 0.6704951951677067 
6 0.6042875676668527 
7 0.6565055168595413 
8 0.5641151057494354 
9 0.5250927974514287 
10 0.48047761109393267 
11 0.49711278780372203 
12 0.432632137896158 
13 0.4768700273723147 
14 0.44086091772062735 
15 0.5885572502299187 
16 0.4659601402992607 
17 0.5669602737909566 
18 0.4512002187588707 
19 0.597657897942114 
20 0.523489418691604 
21 0.644885965198066 
22 0.5355111745814507 
23 0.6061137206855154 
24 0.7178683191505667 
25 0.637831166880042 
26 0.7456674773642 
27 0.6290826914913873 
28 0.7267438060977667 
29 0.581354780603836 
30 0.6921151986691266 
31 0.6169803978875233 
32 0.8840013599569799 
33 0.7459764198454534 
34 0.9438718789199534 
35 0.8052910206338667 
36 0.8065436441563066 
37 0.8880737680777067 
38 1.0730842263051132 
39 1.0269477103580733 
40 1.1886338028870198 
41 0.9791879349073067 
42 1.0184697813039132 
43 0.8874594409834801 
44 0.9693254811897133 
45 0.7968251499022266 
46 1.00509916969822 
47 0.8888860858999668 
48 0.9609718164408932 
49 0.7138014010982666 
50 0.8054930666602734 
51 9.59135952536058 
52 0.7898125425307067 
53 10.2509996145171 
54 0.8073812494323733 
55 0.6279674029736341 
56 0.8493925629503933 
57 0.5953313928881481 
58 0.68368544200138 
59 0.6238839466904513 
60 0.7778893184832933 
61 0.70924338805152 
62 0.71573310425504 
63 0.6578185630601313 
64 0.6855880283306733 
65 0.6981956745707266 
66 0.6300878452253266 
67 0.9417654207669001 
68 0.7284551119876467 
69 0.8142098284186267 
70 0.68334435960126 
71 0.8349644030214066 
72 0.9170336179088333 
73 0.86950156799348 
74 0.9270866499989334 
75 15.0144915588163 
76 0.97367732389594 
77 19.128787450054 
78 1.1222453504284933 
79 16.8192651616073 
80 1.0333511421747332 
81 18.1025179389777 
82 0.8768183662989534 
83 1.2440256385508066 
84 13.5088507051277 
85 1.2815424341997668 
86 13.6101623455479 
87 1.04601024806576 
88 12.0603890051403 
89 0.9722173864783801 
90 0.7695569120770667 
91 0.95834925297364 
92 0.7227496580858067 
93 13.7330960923825 
94 0.7415639718996601 
95 13.0374023535032 
96 0.8371990672415867 
97 0.84380359717454 
98 0.8422264440757067 
99 0.8405491501707867 
100 0.8446505983896666 
101 0.76007343640974 
102 1.1047462858485 
103 0.8764185434241533 
104 1.0823670468860866 
105 0.79610823516814 
106 1.0698435730078133 
107 0.8668311854437867 
108 1.1201435205681667 
109 0.8643738694666866 
110 1.0933156905420467 
111 0.8882552478742467 
112 0.8320520395885733 
113 0.84561845855368 
114 0.8854657159437733 
115 0.9250388307315267 
116 0.8608255946586466 
117 0.91599495012334 
118 0.8705293935545133 
119 0.9931246450423333 
120 0.8790282926686467 
121 0.9567000006786134 
122 0.8003664911720333 
123 0.90264314199 
124 0.7885861766867 
125 0.7712044909022934 
126 0.7166159665932866 
127 0.9823994559503267 
128 0.7069141716121 
129 0.84578073994 
130 0.6651277465406761 
131 0.8033598700289066 
132 0.6702611884664733 
133 0.8445979520103466 
134 0.7845395198010067 
135 0.94420896874702 
136 0.8556486444376066 
137 0.9277885893774199 
138 0.8992350361626467 
139 1.0967548955263067 
140 0.9599272684950066 
141 1.01456438101636 
142 0.9017005607661667 
143 1.06999916907158 
144 0.9890311060230267 
145 1.0736745534936067 
146 0.9682021582879667 
147 0.9602785082028067 
148 0.9949962249527666 
149 0.8865255308612267 
150 1.0260674383226667 
151 0.8684899674014199 
152 0.9045247758946466 
153 0.95703407990622 
154 0.9493163569832199 
155 0.8838626468057666 
156 0.9898792955167467 
157 0.7325512271403467 
158 0.82993538594004 
159 0.6592753329462206 
160 0.71067745293954 
161 0.74197994829962 
162 0.86754807650862 
163 0.6626226843489214 
164 11.9977033695544 
165 0.7120724165639267 
166 11.6568683140306 
167 0.80644279135004 
168 0.8758288451970333 
169 0.8543286112937599 
170 1.0194139219572134 
171 0.8048741757541534 
172 1.01167979256112 
173 0.8380173797228333 
174 1.0318641237487667 
175 0.8621203897902734 
176 1.0465078288638734 
177 0.8011211956776534 
178 0.95424880394834 
179 0.7552922879213466 
180 0.8855239965546333 
181 0.6789902079948533 
182 0.7052953746197334 
183 0.6712961481797467 
184 0.7427281523832067 
185 0.6257559166072346 
186 0.73386227098474 
187 0.5769318603486647 
188 0.7313504442338866 
189 0.76029307305688 
190 0.8489764665377533 
191 0.8313602961752401 
192 0.8804306006336067 
193 0.77590292013112 
194 0.7860420164180467 
195 0.7252741358555866 
196 0.68497599483464 
197 0.6411259836143646 
198 0.5909575201617586 
199 0.7261199797584134 
200 0.6377517588390493 
201 0.7540793230596267 
202 0.6453337826683513 
203 0.95034653304236 
204 0.6761297560682067 
205 0.98759366641166 
206 0.6675966612006934 
207 0.92748701826888 
208 0.5974249067685466 
209 0.8171337829646866 
210 0.585475750521948 
211 0.7342092663229534 
212 0.5670502519731421 
213 0.5407384705751427 
214 0.5162542853766746 
215 7.01398408578101 
216 0.5205663973562666 
217 7.91360631130825 
218 0.5924940897732773 
219 0.5674556438916559 
220 0.6823017593214666 
221 0.7787664249378267 
222 0.78078383335628 
223 0.8330727054994801 
224 0.8436010649828066 
225 0.97308692233748 
226 0.9713756786574267 
227 1.0304012361190333 
228 0.9931753519387867 
229 1.02577170170274 
230 0.92795003943858 
231 0.8250568946284667 
232 0.84092746192294 
233 0.9213996951752467 
234 0.85124863028142 
235 0.8827813499190132 
236 0.80712075244946 
237 0.9220110129449199 
238 0.75782501622346 
239 0.8922483784380134 
240 0.8328631660352867 
241 0.99519590650186 
242 0.9216032320975067 
243 1.0522785098729999 
244 0.975164054652 
245 1.0528103680153 
246 0.9617193950053601 
247 1.0082461390975466 
248 0.9219242157912267 
249 0.9498803101957001 
250 0.8407550007647999 
251 0.8511940775856266 
252 0.76870987014372 
253 0.6390495533600213 
254 0.65312713999022 
255 0.614742377390884 
256 0.6516124736664153 
257 0.564330947501882 
258 0.5631283523387827 
259 0.6567464899237208 
260 0.6045804622859686 
261 0.8300090968315667 
262 0.8398424515131533 
263 0.8524552829900399 
264 0.8803762020742599 
265 1.1072385754719 
266 0.93067631103446 
267 1.0936667371864 
268 0.9129508146437 
269 1.1234963661406934 
270 0.9751957489128134 
271 0.9437514078539734 
272 0.8101152723341334 
273 1.0223036373482466 
274 0.8018831307296533 
275 0.8467301906575734 
276 0.78665044707082 
277 0.8395154939155733 
278 0.7945646424288533 
279 0.8484003685082799 
280 0.8541729916054001 
281 1.0799867339012132 
282 0.9132445591611933 
283 1.0919412127489398 
284 1.0021838108863135 
285 1.0841977663909068 
286 0.9754356470416133 
287 0.94456609279984 
288 1.0100866764877334 
289 0.9892348202833067 
290 0.9426624793347933 
291 1.0059141531031 
292 0.9220847774531933 
293 0.91487796070572 
294 0.8411917616993333 
295 1.04418054027282 
296 0.75980469734166 
297 1.0288862030225532 
298 0.7086030146084467 
299 0.93939079155622 
300 0.67404119587768 
301 0.8047925032279667 
302 0.6307051889453993 
303 0.87462615814874 
304 0.7033613111794934 
305 0.8023681752448201 
306 0.6745906831035866 
307 0.7339742140594266 
308 0.8302724756544068 
309 0.8256177707114933 
310 0.99554283546372 
311 0.7049367593081667 
312 0.9143762466561933 
313 0.6621732315356893 
314 0.8242184986908534 
315 0.6050834009946654 
316 0.6543983529196526 
317 0.6219589650762987 
318 0.6734989892993333 
319 0.5794001591921933 
320 0.5633152199759219 
321 0.5611043851426419 
322 0.5299404423867533 
323 0.6166699556970534 
324 0.5481950318417746 
325 0.6367515202760621 
326 0.5680899081956187 
327 0.6157707050189299 
328 0.5553229297707086 
329 0.5897385446895327 
330 0.505632022201972 
331 0.7223467244411933 
332 0.85959843503472 
333 0.6628023125012447 
334 0.91221002744056 
335 0.6412055060708493 
336 1.2248884896301133 
337 0.6794087938347333 
338 1.23158599130716 
339 0.8901201296391933 
340 1.2311306205800865 
341 0.85290374408936 
342 1.0457839885189333 
343 0.7943535534899266 
344 1.0567520036494467 
345 0.9898459800046934 
346 1.1361459912167333 
347 1.0727895525506201 
348 1.3608173332949067 
349 1.1511216892409266 
350 1.0917589830793935 
351 1.1350592679637002 
352 1.2391949592188332 
353 1.21761348051976 
354 1.20831934857402 
355 1.06764860282154 
356 1.2426555958488132 
357 0.9302322550946067 
358 1.116122217129 
359 0.8654221159744466 
360 1.0892147486033865 
361 0.9448109689464267 
362 1.0036054156203666 
363 0.9253573958512 
364 1.02124723966958 
365 1.0589862773705934 
366 1.1264736015358667 
367 1.1482701612849733 
368 1.15044131118352 
369 1.0141313814907666 
370 1.1886387939200533 
371 0.8931752857849666 
372 1.01347565145974 
373 0.93275392942214 
374 0.97990683760918 
375 0.8784004768858067 
376 0.8563799318408734 
377 0.7804411316485533 
378 0.75528321122368 
379 0.6861460166525001 
380 0.953454145392 
381 0.6976641401604 
382 0.9240491202570266 
383 0.6195953709692094 
384 0.8807769469392934 
385 0.5881914310025134 
386 0.5948573827685001 
387 0.8577680830436933 
388 0.5579236596001934 
389 0.98081116630552 
390 0.49746264003314 
391 1.0796121739932867 
392 0.5971548567263346 
393 1.1391432287072 
394 0.7168656761494733 
395 1.20195313580746 
396 0.69069179265754 
397 1.11325499003392 
398 0.7236398313760533 
399 0.8848839000201134 
400 0.72030932409024 
401 0.9201687977230734 
402 0.73914670078448 
403 0.9329280602035134 
404 0.7252939697124333 
405 0.83817745313838 
406 0.7806852997891933 
407 0.9597535758528667 
408 0.8819975171365599 
409 0.8253021397622133 
410 0.9423831175658399 
411 0.7634278539076267 
412 0.8557246866740199 
413 0.8400438319494467 
414 0.8054221989186466 
415 1.01452693055154 
416 0.8275280910261533 
417 1.2325511867324133 
418 0.7653990900104467 
419 1.1720570957638798 
420 0.8237444294576134 
421 1.2067525870883067 
422 1.1098752820358666 
423 1.08984462480848 
424 1.1804406789531534 
425 1.0519975013445666 
426 1.2310196305460666 
427 1.2600837940047533 
428 1.1895677542066534 
429 1.0301639926616266 
430 1.2502318443186666 
431 1.0615054354521467 
432 1.0064025830663332 
433 1.0442606449271066 
434 0.8972943226894533 
435 0.9022518335232733 
436 0.7530579129905667 
437 0.9056109669578666 
438 0.68914704597232 
439 0.68174944693488 
440 0.5814632558868353 
441 0.47998939150725667 
442 0.5149399669974487 
443 0.4791516990885713 
444 0.5274885192301807 
445 0.5018831093192619 
446 0.5657909987677959 
447 0.5844315646528426 
448 0.5868341640152013 
449 0.6114842209497781 
450 0.6582500789384047 
451 0.6436649531757886 
452 0.71752506265012 
453 0.6373980778630346 
454 0.7158759062048133 
455 0.5733691521032013 
456 0.72954873305784 
457 0.653933377190674 
458 0.8757992777224001 
459 0.68994956441168 
460 0.8435833512675 
461 0.653546818255138 
462 0.7607133936559667 
463 0.7552961883716267 
464 0.7484408036551733 
465 0.8716130040393067 
466 0.7822544470727866 
467 0.8929015196323533 
468 0.6920438051938334 
469 0.9266443667455799 
470 0.7368085932100933 
471 0.9397078805505 
472 0.7877751555246133 
473 0.8472669978727133 
474 0.82167644049 
475 0.7467394271005333 
476 0.8323376613550401 
477 0.7447946219309733 
478 0.9653591496384066 
479 0.620817475835846 
480 0.8175282159085333 
481 0.7190817169304867 
482 0.9019830815714267 
483 0.6776632313902267 
484 0.8538503146473999 
485 0.610524552172622 
486 0.6441855847767467 
487 0.67324708560088 
488 0.6953456654420199 
489 0.654426759528456 
490 0.75230250422336 
491 0.6769828286338 
492 0.7653982036703667 
493 0.7003243819577867 
494 0.7622697533673467 
495 0.5894473963356254 
496 0.8622931038676199 
497 0.6157285716804887 
498 0.8681392478572001 
499 0.8055687293699734 
500 1.0224537136934266 
501 0.7357847359974866 
502 0.8982181791828067 
503 0.5619231487049947 
504 0.7384460773509667 
505 0.5095624498555333 
506 0.6774608177824933 
507 0.5963827550126612 
508 0.5194370620899847 
509 0.6134927080246834 
510 0.5661639543006287 
511 0.6745388238375867 
512 0.594573827658064 
513 0.7894903796599066 
514 0.6756632306745666 
515 0.93086109432234 
516 0.9371175688931733 
517 0.9107807567234333 
518 0.9327174271507066 
519 0.8975854976934066 
520 0.8996637226230867 
521 0.9049923427738332 
522 1.0048297608022734 
523 0.8817689450740267 
524 1.00695959598324 
525 0.9856044519616532 
526 1.0598384032875532 
527 1.001451455957 
528 1.1515889740269467 
529 0.9320089668008534 
530 0.9749914751822334 
531 0.9823808559182267 
532 0.9823808559182267 
533 0.9891368763113467 
534 0.98209307501742 
535 0.8757569131865534 
536 0.8779723045464933 
537 0.7319683374318 
538 0.8135447348729467 
539 0.6659050202081567 
540 0.7702007419646667 
541 0.72906175237266 
542 0.7777819164224467 
543 0.6025120208216334 
544 0.8166701769196066 
545 0.6025120208216334 
546 0.8166701769196066 
547 0.660531974886936 
548 0.7371906290140333 
549 0.610623485546236 
550 0.7747386833977867 
551 0.6483751971329533 
552 0.5867655375114327 
553 0.5312812382842207 
554 0.48956552870473935 
555 0.6672312095906133 
556 0.6312838585494434 
557 0.7089265898844933 
558 0.7565118155205267 
559 0.8459910825414599 
560 0.6805572927660133 
561 1.0303499071772533 
562 0.90527103021098 
563 1.1852039293927066 
564 0.94784626042564 
565 1.1184825041470667 
566 0.8088740920676734 
567 0.9828643952928601 
568 0.7247606710808266 
569 0.9065624390527667 
570 0.7078101183895533 
571 0.8272244239937601 
572 0.8465604163983266 
573 0.89335304222608 
574 0.8424796595834734 
575 1.0243542220081867 
576 0.9313770224249667 
577 1.1969571497613933 
578 0.967143214964 
579 1.1335982664211801 
580 0.96127186545586 
581 1.1270178349490265 
582 1.0550281269540533 
583 0.8792177555560666 
584 0.9831329587102534 
585 0.9076165137017667 
586 1.0141757619576868 
587 0.6962273393967934 
588 0.90141526779766 
589 0.6234794010038687 
590 0.6614125743857854 
591 0.575497895447324 
592 0.6564054036314854 
593 0.5538825510553613 
594 0.6357455324510254 
595 0.43099314506621733 
596 0.5673017406662874 
597 0.44976845495296736 
598 0.5915055301876733 
599 0.4746771450652207 
600 0.7393597241316133 
601 0.6145958678857653 
602 1.0757907174296935 
603 0.645030392298216 
604 1.05220740492058 
605 0.7611219620408466 
606 1.03762164788634 
607 1.04802864283206 
608 1.1446744369104533 
609 1.1464255021811334 
610 1.0493940970494133 
611 1.04874792976724 
612 0.7061912364568067 
613 1.0929009270586265 
614 0.6907224117804266 
615 0.92622750703444 
616 0.6950314259105733 
617 0.7841501321772066 
618 0.8821225237666 
619 0.8944222692047267 
620 0.95504011988858 
621 0.8746537658314666 
622 1.0838803288393801 
623 0.8905817695124667 
624 1.0838912169966868 
625 1.0255419295921266 
626 1.08366580182796 
627 0.8696216003682067 
628 1.0636866966376801 
629 0.8704477785628734 
630 0.8544653595059867 
631 0.9121388097377667 
632 1.0456756204496134 
633 0.89068922855384 
634 1.0645974817527466 
635 0.8327927571142867 
636 1.1042923716534732 
637 0.9271655342674933 
638 0.9546523994587666 
639 0.82408127047178 
640 0.9724647662389 
641 0.8890286924109533 
642 0.9647654235633466 
643 0.9349652558284534 
644 0.9397796901993932 
645 0.9928128638537868 
646 1.0238534471614067 
647 1.1474258207611667 
648 1.1009176354652068 
649 1.0733774801209266 
650 1.0876930044422468 
651 1.0060428496270066 
652 1.0023112491352133 
653 1.04029875039098 
654 1.0272944861496667 
655 0.9365664960091734 
656 0.8981633736397 
657 0.8984239103299733 
658 0.8898222334359933 
659 0.9582686210852134 
660 0.9040933657778933 
661 0.9274775414951933 
662 0.8747110938917934 
663 0.9084079276514466 
664 0.85221549596216 
665 0.9175831056992467 
666 0.8369198370001201 
667 0.8274659813980934 
668 23.1870818962286 
669 0.7380233788418467 
670 12.3574480366754 
671 0.7473932893283467 
672 0.85379241617768 
673 0.7630734903973999 
674 0.8607392761011733 
675 0.7413301022489467 
676 1.0830163090403067 
677 0.8171368303015867 
678 1.1802536620911068 
679 0.92552373255816 
680 1.2146176569879132 
681 0.98952930145566 
682 1.2766680178976733 
683 0.9603103580309933 
684 1.3340016417463 
685 0.9972669557268133 
686 1.2746351894580932 
687 1.0053646225470334 
688 1.28851538926562 
689 0.9224977521749399 
690 1.1614167286519799 
691 0.8078944725753734 
692 1.0371410347843066 
693 0.7490500841137867 
694 1.0654727740328334 
695 0.8033135724029333 
696 0.9710799601471133 
697 0.8818812894612 
698 0.98108398597012 
699 0.8785904257681066 
700 0.9617227605676733 
701 0.8368503144276733 
702 0.91422314399222 
703 0.8674828100350667 
704 0.9378688339334134 
705 0.7653493363551 
706 0.8711857219686333 
707 0.7127510740508867 
708 0.7474003659854933 
709 0.5943076221548427 
710 0.6451099411905648 
711 0.565728811182994 
712 0.5930269876444033 
713 0.5996598454281067 
714 0.488949782148238 
715 0.6950349359906334 
716 0.6100409240859207 
717 0.7268551635444467 
718 0.7989962922008467 
719 0.83176016952292 
720 0.9821399687433466 
721 0.9278433581143133 
722 1.0178295718384733 
723 0.86037993435778 
724 0.9950948180328333 
725 0.91488835582458 
726 0.9978514286270467 
727 0.8733185285292533 
728 0.9009520295143933 
729 0.9899320792246934 
730 0.8926005831406933 
731 0.9607727914079534 
732 0.9887619934710067 
733 0.8600213918835067 
734 0.95197492434512 
735 0.8001662512816801 
736 1.1019194967757933 
737 0.8678471350335133 
738 1.1312854255823934 
739 0.8847478901227134 
740 1.1265966738638333 
741 0.9486393436690533 
742 1.1086714470850734 
743 0.8112709571737067 
744 1.3249802304894667 
745 0.8331937295345134 
746 1.2135836053921867 
747 0.78127219095218 
748 1.1807290202193066 
749 0.6207050911373574 
750 0.94446861458992 
751 0.6036769952194281 
752 0.9647893035986733 
753 0.6067184526432327 
754 0.7515169338961599 
755 0.637612838601332 
756 0.7141230743232067 
757 0.5763135565233467 
758 0.6386946819595334 
759 0.642659522887372 
760 0.623333349417114 
761 0.6392262551541766 
762 0.5821629008937433 
763 0.71518273896912 
764 0.5818468113991507 
765 0.7182411876124 
766 0.5401534889567967 
767 0.7516808805376333 
768 0.5476220926846747 
769 0.7489889315813867 
770 0.7622136826002534 
771 0.88627148438638 
772 0.9043731030160134 
773 0.9602711785385534 
774 1.0251602701573799 
775 0.94251803317362 
776 1.05205012324508 
777 0.9250560051428667 
778 0.8894064519486933 
779 0.8375363289159333 
780 0.8019799361965734 
781 0.6943761188354267 
782 0.8078898916401867 
783 0.7252076631745533 
784 0.7891922668471267 
785 0.8289928798517534 
786 0.8550143463429933 
787 0.8824234838311333 
788 0.9236453973214266 
789 0.9035227518774467 
790 0.9989558582395867 
791 1.1123515760638734 
792 1.07542854359722 
793 1.0472299543738666 
794 1.0165497703507467 
795 1.0494108542751333 
796 1.0180569555369734 
797 1.1030239323185733 
798 1.0048302458151865 
799 1.2371540353315333 
800 1.0077956421197867 
801 1.34467443142664 
802 0.9962265844055399 
803 1.2145797824615 
804 1.0147747697265799 
805 1.01504678173006 
806 0.8188359781280999 
807 0.9788839738124 
808 0.8634162010165933 
809 0.9048897728592734 
810 0.8220752518631733 
811 0.6820606061681066 
812 0.68029092160916 
813 0.71334791123844 
814 0.7290910422074267 
815 0.8007201461768934 
816 1.0952569768734668 
817 0.8004950554437266 
818 1.1164164411083533 
819 0.9517672744964533 
820 1.0890444582262535 
821 0.8964823911649601 
822 0.9844457307256934 
823 0.9523943084541067 
824 1.0193368071253532 
825 1.0039839818029532 
826 0.7646064824489867 
827 0.9070336830061 
828 0.7342365209910267 
829 1.0310592028272132 
830 0.8183063080443866 
831 1.0766878248851266 
832 0.9434117935275267 
833 1.2554527542949068 
834 0.9816235451914267 
835 1.14480343253782 
836 1.0047974163603266 
837 1.0609908058324866 
838 0.8462103148145533 
839 1.03095937367926 
840 0.8541631978733334 
841 0.8856226353709733 
842 0.7905868141789333 
843 0.75440197560892 
844 0.7674987235582 
845 0.7509995994067933 
846 0.6691743262935533 
847 0.7571218454666667 
848 0.7803129406971533 
849 0.7331589411579666 
850 0.8371787886945533 
851 0.7976422165303934 
852 0.9579604693572467 
853 0.7454151999008066 
854 1.0045545919827332 
855 0.7925689911757534 
856 1.0062566838303 
857 0.70413805989436 
858 0.9193235245694733 
859 0.8415109828137199 
860 0.8344729139012333 
861 0.8660997663753467 
862 0.8067372428856466 
863 0.9810537531417532 
864 0.80134401998894 
865 0.9977194849552734 
866 0.87247723785624 
867 1.07163598363086 
868 0.8671452370707133 
869 0.95879728834198 
870 0.77118610902464 
871 0.9071706715399067 
872 0.7527556176165 
873 0.7840972705316466 
874 0.7276059902979467 
875 0.6873732374940801 
876 0.6517939919658193 
877 0.6953438060232799 
878 0.7719697927979 
879 0.8634609416918667 
880 0.94713101478426 
881 1.1259327166463933 
882 1.1097449682422067 
883 1.20351432319642 
884 1.28193204594302 
885 1.3049976923098001 
886 1.3221892087386933 
887 1.27539795874644 
888 1.2476663208419199 
889 1.1950430134189134 
890 1.11086623085252 
891 1.02357582438398 
892 0.93942432278768 
893 0.7515461465413333 
894 0.7470806379422866 
895 0.6943483096107667 
896 0.8523951679880134 
897 0.74671724349846 
898 0.7990227581534933 
899 0.7063811812181601 
900 0.8009824967436133 
901 0.7829210146638467 
902 0.9001214006546533 
903 0.9051894334396666 
904 0.9684935751684333 
905 0.9124520134065933 
906 0.87155103042488 
907 0.77972186152736 
908 0.92278360363696 
909 0.9256460526531334 
910 0.9282868599635333 
911 0.9418299703507267 
912 1.02846546470326 
913 0.9086116767668401 
914 1.0259357531070468 
915 0.86570998970836 
916 1.0329971503263333 
917 0.7023872784026534 
918 0.96983268602086 
919 0.8182998283364 
920 0.8641800989894733 
921 0.7195909689786333 
922 0.6419625422177406 
923 0.6163681383422174 
924 0.5924732437673333 
925 0.5831491994079473 
926 0.7358410926494733 
927 0.529149013211936 
928 0.80120477645592 
929 0.5572704928174688 
930 0.8760511060894733 
931 0.5921435903709653 
932 0.9285313451695066 
933 0.6120900283598281 
934 0.9369415968370467 
935 0.6804325272302866 
936 0.7558137870206266 
937 0.6829603122462934 
938 10.3136425696283 
939 0.7179764429177666 
940 9.40413239555665 
941 0.74281843809218 
942 0.63579184203756 
943 0.8745085783777999 
944 0.6665069430847954 
945 0.8715750504622534 
946 0.6697683856836932 
947 0.9384283296135467 
948 0.7972643176070466 
949 0.8658515032637534 
950 0.8556826297108333 
951 0.8304429919351534 
952 0.85755314628098 
953 0.6801652044606666 
954 0.8012115121325666 
955 0.6627591583434707 
956 0.7803586001935067 
957 0.8287825358732667 
958 0.8592188307966133 
959 0.8213449050392267 
960 0.8210216322543601 
961 0.8075977287314 
962 0.8247535044630933 
963 0.7492720629586933 
964 0.7431700167048133 
965 0.9035196925419267 
966 0.85642308027516 
967 0.9519245041560133 
968 0.7650916194565399 
969 1.1181205925495 
970 0.8149356227874667 
971 1.0057527623490399 
972 0.8061857524625133 
973 1.01949943879908 
974 0.7726828432748534 
975 0.8328285238411667 
976 0.6143357172359173 
977 0.6920564347264799 
978 0.6940595189812133 
979 0.5609912752422627 
980 0.6357673776935253 
981 0.5273363911110034 
982 0.5986013235943399 
983 0.6958336887294067 
984 0.590886724527118 
985 0.6778843764428266 
986 0.569172850734686 
987 0.6526375822515786 
988 0.49668294397831264 
989 0.6557539186100206 
990 0.49156830027303133 
991 0.75831989481722 
992 0.5197937716850773 
993 0.5333218277817626 
994 0.5403331515303754 
995 0.622560421535512 
996 0.5721975978891993 
997 0.73253029408852 
998 0.6871679836884066 
999 12.006402157582 
1000 0.7055709725897533 
1001 12.3181485625747 
1002 0.9815397948941733 
1003 13.254626709012 
1004 0.9506282470907866 
1005 15.9443710014009 
1006 1.15230690029046 
1007 1.0341625656194933 
1008 1.2211307706273467 
1009 1.0117517969992933 
1010 1.32104725766546 
1011 1.0180407715408333 
1012 1.0902932160438399 
1013 1.05917881825974 
1014 1.1472668375461532 
1015 0.92052962816334 
1016 0.8754060982729066 
1017 1.0279072371842934 
1018 0.8249784785636133 
1019 0.9756118245112266 
1020 0.80306137702514 
1021 0.9031910172866334 
1022 0.7363551989241466 
1023 0.9018784160970601 
1024 0.74400739103204 
1025 12.3267407670191 
1026 0.7963154086702333 
1027 0.8584855748505067 
1028 0.8077991433223066 
1029 0.9037277002461866 
1030 0.8818958994007401 
1031 0.8918611092102267 
1032 0.8475337397236667 
1033 0.7777481572768133 
1034 0.86351243241472 
1035 0.8423410107474467 
1036 0.9017382178317266 
1037 0.7935406948645467 
1038 0.8870990168349534 
1039 0.8648376201986999 
1040 0.8560705218320467 
1041 1.0893808874516 
1042 0.8666326811158933 
1043 1.1346618390352667 
1044 0.8149148323101134 
1045 1.0691025983844533 
1046 0.7867706224144533 
1047 1.0588559354060734 
1048 0.7690956572905934 
1049 1.01086475211542 
1050 0.86553782589788 
1051 0.8343768205951867 
1052 0.9859346887494266 
1053 0.78904136619608 
1054 1.13408095471906 
1055 0.7799635255479533 
1056 1.1629537396429401 
1057 0.8970994388880467 
1058 1.08985580016318 
1059 0.9099985450755134 
1060 1.0194181207184667 
1061 0.7906158721798934 
1062 0.8112411224729933 
1063 0.6700351803085799 
1064 0.6816148843634333 
1065 0.8765065332493267 
1066 0.8454411621708933 
1067 1.1679292888141732 
1068 0.81585571254336 
1069 1.02906827153718 
1070 0.8607205593931133 
1071 1.1081063233924469 
1072 1.0868405076180667 
1073 1.1932036034495732 
1074 1.2423642493310731 
1075 0.9324144190887933 
1076 1.0319823109382134 
1077 0.5747005862177913 
1078 0.9621389023238532 
1079 0.6679586176045267 
1080 0.8736535699216066 
1081 0.5746357435684686 
1082 0.646456387401648 
1083 0.5779935384989313 
1084 0.481262466330484 
1085 0.7381051400681333 
1086 0.5779389963514167 
1087 0.7373780494416734 
1088 0.5650214990853094 
1089 0.9309998413414999 
1090 0.78206504696374 
1091 0.9332966676229867 
1092 0.9602885368401334 
1093 1.0825197855490667 
1094 1.1574368444913732 
1095 1.0678001786111333 
1096 1.1655017872937334 
1097 0.9723272613970401 
1098 1.0870713736002868 
1099 1.0385132272158466 
1100 0.9665731951501333 
1101 0.9185912776468667 
1102 0.8325733676678266 
1103 0.76765894432884 
1104 0.6337092522498493 
1105 0.8527894407658266 
1106 0.7119906234837601 
1107 0.8548254433845599 
1108 0.6919735050990999 
1109 0.7756503318215333 
1110 0.78030288739208 
1111 0.7932651274543533 
1112 0.8586929077243333 
1113 0.83686644658582 
1114 0.8889053030989934 
1115 0.7926609634811933 
1116 0.7450870115437667 
1117 0.8561863420223933 
1118 0.9775734662571067 
1119 0.8492214422731467 
1120 0.8761387883596734 
1121 0.8799566069271666 
1122 0.9335156388294333 
1123 0.7673619674425001 
1124 0.91435637331086 
1125 0.9456692444239 
1126 1.0474880547819132 
1127 0.9033131233009599 
1128 1.1082616034828532 
1129 0.78827686399036 
1130 0.96892640197312 
1131 0.6792030218861067 
1132 0.7406725368384733 
1133 0.7899071107364066 
1134 0.84401478800432 
1135 0.5856757771036053 
1136 0.7380897252162867 
1137 0.6581975681129433 
1138 0.7405338330017667 
1139 0.7000584514470201 
1140 0.6848134281404533 
1141 0.7684724287944934 
1142 0.68714692135612 
1143 0.8893404623019333 
1144 0.6339074042628466 
1145 0.9923557623986734 
1146 0.7280287001510399 
1147 0.945027610402 
1148 0.7608377541518266 
1149 0.9255236392101199 
1150 0.8229450370454601 
1151 0.92081588833202 
1152 0.7238331047296934 
1153 0.74228471070178 
1154 0.7610306163553133 
1155 0.7385165947924134 
1156 0.9870224997337333 
1157 0.8819484882987866 
1158 1.2434700004588335 
1159 0.8824555146865 
1160 1.2025892420704667 
1161 0.90770032388084 
1162 1.3526879494947535 
1163 0.9103076685003334 
1164 1.2756187973577 
1165 0.8814097712506134 
1166 0.9457118958998867 
1167 0.86711089532772 
1168 0.9072082230947867 
1169 0.9762028986786534 
1170 1.0406748599903866 
1171 1.03144392715806 
1172 0.9222014348783534 
1173 1.0119989116231 
1174 0.9019244626381799 
1175 1.03613325441738 
1176 0.74985860166676 
1177 0.9749688804594733 
1178 0.94830145044776 
1179 0.8564322803148 
1180 0.8209960896768267 
1181 0.8066381383604134 
1182 0.8487435426128067 
1183 0.8706476031371266 
1184 0.9074656025491333 
1185 0.8765139524797134 
1186 0.7345760461914334 
1187 0.7770071896358534 
1188 0.7066743880696067 
1189 0.9257211508583401 
1190 0.71197860267152 
1191 0.8488291092325467 
1192 0.6420801552550887 
1193 0.7608017029170733 
1194 0.626524553962174 
1195 0.6960253462410467 
1196 0.643423210512974 
1197 0.6767846031843933 
1198 0.6629871808501846 
1199 0.6213190337794247 
1200 0.7251977293904867 
1201 0.71267929916176 
1202 0.73756742815592 
1203 0.8358455915370067 
1204 0.75508202422022 
1205 0.83769793016892 
1206 0.7363965824237133 
1207 0.9394047254999134 
1208 0.7669800789679467 
1209 0.8293337614224666 
1210 0.75984420682302 
1211 0.8007859616646333 
1212 0.77282190240288 
1213 0.6951689664495934 
1214 0.78301689611342 
1215 0.7076489147111933 
1216 0.7434549214506067 
1217 0.6082066676753086 
1218 0.7341423236514533 
1219 0.8297894053870067 
1220 0.6437920592413954 
1221 0.7919306969824199 
1222 0.6903459031778533 
1223 0.8750558428313867 
1224 0.7553889784659 
1225 0.7241808667894534 
1226 0.9121631560763334 
1227 0.7090812486348333 
1228 0.9291887731838799 
1229 0.6980648181220933 
1230 1.0006823466520134 
1231 0.7108058080938933 
1232 1.026508006269 
1233 0.6910344051861866 
1234 1.01790351315674 
1235 0.6954395536008067 
1236 0.8629187304657866 
1237 0.7836272444047533 
1238 0.8735925768702 
1239 0.85379152621796 
1240 0.9043752939016266 
1241 0.83652218621992 
1242 0.75270775713852 
1243 0.7691873514885266 
1244 0.6494096379349059 
1245 0.6552093688314099 
1246 0.5863622353017114 
1247 0.6444553378889634 
1248 0.5970212359276961 
1249 0.571914520275984 
1250 0.5318388523593987 
1251 0.5445012114434132 
1252 0.5119559903100507 
1253 0.8974632635398401 
1254 0.6306668748855321 
1255 0.7778831431315066 
1256 0.7252646903374533 
1257 0.9659532005528934 
1258 1.0491956488972267 
1259 0.9940799232531401 
1260 1.1803064370007934 
1261 1.0720737005354266 
1262 1.1975757293973066 
1263 0.7426987955861599 
1264 1.0992748533972 
1265 0.7782514572203466 
1266 1.0015079138206067 
1267 0.7381488014980533 
1268 0.8407621308480534 
1269 0.9505114480747999 
1270 0.7607328886903933 
1271 0.9831395671218199 
1272 0.89061135696004 
1273 0.98668241606678 
1274 0.8613857398270134 
1275 0.9441624537271133 
1276 0.7330567527453267 
1277 0.7133085827635532 
1278 0.6533968168656006 
1279 0.5882452408694794 
1280 0.4727207041935053 
1281 0.5685545204157133 
1282 0.45198669735839203 
1283 0.62917490356785 
1284 0.5497426374198567 
1285 0.5902689913032366 
1286 0.547127650140292 
1287 0.58515204029265 
1288 0.565771676837396 
1289 0.6073773750614073 
1290 0.6198410865510634 
1291 0.6719295287706867 
1292 0.5939751997866306 
1293 0.5581584131724834 
1294 0.5089516033060113 
1295 0.546221402932724 
1296 0.5299328417919427 
1297 0.5003352797506687 
1298 0.6058071298451413 
1299 0.5018861677961313 
1300 0.5780452845516967 
1301 0.504572305596098 
1302 0.593936797998918 
1303 0.7565496650682533 
1304 0.76166067606206 
1305 0.87951040294586 
1306 0.81010175021456 
1307 0.93525773422666 
1308 0.75603129548754 
1309 1.0300594195410266 
1310 0.9295157802789333 
1311 1.1077939684729001 
1312 0.8846390051009667 
1313 0.8400144072377334 
1314 0.7777713733294066 
1315 0.7388467032489133 
1316 0.5666689455773787 
1317 0.6296979256296861 
1318 0.5423747203016579 
1319 0.6341225519813279 
1320 0.79398132971134 
1321 0.5887660093216173 
1322 0.8593935399834532 
1323 0.6391121294080347 
1324 0.79810800789628 
1325 0.8201845776235933 
1326 0.8957869734296333 
1327 0.8669499126578134 
1328 0.9422163906551867 
1329 0.7653203300510201 
1330 0.7157554000738333 
1331 0.8663439454965334 
1332 0.7428007487041867 
1333 0.9299789339256067 
1334 0.7561426265570801 
1335 0.8620719478964134 
1336 0.7943940333601266 
1337 0.94088661944514 
1338 0.8856356449180534 
1339 0.9915004466391133 
1340 0.95760255146676 
1341 1.0308431337766466 
1342 1.1199686400469666 
1343 1.04042907596826 
1344 1.1896415946753467 
1345 0.8432870636340933 
1346 1.0159135726941333 
1347 0.78180430709574 
1348 0.8819890926147866 
1349 0.9795575320222867 
1350 0.8843205057493599 
1351 0.8473429107903533 
1352 0.78503432654048 
1353 0.771590768614 
1354 0.7248431884142866 
1355 0.9181464953375666 
1356 0.7643647999617467 
1357 0.8446255786303933 
1358 0.7863155052443533 
1359 0.71790124609892 
1360 0.9135462208923067 
1361 0.7359395934572467 
1362 0.88303567171582 
1363 0.86995069672972 
1364 0.9835405772773134 
1365 0.7684942775448399 
1366 1.0144215887252868 
1367 0.9967783053221267 
1368 1.2767637691008067 
1369 0.9365816035701666 
1370 1.11371092026718 
1371 1.0033489564684066 
1372 15.4786068045148 
1373 0.8763652028638 
1374 16.4547011762111 
1375 0.82667398755578 
1376 0.85968177020712 
1377 0.9309328417952133 
1378 0.99415345999012 
1379 0.9132668081373266 
1380 1.02298133156242 
1381 0.95629259964306 
1382 0.9434475931446866 
1383 1.018065827241 
1384 0.7968783785169734 
1385 0.9964561440205133 
1386 0.7265158356867734 
1387 0.8204645089215133 
1388 0.6691858776930066 
1389 0.7460672868084333 
1390 0.663677428262636 
1391 0.7140615488639334 
1392 0.5119890126569253 
1393 0.7771243712274732 
1394 0.5077805728596547 
1395 0.6554502388369193 
1396 0.512525211370258 
1397 0.7057066222772199 
1398 0.528037866566008 
1399 0.95521112060824 
1400 0.7423618199172732 
1401 0.8686939042238 
1402 0.8293788020766001 
1403 0.8152043166084201 
1404 0.8241910259441066 
1405 0.8096595030122467 
1406 0.7973476499577467 
1407 1.0772149942369 
1408 0.9554805117566467 
1409 0.9496411770215467 
1410 0.8373709138568134 
1411 0.8678850151485467 
1412 0.9422244532424333 
1413 0.96528803415694 
1414 0.97713927747186 
1415 0.6711353712593666 
1416 0.82382601403376 
1417 0.7008615744108401 
1418 0.8743231369516933 
1419 0.5933382952795434 
1420 0.8135217944790266 
1421 0.48022595013312264 
1422 0.813083276942 
1423 0.639512125050636 
1424 0.6677863385220533 
1425 0.7003933255760066 
1426 0.6703148963347334 
1427 0.8779524707219333 
1428 0.69820580007902 
1429 0.8662436669169734 
1430 0.8442079076755867 
1431 0.8151625394988733 
1432 0.9096701562274133 
1433 0.8104186857991333 
1434 0.85720059770372 
1435 0.78135977331036 
1436 0.6115874185304367 
1437 0.7175191662549066 
1438 0.67488566670678 
1439 0.8129031053879401 
1440 0.7248873445322332 
1441 0.6936904669380134 
1442 0.8326088976983868 
1443 0.7435889674286533 
1444 0.8720511287510401 
1445 0.5989740039779347 
1446 0.7339244185394 
1447 0.5988342633989919 
1448 0.76376193762216 
1449 0.41244820727740933 
1450 10.1975527238668 
1451 0.31315375757355063 
1452 0.5469992410449114 
1453 0.3740687978020553 
1454 0.35529600874082334 
1455 0.4658406242220294 
1456 0.35821104160666667 
1457 0.487614616970874 
1458 0.37333651136420465 
1459 0.5313690010662799 
1460 0.4657066238200887 
1461 0.6179796078215614 
1462 0.5752584721656248 
1463 0.6356684022262219 
1464 0.597155209932036 
1465 0.6339761151216646 
1466 0.6800751693960134 
1467 0.8910281386967733 
1468 0.7646646379907334 
1469 0.9171529019069734 
1470 0.6918167305591534 
1471 0.7975065295999 
1472 0.6512776056070454 
1473 0.8781656895369401 
1474 0.6674548658235 
1475 0.8879288512988333 
1476 0.67044447734612 
1477 0.8857646843402868 
1478 0.6834316069249067 
1479 0.6258078254251493 
1480 0.628678057232808 
1481 0.581494996996976 
1482 0.6397463424320987 
1483 0.6584995669641693 
1484 0.6152371090268812 
1485 0.6138205297654614 
1486 0.5682687702817639 
1487 0.6063196773377694 
1488 0.6151013146490367 
1489 0.7285389284458267 
1490 0.70779215683208 
1491 0.7708990535140666 
1492 0.75052625366746 
1493 0.71667142907036 
1494 0.7411299797380266 
1495 0.6924842784581267 
1496 0.7150317759856534 
1497 0.6761865026455466 
1498 0.6419620936314486 
1499 0.5522562247949341 
1500 0.5850132159138206 
1501 0.6325417408736307 
1502 0.5750065006037127 
1503 0.63962073796687 
1504 0.5790847697705866 
1505 0.702883044867 
1506 0.8576317080052467 
1507 0.6882607881185134 
1508 0.8761761567842534 
1509 0.67405409111444 
1510 0.7788337820112333 
1511 0.7679000541780667 
1512 0.6740948420831867 
1513 0.7332661391653267 
1514 0.7888777465971266 
1515 0.8388709263566867 
1516 0.6454390772019507 
1517 0.8928371972722133 
1518 0.69693375289866 
1519 0.7483232023736667 
1520 0.7483232023736667 
1521 0.8937287072666467 
