0 3.45742191544806 
1 3.26230466020926 
2 3.5397405662542 
3 3.15354349646704 
4 3.71717998902242 
5 3.18117191663022 
6 3.5992670641119404 
7 3.2322884907077603 
8 3.6749231030421 
9 3.28021538181268 
10 3.96260445223598 
11 3.3794361521356002 
12 4.1633331106289395 
13 3.31928778084556 
14 4.15803567251638 
15 3.21667512111242 
16 3.8789713144682403 
17 2.9970003808217003 
18 3.4324899168089202 
19 2.9743419669940403 
20 3.19747723525834 
21 3.03695780216228 
22 3.3221277115219996 
23 3.11735637419854 
24 3.17501514253498 
25 3.30478427282222 
26 3.5493241173918397 
27 3.4089761690642 
28 3.60098706871552 
29 3.49156996778864 
30 3.65604412957832 
31 3.5542854316762402 
32 3.8985958692774405 
33 3.6067736643216 
34 3.7137448799139596 
35 3.4936657305027197 
36 3.675720555225 
37 3.55689759988922 
38 3.8109594362406 
39 3.65307253033534 
40 4.009770614079359 
41 3.65628769522948 
42 3.9706919379659196 
43 3.82755980248472 
44 4.08873758087376 
45 3.8349001029959404 
46 4.08873758087376 
47 3.83644145421338 
48 4.00485063108022 
49 3.7728135431408605 
50 3.93494463534428 
51 3.7256597725266802 
52 3.7457757101295597 
53 3.56709822556948 
54 3.6218748666061003 
55 3.4392410916431997 
56 3.5317608142284 
57 3.5033927897592596 
58 3.70911549117098 
59 3.4294934108705 
60 3.6049106581801396 
61 3.3436072693163 
62 3.57147156986818 
63 3.31826373757376 
64 3.50433178405054 
65 3.40927937501914 
66 3.44103802438446 
67 3.27030285688902 
68 3.32160405250296 
69 3.13676745351902 
70 2.98736848789122 
71 2.9656638391584798 
72 2.9091737678831597 
73 2.76631199459324 
74 2.82173062215898 
75 2.9749986198559197 
76 3.32176867009058 
77 3.16719932456276 
78 3.59739402008656 
79 3.37121092748056 
80 3.5824258595696596 
81 3.46610483675542 
82 3.57362694691844 
83 3.3315148683530196 
84 3.39140623400816 
85 3.26771947649664 
86 3.40766319035216 
87 3.13260829032682 
88 3.3699284819613 
89 3.23902963406116 
90 3.5407387721441195 
91 3.21569610302328 
92 3.35041380255918 
93 3.22291310445406 
94 3.2967485096084603 
95 3.3178616052426597 
96 3.3600380980464997 
97 3.26639261880718 
98 3.26445913608472 
99 3.3170343658936403 
100 3.3187709651378396 
101 3.3718946721441396 
102 3.4300127146849 
103 3.34852880577978 
104 3.4353951671257805 
105 3.2712648648738005 
106 3.41128060493306 
107 3.5911917593271605 
108 3.61755337511888 
109 3.61994313607464 
110 3.48997180022074 
111 3.7600929124854803 
112 3.49906545338318 
113 3.6445682496391596 
114 3.42081262943562 
115 3.4710318107711204 
116 3.46616918954926 
117 3.34529781457944 
118 3.3908147169089604 
119 3.53333457182704 
120 3.4935828761562595 
121 3.5127185957526796 
122 3.52038545685948 
123 3.4765105346040004 
124 3.35242308394796 
125 3.5392112508465403 
126 3.69747586499724 
127 3.37168338754552 
128 3.6817336531721 
129 3.44572823856418 
130 3.79156923270886 
131 3.60035181516428 
132 3.8115420651552596 
133 3.6536624000713 
134 3.75307873488678 
135 3.5154507440310603 
136 3.79272032337364 
137 3.49854123362664 
138 3.86647470748722 
139 3.5044576485954004 
140 3.92541630565796 
141 3.4575677982141 
142 3.87497115118492 
143 3.4449760544845196 
144 3.90809737706548 
145 3.5222305108537597 
146 3.8106321620124803 
147 3.5567251271886398 
148 3.914582580108 
149 3.65117074469092 
150 3.91462429288424 
151 3.6099259457917 
152 3.8446193787972804 
153 3.89050565472212 
154 3.8824570190391396 
155 3.7064874409704203 
156 3.65866041876554 
157 3.5920028431928204 
158 3.49254859255836 
159 3.5950052652978597 
160 3.3875848594538605 
161 3.2892965076051603 
162 3.28989598501936 
163 3.14302551836692 
164 3.3108410456355797 
165 3.47271850733936 
166 3.39289327444054 
167 3.4933837820201603 
168 3.46830207694322 
169 3.43254345587716 
170 3.50066860898554 
171 3.3813207502091798 
172 3.36932655278626 
173 3.3813207502091798 
174 3.3345668148569603 
175 3.3221325703100595 
176 3.32386862203032 
177 3.39498187599648 
178 3.3542912295224396 
179 3.4557778294170802 
180 3.7481168857229 
181 3.15551367225052 
182 3.6460055083674803 
183 3.1965822997218 
184 3.65086408189608 
185 3.13509510237126 
186 3.53297219873052 
187 3.27002577077034 
188 3.5568345305861 
189 3.3668053476756596 
190 3.71715665343982 
191 3.71826416925164 
192 3.82084355549454 
193 4.07345114475144 
194 4.11899552222754 
195 4.02627624476498 
196 3.9291990526664398 
197 4.15455014871634 
198 4.09867441446492 
199 3.95317463795922 
200 3.9429810799415 
201 3.862949365837 
202 3.9092986843880198 
203 3.9039289808032995 
204 4.01448882999094 
205 3.7133738039868 
206 3.59734353987614 
207 3.57228663884268 
208 3.5086257682992197 
209 3.5633262515378803 
210 3.4585448412463995 
211 3.5945313528839202 
212 3.35206357965058 
213 3.5536116727175395 
214 3.4394812622806397 
215 3.80560769871244 
216 3.7464876742102198 
217 3.7095716868733803 
218 3.90945096164016 
219 3.7956361884577197 
220 3.8257127469122603 
221 3.78810960378978 
222 3.9732293732804003 
223 3.5942872909416996 
224 3.6451221531458797 
225 3.4640199519052204 
226 3.4179467985717205 
227 3.2268269495495803 
228 3.2945466730888198 
229 3.30023281180424 
230 3.13735711969448 
231 3.24582447674426 
232 3.21669201600172 
233 3.4262061475498795 
234 3.13852571082142 
235 3.5044922694697 
236 3.3217584529378796 
237 3.42646878380232 
238 3.4923357710434404 
239 3.5991773797835203 
240 3.5686365554992796 
241 3.5714444023146 
242 3.6651030611811004 
243 3.60398132719398 
244 3.84810865470446 
245 3.6703873492734997 
246 3.7583676527653997 
247 3.42016641066056 
248 3.8120493625032 
249 3.45742238904734 
250 4.02092451657584 
251 3.3769338835504796 
252 3.86929608492214 
253 3.4464144769258604 
254 3.8722192994175204 
255 3.59923375717458 
256 3.82921865570478 
257 3.4597814921840198 
258 3.71438799448906 
259 3.57575398042824 
260 3.62070012251854 
261 3.62087262493998 
262 3.6394240009498 
263 3.6964160353353797 
264 3.77094653975984 
265 3.7464945051434397 
266 3.70031985903182 
267 3.53318848486868 
268 3.5322506078657 
269 3.39820719956816 
270 3.37200885216322 
271 3.2620916628807004 
272 3.2929791347287596 
273 3.1736021927205003 
274 3.20547929059956 
275 3.2570229281241403 
276 3.4092413410774 
277 3.45961293290676 
278 3.6096305711792 
279 3.61563664204524 
280 3.7324432315270997 
281 3.8169013890898804 
282 3.69335035027468 
283 3.7508502822474803 
284 3.7295653111237597 
285 4.02672173664868 
286 3.613250162184 
287 3.77696466498186 
288 3.5198666783098402 
289 3.77643319135338 
290 3.29858464416206 
291 3.69592754018318 
292 3.6089698380906 
293 3.6496131361271997 
294 3.90681878876316 
295 3.8754803958957 
296 3.9391989495031403 
297 3.9349036661126595 
298 3.99069932949132 
299 3.99479896328002 
300 3.7678388438953805 
301 3.9084967179101597 
302 3.7383385658023798 
303 3.99802270679636 
304 3.7930604048729 
305 3.9543490517235 
306 3.8020893757707803 
307 3.9813862437153196 
308 3.8497230804024603 
309 4.01238717389648 
310 3.693333133094 
311 3.9438424928786397 
312 3.54136112619326 
313 3.8005584382566395 
314 3.4573396044045195 
315 3.6517545842809596 
316 3.3434368810339796 
317 3.67086602405834 
318 3.52932710643544 
319 3.68833243707646 
320 3.6229466762927798 
321 3.75757128380456 
322 3.6264215635031802 
323 3.76544969063196 
324 3.6205519409936797 
325 3.71828504194164 
326 3.6205519409936797 
327 3.5418505994003 
328 3.5586280064864804 
329 3.5715867143954396 
330 3.6201541736226197 
331 3.5794376408239 
332 3.64064647723844 
333 3.4543669575195404 
334 3.44043331393582 
335 3.3848906713926397 
336 3.37073285360218 
337 3.41013098152274 
338 3.4053961161261803 
339 3.39204577278202 
340 3.4182389815259597 
341 3.6074309320349998 
342 3.33278606214692 
343 3.9089995136397397 
344 3.4889460443267195 
345 3.8634900719856 
346 3.4200686336634 
347 3.8548627587232405 
348 3.3662700752656596 
349 3.7911787452340397 
350 3.6519361579473197 
351 3.7911787452340397 
352 3.66084528152944 
353 3.7868514343741198 
354 3.61107927170292 
355 3.91322269475856 
356 3.7306637160982 
357 3.89433171378782 
358 3.6155560360386403 
359 3.89433171378782 
360 3.64344984445396 
361 3.9655357772821604 
362 3.73718095124982 
363 3.9488371643357603 
364 3.72716896117688 
365 3.79978844663068 
366 3.6586191808230604 
367 3.73709781751988 
368 3.55528691156566 
369 3.759675274845 
370 3.5113665617046204 
371 3.7352374681005402 
372 3.3967005324660597 
373 3.8237131448013004 
374 3.49332515269914 
375 3.6810810791067397 
376 3.4973332400921997 
377 3.61207493325238 
378 3.52453017977912 
379 3.6220694697052 
380 3.55997294591698 
381 3.60565552481894 
382 3.66747523602348 
383 3.64034199797672 
384 3.7467083649230197 
385 3.6678837224879204 
386 3.74572640330942 
387 3.67460789430996 
388 3.8189306021587 
389 3.7757976854349997 
390 3.62069082220068 
391 3.6922295410466197 
392 3.5232293793274403 
393 3.57192289905434 
394 3.4188954159766403 
395 3.4746684194730397 
396 3.32523231680266 
397 3.57901759699388 
398 3.3125632201491597 
399 3.59942753125002 
400 3.5089346810496203 
401 3.70776834727734 
402 3.8442903536143 
403 3.8252569175488396 
404 4.15152745234062 
405 3.9190061526249202 
406 4.23731872385744 
407 3.7515442777040002 
408 3.81963625026438 
409 3.59011533700226 
410 3.53569617496444 
411 3.71291415582812 
412 3.3843581229449398 
413 3.47498054176656 
414 3.40615985618942 
415 3.70616802967736 
416 3.8113460192161 
417 3.78001912101794 
418 4.1294122630131 
419 3.47198280667836 
420 3.9363305707575003 
421 3.46875599068114 
422 3.7405084298777402 
423 3.2438816405259603 
424 3.36229670947744 
425 3.25336447083576 
426 3.18598845845396 
427 3.26251308161878 
428 3.1827905606049 
429 3.40262799272016 
430 3.4614591234086602 
431 3.5555663870906997 
432 3.8396708438089804 
433 3.5198342761382597 
434 4.012356877660499 
435 3.5777852827951797 
436 4.1646336463132005 
437 3.46576050793844 
438 3.9379873275811805 
439 3.4634607073786596 
440 3.8235949957199 
441 3.5674926786274397 
442 3.9436204759352202 
443 3.54654633445356 
444 3.97138157691428 
445 3.7428288303868795 
446 3.8805037501467603 
447 3.71909778733306 
448 3.89815585553882 
449 3.65787359185326 
450 3.6478681721876596 
451 3.68044009925154 
452 3.6410399721683198 
453 3.690217953115 
454 3.66040606621986 
455 3.8682061608438403 
456 3.5094261385811003 
457 3.5321336019564398 
458 3.5321336019564398 
459 4.1563243009640995 
460 3.4766155884624 
461 4.09538528830278 
462 3.4734770149726204 
463 4.1987633880507405 
464 3.5191710281485 
465 4.0796864365758 
466 3.57424598464542 
467 3.88644736571542 
468 3.56601347553268 
469 3.7661244729601995 
470 3.4996629344628603 
471 3.69696672525182 
472 3.3881969620695997 
473 3.8230536207441603 
474 3.40331479720644 
475 3.7744446758800003 
476 3.52220530645686 
477 3.5282034480405797 
478 3.40665378785974 
479 3.69229533190126 
480 3.5382487883345 
481 3.69229533190126 
482 3.53840667024512 
483 3.85255226869308 
484 3.46588209702376 
485 3.98386883020934 
486 3.61641706903092 
487 3.85662043277474 
488 3.5944365795828 
489 3.75337431882946 
490 3.56242548831788 
491 3.59693315613528 
492 3.51322036251464 
493 3.6508070862451603 
494 3.5519695773638396 
495 3.8396163845812197 
496 3.6092735745481 
497 3.73273345478932 
498 3.57819445207178 
499 3.7872463013992204 
500 3.6564512256863204 
501 3.73458337188334 
502 3.6165660105524404 
503 3.5518970378343604 
504 3.4500396663233404 
505 3.6342710176180395 
506 3.4931831392095396 
507 3.67441669195998 
508 3.444390149767 
509 3.76253196135002 
510 3.45055283479714 
511 3.9452182953989996 
512 3.69975762393 
513 4.0054887008668 
514 3.6025826272357397 
515 3.9411936032560595 
516 3.62359247057572 
517 3.79565895468208 
518 3.4833396341780998 
519 3.8133885101634197 
520 3.42322828929032 
521 3.87943784065504 
522 3.48145376096942 
523 3.9250183978458204 
524 3.5325112740682996 
525 4.02331642862076 
526 3.6170906210335 
527 3.92348866688896 
528 3.6677849445357404 
529 3.92492399488302 
530 3.6693389171988597 
531 3.9802656085354 
532 3.85287525427914 
533 3.92765773475724 
534 3.7992029794859805 
535 3.8824025928346004 
536 3.7992029794859805 
537 3.8824025928346004 
538 3.83727763178326 
539 4.073163716517341 
540 3.86652002058108 
541 4.3526466518269 
542 4.0006580493624195 
543 4.4799999999999995 
544 4.0006580493624195 
545 4.4515988887116995 
546 4.11166874802568 
547 4.44559624298028 
548 4.11166874802568 
549 4.4722776146321 
550 4.24735301571996 
551 4.3697383624148 
552 4.1002570793692 
553 4.23731799347108 
554 4.1002570793692 
555 3.8154057899922798 
556 3.88466548642334 
557 3.5065610395096 
558 3.61063236888486 
559 3.5349621507979 
560 3.67154583068018 
561 3.67338516547306 
562 3.6534095543739604 
563 3.8056260936730197 
564 3.95229124127808 
565 3.94913210617148 
566 4.0791593352220605 
567 3.9700336155456397 
568 4.06216468261498 
569 3.9700336155456397 
570 4.01260534141992 
571 4.01749578200518 
572 4.1597703650144195 
573 3.8790727673300403 
574 4.22746598251572 
575 3.7076361945292 
576 3.9766078046482 
577 3.55709389322422 
578 3.7025746871097 
579 3.53619238385006 
580 3.7195693397168 
581 3.67461539852522 
582 3.7014330634105597 
583 3.79858980486652 
584 3.9788363447568003 
585 3.94913210617148 
586 4.10570443870078 
587 3.97522132005336 
588 4.0887097860937 
589 3.97522132005336 
590 4.0391504448986195 
591 4.0226834865129 
592 4.02589791159148 
593 3.9607585518113604 
594 4.02124855050052 
595 3.74614015077414 
596 4.0176220090906805 
597 3.60959890354154 
598 4.08355600630296 
599 3.56015729077928 
600 3.9062197184068195 
601 3.64096401300228 
602 3.9820673103632 
603 3.66741663436168 
604 3.7806833088599396 
605 3.80395788159428 
606 3.6287019342854 
607 3.77830716937668 
608 3.5162724020031804 
609 3.76742150844064 
610 3.51338289785006 
611 3.7132162669343005 
612 3.5142999795298997 
613 3.60349778676106 
614 3.37337832378304 
615 3.65739576274794 
616 3.4088368532039 
617 3.91727762636404 
618 3.43796555324664 
619 4.13355943366634 
620 3.6247342452090203 
621 4.1521570842362205 
622 3.68989687523142 
623 4.15101330693086 
624 3.7936093749071 
625 4.15101330693086 
626 3.8526425599659397 
627 3.8924305962065198 
628 3.66886149512998 
629 3.9835514258098796 
630 3.7041726720538 
631 3.9630664375672198 
632 3.6308589270329796 
633 3.75049539366226 
634 3.54276204784336 
635 3.8404918611451597 
636 3.6208129846158004 
637 3.86466483786106 
638 3.8150038282799796 
639 3.90629224384064 
640 3.8914724850774 
641 3.9756538421545002 
642 4.03719648736444 
643 3.79136690752364 
644 3.91940420482472 
645 3.6681737541302804 
646 3.5627104390241002 
647 3.5365700933110196 
648 3.4812841846444997 
649 3.41239778922902 
650 3.27800805304636 
651 3.5010320942743 
652 3.3611420574901403 
653 3.61250090414548 
654 3.4830809297376804 
655 3.68262900776214 
656 3.5605859545897403 
657 3.6498796903288 
658 3.564639502442 
659 3.7341894077316 
660 3.6256234620799397 
661 3.52212146796992 
662 3.62334651388678 
663 3.6287311712944996 
664 3.5814958720016 
665 3.6542605961986196 
666 3.62970342615982 
667 3.82476552252304 
668 3.79732503751014 
669 3.89607023708212 
670 3.85644339346826 
671 4.03334391122148 
672 3.8669296213135 
673 4.26622405719452 
674 3.94742814029188 
675 4.08026361501986 
676 3.64847093463694 
677 4.05579262341808 
678 3.65213852936508 
679 3.8093259011199203 
680 3.51953443682574 
681 3.80643791609278 
682 3.4316371930262 
683 4.00182258736724 
684 3.56194215022174 
685 3.89441196578696 
686 3.4955676839467005 
687 4.0503080900157205 
688 3.70434993748774 
689 3.85806342494986 
690 3.6922877733694 
691 3.5675514120339598 
692 3.88219313723284 
693 3.5592367044146203 
694 3.91945113452278 
695 3.24198588055918 
696 3.59574744691962 
697 3.12117991334578 
698 3.45968944860054 
699 3.07881405693858 
700 3.27548472874292 
701 3.1565680183204003 
702 3.3341429461169803 
703 3.26711565263468 
704 3.58150841703302 
705 3.26239907527754 
706 3.7086127163647804 
707 3.40255639368502 
708 3.67066220468606 
709 3.278405710335 
710 3.55864835356996 
711 3.4095396536609797 
712 3.70058029106744 
713 3.7353188709887597 
714 3.7353188709887597 
715 3.7762725120494 
716 3.7762725120494 
717 3.56416035567828 
718 3.6989523785781797 
719 3.70125170618012 
720 3.72791261159238 
721 3.74035177748254 
722 3.6904910850502803 
723 3.94080724723462 
724 3.41649855228104 
725 4.0343221722355 
726 3.3873183960479 
727 4.0899513726493195 
728 3.59677836166534 
729 4.00893431666412 
730 3.5882729240711 
731 4.00893431666412 
732 3.4793100128228196 
733 3.8756017037172596 
734 3.5639759990160997 
735 3.50479036704058 
736 3.25878890952542 
737 3.6160640593828397 
738 3.25991659949182 
739 3.47898090427568 
740 3.3731993964992 
741 3.4865480451623 
742 3.3459519249506995 
743 3.79211769268382 
744 3.42564366075094 
745 3.91777111726986 
746 3.4737996082861597 
747 3.9683904179201797 
748 3.57632184919346 
749 4.0036463376797595 
750 3.5474409299219 
751 4.0688880268349 
752 3.7566713165170595 
753 4.08925082577848 
754 3.88565268570728 
755 4.175714680235339 
756 3.8252270060438804 
757 4.2114556010456194 
758 3.86011271026232 
759 4.00945577996498 
760 3.69476714108196 
761 3.9415598985545204 
762 3.61249332239404 
763 3.9294118022419 
764 3.6340397973597596 
765 3.9379926225688004 
766 3.7047970654719995 
767 3.9862782404067 
768 3.77996010128856 
769 3.93766014491258 
770 3.7196743677319395 
771 3.9498082412252002 
772 3.58977974734752 
773 3.8725830937176 
774 3.5108779430190404 
775 3.74482883531266 
776 3.41110167487408 
777 3.58396319064922 
778 3.3284517453750198 
779 3.30466144084956 
780 3.4044299292716196 
781 3.30785514428056 
782 3.4110977148450603 
783 3.5893236059282203 
784 3.60105651635378 
785 3.5913087210195203 
786 3.5890486463786204 
787 3.8744110560562803 
788 3.4554175190781797 
789 3.8252116615082 
790 3.42264043285694 
791 3.81757032480404 
792 3.2753911073443 
793 3.98730113852292 
794 3.4048180092961404 
795 3.9575836083028797 
796 3.3970876843746405 
797 3.9060009467114805 
798 3.2974585519607205 
799 3.7373671262639805 
800 3.3884272088388 
801 3.6082978873913 
802 3.38243164342342 
803 3.33827087030498 
804 3.5352940911335997 
805 3.35352429395762 
806 3.6127923346719397 
807 3.5297994511092803 
808 3.55889393205726 
809 3.65125291866552 
810 3.6219248990784 
811 3.9471968807347997 
812 3.5294810585807603 
813 3.91989183096196 
814 3.5548361200681597 
815 3.91989183096196 
816 3.6650151913174 
817 3.8004838052115 
818 3.5511535746445198 
819 3.70253030672228 
820 3.4887237782496796 
821 3.74165917542902 
822 3.4622537524829604 
823 3.74165917542902 
824 3.31136578582642 
825 3.69379209550796 
826 3.2797907801202 
827 3.5080477373709003 
828 3.4494377355338 
829 3.41164220255324 
830 3.40477942973384 
831 3.41164220255324 
832 3.51382095976128 
833 3.61349957830422 
834 3.6412134560187197 
835 3.8571754944039 
836 3.6899122374760998 
837 4.05520514495056 
838 3.7991757926641 
839 3.95618256512612 
840 3.8354577371475003 
841 3.78518670955918 
842 3.7057110836336795 
843 3.6483461946856997 
844 3.5823610957500795 
845 3.67617533006624 
846 3.6843934313355198 
847 3.6240252756757 
848 3.54075240767114 
849 3.6195819954379997 
850 3.50171883607688 
851 3.50803203026562 
852 3.5159586894323 
853 3.3853881995685597 
854 3.376025850282 
855 3.53656083378356 
856 3.4747268284884596 
857 3.5389753706923797 
858 3.4360580217815198 
859 3.5492151081346996 
860 3.3536544875262004 
861 3.4829096114160203 
862 3.30449243845734 
863 3.31413957426754 
864 3.28604282678996 
865 3.23786181641116 
866 3.2860721873895797 
867 3.21470259966902 
868 3.3442003092335804 
869 3.17691275878496 
870 3.3588931374579998 
871 3.19765336692634 
872 3.27875075365628 
873 3.31125563757832 
874 3.2965346369587003 
875 3.3194071723196403 
876 3.35108864488896 
877 3.4053471116515803 
878 3.41520556332434 
879 3.4626364002307 
880 3.4835341079943 
881 3.5030730610661003 
882 3.5556349270951797 
883 3.796253426197 
884 3.53914402968906 
885 3.7691970188135597 
886 3.55688597510144 
887 3.68392837287818 
888 3.42465243361086 
889 3.6271755541990798 
890 3.4855343727752803 
891 3.5424003940485798 
892 3.5097320813383597 
893 3.6015132978669397 
894 3.5620511140482 
895 3.65601051580918 
896 3.65829212113698 
897 3.77959961838802 
898 3.6570200171579 
899 3.75047628652984 
900 3.65993244523686 
901 3.86031397317604 
902 3.7284677237828396 
903 3.86550739271118 
904 3.7118775327469202 
905 3.81025612957288 
906 3.69188512583088 
907 3.88518418981212 
908 3.68941738844088 
909 3.7167882093899998 
910 3.51856792577124 
911 3.8487387980645202 
912 3.36410051455274 
913 3.76470853343026 
914 3.27816755107252 
915 3.4905670111433205 
916 3.2561522083446 
917 3.54084665242826 
918 3.2289809808622203 
919 3.1226071808878197 
920 3.14039260667922 
921 3.0515595849744797 
922 3.19315330372144 
923 2.8686517984731 
924 3.08763844503956 
925 2.80751593483006 
926 3.0107174139126203 
927 2.88156522005964 
928 3.11013809761374 
929 2.96129669699942 
930 3.08227042837408 
931 3.0250874880186602 
932 3.20800954044594 
933 3.12050357088088 
934 3.4967144763758 
935 3.19007882218872 
936 3.59942261122064 
937 3.2395750970143 
938 3.6122645272450002 
939 3.3992251420219 
940 3.5629458137584997 
941 3.47462719593234 
942 3.44465754638302 
943 3.4815612852423796 
944 3.4184568491978404 
945 3.38535429073832 
946 3.4234838768594997 
947 3.42555474095404 
948 3.57763872693204 
949 3.2668448967016 
950 3.46647618584512 
951 3.3621948027003397 
952 3.60291078995972 
953 3.43260272292292 
954 3.6626981107678 
955 3.4545125622983 
956 3.63611080385878 
957 3.6340960329954797 
958 3.6998439421123 
959 3.5252715315281598 
960 3.7638877158789 
961 3.3603969560876203 
962 3.62475076018096 
963 3.34707372490534 
964 3.7640959821152995 
965 3.47024714572646 
966 3.8049323171371396 
967 3.618482739094 
968 3.8049323171371396 
969 3.8039533856408 
970 3.9044095915220196 
971 3.7954201663580798 
972 3.52069181994298 
973 3.6230490586259796 
974 3.4646660364438397 
975 3.7403364666314802 
976 3.4646660364438397 
977 3.65395818677136 
978 3.3638843961836598 
979 3.47324812797836 
980 3.4900390602069997 
981 3.33652931745448 
982 3.3671376228588796 
983 3.26628335869718 
984 3.18881680508488 
985 3.4033062295894196 
986 3.26010854857608 
987 3.52837680460202 
988 3.3167230284270195 
989 3.64922546259488 
990 3.38855266991488 
991 3.3532769400053803 
992 3.47192247561708 
993 3.26396949907704 
994 3.41438173604696 
995 3.43480172449188 
996 3.43480172449188 
997 3.43480172449188 
998 3.43480172449188 
999 3.3445097754320203 
1000 3.66290202812774 
1001 3.26531578882686 
1002 3.8506963623117003 
1003 3.2636267136100003 
1004 3.86567878329208 
1005 3.48282146161594 
1006 3.95560694661976 
1007 3.63518447505398 
1008 3.8380874144009196 
1009 3.6917931394131203 
1010 3.7677404879034 
1011 3.7794813369240003 
1012 3.861785011388 
1013 3.6831726479004603 
1014 3.65471878084484 
1015 3.57759865877194 
1016 3.6423148140808204 
1017 3.54072344012366 
1018 3.76936911674854 
1019 3.6766198230731595 
1020 3.8398219404848803 
1021 3.7057088632109 
1022 4.04391697834126 
1023 3.69073421935682 
1024 4.16692801062956 
1025 3.7018721620892796 
1026 4.1236080294086 
1027 3.71022186329542 
1028 4.151127003663 
1029 3.6069035582816 
1030 3.90962810972774 
1031 3.65519816999822 
1032 3.82862112393558 
1033 3.7390086443841803 
1034 3.8478180607736805 
1035 3.7390086443841803 
1036 3.8941840533974004 
1037 3.8486379669789996 
1038 4.146986990606 
1039 3.86210546362 
1040 3.99555190427646 
1041 3.8956644833192597 
1042 3.99555190427646 
1043 3.82631676390236 
1044 3.96369964583114 
1045 3.75103620866642 
1046 3.88239806667614 
1047 3.6265744524024797 
1048 4.076451534971261 
1049 3.61601908894556 
1050 3.8355019857398 
1051 3.59686444889916 
1052 3.7925068826332202 
1053 3.67376000690548 
1054 3.87049845994576 
1055 3.79636588536314 
1056 3.82767883078926 
1057 3.6284431148046403 
1058 4.06862838002072 
1059 3.71694547426792 
1060 4.0816875402208 
1061 3.68039342588308 
1062 3.97262048501106 
1063 3.62793654134508 
1064 4.1582794831472 
1065 3.78434203485228 
1066 4.05351745203896 
1067 3.78434203485228 
1068 4.0908189790481995 
1069 4.0367380779493205 
1070 4.09358017634688 
1071 4.1908023515026205 
1072 4.05669606260578 
1073 4.2574047044304 
1074 4.161458093714041 
1075 4.2574047044304 
1076 4.08947233314458 
1077 3.91314472557088 
1078 3.83563061944664 
1079 3.72587960574698 
1080 3.9280467859863797 
1081 3.5404478608739405 
1082 3.5791037689678804 
1083 3.38429180139766 
1084 3.5369821194526603 
1085 3.40006879056086 
1086 3.5501422163359004 
1087 3.47469157356864 
1088 3.5501422163359004 
1089 3.3541500020625796 
1090 3.7308327929547196 
1091 3.51030606153886 
1092 3.6351124978035 
1093 3.5386318872809803 
1094 3.6429113888333 
1095 3.56880331332448 
1096 3.6429113888333 
1097 3.6786214331026 
1098 3.81116382923298 
1099 3.4113770845164195 
1100 3.8451678070124204 
1101 3.47976591713554 
1102 3.93191487486682 
1103 3.6528051535160797 
1104 3.7154469863044803 
1105 3.81404909687348 
1106 3.3930533397606197 
1107 4.08129344545968 
1108 3.4482840945395 
1109 4.04837529655876 
1110 3.49134718290816 
1111 3.8804438920348403 
1112 3.6028431092955997 
1113 3.77734804085486 
1114 3.70984120066988 
1115 3.77734804085486 
1116 3.7909521993506 
1117 3.7706224046883596 
1118 3.83022426109372 
1119 3.75724602039528 
1120 3.5633686576314405 
1121 3.81213226649884 
1122 3.4336196622947397 
1123 3.65805639683172 
1124 3.3269950760787403 
1125 3.5742138900235405 
1126 3.2528973397053798 
1127 3.503311474462 
1128 3.15659859264054 
1129 3.39443342035054 
1130 3.5017431431468196 
1131 3.18639420538512 
1132 3.43155034721892 
1133 3.2283414817193403 
1134 3.28632975504454 
1135 3.1726803050753802 
1136 3.71472323745776 
1137 3.3412330267634 
1138 3.7173046003194004 
1139 3.27070373814536 
1140 3.79473286000238 
1141 3.35442438307426 
1142 4.18387169507718 
1143 3.60130482037374 
1144 4.15915655162562 
1145 3.5164766931196803 
1146 4.15130006401356 
1147 3.6797701809735797 
1148 4.33848389505278 
1149 3.7449593802703 
1150 4.3403780726914 
1151 3.7140819234435396 
1152 4.32122355928772 
1153 3.62519829118774 
1154 4.08720304136016 
1155 3.6417406851843195 
1156 4.158710188613879 
1157 3.5743297583416798 
1158 3.94877018564684 
1159 3.44141557535126 
1160 4.00903601834466 
1161 3.4219990311611 
1162 4.23339605254126 
1163 3.3169004465741203 
1164 4.08743124227242 
1165 3.28772236412332 
1166 4.100305203462 
1167 3.5453254024864203 
1168 3.9506355824079598 
1169 3.59978847807914 
1170 3.9908964701103002 
1171 3.79436789781686 
1172 3.89388036826524 
1173 3.83045924752932 
1174 3.9060600042879003 
1175 3.6861973050852797 
1176 3.8950183866423203 
1177 3.7144714127365397 
1178 3.8502509355315198 
1179 3.8777990689859 
1180 3.881483022756 
1181 3.86640047687046 
1182 3.94591039535072 
1183 3.93584528783854 
1184 3.8486609859980803 
1185 3.84665227868008 
1186 4.03270887914394 
1187 3.84665227868008 
1188 4.04522927623428 
1189 3.7963747007303397 
1190 4.06688645132854 
1191 3.7324733341358196 
1192 3.99611050777416 
1193 3.70360488226424 
1194 3.99108267346372 
1195 3.70360488226424 
1196 4.02995117823884 
1197 3.85955452283356 
1198 4.12714471786878 
1199 3.9400978787481202 
1200 3.84387427592224 
1201 4.144131755848 
1202 3.82125267856974 
1203 4.03296668960386 
1204 3.69566816987394 
1205 4.15403774849462 
1206 3.5309675048652 
1207 3.97001471030388 
1208 3.8850138903661 
1209 3.73379209974276 
1210 3.7856553397925197 
1211 3.7193691628657803 
1212 3.7554194891170196 
1213 3.7193691628657803 
1214 3.9201201541257604 
1215 4.0868308669623605 
1216 3.7865400940275 
1217 4.15910432799346 
1218 3.7808014381469803 
1219 3.98517170002716 
1220 3.7848425885805197 
1221 3.9892967179735797 
1222 3.7041494156395403 
1223 3.81054639564982 
1224 3.67920786094128 
1225 3.78139389129232 
1226 3.64786181254184 
1227 4.0827739248871 
1228 3.7858483934639997 
1229 3.93132282631444 
1230 3.8921255173433202 
1231 3.9423071696745 
1232 3.86440532700378 
1233 3.78631549240324 
1234 3.84567956790598 
1235 3.47779061411738 
1236 3.8487214596958403 
1237 3.51617616148098 
1238 3.73294303008906 
1239 3.39603555598388 
1240 3.9191848352251397 
1241 3.4003827503615596 
1242 3.83251236459326 
1243 3.3562169905307995 
1244 3.7245407538405404 
1245 3.1970774400059403 
1246 3.81473523250898 
1247 3.3277435693426 
1248 3.5701884673564996 
1249 3.2342111277985 
1250 3.51697059587098 
1251 3.3637431939512803 
1252 3.6956166496270795 
1253 3.1582168241921402 
1254 3.30574399425504 
1255 3.03949943396806 
1256 3.5502907594075195 
1257 2.98552785140188 
1258 3.86931444809892 
1259 2.89857900511914 
1260 3.86655585216092 
1261 3.1080845895356797 
1262 4.0044187589189795 
1263 3.2292476803851202 
1264 3.9388188856390998 
1265 3.45432810767662 
1266 3.8173831562601004 
1267 3.4977391817448202 
1268 3.79275948977336 
1269 3.51160503362644 
1270 4.044769238387341 
1271 3.57477986908066 
1272 3.7585748033022597 
1273 3.5363419338947204 
1274 3.8735640145415404 
1275 3.55822688817548 
1276 3.74328750648438 
1277 3.41818327962232 
1278 3.4299686556701197 
1279 3.18350646521688 
1280 3.3711274943659397 
1281 3.22522285717352 
1282 3.3706754903460996 
1283 3.17861462418988 
1284 3.4145020818880396 
1285 3.14530276598158 
1286 3.4037269654300197 
1287 3.06394923456772 
1288 3.79978840696552 
1289 2.9537847799584 
1290 3.63715693283536 
1291 2.79388941919848 
1292 3.5049715947311197 
1293 2.91073592995312 
1294 3.6101288568966603 
1295 3.2644060145058 
1296 3.54553635236408 
1297 3.22116683359026 
1298 3.6200582398731598 
1299 3.25104044708756 
1300 3.6334015899214798 
1301 3.26722187687018 
1302 3.7691370167162397 
1303 3.06296844043096 
1304 3.86917003757004 
1305 3.20880917409868 
1306 3.75302120023188 
1307 3.2535449665265803 
1308 3.8118669968904597 
1309 3.18302297241214 
1310 3.76442019860418 
1311 3.22039215557414 
1312 3.7478163424321203 
1313 3.94204243479784 
