0 0.0 
1 0.0 
2 0.0 
3 0.0 
4 20.0 
5 0.0 
6 40.0 
7 0.0 
8 40.0 
9 0.0 
10 40.0 
11 0.0 
12 20.0 
13 20.0 
14 20.0 
15 20.0 
16 40.0 
17 20.0 
18 40.0 
19 20.0 
20 40.0 
21 0.0 
22 40.0 
23 0.0 
24 40.0 
25 0.0 
26 40.0 
27 0.0 
28 40.0 
29 0.0 
30 40.0 
31 0.0 
32 40.0 
33 0.0 
34 40.0 
35 20.0 
36 40.0 
37 20.0 
38 40.0 
39 20.0 
40 40.0 
41 20.0 
42 60.0 
43 0.0 
44 60.0 
45 0.0 
46 60.0 
47 0.0 
48 60.0 
49 20.0 
50 60.0 
51 20.0 
52 60.0 
53 20.0 
54 40.0 
55 20.0 
56 40.0 
57 0.0 
58 20.0 
59 0.0 
60 40.0 
61 0.0 
62 40.0 
63 0.0 
64 20.0 
65 0.0 
66 20.0 
67 0.0 
68 0.0 
69 0.0 
70 20.0 
71 0.0 
72 20.0 
73 20.0 
74 20.0 
75 20.0 
76 20.0 
77 20.0 
78 20.0 
79 20.0 
80 20.0 
81 0.0 
82 20.0 
83 20.0 
84 20.0 
85 20.0 
86 20.0 
87 40.0 
88 20.0 
89 40.0 
90 20.0 
91 40.0 
92 40.0 
93 40.0 
94 40.0 
95 40.0 
96 40.0 
97 40.0 
98 40.0 
99 40.0 
100 20.0 
101 40.0 
102 20.0 
103 40.0 
104 20.0 
105 40.0 
106 20.0 
107 40.0 
108 20.0 
109 40.0 
110 20.0 
111 20.0 
112 20.0 
113 20.0 
114 20.0 
115 20.0 
116 20.0 
117 20.0 
118 0.0 
119 20.0 
120 0.0 
121 20.0 
122 0.0 
123 20.0 
124 0.0 
125 20.0 
126 0.0 
127 20.0 
128 0.0 
129 40.0 
130 0.0 
131 40.0 
132 0.0 
133 40.0 
134 0.0 
135 40.0 
136 0.0 
137 40.0 
138 0.0 
139 40.0 
140 0.0 
141 60.0 
142 0.0 
143 60.0 
144 0.0 
145 60.0 
146 0.0 
147 40.0 
148 0.0 
149 40.0 
150 0.0 
151 40.0 
152 0.0 
153 20.0 
154 0.0 
155 20.0 
156 0.0 
157 20.0 
158 0.0 
159 20.0 
160 0.0 
161 40.0 
162 0.0 
163 40.0 
164 20.0 
165 20.0 
166 20.0 
167 40.0 
168 20.0 
169 40.0 
170 20.0 
171 40.0 
172 0.0 
173 40.0 
174 0.0 
175 40.0 
176 0.0 
177 40.0 
178 20.0 
179 40.0 
180 20.0 
181 40.0 
182 20.0 
183 40.0 
184 20.0 
185 40.0 
186 0.0 
187 40.0 
188 0.0 
189 40.0 
190 0.0 
191 20.0 
192 0.0 
193 0.0 
194 0.0 
195 20.0 
196 0.0 
197 20.0 
198 0.0 
199 40.0 
200 0.0 
201 40.0 
202 0.0 
203 40.0 
204 0.0 
205 40.0 
206 0.0 
207 20.0 
208 20.0 
209 20.0 
210 20.0 
211 0.0 
212 20.0 
213 0.0 
214 20.0 
215 0.0 
216 20.0 
217 20.0 
218 20.0 
219 20.0 
220 20.0 
221 20.0 
222 20.0 
223 20.0 
224 0.0 
225 0.0 
226 0.0 
227 0.0 
228 0.0 
229 0.0 
230 0.0 
231 0.0 
232 20.0 
233 0.0 
234 40.0 
235 0.0 
236 40.0 
237 0.0 
238 40.0 
239 0.0 
240 40.0 
241 0.0 
242 40.0 
243 0.0 
244 40.0 
245 20.0 
246 40.0 
247 20.0 
248 20.0 
249 20.0 
250 0.0 
251 20.0 
252 0.0 
253 20.0 
254 0.0 
255 20.0 
256 0.0 
257 20.0 
258 0.0 
259 20.0 
260 20.0 
261 20.0 
262 20.0 
263 20.0 
264 20.0 
265 40.0 
266 40.0 
267 40.0 
268 20.0 
269 20.0 
270 20.0 
271 20.0 
272 20.0 
273 0.0 
274 0.0 
275 0.0 
276 20.0 
277 20.0 
278 20.0 
279 20.0 
280 20.0 
281 20.0 
282 20.0 
283 20.0 
284 20.0 
285 20.0 
286 0.0 
287 0.0 
288 0.0 
289 20.0 
290 0.0 
291 20.0 
292 0.0 
293 20.0 
294 0.0 
295 20.0 
296 0.0 
297 20.0 
298 0.0 
299 20.0 
300 20.0 
301 20.0 
302 20.0 
303 20.0 
304 20.0 
305 20.0 
306 20.0 
307 20.0 
308 20.0 
309 40.0 
310 20.0 
311 40.0 
312 20.0 
313 20.0 
314 20.0 
315 20.0 
316 0.0 
317 20.0 
318 20.0 
319 20.0 
320 20.0 
321 20.0 
322 20.0 
323 40.0 
324 20.0 
325 40.0 
326 20.0 
327 40.0 
328 20.0 
329 40.0 
330 20.0 
331 40.0 
332 20.0 
333 20.0 
334 20.0 
335 20.0 
336 20.0 
337 20.0 
338 20.0 
339 20.0 
340 20.0 
341 20.0 
342 0.0 
343 20.0 
344 0.0 
345 40.0 
346 20.0 
347 20.0 
348 20.0 
349 20.0 
350 20.0 
351 20.0 
352 20.0 
353 20.0 
354 0.0 
355 20.0 
356 20.0 
357 20.0 
358 20.0 
359 20.0 
360 40.0 
361 20.0 
362 40.0 
363 20.0 
364 20.0 
365 20.0 
366 20.0 
367 20.0 
368 0.0 
369 20.0 
370 0.0 
371 20.0 
372 20.0 
373 20.0 
374 20.0 
375 20.0 
376 20.0 
377 20.0 
378 20.0 
379 20.0 
380 0.0 
381 20.0 
382 0.0 
383 20.0 
384 0.0 
385 20.0 
386 0.0 
387 20.0 
388 0.0 
389 40.0 
390 0.0 
391 40.0 
392 0.0 
393 20.0 
394 0.0 
395 20.0 
396 0.0 
397 20.0 
398 0.0 
399 20.0 
400 20.0 
401 20.0 
402 20.0 
403 20.0 
404 20.0 
405 20.0 
406 20.0 
407 20.0 
408 20.0 
409 20.0 
410 0.0 
411 20.0 
412 0.0 
413 20.0 
414 0.0 
415 20.0 
416 0.0 
417 20.0 
418 0.0 
419 20.0 
420 0.0 
421 20.0 
422 0.0 
423 20.0 
424 0.0 
425 20.0 
426 0.0 
427 20.0 
428 0.0 
429 20.0 
430 0.0 
431 20.0 
432 0.0 
433 20.0 
434 0.0 
435 20.0 
436 20.0 
437 20.0 
438 20.0 
439 20.0 
440 20.0 
441 20.0 
442 20.0 
443 20.0 
444 20.0 
445 20.0 
446 20.0 
447 20.0 
448 20.0 
449 40.0 
450 20.0 
451 60.0 
452 20.0 
453 60.0 
454 20.0 
455 60.0 
456 20.0 
457 20.0 
458 20.0 
459 40.0 
460 20.0 
461 40.0 
462 20.0 
463 40.0 
464 20.0 
465 40.0 
466 40.0 
467 40.0 
468 40.0 
469 40.0 
470 40.0 
471 20.0 
472 40.0 
473 20.0 
474 40.0 
475 20.0 
476 40.0 
477 20.0 
478 40.0 
479 20.0 
480 40.0 
481 20.0 
482 20.0 
483 20.0 
484 20.0 
485 20.0 
486 20.0 
487 20.0 
488 20.0 
489 20.0 
490 40.0 
491 20.0 
492 40.0 
493 20.0 
494 40.0 
495 20.0 
496 40.0 
497 20.0 
498 20.0 
499 20.0 
500 40.0 
501 20.0 
502 60.0 
503 20.0 
504 60.0 
505 20.0 
506 60.0 
507 20.0 
508 60.0 
509 20.0 
510 40.0 
511 20.0 
512 40.0 
513 20.0 
514 40.0 
515 20.0 
516 20.0 
517 20.0 
518 20.0 
519 20.0 
520 0.0 
521 20.0 
522 0.0 
523 20.0 
524 20.0 
525 20.0 
526 20.0 
527 20.0 
528 20.0 
529 20.0 
530 20.0 
531 40.0 
532 20.0 
533 40.0 
534 20.0 
535 40.0 
536 20.0 
537 40.0 
538 20.0 
539 40.0 
540 0.0 
541 40.0 
542 0.0 
543 40.0 
544 0.0 
545 40.0 
546 0.0 
547 40.0 
548 0.0 
549 40.0 
550 0.0 
551 40.0 
552 0.0 
553 40.0 
554 0.0 
555 40.0 
556 20.0 
557 40.0 
558 20.0 
559 40.0 
560 20.0 
561 40.0 
562 20.0 
563 40.0 
564 0.0 
565 60.0 
566 0.0 
567 40.0 
568 0.0 
569 40.0 
570 0.0 
571 40.0 
572 0.0 
573 40.0 
574 0.0 
575 40.0 
576 20.0 
577 20.0 
578 20.0 
579 20.0 
580 20.0 
581 20.0 
582 20.0 
583 20.0 
584 20.0 
585 20.0 
586 20.0 
587 20.0 
588 20.0 
589 20.0 
590 20.0 
591 20.0 
592 20.0 
593 20.0 
594 20.0 
595 20.0 
596 20.0 
597 20.0 
598 20.0 
599 20.0 
600 20.0 
601 20.0 
602 20.0 
603 20.0 
604 20.0 
605 20.0 
606 20.0 
607 20.0 
608 0.0 
609 20.0 
610 0.0 
611 20.0 
612 20.0 
613 20.0 
614 40.0 
615 20.0 
616 40.0 
617 20.0 
618 40.0 
619 20.0 
620 20.0 
621 20.0 
622 20.0 
623 20.0 
624 20.0 
625 20.0 
626 20.0 
627 20.0 
628 20.0 
629 20.0 
630 0.0 
631 20.0 
632 20.0 
633 20.0 
634 20.0 
635 20.0 
636 20.0 
637 20.0 
638 20.0 
639 20.0 
640 0.0 
641 20.0 
642 0.0 
643 20.0 
644 20.0 
645 0.0 
646 20.0 
647 20.0 
648 20.0 
649 40.0 
650 40.0 
651 60.0 
652 40.0 
653 60.0 
654 40.0 
655 60.0 
656 40.0 
657 60.0 
658 20.0 
659 60.0 
660 0.0 
661 60.0 
662 0.0 
663 60.0 
664 0.0 
665 60.0 
666 0.0 
667 60.0 
668 0.0 
669 60.0 
670 0.0 
671 60.0 
672 20.0 
673 60.0 
674 20.0 
675 40.0 
676 40.0 
677 40.0 
678 40.0 
679 20.0 
680 20.0 
681 0.0 
682 20.0 
683 0.0 
684 0.0 
685 20.0 
686 0.0 
687 20.0 
688 0.0 
689 20.0 
690 0.0 
691 40.0 
692 0.0 
693 20.0 
694 0.0 
695 40.0 
696 20.0 
697 60.0 
698 40.0 
699 60.0 
700 60.0 
701 60.0 
702 60.0 
703 60.0 
704 60.0 
705 60.0 
706 40.0 
707 60.0 
708 40.0 
709 60.0 
710 40.0 
711 60.0 
712 20.0 
713 20.0 
714 20.0 
715 20.0 
716 20.0 
717 40.0 
718 20.0 
719 40.0 
720 20.0 
721 40.0 
722 40.0 
723 40.0 
724 40.0 
725 40.0 
726 40.0 
727 40.0 
728 20.0 
729 40.0 
730 0.0 
731 20.0 
732 0.0 
733 20.0 
734 20.0 
735 0.0 
736 20.0 
737 0.0 
738 20.0 
739 0.0 
740 20.0 
741 20.0 
742 0.0 
743 20.0 
744 0.0 
745 20.0 
746 0.0 
747 20.0 
748 0.0 
749 20.0 
750 0.0 
751 20.0 
752 0.0 
753 20.0 
754 0.0 
755 20.0 
756 0.0 
757 0.0 
758 0.0 
759 0.0 
760 0.0 
761 0.0 
762 0.0 
763 0.0 
764 20.0 
765 0.0 
766 20.0 
767 0.0 
768 20.0 
769 20.0 
770 20.0 
771 20.0 
772 0.0 
773 20.0 
774 20.0 
775 20.0 
776 20.0 
777 0.0 
778 40.0 
779 0.0 
780 40.0 
781 20.0 
782 20.0 
783 20.0 
784 20.0 
785 20.0 
786 0.0 
787 20.0 
788 0.0 
789 0.0 
790 0.0 
791 0.0 
792 0.0 
793 0.0 
794 0.0 
795 0.0 
796 0.0 
797 0.0 
798 0.0 
799 0.0 
800 20.0 
801 0.0 
802 20.0 
803 0.0 
804 20.0 
805 0.0 
806 20.0 
807 0.0 
808 20.0 
809 0.0 
810 20.0 
811 0.0 
812 20.0 
813 0.0 
814 20.0 
815 0.0 
816 20.0 
817 0.0 
818 20.0 
819 0.0 
820 20.0 
821 0.0 
822 20.0 
823 0.0 
824 20.0 
825 20.0 
826 20.0 
827 20.0 
828 20.0 
829 40.0 
830 20.0 
831 40.0 
832 20.0 
833 40.0 
834 20.0 
835 40.0 
836 20.0 
837 20.0 
838 20.0 
839 20.0 
840 20.0 
841 0.0 
842 20.0 
843 0.0 
844 20.0 
845 0.0 
846 20.0 
847 0.0 
848 20.0 
849 0.0 
850 20.0 
851 0.0 
852 20.0 
853 20.0 
854 20.0 
855 20.0 
856 20.0 
857 20.0 
858 20.0 
859 20.0 
860 20.0 
861 0.0 
862 20.0 
863 0.0 
864 20.0 
865 0.0 
866 20.0 
867 0.0 
868 20.0 
869 0.0 
870 20.0 
871 0.0 
872 20.0 
873 0.0 
874 20.0 
875 0.0 
876 20.0 
877 0.0 
878 20.0 
879 0.0 
880 0.0 
881 20.0 
882 0.0 
883 20.0 
884 20.0 
885 20.0 
886 20.0 
887 20.0 
888 20.0 
889 0.0 
890 20.0 
891 0.0 
892 0.0 
893 20.0 
894 0.0 
895 20.0 
896 0.0 
897 20.0 
898 0.0 
899 20.0 
900 0.0 
901 0.0 
902 0.0 
903 0.0 
904 20.0 
905 0.0 
906 20.0 
907 0.0 
908 20.0 
909 0.0 
910 20.0 
911 0.0 
912 20.0 
913 0.0 
914 20.0 
915 0.0 
916 20.0 
917 0.0 
918 20.0 
919 0.0 
920 20.0 
921 0.0 
922 20.0 
923 20.0 
924 20.0 
925 20.0 
926 20.0 
927 20.0 
928 20.0 
929 20.0 
930 20.0 
931 0.0 
932 20.0 
933 0.0 
934 20.0 
935 0.0 
936 20.0 
937 0.0 
938 20.0 
939 0.0 
940 20.0 
941 20.0 
942 20.0 
943 20.0 
944 20.0 
945 20.0 
946 20.0 
947 20.0 
948 20.0 
949 20.0 
950 20.0 
951 20.0 
952 20.0 
953 20.0 
954 20.0 
955 20.0 
956 20.0 
957 20.0 
958 20.0 
959 40.0 
960 20.0 
961 40.0 
962 20.0 
963 40.0 
964 20.0 
965 40.0 
966 20.0 
967 20.0 
968 20.0 
969 20.0 
970 20.0 
971 20.0 
972 20.0 
973 20.0 
974 20.0 
975 20.0 
976 20.0 
977 20.0 
978 20.0 
979 20.0 
980 20.0 
981 20.0 
982 20.0 
983 20.0 
984 20.0 
985 20.0 
986 20.0 
987 20.0 
988 40.0 
989 20.0 
990 40.0 
991 20.0 
992 40.0 
993 20.0 
994 40.0 
995 40.0 
996 40.0 
997 40.0 
998 40.0 
999 20.0 
1000 40.0 
1001 20.0 
1002 40.0 
1003 20.0 
1004 40.0 
1005 20.0 
1006 40.0 
1007 20.0 
1008 40.0 
1009 20.0 
1010 40.0 
1011 20.0 
1012 40.0 
1013 20.0 
1014 40.0 
1015 20.0 
1016 40.0 
1017 20.0 
1018 40.0 
1019 20.0 
1020 60.0 
1021 20.0 
1022 40.0 
1023 20.0 
1024 60.0 
1025 40.0 
1026 40.0 
1027 40.0 
1028 20.0 
1029 40.0 
1030 20.0 
1031 40.0 
1032 20.0 
1033 40.0 
1034 20.0 
1035 40.0 
1036 20.0 
1037 60.0 
1038 20.0 
1039 60.0 
1040 20.0 
1041 40.0 
1042 40.0 
1043 40.0 
1044 60.0 
1045 40.0 
1046 60.0 
1047 40.0 
1048 60.0 
1049 40.0 
1050 60.0 
1051 40.0 
1052 40.0 
1053 20.0 
1054 40.0 
1055 20.0 
1056 40.0 
1057 20.0 
1058 40.0 
1059 20.0 
1060 40.0 
1061 20.0 
1062 40.0 
1063 20.0 
1064 40.0 
1065 20.0 
1066 40.0 
1067 20.0 
1068 40.0 
1069 20.0 
1070 40.0 
1071 20.0 
1072 40.0 
1073 20.0 
1074 40.0 
1075 20.0 
1076 40.0 
1077 20.0 
1078 40.0 
1079 20.0 
1080 40.0 
1081 20.0 
1082 40.0 
1083 20.0 
1084 40.0 
1085 20.0 
1086 40.0 
1087 20.0 
1088 40.0 
1089 20.0 
1090 20.0 
1091 20.0 
1092 20.0 
1093 20.0 
1094 20.0 
1095 20.0 
1096 0.0 
1097 20.0 
1098 0.0 
1099 20.0 
1100 0.0 
1101 20.0 
1102 0.0 
1103 20.0 
1104 0.0 
1105 20.0 
1106 0.0 
1107 20.0 
1108 0.0 
1109 20.0 
1110 0.0 
1111 40.0 
1112 0.0 
1113 40.0 
1114 0.0 
1115 20.0 
1116 0.0 
1117 20.0 
1118 0.0 
1119 20.0 
1120 0.0 
1121 20.0 
1122 0.0 
1123 20.0 
1124 0.0 
1125 20.0 
1126 0.0 
1127 20.0 
1128 0.0 
1129 20.0 
1130 20.0 
1131 20.0 
1132 20.0 
1133 20.0 
1134 20.0 
1135 20.0 
1136 20.0 
1137 20.0 
1138 20.0 
1139 20.0 
1140 20.0 
1141 20.0 
1142 20.0 
1143 20.0 
1144 20.0 
1145 20.0 
1146 20.0 
1147 40.0 
1148 20.0 
1149 40.0 
1150 20.0 
1151 40.0 
1152 20.0 
1153 40.0 
1154 20.0 
1155 40.0 
1156 20.0 
1157 40.0 
1158 20.0 
1159 20.0 
1160 20.0 
1161 20.0 
1162 20.0 
1163 20.0 
1164 20.0 
1165 20.0 
1166 40.0 
1167 20.0 
1168 60.0 
1169 20.0 
1170 40.0 
1171 20.0 
1172 60.0 
1173 20.0 
1174 60.0 
1175 20.0 
1176 60.0 
1177 40.0 
1178 60.0 
1179 40.0 
1180 40.0 
1181 60.0 
1182 40.0 
1183 40.0 
1184 40.0 
1185 40.0 
1186 40.0 
1187 40.0 
1188 40.0 
1189 40.0 
1190 40.0 
1191 40.0 
1192 40.0 
1193 40.0 
1194 40.0 
1195 40.0 
1196 40.0 
1197 40.0 
1198 40.0 
1199 40.0 
1200 40.0 
1201 40.0 
1202 40.0 
1203 40.0 
1204 40.0 
1205 40.0 
1206 40.0 
1207 40.0 
1208 40.0 
1209 40.0 
1210 40.0 
1211 20.0 
1212 40.0 
1213 20.0 
1214 40.0 
1215 20.0 
1216 40.0 
1217 20.0 
1218 40.0 
1219 20.0 
1220 40.0 
1221 20.0 
1222 40.0 
1223 20.0 
1224 40.0 
1225 20.0 
1226 40.0 
1227 20.0 
1228 40.0 
1229 0.0 
1230 40.0 
1231 0.0 
1232 40.0 
1233 0.0 
1234 40.0 
1235 0.0 
1236 40.0 
1237 0.0 
1238 40.0 
1239 0.0 
1240 40.0 
1241 0.0 
1242 40.0 
1243 0.0 
1244 40.0 
1245 0.0 
1246 40.0 
1247 0.0 
1248 40.0 
1249 0.0 
1250 40.0 
1251 0.0 
1252 40.0 
1253 0.0 
1254 40.0 
1255 0.0 
1256 40.0 
1257 0.0 
1258 40.0 
1259 0.0 
1260 40.0 
1261 0.0 
1262 40.0 
1263 0.0 
1264 40.0 
1265 0.0 
1266 60.0 
1267 20.0 
1268 80.0 
1269 20.0 
1270 80.0 
1271 20.0 
1272 80.0 
1273 20.0 
1274 60.0 
1275 20.0 
1276 60.0 
1277 20.0 
1278 60.0 
1279 20.0 
1280 60.0 
1281 40.0 
1282 60.0 
1283 20.0 
1284 40.0 
1285 20.0 
1286 40.0 
1287 20.0 
1288 40.0 
1289 20.0 
1290 40.0 
1291 20.0 
1292 40.0 
1293 20.0 
1294 40.0 
1295 20.0 
1296 40.0 
1297 20.0 
1298 40.0 
1299 20.0 
1300 40.0 
1301 20.0 
1302 40.0 
1303 20.0 
1304 40.0 
1305 20.0 
1306 40.0 
1307 20.0 
1308 40.0 
1309 20.0 
1310 40.0 
1311 20.0 
1312 40.0 
1313 40.0 
