0 0 
1 0 
2 1 
3 0 
4 1 
5 0 
6 1 
7 1 
8 2 
9 1 
10 2 
11 2 
12 2 
13 2 
14 2 
15 2 
16 2 
17 2 
18 2 
19 2 
20 2 
21 2 
22 2 
23 2 
24 2 
25 1 
26 2 
27 2 
28 2 
29 1 
30 2 
31 1 
32 1 
33 1 
34 1 
35 1 
36 1 
37 1 
38 1 
39 2 
40 1 
41 2 
42 1 
43 2 
44 1 
45 2 
46 2 
47 2 
48 2 
49 2 
50 2 
51 2 
52 2 
53 2 
54 2 
55 2 
56 2 
57 2 
58 2 
59 2 
60 2 
61 2 
62 2 
63 2 
64 2 
65 1 
66 2 
67 1 
68 2 
69 2 
70 2 
71 2 
72 2 
73 1 
74 2 
75 2 
76 2 
77 1 
78 2 
79 2 
80 2 
81 1 
82 2 
83 1 
84 2 
85 1 
86 2 
87 1 
88 2 
89 1 
90 1 
91 2 
92 2 
93 1 
94 2 
95 1 
96 2 
97 1 
98 2 
99 1 
100 2 
101 1 
102 2 
103 1 
104 2 
105 1 
106 2 
107 2 
108 2 
109 1 
110 2 
111 1 
112 2 
113 1 
114 2 
115 1 
116 2 
117 2 
118 2 
119 2 
120 2 
121 2 
122 2 
123 2 
124 2 
125 1 
126 2 
127 1 
128 2 
129 1 
130 2 
131 1 
132 2 
133 1 
134 2 
135 1 
136 2 
137 1 
138 2 
139 1 
140 2 
141 1 
142 2 
143 1 
144 2 
145 2 
146 2 
147 2 
148 2 
149 2 
150 2 
151 1 
152 1 
153 1 
154 1 
155 1 
156 1 
157 1 
158 1 
159 1 
160 1 
161 1 
162 1 
163 2 
164 1 
165 2 
166 1 
167 1 
168 1 
169 1 
170 1 
171 1 
172 1 
173 2 
174 1 
175 1 
176 1 
177 2 
178 1 
179 2 
180 2 
181 2 
182 2 
183 2 
184 2 
185 2 
186 3 
187 2 
188 3 
189 2 
190 3 
191 2 
192 2 
193 2 
194 2 
195 2 
196 2 
197 2 
198 2 
199 2 
200 2 
201 2 
202 2 
203 1 
204 2 
205 3 
206 2 
207 2 
208 2 
209 2 
210 2 
211 2 
212 2 
213 2 
214 2 
215 2 
216 2 
217 2 
218 2 
219 2 
220 2 
221 1 
222 2 
223 2 
224 2 
225 2 
226 2 
227 2 
228 2 
229 2 
230 2 
231 2 
232 2 
233 1 
234 2 
235 1 
236 2 
237 1 
238 2 
239 1 
240 2 
241 1 
242 2 
243 1 
244 1 
245 1 
246 1 
247 1 
248 1 
249 1 
250 1 
251 1 
252 1 
253 1 
254 1 
255 1 
256 1 
257 1 
258 1 
259 2 
260 1 
261 2 
262 1 
263 2 
264 1 
265 3 
266 1 
267 3 
268 1 
269 2 
270 2 
271 2 
272 2 
273 2 
274 2 
275 2 
276 2 
277 2 
278 2 
279 2 
280 2 
281 2 
282 2 
283 2 
284 2 
285 1 
286 2 
287 1 
288 2 
289 2 
290 2 
291 2 
292 2 
293 2 
294 2 
295 2 
