0 0.0 
1 0.0 
2 0.0 
3 20.0 
4 20.0 
5 60.0 
6 40.0 
7 40.0 
8 40.0 
9 60.0 
10 40.0 
11 60.0 
12 20.0 
13 40.0 
14 40.0 
15 20.0 
16 40.0 
17 20.0 
18 40.0 
19 40.0 
20 40.0 
21 0.0 
22 40.0 
23 0.0 
24 40.0 
25 0.0 
26 20.0 
27 0.0 
28 0.0 
29 0.0 
30 20.0 
31 20.0 
32 20.0 
33 40.0 
34 40.0 
35 40.0 
36 40.0 
37 40.0 
38 60.0 
39 60.0 
40 40.0 
41 60.0 
42 60.0 
43 60.0 
44 60.0 
45 60.0 
46 60.0 
47 60.0 
48 60.0 
49 40.0 
50 60.0 
51 40.0 
52 40.0 
53 20.0 
54 40.0 
55 20.0 
56 40.0 
57 20.0 
58 20.0 
59 20.0 
60 20.0 
61 0.0 
62 40.0 
63 0.0 
64 20.0 
65 0.0 
66 40.0 
67 0.0 
68 60.0 
69 0.0 
70 60.0 
71 20.0 
72 40.0 
73 20.0 
74 40.0 
75 20.0 
76 20.0 
77 20.0 
78 20.0 
79 20.0 
80 20.0 
81 20.0 
82 40.0 
83 20.0 
84 60.0 
85 20.0 
86 60.0 
87 20.0 
88 60.0 
89 20.0 
90 60.0 
91 0.0 
92 60.0 
93 20.0 
94 40.0 
95 20.0 
96 40.0 
97 20.0 
98 40.0 
99 40.0 
100 40.0 
101 40.0 
102 20.0 
103 40.0 
104 20.0 
105 40.0 
106 20.0 
107 40.0 
108 20.0 
109 20.0 
110 20.0 
111 20.0 
112 20.0 
113 0.0 
114 20.0 
115 20.0 
116 20.0 
117 20.0 
118 20.0 
119 40.0 
120 40.0 
121 40.0 
122 40.0 
123 40.0 
124 40.0 
125 40.0 
126 40.0 
127 40.0 
128 40.0 
129 40.0 
130 20.0 
131 40.0 
132 20.0 
133 40.0 
134 20.0 
135 40.0 
136 20.0 
137 40.0 
138 20.0 
139 40.0 
140 20.0 
141 40.0 
142 20.0 
143 40.0 
144 20.0 
145 40.0 
146 20.0 
147 40.0 
148 20.0 
149 40.0 
150 20.0 
151 40.0 
152 40.0 
153 60.0 
154 40.0 
155 60.0 
156 40.0 
157 60.0 
158 40.0 
159 60.0 
160 60.0 
161 60.0 
162 40.0 
163 40.0 
164 40.0 
165 40.0 
166 40.0 
167 40.0 
168 20.0 
169 20.0 
170 20.0 
171 20.0 
172 20.0 
173 20.0 
174 20.0 
175 20.0 
176 20.0 
177 20.0 
178 20.0 
179 20.0 
180 0.0 
181 40.0 
182 20.0 
183 60.0 
184 20.0 
185 60.0 
186 20.0 
187 60.0 
188 20.0 
189 60.0 
190 20.0 
191 40.0 
192 20.0 
193 40.0 
194 40.0 
195 20.0 
196 40.0 
197 20.0 
198 40.0 
199 40.0 
200 40.0 
201 40.0 
202 40.0 
203 40.0 
204 20.0 
205 40.0 
206 20.0 
207 60.0 
208 20.0 
209 60.0 
210 20.0 
211 60.0 
212 20.0 
213 40.0 
214 40.0 
215 40.0 
216 40.0 
217 40.0 
218 40.0 
219 40.0 
220 60.0 
221 40.0 
222 40.0 
223 40.0 
224 40.0 
225 40.0 
226 40.0 
227 40.0 
228 40.0 
229 40.0 
230 40.0 
231 60.0 
232 40.0 
233 80.0 
234 40.0 
235 80.0 
236 40.0 
237 80.0 
238 40.0 
239 60.0 
240 40.0 
241 40.0 
242 60.0 
243 20.0 
244 60.0 
245 20.0 
246 60.0 
247 20.0 
248 60.0 
249 20.0 
250 60.0 
251 40.0 
252 60.0 
253 40.0 
254 60.0 
255 40.0 
256 60.0 
257 40.0 
258 60.0 
259 40.0 
260 40.0 
261 40.0 
262 40.0 
263 40.0 
264 40.0 
265 40.0 
266 40.0 
267 40.0 
268 40.0 
269 40.0 
270 40.0 
271 20.0 
272 20.0 
273 20.0 
274 20.0 
275 40.0 
276 20.0 
277 40.0 
278 40.0 
279 40.0 
280 40.0 
281 60.0 
282 60.0 
283 80.0 
284 60.0 
285 60.0 
286 80.0 
287 40.0 
288 60.0 
289 40.0 
290 60.0 
291 20.0 
292 40.0 
293 20.0 
294 20.0 
295 20.0 
296 20.0 
297 20.0 
298 20.0 
299 20.0 
300 20.0 
301 40.0 
302 20.0 
303 40.0 
304 20.0 
305 60.0 
306 20.0 
307 60.0 
308 20.0 
309 80.0 
310 20.0 
311 80.0 
312 20.0 
313 60.0 
314 20.0 
315 60.0 
316 20.0 
317 60.0 
318 40.0 
319 60.0 
320 40.0 
321 60.0 
322 40.0 
323 60.0 
324 40.0 
325 60.0 
326 40.0 
327 80.0 
328 40.0 
329 60.0 
330 40.0 
331 40.0 
332 40.0 
333 40.0 
334 40.0 
335 40.0 
336 40.0 
337 40.0 
338 40.0 
339 40.0 
340 40.0 
341 60.0 
342 40.0 
343 60.0 
344 60.0 
345 40.0 
346 60.0 
347 40.0 
348 60.0 
349 40.0 
350 60.0 
351 40.0 
352 80.0 
353 40.0 
354 80.0 
355 40.0 
356 60.0 
357 40.0 
358 60.0 
359 40.0 
360 60.0 
361 40.0 
362 60.0 
363 60.0 
364 60.0 
365 60.0 
366 60.0 
367 60.0 
368 40.0 
369 60.0 
370 40.0 
371 40.0 
372 40.0 
373 40.0 
374 40.0 
375 60.0 
376 60.0 
377 40.0 
378 80.0 
379 40.0 
380 80.0 
381 40.0 
382 60.0 
383 40.0 
384 40.0 
385 40.0 
386 40.0 
387 40.0 
388 40.0 
389 40.0 
390 40.0 
391 40.0 
392 40.0 
393 40.0 
394 40.0 
395 40.0 
396 40.0 
397 40.0 
398 40.0 
399 60.0 
400 40.0 
401 60.0 
402 40.0 
403 60.0 
404 40.0 
405 40.0 
406 40.0 
407 40.0 
408 20.0 
409 40.0 
410 20.0 
411 40.0 
412 40.0 
413 40.0 
414 60.0 
415 40.0 
416 40.0 
417 40.0 
418 40.0 
419 40.0 
420 40.0 
421 40.0 
422 40.0 
423 40.0 
424 40.0 
425 40.0 
426 60.0 
427 40.0 
428 60.0 
429 40.0 
430 60.0 
431 40.0 
432 60.0 
433 40.0 
434 60.0 
435 40.0 
436 60.0 
437 40.0 
438 60.0 
439 40.0 
440 60.0 
441 40.0 
442 60.0 
443 40.0 
444 60.0 
445 40.0 
446 60.0 
447 40.0 
448 60.0 
449 40.0 
450 60.0 
451 40.0 
452 60.0 
453 40.0 
454 60.0 
455 40.0 
456 60.0 
457 40.0 
458 60.0 
459 40.0 
460 60.0 
461 40.0 
462 60.0 
463 40.0 
464 60.0 
465 40.0 
466 60.0 
467 40.0 
468 60.0 
469 40.0 
470 80.0 
471 40.0 
472 80.0 
473 40.0 
474 80.0 
475 40.0 
476 60.0 
477 40.0 
478 60.0 
479 40.0 
480 40.0 
481 40.0 
482 40.0 
483 40.0 
484 40.0 
485 40.0 
486 40.0 
487 60.0 
488 40.0 
489 60.0 
490 40.0 
491 60.0 
492 40.0 
493 60.0 
494 40.0 
495 60.0 
496 40.0 
497 60.0 
498 40.0 
499 40.0 
500 40.0 
501 40.0 
502 40.0 
503 40.0 
504 40.0 
505 40.0 
506 60.0 
507 40.0 
508 60.0 
509 40.0 
510 80.0 
511 40.0 
512 80.0 
513 40.0 
514 80.0 
515 40.0 
516 60.0 
517 40.0 
518 60.0 
519 60.0 
520 60.0 
521 80.0 
522 60.0 
523 60.0 
524 60.0 
525 60.0 
526 60.0 
527 60.0 
528 60.0 
529 60.0 
530 60.0 
531 40.0 
532 60.0 
533 40.0 
534 60.0 
535 40.0 
536 80.0 
537 40.0 
538 80.0 
539 40.0 
540 80.0 
541 40.0 
542 80.0 
543 40.0 
544 80.0 
545 60.0 
546 80.0 
547 40.0 
548 80.0 
549 40.0 
550 80.0 
551 40.0 
552 80.0 
553 60.0 
554 80.0 
555 40.0 
556 80.0 
557 60.0 
558 80.0 
559 60.0 
560 80.0 
561 60.0 
562 80.0 
563 60.0 
564 80.0 
565 60.0 
566 60.0 
567 40.0 
568 60.0 
569 40.0 
570 60.0 
571 40.0 
572 60.0 
573 40.0 
574 60.0 
575 40.0 
576 80.0 
577 40.0 
578 80.0 
579 40.0 
580 80.0 
581 40.0 
582 80.0 
583 40.0 
584 80.0 
585 40.0 
586 80.0 
587 40.0 
588 80.0 
589 40.0 
590 80.0 
591 40.0 
592 80.0 
593 40.0 
594 60.0 
595 40.0 
596 40.0 
597 40.0 
598 40.0 
599 40.0 
600 40.0 
601 40.0 
602 40.0 
603 40.0 
604 40.0 
605 60.0 
606 40.0 
607 60.0 
608 60.0 
609 60.0 
610 40.0 
611 60.0 
612 40.0 
613 60.0 
614 60.0 
615 60.0 
616 60.0 
617 60.0 
618 60.0 
619 40.0 
620 80.0 
621 40.0 
622 80.0 
623 40.0 
624 60.0 
625 40.0 
626 60.0 
627 60.0 
628 60.0 
629 80.0 
630 40.0 
631 80.0 
632 40.0 
633 80.0 
634 40.0 
635 80.0 
636 40.0 
637 80.0 
638 40.0 
639 80.0 
640 40.0 
641 80.0 
642 40.0 
643 80.0 
644 40.0 
645 60.0 
646 60.0 
647 40.0 
648 60.0 
649 40.0 
650 60.0 
651 40.0 
652 40.0 
653 40.0 
654 40.0 
655 40.0 
656 40.0 
657 40.0 
658 40.0 
659 40.0 
660 40.0 
661 40.0 
662 40.0 
663 40.0 
664 40.0 
665 40.0 
666 40.0 
667 40.0 
668 40.0 
669 40.0 
670 40.0 
671 40.0 
672 40.0 
673 40.0 
674 40.0 
675 40.0 
676 40.0 
677 60.0 
678 40.0 
679 60.0 
680 40.0 
681 60.0 
682 40.0 
683 40.0 
684 40.0 
685 60.0 
686 40.0 
687 60.0 
688 40.0 
689 60.0 
690 60.0 
691 60.0 
692 60.0 
693 80.0 
694 60.0 
695 80.0 
696 40.0 
697 60.0 
698 40.0 
699 60.0 
700 40.0 
701 60.0 
702 40.0 
703 40.0 
704 40.0 
705 40.0 
706 40.0 
707 60.0 
708 40.0 
709 40.0 
710 40.0 
711 60.0 
712 60.0 
713 80.0 
714 80.0 
715 60.0 
716 80.0 
717 40.0 
718 60.0 
719 40.0 
720 40.0 
721 40.0 
722 40.0 
723 40.0 
724 20.0 
725 40.0 
726 20.0 
727 40.0 
728 20.0 
729 40.0 
730 20.0 
731 40.0 
732 20.0 
733 40.0 
734 20.0 
735 40.0 
736 20.0 
737 40.0 
738 20.0 
739 40.0 
740 20.0 
741 40.0 
742 20.0 
743 40.0 
744 20.0 
745 40.0 
746 20.0 
747 40.0 
748 20.0 
749 40.0 
750 20.0 
751 20.0 
752 20.0 
753 20.0 
754 20.0 
755 20.0 
756 20.0 
757 20.0 
758 20.0 
759 20.0 
760 20.0 
761 20.0 
762 20.0 
763 20.0 
764 20.0 
765 20.0 
766 20.0 
767 20.0 
768 40.0 
769 20.0 
770 40.0 
771 20.0 
772 40.0 
773 20.0 
774 40.0 
775 20.0 
776 40.0 
777 20.0 
778 20.0 
779 40.0 
780 20.0 
781 40.0 
782 20.0 
783 40.0 
784 20.0 
785 40.0 
786 20.0 
787 40.0 
788 20.0 
789 40.0 
790 20.0 
791 60.0 
792 20.0 
793 60.0 
794 20.0 
795 60.0 
796 40.0 
797 80.0 
798 40.0 
799 80.0 
800 40.0 
801 80.0 
802 40.0 
803 60.0 
804 40.0 
805 60.0 
806 40.0 
807 60.0 
808 40.0 
809 60.0 
810 60.0 
811 40.0 
812 40.0 
813 40.0 
814 40.0 
815 40.0 
816 40.0 
817 40.0 
818 40.0 
819 40.0 
820 40.0 
821 40.0 
822 40.0 
823 40.0 
824 40.0 
825 60.0 
826 20.0 
827 60.0 
828 20.0 
829 60.0 
830 20.0 
831 60.0 
832 20.0 
833 80.0 
834 20.0 
835 80.0 
836 20.0 
837 80.0 
838 20.0 
839 60.0 
840 20.0 
841 80.0 
842 20.0 
843 80.0 
844 20.0 
845 60.0 
846 20.0 
847 60.0 
848 20.0 
849 60.0 
850 20.0 
851 40.0 
852 20.0 
853 40.0 
854 20.0 
855 40.0 
856 20.0 
857 40.0 
858 20.0 
859 60.0 
860 20.0 
861 60.0 
862 20.0 
863 40.0 
864 20.0 
865 40.0 
866 20.0 
867 20.0 
868 20.0 
869 20.0 
870 20.0 
871 20.0 
872 20.0 
873 20.0 
874 20.0 
875 20.0 
876 20.0 
877 20.0 
878 20.0 
879 20.0 
880 20.0 
881 20.0 
882 20.0 
883 20.0 
884 20.0 
885 20.0 
886 20.0 
887 20.0 
888 20.0 
889 20.0 
890 20.0 
891 20.0 
892 0.0 
893 20.0 
894 0.0 
895 20.0 
896 0.0 
897 20.0 
898 0.0 
899 20.0 
900 20.0 
901 20.0 
902 20.0 
903 20.0 
904 20.0 
905 40.0 
906 20.0 
907 40.0 
908 20.0 
909 20.0 
910 20.0 
911 20.0 
912 20.0 
913 20.0 
914 20.0 
915 20.0 
916 20.0 
917 20.0 
918 20.0 
919 20.0 
920 20.0 
921 40.0 
922 20.0 
923 40.0 
924 20.0 
925 40.0 
926 20.0 
927 40.0 
928 20.0 
929 40.0 
930 20.0 
931 40.0 
932 20.0 
933 40.0 
934 20.0 
935 40.0 
936 20.0 
937 40.0 
938 40.0 
939 40.0 
940 40.0 
941 40.0 
942 40.0 
943 40.0 
944 40.0 
945 40.0 
946 40.0 
947 40.0 
948 40.0 
949 40.0 
950 40.0 
951 40.0 
952 40.0 
953 40.0 
954 40.0 
955 40.0 
956 40.0 
957 40.0 
958 40.0 
959 40.0 
960 40.0 
961 40.0 
962 40.0 
963 40.0 
964 40.0 
965 40.0 
966 40.0 
967 40.0 
968 40.0 
969 40.0 
970 40.0 
971 40.0 
972 40.0 
973 40.0 
974 40.0 
975 40.0 
976 60.0 
977 40.0 
978 40.0 
979 40.0 
980 40.0 
981 40.0 
982 20.0 
983 40.0 
984 20.0 
985 40.0 
986 20.0 
987 40.0 
988 20.0 
989 40.0 
990 40.0 
991 40.0 
992 40.0 
993 40.0 
994 40.0 
995 40.0 
996 40.0 
997 40.0 
998 40.0 
999 60.0 
1000 60.0 
1001 60.0 
1002 60.0 
1003 60.0 
1004 60.0 
1005 60.0 
1006 60.0 
1007 80.0 
1008 80.0 
1009 80.0 
1010 80.0 
1011 80.0 
1012 80.0 
1013 80.0 
1014 80.0 
1015 80.0 
1016 80.0 
1017 80.0 
1018 80.0 
1019 80.0 
1020 80.0 
1021 80.0 
1022 60.0 
1023 80.0 
1024 80.0 
1025 80.0 
1026 80.0 
1027 60.0 
1028 60.0 
1029 40.0 
1030 40.0 
1031 40.0 
