0 2.6411160155301 2.5961498962706 
1 2.5961498962706 2.250651171866358 
2 2.250651171866358 2.473027451770854 
3 2.473027451770854 2.174366549945072 
4 2.174366549945072 2.422201668715298 
5 2.422201668715298 2.451656840613618 
6 2.451656840613618 2.3177349490904797 
7 2.3177349490904797 2.3548872138406938 
8 2.3548872138406938 2.074805860676306 
9 2.074805860676306 2.60077158763578 
10 2.60077158763578 2.412657559995182 
11 2.412657559995182 2.7719170790703798 
12 2.7719170790703798 2.84622693578062 
13 2.84622693578062 3.27429627177596 
14 3.27429627177596 2.845781275132 
15 2.845781275132 2.74394099728574 
16 2.74394099728574 2.9622114926806 
17 2.9622114926806 2.84853227967538 
18 2.84853227967538 3.12926444637688 
19 3.12926444637688 2.53348938568698 
20 2.53348938568698 2.88971736551128 
21 2.88971736551128 2.94317821663104 
22 2.94317821663104 3.13883917333154 
23 3.13883917333154 2.251557995534592 
24 2.251557995534592 3.23786873716432 
25 3.23786873716432 2.3796770725917478 
26 2.3796770725917478 3.10546507287068 
27 3.10546507287068 2.299711055275824 
28 2.299711055275824 3.25429080226744 
29 3.25429080226744 1.99471404242061 
30 1.99471404242061 3.0900910870498803 
31 3.0900910870498803 2.028426567980876 
32 2.028426567980876 2.98761255642814 
33 2.98761255642814 2.2991664614647678 
34 2.2991664614647678 3.17385256994126 
35 3.17385256994126 2.355805492718082 
36 2.355805492718082 3.26653385997356 
37 3.26653385997356 2.7949772822415797 
38 2.7949772822415797 3.5921113322808003 
39 3.5921113322808003 2.98316850791548 
40 2.98316850791548 3.54252774774514 
41 3.54252774774514 3.05813690417626 
42 3.05813690417626 3.4775339562425 
43 3.4775339562425 2.9853328951249 
44 2.9853328951249 3.25831638571468 
45 3.25831638571468 3.02216345771924 
46 3.02216345771924 3.6669603579718197 
47 3.6669603579718197 2.95680895530566 
48 2.95680895530566 3.38501474619402 
49 3.38501474619402 3.0328028944459797 
50 3.0328028944459797 3.4482459148894202 
51 3.4482459148894202 3.0840473998472797 
52 3.0840473998472797 2.9920250698824202 
53 2.9920250698824202 2.86248361985838 
54 2.86248361985838 2.98912205813324 
55 2.98912205813324 2.77080297627078 
56 2.77080297627078 2.52762774747962 
57 2.52762774747962 2.63161737782216 
58 2.63161737782216 2.29710389243038 
59 2.29710389243038 2.50880044487532 
60 2.50880044487532 2.48838886828328 
61 2.48838886828328 2.329117081749354 
62 2.329117081749354 2.46146947076944 
63 2.46146947076944 2.55862983599166 
64 2.55862983599166 2.53992519530726 
65 2.53992519530726 3.10262797343836 
66 3.10262797343836 3.5651251773714003 
67 3.5651251773714003 3.02437704627512 
68 3.02437704627512 3.78279028092838 
69 3.78279028092838 3.08176631647152 
70 3.08176631647152 4.10490458163786 
71 4.10490458163786 3.3855959716876 
72 3.3855959716876 4.24892917528666 
73 4.24892917528666 3.58438497041732 
74 3.58438497041732 4.3462415812676 
75 4.3462415812676 3.23579171196962 
76 3.23579171196962 3.4208313606018796 
77 3.4208313606018796 3.65434274737164 
78 3.65434274737164 3.4019225205357797 
79 3.4019225205357797 3.71079971514296 
80 3.71079971514296 3.21826164475982 
81 3.21826164475982 3.45723378471578 
82 3.45723378471578 3.48238261393412 
83 3.48238261393412 3.32360215918168 
84 3.32360215918168 4.0303607416012 
85 4.0303607416012 3.23248170967988 
86 3.23248170967988 4.24736701966666 
87 4.24736701966666 3.2070004977216398 
88 3.2070004977216398 4.079577730406401 
89 4.079577730406401 3.2065199481952 
90 3.2065199481952 4.052307505460179 
91 4.052307505460179 3.1300555445065603 
92 3.1300555445065603 3.3848222155667598 
93 3.3848222155667598 3.8210147043064 
94 3.8210147043064 3.10851578540824 
95 3.10851578540824 4.221943025389701 
96 4.221943025389701 2.81218024244838 
97 2.81218024244838 3.93650721509934 
98 3.93650721509934 2.7892034232613 
99 2.7892034232613 3.9897017197615803 
100 3.9897017197615803 3.07232526107524 
101 3.07232526107524 4.15622913822516 
102 4.15622913822516 3.22106172493454 
103 3.22106172493454 4.00535173603972 
104 4.00535173603972 2.9224721099720403 
105 2.9224721099720403 3.7381392230139605 
106 3.7381392230139605 2.89600237166824 
107 2.89600237166824 3.6302071785770997 
108 3.6302071785770997 2.90824789064228 
109 2.90824789064228 3.8102227662625197 
110 3.8102227662625197 2.82900778880588 
111 2.82900778880588 3.59685319739346 
112 3.59685319739346 2.85267623391414 
113 2.85267623391414 3.0198795090084802 
114 3.0198795090084802 3.00573350875858 
115 3.00573350875858 3.20306256267772 
116 3.20306256267772 3.1749498874042397 
117 3.1749498874042397 3.33882295818748 
118 3.33882295818748 3.53388276965564 
119 3.53388276965564 3.2385232841227802 
120 3.2385232841227802 3.46824679281282 
121 3.46824679281282 3.5882977824194002 
122 3.5882977824194002 3.7133957939378597 
123 3.7133957939378597 3.7407118330036 
124 3.7407118330036 3.59784557065862 
125 3.59784557065862 3.79205149906758 
126 3.79205149906758 3.61642262729074 
127 3.61642262729074 3.89896787532386 
128 3.89896787532386 3.54574506756234 
129 3.54574506756234 3.63747585342516 
130 3.63747585342516 3.2168795820127802 
131 3.2168795820127802 3.54856362775798 
132 3.54856362775798 3.3965818247793798 
133 3.3965818247793798 3.4352845262389 
134 3.4352845262389 3.3355154652532 
135 3.3355154652532 3.37540168266088 
136 3.37540168266088 3.16143495127226 
137 3.16143495127226 3.24173968545932 
138 3.24173968545932 2.90014324750896 
139 2.90014324750896 4.13510035351886 
140 4.13510035351886 3.09750653931732 
141 3.09750653931732 4.8465899977652 
142 4.8465899977652 2.96113811214312 
143 2.96113811214312 5.06025937702728 
144 5.06025937702728 2.98351916710212 
145 2.98351916710212 5.1345231566965 
146 5.1345231566965 3.0269616806163397 
147 3.0269616806163397 5.241861162089441 
148 5.241861162089441 3.00593859771544 
149 3.00593859771544 4.55286186658772 
150 4.55286186658772 2.9958318039495397 
151 2.9958318039495397 3.7768698839462203 
152 3.7768698839462203 2.9112284784066 
153 2.9112284784066 3.7878738005041 
154 3.7878738005041 2.9381728054058 
155 2.9381728054058 3.3298223997221603 
156 3.3298223997221603 2.90024038820852 
157 2.90024038820852 3.1771911348677 
158 3.1771911348677 3.06554484937548 
159 3.06554484937548 3.1388401701785 
160 3.1388401701785 3.5227182043349 
161 3.5227182043349 2.9549793010025 
162 2.9549793010025 3.25025692901004 
163 3.25025692901004 3.11825219285654 
164 3.11825219285654 3.29534024155448 
165 3.29534024155448 3.25233883778148 
166 3.25233883778148 3.27644043254674 
167 3.27644043254674 3.41107833337046 
168 3.41107833337046 3.51418036625462 
169 3.51418036625462 3.73498684208466 
170 3.73498684208466 3.23249921322416 
171 3.23249921322416 3.93290990873908 
172 3.93290990873908 3.39589249645166 
173 3.39589249645166 3.49480600766096 
174 3.49480600766096 3.20951016120586 
175 3.20951016120586 3.7216679115402203 
176 3.7216679115402203 3.4877381904053797 
177 3.4877381904053797 3.72262205151418 
178 3.72262205151418 3.27871778898994 
179 3.27871778898994 3.413089395167 
180 3.413089395167 2.8335603577192403 
181 2.8335603577192403 3.1289132179736603 
182 3.1289132179736603 2.75175898736214 
183 2.75175898736214 3.32150578690216 
184 3.32150578690216 2.84039213387576 
185 2.84039213387576 3.0838566632182003 
186 3.0838566632182003 2.8075838648839797 
187 2.8075838648839797 3.0301698636310404 
188 3.0301698636310404 2.90540923617926 
189 2.90540923617926 2.87675495657654 
190 2.87675495657654 2.95863321417366 
191 2.95863321417366 3.02979400637614 
192 3.02979400637614 2.80326688490976 
193 2.80326688490976 3.49081386123552 
194 3.49081386123552 2.89232171901886 
195 2.89232171901886 3.62384499253184 
196 3.62384499253184 2.76755230550452 
197 2.76755230550452 3.6324720593897597 
198 3.6324720593897597 2.51565737350078 
199 2.51565737350078 3.8144638448953203 
200 3.8144638448953203 2.79391053190502 
201 2.79391053190502 3.92267232747876 
202 3.92267232747876 3.3683630908712 
203 3.3683630908712 3.7473240674578796 
204 3.7473240674578796 3.41209277829682 
205 3.41209277829682 3.8655534935871203 
206 3.8655534935871203 3.64829269831728 
207 3.64829269831728 3.78152251262492 
208 3.78152251262492 3.8605827139585003 
209 3.8605827139585003 3.5408722443061 
210 3.5408722443061 3.57898414788488 
211 3.57898414788488 3.3008076541960603 
212 3.3008076541960603 3.36430699733394 
213 3.36430699733394 2.82653425623662 
214 2.82653425623662 3.23120302221812 
215 3.23120302221812 2.55995905582128 
216 2.55995905582128 3.7021210375369598 
217 3.7021210375369598 2.70172374801724 
218 2.70172374801724 3.6486562754260197 
219 3.6486562754260197 2.96899519371812 
220 2.96899519371812 3.83044918088416 
221 3.83044918088416 3.25098109963732 
222 3.25098109963732 4.23249602186776 
223 4.23249602186776 3.51734610263106 
224 3.51734610263106 4.21148957663048 
225 4.21148957663048 3.76731686593144 
226 3.76731686593144 3.46166037790446 
227 3.46166037790446 3.45260740573374 
228 3.45260740573374 3.3184167765141 
229 3.3184167765141 3.2370164647651802 
230 3.2370164647651802 3.25158752320094 
231 3.25158752320094 2.93307746419502 
232 2.93307746419502 2.71742913996844 
233 2.71742913996844 2.9753393888857 
234 2.9753393888857 2.81044477596582 
235 2.81044477596582 2.9739495376208 
236 2.9739495376208 2.86157307462238 
237 2.86157307462238 3.2184719010113403 
238 3.2184719010113403 2.86845109346926 
239 2.86845109346926 3.53296428024796 
240 3.53296428024796 3.77699436265888 
241 3.77699436265888 4.63471310989914 
242 4.63471310989914 4.00332132878888 
243 4.00332132878888 4.54391679280336 
244 4.54391679280336 3.98681465138284 
245 3.98681465138284 4.281936648436259 
246 4.281936648436259 3.9937815698806802 
247 3.9937815698806802 4.28424887106012 
248 4.28424887106012 4.158344819357341 
249 4.158344819357341 4.198400371085819 
250 4.198400371085819 3.52044345022354 
251 3.52044345022354 3.23162986895152 
252 3.23162986895152 3.8145909644482203 
253 3.8145909644482203 3.10066388475276 
254 3.10066388475276 3.7677119526253597 
255 3.7677119526253597 3.3057244194269 
256 3.3057244194269 3.98906386946828 
257 3.98906386946828 3.28740352688332 
258 3.28740352688332 3.9960398302103997 
259 3.9960398302103997 3.1900085248519803 
260 3.1900085248519803 3.9514089035208997 
261 3.9514089035208997 3.4162447607715802 
262 3.4162447607715802 3.41149832630772 
263 3.41149832630772 3.41631611550082 
264 3.41631611550082 3.29292260262188 
265 3.29292260262188 3.4225088893575597 
266 3.4225088893575597 3.31553004266498 
267 3.31553004266498 3.28643710867062 
268 3.28643710867062 4.2294939004074 
269 4.2294939004074 3.2963084591698197 
270 3.2963084591698197 4.31599782919878 
271 4.31599782919878 3.27548317118288 
272 3.27548317118288 4.38156435767012 
273 4.38156435767012 3.2585815953243 
274 3.2585815953243 4.41580779695784 
275 4.41580779695784 3.16444921604844 
276 3.16444921604844 4.04205734721354 
277 4.04205734721354 3.46612266422832 
278 3.46612266422832 3.1064721863766 
279 3.1064721863766 3.52527802065724 
280 3.52527802065724 3.1438462241216603 
281 3.1438462241216603 3.37877651845672 
282 3.37877651845672 3.14900076725782 
283 3.14900076725782 3.5027525318749198 
284 3.5027525318749198 3.1976779144851397 
285 3.1976779144851397 3.5844572813509 
286 3.5844572813509 3.46722678531694 
287 3.46722678531694 3.4359784082825398 
288 3.4359784082825398 3.4545618160094 
289 3.4545618160094 3.32359835038426 
290 3.32359835038426 3.0838152041770597 
291 3.0838152041770597 3.179354119301 
292 3.179354119301 2.8682369427404 
293 2.8682369427404 3.2006741257063 
294 3.2006741257063 2.9448960268455 
295 2.9448960268455 2.93747124219396 
296 2.93747124219396 2.99040673609332 
297 2.99040673609332 3.0277277407549397 
298 3.0277277407549397 3.21584746575222 
299 3.21584746575222 3.0841743749347 
300 3.0841743749347 3.4111626504309998 
301 3.4111626504309998 3.27191833089084 
302 3.27191833089084 3.60663346512484 
303 3.60663346512484 3.10071213310198 
304 3.10071213310198 4.10097656857672 
305 4.10097656857672 3.0699804069775203 
306 3.0699804069775203 3.83350962801172 
307 3.83350962801172 2.8872890805813 
308 2.8872890805813 3.52387711402976 
309 3.52387711402976 2.71577416759592 
310 2.71577416759592 3.51039869014094 
311 3.51039869014094 2.86591404295462 
312 2.86591404295462 3.43412414897082 
313 3.43412414897082 2.90166065220264 
314 2.90166065220264 3.0340925066841598 
315 3.0340925066841598 3.41404445679304 
316 3.41404445679304 3.24725791072892 
317 3.24725791072892 3.3944406334350203 
318 3.3944406334350203 3.20608689983488 
319 3.20608689983488 3.7118338498983805 
320 3.7118338498983805 3.46073030478356 
321 3.46073030478356 3.545454751811 
322 3.545454751811 3.6008204713887997 
323 3.6008204713887997 3.6052708090890198 
324 3.6052708090890198 3.7504938127640797 
325 3.7504938127640797 3.6491965496008403 
326 3.6491965496008403 4.3307435065075 
327 4.3307435065075 3.8338414085908603 
328 3.8338414085908603 4.9857838942321 
329 4.9857838942321 4.1776600071547 
330 4.1776600071547 4.7201286803286795 
331 4.7201286803286795 4.175338036077401 
332 4.175338036077401 4.85629070421152 
333 4.85629070421152 3.8335376224995 
334 3.8335376224995 4.68812424296538 
335 4.68812424296538 3.42520496173596 
336 3.42520496173596 4.05959344182616 
337 4.05959344182616 3.19072522779038 
338 3.19072522779038 3.2650631888748203 
339 3.2650631888748203 2.87915213140584 
340 2.87915213140584 3.20577406516388 
341 3.20577406516388 2.71125335009542 
342 2.71125335009542 2.99928500732602 
343 2.99928500732602 2.9272046291092 
344 2.9272046291092 2.898545383375 
345 2.898545383375 2.83286829331788 
346 2.83286829331788 2.9737673654620997 
347 2.9737673654620997 2.96208821290056 
348 2.96208821290056 3.06207726268344 
349 3.06207726268344 2.95228506753194 
350 2.95228506753194 3.3288385990947598 
351 3.3288385990947598 3.31474627111856 
352 3.31474627111856 3.3051461620774 
353 3.3051461620774 3.20876782022694 
354 3.20876782022694 3.57614516699386 
355 3.57614516699386 3.31941867077796 
356 3.31941867077796 3.30199203150644 
357 3.30199203150644 3.22936891014098 
358 3.22936891014098 3.1760535491281 
359 3.1760535491281 3.1067291547334603 
360 3.1067291547334603 3.12521958454444 
361 3.12521958454444 2.78997914996354 
362 2.78997914996354 3.03588942844808 
363 3.03588942844808 3.10462954911174 
364 3.10462954911174 2.62283118588958 
365 2.62283118588958 3.04196600136332 
366 3.04196600136332 2.79870675930328 
367 2.79870675930328 3.1382031631248397 
368 3.1382031631248397 3.03370648454192 
369 3.03370648454192 3.16643792934068 
370 3.16643792934068 2.72278285798984 
371 2.72278285798984 3.42642382541504 
372 3.42642382541504 3.09761203389482 
373 3.09761203389482 3.25801364028138 
374 3.25801364028138 3.25113875566738 
375 3.25113875566738 3.28928846176632 
376 3.28928846176632 3.19866016806932 
377 3.19866016806932 3.48370179133472 
378 3.48370179133472 3.2376968494878198 
379 3.2376968494878198 3.50069829039502 
380 3.50069829039502 3.5565415906294 
381 3.5565415906294 3.2780063437443 
382 3.2780063437443 4.00517004647038 
383 4.00517004647038 3.32433336875722 
384 3.32433336875722 4.3159500712552 
385 4.3159500712552 3.3868938309466 
386 3.3868938309466 4.19038740048218 
387 4.19038740048218 3.55419381696596 
388 3.55419381696596 4.29751294160576 
389 4.29751294160576 3.3292589310739 
390 3.3292589310739 4.23841323637816 
391 4.23841323637816 3.23810400001692 
392 3.23810400001692 3.5850190735539003 
393 3.5850190735539003 3.0298315067401203 
394 3.0298315067401203 3.0779188719583397 
395 3.0779188719583397 2.83628820212982 
396 2.83628820212982 3.22397006935518 
397 3.22397006935518 2.3403876672555 
398 2.3403876672555 3.02795074571582 
399 3.02795074571582 2.61244362571224 
400 2.61244362571224 2.93222932196318 
401 2.93222932196318 3.0453315234844203 
402 3.0453315234844203 2.60747270585846 
403 2.60747270585846 2.9643952174948 
404 2.9643952174948 2.9553691837219 
405 2.9553691837219 3.05797269154372 
406 3.05797269154372 2.99068301282474 
407 2.99068301282474 3.6288780206249998 
408 3.6288780206249998 2.9362191608768002 
409 2.9362191608768002 3.62706199918372 
410 3.62706199918372 3.0453337945907597 
411 3.0453337945907597 3.6559645767833997 
412 3.6559645767833997 3.7040830522308 
413 3.7040830522308 4.0339727854197 
414 4.0339727854197 3.81338012024138 
415 3.81338012024138 4.19610011739448 
416 4.19610011739448 3.7510610558912 
417 3.7510610558912 3.63335171807574 
418 3.63335171807574 3.7868485462667403 
419 3.7868485462667403 3.532264778304 
420 3.532264778304 3.88527346681838 
421 3.88527346681838 3.11098400784658 
422 3.11098400784658 3.48190792101454 
423 3.48190792101454 2.73227829773598 
424 2.73227829773598 2.9028689350173797 
425 2.9028689350173797 2.60983462697008 
426 2.60983462697008 2.8606936607879 
427 2.8606936607879 2.7162974762412597 
428 2.7162974762412597 2.9622634014462 
429 2.9622634014462 2.79926866569396 
430 2.79926866569396 2.90595968352988 
431 2.90595968352988 2.96486830652922 
432 2.96486830652922 2.5898958507338 
433 2.5898958507338 3.3280310069694403 
434 3.3280310069694403 2.66810924359958 
435 2.66810924359958 3.25996846073692 
436 3.25996846073692 2.66589324426156 
437 2.66589324426156 3.21380822399434 
438 3.21380822399434 2.6224784586204803 
439 2.6224784586204803 3.0816529391178 
440 3.0816529391178 2.57699859703336 
441 2.57699859703336 2.8304126536933603 
442 2.8304126536933603 2.60824084612598 
443 2.60824084612598 2.93166404143042 
444 2.93166404143042 2.91570520832212 
445 2.91570520832212 3.31432509477632 
446 3.31432509477632 3.4118815629394 
447 3.4118815629394 3.45188354251012 
448 3.45188354251012 3.44021223119754 
449 3.44021223119754 3.72664803290726 
450 3.72664803290726 3.40243256132168 
451 3.40243256132168 4.0060233096403 
452 4.0060233096403 3.9421513323613198 
453 3.9421513323613198 4.0143380727074405 
454 4.0143380727074405 4.0346274665768 
455 4.0346274665768 3.71774314750722 
456 3.71774314750722 3.57068797054126 
457 3.57068797054126 3.41868374751086 
458 3.41868374751086 3.53692852178966 
459 3.53692852178966 3.5688733858251203 
460 3.5688733858251203 3.51075877353738 
461 3.51075877353738 3.3193451468052197 
462 3.3193451468052197 3.23423081747226 
463 3.23423081747226 3.22595825591692 
464 3.22595825591692 3.22167420890568 
465 3.22167420890568 3.23314060059028 
466 3.23314060059028 3.0631870848170797 
467 3.0631870848170797 3.86625096318392 
468 3.86625096318392 3.2298806094902597 
469 3.2298806094902597 3.9144210254281804 
470 3.9144210254281804 3.6064630217900797 
471 3.6064630217900797 4.0219728932585195 
472 4.0219728932585195 4.06147714232966 
473 4.06147714232966 4.1360436944696 
474 4.1360436944696 4.28823616878302 
475 4.28823616878302 3.59843675676062 
476 3.59843675676062 4.32064781446172 
477 4.32064781446172 3.8862908761367003 
478 3.8862908761367003 4.62273445545884 
479 4.62273445545884 3.5860811693826 
480 3.5860811693826 4.576391227224 
481 4.576391227224 3.7656475466858197 
482 3.7656475466858197 4.24938392770186 
483 4.24938392770186 3.72315426147346 
484 3.72315426147346 3.9989292763117197 
485 3.9989292763117197 3.8415416803560802 
486 3.8415416803560802 4.04031165942514 
487 4.04031165942514 3.885502137687 
488 3.885502137687 4.04410982528824 
489 4.04410982528824 3.7188527360784 
490 3.7188527360784 3.58169142501588 
491 3.58169142501588 3.6385090096739203 
492 3.6385090096739203 3.5199284094876 
493 3.5199284094876 3.40478742174342 
494 3.40478742174342 2.98677756567742 
495 2.98677756567742 3.8166058281030404 
496 3.8166058281030404 2.9371922669758197 
497 2.9371922669758197 4.01505820435778 
498 4.01505820435778 2.8767107767858002 
499 2.8767107767858002 4.0306562771756 
500 4.0306562771756 3.17064490073844 
501 3.17064490073844 4.2759733778525 
502 4.2759733778525 3.22806973066752 
503 3.22806973066752 4.04619811446892 
504 4.04619811446892 3.5062984105106603 
505 3.5062984105106603 3.6479239222353597 
506 3.6479239222353597 4.25465977324478 
507 4.25465977324478 3.0640336652015803 
508 3.0640336652015803 4.2368652923856 
509 4.2368652923856 3.8062168404648 
510 3.8062168404648 4.36916951219538 
511 4.36916951219538 3.4104654090388 
512 3.4104654090388 4.13132306046154 
513 4.13132306046154 3.6138015420771 
514 3.6138015420771 3.48449311672722 
515 3.48449311672722 3.68018638368514 
516 3.68018638368514 3.1098991108639398 
517 3.1098991108639398 3.7400399149759997 
518 3.7400399149759997 3.24977683422528 
519 3.24977683422528 3.16621793465132 
520 3.16621793465132 3.12818865093336 
521 3.12818865093336 3.70184881183368 
522 3.70184881183368 3.10359282851722 
523 3.10359282851722 3.8597549686062598 
524 3.8597549686062598 3.3122839069543 
525 3.3122839069543 4.0063008321611004 
526 4.0063008321611004 3.3675355952367 
527 3.3675355952367 3.9966443088481802 
528 3.9966443088481802 3.01452580012194 
529 3.01452580012194 3.9630148321015 
530 3.9630148321015 3.10682135237194 
531 3.10682135237194 3.53576299745138 
532 3.53576299745138 3.35798184386088 
533 3.35798184386088 3.41529923284708 
534 3.41529923284708 3.2342540526090002 
535 3.2342540526090002 3.80336082836788 
536 3.80336082836788 3.32333865252058 
537 3.32333865252058 3.89018184311684 
538 3.89018184311684 3.63503274504922 
539 3.63503274504922 3.98883495147626 
540 3.98883495147626 3.26774293587434 
541 3.26774293587434 4.24643087009104 
542 4.24643087009104 3.37992013156782 
543 3.37992013156782 4.36027176902564 
544 4.36027176902564 3.6560562725425 
545 3.6560562725425 4.02258621874888 
546 4.02258621874888 3.44764249379346 
547 3.44764249379346 4.04800049004302 
548 4.04800049004302 3.20089304697676 
549 3.20089304697676 3.83787090263298 
550 3.83787090263298 3.39014728703402 
551 3.39014728703402 3.7112735134914403 
552 3.7112735134914403 3.80235654896176 
553 3.80235654896176 3.87439170862706 
554 3.87439170862706 3.9810545042603005 
555 3.9810545042603005 3.3521112658716197 
556 3.3521112658716197 3.53950846790368 
557 3.53950846790368 3.44005490339348 
558 3.44005490339348 4.16033502756608 
559 4.16033502756608 3.3222539996845 
560 3.3222539996845 3.9377283286553797 
561 3.9377283286553797 3.04301287146722 
562 3.04301287146722 3.0878571938409 
563 3.0878571938409 3.0102419515617003 
564 3.0102419515617003 3.2158676461763003 
565 3.2158676461763003 2.94986261664638 
566 2.94986261664638 3.7763663981003197 
567 3.7763663981003197 3.05123321786902 
568 3.05123321786902 3.4848350041522402 
569 3.4848350041522402 2.98688098336476 
570 2.98688098336476 3.52367719529108 
571 3.52367719529108 3.3329450776616 
572 3.3329450776616 4.05991556662568 
573 4.05991556662568 3.08052164686456 
574 3.08052164686456 4.1487239217619605 
575 4.1487239217619605 2.78677063067596 
576 2.78677063067596 3.8967633845646397 
577 3.8967633845646397 2.7231671795178802 
578 2.7231671795178802 4.0504063666742 
579 4.0504063666742 2.8305349281053602 
580 2.8305349281053602 4.045617753741579 
581 4.045617753741579 2.51581284776384 
582 2.51581284776384 3.90400382167958 
583 3.90400382167958 3.06640798986894 
584 3.06640798986894 3.9676575351756598 
585 3.9676575351756598 3.62158418630092 
586 3.62158418630092 3.8920730314432603 
587 3.8920730314432603 3.86432373725214 
588 3.86432373725214 3.2697542974163 
589 3.2697542974163 3.88043553373868 
590 3.88043553373868 3.41667521867722 
591 3.41667521867722 4.05338452980136 
592 4.05338452980136 3.4828808161487 
593 3.4828808161487 3.6323478989525997 
594 3.6323478989525997 3.4197956404884 
595 3.4197956404884 3.24959756151926 
596 3.24959756151926 3.63039991391432 
597 3.63039991391432 3.08719838634926 
598 3.08719838634926 3.90998739748866 
599 3.90998739748866 3.24134911145082 
600 3.24134911145082 3.7873637608089 
601 3.7873637608089 3.07046212724214 
602 3.07046212724214 3.3739907515866 
603 3.3739907515866 3.82674083612432 
604 3.82674083612432 3.21490757146014 
605 3.21490757146014 3.69753494275068 
606 3.69753494275068 3.5645886871159798 
607 3.5645886871159798 3.67125377579716 
608 3.67125377579716 3.4057848756766402 
609 3.4057848756766402 3.79384132320462 
610 3.79384132320462 3.53226505874458 
611 3.53226505874458 4.39606137015768 
612 4.39606137015768 3.58765273010812 
613 3.58765273010812 3.52090813588284 
614 3.52090813588284 3.60484429873766 
615 3.60484429873766 3.62049477063366 
616 3.62049477063366 3.4867462961327798 
617 3.4867462961327798 3.72306962598154 
618 3.72306962598154 2.90538877630468 
619 2.90538877630468 3.4334802854907 
620 3.4334802854907 2.6575678908643 
621 2.6575678908643 3.0545630145389002 
622 3.0545630145389002 2.7295834801458 
623 2.7295834801458 3.2740398787054 
624 3.2740398787054 3.33921864006188 
625 3.33921864006188 3.42205284778312 
626 3.42205284778312 3.8360399797798004 
627 3.8360399797798004 4.27135053308612 
628 4.27135053308612 3.6586941634035 
629 3.6586941634035 4.637697027085521 
630 4.637697027085521 4.00844748146716 
631 4.00844748146716 4.53407288739922 
632 4.53407288739922 3.98508755642172 
633 3.98508755642172 4.2510676664472795 
634 4.2510676664472795 3.52003217070976 
635 3.52003217070976 4.2883693840678605 
636 4.2883693840678605 3.0396077730724 
637 3.0396077730724 3.47366485428308 
638 3.47366485428308 2.9976598457342 
639 2.9976598457342 3.27507767007856 
640 3.27507767007856 3.33407089500196 
641 3.33407089500196 3.1887211521246 
642 3.1887211521246 3.23108377947438 
643 3.23108377947438 3.48463924162116 
644 3.48463924162116 3.46772652218048 
645 3.46772652218048 2.92542420717772 
646 2.92542420717772 3.4036625945566596 
647 3.4036625945566596 2.94039864232834 
648 2.94039864232834 3.43213892310762 
649 3.43213892310762 2.80981060102776 
650 2.80981060102776 2.8664718743407 
651 2.8664718743407 2.79093929970266 
652 2.79093929970266 3.15889700685622 
653 3.15889700685622 3.41594757672134 
654 3.41594757672134 3.13013873750856 
655 3.13013873750856 3.4321855774644403 
656 3.4321855774644403 2.92132900902148 
657 2.92132900902148 3.54640820762144 
658 3.54640820762144 2.9865010132340197 
659 2.9865010132340197 3.7009891114421003 
660 3.7009891114421003 2.84559294940522 
661 2.84559294940522 3.8685786242635 
662 3.8685786242635 2.79947483498556 
663 2.79947483498556 3.6875078352730997 
664 3.6875078352730997 3.09660680532678 
665 3.09660680532678 3.61774227092666 
666 3.61774227092666 3.3430082161751 
667 3.3430082161751 4.27845706013622 
668 4.27845706013622 3.58323340641118 
669 3.58323340641118 3.9093181426354597 
670 3.9093181426354597 3.85063553012908 
671 3.85063553012908 3.8257339724649198 
672 3.8257339724649198 3.94054749672064 
673 4.80955298735882 4.83540087850498 
674 4.80955298735882 3.86967446507986 
675 3.94054749672064 4.8403768984852 
676 4.83540087850498 3.7558773353841604 
677 3.86967446507986 4.06204167648944 
678 4.8403768984852 3.39345977945102 
679 3.7558773353841604 3.60935254095764 
680 4.06204167648944 3.12487051438302 
681 3.39345977945102 2.79658205646294 
682 3.60935254095764 2.80220308785914 
683 3.12487051438302 2.70773227129968 
684 2.79658205646294 2.60211249641256 
685 2.80220308785914 2.9372108477221 
686 2.70773227129968 2.444576498196766 
687 2.60211249641256 2.9785130624017198 
688 2.9372108477221 2.5463101597447 
689 2.444576498196766 2.7123027828585 
690 2.9785130624017198 2.5322859109309404 
691 2.5463101597447 2.77098430475794 
692 2.7123027828585 2.54866970956218 
693 2.5322859109309404 2.86510076330732 
694 2.77098430475794 2.58246304847366 
695 2.54866970956218 2.7569733389525597 
696 2.86510076330732 2.50857726460152 
697 2.58246304847366 2.6241762669354403 
698 2.7569733389525597 2.89389070085182 
699 2.50857726460152 2.7705124554211 
700 2.6241762669354403 3.10565038773272 
701 2.89389070085182 2.7688576319821196 
702 2.7705124554211 3.03481895268824 
703 3.10565038773272 3.02745845962722 
704 2.7688576319821196 3.4509824628974597 
705 3.03481895268824 3.0785637723894 
706 3.02745845962722 3.7157640408794004 
707 3.4509824628974597 3.49247222064582 
708 3.0785637723894 3.57214814216206 
709 3.7157640408794004 3.35198241991162 
710 3.49247222064582 3.73949209390002 
711 3.57214814216206 3.27638986662574 
712 3.35198241991162 3.7263613348819598 
713 3.73949209390002 2.9741294442444604 
714 3.27638986662574 3.46692945350988 
715 3.7263613348819598 2.56792183848456 
716 2.9741294442444604 3.1626749226875797 
717 3.46692945350988 2.2228503260835337 
718 2.56792183848456 2.7711127252136 
719 3.1626749226875797 2.337867527957882 
720 2.2228503260835337 2.90679360549884 
721 2.7711127252136 2.2387505252845683 
722 2.337867527957882 2.59880008483632 
723 2.90679360549884 2.285869541222508 
724 2.2387505252845683 2.69491572964706 
725 2.59880008483632 2.356863702339278 
726 2.285869541222508 2.9520139002573997 
727 2.69491572964706 2.57742091138332 
728 2.356863702339278 3.96253447925084 
729 2.9520139002573997 2.6463657517331 
730 2.57742091138332 4.30371860702612 
731 3.96253447925084 2.66255708067406 
732 2.6463657517331 4.12559021880232 
733 4.30371860702612 2.94738693519212 
734 2.66255708067406 4.31534514475662 
735 4.12559021880232 3.27113926995058 
736 2.94738693519212 4.08247009835206 
737 4.31534514475662 3.34431730251878 
738 3.27113926995058 4.4865335658409204 
739 4.08247009835206 3.32248035844742 
740 3.34431730251878 3.79874303439926 
741 4.4865335658409204 3.15551674913904 
742 3.32248035844742 3.9048787327324197 
743 3.79874303439926 3.0006267026408198 
744 3.15551674913904 3.4403806287372403 
745 3.9048787327324197 2.7366916066911 
746 3.0006267026408198 3.6507371583854 
747 3.4403806287372403 2.77501890768896 
748 2.7366916066911 3.2915990159425 
749 3.6507371583854 3.05986270479534 
750 2.77501890768896 3.4907390865023 
751 3.2915990159425 3.07876319099202 
752 3.05986270479534 3.21049801380918 
753 3.4907390865023 3.1017238205324 
754 3.07876319099202 3.212150050304 
755 3.21049801380918 3.1747710703600203 
756 3.1017238205324 3.37642852104292 
757 3.212150050304 3.44202338974024 
758 3.1747710703600203 3.84393601359208 
759 3.37642852104292 3.45685192205908 
760 3.44202338974024 3.40612378533318 
761 3.84393601359208 3.04218804043754 
762 3.45685192205908 3.1468432414081398 
763 3.40612378533318 2.9604231790776803 
764 3.04218804043754 2.95589847368404 
765 3.1468432414081398 2.75371910339758 
766 2.9604231790776803 2.72461576505578 
767 2.95589847368404 2.77415237016024 
768 2.75371910339758 2.7150738673408 
769 2.72461576505578 3.16388672113634 
770 2.77415237016024 2.84839853192036 
771 2.7150738673408 2.8084118381332 
772 3.16388672113634 3.4889223377781398 
773 2.84839853192036 3.3440284312281 
774 2.8084118381332 3.6975195403514602 
775 3.4889223377781398 3.3280216388242 
776 3.3440284312281 4.27192381444694 
777 3.6975195403514602 3.0039935200258 
778 3.3280216388242 3.90346783104306 
779 4.27192381444694 2.85824836049584 
780 3.0039935200258 3.8978553427122202 
781 3.90346783104306 3.70227761614618 
782 2.85824836049584 3.5133305892008 
783 3.8978553427122202 3.41278755775132 
784 3.70227761614618 3.40434348188354 
785 3.5133305892008 3.50699510878878 
786 3.41278755775132 3.0865025536934 
787 3.40434348188354 3.41447816763988 
788 3.50699510878878 2.95694289984264 
789 3.0865025536934 3.24495255590416 
790 3.41447816763988 3.05728577774112 
791 2.95694289984264 2.7887982441948997 
792 3.24495255590416 2.7090647675414603 
793 3.05728577774112 2.6871753964887803 
794 2.7887982441948997 2.56327758699782 
795 2.7090647675414603 2.73167866247714 
796 2.6871753964887803 2.51024704543278 
797 2.56327758699782 3.74400543203314 
798 2.73167866247714 3.13820786322592 
799 2.51024704543278 4.3978327911945 
800 3.74400543203314 3.75049058510952 
801 3.13820786322592 4.55549894863376 
802 4.3978327911945 4.161243131044 
803 3.75049058510952 4.3660363928905195 
804 4.55549894863376 4.1225405689339 
805 4.161243131044 4.2131205840174 
806 4.3660363928905195 4.06116109632324 
807 4.1225405689339 3.46611921082508 
808 4.2131205840174 3.7243646539529403 
809 4.06116109632324 3.00978077801906 
810 3.46611921082508 3.8042911468534597 
811 3.7243646539529403 3.52616084690506 
812 3.00978077801906 3.61607808386412 
813 3.8042911468534597 3.46573846960134 
814 3.52616084690506 3.5542080818525 
815 3.61607808386412 3.61748790354418 
816 3.46573846960134 3.8021528106880402 
817 3.5542080818525 3.65353806518274 
818 3.61748790354418 4.0369879313573005 
819 3.8021528106880402 3.01449442119096 
820 3.65353806518274 3.78348585909674 
821 4.0369879313573005 2.9634495398724 
822 3.01449442119096 2.88475267090632 
823 3.78348585909674 2.76963117720314 
824 2.9634495398724 2.6646624290700998 
825 2.88475267090632 2.80497164206708 
826 2.76963117720314 2.90126224428852 
827 2.6646624290700998 2.80965766674198 
828 2.80497164206708 2.66347682586086 
829 2.90126224428852 2.92401001437456 
830 2.80965766674198 2.71082851154898 
831 2.66347682586086 3.04570959065784 
832 2.92401001437456 3.06617365393618 
833 2.71082851154898 3.45028080048428 
834 3.04570959065784 3.0009408680815 
835 3.06617365393618 3.51424618860772 
836 3.45028080048428 2.89047756934538 
837 3.0009408680815 3.3287874797489403 
838 3.51424618860772 3.1181783689734 
839 2.89047756934538 3.09175085154138 
840 3.3287874797489403 2.89993413679268 
841 3.1181783689734 2.89687982547754 
842 3.09175085154138 2.9373974269710397 
843 2.89993413679268 3.05554028016774 
844 2.89687982547754 3.6139119605234997 
845 2.9373974269710397 3.4897322492664 
846 3.05554028016774 3.67104173927244 
847 3.6139119605234997 3.9541666616105404 
848 3.4897322492664 3.8818524069304203 
849 3.67104173927244 4.05410273839584 
850 3.9541666616105404 4.29030734882584 
851 3.8818524069304203 4.23146097043464 
852 4.05410273839584 4.565375308169299 
853 4.29030734882584 3.9266358878760004 
854 4.23146097043464 4.21535423335932 
855 4.565375308169299 3.7574828981806805 
856 3.9266358878760004 4.195531731429 
857 4.21535423335932 3.7960882646970395 
858 3.7574828981806805 4.02015243007678 
859 4.195531731429 3.88047419509732 
860 3.7960882646970395 3.5938301948353 
861 4.02015243007678 3.7986250891801197 
862 3.88047419509732 3.4241161965954 
863 3.5938301948353 3.52248232202448 
864 3.7986250891801197 3.6683190987886 
865 3.4241161965954 3.53118391776312 
866 3.52248232202448 3.57612557288202 
867 3.6683190987886 2.94891407981936 
868 3.53118391776312 3.95645075599786 
869 3.57612557288202 3.18340909036062 
870 2.94891407981936 3.93785471690668 
871 3.95645075599786 3.082080803866 
872 3.18340909036062 3.41624162423748 
873 3.93785471690668 3.70466403122472 
874 3.082080803866 3.571103409978 
875 3.41624162423748 3.8185528812707403 
876 3.70466403122472 3.69351487366726 
877 3.571103409978 3.7922596727866598 
878 3.8185528812707403 4.4663041751423 
879 3.69351487366726 3.91406076698282 
880 3.7922596727866598 4.85079767947092 
881 4.4663041751423 4.79311199719962 
882 3.91406076698282 5.16585863254056 
883 4.85079767947092 4.0934131779501 
884 4.79311199719962 4.84629075408366 
885 5.16585863254056 3.8628986409886403 
886 4.0934131779501 4.76837202831946 
887 4.84629075408366 4.0664282609967 
888 3.8628986409886403 4.05907509908404 
889 4.76837202831946 3.8386934133916397 
890 4.0664282609967 3.5187019893920803 
891 4.05907509908404 2.9785763260535 
892 3.8386934133916397 3.4742362475812003 
893 3.5187019893920803 3.2046535037725397 
894 2.9785763260535 3.6194530473806 
895 3.4742362475812003 3.4434395912817797 
896 3.2046535037725397 3.3417269458999597 
897 3.6194530473806 3.50427329499326 
898 3.4434395912817797 3.18428961944808 
899 3.3417269458999597 3.4204120101048003 
900 3.50427329499326 3.49571596020992 
901 3.18428961944808 3.29558356365944 
902 3.4204120101048003 3.29727181805704 
903 3.49571596020992 4.0178360133368 
904 3.29558356365944 3.7762623801385202 
905 3.29727181805704 4.08269046794102 
906 4.0178360133368 3.7762623801385202 
907 3.7762623801385202 4.05642490581452 
908 4.08269046794102 3.54739040790186 
909 3.7762623801385202 4.42374134710418 
910 4.05642490581452 3.54739040790186 
911 3.54739040790186 4.36284245363982 
912 4.42374134710418 3.54739040790186 
913 3.54739040790186 3.430046556712 
914 4.36284245363982 2.70520398186124 
915 3.54739040790186 3.81277061604204 
916 3.430046556712 2.70520398186124 
917 2.70520398186124 3.6919220479297 
918 3.81277061604204 2.70520398186124 
919 2.70520398186124 3.25125778276342 
920 3.6919220479297 2.66152845573924 
921 2.70520398186124 3.1336975300660397 
922 3.25125778276342 2.66152845573924 
923 2.66152845573924 2.384167055063158 
924 3.1336975300660397 2.66152845573924 
925 2.66152845573924 2.9555433556199 
926 2.384167055063158 2.7930425185415997 
927 2.66152845573924 3.32455750449876 
928 2.9555433556199 2.7930425185415997 
929 2.7930425185415997 3.04273038120612 
930 3.32455750449876 2.7930425185415997 
931 2.7930425185415997 3.18412237272704 
932 3.04273038120612 2.83952916363822 
933 2.7930425185415997 3.01537374633268 
934 3.18412237272704 2.79615818874944 
935 2.83952916363822 3.37555510371472 
936 3.01537374633268 2.79615818874944 
937 2.79615818874944 3.10865735993378 
938 3.37555510371472 2.79615818874944 
939 2.79615818874944 3.65285397331672 
940 3.10865735993378 2.79615818874944 
941 2.79615818874944 3.74358699324318 
942 3.65285397331672 2.7934968289419 
943 2.79615818874944 3.76617571283708 
944 3.74358699324318 2.90011508920698 
945 2.7934968289419 3.55345017492048 
946 3.76617571283708 2.90011508920698 
947 2.90011508920698 3.8018343501351195 
948 3.55345017492048 2.90011508920698 
949 2.90011508920698 3.5125523202517 
950 3.8018343501351195 2.90011508920698 
951 2.90011508920698 3.3974652132798 
952 3.5125523202517 2.98624195440026 
953 2.90011508920698 3.5568554952931803 
954 3.3974652132798 3.24637958043688 
955 2.98624195440026 3.7662372278542797 
956 3.5568554952931803 3.24637958043688 
957 3.24637958043688 3.47693173206252 
958 3.7662372278542797 3.24637958043688 
959 3.24637958043688 3.88790857308148 
960 3.47693173206252 3.24637958043688 
961 3.24637958043688 3.8631604935222 
962 3.88790857308148 2.9332202793492597 
963 3.24637958043688 3.60884033358094 
964 3.8631604935222 2.76688187701582 
965 2.9332202793492597 3.3937011439869798 
966 3.60884033358094 2.76688187701582 
967 2.76688187701582 3.40692667526698 
968 3.3937011439869798 2.76688187701582 
969 2.76688187701582 2.98111141374394 
970 3.40692667526698 2.76688187701582 
971 2.76688187701582 3.14853518420662 
972 2.98111141374394 2.76688187701582 
973 2.76688187701582 3.68179911289014 
974 3.14853518420662 3.07898919810964 
975 2.76688187701582 3.5802418917002 
976 3.68179911289014 3.0334693831473603 
977 3.07898919810964 3.70219661648724 
978 3.5802418917002 3.0334693831473603 
979 3.0334693831473603 3.81826788052368 
980 3.70219661648724 3.0334693831473603 
981 3.0334693831473603 3.80739161282042 
982 3.81826788052368 2.99628067345296 
983 3.0334693831473603 3.35690860395398 
984 3.80739161282042 2.80033443884322 
985 2.99628067345296 4.29881888039462 
986 3.35690860395398 2.96968146621562 
987 2.80033443884322 4.127599946764979 
988 4.29881888039462 2.8839437148752802 
989 2.96968146621562 4.08476640714322 
990 4.127599946764979 3.04526477118606 
991 2.8839437148752802 4.18470274728122 
992 4.08476640714322 3.2517699281717 
993 3.04526477118606 4.19239862218696 
994 4.18470274728122 3.15169701535682 
995 3.2517699281717 3.45398699051462 
996 4.19239862218696 2.99243469987316 
997 3.15169701535682 3.39239899383388 
998 3.45398699051462 2.91673478792016 
999 2.99243469987316 3.1153808924287 
1000 3.39239899383388 2.66677859022494 
1001 2.91673478792016 3.2299121360066 
1002 3.1153808924287 2.48211524143436 
1003 2.66677859022494 3.35790194664486 
1004 3.2299121360066 2.321341648896636 
1005 2.48211524143436 3.2602207835245602 
1006 3.35790194664486 2.7144221566177 
1007 2.321341648896636 3.5576735390965597 
1008 3.2602207835245602 3.06337920609404 
1009 2.7144221566177 3.8403415813093 
1010 3.5576735390965597 3.81017549093236 
1011 3.06337920609404 3.9827277164808996 
1012 3.8403415813093 4.3833254216864805 
1013 3.81017549093236 4.35089601126646 
1014 3.9827277164808996 4.639646775877781 
1015 4.3833254216864805 4.4256670888485 
1016 4.35089601126646 4.4080190016061795 
1017 4.639646775877781 4.27541416677734 
1018 4.4256670888485 4.22126659341202 
1019 4.4080190016061795 4.2784561053596 
1020 4.27541416677734 3.89538515769692 
1021 4.22126659341202 4.03204178312564 
1022 4.2784561053596 3.62016586328272 
1023 3.89538515769692 3.8160440956741395 
1024 4.03204178312564 3.3334974576356 
1025 3.62016586328272 3.5671563802443997 
1026 3.8160440956741395 3.1691463497218 
1027 3.3334974576356 3.48106168746288 
1028 3.5671563802443997 2.9826638617967 
1029 3.1691463497218 3.38102832284132 
1030 3.48106168746288 2.965038941925 
1031 2.9826638617967 3.27194261445098 
1032 3.38102832284132 2.82655210427742 
1033 2.965038941925 2.81799188296132 
1034 3.27194261445098 3.24753659159828 
1035 2.82655210427742 2.94983909898526 
1036 2.81799188296132 3.6603829860037402 
1037 3.24753659159828 2.90851383923878 
1038 2.94983909898526 3.42517877148974 
1039 3.6603829860037402 2.74793936967296 
1040 2.90851383923878 3.34745776808488 
1041 3.42517877148974 2.499530646026852 
1042 2.74793936967296 3.33626569051346 
1043 3.34745776808488 2.6424839586922 
1044 2.499530646026852 2.8406329488606596 
1045 3.33626569051346 3.3010836000959403 
1046 2.6424839586922 2.5681290074731 
1047 2.8406329488606596 3.4011530006725197 
1048 3.3010836000959403 2.5224924335726002 
1049 2.5681290074731 3.41724149244102 
1050 3.4011530006725197 2.6858421926320597 
1051 2.5224924335726002 3.7794844565186603 
1052 3.41724149244102 2.8227458299243002 
1053 2.6858421926320597 3.6347154095473 
1054 3.7794844565186603 3.05064345295486 
1055 2.8227458299243002 2.90457858834422 
1056 3.6347154095473 2.98202399681294 
1057 3.05064345295486 3.01049713225132 
1058 2.90457858834422 3.024635422935 
1059 2.98202399681294 3.8570404047332802 
1060 3.01049713225132 3.05560017323264 
1061 3.024635422935 3.5867950182359 
1062 3.8570404047332802 2.74824991348622 
1063 3.05560017323264 3.68807079825276 
1064 3.5867950182359 2.7300426334081402 
1065 2.74824991348622 4.55752855545812 
1066 3.68807079825276 3.0161267638519 
1067 2.7300426334081402 5.03267678898304 
1068 4.55752855545812 3.40998864642536 
1069 3.0161267638519 4.6462584071282995 
1070 5.03267678898304 3.37583660443462 
1071 3.40998864642536 5.02243978927208 
1072 4.6462584071282995 3.9086079415342803 
1073 3.37583660443462 4.7788064414711 
1074 5.02243978927208 3.7325278167383997 
1075 3.9086079415342803 4.980181951422599 
1076 4.7788064414711 3.38508621284868 
1077 3.7325278167383997 4.29343737471162 
1078 4.980181951422599 3.20364819414526 
1079 3.38508621284868 3.89021645804372 
1080 4.29343737471162 3.4569299778777802 
1081 3.20364819414526 3.56366057482958 
1082 3.89021645804372 3.15063673410144 
1083 3.4569299778777802 3.68406838583552 
1084 3.56366057482958 3.40405397888498 
1085 3.15063673410144 2.891690050013 
1086 3.68406838583552 3.36371987079576 
1087 3.40405397888498 2.70956538245732 
1088 2.891690050013 3.35068273587294 
1089 3.36371987079576 3.0958029019479403 
1090 2.70956538245732 3.8290975346895997 
1091 3.35068273587294 3.2683777657618 
1092 3.0958029019479403 3.77954848108862 
1093 3.8290975346895997 3.18398019212048 
1094 3.2683777657618 3.62638130182992 
1095 3.77954848108862 3.37183343621144 
1096 3.18398019212048 3.38968282487956 
1097 3.62638130182992 3.66367419963998 
1098 3.37183343621144 3.360078830866 
1099 3.38968282487956 3.48340652685606 
1100 3.66367419963998 3.09008107572154 
1101 3.360078830866 3.14966851729984 
1102 3.48340652685606 3.0645647489988 
1103 3.09008107572154 3.15199507795342 
1104 3.14966851729984 2.93436875031464 
1105 3.0645647489988 2.9936080291289597 
1106 3.15199507795342 3.13961088440792 
1107 2.93436875031464 2.91175190556916 
1108 2.9936080291289597 3.03783994913028 
1109 3.13961088440792 2.7696306210876 
1110 2.91175190556916 2.499457487393148 
1111 3.03783994913028 2.92809907051332 
1112 2.7696306210876 2.67700154366486 
1113 2.499457487393148 3.15879313077372 
1114 2.92809907051332 2.96254287125224 
1115 2.67700154366486 2.952089907442 
1116 3.15879313077372 3.12936135599876 
1117 2.96254287125224 3.30179089465516 
