0 10.485297269667067 
1 10.575131201169933 
2 4.590514894650057 
3 11.219555072541 
4 4.4400724140059715 
5 10.339842339243534 
6 4.251351635484172 
7 10.284220051834 
8 4.289729157278343 
9 10.526885904961267 
10 4.424674642621314 
11 10.6684716190834 
12 4.479102567625971 
13 10.852489269866402 
14 4.297103176506657 
15 10.310833738131134 
16 4.236579915255314 
17 9.924472869196933 
18 4.509205289656714 
19 10.662143212896 
20 10.366514682741867 
21 10.568387995562667 
22 10.964181822926266 
23 11.547328742017667 
24 11.698913269128466 
25 1.1329268242218848 
26 1.1466895553269096 
27 1.1516138767432968 
28 1.159996624463084 
29 1.1796890232211394 
30 1.1786108606444128 
31 1.1909959812154607 
32 1.1843913725581032 
33 1.1717803303459091 
34 35.159843998504 
35 1.1324391475362243 
36 35.0666538868536 
37 1.1284649515827456 
38 35.6023655593936 
39 1.1272552499430726 
40 35.043578472965 
41 1.1132454565151335 
42 35.5686748351618 
43 1.1107669871240182 
44 35.1885614725488 
45 1.0973730582614727 
46 34.1077461070062 
47 1.0810862651962303 
48 11.167768540268334 
49 1.126497926837685 
50 10.925205847747733 
51 1.1406229503032546 
52 10.600438461061932 
53 1.1374947889562546 
54 10.505552451234133 
55 1.1435777088938908 
56 10.398094251614733 
57 1.1308058778338668 
58 10.757535548404933 
59 1.1538963692967275 
60 10.881425481976999 
61 1.161453686803303 
62 10.508109088936868 
63 1.1317351999277334 
64 10.707423021523068 
65 1.1268689592589696 
66 10.824957817085133 
67 1.1153589011706728 
68 1.0421379058893272 
69 1.1471490836881577 
70 1.072452452977703 
71 1.1438162640122667 
72 1.1397151599455635 
73 1.1967665818158728 
74 1.1187889879153696 
75 1.1707075030391938 
76 1.0847251020510666 
77 1.1294448660885696 
78 1.0355320460333515 
79 1.1116862479722607 
80 1.0549002328247152 
81 1.120620748180624 
82 1.0858731853842363 
83 1.1438449814289213 
84 1.1546589791230788 
85 1.1855649650228304 
86 1.1478911818710122 
87 1.2121883599567334 
88 1.1816415293493696 
89 1.2051354836078485 
90 1.1176887926679817 
91 1.1514853157081575 
92 1.0515663020952242 
93 1.1102736351461757 
94 0.986254054937303 
95 1.0442063816236362 
96 0.993530709010788 
97 1.0690178760888303 
98 0.9860050767377697 
99 1.0600601059222665 
100 1.0231901721516 
101 1.0533357908256304 
102 1.0727658542716183 
103 1.068587479815097 
104 1.000160603998109 
105 0.9665383948017636 
106 1.0304108490662545 
107 0.9938344045627334 
108 0.9789538860840787 
109 0.9624142406931636 
110 0.9606132840104726 
111 0.9479533149876606 
112 0.9802450809237939 
113 1.0144501925723213 
114 0.9575276375788303 
115 1.0029641900047819 
116 1.0396455185442606 
117 1.0078537351068364 
118 1.075055918268691 
119 1.0425195318825757 
120 1.0733716585772546 
121 0.9818095383599335 
122 1.1244972797602484 
123 1.0350071060108363 
124 1.1031831120472424 
125 1.0842112227432787 
126 1.121472987032703 
127 1.0942141785008364 
128 1.1547770860474362 
129 1.145301850448618 
130 1.108793674775388 
131 1.089912963763309 
132 1.0786390656459395 
133 1.0637554628735697 
134 1.0468911176947213 
135 1.0433611160381213 
136 1.0355011510302667 
137 1.0906505474358847 
138 1.1055142086817817 
139 1.1530608004241636 
140 1.080986402973188 
141 1.1408870358704 
142 1.0795629816445333 
143 1.1421012879991395 
144 1.1000594368323273 
145 1.139986385604909 
146 1.0492087070841636 
147 1.0999127209123032 
148 1.0671676219478 
149 1.1216066851016426 
150 1.0881665389992121 
151 1.1371415628261272 
152 1.0710565285762788 
153 1.1371415628261272 
154 1.0941745483600183 
155 1.1379537690904666 
156 1.1464555535683636 
157 1.152604080206115 
158 1.1497578953562242 
159 1.163722002418903 
160 1.1502186488151638 
161 1.163722002418903 
162 1.1346045732542909 
163 1.1380210195569032 
164 1.1537803795460668 
165 1.1265997755810606 
166 1.1347948095950606 
167 1.1093859169892062 
168 1.166177132958 
169 1.1093859169892062 
170 1.1997842739231332 
171 1.1459970353752422 
172 1.1970112048641455 
173 1.1459215424559819 
174 1.190556100006085 
175 1.1418132919244304 
176 1.1742008605292547 
177 1.1418132919244304 
178 1.1612486311727395 
179 1.154976731400103 
180 1.1469586565991334 
181 1.1822816394012485 
182 1.189551370975388 
183 1.1982354954043333 
184 1.190775556948782 
185 1.1902718540276545 
186 1.1680558597032908 
187 1.1397372927126423 
188 1.1291946431883515 
189 1.1618661686129033 
190 1.112209284773291 
191 1.1587378940646194 
192 1.1231005321590424 
193 1.1604152777420969 
194 1.1569561081470243 
195 1.1943066129685613 
196 1.209753769780897 
197 1.201486989104755 
198 1.1680153024190545 
199 1.0802701754715334 
200 1.1212944193973031 
201 1.071643944409291 
202 1.119845309797006 
203 1.0852309891124605 
204 1.1229719083106666 
205 1.09768689356 
206 1.1679275923043395 
207 1.1610860843988786 
208 1.217229167877891 
209 1.1761002327771395 
210 1.2275658204727213 
211 1.187794084233994 
212 1.2275658204727213 
213 1.1571121094138423 
214 1.1779647538267153 
215 1.1339184513972242 
216 1.1710518145536728 
217 1.127669093258903 
218 1.113688606935497 
219 1.048216975903309 
220 1.0353429625701454 
221 1.0339299595793212 
222 1.0408198579671637 
223 1.0235308964201029 
224 1.0743365514778305 
225 1.0467245544367212 
226 1.1014700946537455 
227 1.1045719325636667 
228 1.1798157390190969 
229 1.1530331616761877 
230 1.1251948723119516 
231 1.1328912743671515 
232 1.1237836962453454 
233 1.1097504304657335 
234 1.1081318461604666 
235 1.0997213102134726 
236 1.0653723816719092 
237 1.0606394899910363 
238 1.1232422660817938 
239 1.108686078752612 
240 1.1315849216867635 
241 1.1318269226540303 
242 1.1291569730687574 
243 1.1193078501831393 
244 1.1719164375573152 
245 1.1735215065199454 
246 1.1339170373334726 
247 1.1507352888216908 
248 1.1248267816921032 
249 1.1408961632865393 
250 1.1131172343039637 
251 1.1294616813273153 
252 1.038658331962782 
253 1.0495301441449576 
254 1.0421383060549818 
255 1.0451488398417514 
256 1.0197331773123575 
257 1.0057897533648728 
258 1.0217573437921699 
259 1.0212091077511274 
260 1.0475524165554666 
261 1.095339133148309 
262 1.060314822098097 
263 1.1126977595161456 
264 1.0593561219928305 
265 1.153812090086006 
266 1.0465432459387576 
267 1.1805569612154483 
268 1.053024752183715 
269 1.1366169724659394 
270 1.0427040212060545 
271 1.1211203750936485 
272 1.0212325955170545 
273 1.0933979885285516 
274 1.0241885371649575 
275 1.0526071280934 
276 1.0162506920728362 
277 1.0496345549490302 
278 1.014120500175388 
279 1.0470547174013334 
280 1.069527390673388 
281 1.025698815915485 
282 1.1209495440291395 
283 1.0610447034476604 
284 1.1464034739950968 
285 1.0560866986168607 
286 1.0924892350778181 
287 1.0114973192184304 
288 1.115306730123412 
289 1.0192441918556001 
290 1.093408453115612 
291 1.0279117708441696 
292 4.957818886951771 
293 1.0363062498757696 
294 4.993722027126142 
295 1.1258320095745091 
296 4.8514247305954 
297 1.098815272546891 
298 4.869848527642858 
299 1.0937357548683393 
300 5.148648241005486 
301 1.0667910539604848 
302 5.201290611340544 
303 1.0635869886558666 
304 5.355863116802686 
305 1.0972789686327395 
306 5.4170356961198864 
307 1.1091250427964787 
308 5.289244345623172 
309 1.1604666703947213 
310 5.312706379373543 
311 1.1676031049210605 
312 5.352526198697342 
313 1.1853153484526122 
314 5.291381039621686 
315 1.153708565455806 
316 5.142772750862057 
317 1.1412812460397335 
318 5.000585426046257 
319 1.14027346451223 
320 4.764941082721371 
321 1.154582174545129 
322 4.7276156672500855 
323 1.1958565879967678 
324 4.607471856961114 
325 1.0910770002591819 
326 4.5429772518527995 
327 1.000443640729376 
328 4.555322772623229 
329 1.0046920873268788 
330 4.340005716838829 
331 0.931757596109 
332 4.329294807382971 
333 0.9587865236238788 
334 4.434861952988142 
335 0.9567224550662606 
336 4.466062127323457 
337 0.9465464631677818 
338 4.487061554752971 
339 0.9306235630361394 
340 4.459721961246514 
341 0.9144339736311212 
342 4.444260659755543 
343 0.9394675476158607 
344 4.5369533796866 
345 0.939912927713697 
346 4.621645195111657 
347 0.959658647224 
348 4.829517154683714 
349 1.0145509366641878 
350 4.8964169828320285 
351 1.0405254581333274 
352 5.092798582318743 
353 1.0724552294554848 
354 5.158985880166743 
355 1.1404533732793516 
356 5.142826644065429 
357 1.1406623844078545 
358 5.104021705937915 
359 1.1794271293472 
360 5.0828689326212 
361 1.2034842053681636 
362 4.957704292464285 
363 1.1362005307783394 
364 5.0061967557220575 
365 1.1359098417155395 
366 4.980282982078514 
367 1.1220185661440545 
368 4.700306927969914 
369 1.065049592862406 
370 4.672485575269257 
371 1.0673957278751576 
372 4.503213488107057 
373 1.038012886779406 
374 4.488400923179886 
375 0.9588329466149274 
376 4.618332851366057 
377 1.0020423546882364 
378 4.5532475211764 
379 0.971041160135194 
380 4.659866039318343 
381 0.9824743781881818 
382 4.685994470794343 
383 1.025353998403109 
384 4.628469907498428 
385 1.014243575126503 
386 4.7364502228093714 
387 1.0714357430377515 
388 4.6919847286189995 
389 1.080525361033297 
390 4.7074366591183425 
391 1.1036471951938 
392 4.721304206218543 
393 1.083009172964503 
394 4.898901415774057 
395 1.1030504830054486 
396 5.112826893976114 
397 1.1430786930526788 
398 5.310148643987515 
399 1.1634777780182364 
400 5.545414902941114 
401 1.2183591898114303 
402 5.4211324689438 
403 1.1901622747509515 
404 5.322637500001686 
405 1.155488120098303 
406 5.210234868604886 
407 1.1621587964932727 
408 5.053345396615542 
409 1.1222110909412 
410 5.070905384124457 
411 1.1404539543790666 
412 4.709552620179143 
413 1.1503907595074128 
414 4.501055847675372 
415 1.0903688632095099 
416 4.544426140064258 
417 1.0063578792540726 
418 4.645532022669315 
419 1.0035163516873697 
420 4.913905354570114 
421 1.0359655444014424 
422 5.2042661684956855 
423 1.066801528531685 
424 5.237284122879514 
425 1.1198768346752423 
426 5.194814682776601 
427 1.111563495302303 
428 5.296756038748029 
429 1.124485375537091 
430 5.342016664932543 
431 1.1505981030854728 
432 5.338598403206857 
433 1.176146324568412 
434 5.261056188233915 
435 1.1725728229636607 
436 5.112076683768229 
437 1.1502769007821698 
438 4.9825852229008 
439 1.0996049293860002 
440 4.800604040479114 
441 1.0162650055729938 
442 4.845122031547429 
443 1.0067851332219273 
444 4.922664221037229 
445 1.0088665600884 
446 4.917157100773999 
447 1.0287659229674908 
448 5.010899461059229 
449 1.112105846780497 
450 5.0220132661310855 
451 1.1282006451987212 
452 4.944496414473771 
453 1.1244374376410424 
454 4.808929528815171 
455 1.091046902889109 
456 4.695612409160858 
457 1.0657941726528968 
458 4.783333939442485 
459 1.0896763485715333 
460 4.9232945976136 
461 1.1042193818484058 
462 5.151102441281258 
463 1.1418094498368545 
464 5.397800688532714 
465 1.1772000760046546 
466 5.1256498418104 
467 1.1172686704225636 
468 4.947334484992344 
469 1.1002583261825514 
470 4.780702856731286 
471 1.0517501845371453 
472 4.623268896362544 
473 1.0310282938848123 
474 4.916383948347229 
475 1.0877043928823396 
476 5.0545649301978 
477 1.1088629782955879 
478 5.2229055983654575 
479 1.155371028525121 
480 5.3544879838099435 
481 1.1771990967126789 
482 5.246118400843486 
483 1.1706728850155332 
484 4.954557368758685 
485 1.1096734625480726 
486 4.7048470176476 
487 1.0776945871567272 
488 4.6274321083081995 
489 1.0776945871567272 
490 4.572890628374142 
491 1.030408592656212 
492 4.697964628723429 
493 1.0474283757076002 
494 4.512367091872829 
495 0.9723387251247939 
496 4.598374508876686 
497 0.9626630809358424 
498 4.687092738206657 
499 1.0040587135299939 
500 4.712312188560829 
501 1.0191065933047878 
502 4.5821042308252 
503 0.9662194813778182 
504 4.636962967634085 
505 0.9642800136776364 
506 4.267527903915486 
507 0.8862324869716304 
508 4.125851895395714 
509 0.8533538781017819 
510 4.453875361926172 
511 0.9813306406115575 
512 4.242440100599086 
513 0.9582518380713393 
514 4.6101664452166 
515 1.0419484434112243 
516 4.787917366330057 
517 1.0830543043926302 
518 4.697153891457857 
519 1.0099989472150122 
520 4.8570609439596 
521 1.0511671394436 
522 4.888871764064599 
523 1.0507665880539214 
524 5.0146020806643135 
525 1.073617546201697 
526 4.9516300902651995 
527 1.0890203352072059 
528 5.1000590914702 
529 1.1030807188313696 
530 5.043405848688314 
531 1.0916973403625456 
532 4.8941501548816575 
533 1.0637018368025999 
534 4.8880900711243145 
535 1.061214403285479 
536 4.755582029170085 
537 1.051587271608309 
538 4.8881264262748285 
539 1.076464521873218 
540 4.971699659878342 
541 1.088612642772206 
542 4.984154191937086 
543 1.1487526444614362 
544 4.8814250886177435 
545 1.1072363345106182 
546 4.787344064123743 
547 1.087271500259012 
548 4.8193533417883145 
549 1.0824825971701817 
550 4.944733836373943 
551 1.0824825971701817 
552 5.058560959327429 
553 1.108747599232812 
554 5.156933729536685 
555 1.1284642490220484 
556 5.211510274406629 
557 1.1607684276594425 
558 5.322310013842829 
559 1.1607684276594425 
560 5.3523637777876 
561 1.1742763725315635 
562 5.188661978877858 
563 1.1334263783995817 
564 5.065805261104742 
565 1.100532180286806 
566 4.815061013488829 
567 1.0551508350338061 
568 4.8871689276826 
569 1.0683558703030667 
570 4.838517492869115 
571 1.0627619582578607 
572 4.8170138102875715 
573 1.0729106101089818 
574 4.874429378296285 
575 1.0735447158518607 
576 4.828553610603628 
577 1.0535621555983392 
578 4.685413248221114 
579 1.025111273803594 
580 4.689402640862629 
581 1.0114917847963878 
582 4.6184061591462 
583 0.9678225781538242 
584 4.3841807243382 
585 0.9390190572963455 
586 4.5535386855262 
587 0.9712275411694667 
588 4.5645199825206 
589 0.9598405368109333 
590 4.662182621786714 
591 1.025327396161788 
592 4.7411725056736005 
593 1.0278327939068121 
594 4.717757408378114 
595 1.0198922991924606 
596 4.806284985978029 
597 1.041346599556497 
598 4.791066294996829 
599 1.0015717080471456 
600 4.858048707869829 
601 1.0125573489721515 
602 4.758057300276772 
603 0.9966649602936969 
604 4.582669660083743 
605 0.9619296580964667 
606 4.540601692974343 
607 1.0246341364076426 
608 4.404488533514314 
609 1.0315283855753516 
610 4.638743157424143 
611 1.074285676400297 
612 4.636288106935057 
613 1.072423775291212 
614 4.908717319882743 
615 1.082554910371618 
616 5.0829851570980855 
617 1.0358877771461878 
618 5.017243008368601 
619 1.0446866898730727 
620 5.217209484791286 
621 1.1068241817226183 
622 5.208711521152772 
623 1.130588486945709 
624 5.133791376759971 
625 1.1772556201711395 
626 5.115080843473772 
627 1.160528186335715 
628 5.183897126770943 
629 1.163198923569091 
630 5.025692196662915 
631 1.1296345479815635 
632 5.0791325491426855 
633 1.1296345479815635 
634 5.186327015132714 
635 1.1563008518801758 
636 5.124450962460829 
637 1.1512211139816242 
638 5.218022575723228 
639 1.1826278920813273 
640 5.187875639606714 
641 1.1826278920813273 
642 5.159546231421914 
643 1.1755848257044665 
644 5.119040557866971 
645 1.1600430966707878 
646 5.2253555176196285 
647 1.149653634809515 
648 5.189992171000514 
649 1.0938879018326728 
650 4.951044543652172 
651 1.0780773177200123 
652 4.716881578533572 
653 1.0259114924570665 
654 4.519095659310657 
655 1.0397104418293817 
656 4.184804097868514 
657 0.9751751135451819 
658 4.330845658844143 
659 0.9730833279617576 
660 4.583977182352686 
661 1.0168436565825818 
662 4.8096867125072285 
663 1.114830657173903 
664 4.876861906546772 
665 1.087305215222697 
666 4.877494967428 
667 1.0829178843164424 
668 4.968687537033086 
669 1.1262002200251577 
670 5.1903953136584855 
671 1.148514280694879 
672 5.369102967673115 
673 1.1870445607191396 
674 5.573093626026286 
675 1.2054530236199699 
676 5.440782014969314 
677 1.1704978324164848 
678 5.391870797566686 
679 1.1704978324164848 
680 5.256155526679114 
681 1.1370833626124184 
682 5.139689634703343 
683 1.1293537887672667 
684 5.143891802201085 
685 1.1320639461133213 
686 5.0926032372774 
687 1.0918558851910123 
688 5.172594921768742 
689 1.1043176847624 
690 5.054696584427572 
691 1.0901528033440424 
692 5.009896480744715 
693 1.067405425484582 
694 5.0263274482927995 
695 1.1032182379334485 
696 5.0750768905910855 
697 1.1099607001649394 
698 5.1849174647597716 
699 1.1404676159572729 
700 5.2337865549652 
701 1.1614433944014788 
702 5.390235882260143 
703 1.1658386428749212 
704 5.311990727654972 
705 1.1593759063656364 
706 5.104472491805772 
707 1.1158131805246425 
708 5.097853421070314 
709 1.118170907712303 
710 5.005054350052314 
711 1.118210588313394 
712 4.853606476052229 
713 1.0929191634352726 
714 4.859359151294371 
715 1.083732091743812 
716 4.7575969511411715 
717 1.0487217600801757 
718 4.631277739211599 
719 1.0145677109828424 
720 4.674206900831771 
721 1.0349004651877938 
722 4.7634089922473715 
723 1.0491908173752365 
724 4.776452691882914 
725 1.0609640658525759 
726 4.7910001754538 
727 1.0585526239786789 
728 4.7862949022390575 
729 1.057018846460794 
730 4.887177115945029 
731 1.084206982438703 
732 4.9087889641181714 
733 1.083777568046594 
734 4.936494235837229 
735 1.1203033784167271 
736 4.926310054144115 
737 1.1101039187036608 
738 4.961450192042143 
739 1.0872550192582424 
740 4.883948758163771 
741 1.057844790958103 
742 5.000616786330829 
743 1.057844790958103 
744 5.001678185331543 
745 1.0639754217408668 
746 4.936181037572886 
747 1.0648107472446668 
748 5.063401744883971 
749 1.114918180206103 
750 5.052783135599685 
751 1.1048942346688486 
752 5.205704550503628 
753 1.1209915746915151 
754 5.222640407436029 
755 1.1285047335276062 
756 5.0795801276466 
757 1.102219868427582 
758 4.974865498466771 
759 1.053296394272588 
760 4.873413042671315 
761 1.0246465497558 
762 4.8875939050101715 
763 1.043195040758473 
764 5.0908513423960855 
765 1.0707243288714 
766 5.084493359896172 
767 1.1197026273882 
768 5.166898949778971 
769 1.1507381695544423 
770 5.035148334501857 
771 1.1470480651913213 
772 4.8969551289412285 
773 1.1263454943329758 
774 4.877841373467715 
775 1.0846590560585152 
776 4.734956408672228 
777 1.0575399173453273 
778 4.751684380767086 
779 1.0301249452882608 
780 4.774441618781886 
781 1.0474277768787392 
782 4.665475548387114 
783 1.0151081510412667 
784 4.782340836802658 
785 1.0260244858399212 
786 4.943789234645999 
787 1.0362968317153514 
788 5.094941723300201 
789 1.0642993512896728 
790 5.302203431390857 
791 1.1482745365770546 
792 5.316384078905 
793 1.1700630899285274 
794 5.1231730048628 
795 1.1572902724989151 
796 5.1309513819631425 
797 1.1550414815419756 
798 5.147756764492942 
799 1.1550414815419756 
800 5.142679611005742 
801 1.1495690701963577 
802 5.203693726819514 
803 1.1264776586441818 
804 5.116175446926829 
805 1.1233841327627212 
806 5.069992429061086 
807 1.1233841327627212 
808 4.987185193672086 
809 1.1104911282817636 
810 4.873005442937115 
811 1.0925871022760727 
812 4.892506804346886 
813 1.1244791909636 
814 4.840398269501542 
815 1.0989751831317516 
816 4.892092176347829 
817 1.1086869759480302 
818 4.88031420565 
819 1.0858004447260001 
820 5.063368648641258 
821 1.119501998300115 
822 4.959960301605114 
823 1.1467299810241212 
824 4.822513606413572 
825 1.098472093393721 
826 4.7627707435058 
827 1.065144512784285 
828 4.8472882889208 
829 1.0863464362154485 
830 4.9968519683152 
831 1.0846224613232969 
832 5.142184744734543 
833 1.127944312741285 
834 4.974025855948 
835 1.1060589169645092 
836 4.780285708618 
837 1.0848526204227151 
838 4.671624367521943 
839 1.0848526204227151 
840 4.432615592573858 
841 1.0405974779990608 
842 4.564514747130743 
843 1.0593385210333213 
844 4.684673418109972 
845 1.0776000944362605 
846 4.823299575406257 
847 1.0776000944362605 
848 4.823299575406257 
849 1.0776000944362605 
850 4.823299575406257 
851 1.0776000944362605 
852 5.0362202217916 
853 1.1098926430336182 
854 4.918615165279457 
855 1.0922417614847455 
856 4.876652514462286 
857 1.0806490649819638 
858 4.735475264606457 
859 1.0211318494865695 
860 4.7372436476312005 
861 1.0218070568756243 
862 4.673817497457714 
863 1.0002336905668483 
864 4.587842163145114 
865 0.9647924391513152 
866 4.4566903177907715 
867 0.9299864978782122 
868 4.283064361329428 
869 0.9062528872653515 
870 4.226085062046343 
871 0.9165552496674546 
872 4.326586370573429 
873 0.9212624525178668 
874 4.5324009464213715 
875 0.9401934913798061 
876 4.518703926377657 
877 0.9183285872543212 
878 4.548857903790228 
879 0.9356189503975939 
880 4.467696458316372 
881 0.9108021598034667 
882 4.268754755662514 
883 0.8852946445050607 
884 4.425121240594086 
885 0.9009615998431878 
886 4.450926035320458 
887 0.9060573618295636 
888 4.5492094453150855 
889 0.9365895064111697 
890 4.760418803231086 
891 1.0374891396161332 
892 4.714253837804486 
893 1.0619181499152184 
894 4.514893191174514 
895 1.022620345423806 
896 4.743655171766115 
897 1.0513152863355395 
898 4.684455207760258 
899 1.0355217488837698 
900 4.687383673900285 
901 1.0252341268390788 
902 4.579732274516142 
903 1.0224985089379757 
904 4.634721379565971 
905 1.0266176788895396 
906 4.422007938950257 
907 0.9282173628019879 
908 4.318447776837657 
909 0.9076106470977637 
910 4.2036488337546 
911 0.9038981457685575 
912 4.094500659244629 
913 0.8802469160824545 
914 4.117696456490686 
915 0.8976459604891516 
916 4.3332663840794 
917 0.9398130154166545 
918 4.495533140656172 
919 0.9703486896710728 
920 4.714096017451829 
921 0.9759400143221757 
922 4.841710597408057 
923 1.0736329296036726 
924 4.7530378759369425 
925 1.0726785571865758 
926 4.774759394787201 
927 1.1042564589187638 
928 4.631886923109801 
929 1.0781722623096424 
930 4.517069517334 
931 1.000413850856 
932 4.302675312957057 
933 0.9501627580076304 
934 4.299390571458429 
935 0.9498559779373575 
936 4.607275596301571 
937 1.015227698944909 
938 4.781980847065029 
939 1.0302498894160605 
940 4.936935154515285 
941 1.059736844154176 
942 4.677553583274857 
943 0.9969965693102545 
944 4.5579029217334 
945 0.9686240710394485 
946 4.544304260433942 
947 0.974451766100909 
948 4.710751578063714 
949 0.9869195174944909 
950 4.878031964359657 
951 1.0228377088400302 
952 4.801119668495372 
953 1.0220774255451577 
954 4.9468314112662 
955 1.0780878453173273 
956 4.7103310298658 
957 1.0458564224799396 
958 4.786443869514885 
959 1.062247964935406 
960 4.854060274740972 
961 1.0946332311128666 
962 4.824107124604971 
963 1.0946332311128666 
964 4.979932386532772 
965 1.123957723411206 
966 5.0071756559458 
967 1.1346988810736123 
968 5.1805393481561435 
969 1.1493493781316062 
970 5.229461049424971 
971 1.1493493781316062 
972 5.355805113061457 
973 1.1752636136507697 
974 5.4330006830349715 
975 1.1991946587180544 
976 5.473247686443343 
977 1.186530642107794 
978 5.511003430336428 
979 1.1817703658252423 
980 5.489867813075114 
981 1.173003064055497 
982 5.553542386648286 
983 1.1729207106178303 
984 5.424159278970057 
985 1.185297657331515 
986 5.2508587087691145 
987 1.1444269693317455 
988 4.8864113318556 
989 1.0999046843693332 
990 4.6840020853083715 
991 1.0663421311413213 
992 4.596226497112857 
993 1.0227011143932243 
994 4.593307407375171 
995 1.0366154966382 
996 4.714156228864515 
997 1.0399525784574546 
998 4.781098257914628 
999 1.0643027172102002 
1000 4.745468832870343 
1001 1.0564688896453152 
1002 4.7592721841348 
1003 1.0650498672712 
1004 5.0506410312878005 
1005 1.117673066766588 
1006 5.351254913219457 
1007 1.1620441928455332 
1008 5.386205541962257 
1009 1.1802403931377212 
1010 5.403085273516028 
1011 1.1509142175746847 
1012 5.415136063101914 
1013 1.1498812528772668 
1014 5.444865901343886 
1015 1.1437861580480728 
1016 5.091372072785772 
1017 1.0778038271432 
1018 5.0439937972238855 
1019 1.0979226262223212 
1020 4.914654164358 
1021 1.0867237756811454 
1022 4.7314448553379425 
1023 1.0365148560508728 
1024 4.744653328835457 
1025 1.0671540896514486 
1026 4.845421705472285 
1027 1.0994970705468121 
1028 4.630170763015115 
1029 1.0513677985557273 
1030 4.550241750707515 
1031 1.022485592558721 
1032 4.705471362068572 
1033 1.0353459240129332 
1034 4.567533648454228 
1035 0.9734365879725091 
1036 4.693122378045886 
1037 1.0017578469662485 
1038 4.974074673260399 
1039 1.095336254029006 
1040 4.8148371664417144 
1041 1.0475153828880244 
1042 4.660088599749486 
1043 0.9984723337012181 
1044 4.8969407225246 
1045 1.0455836512124363 
1046 4.866426961423172 
1047 0.984772296318806 
1048 4.844943499748543 
1049 1.0188053054911637 
1050 5.104071878148143 
1051 1.1253501763211697 
1052 4.841647700245743 
1053 1.0726357548334544 
1054 4.944330442410228 
1055 1.1011560796409878 
1056 5.040612385198486 
1057 1.0820136598110486 
1058 4.848960715189857 
1059 4.779539346579257 
1060 4.981229526629086 
1061 4.796385049910514 
1062 4.855695504060771 
1063 4.735563610871172 
1064 4.790105062421543 
1065 4.709481981481457 
1066 5.083575371346543 
1067 5.0516424561697715 
1068 5.124611550262057 
1069 5.101033470800057 
1070 5.254681046017343 
1071 5.116177541956028 
1072 5.297095279945114 
1073 5.426472873249286 
1074 5.182360287161714 
1075 5.426472873249286 
1076 5.147270236381943 
1077 5.1178604177303715 
1078 5.1178604177303715 
1079 5.396701158836543 
1080 5.075985162409286 
1081 5.430120212742543 
1082 4.928130630157486 
1083 5.469680378855 
1084 5.0834663730018566 
1085 5.2408993737897145 
1086 5.213521452342801 
1087 5.1695941616023715 
1088 5.156238901264914 
1089 5.067543973238086 
1090 5.144475548418599 
1091 5.0587467082112285 
1092 5.043126872174371 
1093 5.140000207118628 
1094 4.8942654076648 
1095 5.233494662648657 
1096 4.8802852923611715 
1097 5.104118426873714 
1098 4.8802852923611715 
1099 5.104118426873714 
1100 4.939089393215457 
1101 5.263716928457829 
1102 4.956280003204772 
1103 5.263716928457829 
1104 4.956280003204772 
1105 5.263716928457829 
1106 5.002758888617828 
1107 5.263716928457829 
1108 5.011489587621886 
1109 5.197592324693715 
1110 5.036086462502285 
1111 5.227739074387143 
1112 4.854408172666344 
1113 5.1198323143302575 
1114 4.892330921798686 
1115 5.1198323143302575 
1116 4.7143066886686285 
1117 4.994347635583543 
1118 4.5892431468851145 
1119 4.8466230089252 
1120 4.881461751099029 
1121 5.058474267418686 
1122 4.641197643703486 
1123 4.8976529900109425 
1124 4.7675386119204575 
1125 5.039449672267715 
1126 4.6260850636857995 
1127 4.918445397579914 
1128 4.6013525020112 
1129 4.8697234728395715 
1130 4.725460079458 
1131 4.622084516744314 
1132 4.4467514956002 
1133 4.395322795775457 
1134 4.629023124548342 
1135 4.560279510787772 
1136 4.594217177259572 
1137 4.608990033580257 
1138 4.434311014513286 
1139 4.4862104386184 
1140 4.7520379045244 
1141 4.730226900290314 
1142 4.660494757043172 
1143 4.698979784300829 
1144 4.4950508986856 
1145 4.587677729319972 
1146 4.503050137024142 
1147 4.561955141008315 
1148 4.3353447708124575 
1149 4.440816370670172 
1150 4.224077327485257 
1151 4.279777127537857 
1152 4.266681474955686 
1153 4.288400618191457 
1154 4.518276445075228 
1155 4.574200497630514 
1156 4.6605851750219145 
1157 4.6303011422267994 
1158 4.957570186056343 
1159 4.978622111244886 
1160 4.951588568776514 
1161 4.921106366829343 
1162 5.1160080819046 
1163 5.060297520626913 
1164 5.078084843302685 
1165 5.1531363595172 
1166 5.1216138282488854 
1167 5.125888782661257 
1168 5.1153391332104565 
1169 5.231592633051 
1170 4.791790528982458 
1171 4.9021921402124855 
1172 4.850164346567371 
1173 4.935449479137715 
1174 4.581560109949143 
1175 4.7165133277392 
1176 4.680838047151085 
1177 4.6590986350537715 
1178 4.569033446309314 
1179 4.588220437112314 
1180 4.3296932508804575 
1181 4.312001118811172 
1182 4.293839308183057 
1183 4.264945088455114 
1184 4.0388268190529715 
1185 4.116108599602657 
1186 4.350160257459314 
1187 4.412871863731971 
1188 4.341593555990458 
1189 4.403250256217771 
1190 4.4706877563002 
1191 4.483751760593972 
1192 4.674029537119543 
1193 4.704945530178171 
1194 4.481259872810429 
1195 4.439638366777457 
1196 4.787301143185229 
1197 4.662826933129971 
1198 4.808783193308086 
1199 4.723720298230171 
1200 4.928100036870057 
1201 4.771643182236971 
1202 5.106345591227457 
1203 4.999016997942972 
1204 4.994341740419743 
1205 4.971546547725372 
1206 5.032312737192943 
1207 5.017589605004028 
1208 5.024234294656772 
1209 5.080507527051114 
1210 4.913530499993257 
1211 4.941739481235257 
1212 4.961506449213 
1213 4.991724999825286 
1214 4.956097843075514 
1215 4.974797709825771 
1216 4.871670869867572 
1217 4.872694903004172 
1218 4.842739982330628 
1219 4.8709241186387136 
1220 4.882842545136886 
1221 4.8413884669650855 
1222 4.899227618467086 
1223 4.811916010908314 
1224 4.905291366150228 
1225 4.877008681180828 
1226 5.108875709663143 
1227 5.041817770435543 
1228 5.145369446724971 
1229 5.067166082880457 
1230 5.315414009100686 
1231 5.252617576394228 
1232 5.249260852523343 
1233 5.163510605288971 
1234 4.899661138089029 
1235 4.907473307164486 
1236 4.8360807670165995 
1237 4.8785291234299715 
1238 4.604520561640657 
1239 4.643017748417914 
1240 4.625356702610971 
1241 4.605316793462 
1242 4.6812688631216 
1243 4.658689956407542 
1244 4.427918587887029 
1245 4.4632852245018855 
1246 4.331599484319429 
1247 4.443669432260486 
1248 4.251319772846172 
1249 4.4390284509861715 
1250 4.307928368049086 
1251 4.525272063488972 
1252 4.4351822586683145 
1253 4.634694105620257 
1254 4.512337334639057 
1255 4.670998008282285 
1256 4.649883519429943 
1257 4.766497983298314 
1258 4.7138003170139715 
1259 4.798052812208629 
1260 4.932411552773657 
1261 4.999049163366971 
1262 4.842953583453943 
1263 4.896292346569457 
1264 4.799758221310142 
1265 4.865417499325171 
1266 4.876038370155057 
1267 4.727899718037257 
1268 4.560500298241629 
1269 4.47429332901 
1270 4.490612145456914 
1271 4.374864281352028 
1272 4.4678816735458 
1273 4.176037950770914 
1274 4.5344831909962 
1275 4.448873349912 
1276 4.558913268223314 
1277 4.326987415868114 
1278 4.916005612984429 
1279 4.688581818381971 
1280 5.005901641854771 
1281 4.878621604838343 
1282 4.737389918704628 
1283 4.645478012749914 
1284 4.7337750476212 
1285 4.6954821724208005 
1286 4.634415940258971 
1287 4.650619838284685 
1288 4.492840190111058 
1289 4.489031088017286 
1290 4.611355545126258 
1291 4.545419778240543 
1292 4.674392491914771 
1293 4.690268825311657 
1294 4.798410846639372 
1295 4.804637022111714 
1296 5.103053586396428 
1297 5.190038794489285 
1298 5.107893749849028 
1299 5.159754645200543 
1300 5.128711037328029 
1301 5.124352572411429 
1302 5.069851445933172 
1303 5.038272184289228 
1304 4.767785871787772 
1305 4.7030381941401425 
1306 4.698149298016571 
1307 4.691639561742972 
1308 4.644928526699171 
1309 4.588115084471714 
1310 4.554841238601028 
1311 4.522855665286515 
1312 4.6149170397693435 
1313 4.661406234086029 
1314 4.605384948288914 
1315 4.663140971271857 
1316 4.656072049678143 
1317 4.818909626440972 
1318 4.522068521454686 
1319 4.553224885699171 
1320 4.423451295910686 
1321 4.350787471069114 
1322 4.535374122126771 
1323 4.4838416524974 
1324 4.491626030123886 
1325 4.334753232909028 
1326 4.798391752702571 
1327 4.753954629632401 
1328 4.861298928665714 
1329 4.852613242999857 
1330 4.831494015358056 
1331 4.865517110941715 
1332 5.152296302219143 
1333 5.2087654022672 
1334 4.967074727089772 
1335 5.096088722490971 
1336 4.898001133532314 
1337 5.029947243483 
1338 4.922485380994142 
1339 4.907372354946629 
1340 4.660790793411743 
1341 4.537366758155286 
1342 4.5088544239812 
1343 4.432275400401772 
1344 4.782835537266429 
1345 4.663636866065658 
1346 4.8277933434030285 
1347 4.735493385313314 
1348 4.970713335208857 
1349 4.9398078370388 
1350 5.098134104620257 
1351 4.970436473170771 
1352 5.0854335821814 
1353 5.013874736052657 
1354 5.078650816129715 
1355 5.040577217079686 
1356 5.064746844822172 
1357 5.082332901676144 
1358 4.9927276830796 
1359 4.969107640002428 
1360 4.8528018476623425 
1361 5.006286926804971 
1362 4.960650466859229 
1363 5.0998914891162 
1364 4.689076715834686 
1365 4.826368078054115 
1366 4.793325768146228 
1367 4.8402255443099715 
1368 4.901785569481771 
1369 4.753327267902571 
1370 4.661552050613143 
1371 4.514909567409486 
1372 4.8446864030864285 
1373 4.755029834616743 
1374 4.7664128667385715 
1375 4.713048621828485 
1376 4.663781968067343 
1377 4.563291278492515 
1378 4.607548320328057 
1379 4.480801996130372 
1380 4.574576007835171 
1381 4.431751957334 
1382 4.669755657927029 
1383 4.5093094480428 
1384 4.728373201861458 
1385 4.671290718555057 
1386 4.930972006884285 
1387 4.962118324266143 
1388 5.088997352379914 
1389 5.010755154785885 
1390 5.078280509364342 
1391 5.0872246989192575 
1392 5.2564031357287435 
1393 5.097305489037228 
1394 5.2286886572672 
1395 5.0207853115857715 
1396 5.269753876225343 
1397 5.172879680859943 
1398 5.3814512824958 
1399 5.275630606222856 
1400 5.319198589023257 
1401 5.321213671125972 
1402 5.034781867409372 
1403 5.0281111344355995 
1404 5.033687306511458 
1405 4.9533640092624 
1406 4.806321271424343 
1407 4.7417948231890295 
1408 4.451699829603458 
1409 4.370219761117857 
1410 4.685812237463772 
1411 4.817605233963029 
1412 4.5210028307791434 
1413 4.703303968659685 
1414 4.696519179756685 
1415 4.862540630598114 
1416 4.8218484776406 
1417 5.126130763672486 
1418 4.847993607186457 
1419 5.018980367477343 
1420 4.633951804105743 
1421 4.8602573939104285 
1422 4.634110658854629 
1423 4.831087570227857 
1424 4.793539962404401 
1425 4.863358661637828 
1426 4.647050150305028 
1427 4.738246353314628 
1428 5.0407738143922005 
1429 5.0192637795503146 
1430 4.981407272438285 
1431 4.978580242205972 
1432 4.859342929789 
1433 4.804274944808057 
1434 4.897826328609371 
1435 4.7014830790955715 
1436 4.707347702912714 
1437 4.6073098267367145 
1438 4.6526466272550575 
1439 4.531582812545971 
1440 4.5189364735244855 
1441 4.449703609191743 
1442 4.720185504595114 
1443 4.675545816739372 
1444 4.788598989993114 
1445 4.695434638795028 
1446 4.838263171420657 
1447 4.7860032372526575 
1448 5.179787275314686 
1449 5.115085824037799 
1450 5.065430163853257 
1451 4.949033879032085 
1452 5.0283297860631135 
1453 4.958239741973 
1454 4.936274124906542 
1455 4.793860903394342 
1456 4.936274124906542 
1457 4.793860903394342 
1458 4.543370917732686 
1459 4.425248572942829 
1460 4.585538943820572 
1461 4.498768641244714 
1462 4.542325036156857 
1463 4.292191136743486 
1464 4.672392539134571 
1465 4.455963668680143 
1466 4.709951886700714 
1467 4.469689143668486 
1468 4.751985039849771 
1469 4.4956999600039715 
1470 4.550540723772029 
1471 4.4510069187525145 
1472 4.6715949988830285 
1473 4.607178650699543 
1474 4.805672858191114 
1475 4.752912227573057 
1476 4.748259112922514 
1477 4.6320644435004 
1478 4.934888415132429 
1479 4.799347072866171 
1480 4.6966182824499425 
1481 4.492951841156457 
1482 4.603745155967771 
1483 4.329650486800714 
1484 4.676950601846 
1485 4.586777177146028 
1486 4.793719861138771 
1487 4.643872195215885 
1488 4.922558070092457 
1489 4.887664300612686 
1490 5.1507215868626 
1491 5.197388136039629 
1492 5.023351417218657 
1493 5.111704804280057 
1494 4.838783679721172 
1495 4.982809480666972 
1496 4.5490792993154 
1497 4.654512734503915 
1498 4.515686457166857 
1499 4.4956632279493425 
1500 4.567071740115629 
1501 4.4889610209538855 
1502 4.907157564010514 
1503 4.786669617264029 
1504 5.0125133249476 
1505 4.876403437084828 
1506 5.039580931080172 
1507 4.846282110175571 
1508 4.992145279480543 
1509 4.7150467299842855 
1510 4.8241761679841995 
1511 4.363679329214743 
1512 4.838260742680886 
1513 4.359982190047343 
1514 4.900929843729343 
1515 4.538108721386228 
1516 4.8722403203594 
1517 4.546803706207029 
1518 4.743508072461343 
1519 4.727079583538886 
1520 4.8614869517556 
1521 4.965717214597601 
1522 4.862799113368257 
1523 5.0107548838809715 
1524 5.0015810090600565 
1525 5.128195571346143 
1526 5.3043065763971144 
1527 5.312170229395228 
1528 5.4036831140407715 
1529 5.299310402425457 
1530 5.143047903725228 
1531 5.074287857840715 
1532 4.915208907188771 
1533 4.849146704753914 
1534 4.653562880515115 
1535 4.574424495968315 
1536 4.4862139498724 
1537 4.608432002204229 
1538 4.314866546806629 
1539 4.410489538720657 
1540 4.5540757481931715 
1541 4.721904824414971 
1542 4.644764880833857 
1543 4.743055975153601 
1544 4.8015909470953995 
1545 4.740354467489029 
1546 5.248565562178657 
1547 5.248176757837628 
1548 5.241569689573857 
1549 5.1628040722144 
1550 5.275705768303743 
1551 5.287027773795486 
1552 5.121857129338629 
1553 5.1040272835072855 
1554 4.989074504071543 
1555 4.901782402839629 
1556 4.947496542052629 
1557 4.7737960188444 
1558 4.9506444156768 
1559 4.755648626615915 
1560 4.978767316697172 
1561 4.786964173508857 
1562 5.082150833251886 
1563 4.929680243868 
1564 4.986939845072972 
1565 4.936252556513685 
1566 4.905016650935143 
1567 4.982130223172943 
1568 4.937160148183943 
1569 4.983473042218657 
1570 4.777614480937914 
1571 4.788069341969772 
1572 4.737625365377029 
1573 4.7264744458988 
1574 4.648434453237799 
1575 4.5281231003450575 
1576 4.632610877638743 
1577 4.664135196765229 
1578 4.682378998081715 
1579 4.776035556717457 
1580 4.8062664516967715 
1581 4.885986529168571 
1582 5.013701253181286 
1583 5.139774948720543 
1584 4.9538085053592855 
1585 4.971041571923486 
1586 5.014093105150828 
1587 5.096642331740257 
1588 4.9243828619502 
1589 5.020762191248029 
1590 4.956337808940085 
1591 4.973535427448715 
1592 4.751571300985228 
1593 4.820441988693886 
1594 4.530973746944257 
1595 4.519299963060343 
1596 4.731712438980028 
1597 4.7380608647657425 
1598 4.670019437978399 
1599 4.621381427819714 
1600 4.943575565022171 
1601 4.811202380282543 
1602 5.173402206770114 
1603 5.071639624953514 
1604 5.0964825293702285 
1605 4.983879243534943 
1606 5.153860852772515 
1607 5.122057251364943 
1608 5.093459412600315 
1609 5.068873810292286 
1610 4.979595110499686 
1611 4.888720083498114 
1612 4.756295096523229 
1613 4.674169085862601 
1614 4.593997892350314 
1615 4.516787130349314 
1616 4.611568809079543 
1617 4.4911584596015715 
1618 4.757841163081829 
1619 4.619405815512343 
1620 5.057909526811657 
1621 4.938556787661257 
1622 5.2423349007936855 
1623 5.028058706944942 
1624 5.047592846813942 
1625 4.989139451141715 
1626 4.9286620396761425 
1627 4.9746388934446 
1628 4.905348354213286 
1629 4.906349237100714 
1630 4.9169058716482565 
1631 4.928459020207371 
1632 5.183714658902886 
1633 5.159303118178743 
1634 5.338641516019914 
1635 5.213787108499772 
1636 5.316016221217228 
1637 5.222922932463486 
1638 5.291927085513572 
1639 5.244372575382343 
1640 5.2259982007539145 
1641 5.110143089399799 
1642 4.890084092172743 
1643 4.7729249948087995 
1644 4.614327357298172 
1645 4.491751006593743 
1646 4.436291981267742 
1647 4.385380361620886 
1648 4.553241887983171 
1649 4.494848477713657 
1650 4.5457120533296 
1651 4.518341009678657 
1652 4.756925479439171 
1653 4.861559317722372 
1654 4.826393277426371 
1655 4.828734214502285 
1656 4.488772326282229 
1657 4.433638930648629 
1658 4.415677832987571 
1659 4.328943740252886 
1660 4.5570969207027145 
1661 4.281375096498114 
1662 4.476952387257 
1663 4.314091913852542 
1664 4.827632650046971 
1665 4.668804070319743 
1666 5.160150365982972 
1667 5.100782228141743 
1668 5.031502542868085 
1669 5.032167460695286 
1670 5.233912999198629 
1671 5.103297322859171 
1672 5.144679123127372 
1673 5.1450423796488 
1674 5.003343715203914 
1675 4.966024240709886 
1676 4.825474981745914 
1677 4.748541024252028 
1678 4.5749490550375995 
1679 4.611740457657457 
1680 4.533275570270943 
1681 4.452330739294057 
1682 4.521923663651686 
1683 4.516923328207429 
1684 4.463706534400028 
1685 4.518567139214571 
1686 4.486675426083228 
1687 4.5364861807937995 
1688 4.4046887142703435 
1689 4.559145633976429 
1690 4.566112429419229 
1691 4.567902593375686 
1692 4.772719349899829 
1693 4.766332828586657 
1694 4.790518086251 
1695 4.7372570889302 
1696 4.904457914869972 
1697 4.827338817075857 
1698 4.825328812127085 
1699 4.807525109719029 
1700 4.8221695093822285 
1701 4.845003428768942 
1702 4.8420812766922 
1703 4.9113023971348 
1704 5.024212873053629 
1705 4.995025989227143 
1706 5.047149297875485 
1707 5.061369343282143 
1708 5.086555537010915 
1709 5.060781969953543 
1710 5.2508871248302 
1711 5.175947823607428 
1712 5.054052305929572 
1713 5.0235764664078575 
1714 5.064248990315028 
1715 4.917966749479658 
1716 4.8409070876858 
1717 4.7093421087104 
1718 4.794212151212571 
1719 4.648275452390286 
1720 4.779318809811743 
1721 4.670210344187686 
1722 4.7611775259430855 
1723 4.719224480044915 
1724 4.915354604284086 
1725 4.8608264918228 
1726 4.807554721933999 
1727 4.7377261730020575 
1728 4.825683582574372 
1729 4.808728789634714 
1730 4.8831060408808 
1731 4.803278199149943 
1732 4.680166002268029 
1733 4.607146149433771 
1734 4.574061171982057 
1735 4.639731656731257 
1736 4.504756788178886 
1737 4.7163974220684866 
1738 4.529932346329086 
1739 4.591368113715857 
1740 4.708103926383829 
1741 4.8075642994481145 
1742 4.571664163114257 
1743 4.610252086513314 
1744 4.602077796915315 
1745 4.544423237107286 
1746 4.352716822736257 
1747 4.5217101424376 
1748 4.372805950933686 
1749 4.608334749125771 
1750 4.497304086618457 
1751 4.788439663382514 
1752 4.457654096708457 
1753 4.826499965644143 
1754 4.3196567288878 
1755 4.7580004175988 
1756 4.2034135644834 
1757 4.663997420449057 
1758 4.301076633987343 
1759 4.800787938395943 
1760 4.458324266534971 
1761 4.8340865823945425 
1762 4.567375641282114 
1763 5.047662017862971 
1764 4.720651472086229 
1765 5.049340714286401 
1766 4.7210100224488 
1767 4.978179446984771 
1768 4.575124398510085 
1769 4.8041465779202 
1770 4.647789112392201 
1771 4.602223676958315 
1772 4.601409416328514 
1773 4.583914353725601 
1774 4.726148409480315 
1775 4.6979011958251435 
1776 4.891028668821028 
1777 4.848912208114 
1778 4.967362438531114 
1779 4.981865674936086 
1780 4.756783676353942 
1781 4.760417850334 
1782 4.583988167222914 
1783 4.569026656822743 
1784 4.384379792637686 
1785 4.347492630903543 
1786 4.3233663021248 
1787 4.267816560184914 
1788 4.5867683629512 
1789 4.495636993859028 
1790 4.359802816251714 
1791 4.288163955725143 
1792 4.4240736073405715 
1793 4.318646860028743 
1794 4.3632712018124 
1795 4.290261437452457 
1796 4.495715994421743 
1797 4.443588434746486 
1798 4.688386227297115 
1799 4.632346418366315 
1800 4.772877101944571 
1801 4.7551761220049995 
1802 4.8545073710074576 
1803 4.844692802421514 
1804 4.602196895809857 
1805 4.547527836905429 
1806 4.8172552153482 
1807 4.749202417156257 
1808 4.659145462380001 
1809 4.560360066656714 
1810 4.8242050009306565 
1811 4.633802723549885 
1812 4.958633909613572 
1813 4.753494552733572 
1814 4.7424058747506574 
1815 4.603619935155286 
1816 4.763727028177742 
1817 4.708980225336686 
1818 4.587350544449543 
1819 4.709827829429457 
1820 4.5654941813900285 
1821 4.867699655354828 
1822 4.627751913757885 
1823 4.847649851219058 
1824 4.856855823146 
1825 5.0577923356238 
1826 4.953369897787228 
1827 5.052424463678343 
1828 5.074044372491343 
1829 5.059114650270885 
1830 5.194137276340915 
1831 5.152584127206114 
1832 5.158345478992715 
1833 5.026605890250286 
1834 5.3402440481275715 
1835 5.186397051194686 
1836 5.139677756947143 
1837 5.015418670618828 
1838 5.021932475705657 
1839 4.937153598049371 
1840 4.909011860746057 
1841 4.852489113145199 
1842 4.771493695849628 
1843 4.728220145734914 
1844 4.8362923866592284 
1845 4.823806288204743 
1846 4.765680768936628 
1847 4.780531271933628 
1848 4.852475696373342 
1849 4.928085687965942 
1850 4.657313106213372 
1851 4.797472878830915 
1852 4.8180053427447715 
1853 4.835384809346315 
1854 4.871963163939915 
1855 4.934677727844057 
1856 4.783626972392314 
1857 4.735763890146371 
1858 4.849234713493486 
1859 4.848602911333257 
1860 4.532860628392 
1861 4.5977693399538575 
1862 4.500366830429314 
1863 4.600635073750429 
1864 4.316943429287629 
1865 4.434971061144228 
1866 4.245267046291971 
1867 4.319219067447828 
1868 4.348591432418486 
1869 4.415245900650743 
1870 4.3651074695602565 
1871 4.461803174181428 
1872 4.4375880680166 
1873 4.564748772659685 
1874 4.517813374927942 
1875 4.627240612562057 
1876 4.558312034444514 
1877 4.687894387919971 
1878 4.7130828367598 
1879 4.746440464479972 
1880 4.913427087470028 
1881 4.977757802387942 
1882 5.170043426462914 
1883 5.103802669989856 
1884 5.256379335819314 
1885 5.104028057173886 
1886 5.1546662965792 
1887 5.026079047768 
1888 5.103876860458771 
1889 4.949382673721857 
1890 4.986279340908285 
1891 4.736188134521171 
1892 4.996308037267544 
1893 4.8301553742318575 
1894 4.980818327632686 
1895 4.896952327056371 
1896 4.977441028155715 
1897 4.9697888423253715 
1898 4.993767593650629 
1899 5.1855114549190855 
1900 4.8732519653962 
1901 5.037227081903771 
1902 4.961813345983029 
1903 5.0009504605723425 
1904 4.910108174478514 
1905 4.830779827411086 
1906 4.758707267425742 
1907 4.6972966821027144 
1908 4.707687713815486 
1909 4.681033631587857 
1910 4.6647536567634855 
1911 4.583229574155629 
1912 4.601847897090058 
1913 4.640151233468457 
1914 4.669662802963086 
1915 4.6423237936684005 
1916 4.643035400785428 
1917 4.687454857647543 
1918 4.682144960550971 
1919 4.751631489485143 
1920 4.706435965621457 
1921 4.732049572002628 
1922 4.4954974278056 
1923 4.551652710431543 
1924 4.374827318275857 
1925 4.342807788596057 
1926 4.252005041495686 
1927 4.1787420077062 
1928 4.053895166682 
1929 3.9571186410024 
1930 3.976628164451486 
1931 3.876635042941543 
1932 4.087082340188343 
1933 4.016854306233286 
1934 3.9469580733634 
1935 3.9534262852635145 
1936 4.059061741371086 
1937 4.095981145992371 
1938 4.381272902256372 
1939 4.459690605280314 
1940 4.5765290546807424 
1941 4.698753170509571 
1942 4.591357784091828 
1943 4.6549434736393716 
1944 4.788040975817486 
1945 4.908460780826714 
1946 4.579949894616314 
1947 4.8681936530825425 
1948 4.565247631167314 
1949 4.755184920587943 
1950 4.752560857171743 
1951 5.105807903587601 
1952 4.704423528756543 
1953 4.922684524183515 
1954 4.962132849139257 
1955 5.067775683608429 
1956 4.900840090863772 
1957 5.028668727265943 
1958 5.068971365206029 
1959 5.0524544984385145 
1960 5.171394234322428 
1961 5.213408685221229 
1962 5.058355040510743 
1963 4.9479606034946855 
1964 5.029519573239886 
1965 4.922880941372428 
1966 5.0196956764623994 
1967 4.9413735664172 
1968 4.902051184137771 
1969 4.845738485941458 
1970 4.785342547831457 
1971 4.799458294051257 
1972 4.663349714361657 
1973 4.7724612059776 
1974 4.5215701347187425 
1975 4.660653487295371 
1976 4.410472417254828 
1977 4.450321575349343 
1978 4.548507335925286 
1979 4.497109051379286 
1980 4.776850553678942 
1981 4.603360820577885 
1982 4.645440191596286 
1983 4.3863648902431995 
1984 4.7607654160054285 
1985 4.505583844504685 
1986 4.504198988527372 
1987 4.356583579897886 
1988 4.5614444657734 
1989 4.463760778803372 
1990 4.754920962391829 
1991 4.615518759547 
1992 4.6909721941036855 
1993 4.574071038588229 
1994 5.009067025177571 
1995 4.804490162965115 
1996 4.950861044031228 
1997 4.7864107821616 
1998 4.9488945152791715 
1999 4.831147364040629 
2000 4.996401433899371 
2001 4.862172576287086 
2002 4.924610682807829 
2003 4.9251189601065715 
2004 4.869660130832629 
2005 4.816664624829143 
2006 4.969122342873915 
2007 4.871362624233657 
2008 4.8854795898397425 
2009 4.9028985049996 
2010 4.7569348172501424 
2011 4.698185409546572 
2012 4.664659133783914 
2013 4.6445973458998 
2014 4.431996149296714 
2015 4.608345145492885 
2016 4.579314326212399 
2017 4.733437736662029 
2018 4.630443296330029 
2019 4.777839027426028 
2020 4.751905835002057 
2021 4.846454814154629 
2022 4.866955714626799 
2023 4.892026419825743 
2024 4.9041120318336855 
2025 4.9097748219679715 
2026 5.021759029108201 
2027 5.000814404223543 
2028 5.046630857018571 
2029 5.055102604907943 
2030 4.965433414743457 
2031 4.955088791813714 
2032 5.012070987591172 
2033 4.869071710792686 
2034 4.977940237736715 
2035 4.880135025553171 
2036 5.041162800775857 
2037 4.9014663723931715 
2038 5.120226779504001 
2039 5.002072389213 
2040 5.161195568053657 
2041 5.203066951906058 
2042 5.340984637316287 
2043 5.414913943091657 
2044 5.344514009313485 
2045 5.433231773651143 
2046 5.297021182829743 
2047 5.362600538806601 
2048 5.092582847311314 
2049 5.175137613731286 
2050 5.050069961333372 
2051 5.111380038393657 
2052 4.759232918369485 
2053 4.792982520111885 
2054 4.749482615001143 
2055 4.8436535101361144 
2056 4.5560349868405146 
2057 4.613066664380486 
2058 4.185058917462943 
2059 4.2440408233568 
2060 4.516943923271886 
2061 4.4849763970641146 
2062 4.4616582839656 
2063 4.413198189616028 
2064 4.848158670411714 
2065 4.695576838373457 
2066 5.001832424496944 
2067 4.900193244727914 
2068 4.970002378675572 
2069 4.994697277035143 
2070 5.004800216826057 
2071 5.057726131980343 
2072 4.970793088811314 
2073 5.158001623988629 
2074 5.162469915297514 
2075 5.370382932804314 
2076 4.810852293853971 
2077 5.027915482093772 
2078 5.087641221286286 
2079 5.200726388894171 
2080 4.895634817679486 
2081 4.9791717509522 
2082 4.6959963009668 
2083 4.777508177716571 
2084 4.7919799310600855 
2085 4.8155147437834005 
2086 10.395489846445534 
2087 10.485297269667067 
2088 10.575131201169933 
2089 4.590514894650057 
2090 11.219555072541 
2091 4.4400724140059715 
2092 10.339842339243534 
2093 4.251351635484172 
2094 10.284220051834 
2095 4.289729157278343 
2096 10.526885904961267 
2097 4.424674642621314 
2098 10.6684716190834 
2099 4.479102567625971 
2100 10.852489269866402 
2101 4.297103176506657 
2102 10.310833738131134 
2103 4.236579915255314 
2104 9.924472869196933 
2105 4.509205289656714 
2106 10.662143212896 
2107 10.366514682741867 
2108 10.568387995562667 
2109 10.964181822926266 
2110 11.547328742017667 
2111 11.698913269128466 
2112 1.1329268242218848 
2113 1.1466895553269096 
2114 1.1516138767432968 
2115 1.159996624463084 
2116 1.1796890232211394 
2117 1.1786108606444128 
2118 1.1909959812154607 
2119 1.1843913725581032 
2120 1.1717803303459091 
2121 35.159843998504 
2122 1.1324391475362243 
2123 35.0666538868536 
2124 1.1284649515827456 
2125 35.6023655593936 
2126 1.1272552499430726 
2127 35.043578472965 
2128 1.1132454565151335 
2129 35.5686748351618 
2130 1.1107669871240182 
2131 35.1885614725488 
2132 1.0973730582614727 
2133 34.1077461070062 
2134 1.0810862651962303 
2135 11.167768540268334 
2136 1.126497926837685 
2137 10.925205847747733 
2138 1.1406229503032546 
2139 10.600438461061932 
2140 1.1374947889562546 
2141 10.505552451234133 
2142 1.1435777088938908 
2143 10.398094251614733 
2144 1.1308058778338668 
2145 10.757535548404933 
2146 1.1538963692967275 
2147 10.881425481976999 
2148 1.161453686803303 
2149 10.508109088936868 
2150 1.1317351999277334 
2151 10.707423021523068 
2152 1.1268689592589696 
2153 10.824957817085133 
2154 1.1153589011706728 
2155 1.0421379058893272 
2156 1.1471490836881577 
2157 1.072452452977703 
2158 1.1438162640122667 
2159 1.1397151599455635 
2160 1.1967665818158728 
2161 1.1187889879153696 
2162 1.1707075030391938 
2163 1.0847251020510666 
2164 1.1294448660885696 
2165 1.0355320460333515 
2166 1.1116862479722607 
2167 1.0549002328247152 
2168 1.120620748180624 
2169 1.0858731853842363 
2170 1.1438449814289213 
2171 1.1546589791230788 
2172 1.1855649650228304 
2173 1.1478911818710122 
2174 1.2121883599567334 
2175 1.1816415293493696 
2176 1.2051354836078485 
2177 1.1176887926679817 
2178 1.1514853157081575 
2179 1.0515663020952242 
2180 1.1102736351461757 
2181 0.986254054937303 
2182 1.0442063816236362 
2183 0.993530709010788 
2184 1.0690178760888303 
2185 0.9860050767377697 
2186 1.0600601059222665 
2187 1.0231901721516 
2188 1.0533357908256304 
2189 1.0727658542716183 
2190 1.068587479815097 
2191 1.000160603998109 
2192 0.9665383948017636 
2193 1.0304108490662545 
2194 0.9938344045627334 
2195 0.9789538860840787 
2196 0.9624142406931636 
2197 0.9606132840104726 
2198 0.9479533149876606 
2199 0.9802450809237939 
2200 1.0144501925723213 
2201 0.9575276375788303 
2202 1.0029641900047819 
2203 1.0396455185442606 
2204 1.0078537351068364 
2205 1.075055918268691 
2206 1.0425195318825757 
2207 1.0733716585772546 
2208 0.9818095383599335 
2209 1.1244972797602484 
2210 1.0350071060108363 
2211 1.1031831120472424 
2212 1.0842112227432787 
2213 1.121472987032703 
2214 1.0942141785008364 
2215 1.1547770860474362 
2216 1.145301850448618 
2217 1.108793674775388 
2218 1.089912963763309 
2219 1.0786390656459395 
2220 1.0637554628735697 
2221 1.0468911176947213 
2222 1.0433611160381213 
2223 1.0355011510302667 
2224 1.0906505474358847 
2225 1.1055142086817817 
2226 1.1530608004241636 
2227 1.080986402973188 
2228 1.1408870358704 
2229 1.0795629816445333 
2230 1.1421012879991395 
2231 1.1000594368323273 
2232 1.139986385604909 
2233 1.0492087070841636 
2234 1.0999127209123032 
2235 1.0671676219478 
2236 1.1216066851016426 
2237 1.0881665389992121 
2238 1.1371415628261272 
2239 1.0710565285762788 
2240 1.1371415628261272 
2241 1.0941745483600183 
2242 1.1379537690904666 
2243 1.1464555535683636 
2244 1.152604080206115 
2245 1.1497578953562242 
2246 1.163722002418903 
2247 1.1502186488151638 
2248 1.163722002418903 
2249 1.1346045732542909 
2250 1.1380210195569032 
2251 1.1537803795460668 
2252 1.1265997755810606 
2253 1.1347948095950606 
2254 1.1093859169892062 
2255 1.166177132958 
2256 1.1093859169892062 
2257 1.1997842739231332 
2258 1.1459970353752422 
2259 1.1970112048641455 
2260 1.1459215424559819 
2261 1.190556100006085 
2262 1.1418132919244304 
2263 1.1742008605292547 
2264 1.1418132919244304 
2265 1.1612486311727395 
2266 1.154976731400103 
2267 1.1469586565991334 
2268 1.1822816394012485 
2269 1.189551370975388 
2270 1.1982354954043333 
2271 1.190775556948782 
2272 1.1902718540276545 
2273 1.1680558597032908 
2274 1.1397372927126423 
2275 1.1291946431883515 
2276 1.1618661686129033 
2277 1.112209284773291 
2278 1.1587378940646194 
2279 1.1231005321590424 
2280 1.1604152777420969 
2281 1.1569561081470243 
2282 1.1943066129685613 
2283 1.209753769780897 
2284 1.201486989104755 
2285 1.1680153024190545 
2286 1.0802701754715334 
2287 1.1212944193973031 
2288 1.071643944409291 
2289 1.119845309797006 
2290 1.0852309891124605 
2291 1.1229719083106666 
2292 1.09768689356 
2293 1.1679275923043395 
2294 1.1610860843988786 
2295 1.217229167877891 
2296 1.1761002327771395 
2297 1.2275658204727213 
2298 1.187794084233994 
2299 1.2275658204727213 
2300 1.1571121094138423 
2301 1.1779647538267153 
2302 1.1339184513972242 
2303 1.1710518145536728 
2304 1.127669093258903 
2305 1.113688606935497 
2306 1.048216975903309 
2307 1.0353429625701454 
2308 1.0339299595793212 
2309 1.0408198579671637 
2310 1.0235308964201029 
2311 1.0743365514778305 
2312 1.0467245544367212 
2313 1.1014700946537455 
2314 1.1045719325636667 
2315 1.1798157390190969 
2316 1.1530331616761877 
2317 1.1251948723119516 
2318 1.1328912743671515 
2319 1.1237836962453454 
2320 1.1097504304657335 
2321 1.1081318461604666 
2322 1.0997213102134726 
2323 1.0653723816719092 
2324 1.0606394899910363 
2325 1.1232422660817938 
2326 1.108686078752612 
2327 1.1315849216867635 
2328 1.1318269226540303 
2329 1.1291569730687574 
2330 1.1193078501831393 
2331 1.1719164375573152 
2332 1.1735215065199454 
2333 1.1339170373334726 
2334 1.1507352888216908 
2335 1.1248267816921032 
2336 1.1408961632865393 
2337 1.1131172343039637 
2338 1.1294616813273153 
2339 1.038658331962782 
2340 1.0495301441449576 
2341 1.0421383060549818 
2342 1.0451488398417514 
2343 1.0197331773123575 
2344 1.0057897533648728 
2345 1.0217573437921699 
2346 1.0212091077511274 
2347 1.0475524165554666 
2348 1.095339133148309 
2349 1.060314822098097 
2350 1.1126977595161456 
2351 1.0593561219928305 
2352 1.153812090086006 
2353 1.0465432459387576 
2354 1.1805569612154483 
2355 1.053024752183715 
2356 1.1366169724659394 
2357 1.0427040212060545 
2358 1.1211203750936485 
2359 1.0212325955170545 
2360 1.0933979885285516 
2361 1.0241885371649575 
2362 1.0526071280934 
2363 1.0162506920728362 
2364 1.0496345549490302 
2365 1.014120500175388 
2366 1.0470547174013334 
2367 1.069527390673388 
2368 1.025698815915485 
2369 1.1209495440291395 
2370 1.0610447034476604 
2371 1.1464034739950968 
2372 1.0560866986168607 
2373 1.0924892350778181 
2374 1.0114973192184304 
2375 1.115306730123412 
2376 1.0192441918556001 
2377 1.093408453115612 
2378 1.0279117708441696 
2379 4.957818886951771 
2380 1.0363062498757696 
2381 4.993722027126142 
2382 1.1258320095745091 
2383 4.8514247305954 
2384 1.098815272546891 
2385 4.869848527642858 
2386 1.0937357548683393 
2387 5.148648241005486 
2388 1.0667910539604848 
2389 5.201290611340544 
2390 1.0635869886558666 
2391 5.355863116802686 
2392 1.0972789686327395 
2393 5.4170356961198864 
2394 1.1091250427964787 
2395 5.289244345623172 
2396 1.1604666703947213 
2397 5.312706379373543 
2398 1.1676031049210605 
2399 5.352526198697342 
2400 1.1853153484526122 
2401 5.291381039621686 
2402 1.153708565455806 
2403 5.142772750862057 
2404 1.1412812460397335 
2405 5.000585426046257 
2406 1.14027346451223 
2407 4.764941082721371 
2408 1.154582174545129 
2409 4.7276156672500855 
2410 1.1958565879967678 
2411 4.607471856961114 
2412 1.0910770002591819 
2413 4.5429772518527995 
2414 1.000443640729376 
2415 4.555322772623229 
2416 1.0046920873268788 
2417 4.340005716838829 
2418 0.931757596109 
2419 4.329294807382971 
2420 0.9587865236238788 
2421 4.434861952988142 
2422 0.9567224550662606 
2423 4.466062127323457 
2424 0.9465464631677818 
2425 4.487061554752971 
2426 0.9306235630361394 
2427 4.459721961246514 
2428 0.9144339736311212 
2429 4.444260659755543 
2430 0.9394675476158607 
2431 4.5369533796866 
2432 0.939912927713697 
2433 4.621645195111657 
2434 0.959658647224 
2435 4.829517154683714 
2436 1.0145509366641878 
2437 4.8964169828320285 
2438 1.0405254581333274 
2439 5.092798582318743 
2440 1.0724552294554848 
2441 5.158985880166743 
2442 1.1404533732793516 
2443 5.142826644065429 
2444 1.1406623844078545 
2445 5.104021705937915 
2446 1.1794271293472 
2447 5.0828689326212 
2448 1.2034842053681636 
2449 4.957704292464285 
2450 1.1362005307783394 
2451 5.0061967557220575 
2452 1.1359098417155395 
2453 4.980282982078514 
2454 1.1220185661440545 
2455 4.700306927969914 
2456 1.065049592862406 
2457 4.672485575269257 
2458 1.0673957278751576 
2459 4.503213488107057 
2460 1.038012886779406 
2461 4.488400923179886 
2462 0.9588329466149274 
2463 4.618332851366057 
2464 1.0020423546882364 
2465 4.5532475211764 
2466 0.971041160135194 
2467 4.659866039318343 
2468 0.9824743781881818 
2469 4.685994470794343 
2470 1.025353998403109 
2471 4.628469907498428 
2472 1.014243575126503 
2473 4.7364502228093714 
2474 1.0714357430377515 
2475 4.6919847286189995 
2476 1.080525361033297 
2477 4.7074366591183425 
2478 1.1036471951938 
2479 4.721304206218543 
2480 1.083009172964503 
2481 4.898901415774057 
2482 1.1030504830054486 
2483 5.112826893976114 
2484 1.1430786930526788 
2485 5.310148643987515 
2486 1.1634777780182364 
2487 5.545414902941114 
2488 1.2183591898114303 
2489 5.4211324689438 
2490 1.1901622747509515 
2491 5.322637500001686 
2492 1.155488120098303 
2493 5.210234868604886 
2494 1.1621587964932727 
2495 5.053345396615542 
2496 1.1222110909412 
2497 5.070905384124457 
2498 1.1404539543790666 
2499 4.709552620179143 
2500 1.1503907595074128 
2501 4.501055847675372 
2502 1.0903688632095099 
2503 4.544426140064258 
2504 1.0063578792540726 
2505 4.645532022669315 
2506 1.0035163516873697 
2507 4.913905354570114 
2508 1.0359655444014424 
2509 5.2042661684956855 
2510 1.066801528531685 
2511 5.237284122879514 
2512 1.1198768346752423 
2513 5.194814682776601 
2514 1.111563495302303 
2515 5.296756038748029 
2516 1.124485375537091 
2517 5.342016664932543 
2518 1.1505981030854728 
2519 5.338598403206857 
2520 1.176146324568412 
2521 5.261056188233915 
2522 1.1725728229636607 
2523 5.112076683768229 
2524 1.1502769007821698 
2525 4.9825852229008 
2526 1.0996049293860002 
2527 4.800604040479114 
2528 1.0162650055729938 
2529 4.845122031547429 
2530 1.0067851332219273 
2531 4.922664221037229 
2532 1.0088665600884 
2533 4.917157100773999 
2534 1.0287659229674908 
2535 5.010899461059229 
2536 1.112105846780497 
2537 5.0220132661310855 
2538 1.1282006451987212 
2539 4.944496414473771 
2540 1.1244374376410424 
2541 4.808929528815171 
2542 1.091046902889109 
2543 4.695612409160858 
2544 1.0657941726528968 
2545 4.783333939442485 
2546 1.0896763485715333 
2547 4.9232945976136 
2548 1.1042193818484058 
2549 5.151102441281258 
2550 1.1418094498368545 
2551 5.397800688532714 
2552 1.1772000760046546 
2553 5.1256498418104 
2554 1.1172686704225636 
2555 4.947334484992344 
2556 1.1002583261825514 
2557 4.780702856731286 
2558 1.0517501845371453 
2559 4.623268896362544 
2560 1.0310282938848123 
2561 4.916383948347229 
2562 1.0877043928823396 
2563 5.0545649301978 
2564 1.1088629782955879 
2565 5.2229055983654575 
2566 1.155371028525121 
2567 5.3544879838099435 
2568 1.1771990967126789 
2569 5.246118400843486 
2570 1.1706728850155332 
2571 4.954557368758685 
2572 1.1096734625480726 
2573 4.7048470176476 
2574 1.0776945871567272 
2575 4.6274321083081995 
2576 1.0776945871567272 
2577 4.572890628374142 
2578 1.030408592656212 
2579 4.697964628723429 
2580 1.0474283757076002 
2581 4.512367091872829 
2582 0.9723387251247939 
2583 4.598374508876686 
2584 0.9626630809358424 
2585 4.687092738206657 
2586 1.0040587135299939 
2587 4.712312188560829 
2588 1.0191065933047878 
2589 4.5821042308252 
2590 0.9662194813778182 
2591 4.636962967634085 
2592 0.9642800136776364 
2593 4.267527903915486 
2594 0.8862324869716304 
2595 4.125851895395714 
2596 0.8533538781017819 
2597 4.453875361926172 
2598 0.9813306406115575 
2599 4.242440100599086 
2600 0.9582518380713393 
2601 4.6101664452166 
2602 1.0419484434112243 
2603 4.787917366330057 
2604 1.0830543043926302 
2605 4.697153891457857 
2606 1.0099989472150122 
2607 4.8570609439596 
2608 1.0511671394436 
2609 4.888871764064599 
2610 1.0507665880539214 
2611 5.0146020806643135 
2612 1.073617546201697 
2613 4.9516300902651995 
2614 1.0890203352072059 
2615 5.1000590914702 
2616 1.1030807188313696 
2617 5.043405848688314 
2618 1.0916973403625456 
2619 4.8941501548816575 
2620 1.0637018368025999 
2621 4.8880900711243145 
2622 1.061214403285479 
2623 4.755582029170085 
2624 1.051587271608309 
2625 4.8881264262748285 
2626 1.076464521873218 
2627 4.971699659878342 
2628 1.088612642772206 
2629 4.984154191937086 
2630 1.1487526444614362 
2631 4.8814250886177435 
2632 1.1072363345106182 
2633 4.787344064123743 
2634 1.087271500259012 
2635 4.8193533417883145 
2636 1.0824825971701817 
2637 4.944733836373943 
2638 1.0824825971701817 
2639 5.058560959327429 
2640 1.108747599232812 
2641 5.156933729536685 
2642 1.1284642490220484 
2643 5.211510274406629 
2644 1.1607684276594425 
2645 5.322310013842829 
2646 1.1607684276594425 
2647 5.3523637777876 
2648 1.1742763725315635 
2649 5.188661978877858 
2650 1.1334263783995817 
2651 5.065805261104742 
2652 1.100532180286806 
2653 4.815061013488829 
2654 1.0551508350338061 
2655 4.8871689276826 
2656 1.0683558703030667 
2657 4.838517492869115 
2658 1.0627619582578607 
2659 4.8170138102875715 
2660 1.0729106101089818 
2661 4.874429378296285 
2662 1.0735447158518607 
2663 4.828553610603628 
2664 1.0535621555983392 
2665 4.685413248221114 
2666 1.025111273803594 
2667 4.689402640862629 
2668 1.0114917847963878 
2669 4.6184061591462 
2670 0.9678225781538242 
2671 4.3841807243382 
2672 0.9390190572963455 
2673 4.5535386855262 
2674 0.9712275411694667 
2675 4.5645199825206 
2676 0.9598405368109333 
2677 4.662182621786714 
2678 1.025327396161788 
2679 4.7411725056736005 
2680 1.0278327939068121 
2681 4.717757408378114 
2682 1.0198922991924606 
2683 4.806284985978029 
2684 1.041346599556497 
2685 4.791066294996829 
2686 1.0015717080471456 
2687 4.858048707869829 
2688 1.0125573489721515 
2689 4.758057300276772 
2690 0.9966649602936969 
2691 4.582669660083743 
2692 0.9619296580964667 
2693 4.540601692974343 
2694 1.0246341364076426 
2695 4.404488533514314 
2696 1.0315283855753516 
2697 4.638743157424143 
2698 1.074285676400297 
2699 4.636288106935057 
2700 1.072423775291212 
2701 4.908717319882743 
2702 1.082554910371618 
2703 5.0829851570980855 
2704 1.0358877771461878 
2705 5.017243008368601 
2706 1.0446866898730727 
2707 5.217209484791286 
2708 1.1068241817226183 
2709 5.208711521152772 
2710 1.130588486945709 
2711 5.133791376759971 
2712 1.1772556201711395 
2713 5.115080843473772 
2714 1.160528186335715 
2715 5.183897126770943 
2716 1.163198923569091 
2717 5.025692196662915 
2718 1.1296345479815635 
2719 5.0791325491426855 
2720 1.1296345479815635 
2721 5.186327015132714 
2722 1.1563008518801758 
2723 5.124450962460829 
2724 1.1512211139816242 
2725 5.218022575723228 
2726 1.1826278920813273 
2727 5.187875639606714 
2728 1.1826278920813273 
2729 5.159546231421914 
2730 1.1755848257044665 
2731 5.119040557866971 
2732 1.1600430966707878 
2733 5.2253555176196285 
2734 1.149653634809515 
2735 5.189992171000514 
2736 1.0938879018326728 
2737 4.951044543652172 
2738 1.0780773177200123 
2739 4.716881578533572 
2740 1.0259114924570665 
2741 4.519095659310657 
2742 1.0397104418293817 
2743 4.184804097868514 
2744 0.9751751135451819 
2745 4.330845658844143 
2746 0.9730833279617576 
2747 4.583977182352686 
2748 1.0168436565825818 
2749 4.8096867125072285 
2750 1.114830657173903 
2751 4.876861906546772 
2752 1.087305215222697 
2753 4.877494967428 
2754 1.0829178843164424 
2755 4.968687537033086 
2756 1.1262002200251577 
2757 5.1903953136584855 
2758 1.148514280694879 
2759 5.369102967673115 
2760 1.1870445607191396 
2761 5.573093626026286 
2762 1.2054530236199699 
2763 5.440782014969314 
2764 1.1704978324164848 
2765 5.391870797566686 
2766 1.1704978324164848 
2767 5.256155526679114 
2768 1.1370833626124184 
2769 5.139689634703343 
2770 1.1293537887672667 
2771 5.143891802201085 
2772 1.1320639461133213 
2773 5.0926032372774 
2774 1.0918558851910123 
2775 5.172594921768742 
2776 1.1043176847624 
2777 5.054696584427572 
2778 1.0901528033440424 
2779 5.009896480744715 
2780 1.067405425484582 
2781 5.0263274482927995 
2782 1.1032182379334485 
2783 5.0750768905910855 
2784 1.1099607001649394 
2785 5.1849174647597716 
2786 1.1404676159572729 
2787 5.2337865549652 
2788 1.1614433944014788 
2789 5.390235882260143 
2790 1.1658386428749212 
2791 5.311990727654972 
2792 1.1593759063656364 
2793 5.104472491805772 
2794 1.1158131805246425 
2795 5.097853421070314 
2796 1.118170907712303 
2797 5.005054350052314 
2798 1.118210588313394 
2799 4.853606476052229 
2800 1.0929191634352726 
2801 4.859359151294371 
2802 1.083732091743812 
2803 4.7575969511411715 
2804 1.0487217600801757 
2805 4.631277739211599 
2806 1.0145677109828424 
2807 4.674206900831771 
2808 1.0349004651877938 
2809 4.7634089922473715 
2810 1.0491908173752365 
2811 4.776452691882914 
2812 1.0609640658525759 
2813 4.7910001754538 
2814 1.0585526239786789 
2815 4.7862949022390575 
2816 1.057018846460794 
2817 4.887177115945029 
2818 1.084206982438703 
2819 4.9087889641181714 
2820 1.083777568046594 
2821 4.936494235837229 
2822 1.1203033784167271 
2823 4.926310054144115 
2824 1.1101039187036608 
2825 4.961450192042143 
2826 1.0872550192582424 
2827 4.883948758163771 
2828 1.057844790958103 
2829 5.000616786330829 
2830 1.057844790958103 
2831 5.001678185331543 
2832 1.0639754217408668 
2833 4.936181037572886 
2834 1.0648107472446668 
2835 5.063401744883971 
2836 1.114918180206103 
2837 5.052783135599685 
2838 1.1048942346688486 
2839 5.205704550503628 
2840 1.1209915746915151 
2841 5.222640407436029 
2842 1.1285047335276062 
2843 5.0795801276466 
2844 1.102219868427582 
2845 4.974865498466771 
2846 1.053296394272588 
2847 4.873413042671315 
2848 1.0246465497558 
2849 4.8875939050101715 
2850 1.043195040758473 
2851 5.0908513423960855 
2852 1.0707243288714 
2853 5.084493359896172 
2854 1.1197026273882 
2855 5.166898949778971 
2856 1.1507381695544423 
2857 5.035148334501857 
2858 1.1470480651913213 
2859 4.8969551289412285 
2860 1.1263454943329758 
2861 4.877841373467715 
2862 1.0846590560585152 
2863 4.734956408672228 
2864 1.0575399173453273 
2865 4.751684380767086 
2866 1.0301249452882608 
2867 4.774441618781886 
2868 1.0474277768787392 
2869 4.665475548387114 
2870 1.0151081510412667 
2871 4.782340836802658 
2872 1.0260244858399212 
2873 4.943789234645999 
2874 1.0362968317153514 
2875 5.094941723300201 
2876 1.0642993512896728 
2877 5.302203431390857 
2878 1.1482745365770546 
2879 5.316384078905 
2880 1.1700630899285274 
2881 5.1231730048628 
2882 1.1572902724989151 
2883 5.1309513819631425 
2884 1.1550414815419756 
2885 5.147756764492942 
2886 1.1550414815419756 
2887 5.142679611005742 
2888 1.1495690701963577 
2889 5.203693726819514 
2890 1.1264776586441818 
2891 5.116175446926829 
2892 1.1233841327627212 
2893 5.069992429061086 
2894 1.1233841327627212 
2895 4.987185193672086 
2896 1.1104911282817636 
2897 4.873005442937115 
2898 1.0925871022760727 
2899 4.892506804346886 
2900 1.1244791909636 
2901 4.840398269501542 
2902 1.0989751831317516 
2903 4.892092176347829 
2904 1.1086869759480302 
2905 4.88031420565 
2906 1.0858004447260001 
2907 5.063368648641258 
2908 1.119501998300115 
2909 4.959960301605114 
2910 1.1467299810241212 
2911 4.822513606413572 
2912 1.098472093393721 
2913 4.7627707435058 
2914 1.065144512784285 
2915 4.8472882889208 
2916 1.0863464362154485 
2917 4.9968519683152 
2918 1.0846224613232969 
2919 5.142184744734543 
2920 1.127944312741285 
2921 4.974025855948 
2922 1.1060589169645092 
2923 4.780285708618 
2924 1.0848526204227151 
2925 4.671624367521943 
2926 1.0848526204227151 
2927 4.432615592573858 
2928 1.0405974779990608 
2929 4.564514747130743 
2930 1.0593385210333213 
2931 4.684673418109972 
2932 1.0776000944362605 
2933 4.823299575406257 
2934 1.0776000944362605 
2935 4.823299575406257 
2936 1.0776000944362605 
2937 4.823299575406257 
2938 1.0776000944362605 
2939 5.0362202217916 
2940 1.1098926430336182 
2941 4.918615165279457 
2942 1.0922417614847455 
2943 4.876652514462286 
2944 1.0806490649819638 
2945 4.735475264606457 
2946 1.0211318494865695 
2947 4.7372436476312005 
2948 1.0218070568756243 
2949 4.673817497457714 
2950 1.0002336905668483 
2951 4.587842163145114 
2952 0.9647924391513152 
2953 4.4566903177907715 
2954 0.9299864978782122 
2955 4.283064361329428 
2956 0.9062528872653515 
2957 4.226085062046343 
2958 0.9165552496674546 
2959 4.326586370573429 
2960 0.9212624525178668 
2961 4.5324009464213715 
2962 0.9401934913798061 
2963 4.518703926377657 
2964 0.9183285872543212 
2965 4.548857903790228 
2966 0.9356189503975939 
2967 4.467696458316372 
2968 0.9108021598034667 
2969 4.268754755662514 
2970 0.8852946445050607 
2971 4.425121240594086 
2972 0.9009615998431878 
2973 4.450926035320458 
2974 0.9060573618295636 
2975 4.5492094453150855 
2976 0.9365895064111697 
2977 4.760418803231086 
2978 1.0374891396161332 
2979 4.714253837804486 
2980 1.0619181499152184 
2981 4.514893191174514 
2982 1.022620345423806 
2983 4.743655171766115 
2984 1.0513152863355395 
2985 4.684455207760258 
2986 1.0355217488837698 
2987 4.687383673900285 
2988 1.0252341268390788 
2989 4.579732274516142 
2990 1.0224985089379757 
2991 4.634721379565971 
2992 1.0266176788895396 
2993 4.422007938950257 
2994 0.9282173628019879 
2995 4.318447776837657 
2996 0.9076106470977637 
2997 4.2036488337546 
2998 0.9038981457685575 
2999 4.094500659244629 
3000 0.8802469160824545 
3001 4.117696456490686 
3002 0.8976459604891516 
3003 4.3332663840794 
3004 0.9398130154166545 
3005 4.495533140656172 
3006 0.9703486896710728 
3007 4.714096017451829 
3008 0.9759400143221757 
3009 4.841710597408057 
3010 1.0736329296036726 
3011 4.7530378759369425 
3012 1.0726785571865758 
3013 4.774759394787201 
3014 1.1042564589187638 
3015 4.631886923109801 
3016 1.0781722623096424 
3017 4.517069517334 
3018 1.000413850856 
3019 4.302675312957057 
3020 0.9501627580076304 
3021 4.299390571458429 
3022 0.9498559779373575 
3023 4.607275596301571 
3024 1.015227698944909 
3025 4.781980847065029 
3026 1.0302498894160605 
3027 4.936935154515285 
3028 1.059736844154176 
3029 4.677553583274857 
3030 0.9969965693102545 
3031 4.5579029217334 
3032 0.9686240710394485 
3033 4.544304260433942 
3034 0.974451766100909 
3035 4.710751578063714 
3036 0.9869195174944909 
3037 4.878031964359657 
3038 1.0228377088400302 
3039 4.801119668495372 
3040 1.0220774255451577 
3041 4.9468314112662 
3042 1.0780878453173273 
3043 4.7103310298658 
3044 1.0458564224799396 
3045 4.786443869514885 
3046 1.062247964935406 
3047 4.854060274740972 
3048 1.0946332311128666 
3049 4.824107124604971 
3050 1.0946332311128666 
3051 4.979932386532772 
3052 1.123957723411206 
3053 5.0071756559458 
3054 1.1346988810736123 
3055 5.1805393481561435 
3056 1.1493493781316062 
3057 5.229461049424971 
3058 1.1493493781316062 
3059 5.355805113061457 
3060 1.1752636136507697 
3061 5.4330006830349715 
3062 1.1991946587180544 
3063 5.473247686443343 
3064 1.186530642107794 
3065 5.511003430336428 
3066 1.1817703658252423 
3067 5.489867813075114 
3068 1.173003064055497 
3069 5.553542386648286 
3070 1.1729207106178303 
3071 5.424159278970057 
3072 1.185297657331515 
3073 5.2508587087691145 
3074 1.1444269693317455 
3075 4.8864113318556 
3076 1.0999046843693332 
3077 4.6840020853083715 
3078 1.0663421311413213 
3079 4.596226497112857 
3080 1.0227011143932243 
3081 4.593307407375171 
3082 1.0366154966382 
3083 4.714156228864515 
3084 1.0399525784574546 
3085 4.781098257914628 
3086 1.0643027172102002 
3087 4.745468832870343 
3088 1.0564688896453152 
3089 4.7592721841348 
3090 1.0650498672712 
3091 5.0506410312878005 
3092 1.117673066766588 
3093 5.351254913219457 
3094 1.1620441928455332 
3095 5.386205541962257 
3096 1.1802403931377212 
3097 5.403085273516028 
3098 1.1509142175746847 
3099 5.415136063101914 
3100 1.1498812528772668 
3101 5.444865901343886 
3102 1.1437861580480728 
3103 5.091372072785772 
3104 1.0778038271432 
3105 5.0439937972238855 
3106 1.0979226262223212 
3107 4.914654164358 
3108 1.0867237756811454 
3109 4.7314448553379425 
3110 1.0365148560508728 
3111 4.744653328835457 
3112 1.0671540896514486 
3113 4.845421705472285 
3114 1.0994970705468121 
3115 4.630170763015115 
3116 1.0513677985557273 
3117 4.550241750707515 
3118 1.022485592558721 
3119 4.705471362068572 
3120 1.0353459240129332 
3121 4.567533648454228 
3122 0.9734365879725091 
3123 4.693122378045886 
3124 1.0017578469662485 
3125 4.974074673260399 
3126 1.095336254029006 
3127 4.8148371664417144 
3128 1.0475153828880244 
3129 4.660088599749486 
3130 0.9984723337012181 
3131 4.8969407225246 
3132 1.0455836512124363 
3133 4.866426961423172 
3134 0.984772296318806 
3135 4.844943499748543 
3136 1.0188053054911637 
3137 5.104071878148143 
3138 1.1253501763211697 
3139 4.841647700245743 
3140 1.0726357548334544 
3141 4.944330442410228 
3142 1.1011560796409878 
3143 5.040612385198486 
3144 1.0820136598110486 
3145 4.848960715189857 
3146 4.779539346579257 
3147 4.981229526629086 
3148 4.796385049910514 
3149 4.855695504060771 
3150 4.735563610871172 
3151 4.790105062421543 
3152 4.709481981481457 
3153 5.083575371346543 
3154 5.0516424561697715 
3155 5.124611550262057 
3156 5.101033470800057 
3157 5.254681046017343 
3158 5.116177541956028 
3159 5.297095279945114 
3160 5.426472873249286 
3161 5.182360287161714 
3162 5.426472873249286 
3163 5.147270236381943 
3164 5.396701158836543 
3165 5.075985162409286 
3166 5.430120212742543 
3167 4.928130630157486 
3168 5.469680378855 
3169 5.0834663730018566 
3170 5.2408993737897145 
3171 5.213521452342801 
3172 5.1695941616023715 
3173 5.156238901264914 
3174 5.067543973238086 
3175 5.144475548418599 
3176 5.0587467082112285 
3177 5.043126872174371 
3178 5.140000207118628 
3179 5.211305419305972 
3180 5.211305419305972 
3181 4.8942654076648 
3182 5.233494662648657 
3183 4.8802852923611715 
3184 5.104118426873714 
3185 4.8802852923611715 
3186 5.104118426873714 
3187 4.939089393215457 
3188 5.263716928457829 
3189 4.956280003204772 
3190 5.263716928457829 
3191 4.956280003204772 
3192 5.263716928457829 
3193 5.002758888617828 
3194 5.263716928457829 
3195 5.011489587621886 
3196 5.197592324693715 
3197 5.036086462502285 
3198 5.227739074387143 
3199 4.854408172666344 
3200 5.1198323143302575 
3201 4.892330921798686 
3202 5.1198323143302575 
3203 4.7143066886686285 
3204 4.994347635583543 
3205 4.5892431468851145 
3206 4.8466230089252 
3207 4.881461751099029 
3208 5.058474267418686 
3209 4.641197643703486 
3210 4.8976529900109425 
3211 4.7675386119204575 
3212 5.039449672267715 
3213 4.6260850636857995 
3214 4.918445397579914 
3215 4.6013525020112 
3216 4.8697234728395715 
3217 4.725460079458 
3218 4.622084516744314 
3219 4.4467514956002 
3220 4.395322795775457 
3221 4.629023124548342 
3222 4.560279510787772 
3223 4.594217177259572 
3224 4.608990033580257 
3225 4.434311014513286 
3226 4.4862104386184 
3227 4.7520379045244 
3228 4.730226900290314 
3229 4.660494757043172 
3230 4.698979784300829 
3231 4.4950508986856 
3232 4.587677729319972 
3233 4.503050137024142 
3234 4.561955141008315 
3235 4.3353447708124575 
3236 4.440816370670172 
3237 4.224077327485257 
3238 4.279777127537857 
3239 4.266681474955686 
3240 4.288400618191457 
3241 4.518276445075228 
3242 4.574200497630514 
3243 4.6605851750219145 
3244 4.6303011422267994 
3245 4.957570186056343 
3246 4.978622111244886 
3247 4.951588568776514 
3248 4.921106366829343 
3249 5.1160080819046 
3250 5.060297520626913 
3251 5.078084843302685 
3252 5.1531363595172 
3253 5.1216138282488854 
3254 5.125888782661257 
3255 5.1153391332104565 
3256 5.231592633051 
3257 4.791790528982458 
3258 4.9021921402124855 
3259 4.850164346567371 
3260 4.935449479137715 
3261 4.581560109949143 
3262 4.7165133277392 
3263 4.680838047151085 
3264 4.6590986350537715 
3265 4.569033446309314 
3266 4.588220437112314 
3267 4.3296932508804575 
3268 4.312001118811172 
3269 4.293839308183057 
3270 4.264945088455114 
3271 4.0388268190529715 
3272 4.116108599602657 
3273 4.350160257459314 
3274 4.412871863731971 
3275 4.341593555990458 
3276 4.403250256217771 
3277 4.4706877563002 
3278 4.483751760593972 
3279 4.674029537119543 
3280 4.704945530178171 
3281 4.481259872810429 
3282 4.439638366777457 
3283 4.787301143185229 
3284 4.662826933129971 
3285 4.808783193308086 
3286 4.723720298230171 
3287 4.928100036870057 
3288 4.771643182236971 
3289 5.106345591227457 
3290 4.999016997942972 
3291 4.994341740419743 
3292 4.971546547725372 
3293 5.032312737192943 
3294 5.017589605004028 
3295 5.024234294656772 
3296 5.080507527051114 
3297 4.913530499993257 
3298 4.941739481235257 
3299 4.961506449213 
3300 4.991724999825286 
3301 4.956097843075514 
3302 4.974797709825771 
3303 4.871670869867572 
3304 4.872694903004172 
3305 4.842739982330628 
3306 4.8709241186387136 
3307 4.882842545136886 
3308 4.8413884669650855 
3309 4.899227618467086 
3310 4.811916010908314 
3311 4.905291366150228 
3312 4.877008681180828 
3313 5.108875709663143 
3314 5.041817770435543 
3315 5.145369446724971 
3316 5.067166082880457 
3317 5.315414009100686 
3318 5.252617576394228 
3319 5.249260852523343 
3320 5.163510605288971 
3321 4.899661138089029 
3322 4.907473307164486 
3323 4.8360807670165995 
3324 4.8785291234299715 
3325 4.604520561640657 
3326 4.643017748417914 
3327 4.625356702610971 
3328 4.605316793462 
3329 4.6812688631216 
3330 4.658689956407542 
3331 4.427918587887029 
3332 4.4632852245018855 
3333 4.331599484319429 
3334 4.443669432260486 
3335 4.251319772846172 
3336 4.4390284509861715 
3337 4.307928368049086 
3338 4.525272063488972 
3339 4.4351822586683145 
3340 4.634694105620257 
3341 4.512337334639057 
3342 4.670998008282285 
3343 4.649883519429943 
3344 4.766497983298314 
3345 4.7138003170139715 
3346 4.798052812208629 
3347 4.932411552773657 
3348 4.999049163366971 
3349 4.842953583453943 
3350 4.896292346569457 
3351 4.799758221310142 
3352 4.865417499325171 
3353 4.876038370155057 
3354 4.727899718037257 
3355 4.560500298241629 
3356 4.47429332901 
3357 4.490612145456914 
3358 4.374864281352028 
3359 4.4678816735458 
3360 4.176037950770914 
3361 4.5344831909962 
3362 4.448873349912 
3363 4.558913268223314 
3364 4.326987415868114 
3365 4.916005612984429 
3366 4.688581818381971 
3367 5.005901641854771 
3368 4.878621604838343 
3369 4.737389918704628 
3370 4.645478012749914 
3371 4.7337750476212 
3372 4.6954821724208005 
3373 4.634415940258971 
3374 4.650619838284685 
3375 4.492840190111058 
3376 4.489031088017286 
3377 4.611355545126258 
3378 4.545419778240543 
3379 4.674392491914771 
3380 4.690268825311657 
3381 4.798410846639372 
3382 4.804637022111714 
3383 5.103053586396428 
3384 5.190038794489285 
3385 5.107893749849028 
3386 5.159754645200543 
3387 5.128711037328029 
3388 5.124352572411429 
3389 5.069851445933172 
3390 5.038272184289228 
3391 4.767785871787772 
3392 4.7030381941401425 
3393 4.698149298016571 
3394 4.691639561742972 
3395 4.644928526699171 
3396 4.588115084471714 
3397 4.554841238601028 
3398 4.522855665286515 
3399 4.6149170397693435 
3400 4.661406234086029 
3401 4.605384948288914 
3402 4.663140971271857 
3403 4.656072049678143 
3404 4.818909626440972 
3405 4.522068521454686 
3406 4.553224885699171 
3407 4.423451295910686 
3408 4.350787471069114 
3409 4.535374122126771 
3410 4.4838416524974 
3411 4.491626030123886 
3412 4.334753232909028 
3413 4.798391752702571 
3414 4.753954629632401 
3415 4.861298928665714 
3416 4.852613242999857 
3417 4.831494015358056 
3418 4.865517110941715 
3419 5.152296302219143 
3420 5.2087654022672 
3421 4.967074727089772 
3422 5.096088722490971 
3423 4.898001133532314 
3424 5.029947243483 
3425 4.922485380994142 
3426 4.907372354946629 
3427 4.660790793411743 
3428 4.537366758155286 
3429 4.5088544239812 
3430 4.432275400401772 
3431 4.782835537266429 
3432 4.663636866065658 
3433 4.8277933434030285 
3434 4.735493385313314 
3435 4.970713335208857 
3436 4.9398078370388 
3437 5.098134104620257 
3438 4.970436473170771 
3439 5.0854335821814 
3440 5.013874736052657 
3441 5.078650816129715 
3442 5.040577217079686 
3443 5.064746844822172 
3444 5.082332901676144 
3445 4.9927276830796 
3446 4.969107640002428 
3447 4.8528018476623425 
3448 5.006286926804971 
3449 4.960650466859229 
3450 5.0998914891162 
3451 4.689076715834686 
3452 4.826368078054115 
3453 4.793325768146228 
3454 4.8402255443099715 
3455 4.901785569481771 
3456 4.753327267902571 
3457 4.661552050613143 
3458 4.514909567409486 
3459 4.8446864030864285 
3460 4.755029834616743 
3461 4.7664128667385715 
3462 4.713048621828485 
3463 4.663781968067343 
3464 4.563291278492515 
3465 4.607548320328057 
3466 4.480801996130372 
3467 4.574576007835171 
3468 4.431751957334 
3469 4.669755657927029 
3470 4.5093094480428 
3471 4.728373201861458 
3472 4.671290718555057 
3473 4.930972006884285 
3474 4.962118324266143 
3475 5.088997352379914 
3476 5.010755154785885 
3477 5.078280509364342 
3478 5.0872246989192575 
3479 5.2564031357287435 
3480 5.097305489037228 
3481 5.2286886572672 
3482 5.0207853115857715 
3483 5.269753876225343 
3484 5.172879680859943 
3485 5.3814512824958 
3486 5.275630606222856 
3487 5.319198589023257 
3488 5.321213671125972 
3489 5.034781867409372 
3490 5.0281111344355995 
3491 5.033687306511458 
3492 4.9533640092624 
3493 4.806321271424343 
3494 4.7417948231890295 
3495 4.451699829603458 
3496 4.370219761117857 
3497 4.685812237463772 
3498 4.817605233963029 
3499 4.5210028307791434 
3500 4.703303968659685 
3501 4.696519179756685 
3502 4.862540630598114 
3503 4.8218484776406 
3504 5.126130763672486 
3505 4.847993607186457 
3506 5.018980367477343 
3507 4.633951804105743 
3508 4.8602573939104285 
3509 4.634110658854629 
3510 4.831087570227857 
3511 4.793539962404401 
3512 4.863358661637828 
3513 4.647050150305028 
3514 4.738246353314628 
3515 5.0407738143922005 
3516 5.0192637795503146 
3517 4.981407272438285 
3518 4.978580242205972 
3519 4.859342929789 
3520 4.804274944808057 
3521 4.897826328609371 
3522 4.7014830790955715 
3523 4.707347702912714 
3524 4.6073098267367145 
3525 4.6526466272550575 
3526 4.531582812545971 
3527 4.5189364735244855 
3528 4.449703609191743 
3529 4.720185504595114 
3530 4.675545816739372 
3531 4.788598989993114 
3532 4.695434638795028 
3533 4.838263171420657 
3534 4.7860032372526575 
3535 5.179787275314686 
3536 5.115085824037799 
3537 5.065430163853257 
3538 4.949033879032085 
3539 5.0283297860631135 
3540 4.958239741973 
3541 4.936274124906542 
3542 4.793860903394342 
3543 4.936274124906542 
3544 4.793860903394342 
3545 4.543370917732686 
3546 4.425248572942829 
3547 4.585538943820572 
3548 4.498768641244714 
3549 4.542325036156857 
3550 4.292191136743486 
3551 4.672392539134571 
3552 4.455963668680143 
3553 4.709951886700714 
3554 4.469689143668486 
3555 4.751985039849771 
3556 4.4956999600039715 
3557 4.550540723772029 
3558 4.4510069187525145 
3559 4.6715949988830285 
3560 4.607178650699543 
3561 4.805672858191114 
3562 4.752912227573057 
3563 4.748259112922514 
3564 4.6320644435004 
3565 4.934888415132429 
3566 4.799347072866171 
3567 4.6966182824499425 
3568 4.492951841156457 
3569 4.603745155967771 
3570 4.329650486800714 
3571 4.676950601846 
3572 4.586777177146028 
3573 4.793719861138771 
3574 4.643872195215885 
3575 4.922558070092457 
3576 4.887664300612686 
3577 5.1507215868626 
3578 5.197388136039629 
3579 5.023351417218657 
3580 5.111704804280057 
3581 4.838783679721172 
3582 4.982809480666972 
3583 4.5490792993154 
3584 4.654512734503915 
3585 4.515686457166857 
3586 4.4956632279493425 
3587 4.567071740115629 
3588 4.4889610209538855 
3589 4.907157564010514 
3590 4.786669617264029 
3591 5.0125133249476 
3592 4.876403437084828 
3593 5.039580931080172 
3594 4.846282110175571 
3595 4.992145279480543 
3596 4.7150467299842855 
3597 4.8241761679841995 
3598 4.363679329214743 
3599 4.838260742680886 
3600 4.359982190047343 
3601 4.900929843729343 
3602 4.538108721386228 
3603 4.8722403203594 
3604 4.546803706207029 
3605 4.743508072461343 
3606 4.727079583538886 
3607 4.8614869517556 
3608 4.965717214597601 
3609 4.862799113368257 
3610 5.0107548838809715 
3611 5.0015810090600565 
3612 5.128195571346143 
3613 5.3043065763971144 
3614 5.312170229395228 
3615 5.4036831140407715 
3616 5.299310402425457 
3617 5.143047903725228 
3618 5.074287857840715 
3619 4.915208907188771 
3620 4.849146704753914 
3621 4.653562880515115 
3622 4.574424495968315 
3623 4.4862139498724 
3624 4.608432002204229 
3625 4.314866546806629 
3626 4.410489538720657 
3627 4.5540757481931715 
3628 4.721904824414971 
3629 4.644764880833857 
3630 4.743055975153601 
3631 4.8015909470953995 
3632 4.740354467489029 
3633 5.248565562178657 
3634 5.248176757837628 
3635 5.241569689573857 
3636 5.1628040722144 
3637 5.275705768303743 
3638 5.287027773795486 
3639 5.121857129338629 
3640 5.1040272835072855 
3641 4.989074504071543 
3642 4.901782402839629 
3643 4.947496542052629 
3644 4.7737960188444 
3645 4.9506444156768 
3646 4.755648626615915 
3647 4.978767316697172 
3648 4.786964173508857 
3649 5.082150833251886 
3650 4.929680243868 
3651 4.986939845072972 
3652 4.936252556513685 
3653 4.905016650935143 
3654 4.982130223172943 
3655 4.937160148183943 
3656 4.983473042218657 
3657 4.777614480937914 
3658 4.788069341969772 
3659 4.737625365377029 
3660 4.7264744458988 
3661 4.648434453237799 
3662 4.5281231003450575 
3663 4.632610877638743 
3664 4.664135196765229 
3665 4.682378998081715 
3666 4.776035556717457 
3667 4.8062664516967715 
3668 4.885986529168571 
3669 5.013701253181286 
3670 5.139774948720543 
3671 4.9538085053592855 
3672 4.971041571923486 
3673 5.014093105150828 
3674 5.096642331740257 
3675 4.9243828619502 
3676 5.020762191248029 
3677 4.956337808940085 
3678 4.973535427448715 
3679 4.751571300985228 
3680 4.820441988693886 
3681 4.530973746944257 
3682 4.519299963060343 
3683 4.731712438980028 
3684 4.7380608647657425 
3685 4.670019437978399 
3686 4.621381427819714 
3687 4.943575565022171 
3688 4.811202380282543 
3689 5.173402206770114 
3690 5.071639624953514 
3691 5.0964825293702285 
3692 4.983879243534943 
3693 5.153860852772515 
3694 5.122057251364943 
3695 5.093459412600315 
3696 5.068873810292286 
3697 4.979595110499686 
3698 4.888720083498114 
3699 4.756295096523229 
3700 4.674169085862601 
3701 4.593997892350314 
3702 4.516787130349314 
3703 4.611568809079543 
3704 4.4911584596015715 
3705 4.757841163081829 
3706 4.619405815512343 
3707 5.057909526811657 
3708 4.938556787661257 
3709 5.2423349007936855 
3710 5.028058706944942 
3711 5.047592846813942 
3712 4.989139451141715 
3713 4.9286620396761425 
3714 4.9746388934446 
3715 4.905348354213286 
3716 4.906349237100714 
3717 4.9169058716482565 
3718 4.928459020207371 
3719 5.183714658902886 
3720 5.159303118178743 
3721 5.338641516019914 
3722 5.213787108499772 
3723 5.316016221217228 
3724 5.222922932463486 
3725 5.291927085513572 
3726 5.244372575382343 
3727 5.2259982007539145 
3728 5.110143089399799 
3729 4.890084092172743 
3730 4.7729249948087995 
3731 4.614327357298172 
3732 4.491751006593743 
3733 4.436291981267742 
3734 4.385380361620886 
3735 4.553241887983171 
3736 4.494848477713657 
3737 4.5457120533296 
3738 4.518341009678657 
3739 4.756925479439171 
3740 4.861559317722372 
3741 4.826393277426371 
3742 4.828734214502285 
3743 4.488772326282229 
3744 4.433638930648629 
3745 4.415677832987571 
3746 4.328943740252886 
3747 4.5570969207027145 
3748 4.281375096498114 
3749 4.476952387257 
3750 4.314091913852542 
3751 4.827632650046971 
3752 4.668804070319743 
3753 5.160150365982972 
3754 5.100782228141743 
3755 5.031502542868085 
3756 5.032167460695286 
3757 5.233912999198629 
3758 5.103297322859171 
3759 5.144679123127372 
3760 5.1450423796488 
3761 5.003343715203914 
3762 4.966024240709886 
3763 4.825474981745914 
3764 4.748541024252028 
3765 4.5749490550375995 
3766 4.611740457657457 
3767 4.533275570270943 
3768 4.452330739294057 
3769 4.521923663651686 
3770 4.516923328207429 
3771 4.463706534400028 
3772 4.518567139214571 
3773 4.486675426083228 
3774 4.5364861807937995 
3775 4.4046887142703435 
3776 4.559145633976429 
3777 4.566112429419229 
3778 4.567902593375686 
3779 4.772719349899829 
3780 4.766332828586657 
3781 4.790518086251 
3782 4.7372570889302 
3783 4.904457914869972 
3784 4.827338817075857 
3785 4.825328812127085 
3786 4.807525109719029 
3787 4.8221695093822285 
3788 4.845003428768942 
3789 4.8420812766922 
3790 4.9113023971348 
3791 5.024212873053629 
3792 4.995025989227143 
3793 5.047149297875485 
3794 5.061369343282143 
3795 5.086555537010915 
3796 5.060781969953543 
3797 5.2508871248302 
3798 5.175947823607428 
3799 5.054052305929572 
3800 5.0235764664078575 
3801 5.064248990315028 
3802 4.917966749479658 
3803 4.8409070876858 
3804 4.7093421087104 
3805 4.794212151212571 
3806 4.648275452390286 
3807 4.779318809811743 
3808 4.670210344187686 
3809 4.7611775259430855 
3810 4.719224480044915 
3811 4.915354604284086 
3812 4.8608264918228 
3813 4.807554721933999 
3814 4.7377261730020575 
3815 4.825683582574372 
3816 4.808728789634714 
3817 4.8831060408808 
3818 4.803278199149943 
3819 4.680166002268029 
3820 4.607146149433771 
3821 4.574061171982057 
3822 4.639731656731257 
3823 4.504756788178886 
3824 4.7163974220684866 
3825 4.529932346329086 
3826 4.591368113715857 
3827 4.708103926383829 
3828 4.8075642994481145 
3829 4.571664163114257 
3830 4.610252086513314 
3831 4.602077796915315 
3832 4.544423237107286 
3833 4.352716822736257 
3834 4.5217101424376 
3835 4.372805950933686 
3836 4.608334749125771 
3837 4.497304086618457 
3838 4.788439663382514 
3839 4.457654096708457 
3840 4.826499965644143 
3841 4.3196567288878 
3842 4.7580004175988 
3843 4.2034135644834 
3844 4.663997420449057 
3845 4.301076633987343 
3846 4.800787938395943 
3847 4.458324266534971 
3848 4.8340865823945425 
3849 4.567375641282114 
3850 5.047662017862971 
3851 4.720651472086229 
3852 5.049340714286401 
3853 4.7210100224488 
3854 4.978179446984771 
3855 4.575124398510085 
3856 4.8041465779202 
3857 4.647789112392201 
3858 4.602223676958315 
3859 4.601409416328514 
3860 4.583914353725601 
3861 4.726148409480315 
3862 4.6979011958251435 
3863 4.891028668821028 
3864 4.848912208114 
3865 4.967362438531114 
3866 4.981865674936086 
3867 4.756783676353942 
3868 4.760417850334 
3869 4.583988167222914 
3870 4.569026656822743 
3871 4.384379792637686 
3872 4.347492630903543 
3873 4.3233663021248 
3874 4.267816560184914 
3875 4.5867683629512 
3876 4.495636993859028 
3877 4.359802816251714 
3878 4.288163955725143 
3879 4.4240736073405715 
3880 4.318646860028743 
3881 4.3632712018124 
3882 4.290261437452457 
3883 4.495715994421743 
3884 4.443588434746486 
3885 4.688386227297115 
3886 4.632346418366315 
3887 4.772877101944571 
3888 4.7551761220049995 
3889 4.8545073710074576 
3890 4.844692802421514 
3891 4.602196895809857 
3892 4.547527836905429 
3893 4.8172552153482 
3894 4.749202417156257 
3895 4.659145462380001 
3896 4.560360066656714 
3897 4.8242050009306565 
3898 4.633802723549885 
3899 4.958633909613572 
3900 4.753494552733572 
3901 4.7424058747506574 
3902 4.603619935155286 
3903 4.763727028177742 
3904 4.708980225336686 
3905 4.587350544449543 
3906 4.709827829429457 
3907 4.5654941813900285 
3908 4.867699655354828 
3909 4.627751913757885 
3910 4.847649851219058 
3911 4.856855823146 
3912 5.0577923356238 
3913 4.953369897787228 
3914 5.052424463678343 
3915 5.074044372491343 
3916 5.059114650270885 
3917 5.194137276340915 
3918 5.152584127206114 
3919 5.158345478992715 
3920 5.026605890250286 
3921 5.3402440481275715 
3922 5.186397051194686 
3923 5.139677756947143 
3924 5.015418670618828 
3925 5.021932475705657 
3926 4.937153598049371 
3927 4.909011860746057 
3928 4.852489113145199 
3929 4.771493695849628 
3930 4.728220145734914 
3931 4.8362923866592284 
3932 4.823806288204743 
3933 4.765680768936628 
3934 4.780531271933628 
3935 4.852475696373342 
3936 4.928085687965942 
3937 4.657313106213372 
3938 4.797472878830915 
3939 4.8180053427447715 
3940 4.835384809346315 
3941 4.871963163939915 
3942 4.934677727844057 
3943 4.783626972392314 
3944 4.735763890146371 
3945 4.849234713493486 
3946 4.848602911333257 
3947 4.532860628392 
3948 4.5977693399538575 
3949 4.500366830429314 
3950 4.600635073750429 
3951 4.316943429287629 
3952 4.434971061144228 
3953 4.245267046291971 
3954 4.319219067447828 
3955 4.348591432418486 
3956 4.415245900650743 
3957 4.3651074695602565 
3958 4.461803174181428 
3959 4.4375880680166 
3960 4.564748772659685 
3961 4.517813374927942 
3962 4.627240612562057 
3963 4.558312034444514 
3964 4.687894387919971 
3965 4.7130828367598 
3966 4.746440464479972 
3967 4.913427087470028 
3968 4.977757802387942 
3969 5.170043426462914 
3970 5.103802669989856 
3971 5.256379335819314 
3972 5.104028057173886 
3973 5.1546662965792 
3974 5.026079047768 
3975 5.103876860458771 
3976 4.949382673721857 
3977 4.986279340908285 
3978 4.736188134521171 
3979 4.996308037267544 
3980 4.8301553742318575 
3981 4.980818327632686 
3982 4.896952327056371 
3983 4.977441028155715 
3984 4.9697888423253715 
3985 4.993767593650629 
3986 5.1855114549190855 
3987 4.8732519653962 
3988 5.037227081903771 
3989 4.961813345983029 
3990 5.0009504605723425 
3991 4.910108174478514 
3992 4.830779827411086 
3993 4.758707267425742 
3994 4.6972966821027144 
3995 4.707687713815486 
3996 4.681033631587857 
3997 4.6647536567634855 
3998 4.583229574155629 
3999 4.601847897090058 
4000 4.640151233468457 
4001 4.669662802963086 
4002 4.6423237936684005 
4003 4.643035400785428 
4004 4.687454857647543 
4005 4.682144960550971 
4006 4.751631489485143 
4007 4.706435965621457 
4008 4.732049572002628 
4009 4.4954974278056 
4010 4.551652710431543 
4011 4.374827318275857 
4012 4.342807788596057 
4013 4.252005041495686 
4014 4.1787420077062 
4015 4.053895166682 
4016 3.9571186410024 
4017 3.976628164451486 
4018 3.876635042941543 
4019 4.087082340188343 
4020 4.016854306233286 
4021 3.9469580733634 
4022 3.9534262852635145 
4023 4.059061741371086 
4024 4.095981145992371 
4025 4.381272902256372 
4026 4.459690605280314 
4027 4.5765290546807424 
4028 4.698753170509571 
4029 4.591357784091828 
4030 4.6549434736393716 
4031 4.788040975817486 
4032 4.908460780826714 
4033 4.579949894616314 
4034 4.8681936530825425 
4035 4.565247631167314 
4036 4.755184920587943 
4037 4.752560857171743 
4038 5.105807903587601 
4039 4.704423528756543 
4040 4.922684524183515 
4041 4.962132849139257 
4042 5.067775683608429 
4043 4.900840090863772 
4044 5.028668727265943 
4045 5.068971365206029 
4046 5.0524544984385145 
4047 5.171394234322428 
4048 5.213408685221229 
4049 5.058355040510743 
4050 4.9479606034946855 
4051 5.029519573239886 
4052 4.922880941372428 
4053 5.0196956764623994 
4054 4.9413735664172 
4055 4.902051184137771 
4056 4.845738485941458 
4057 4.785342547831457 
4058 4.799458294051257 
4059 4.663349714361657 
4060 4.7724612059776 
4061 4.5215701347187425 
4062 4.660653487295371 
4063 4.410472417254828 
4064 4.450321575349343 
4065 4.548507335925286 
4066 4.497109051379286 
4067 4.776850553678942 
4068 4.603360820577885 
4069 4.645440191596286 
4070 4.3863648902431995 
4071 4.7607654160054285 
4072 4.505583844504685 
4073 4.504198988527372 
4074 4.356583579897886 
4075 4.5614444657734 
4076 4.463760778803372 
4077 4.754920962391829 
4078 4.615518759547 
4079 4.6909721941036855 
4080 4.574071038588229 
4081 5.009067025177571 
4082 4.804490162965115 
4083 4.950861044031228 
4084 4.7864107821616 
4085 4.9488945152791715 
4086 4.831147364040629 
4087 4.996401433899371 
4088 4.862172576287086 
4089 4.924610682807829 
4090 4.9251189601065715 
4091 4.869660130832629 
4092 4.816664624829143 
4093 4.969122342873915 
4094 4.871362624233657 
4095 4.8854795898397425 
4096 4.9028985049996 
4097 4.7569348172501424 
4098 4.698185409546572 
4099 4.664659133783914 
4100 4.6445973458998 
4101 4.431996149296714 
4102 4.608345145492885 
4103 4.579314326212399 
4104 4.733437736662029 
4105 4.630443296330029 
4106 4.777839027426028 
4107 4.751905835002057 
4108 4.846454814154629 
4109 4.866955714626799 
4110 4.892026419825743 
4111 4.9041120318336855 
4112 4.9097748219679715 
4113 5.021759029108201 
4114 5.000814404223543 
4115 5.046630857018571 
4116 5.055102604907943 
4117 4.965433414743457 
4118 4.955088791813714 
4119 5.012070987591172 
4120 4.869071710792686 
4121 4.977940237736715 
4122 4.880135025553171 
4123 5.041162800775857 
4124 4.9014663723931715 
4125 5.120226779504001 
4126 5.002072389213 
4127 5.161195568053657 
4128 5.203066951906058 
4129 5.340984637316287 
4130 5.414913943091657 
4131 5.344514009313485 
4132 5.433231773651143 
4133 5.297021182829743 
4134 5.362600538806601 
4135 5.092582847311314 
4136 5.175137613731286 
4137 5.050069961333372 
4138 5.111380038393657 
4139 4.759232918369485 
4140 4.792982520111885 
4141 4.749482615001143 
4142 4.8436535101361144 
4143 4.5560349868405146 
4144 4.613066664380486 
4145 4.185058917462943 
4146 4.2440408233568 
4147 4.516943923271886 
4148 4.4849763970641146 
4149 4.4616582839656 
4150 4.413198189616028 
4151 4.848158670411714 
4152 4.695576838373457 
4153 5.001832424496944 
4154 4.900193244727914 
4155 4.970002378675572 
4156 4.994697277035143 
4157 5.004800216826057 
4158 5.057726131980343 
4159 4.970793088811314 
4160 5.158001623988629 
4161 5.162469915297514 
4162 5.370382932804314 
4163 4.810852293853971 
4164 5.027915482093772 
4165 5.087641221286286 
4166 5.200726388894171 
4167 4.895634817679486 
4168 4.9791717509522 
4169 4.6959963009668 
4170 4.777508177716571 
4171 4.7919799310600855 
