0 1.5 
1 1.5 
2 3.5 
3 1.5 
4 3.5 
5 1.5 
6 3.5 
7 1.5 
8 3.5 
9 1.5 
10 3.5 
11 1.5 
12 3.5 
13 1.5 
14 3.5 
15 1.5 
16 3.5 
17 1.5 
18 3.5 
19 1.5 
20 1.5 
21 1.5 
22 1.5 
23 1.5 
24 1.5 
25 16.5 
26 15.5 
27 16.5 
28 15.5 
29 16.5 
30 15.5 
31 16.5 
32 15.5 
33 16.5 
34 0.5 
35 16.5 
36 0.5 
37 16.5 
38 0.5 
39 16.5 
40 0.5 
41 16.5 
42 0.5 
43 16.5 
44 0.5 
45 16.5 
46 0.5 
47 16.5 
48 1.5 
49 16.5 
50 1.5 
51 16.5 
52 1.5 
53 16.5 
54 1.5 
55 16.5 
56 1.5 
57 16.5 
58 1.5 
59 16.5 
60 1.5 
61 16.5 
62 1.5 
63 16.5 
64 1.5 
65 16.5 
66 1.5 
67 16.5 
68 16.5 
69 16.5 
70 16.5 
71 16.5 
72 16.5 
73 16.5 
74 16.5 
75 16.5 
76 16.5 
77 16.5 
78 16.5 
79 16.5 
80 16.5 
81 16.5 
82 16.5 
83 16.5 
84 16.5 
85 16.5 
86 16.5 
87 16.5 
88 16.5 
89 16.5 
90 16.5 
91 16.5 
92 16.5 
93 16.5 
94 16.5 
95 16.5 
96 16.5 
97 16.5 
98 16.5 
99 16.5 
100 16.5 
101 16.5 
102 16.5 
103 16.5 
104 16.5 
105 16.5 
106 16.5 
107 16.5 
108 16.5 
109 16.5 
110 16.5 
111 16.5 
112 16.5 
113 16.5 
114 16.5 
115 16.5 
116 16.5 
117 16.5 
118 16.5 
119 16.5 
120 16.5 
121 16.5 
122 16.5 
123 16.5 
124 16.5 
125 16.5 
126 16.5 
127 16.5 
128 16.5 
129 16.5 
130 16.5 
131 16.5 
132 16.5 
133 16.5 
134 16.5 
135 16.5 
136 16.5 
137 16.5 
138 16.5 
139 16.5 
140 16.5 
141 16.5 
142 16.5 
143 16.5 
144 16.5 
145 16.5 
146 16.5 
147 16.5 
148 16.5 
149 16.5 
150 16.5 
151 16.5 
152 16.5 
153 16.5 
154 16.5 
155 16.5 
156 16.5 
157 16.5 
158 16.5 
159 16.5 
160 16.5 
161 16.5 
162 16.5 
163 16.5 
164 16.5 
165 16.5 
166 16.5 
167 16.5 
168 16.5 
169 16.5 
170 16.5 
171 16.5 
172 16.5 
173 16.5 
174 16.5 
175 16.5 
176 16.5 
177 16.5 
178 16.5 
179 16.5 
180 16.5 
181 16.5 
182 16.5 
183 16.5 
184 16.5 
185 16.5 
186 16.5 
187 16.5 
188 16.5 
189 15.5 
190 16.5 
191 15.5 
192 16.5 
193 15.5 
194 16.5 
195 15.5 
196 16.5 
197 15.5 
198 16.5 
199 16.5 
200 16.5 
201 16.5 
202 16.5 
203 16.5 
204 16.5 
205 16.5 
206 16.5 
207 16.5 
208 16.5 
209 16.5 
210 16.5 
211 16.5 
212 16.5 
213 16.5 
214 16.5 
215 16.5 
216 16.5 
217 16.5 
218 16.5 
219 16.5 
220 16.5 
221 16.5 
222 16.5 
223 16.5 
224 16.5 
225 16.5 
226 16.5 
227 16.5 
228 16.5 
229 16.5 
230 16.5 
231 16.5 
232 16.5 
233 16.5 
234 16.5 
235 16.5 
236 16.5 
237 16.5 
238 16.5 
239 16.5 
240 16.5 
241 16.5 
242 16.5 
243 16.5 
244 16.5 
245 16.5 
246 16.5 
247 16.5 
248 16.5 
249 16.5 
250 16.5 
251 16.5 
252 16.5 
253 16.5 
254 16.5 
255 16.5 
256 16.5 
257 16.5 
258 16.5 
259 16.5 
260 16.5 
261 16.5 
262 16.5 
263 16.5 
264 16.5 
265 16.5 
266 16.5 
267 16.5 
268 16.5 
269 16.5 
270 16.5 
271 16.5 
272 16.5 
273 16.5 
274 16.5 
275 16.5 
276 16.5 
277 16.5 
278 16.5 
279 16.5 
280 16.5 
281 16.5 
282 16.5 
283 16.5 
284 16.5 
285 16.5 
286 16.5 
287 16.5 
288 16.5 
289 16.5 
290 16.5 
291 16.5 
292 3.5 
293 16.5 
294 3.5 
295 16.5 
296 3.5 
297 16.5 
298 3.5 
299 16.5 
300 3.5 
301 16.5 
302 3.5 
303 16.5 
304 3.5 
305 16.5 
306 3.5 
307 16.5 
308 3.5 
309 16.5 
310 3.5 
311 16.5 
312 3.5 
313 16.5 
314 3.5 
315 16.5 
316 3.5 
317 16.5 
318 3.5 
319 16.5 
320 3.5 
321 15.5 
322 3.5 
323 15.5 
324 3.5 
325 16.5 
326 3.5 
327 16.5 
328 3.5 
329 16.5 
330 3.5 
331 16.5 
332 3.5 
333 16.5 
334 3.5 
335 16.5 
336 3.5 
337 16.5 
338 3.5 
339 16.5 
340 3.5 
341 16.5 
342 3.5 
343 16.5 
344 3.5 
345 16.5 
346 3.5 
347 16.5 
348 3.5 
349 16.5 
350 3.5 
351 16.5 
352 3.5 
353 16.5 
354 3.5 
355 16.5 
356 3.5 
357 16.5 
358 3.5 
359 16.5 
360 3.5 
361 16.5 
362 3.5 
363 16.5 
364 3.5 
365 16.5 
366 3.5 
367 16.5 
368 3.5 
369 16.5 
370 3.5 
371 16.5 
372 3.5 
373 16.5 
374 3.5 
375 16.5 
376 3.5 
377 16.5 
378 3.5 
379 16.5 
380 3.5 
381 16.5 
382 3.5 
383 16.5 
384 3.5 
385 16.5 
386 3.5 
387 16.5 
388 3.5 
389 16.5 
390 3.5 
391 16.5 
392 3.5 
393 16.5 
394 3.5 
395 16.5 
396 3.5 
397 16.5 
398 3.5 
399 16.5 
400 3.5 
401 16.5 
402 3.5 
403 16.5 
404 3.5 
405 16.5 
406 3.5 
407 16.5 
408 3.5 
409 16.5 
410 3.5 
411 16.5 
412 3.5 
413 15.5 
414 3.5 
415 15.5 
416 3.5 
417 16.5 
418 3.5 
419 16.5 
420 3.5 
421 16.5 
422 3.5 
423 16.5 
424 3.5 
425 16.5 
426 3.5 
427 16.5 
428 3.5 
429 16.5 
430 3.5 
431 16.5 
432 3.5 
433 16.5 
434 3.5 
435 16.5 
436 3.5 
437 16.5 
438 3.5 
439 16.5 
440 3.5 
441 16.5 
442 3.5 
443 16.5 
444 3.5 
445 16.5 
446 3.5 
447 16.5 
448 3.5 
449 16.5 
450 3.5 
451 16.5 
452 3.5 
453 16.5 
454 3.5 
455 16.5 
456 3.5 
457 16.5 
458 3.5 
459 16.5 
460 3.5 
461 16.5 
462 3.5 
463 16.5 
464 3.5 
465 16.5 
466 3.5 
467 16.5 
468 3.5 
469 16.5 
470 3.5 
471 16.5 
472 3.5 
473 16.5 
474 3.5 
475 16.5 
476 3.5 
477 16.5 
478 3.5 
479 16.5 
480 3.5 
481 16.5 
482 3.5 
483 16.5 
484 3.5 
485 16.5 
486 3.5 
487 16.5 
488 3.5 
489 16.5 
490 3.5 
491 16.5 
492 3.5 
493 16.5 
494 3.5 
495 16.5 
496 3.5 
497 16.5 
498 3.5 
499 16.5 
500 3.5 
501 16.5 
502 3.5 
503 16.5 
504 3.5 
505 16.5 
506 3.5 
507 16.5 
508 3.5 
509 16.5 
510 3.5 
511 16.5 
512 3.5 
513 16.5 
514 3.5 
515 16.5 
516 3.5 
517 16.5 
518 3.5 
519 16.5 
520 3.5 
521 16.5 
522 3.5 
523 16.5 
524 3.5 
525 16.5 
526 3.5 
527 16.5 
528 3.5 
529 16.5 
530 3.5 
531 16.5 
532 3.5 
533 16.5 
534 3.5 
535 16.5 
536 3.5 
537 16.5 
538 3.5 
539 16.5 
540 3.5 
541 16.5 
542 3.5 
543 16.5 
544 3.5 
545 16.5 
546 3.5 
547 16.5 
548 3.5 
549 16.5 
550 3.5 
551 16.5 
552 3.5 
553 16.5 
554 3.5 
555 16.5 
556 3.5 
557 16.5 
558 3.5 
559 16.5 
560 3.5 
561 16.5 
562 3.5 
563 16.5 
564 3.5 
565 16.5 
566 3.5 
567 16.5 
568 3.5 
569 16.5 
570 3.5 
571 16.5 
572 3.5 
573 16.5 
574 3.5 
575 16.5 
576 3.5 
577 16.5 
578 3.5 
579 16.5 
580 3.5 
581 16.5 
582 3.5 
583 16.5 
584 3.5 
585 16.5 
586 3.5 
587 16.5 
588 3.5 
589 16.5 
590 3.5 
591 16.5 
592 3.5 
593 16.5 
594 3.5 
595 16.5 
596 3.5 
597 16.5 
598 3.5 
599 16.5 
600 3.5 
601 16.5 
602 3.5 
603 16.5 
604 3.5 
605 16.5 
606 3.5 
607 16.5 
608 3.5 
609 16.5 
610 3.5 
611 16.5 
612 3.5 
613 16.5 
614 3.5 
615 16.5 
616 3.5 
617 16.5 
618 3.5 
619 16.5 
620 3.5 
621 16.5 
622 3.5 
623 16.5 
624 3.5 
625 16.5 
626 3.5 
627 16.5 
628 3.5 
629 16.5 
630 3.5 
631 16.5 
632 3.5 
633 16.5 
634 3.5 
635 16.5 
636 3.5 
637 16.5 
638 3.5 
639 16.5 
640 3.5 
641 16.5 
642 3.5 
643 16.5 
644 3.5 
645 16.5 
646 3.5 
647 16.5 
648 3.5 
649 16.5 
650 3.5 
651 16.5 
652 3.5 
653 16.5 
654 3.5 
655 16.5 
656 3.5 
657 16.5 
658 3.5 
659 16.5 
660 3.5 
661 16.5 
662 3.5 
663 16.5 
664 3.5 
665 16.5 
666 3.5 
667 16.5 
668 3.5 
669 16.5 
670 3.5 
671 16.5 
672 3.5 
673 16.5 
674 3.5 
675 16.5 
676 3.5 
677 16.5 
678 3.5 
679 16.5 
680 3.5 
681 16.5 
682 3.5 
683 16.5 
684 3.5 
685 16.5 
686 3.5 
687 16.5 
688 3.5 
689 16.5 
690 3.5 
691 16.5 
692 3.5 
693 16.5 
694 3.5 
695 16.5 
696 3.5 
697 16.5 
698 3.5 
699 16.5 
700 3.5 
701 16.5 
702 3.5 
703 16.5 
704 3.5 
705 16.5 
706 3.5 
707 16.5 
708 3.5 
709 16.5 
710 3.5 
711 16.5 
712 3.5 
713 16.5 
714 3.5 
715 16.5 
716 3.5 
717 16.5 
718 3.5 
719 16.5 
720 3.5 
721 16.5 
722 3.5 
723 16.5 
724 3.5 
725 16.5 
726 3.5 
727 16.5 
728 3.5 
729 16.5 
730 3.5 
731 16.5 
732 3.5 
733 16.5 
734 3.5 
735 16.5 
736 3.5 
737 16.5 
738 3.5 
739 16.5 
740 3.5 
741 16.5 
742 3.5 
743 16.5 
744 3.5 
745 16.5 
746 3.5 
747 16.5 
748 3.5 
749 16.5 
750 3.5 
751 16.5 
752 3.5 
753 16.5 
754 3.5 
755 16.5 
756 3.5 
757 16.5 
758 3.5 
759 16.5 
760 3.5 
761 16.5 
762 3.5 
763 16.5 
764 3.5 
765 16.5 
766 3.5 
767 16.5 
768 3.5 
769 16.5 
770 3.5 
771 16.5 
772 3.5 
773 16.5 
774 3.5 
775 16.5 
776 3.5 
777 16.5 
778 3.5 
779 16.5 
780 3.5 
781 16.5 
782 3.5 
783 16.5 
784 3.5 
785 16.5 
786 3.5 
787 16.5 
788 3.5 
789 16.5 
790 3.5 
791 16.5 
792 3.5 
793 16.5 
794 3.5 
795 16.5 
796 3.5 
797 16.5 
798 3.5 
799 16.5 
800 3.5 
801 16.5 
802 3.5 
803 16.5 
804 3.5 
805 16.5 
806 3.5 
807 16.5 
808 3.5 
809 16.5 
810 3.5 
811 16.5 
812 3.5 
813 16.5 
814 3.5 
815 16.5 
816 3.5 
817 16.5 
818 3.5 
819 16.5 
820 3.5 
821 16.5 
822 3.5 
823 16.5 
824 3.5 
825 16.5 
826 3.5 
827 16.5 
828 3.5 
829 16.5 
830 3.5 
831 16.5 
832 3.5 
833 16.5 
834 3.5 
835 16.5 
836 3.5 
837 16.5 
838 3.5 
839 16.5 
840 3.5 
841 16.5 
842 3.5 
843 16.5 
844 3.5 
845 16.5 
846 3.5 
847 16.5 
848 3.5 
849 16.5 
850 3.5 
851 16.5 
852 3.5 
853 16.5 
854 3.5 
855 16.5 
856 3.5 
857 16.5 
858 3.5 
859 16.5 
860 3.5 
861 16.5 
862 3.5 
863 16.5 
864 3.5 
865 16.5 
866 3.5 
867 16.5 
868 3.5 
869 16.5 
870 3.5 
871 16.5 
872 3.5 
873 16.5 
874 3.5 
875 16.5 
876 3.5 
877 16.5 
878 3.5 
879 16.5 
880 3.5 
881 16.5 
882 3.5 
883 16.5 
884 3.5 
885 16.5 
886 3.5 
887 16.5 
888 3.5 
889 16.5 
890 3.5 
891 16.5 
892 3.5 
893 16.5 
894 3.5 
895 16.5 
896 3.5 
897 16.5 
898 3.5 
899 16.5 
900 3.5 
901 16.5 
902 3.5 
903 16.5 
904 3.5 
905 16.5 
906 3.5 
907 16.5 
908 3.5 
909 16.5 
910 3.5 
911 16.5 
912 3.5 
913 16.5 
914 3.5 
915 16.5 
916 3.5 
917 16.5 
918 3.5 
919 16.5 
920 3.5 
921 16.5 
922 3.5 
923 16.5 
924 3.5 
925 16.5 
926 3.5 
927 16.5 
928 3.5 
929 16.5 
930 3.5 
931 16.5 
932 3.5 
933 16.5 
934 3.5 
935 16.5 
936 3.5 
937 16.5 
938 3.5 
939 16.5 
940 3.5 
941 16.5 
942 3.5 
943 16.5 
944 3.5 
945 16.5 
946 3.5 
947 16.5 
948 3.5 
949 16.5 
950 3.5 
951 16.5 
952 3.5 
953 16.5 
954 3.5 
955 16.5 
956 3.5 
957 16.5 
958 3.5 
959 16.5 
960 3.5 
961 16.5 
962 3.5 
963 16.5 
964 3.5 
965 16.5 
966 3.5 
967 16.5 
968 3.5 
969 16.5 
970 3.5 
971 16.5 
972 3.5 
973 16.5 
974 3.5 
975 16.5 
976 3.5 
977 16.5 
978 3.5 
979 16.5 
980 3.5 
981 16.5 
982 3.5 
983 16.5 
984 3.5 
985 16.5 
986 3.5 
987 16.5 
988 3.5 
989 16.5 
990 3.5 
991 16.5 
992 3.5 
993 16.5 
994 3.5 
995 16.5 
996 3.5 
997 16.5 
998 3.5 
999 16.5 
1000 3.5 
1001 16.5 
1002 3.5 
1003 16.5 
1004 3.5 
1005 16.5 
1006 3.5 
1007 16.5 
1008 3.5 
1009 16.5 
1010 3.5 
1011 16.5 
1012 3.5 
1013 16.5 
1014 3.5 
1015 16.5 
1016 3.5 
1017 16.5 
1018 3.5 
1019 16.5 
1020 3.5 
1021 16.5 
1022 3.5 
1023 16.5 
1024 3.5 
1025 16.5 
1026 3.5 
1027 16.5 
1028 3.5 
1029 16.5 
1030 3.5 
1031 16.5 
1032 3.5 
1033 16.5 
1034 3.5 
1035 16.5 
1036 3.5 
1037 16.5 
1038 3.5 
1039 16.5 
1040 3.5 
1041 16.5 
1042 3.5 
1043 16.5 
1044 3.5 
1045 16.5 
1046 3.5 
1047 16.5 
1048 3.5 
1049 16.5 
1050 3.5 
1051 16.5 
1052 3.5 
1053 16.5 
1054 3.5 
1055 16.5 
1056 3.5 
1057 16.5 
1058 3.5 
1059 3.5 
1060 3.5 
1061 3.5 
1062 3.5 
1063 3.5 
1064 3.5 
1065 3.5 
1066 3.5 
1067 3.5 
1068 3.5 
1069 3.5 
1070 3.5 
1071 3.5 
1072 3.5 
1073 3.5 
1074 3.5 
1075 3.5 
1076 3.5 
1077 3.5 
1078 3.5 
1079 3.5 
1080 3.5 
1081 3.5 
1082 3.5 
1083 3.5 
1084 3.5 
1085 3.5 
1086 3.5 
1087 3.5 
1088 3.5 
1089 3.5 
1090 3.5 
1091 3.5 
1092 3.5 
1093 3.5 
1094 3.5 
1095 3.5 
1096 3.5 
1097 3.5 
1098 3.5 
1099 3.5 
1100 3.5 
1101 3.5 
1102 3.5 
1103 3.5 
1104 3.5 
1105 3.5 
1106 3.5 
1107 3.5 
1108 3.5 
1109 3.5 
1110 3.5 
1111 3.5 
1112 3.5 
1113 3.5 
1114 3.5 
1115 3.5 
1116 3.5 
1117 3.5 
1118 3.5 
1119 3.5 
1120 3.5 
1121 3.5 
1122 3.5 
1123 3.5 
1124 3.5 
1125 3.5 
1126 3.5 
1127 3.5 
1128 3.5 
1129 3.5 
1130 3.5 
1131 3.5 
1132 3.5 
1133 3.5 
1134 3.5 
1135 3.5 
1136 3.5 
1137 3.5 
1138 3.5 
1139 3.5 
1140 3.5 
1141 3.5 
1142 3.5 
1143 3.5 
1144 3.5 
1145 3.5 
1146 3.5 
1147 3.5 
1148 3.5 
1149 3.5 
1150 3.5 
1151 3.5 
1152 3.5 
1153 3.5 
1154 3.5 
1155 3.5 
1156 3.5 
1157 3.5 
1158 3.5 
1159 3.5 
1160 3.5 
1161 3.5 
1162 3.5 
1163 3.5 
1164 3.5 
1165 3.5 
1166 3.5 
1167 3.5 
1168 3.5 
1169 3.5 
1170 3.5 
1171 3.5 
1172 3.5 
1173 3.5 
1174 3.5 
1175 3.5 
1176 3.5 
1177 3.5 
1178 3.5 
1179 3.5 
1180 3.5 
1181 3.5 
1182 3.5 
1183 3.5 
1184 3.5 
1185 3.5 
1186 3.5 
1187 3.5 
1188 3.5 
1189 3.5 
1190 3.5 
1191 3.5 
1192 3.5 
1193 3.5 
1194 3.5 
1195 3.5 
1196 3.5 
1197 3.5 
1198 3.5 
1199 3.5 
1200 3.5 
1201 3.5 
1202 3.5 
1203 3.5 
1204 3.5 
1205 3.5 
1206 3.5 
1207 3.5 
1208 3.5 
1209 3.5 
1210 3.5 
1211 3.5 
1212 3.5 
1213 3.5 
1214 3.5 
1215 3.5 
1216 3.5 
1217 3.5 
1218 3.5 
1219 3.5 
1220 3.5 
1221 3.5 
1222 3.5 
1223 3.5 
1224 3.5 
1225 3.5 
1226 3.5 
1227 3.5 
1228 3.5 
1229 3.5 
1230 3.5 
1231 3.5 
1232 3.5 
1233 3.5 
1234 3.5 
1235 3.5 
1236 3.5 
1237 3.5 
1238 3.5 
1239 3.5 
1240 3.5 
1241 3.5 
1242 3.5 
1243 3.5 
1244 3.5 
1245 3.5 
1246 3.5 
1247 3.5 
1248 3.5 
1249 3.5 
1250 3.5 
1251 3.5 
1252 3.5 
1253 3.5 
1254 3.5 
1255 3.5 
1256 3.5 
1257 3.5 
1258 3.5 
1259 3.5 
1260 3.5 
1261 3.5 
1262 3.5 
1263 3.5 
1264 3.5 
1265 3.5 
1266 3.5 
1267 3.5 
1268 3.5 
1269 3.5 
1270 3.5 
1271 3.5 
1272 3.5 
1273 3.5 
1274 3.5 
1275 3.5 
1276 3.5 
1277 3.5 
1278 3.5 
1279 3.5 
1280 3.5 
1281 3.5 
1282 3.5 
1283 3.5 
1284 3.5 
1285 3.5 
1286 3.5 
1287 3.5 
1288 3.5 
1289 3.5 
1290 3.5 
1291 3.5 
1292 3.5 
1293 3.5 
1294 3.5 
1295 3.5 
1296 3.5 
1297 3.5 
1298 3.5 
1299 3.5 
1300 3.5 
1301 3.5 
1302 3.5 
1303 3.5 
1304 3.5 
1305 3.5 
1306 3.5 
1307 3.5 
1308 3.5 
1309 3.5 
1310 3.5 
1311 3.5 
1312 3.5 
1313 3.5 
1314 3.5 
1315 3.5 
1316 3.5 
1317 3.5 
1318 3.5 
1319 3.5 
1320 3.5 
1321 3.5 
1322 3.5 
1323 3.5 
1324 3.5 
1325 3.5 
1326 3.5 
1327 3.5 
1328 3.5 
1329 3.5 
1330 3.5 
1331 3.5 
1332 3.5 
1333 3.5 
1334 3.5 
1335 3.5 
1336 3.5 
1337 3.5 
1338 3.5 
1339 3.5 
1340 3.5 
1341 3.5 
1342 3.5 
1343 3.5 
1344 3.5 
1345 3.5 
1346 3.5 
1347 3.5 
1348 3.5 
1349 3.5 
1350 3.5 
1351 3.5 
1352 3.5 
1353 3.5 
1354 3.5 
1355 3.5 
1356 3.5 
1357 3.5 
1358 3.5 
1359 3.5 
1360 3.5 
1361 3.5 
1362 3.5 
1363 3.5 
1364 3.5 
1365 3.5 
1366 3.5 
1367 3.5 
1368 3.5 
1369 3.5 
1370 3.5 
1371 3.5 
1372 3.5 
1373 3.5 
1374 3.5 
1375 3.5 
1376 3.5 
1377 3.5 
1378 3.5 
1379 3.5 
1380 3.5 
1381 3.5 
1382 3.5 
1383 3.5 
1384 3.5 
1385 3.5 
1386 3.5 
1387 3.5 
1388 3.5 
1389 3.5 
1390 3.5 
1391 3.5 
1392 3.5 
1393 3.5 
1394 3.5 
1395 3.5 
1396 3.5 
1397 3.5 
1398 3.5 
1399 3.5 
1400 3.5 
1401 3.5 
1402 3.5 
1403 3.5 
1404 3.5 
1405 3.5 
1406 3.5 
1407 3.5 
1408 3.5 
1409 3.5 
1410 3.5 
1411 3.5 
1412 3.5 
1413 3.5 
1414 3.5 
1415 3.5 
1416 3.5 
1417 3.5 
1418 3.5 
1419 3.5 
1420 3.5 
1421 3.5 
1422 3.5 
1423 3.5 
1424 3.5 
1425 3.5 
1426 3.5 
1427 3.5 
1428 3.5 
1429 3.5 
1430 3.5 
1431 3.5 
1432 3.5 
1433 3.5 
1434 3.5 
1435 3.5 
1436 3.5 
1437 3.5 
1438 3.5 
1439 3.5 
1440 3.5 
1441 3.5 
1442 3.5 
1443 3.5 
1444 3.5 
1445 3.5 
1446 3.5 
1447 3.5 
1448 3.5 
1449 3.5 
1450 3.5 
1451 3.5 
1452 3.5 
1453 3.5 
1454 3.5 
1455 3.5 
1456 3.5 
1457 3.5 
1458 3.5 
1459 3.5 
1460 3.5 
1461 3.5 
1462 3.5 
1463 3.5 
1464 3.5 
1465 3.5 
1466 3.5 
1467 3.5 
1468 3.5 
1469 3.5 
1470 3.5 
1471 3.5 
1472 3.5 
1473 3.5 
1474 3.5 
1475 3.5 
1476 3.5 
1477 3.5 
1478 3.5 
1479 3.5 
1480 3.5 
1481 3.5 
1482 3.5 
1483 3.5 
1484 3.5 
1485 3.5 
1486 3.5 
1487 3.5 
1488 3.5 
1489 3.5 
1490 3.5 
1491 3.5 
1492 3.5 
1493 3.5 
1494 3.5 
1495 3.5 
1496 3.5 
1497 3.5 
1498 3.5 
1499 3.5 
1500 3.5 
1501 3.5 
1502 3.5 
1503 3.5 
1504 3.5 
1505 3.5 
1506 3.5 
1507 3.5 
1508 3.5 
1509 3.5 
1510 3.5 
1511 3.5 
1512 3.5 
1513 3.5 
1514 3.5 
1515 3.5 
1516 3.5 
1517 3.5 
1518 3.5 
1519 3.5 
1520 3.5 
1521 3.5 
1522 3.5 
1523 3.5 
1524 3.5 
1525 3.5 
1526 3.5 
1527 3.5 
1528 3.5 
1529 3.5 
1530 3.5 
1531 3.5 
1532 3.5 
1533 3.5 
1534 3.5 
1535 3.5 
1536 3.5 
1537 3.5 
1538 3.5 
1539 3.5 
1540 3.5 
1541 3.5 
1542 3.5 
1543 3.5 
1544 3.5 
1545 3.5 
1546 3.5 
1547 3.5 
1548 3.5 
1549 3.5 
1550 3.5 
1551 3.5 
1552 3.5 
1553 3.5 
1554 3.5 
1555 3.5 
1556 3.5 
1557 3.5 
1558 3.5 
1559 3.5 
1560 3.5 
1561 3.5 
1562 3.5 
1563 3.5 
1564 3.5 
1565 3.5 
1566 3.5 
1567 3.5 
1568 3.5 
1569 3.5 
1570 3.5 
1571 3.5 
1572 3.5 
1573 3.5 
1574 3.5 
1575 3.5 
1576 3.5 
1577 3.5 
1578 3.5 
1579 3.5 
1580 3.5 
1581 3.5 
1582 3.5 
1583 3.5 
1584 3.5 
1585 3.5 
1586 3.5 
1587 3.5 
1588 3.5 
1589 3.5 
1590 3.5 
1591 3.5 
1592 3.5 
1593 3.5 
1594 3.5 
1595 3.5 
1596 3.5 
1597 3.5 
1598 3.5 
1599 3.5 
1600 3.5 
1601 3.5 
1602 3.5 
1603 3.5 
1604 3.5 
1605 3.5 
1606 3.5 
1607 3.5 
1608 3.5 
1609 3.5 
1610 3.5 
1611 3.5 
1612 3.5 
1613 3.5 
1614 3.5 
1615 3.5 
1616 3.5 
1617 3.5 
1618 3.5 
1619 3.5 
1620 3.5 
1621 3.5 
1622 3.5 
1623 3.5 
1624 3.5 
1625 3.5 
1626 3.5 
1627 3.5 
1628 3.5 
1629 3.5 
1630 3.5 
1631 3.5 
1632 3.5 
1633 3.5 
1634 3.5 
1635 3.5 
1636 3.5 
1637 3.5 
1638 3.5 
1639 3.5 
1640 3.5 
1641 3.5 
1642 3.5 
1643 3.5 
1644 3.5 
1645 3.5 
1646 3.5 
1647 3.5 
1648 3.5 
1649 3.5 
1650 3.5 
1651 3.5 
1652 3.5 
1653 3.5 
1654 3.5 
1655 3.5 
1656 3.5 
1657 3.5 
1658 3.5 
1659 3.5 
1660 3.5 
1661 3.5 
1662 3.5 
1663 3.5 
1664 3.5 
1665 3.5 
1666 3.5 
1667 3.5 
1668 3.5 
1669 3.5 
1670 3.5 
1671 3.5 
1672 3.5 
1673 3.5 
1674 3.5 
1675 3.5 
1676 3.5 
1677 3.5 
1678 3.5 
1679 3.5 
1680 3.5 
1681 3.5 
1682 3.5 
1683 3.5 
1684 3.5 
1685 3.5 
1686 3.5 
1687 3.5 
1688 3.5 
1689 3.5 
1690 3.5 
1691 3.5 
1692 3.5 
1693 3.5 
1694 3.5 
1695 3.5 
1696 3.5 
1697 3.5 
1698 3.5 
1699 3.5 
1700 3.5 
1701 3.5 
1702 3.5 
1703 3.5 
1704 3.5 
1705 3.5 
1706 3.5 
1707 3.5 
1708 3.5 
1709 3.5 
1710 3.5 
1711 3.5 
1712 3.5 
1713 3.5 
1714 3.5 
1715 3.5 
1716 3.5 
1717 3.5 
1718 3.5 
1719 3.5 
1720 3.5 
1721 3.5 
1722 3.5 
1723 3.5 
1724 3.5 
1725 3.5 
1726 3.5 
1727 3.5 
1728 3.5 
1729 3.5 
1730 3.5 
1731 3.5 
1732 3.5 
1733 3.5 
1734 3.5 
1735 3.5 
1736 3.5 
1737 3.5 
1738 3.5 
1739 3.5 
1740 3.5 
1741 3.5 
1742 3.5 
1743 3.5 
1744 3.5 
1745 3.5 
1746 3.5 
1747 3.5 
1748 3.5 
1749 3.5 
1750 3.5 
1751 3.5 
1752 3.5 
1753 3.5 
1754 3.5 
1755 3.5 
1756 3.5 
1757 3.5 
1758 3.5 
1759 3.5 
1760 3.5 
1761 3.5 
1762 3.5 
1763 3.5 
1764 3.5 
1765 3.5 
1766 3.5 
1767 3.5 
1768 3.5 
1769 3.5 
1770 3.5 
1771 3.5 
1772 3.5 
1773 3.5 
1774 3.5 
1775 3.5 
1776 3.5 
1777 3.5 
1778 3.5 
1779 3.5 
1780 3.5 
1781 3.5 
1782 3.5 
1783 3.5 
1784 3.5 
1785 3.5 
1786 3.5 
1787 3.5 
1788 3.5 
1789 3.5 
1790 3.5 
1791 3.5 
1792 3.5 
1793 3.5 
1794 3.5 
1795 3.5 
1796 3.5 
1797 3.5 
1798 3.5 
1799 3.5 
1800 3.5 
1801 3.5 
1802 3.5 
1803 3.5 
1804 3.5 
1805 3.5 
1806 3.5 
1807 3.5 
1808 3.5 
1809 3.5 
1810 3.5 
1811 3.5 
1812 3.5 
1813 3.5 
1814 3.5 
1815 3.5 
1816 3.5 
1817 3.5 
1818 3.5 
1819 3.5 
1820 3.5 
1821 3.5 
1822 3.5 
1823 3.5 
1824 3.5 
1825 3.5 
1826 3.5 
1827 3.5 
1828 3.5 
1829 3.5 
1830 3.5 
1831 3.5 
1832 3.5 
1833 3.5 
1834 3.5 
1835 3.5 
1836 3.5 
1837 3.5 
1838 3.5 
1839 3.5 
1840 3.5 
1841 3.5 
1842 3.5 
1843 3.5 
1844 3.5 
1845 3.5 
1846 3.5 
1847 3.5 
1848 3.5 
1849 3.5 
1850 3.5 
1851 3.5 
1852 3.5 
1853 3.5 
1854 3.5 
1855 3.5 
1856 3.5 
1857 3.5 
1858 3.5 
1859 3.5 
1860 3.5 
1861 3.5 
1862 3.5 
1863 3.5 
1864 3.5 
1865 3.5 
1866 3.5 
1867 3.5 
1868 3.5 
1869 3.5 
1870 3.5 
1871 3.5 
1872 3.5 
1873 3.5 
1874 3.5 
1875 3.5 
1876 3.5 
1877 3.5 
1878 3.5 
1879 3.5 
1880 3.5 
1881 3.5 
1882 3.5 
1883 3.5 
1884 3.5 
1885 3.5 
1886 3.5 
1887 3.5 
1888 3.5 
1889 3.5 
1890 3.5 
1891 3.5 
1892 3.5 
1893 3.5 
1894 3.5 
1895 3.5 
1896 3.5 
1897 3.5 
1898 3.5 
1899 3.5 
1900 3.5 
1901 3.5 
1902 3.5 
1903 3.5 
1904 3.5 
1905 3.5 
1906 3.5 
1907 3.5 
1908 3.5 
1909 3.5 
1910 3.5 
1911 3.5 
1912 3.5 
1913 3.5 
1914 3.5 
1915 3.5 
1916 3.5 
1917 3.5 
1918 3.5 
1919 3.5 
1920 3.5 
1921 3.5 
1922 3.5 
1923 3.5 
1924 3.5 
1925 3.5 
1926 3.5 
1927 3.5 
1928 3.5 
1929 3.5 
1930 3.5 
1931 3.5 
1932 3.5 
1933 3.5 
1934 3.5 
1935 3.5 
1936 3.5 
1937 3.5 
1938 3.5 
1939 3.5 
1940 3.5 
1941 3.5 
1942 3.5 
1943 3.5 
1944 3.5 
1945 3.5 
1946 3.5 
1947 3.5 
1948 3.5 
1949 3.5 
1950 3.5 
1951 3.5 
1952 3.5 
1953 3.5 
1954 3.5 
1955 3.5 
1956 3.5 
1957 3.5 
1958 3.5 
1959 3.5 
1960 3.5 
1961 3.5 
1962 3.5 
1963 3.5 
1964 3.5 
1965 3.5 
1966 3.5 
1967 3.5 
1968 3.5 
1969 3.5 
1970 3.5 
1971 3.5 
1972 3.5 
1973 3.5 
1974 3.5 
1975 3.5 
1976 3.5 
1977 3.5 
1978 3.5 
1979 3.5 
1980 3.5 
1981 3.5 
1982 3.5 
1983 3.5 
1984 3.5 
1985 3.5 
1986 3.5 
1987 3.5 
1988 3.5 
1989 3.5 
1990 3.5 
1991 3.5 
1992 3.5 
1993 3.5 
1994 3.5 
1995 3.5 
1996 3.5 
1997 3.5 
1998 3.5 
1999 3.5 
2000 3.5 
2001 3.5 
2002 3.5 
2003 3.5 
2004 3.5 
2005 3.5 
2006 3.5 
2007 3.5 
2008 3.5 
2009 3.5 
2010 3.5 
2011 3.5 
2012 3.5 
2013 3.5 
2014 3.5 
2015 3.5 
2016 3.5 
2017 3.5 
2018 3.5 
2019 3.5 
2020 3.5 
2021 3.5 
2022 3.5 
2023 3.5 
2024 3.5 
2025 3.5 
2026 3.5 
2027 3.5 
2028 3.5 
2029 3.5 
2030 3.5 
2031 3.5 
2032 3.5 
2033 3.5 
2034 3.5 
2035 3.5 
2036 3.5 
2037 3.5 
2038 3.5 
2039 3.5 
2040 3.5 
2041 3.5 
2042 3.5 
2043 3.5 
2044 3.5 
2045 3.5 
2046 3.5 
2047 3.5 
2048 3.5 
2049 3.5 
2050 3.5 
2051 3.5 
2052 3.5 
2053 3.5 
2054 3.5 
2055 3.5 
2056 3.5 
2057 3.5 
2058 3.5 
2059 3.5 
2060 3.5 
2061 3.5 
2062 3.5 
2063 3.5 
2064 3.5 
2065 3.5 
2066 3.5 
2067 3.5 
2068 3.5 
2069 3.5 
2070 3.5 
2071 3.5 
2072 3.5 
2073 3.5 
2074 3.5 
2075 3.5 
2076 3.5 
2077 3.5 
2078 3.5 
2079 3.5 
2080 3.5 
2081 3.5 
2082 3.5 
2083 3.5 
2084 3.5 
2085 3.5 
2086 1.5 
2087 1.5 
2088 1.5 
2089 3.5 
2090 1.5 
2091 3.5 
2092 1.5 
2093 3.5 
2094 1.5 
2095 3.5 
2096 1.5 
2097 3.5 
2098 1.5 
2099 3.5 
2100 1.5 
2101 3.5 
2102 1.5 
2103 3.5 
2104 1.5 
2105 3.5 
2106 1.5 
2107 1.5 
2108 1.5 
2109 1.5 
2110 1.5 
2111 1.5 
2112 16.5 
2113 15.5 
2114 16.5 
2115 15.5 
2116 16.5 
2117 15.5 
2118 16.5 
2119 15.5 
2120 16.5 
2121 0.5 
2122 16.5 
2123 0.5 
2124 16.5 
2125 0.5 
2126 16.5 
2127 0.5 
2128 16.5 
2129 0.5 
2130 16.5 
2131 0.5 
2132 16.5 
2133 0.5 
2134 16.5 
2135 1.5 
2136 16.5 
2137 1.5 
2138 16.5 
2139 1.5 
2140 16.5 
2141 1.5 
2142 16.5 
2143 1.5 
2144 16.5 
2145 1.5 
2146 16.5 
2147 1.5 
2148 16.5 
2149 1.5 
2150 16.5 
2151 1.5 
2152 16.5 
2153 1.5 
2154 16.5 
2155 16.5 
2156 16.5 
2157 16.5 
2158 16.5 
2159 16.5 
2160 16.5 
2161 16.5 
2162 16.5 
2163 16.5 
2164 16.5 
2165 16.5 
2166 16.5 
2167 16.5 
2168 16.5 
2169 16.5 
2170 16.5 
2171 16.5 
2172 16.5 
2173 16.5 
2174 16.5 
2175 16.5 
2176 16.5 
2177 16.5 
2178 16.5 
2179 16.5 
2180 16.5 
2181 16.5 
2182 16.5 
2183 16.5 
2184 16.5 
2185 16.5 
2186 16.5 
2187 16.5 
2188 16.5 
2189 16.5 
2190 16.5 
2191 16.5 
2192 16.5 
2193 16.5 
2194 16.5 
2195 16.5 
2196 16.5 
2197 16.5 
2198 16.5 
2199 16.5 
2200 16.5 
2201 16.5 
2202 16.5 
2203 16.5 
2204 16.5 
2205 16.5 
2206 16.5 
2207 16.5 
2208 16.5 
2209 16.5 
2210 16.5 
2211 16.5 
2212 16.5 
2213 16.5 
2214 16.5 
2215 16.5 
2216 16.5 
2217 16.5 
2218 16.5 
2219 16.5 
2220 16.5 
2221 16.5 
2222 16.5 
2223 16.5 
2224 16.5 
2225 16.5 
2226 16.5 
2227 16.5 
2228 16.5 
2229 16.5 
2230 16.5 
2231 16.5 
2232 16.5 
2233 16.5 
2234 16.5 
2235 16.5 
2236 16.5 
2237 16.5 
2238 16.5 
2239 16.5 
2240 16.5 
2241 16.5 
2242 16.5 
2243 16.5 
2244 16.5 
2245 16.5 
2246 16.5 
2247 16.5 
2248 16.5 
2249 16.5 
2250 16.5 
2251 16.5 
2252 16.5 
2253 16.5 
2254 16.5 
2255 16.5 
2256 16.5 
2257 16.5 
2258 16.5 
2259 16.5 
2260 16.5 
2261 16.5 
2262 16.5 
2263 16.5 
2264 16.5 
2265 16.5 
2266 16.5 
2267 16.5 
2268 16.5 
2269 16.5 
2270 16.5 
2271 16.5 
2272 16.5 
2273 16.5 
2274 16.5 
2275 16.5 
2276 15.5 
2277 16.5 
2278 15.5 
2279 16.5 
2280 15.5 
2281 16.5 
2282 15.5 
2283 16.5 
2284 15.5 
2285 16.5 
2286 16.5 
2287 16.5 
2288 16.5 
2289 16.5 
2290 16.5 
2291 16.5 
2292 16.5 
2293 16.5 
2294 16.5 
2295 16.5 
2296 16.5 
2297 16.5 
2298 16.5 
2299 16.5 
2300 16.5 
2301 16.5 
2302 16.5 
2303 16.5 
2304 16.5 
2305 16.5 
2306 16.5 
2307 16.5 
2308 16.5 
2309 16.5 
2310 16.5 
2311 16.5 
2312 16.5 
2313 16.5 
2314 16.5 
2315 16.5 
2316 16.5 
2317 16.5 
2318 16.5 
2319 16.5 
2320 16.5 
2321 16.5 
2322 16.5 
2323 16.5 
2324 16.5 
2325 16.5 
2326 16.5 
2327 16.5 
2328 16.5 
2329 16.5 
2330 16.5 
2331 16.5 
2332 16.5 
2333 16.5 
2334 16.5 
2335 16.5 
2336 16.5 
2337 16.5 
2338 16.5 
2339 16.5 
2340 16.5 
2341 16.5 
2342 16.5 
2343 16.5 
2344 16.5 
2345 16.5 
2346 16.5 
2347 16.5 
2348 16.5 
2349 16.5 
2350 16.5 
2351 16.5 
2352 16.5 
2353 16.5 
2354 16.5 
2355 16.5 
2356 16.5 
2357 16.5 
2358 16.5 
2359 16.5 
2360 16.5 
2361 16.5 
2362 16.5 
2363 16.5 
2364 16.5 
2365 16.5 
2366 16.5 
2367 16.5 
2368 16.5 
2369 16.5 
2370 16.5 
2371 16.5 
2372 16.5 
2373 16.5 
2374 16.5 
2375 16.5 
2376 16.5 
2377 16.5 
2378 16.5 
2379 3.5 
2380 16.5 
2381 3.5 
2382 16.5 
2383 3.5 
2384 16.5 
2385 3.5 
2386 16.5 
2387 3.5 
2388 16.5 
2389 3.5 
2390 16.5 
2391 3.5 
2392 16.5 
2393 3.5 
2394 16.5 
2395 3.5 
2396 16.5 
2397 3.5 
2398 16.5 
2399 3.5 
2400 16.5 
2401 3.5 
2402 16.5 
2403 3.5 
2404 16.5 
2405 3.5 
2406 16.5 
2407 3.5 
2408 15.5 
2409 3.5 
2410 15.5 
2411 3.5 
2412 16.5 
2413 3.5 
2414 16.5 
2415 3.5 
2416 16.5 
2417 3.5 
2418 16.5 
2419 3.5 
2420 16.5 
2421 3.5 
2422 16.5 
2423 3.5 
2424 16.5 
2425 3.5 
2426 16.5 
2427 3.5 
2428 16.5 
2429 3.5 
2430 16.5 
2431 3.5 
2432 16.5 
2433 3.5 
2434 16.5 
2435 3.5 
2436 16.5 
2437 3.5 
2438 16.5 
2439 3.5 
2440 16.5 
2441 3.5 
2442 16.5 
2443 3.5 
2444 16.5 
2445 3.5 
2446 16.5 
2447 3.5 
2448 16.5 
2449 3.5 
2450 16.5 
2451 3.5 
2452 16.5 
2453 3.5 
2454 16.5 
2455 3.5 
2456 16.5 
2457 3.5 
2458 16.5 
2459 3.5 
2460 16.5 
2461 3.5 
2462 16.5 
2463 3.5 
2464 16.5 
2465 3.5 
2466 16.5 
2467 3.5 
2468 16.5 
2469 3.5 
2470 16.5 
2471 3.5 
2472 16.5 
2473 3.5 
2474 16.5 
2475 3.5 
2476 16.5 
2477 3.5 
2478 16.5 
2479 3.5 
2480 16.5 
2481 3.5 
2482 16.5 
2483 3.5 
2484 16.5 
2485 3.5 
2486 16.5 
2487 3.5 
2488 16.5 
2489 3.5 
2490 16.5 
2491 3.5 
2492 16.5 
2493 3.5 
2494 16.5 
2495 3.5 
2496 16.5 
2497 3.5 
2498 16.5 
2499 3.5 
2500 15.5 
2501 3.5 
2502 15.5 
2503 3.5 
2504 16.5 
2505 3.5 
2506 16.5 
2507 3.5 
2508 16.5 
2509 3.5 
2510 16.5 
2511 3.5 
2512 16.5 
2513 3.5 
2514 16.5 
2515 3.5 
2516 16.5 
2517 3.5 
2518 16.5 
2519 3.5 
2520 16.5 
2521 3.5 
2522 16.5 
2523 3.5 
2524 16.5 
2525 3.5 
2526 16.5 
2527 3.5 
2528 16.5 
2529 3.5 
2530 16.5 
2531 3.5 
2532 16.5 
2533 3.5 
2534 16.5 
2535 3.5 
2536 16.5 
2537 3.5 
2538 16.5 
2539 3.5 
2540 16.5 
2541 3.5 
2542 16.5 
2543 3.5 
2544 16.5 
2545 3.5 
2546 16.5 
2547 3.5 
2548 16.5 
2549 3.5 
2550 16.5 
2551 3.5 
2552 16.5 
2553 3.5 
2554 16.5 
2555 3.5 
2556 16.5 
2557 3.5 
2558 16.5 
2559 3.5 
2560 16.5 
2561 3.5 
2562 16.5 
2563 3.5 
2564 16.5 
2565 3.5 
2566 16.5 
2567 3.5 
2568 16.5 
2569 3.5 
2570 16.5 
2571 3.5 
2572 16.5 
2573 3.5 
2574 16.5 
2575 3.5 
2576 16.5 
2577 3.5 
2578 16.5 
2579 3.5 
2580 16.5 
2581 3.5 
2582 16.5 
2583 3.5 
2584 16.5 
2585 3.5 
2586 16.5 
2587 3.5 
2588 16.5 
2589 3.5 
2590 16.5 
2591 3.5 
2592 16.5 
2593 3.5 
2594 16.5 
2595 3.5 
2596 16.5 
2597 3.5 
2598 16.5 
2599 3.5 
2600 16.5 
2601 3.5 
2602 16.5 
2603 3.5 
2604 16.5 
2605 3.5 
2606 16.5 
2607 3.5 
2608 16.5 
2609 3.5 
2610 16.5 
2611 3.5 
2612 16.5 
2613 3.5 
2614 16.5 
2615 3.5 
2616 16.5 
2617 3.5 
2618 16.5 
2619 3.5 
2620 16.5 
2621 3.5 
2622 16.5 
2623 3.5 
2624 16.5 
2625 3.5 
2626 16.5 
2627 3.5 
2628 16.5 
2629 3.5 
2630 16.5 
2631 3.5 
2632 16.5 
2633 3.5 
2634 16.5 
2635 3.5 
2636 16.5 
2637 3.5 
2638 16.5 
2639 3.5 
2640 16.5 
2641 3.5 
2642 16.5 
2643 3.5 
2644 16.5 
2645 3.5 
2646 16.5 
2647 3.5 
2648 16.5 
2649 3.5 
2650 16.5 
2651 3.5 
2652 16.5 
2653 3.5 
2654 16.5 
2655 3.5 
2656 16.5 
2657 3.5 
2658 16.5 
2659 3.5 
2660 16.5 
2661 3.5 
2662 16.5 
2663 3.5 
2664 16.5 
2665 3.5 
2666 16.5 
2667 3.5 
2668 16.5 
2669 3.5 
2670 16.5 
2671 3.5 
2672 16.5 
2673 3.5 
2674 16.5 
2675 3.5 
2676 16.5 
2677 3.5 
2678 16.5 
2679 3.5 
2680 16.5 
2681 3.5 
2682 16.5 
2683 3.5 
2684 16.5 
2685 3.5 
2686 16.5 
2687 3.5 
2688 16.5 
2689 3.5 
2690 16.5 
2691 3.5 
2692 16.5 
2693 3.5 
2694 16.5 
2695 3.5 
2696 16.5 
2697 3.5 
2698 16.5 
2699 3.5 
2700 16.5 
2701 3.5 
2702 16.5 
2703 3.5 
2704 16.5 
2705 3.5 
2706 16.5 
2707 3.5 
2708 16.5 
2709 3.5 
2710 16.5 
2711 3.5 
2712 16.5 
2713 3.5 
2714 16.5 
2715 3.5 
2716 16.5 
2717 3.5 
2718 16.5 
2719 3.5 
2720 16.5 
2721 3.5 
2722 16.5 
2723 3.5 
2724 16.5 
2725 3.5 
2726 16.5 
2727 3.5 
2728 16.5 
2729 3.5 
2730 16.5 
2731 3.5 
2732 16.5 
2733 3.5 
2734 16.5 
2735 3.5 
2736 16.5 
2737 3.5 
2738 16.5 
2739 3.5 
2740 16.5 
2741 3.5 
2742 16.5 
2743 3.5 
2744 16.5 
2745 3.5 
2746 16.5 
2747 3.5 
2748 16.5 
2749 3.5 
2750 16.5 
2751 3.5 
2752 16.5 
2753 3.5 
2754 16.5 
2755 3.5 
2756 16.5 
2757 3.5 
2758 16.5 
2759 3.5 
2760 16.5 
2761 3.5 
2762 16.5 
2763 3.5 
2764 16.5 
2765 3.5 
2766 16.5 
2767 3.5 
2768 16.5 
2769 3.5 
2770 16.5 
2771 3.5 
2772 16.5 
2773 3.5 
2774 16.5 
2775 3.5 
2776 16.5 
2777 3.5 
2778 16.5 
2779 3.5 
2780 16.5 
2781 3.5 
2782 16.5 
2783 3.5 
2784 16.5 
2785 3.5 
2786 16.5 
2787 3.5 
2788 16.5 
2789 3.5 
2790 16.5 
2791 3.5 
2792 16.5 
2793 3.5 
2794 16.5 
2795 3.5 
2796 16.5 
2797 3.5 
2798 16.5 
2799 3.5 
2800 16.5 
2801 3.5 
2802 16.5 
2803 3.5 
2804 16.5 
2805 3.5 
2806 16.5 
2807 3.5 
2808 16.5 
2809 3.5 
2810 16.5 
2811 3.5 
2812 16.5 
2813 3.5 
2814 16.5 
2815 3.5 
2816 16.5 
2817 3.5 
2818 16.5 
2819 3.5 
2820 16.5 
2821 3.5 
2822 16.5 
2823 3.5 
2824 16.5 
2825 3.5 
2826 16.5 
2827 3.5 
2828 16.5 
2829 3.5 
2830 16.5 
2831 3.5 
2832 16.5 
2833 3.5 
2834 16.5 
2835 3.5 
2836 16.5 
2837 3.5 
2838 16.5 
2839 3.5 
2840 16.5 
2841 3.5 
2842 16.5 
2843 3.5 
2844 16.5 
2845 3.5 
2846 16.5 
2847 3.5 
2848 16.5 
2849 3.5 
2850 16.5 
2851 3.5 
2852 16.5 
2853 3.5 
2854 16.5 
2855 3.5 
2856 16.5 
2857 3.5 
2858 16.5 
2859 3.5 
2860 16.5 
2861 3.5 
2862 16.5 
2863 3.5 
2864 16.5 
2865 3.5 
2866 16.5 
2867 3.5 
2868 16.5 
2869 3.5 
2870 16.5 
2871 3.5 
2872 16.5 
2873 3.5 
2874 16.5 
2875 3.5 
2876 16.5 
2877 3.5 
2878 16.5 
2879 3.5 
2880 16.5 
2881 3.5 
2882 16.5 
2883 3.5 
2884 16.5 
2885 3.5 
2886 16.5 
2887 3.5 
2888 16.5 
2889 3.5 
2890 16.5 
2891 3.5 
2892 16.5 
2893 3.5 
2894 16.5 
2895 3.5 
2896 16.5 
2897 3.5 
2898 16.5 
2899 3.5 
2900 16.5 
2901 3.5 
2902 16.5 
2903 3.5 
2904 16.5 
2905 3.5 
2906 16.5 
2907 3.5 
2908 16.5 
2909 3.5 
2910 16.5 
2911 3.5 
2912 16.5 
2913 3.5 
2914 16.5 
2915 3.5 
2916 16.5 
2917 3.5 
2918 16.5 
2919 3.5 
2920 16.5 
2921 3.5 
2922 16.5 
2923 3.5 
2924 16.5 
2925 3.5 
2926 16.5 
2927 3.5 
2928 16.5 
2929 3.5 
2930 16.5 
2931 3.5 
2932 16.5 
2933 3.5 
2934 16.5 
2935 3.5 
2936 16.5 
2937 3.5 
2938 16.5 
2939 3.5 
2940 16.5 
2941 3.5 
2942 16.5 
2943 3.5 
2944 16.5 
2945 3.5 
2946 16.5 
2947 3.5 
2948 16.5 
2949 3.5 
2950 16.5 
2951 3.5 
2952 16.5 
2953 3.5 
2954 16.5 
2955 3.5 
2956 16.5 
2957 3.5 
2958 16.5 
2959 3.5 
2960 16.5 
2961 3.5 
2962 16.5 
2963 3.5 
2964 16.5 
2965 3.5 
2966 16.5 
2967 3.5 
2968 16.5 
2969 3.5 
2970 16.5 
2971 3.5 
2972 16.5 
2973 3.5 
2974 16.5 
2975 3.5 
2976 16.5 
2977 3.5 
2978 16.5 
2979 3.5 
2980 16.5 
2981 3.5 
2982 16.5 
2983 3.5 
2984 16.5 
2985 3.5 
2986 16.5 
2987 3.5 
2988 16.5 
2989 3.5 
2990 16.5 
2991 3.5 
2992 16.5 
2993 3.5 
2994 16.5 
2995 3.5 
2996 16.5 
2997 3.5 
2998 16.5 
2999 3.5 
3000 16.5 
3001 3.5 
3002 16.5 
3003 3.5 
3004 16.5 
3005 3.5 
3006 16.5 
3007 3.5 
3008 16.5 
3009 3.5 
3010 16.5 
3011 3.5 
3012 16.5 
3013 3.5 
3014 16.5 
3015 3.5 
3016 16.5 
3017 3.5 
3018 16.5 
3019 3.5 
3020 16.5 
3021 3.5 
3022 16.5 
3023 3.5 
3024 16.5 
3025 3.5 
3026 16.5 
3027 3.5 
3028 16.5 
3029 3.5 
3030 16.5 
3031 3.5 
3032 16.5 
3033 3.5 
3034 16.5 
3035 3.5 
3036 16.5 
3037 3.5 
3038 16.5 
3039 3.5 
3040 16.5 
3041 3.5 
3042 16.5 
3043 3.5 
3044 16.5 
3045 3.5 
3046 16.5 
3047 3.5 
3048 16.5 
3049 3.5 
3050 16.5 
3051 3.5 
3052 16.5 
3053 3.5 
3054 16.5 
3055 3.5 
3056 16.5 
3057 3.5 
3058 16.5 
3059 3.5 
3060 16.5 
3061 3.5 
3062 16.5 
3063 3.5 
3064 16.5 
3065 3.5 
3066 16.5 
3067 3.5 
3068 16.5 
3069 3.5 
3070 16.5 
3071 3.5 
3072 16.5 
3073 3.5 
3074 16.5 
3075 3.5 
3076 16.5 
3077 3.5 
3078 16.5 
3079 3.5 
3080 16.5 
3081 3.5 
3082 16.5 
3083 3.5 
3084 16.5 
3085 3.5 
3086 16.5 
3087 3.5 
3088 16.5 
3089 3.5 
3090 16.5 
3091 3.5 
3092 16.5 
3093 3.5 
3094 16.5 
3095 3.5 
3096 16.5 
3097 3.5 
3098 16.5 
3099 3.5 
3100 16.5 
3101 3.5 
3102 16.5 
3103 3.5 
3104 16.5 
3105 3.5 
3106 16.5 
3107 3.5 
3108 16.5 
3109 3.5 
3110 16.5 
3111 3.5 
3112 16.5 
3113 3.5 
3114 16.5 
3115 3.5 
3116 16.5 
3117 3.5 
3118 16.5 
3119 3.5 
3120 16.5 
3121 3.5 
3122 16.5 
3123 3.5 
3124 16.5 
3125 3.5 
3126 16.5 
3127 3.5 
3128 16.5 
3129 3.5 
3130 16.5 
3131 3.5 
3132 16.5 
3133 3.5 
3134 16.5 
3135 3.5 
3136 16.5 
3137 3.5 
3138 16.5 
3139 3.5 
3140 16.5 
3141 3.5 
3142 16.5 
3143 3.5 
3144 16.5 
3145 3.5 
3146 3.5 
3147 3.5 
3148 3.5 
3149 3.5 
3150 3.5 
3151 3.5 
3152 3.5 
3153 3.5 
3154 3.5 
3155 3.5 
3156 3.5 
3157 3.5 
3158 3.5 
3159 3.5 
3160 3.5 
3161 3.5 
3162 3.5 
3163 3.5 
3164 3.5 
3165 3.5 
3166 3.5 
3167 3.5 
3168 3.5 
3169 3.5 
3170 3.5 
3171 3.5 
3172 3.5 
3173 3.5 
3174 3.5 
3175 3.5 
3176 3.5 
3177 3.5 
3178 3.5 
3179 3.5 
3180 3.5 
3181 3.5 
3182 3.5 
3183 3.5 
3184 3.5 
3185 3.5 
3186 3.5 
3187 3.5 
3188 3.5 
3189 3.5 
3190 3.5 
3191 3.5 
3192 3.5 
3193 3.5 
3194 3.5 
3195 3.5 
3196 3.5 
3197 3.5 
3198 3.5 
3199 3.5 
3200 3.5 
3201 3.5 
3202 3.5 
3203 3.5 
3204 3.5 
3205 3.5 
3206 3.5 
3207 3.5 
3208 3.5 
3209 3.5 
3210 3.5 
3211 3.5 
3212 3.5 
3213 3.5 
3214 3.5 
3215 3.5 
3216 3.5 
3217 3.5 
3218 3.5 
3219 3.5 
3220 3.5 
3221 3.5 
3222 3.5 
3223 3.5 
3224 3.5 
3225 3.5 
3226 3.5 
3227 3.5 
3228 3.5 
3229 3.5 
3230 3.5 
3231 3.5 
3232 3.5 
3233 3.5 
3234 3.5 
3235 3.5 
3236 3.5 
3237 3.5 
3238 3.5 
3239 3.5 
3240 3.5 
3241 3.5 
3242 3.5 
3243 3.5 
3244 3.5 
3245 3.5 
3246 3.5 
3247 3.5 
3248 3.5 
3249 3.5 
3250 3.5 
3251 3.5 
3252 3.5 
3253 3.5 
3254 3.5 
3255 3.5 
3256 3.5 
3257 3.5 
3258 3.5 
3259 3.5 
3260 3.5 
3261 3.5 
3262 3.5 
3263 3.5 
3264 3.5 
3265 3.5 
3266 3.5 
3267 3.5 
3268 3.5 
3269 3.5 
3270 3.5 
3271 3.5 
3272 3.5 
3273 3.5 
3274 3.5 
3275 3.5 
3276 3.5 
3277 3.5 
3278 3.5 
3279 3.5 
3280 3.5 
3281 3.5 
3282 3.5 
3283 3.5 
3284 3.5 
3285 3.5 
3286 3.5 
3287 3.5 
3288 3.5 
3289 3.5 
3290 3.5 
3291 3.5 
3292 3.5 
3293 3.5 
3294 3.5 
3295 3.5 
3296 3.5 
3297 3.5 
3298 3.5 
3299 3.5 
3300 3.5 
3301 3.5 
3302 3.5 
3303 3.5 
3304 3.5 
3305 3.5 
3306 3.5 
3307 3.5 
3308 3.5 
3309 3.5 
3310 3.5 
3311 3.5 
3312 3.5 
3313 3.5 
3314 3.5 
3315 3.5 
3316 3.5 
3317 3.5 
3318 3.5 
3319 3.5 
3320 3.5 
3321 3.5 
3322 3.5 
3323 3.5 
3324 3.5 
3325 3.5 
3326 3.5 
3327 3.5 
3328 3.5 
3329 3.5 
3330 3.5 
3331 3.5 
3332 3.5 
3333 3.5 
3334 3.5 
3335 3.5 
3336 3.5 
3337 3.5 
3338 3.5 
3339 3.5 
3340 3.5 
3341 3.5 
3342 3.5 
3343 3.5 
3344 3.5 
3345 3.5 
3346 3.5 
3347 3.5 
3348 3.5 
3349 3.5 
3350 3.5 
3351 3.5 
3352 3.5 
3353 3.5 
3354 3.5 
3355 3.5 
3356 3.5 
3357 3.5 
3358 3.5 
3359 3.5 
3360 3.5 
3361 3.5 
3362 3.5 
3363 3.5 
3364 3.5 
3365 3.5 
3366 3.5 
3367 3.5 
3368 3.5 
3369 3.5 
3370 3.5 
3371 3.5 
3372 3.5 
3373 3.5 
3374 3.5 
3375 3.5 
3376 3.5 
3377 3.5 
3378 3.5 
3379 3.5 
3380 3.5 
3381 3.5 
3382 3.5 
3383 3.5 
3384 3.5 
3385 3.5 
3386 3.5 
3387 3.5 
3388 3.5 
3389 3.5 
3390 3.5 
3391 3.5 
3392 3.5 
3393 3.5 
3394 3.5 
3395 3.5 
3396 3.5 
3397 3.5 
3398 3.5 
3399 3.5 
3400 3.5 
3401 3.5 
3402 3.5 
3403 3.5 
3404 3.5 
3405 3.5 
3406 3.5 
3407 3.5 
3408 3.5 
3409 3.5 
3410 3.5 
3411 3.5 
3412 3.5 
3413 3.5 
3414 3.5 
3415 3.5 
3416 3.5 
3417 3.5 
3418 3.5 
3419 3.5 
3420 3.5 
3421 3.5 
3422 3.5 
3423 3.5 
3424 3.5 
3425 3.5 
3426 3.5 
3427 3.5 
3428 3.5 
3429 3.5 
3430 3.5 
3431 3.5 
3432 3.5 
3433 3.5 
3434 3.5 
3435 3.5 
3436 3.5 
3437 3.5 
3438 3.5 
3439 3.5 
3440 3.5 
3441 3.5 
3442 3.5 
3443 3.5 
3444 3.5 
3445 3.5 
3446 3.5 
3447 3.5 
3448 3.5 
3449 3.5 
3450 3.5 
3451 3.5 
3452 3.5 
3453 3.5 
3454 3.5 
3455 3.5 
3456 3.5 
3457 3.5 
3458 3.5 
3459 3.5 
3460 3.5 
3461 3.5 
3462 3.5 
3463 3.5 
3464 3.5 
3465 3.5 
3466 3.5 
3467 3.5 
3468 3.5 
3469 3.5 
3470 3.5 
3471 3.5 
3472 3.5 
3473 3.5 
3474 3.5 
3475 3.5 
3476 3.5 
3477 3.5 
3478 3.5 
3479 3.5 
3480 3.5 
3481 3.5 
3482 3.5 
3483 3.5 
3484 3.5 
3485 3.5 
3486 3.5 
3487 3.5 
3488 3.5 
3489 3.5 
3490 3.5 
3491 3.5 
3492 3.5 
3493 3.5 
3494 3.5 
3495 3.5 
3496 3.5 
3497 3.5 
3498 3.5 
3499 3.5 
3500 3.5 
3501 3.5 
3502 3.5 
3503 3.5 
3504 3.5 
3505 3.5 
3506 3.5 
3507 3.5 
3508 3.5 
3509 3.5 
3510 3.5 
3511 3.5 
3512 3.5 
3513 3.5 
3514 3.5 
3515 3.5 
3516 3.5 
3517 3.5 
3518 3.5 
3519 3.5 
3520 3.5 
3521 3.5 
3522 3.5 
3523 3.5 
3524 3.5 
3525 3.5 
3526 3.5 
3527 3.5 
3528 3.5 
3529 3.5 
3530 3.5 
3531 3.5 
3532 3.5 
3533 3.5 
3534 3.5 
3535 3.5 
3536 3.5 
3537 3.5 
3538 3.5 
3539 3.5 
3540 3.5 
3541 3.5 
3542 3.5 
3543 3.5 
3544 3.5 
3545 3.5 
3546 3.5 
3547 3.5 
3548 3.5 
3549 3.5 
3550 3.5 
3551 3.5 
3552 3.5 
3553 3.5 
3554 3.5 
3555 3.5 
3556 3.5 
3557 3.5 
3558 3.5 
3559 3.5 
3560 3.5 
3561 3.5 
3562 3.5 
3563 3.5 
3564 3.5 
3565 3.5 
3566 3.5 
3567 3.5 
3568 3.5 
3569 3.5 
3570 3.5 
3571 3.5 
3572 3.5 
3573 3.5 
3574 3.5 
3575 3.5 
3576 3.5 
3577 3.5 
3578 3.5 
3579 3.5 
3580 3.5 
3581 3.5 
3582 3.5 
3583 3.5 
3584 3.5 
3585 3.5 
3586 3.5 
3587 3.5 
3588 3.5 
3589 3.5 
3590 3.5 
3591 3.5 
3592 3.5 
3593 3.5 
3594 3.5 
3595 3.5 
3596 3.5 
3597 3.5 
3598 3.5 
3599 3.5 
3600 3.5 
3601 3.5 
3602 3.5 
3603 3.5 
3604 3.5 
3605 3.5 
3606 3.5 
3607 3.5 
3608 3.5 
3609 3.5 
3610 3.5 
3611 3.5 
3612 3.5 
3613 3.5 
3614 3.5 
3615 3.5 
3616 3.5 
3617 3.5 
3618 3.5 
3619 3.5 
3620 3.5 
3621 3.5 
3622 3.5 
3623 3.5 
3624 3.5 
3625 3.5 
3626 3.5 
3627 3.5 
3628 3.5 
3629 3.5 
3630 3.5 
3631 3.5 
3632 3.5 
3633 3.5 
3634 3.5 
3635 3.5 
3636 3.5 
3637 3.5 
3638 3.5 
3639 3.5 
3640 3.5 
3641 3.5 
3642 3.5 
3643 3.5 
3644 3.5 
3645 3.5 
3646 3.5 
3647 3.5 
3648 3.5 
3649 3.5 
3650 3.5 
3651 3.5 
3652 3.5 
3653 3.5 
3654 3.5 
3655 3.5 
3656 3.5 
3657 3.5 
3658 3.5 
3659 3.5 
3660 3.5 
3661 3.5 
3662 3.5 
3663 3.5 
3664 3.5 
3665 3.5 
3666 3.5 
3667 3.5 
3668 3.5 
3669 3.5 
3670 3.5 
3671 3.5 
3672 3.5 
3673 3.5 
3674 3.5 
3675 3.5 
3676 3.5 
3677 3.5 
3678 3.5 
3679 3.5 
3680 3.5 
3681 3.5 
3682 3.5 
3683 3.5 
3684 3.5 
3685 3.5 
3686 3.5 
3687 3.5 
3688 3.5 
3689 3.5 
3690 3.5 
3691 3.5 
3692 3.5 
3693 3.5 
3694 3.5 
3695 3.5 
3696 3.5 
3697 3.5 
3698 3.5 
3699 3.5 
3700 3.5 
3701 3.5 
3702 3.5 
3703 3.5 
3704 3.5 
3705 3.5 
3706 3.5 
3707 3.5 
3708 3.5 
3709 3.5 
3710 3.5 
3711 3.5 
3712 3.5 
3713 3.5 
3714 3.5 
3715 3.5 
3716 3.5 
3717 3.5 
3718 3.5 
3719 3.5 
3720 3.5 
3721 3.5 
3722 3.5 
3723 3.5 
3724 3.5 
3725 3.5 
3726 3.5 
3727 3.5 
3728 3.5 
3729 3.5 
3730 3.5 
3731 3.5 
3732 3.5 
3733 3.5 
3734 3.5 
3735 3.5 
3736 3.5 
3737 3.5 
3738 3.5 
3739 3.5 
3740 3.5 
3741 3.5 
3742 3.5 
3743 3.5 
3744 3.5 
3745 3.5 
3746 3.5 
3747 3.5 
3748 3.5 
3749 3.5 
3750 3.5 
3751 3.5 
3752 3.5 
3753 3.5 
3754 3.5 
3755 3.5 
3756 3.5 
3757 3.5 
3758 3.5 
3759 3.5 
3760 3.5 
3761 3.5 
3762 3.5 
3763 3.5 
3764 3.5 
3765 3.5 
3766 3.5 
3767 3.5 
3768 3.5 
3769 3.5 
3770 3.5 
3771 3.5 
3772 3.5 
3773 3.5 
3774 3.5 
3775 3.5 
3776 3.5 
3777 3.5 
3778 3.5 
3779 3.5 
3780 3.5 
3781 3.5 
3782 3.5 
3783 3.5 
3784 3.5 
3785 3.5 
3786 3.5 
3787 3.5 
3788 3.5 
3789 3.5 
3790 3.5 
3791 3.5 
3792 3.5 
3793 3.5 
3794 3.5 
3795 3.5 
3796 3.5 
3797 3.5 
3798 3.5 
3799 3.5 
3800 3.5 
3801 3.5 
3802 3.5 
3803 3.5 
3804 3.5 
3805 3.5 
3806 3.5 
3807 3.5 
3808 3.5 
3809 3.5 
3810 3.5 
3811 3.5 
3812 3.5 
3813 3.5 
3814 3.5 
3815 3.5 
3816 3.5 
3817 3.5 
3818 3.5 
3819 3.5 
3820 3.5 
3821 3.5 
3822 3.5 
3823 3.5 
3824 3.5 
3825 3.5 
3826 3.5 
3827 3.5 
3828 3.5 
3829 3.5 
3830 3.5 
3831 3.5 
3832 3.5 
3833 3.5 
3834 3.5 
3835 3.5 
3836 3.5 
3837 3.5 
3838 3.5 
3839 3.5 
3840 3.5 
3841 3.5 
3842 3.5 
3843 3.5 
3844 3.5 
3845 3.5 
3846 3.5 
3847 3.5 
3848 3.5 
3849 3.5 
3850 3.5 
3851 3.5 
3852 3.5 
3853 3.5 
3854 3.5 
3855 3.5 
3856 3.5 
3857 3.5 
3858 3.5 
3859 3.5 
3860 3.5 
3861 3.5 
3862 3.5 
3863 3.5 
3864 3.5 
3865 3.5 
3866 3.5 
3867 3.5 
3868 3.5 
3869 3.5 
3870 3.5 
3871 3.5 
3872 3.5 
3873 3.5 
3874 3.5 
3875 3.5 
3876 3.5 
3877 3.5 
3878 3.5 
3879 3.5 
3880 3.5 
3881 3.5 
3882 3.5 
3883 3.5 
3884 3.5 
3885 3.5 
3886 3.5 
3887 3.5 
3888 3.5 
3889 3.5 
3890 3.5 
3891 3.5 
3892 3.5 
3893 3.5 
3894 3.5 
3895 3.5 
3896 3.5 
3897 3.5 
3898 3.5 
3899 3.5 
3900 3.5 
3901 3.5 
3902 3.5 
3903 3.5 
3904 3.5 
3905 3.5 
3906 3.5 
3907 3.5 
3908 3.5 
3909 3.5 
3910 3.5 
3911 3.5 
3912 3.5 
3913 3.5 
3914 3.5 
3915 3.5 
3916 3.5 
3917 3.5 
3918 3.5 
3919 3.5 
3920 3.5 
3921 3.5 
3922 3.5 
3923 3.5 
3924 3.5 
3925 3.5 
3926 3.5 
3927 3.5 
3928 3.5 
3929 3.5 
3930 3.5 
3931 3.5 
3932 3.5 
3933 3.5 
3934 3.5 
3935 3.5 
3936 3.5 
3937 3.5 
3938 3.5 
3939 3.5 
3940 3.5 
3941 3.5 
3942 3.5 
3943 3.5 
3944 3.5 
3945 3.5 
3946 3.5 
3947 3.5 
3948 3.5 
3949 3.5 
3950 3.5 
3951 3.5 
3952 3.5 
3953 3.5 
3954 3.5 
3955 3.5 
3956 3.5 
3957 3.5 
3958 3.5 
3959 3.5 
3960 3.5 
3961 3.5 
3962 3.5 
3963 3.5 
3964 3.5 
3965 3.5 
3966 3.5 
3967 3.5 
3968 3.5 
3969 3.5 
3970 3.5 
3971 3.5 
3972 3.5 
3973 3.5 
3974 3.5 
3975 3.5 
3976 3.5 
3977 3.5 
3978 3.5 
3979 3.5 
3980 3.5 
3981 3.5 
3982 3.5 
3983 3.5 
3984 3.5 
3985 3.5 
3986 3.5 
3987 3.5 
3988 3.5 
3989 3.5 
3990 3.5 
3991 3.5 
3992 3.5 
3993 3.5 
3994 3.5 
3995 3.5 
3996 3.5 
3997 3.5 
3998 3.5 
3999 3.5 
4000 3.5 
4001 3.5 
4002 3.5 
4003 3.5 
4004 3.5 
4005 3.5 
4006 3.5 
4007 3.5 
4008 3.5 
4009 3.5 
4010 3.5 
4011 3.5 
4012 3.5 
4013 3.5 
4014 3.5 
4015 3.5 
4016 3.5 
4017 3.5 
4018 3.5 
4019 3.5 
4020 3.5 
4021 3.5 
4022 3.5 
4023 3.5 
4024 3.5 
4025 3.5 
4026 3.5 
4027 3.5 
4028 3.5 
4029 3.5 
4030 3.5 
4031 3.5 
4032 3.5 
4033 3.5 
4034 3.5 
4035 3.5 
4036 3.5 
4037 3.5 
4038 3.5 
4039 3.5 
4040 3.5 
4041 3.5 
4042 3.5 
4043 3.5 
4044 3.5 
4045 3.5 
4046 3.5 
4047 3.5 
4048 3.5 
4049 3.5 
4050 3.5 
4051 3.5 
4052 3.5 
4053 3.5 
4054 3.5 
4055 3.5 
4056 3.5 
4057 3.5 
4058 3.5 
4059 3.5 
4060 3.5 
4061 3.5 
4062 3.5 
4063 3.5 
4064 3.5 
4065 3.5 
4066 3.5 
4067 3.5 
4068 3.5 
4069 3.5 
4070 3.5 
4071 3.5 
4072 3.5 
4073 3.5 
4074 3.5 
4075 3.5 
4076 3.5 
4077 3.5 
4078 3.5 
4079 3.5 
4080 3.5 
4081 3.5 
4082 3.5 
4083 3.5 
4084 3.5 
4085 3.5 
4086 3.5 
4087 3.5 
4088 3.5 
4089 3.5 
4090 3.5 
4091 3.5 
4092 3.5 
4093 3.5 
4094 3.5 
4095 3.5 
4096 3.5 
4097 3.5 
4098 3.5 
4099 3.5 
4100 3.5 
4101 3.5 
4102 3.5 
4103 3.5 
4104 3.5 
4105 3.5 
4106 3.5 
4107 3.5 
4108 3.5 
4109 3.5 
4110 3.5 
4111 3.5 
4112 3.5 
4113 3.5 
4114 3.5 
4115 3.5 
4116 3.5 
4117 3.5 
4118 3.5 
4119 3.5 
4120 3.5 
4121 3.5 
4122 3.5 
4123 3.5 
4124 3.5 
4125 3.5 
4126 3.5 
4127 3.5 
4128 3.5 
4129 3.5 
4130 3.5 
4131 3.5 
4132 3.5 
4133 3.5 
4134 3.5 
4135 3.5 
4136 3.5 
4137 3.5 
4138 3.5 
4139 3.5 
4140 3.5 
4141 3.5 
4142 3.5 
4143 3.5 
4144 3.5 
4145 3.5 
4146 3.5 
4147 3.5 
4148 3.5 
4149 3.5 
4150 3.5 
4151 3.5 
4152 3.5 
4153 3.5 
4154 3.5 
4155 3.5 
4156 3.5 
4157 3.5 
4158 3.5 
4159 3.5 
4160 3.5 
4161 3.5 
4162 3.5 
4163 3.5 
4164 3.5 
4165 3.5 
4166 3.5 
4167 3.5 
4168 3.5 
4169 3.5 
4170 3.5 
4171 3.5 
