0 3.5824993160042005 
1 3.435057222092432 
2 3.114446588283696 
3 3.4899231286777823 
4 3.9032594336255477 
5 3.7407880448193347 
6 3.539933757041668 
7 3.797844467564702 
8 3.4540123943303467 
9 3.1824349994767784 
10 3.409001951378487 
11 3.0972396684285255 
12 3.1201466512593927 
13 2.9602058256552053 
14 3.8243782786382994 
15 3.914442166379076 
16 4.001222610154436 
17 3.1198811940128213 
18 2.964125686963118 
19 2.492216036779194 
20 2.768420010185548 
21 3.2905164757734653 
22 3.405203666469144 
23 3.264915006117153 
24 2.947626110361589 
25 2.578504279362382 
26 3.1759706218954995 
27 2.718727087522623 
28 3.6050713108516272 
29 3.7611809107316505 
30 2.7158606334937314 
31 2.7946579871651935 
32 3.5620719924042157 
33 3.2879470457967 
34 3.4253043321598 
35 3.796425176613458 
36 3.326239416760201 
37 3.1746969203916273 
38 3.5357008692571226 
39 3.7409502941695356 
40 2.7422193827720545 
41 3.052622297404324 
42 3.468772616046024 
43 3.6817259086769774 
44 3.565672119373093 
45 3.367159483496376 
46 3.3584541546796984 
47 3.564589787629897 
48 3.184415350191319 
49 3.071281300715639 
50 2.8547530205407092 
51 2.7141453193519856 
52 3.306677481018805 
53 3.570325944734079 
54 2.524207376317137 
55 2.5238453037306385 
56 3.68792977424309 
57 3.6431321178039475 
58 3.6230553873864038 
59 3.7427545985035318 
60 3.520979249570521 
61 3.479836391111262 
62 3.3552681063441407 
63 3.2955399629324793 
64 2.761715743549174 
65 3.0378540761375823 
66 2.704239438569814 
67 3.0915614874699444 
68 3.128070272062187 
69 3.5805326929796695 
70 2.9026071177362773 
71 2.689233260363845 
72 3.4103224414895164 
73 3.736691947249631 
74 2.8622189062989976 
75 2.8687504027400594 
76 3.267651069931493 
77 3.264405673151396 
78 3.4285178160287946 
79 3.3480280371221385 
80 3.4847920814334055 
81 3.3675630874241156 
82 3.645841855319162 
83 3.8728566031090508 
84 2.7766647240432274 
85 2.831305182705576 
86 3.0425258218045816 
87 3.398798530635444 
88 3.1344513141640236 
89 3.2965635141330982 
90 3.234443867827019 
91 3.288410481387478 
92 3.495223811566014 
93 3.6208226396751724 
94 3.8002274343819646 
95 3.509619444509076 
96 3.146933578770649 
97 3.45235922678936 
98 2.794613944136905 
99 2.8185925703821537 
