0 3.262282749935226 
1 2.6147084981891258 
2 1.9881835834847599 
3 2.4721038182718003 
4 3.115399643448133 
5 3.196174684228674 
6 2.129709886523353 
7 2.100120410970562 
8 3.7186809488563632 
9 5.897495416303822 
10 2.31772254574149 
11 2.2013533318425655 
12 2.4147105620798115 
13 2.029002407729398 
14 2.232165112780825 
15 1.3083031922183181 
16 11.293614182585907 
17 12.573961825310494 
18 1.1773317593481738 
19 2.774087305596244 
20 1.1720914037187828 
21 1.168261199941135 
22 1.5783412612847392 
23 3.415133223129142 
24 3.2156749800127726 
25 3.837210433538703 
26 2.2473410861498766 
27 1.8719516183628833 
28 2.2727207745618534 
29 1.785411931362051 
30 1.9369966627022237 
31 1.8526947438738246 
32 2.84086716735377 
33 1.845433690624734 
34 1.8702283079947966 
35 4.799509057635992 
36 4.973199106092111 
37 3.9660152497697387 
38 1.6480134462296798 
39 2.0938206208365493 
40 1.3460806647306478 
41 1.1240725750961258 
42 1.2794535015586965 
43 1.8513493561348957 
44 1.3325509883721973 
45 1.2954830940212658 
46 1.3642994409745421 
47 2.4341250077242886 
48 1.0931223150620761 
49 7.266213373947936 
50 0.8547598622346508 
51 1.1259073128361936 
52 1.7129548688151137 
53 1.3729715436046466 
54 1.2891474138604524 
55 1.5365676777753605 
56 2.192897999836994 
57 1.8412252526025794 
58 2.5220374090951516 
59 3.0829703416925067 
60 2.4691805909545117 
61 1.9413602181853868 
62 3.321393712928091 
63 2.3484839893815517 
64 4.9850368870643225 
65 3.6138397210580306 
66 2.2101243462861833 
67 1.4687378854087114 
68 2.616037203488599 
69 3.127993135802924 
70 2.1160771417223954 
71 2.5094864473589924 
72 1.1454052489659858 
73 1.6634829914400397 
74 1.6653921973415953 
75 2.3624866894824157 
76 2.4824783613108803 
77 1.2564045687163037 
78 2.3616130067805856 
79 3.1138358115289817 
80 1.6423029945381122 
81 1.6606021795764847 
82 1.3658335670071096 
83 2.3865909695844616 
84 2.6839947371892525 
85 2.3474859766512286 
86 2.5853557993222847 
87 3.610229450439139 
88 2.4646862932720444 
89 2.3957842163372156 
90 1.898267562714493 
91 3.5976514898947425 
92 3.1268659252472166 
93 1.0037160948153172 
94 2.848724640887648 
95 2.3811534045654152 
96 1.8349803213497202 
97 4.549222692090054 
98 2.674863712154911 
99 2.574821933440424 
100 2.8097950919483354 
101 2.497457901621191 
102 1.2987247208733312 
103 2.019262272711308 
104 1.871462188299371 
105 1.0792854071093205 
106 2.6997354094271504 
107 2.6904174486742045 
108 3.3750794563845488 
109 5.007766074700584 
