0 1.907988755612624 
1 2.209319963504332 
2 2.75179600496614 
3 2.60777604998772 
4 2.85491207473056 
5 2.66313511521772 
6 2.78896593780798 
7 2.74698188806794 
8 2.92941247612404 
9 3.17907279883504 
10 3.2850742821717 
11 2.94594322766456 
12 2.589008606029 
13 2.9231708539751002 
14 2.290338375195216 
15 2.75861015174356 
16 2.70409328562058 
17 2.86956904818024 
18 2.73293379325948 
19 2.69159376913922 
20 2.60138549419234 
21 2.69834543766326 
22 2.61528981136798 
23 2.61210837699356 
24 2.60318782577042 
25 3.23732565400228 
26 2.64263024541752 
27 3.4575065392974 
28 2.80887960536188 
29 3.37588725970448 
30 2.92170735405438 
31 3.4845391734092 
32 3.19147779313192 
33 3.38425519602688 
34 3.3467325762169398 
35 3.52029545317658 
36 3.73023323697538 
37 3.4577173606473 
38 3.57949656522218 
39 4.21718992610582 
40 3.32777972962478 
41 4.0665930766584 
42 3.15864357061136 
43 3.91215130134682 
44 2.9626151724425602 
45 3.1211889914008397 
46 2.308279778993638 
47 2.8589550910146597 
48 2.6276342500296197 
49 2.217246667148734 
50 2.63688811178034 
51 2.113088681204482 
52 2.61352753055582 
53 2.7029794562303198 
54 2.97277414578764 
55 3.0644363489835 
56 3.12656619825726 
57 3.55025832455496 
58 2.99797344714408 
59 3.5511940497966 
60 3.1992181516394598 
61 3.81809966434432 
62 3.3858101046118003 
63 3.18710157597856 
64 2.97181156015766 
65 2.78447306026154 
66 2.72698524170852 
67 2.3286902206769122 
68 2.395227803269032 
69 2.047810501609802 
70 2.2094595130873462 
71 1.8461361424977238 
72 2.056559214855254 
73 2.26097361469966 
74 2.391969725860874 
75 2.7476527003553 
76 2.6209542155522003 
77 2.90741515360366 
78 2.79970819729996 
79 3.0411963759446197 
80 2.91945909383306 
81 3.07035728002192 
82 2.8654359418235402 
83 2.93579131591118 
84 3.0197018360818197 
85 3.15544982142052 
86 3.26600459221212 
87 3.3062545811296 
88 3.1681379346183602 
89 3.22777009433712 
90 2.96683845383152 
91 3.0726794178078 
92 3.01970071745058 
93 3.12944637684558 
94 3.01577111844954 
95 2.73843229416142 
96 2.60201654040024 
97 2.62180415853532 
98 2.8375218302441 
99 3.03977215222594 
100 2.95161612305936 
101 3.405657494303 
102 2.92004832552482 
103 3.2270564540635402 
104 2.49303906737298 
105 3.1775984988037798 
106 2.480469237382762 
107 2.90281688523822 
108 2.206988368884754 
109 2.51946386580396 
110 2.21263911712811 
111 2.1662896138686962 
112 1.994412685352646 
113 2.100788629431832 
114 1.982618760450174 
115 2.6360287857377798 
116 2.45943252032458 
117 2.71043366533812 
118 2.882551405041 
119 2.69814284273672 
120 2.7790757105301997 
121 2.64307954731308 
122 2.8370527452231 
123 2.66097259354 
124 2.8194707714098604 
125 1.953370660396734 
126 2.29139312053774 
127 1.98023883957522 
128 1.945711042877742 
129 2.13627273066283 
130 2.015435186436066 
131 2.207100585967954 
132 2.192532014500308 
133 2.479932229468648 
134 2.247109537531832 
135 2.57674528782464 
136 2.2022885662404077 
137 2.5990604680460803 
138 2.245379206796094 
139 2.67185024183734 
140 2.444915778290222 
141 3.22167019984636 
142 2.232876629282554 
143 3.11881922051628 
144 2.164148228844936 
145 2.8922048923815002 
146 2.4784958029426223 
147 2.92672066953664 
148 2.65009871411124 
149 2.93052947322936 
150 2.78712941887276 
151 2.51863822139412 
152 2.90965089118374 
153 2.6568721402897397 
154 3.26346159605158 
155 3.5916207140312 
156 3.01831729536434 
157 3.40663416737838 
158 3.3302428554993 
159 3.5055303782080403 
160 2.9262956209123603 
161 3.6427083961831803 
162 2.66982293558152 
163 3.2176309748992398 
164 2.416633802836234 
165 2.337750247984076 
166 2.76938951106102 
167 2.5698884868466 
168 2.2710284597619657 
169 2.472621802990792 
170 2.492130443997342 
171 2.347792321021792 
172 2.61155612962362 
173 2.51827306471842 
174 3.00884572629456 
175 2.75652650538284 
176 3.17431456534272 
177 2.8029550959272003 
178 3.30129227169656 
179 2.69441387338534 
180 3.03945409739946 
181 2.443023676694526 
182 3.39981447443026 
183 2.463689115672696 
184 3.23324796545022 
185 2.90303267571376 
186 2.79572076316466 
187 2.97269427318604 
188 2.8741619441601403 
189 2.99428066038692 
190 3.19213102492118 
191 3.18135521325856 
192 3.10247565173748 
193 3.3641867294571997 
194 2.71376308598586 
195 2.79419388397672 
196 2.7184266792889398 
197 2.465870404708256 
198 2.70270792122856 
199 2.54675176017628 
200 2.83193465552166 
201 2.83190344954822 
202 2.76410955017022 
203 2.85568216317822 
204 3.1294614798703 
205 3.2168756539547 
206 3.73511560492922 
207 3.7759239199458796 
208 3.91149667290626 
209 3.7634968315441 
210 3.6929355738433 
211 3.8268967272675396 
212 3.46651549854316 
213 3.5020669874770403 
214 3.5409203446543 
215 3.49650861444646 
216 2.8768004063826003 
217 3.82545863108266 
218 2.61703983043072 
219 3.9026261914006 
220 2.9117536677982203 
221 3.7331340304826 
222 2.643687078596 
223 3.74667573438996 
224 2.75411653155852 
225 4.02780869843978 
226 2.5775756520828 
227 4.0009503656634005 
228 2.78771090619436 
229 3.3941527945066 
230 2.89834528405886 
231 3.3905037434308 
232 2.89834528405886 
233 3.25317595271718 
234 2.8599237478496997 
235 2.91863177711854 
236 2.6509429635926 
237 2.497106842685442 
238 2.66448033171718 
239 2.1866676582875817 
240 2.74126487193106 
241 2.257680216277138 
242 2.58384838366512 
243 2.200180147885432 
244 2.76917259569646 
245 2.484322095368884 
246 2.82596160694226 
247 2.60171317748222 
248 2.59787140728552 
249 2.75841192074762 
250 2.3335736036311983 
251 2.5786085932004 
252 2.244350837089182 
253 2.37192813811934 
254 2.162392365644876 
255 2.300234741102156 
256 2.295717092613102 
257 2.34141436876526 
258 2.4547216954652837 
259 2.61302287060724 
260 2.8066999336532197 
261 2.6731686113069197 
262 2.93240029061104 
263 3.2842894785151198 
264 2.82324005812222 
265 3.26580589304948 
266 3.06886034112792 
267 3.81109477550658 
268 3.1419509551819997 
269 3.73460779948748 
270 2.88345841470472 
271 3.66360003097464 
272 2.75875984715002 
273 3.37638767727494 
274 2.88825540665356 
275 3.4783005051381997 
276 2.56994917799602 
277 2.82700346953728 
278 3.5484926138010797 
279 2.5209611228181403 
280 3.53673801005852 
281 2.96370501331692 
282 3.4937760986277597 
283 2.68867260059182 
284 3.51531460675354 
285 2.51312286715986 
286 3.61888832757778 
287 2.79357449658428 
288 2.91177003056506 
289 3.08366690854644 
290 3.14453315515458 
291 2.6814064594782403 
292 3.22685049467924 
293 2.8380497781217597 
294 3.19931472703202 
295 2.9957823264527397 
296 3.1543433728637598 
297 2.82290658520004 
298 2.6711761876585003 
299 2.5503402870219203 
300 2.356554988359596 
301 2.75568784958198 
302 2.237217716581468 
303 2.60017365554672 
304 2.38336469180891 
305 2.76591945952846 
306 2.32281640391686 
307 2.9231401775225 
308 2.6663796012848797 
309 3.47838934229172 
310 3.0132956430716797 
311 3.62443984034882 
312 3.37592357926824 
313 3.87975465967318 
314 3.44243894509682 
315 3.8591810144991796 
316 3.62414909968214 
317 3.9966295001534 
318 3.3872700310708597 
319 3.59367508238436 
320 3.42500852387386 
321 3.20363792971236 
322 3.23134653047168 
323 3.00962619715762 
324 3.25723251289888 
325 3.04377385327566 
326 3.37289192067552 
327 2.75927953609208 
328 3.62656676738696 
329 2.9958368775782 
330 3.2313040145049 
331 3.0272602812456197 
332 3.26794398042254 
333 3.1002375783318 
334 2.9229749429806 
335 2.79074294315594 
336 2.65434182352914 
337 2.7098196540002 
338 2.3313168756098017 
339 2.55022473966162 
340 2.348596469373662 
341 2.92173609434412 
342 2.184342908253548 
343 2.8867776468582997 
344 2.228530396731044 
345 2.97010857764262 
346 2.8021220525094 
347 3.4139710850626797 
348 3.05340562164438 
349 3.44895302720386 
350 3.10877453757822 
351 3.33130925243378 
352 3.45175770102836 
353 3.5259549541246797 
354 3.41366330869826 
355 3.4129459750230398 
356 2.837232176298 
357 3.0436169569705602 
358 2.87317248811746 
359 2.87449387417474 
360 3.1450031397518403 
361 2.61395072731558 
362 3.07519500114 
363 2.449207157333186 
364 3.04082166806852 
365 2.443184509221718 
366 3.15898707027516 
367 2.81912579856492 
368 3.22776871686806 
369 3.03869648310268 
370 3.22018587676288 
371 3.2254497602491403 
372 3.0544225374827 
373 3.17685861506088 
374 3.05733848781164 
375 3.07992520952346 
376 2.9346395858811 
377 2.53180946862006 
378 2.47176139181081 
379 2.279204157126664 
380 2.2574367134297963 
381 2.240005564642546 
382 2.37889955353653 
383 2.2172252478898202 
384 2.75002817673448 
385 2.475570172681678 
386 2.7655374218018403 
387 2.75371147169658 
388 3.0268515590056 
389 2.9188284252522 
390 3.38905459434498 
391 3.0848985060141 
392 3.24424690568774 
393 3.12021019448556 
394 2.88355044160758 
395 2.9639352541002 
396 2.83484304281184 
397 2.73255218134132 
398 2.6408320037583 
399 2.5634096166341798 
400 2.5408198972042 
401 2.300634456040864 
402 2.6215180637735203 
403 2.249957728281058 
404 2.465717516870542 
405 2.176939963279274 
406 2.5384315895658203 
407 2.305054103321344 
408 2.54844185611122 
409 2.382097239009518 
410 2.263376726054662 
411 2.460015487289092 
412 2.25898567319085 
413 2.476858040688576 
414 2.6293771445104 
415 2.83927677712078 
416 2.7354404827098397 
417 3.16675227630958 
418 3.0473137321297203 
419 3.32225279586502 
420 3.0116672686187203 
421 3.24899229320356 
422 3.2051219373889603 
423 3.26577031264934 
424 3.04220566832286 
425 3.11213280545632 
426 3.0391266840560403 
427 2.79568898358026 
428 2.63556102604134 
429 2.491703721733552 
430 2.65189268256972 
431 2.85925975586516 
432 2.4455235770326698 
433 2.88150068432968 
434 2.4430983604828502 
435 2.64082788225066 
436 2.311813771002218 
437 2.5053153867207802 
438 2.50561552624206 
439 2.82618852798862 
440 2.82741846749278 
441 2.42069660784761 
442 3.00103811965914 
443 2.52268278008372 
444 2.8565499158389 
445 2.81144945391886 
446 2.71201002806388 
447 2.82727430889104 
448 2.58884471824272 
449 2.68750436329886 
450 2.18875481578477 
451 2.7904891252995 
452 2.075077023865102 
453 2.73921079320354 
454 2.029296812797812 
455 2.57558939931258 
456 2.028964858239378 
457 2.5322665190506397 
458 2.05089266971775 
459 2.3826731709159583 
460 2.23827459609472 
461 2.53191698911696 
462 2.182304731784164 
463 2.50761970278936 
464 2.166308296060016 
465 2.3560226843566463 
466 2.209832407701262 
467 2.66072057329618 
468 1.97496542886791 
469 2.81602214771398 
470 1.995681810869286 
471 2.8093521048018 
472 2.340098194443058 
473 2.7639484521310203 
474 2.6671929761319197 
475 3.3704081174869 
476 2.76804426962752 
477 3.7054959874544204 
478 2.9985365259693397 
479 3.7264090486564796 
480 3.40834940148316 
481 3.28958828292658 
482 3.3643480002081203 
483 3.53026977520488 
484 3.2831672724620597 
485 3.27861974877598 
486 3.4080016111753997 
487 3.23654468520634 
488 3.53646515508972 
489 3.1704488662199397 
490 3.2371896691131203 
491 3.31860688726346 
492 2.75817536632842 
493 2.89540183430598 
494 2.73259962312556 
495 2.69278816267244 
496 2.4681522828102223 
497 2.40708428176792 
498 2.163415196759034 
499 2.357318272076204 
500 2.086581543652478 
501 2.222664580990612 
502 2.368730882427748 
503 2.3426270602116643 
504 2.428059075528518 
505 2.5385679448136202 
506 2.55995560109566 
507 2.3117675992848943 
508 2.6298540066473803 
509 2.369385974739306 
510 2.51316410446104 
511 2.81995311468298 
512 2.67743211880328 
513 3.15490866879264 
514 2.7593863281167197 
515 2.9960774048110403 
516 2.78904883985136 
517 2.7563438813021 
518 2.81511525257886 
519 3.24976375728148 
520 2.65633708029942 
521 3.2956053517282 
522 2.7460501263657 
523 3.24652218610172 
524 2.62605703486984 
525 3.26295350141752 
526 2.73880019009402 
527 3.8178900838900396 
528 2.91472030755676 
529 3.35089682992934 
530 2.9703797707101 
531 3.42780827572752 
532 3.15394385696526 
533 3.2530603488366 
534 2.9330292815419 
535 3.1335833419446 
536 2.8289875567508598 
537 3.15917406776176 
538 3.0410470013992397 
539 3.37161871615624 
540 2.81572809435988 
541 3.12383808397106 
542 2.415454162283256 
543 3.06968681783144 
544 2.5860652154571198 
545 3.2301699891291 
546 2.6518754306222 
547 3.1929006365631 
548 2.8283847239491 
549 3.08722184223568 
550 2.83797653416876 
551 2.7641981118726 
552 2.8643795986985 
553 2.49323215845237 
554 3.08087379237102 
555 2.56639633088388 
556 3.36346427911514 
557 2.9176845407049603 
558 3.4839534397670198 
559 3.0361851896706797 
560 3.26188273402196 
561 3.14489205516654 
562 3.18542397076744 
563 3.25291077575224 
564 3.30622189580888 
565 3.52201910508862 
566 3.30622189580888 
567 3.52201910508862 
568 3.30622189580888 
569 3.52201910508862 
570 3.1936335077849 
571 3.30344253767668 
572 3.0922752396318 
573 3.3173967650848804 
574 3.30007602925198 
575 3.12673759286922 
576 3.2082605550371 
577 3.08078867322158 
578 2.88281220565942 
579 2.83677092290972 
580 2.8872405506503402 
581 3.17711490356706 
582 2.7582163888250397 
583 2.90420169766052 
584 2.406658391242296 
585 2.78926626824116 
586 2.213151655596024 
587 2.439019320766354 
588 2.3615582150919137 
589 2.46826737471231 
590 2.356860263331658 
591 2.74351741373032 
592 2.481647724154692 
593 2.67754882400582 
594 2.441751645577754 
595 2.69264435076698 
596 2.411522632705898 
597 2.9669026636907803 
598 2.282313782409698 
599 3.02272842410818 
600 2.426139279758602 
601 2.65840317913332 
602 2.118044190847114 
603 2.57984868509104 
604 2.3649377584779243 
605 3.28834037615662 
606 2.68169769190556 
607 3.30567824703376 
608 2.90592778773928 
609 3.23271485964062 
610 2.98314791730694 
611 3.21169415826854 
612 3.37384143213946 
613 2.77923447400512 
614 3.37148713564822 
615 2.65740233487708 
616 3.6183066428457 
617 2.93918522871166 
618 3.53165461671278 
619 3.2913961905965197 
620 3.4697512982961998 
621 3.29972789039718 
622 3.4705829865383597 
623 3.1967434482662798 
624 2.91616558979788 
625 3.14715864764826 
626 2.90530691961398 
627 3.4351256478953003 
628 2.58543626486118 
629 2.9500063390001 
630 2.57441735846936 
631 2.76702124612662 
632 2.50461410589112 
633 2.71630844588006 
634 2.62356898419728 
635 2.54107117825174 
636 2.57861217048392 
637 2.40465263942028 
638 2.9257214363291597 
639 2.422566654002302 
640 2.63269096384334 
641 2.5386473422997797 
642 2.7997104086946 
643 3.12834908371956 
644 2.5213234430228 
645 3.04036775326338 
646 2.7103065607661003 
647 3.25012393979628 
648 2.77098572831564 
649 3.30926098401218 
650 3.13374211419722 
651 3.31463177732916 
652 2.86162288595188 
653 2.7765639219277 
654 3.03777144697886 
655 2.95816484006528 
656 3.09496891663604 
657 3.14320276979762 
658 2.83547458581632 
659 3.2107372864592003 
660 2.6935166115255997 
661 3.33665536085872 
662 2.8183140437778 
663 3.27018164194834 
664 2.78026935009386 
665 3.7096876852675003 
666 2.5530830045479798 
667 3.22708083000372 
668 2.465601219950444 
669 3.06721630383116 
