0 3.541184954468526 
1 3.4414848443933708 
2 3.320745137446558 
3 3.2943937830731116 
4 3.3796381836766853 
5 3.853275050083421 
6 4.8191446612573605 
7 3.897605906241131 
8 3.6812147134772935 
9 4.079956194683593 
10 3.6277275829429234 
11 3.606427393806921 
12 4.479899818733498 
13 3.505650659693969 
14 4.952606601843132 
15 3.6526979069292045 
16 4.85 
17 4.379189126607661 
18 4.428410739249737 
19 4.85 
20 4.85 
21 4.85 
22 4.573541493246637 
23 4.882857902588067 
24 4.722395532452283 
25 4.85 
26 4.948529017099373 
27 4.466936399128473 
28 4.298475418357132 
29 4.160964284296067 
30 4.9651689474031455 
31 3.757159825104883 
32 4.9031279518530715 
33 3.5207618588322998 
34 4.46785030126102 
35 3.843843494635395 
36 4.85 
37 4.045667365533967 
38 4.85 
39 3.678060449468401 
40 4.6029006724617085 
41 3.2846049872488603 
42 4.137617698091969 
43 3.0521291667307717 
44 4.926208323001943 
45 3.362387456196561 
46 4.85 
47 3.7865686161397045 
48 4.358428050559477 
49 4.03249347699127 
50 3.989358791747434 
51 3.9828560716243055 
52 3.348142070625368 
53 3.2066100559832384 
54 4.205363195472125 
55 3.7840083845175827 
56 3.1138796761889003 
57 3.855669082758164 
58 3.342385623737733 
59 4.095786812578735 
60 3.7250315808126633 
61 3.64617681531574 
62 3.689961194127248 
63 3.4070559094386716 
64 3.710713411480622 
65 2.9328750873969094 
66 4.189175914733707 
67 3.298042052339348 
68 3.6661087161269132 
69 3.8602245659640864 
70 4.119927103021626 
71 4.85 
72 3.3885329180312445 
73 3.9918555306975447 
74 3.5799703013622812 
75 4.85 
76 3.92419086130453 
77 4.85 
78 3.4992848747550998 
79 4.85 
80 3.8487073687878297 
81 4.1483429107648355 
82 3.6518526048696702 
83 3.17733238757742 
84 4.556039770708703 
85 3.438118677792426 
86 4.684603548755999 
87 4.17214732365929 
88 4.207483494411317 
89 4.321731441592628 
90 3.6221995603004125 
91 3.572518212363851 
92 2.898559641045287 
93 2.9274644423490805 
94 2.979518446583315 
95 2.775656509574919 
96 4.194078717269946 
97 3.722041746798851 
98 4.071988010489786 
99 3.707531227058882 
100 3.662918273938743 
101 3.360791233832174 
102 4.85 
103 3.2360643469198855 
104 3.5577370977414784 
105 3.4789562855079503 
106 3.073115117711999 
107 2.597467026244218 
108 3.2404665674644764 
109 2.9443209979232505 
110 3.6125230727091746 
111 3.2935983181537134 
112 4.596508721407519 
113 4.315413031784767 
114 3.7682166251542175 
115 3.5500395089191117 
116 3.504039653248912 
117 3.438589836273357 
118 4.85 
119 3.517158955830303 
120 4.85 
121 3.3001994760390305 
122 4.801513688771804 
123 3.3418628589196193 
124 3.8290409038128734 
125 2.918870955073797 
126 3.553815185373026 
127 3.273296505475614 
128 4.152256904348666 
129 4.007619098753326 
130 3.020322040320548 
131 2.7301903017222724 
132 4.6336450381829 
133 4.216893248099046 
134 3.8176047743746824 
135 3.1188689740656756 
136 3.968532924944324 
137 3.729439631867339 
138 3.333382081971402 
139 3.8959954112120436 
140 3.084814472943431 
141 3.2561509550503978 
142 3.473877697465497 
143 4.237300589797332 
144 3.1258123004451117 
145 3.79981339866812 
146 3.55090375648556 
147 3.3556472928025203 
148 2.789831447239501 
149 2.8166384794683137 
150 3.237464183525076 
151 3.9410435921809737 
152 4.27143331436183 
153 3.8778896883649345 
154 2.7809716198523757 
155 3.0213646092580757 
156 3.350117940650154 
157 3.711789634126789 
158 4.111487773678332 
159 3.7199020081090617 
160 4.85 
161 3.8232600652001674 
162 4.85 
163 4.7044159925169895 
164 4.85 
165 3.9153046699158964 
166 4.986152725613235 
167 4.098226952239129 
168 4.85 
169 4.71540391956805 
170 4.520816527504486 
171 4.1520405046065205 
172 4.526508470404733 
173 3.898121063661729 
174 4.85 
175 3.9640116948590145 
176 4.529752602647883 
177 3.622290058098373 
178 4.5569989237332935 
179 3.2194164849845386 
180 3.5604135891475925 
181 3.1426232584660396 
182 4.288585709336613 
183 3.993907979345434 
184 3.813988329638461 
185 3.7328431191118376 
186 3.434856893245929 
187 3.0759022571665025 
188 3.5712680692032497 
189 3.6746430230083105 
190 4.0488210272280165 
191 4.0472572937361 
192 3.832872815022725 
193 3.461771144745736 
194 3.7909341751616443 
195 3.5100633884477763 
196 3.6279375999508656 
197 3.568633118148813 
198 4.066446251001414 
199 3.6894799788295654 
200 3.5346947926537955 
201 3.6705943671883317 
202 4.274614177371127 
203 4.3063211084873725 
204 3.955650746180309 
205 3.8290880925640507 
206 3.1329479283090285 
207 3.135606835316495 
208 4.093655420672837 
209 4.067902352606303 
210 3.3204969347802002 
211 3.1632255798752387 
212 3.4645717635826894 
213 3.2274002645723012 
214 3.5776933264419544 
215 3.5265697983487216 
216 3.293528157724266 
217 2.972285194402401 
218 3.878743847283329 
219 3.997411805796707 
220 3.9208648136240045 
221 3.684955251498191 
222 4.134954319943376 
223 3.7524241993009517 
224 3.687344128886866 
225 3.31722559572568 
226 4.226051319617556 
227 4.230027301481622 
228 4.0847058041309605 
229 4.10328972873767 
230 4.196393866711486 
231 3.670675838776954 
232 4.02402029972303 
233 3.798370213966618 
234 3.9413608062310104 
235 3.62283913967735 
236 3.574353427725473 
237 3.3890211606442375 
238 4.004843989706022 
239 4.1310442319697795 
240 3.955599023232526 
241 3.916042630059624 
242 3.642175804192923 
243 3.5465477117452684 
244 4.923073787970547 
245 3.6342525112832043 
246 4.127985785579095 
247 3.758294135623818 
248 3.912801598905412 
249 3.9547221407748454 
250 4.057181666504198 
251 3.3697217261405843 
252 4.045128017030304 
253 3.5568782458543233 
254 3.9661397076251257 
255 3.8539761796583525 
256 3.3849316501619944 
257 3.365283212296007 
258 3.9409302874337473 
259 4.121929524147978 
260 4.563053646732136 
261 3.9924755820366054 
262 4.157505721749919 
263 3.9132644076142946 
264 3.548043916563222 
265 3.563693006105632 
266 4.04244136210104 
267 3.8105002968128665 
268 3.4214889020541497 
269 3.309774777755888 
270 4.472298655683738 
271 4.346014781862704 
272 3.7164665932500585 
273 3.5628209852537536 
274 3.7574023539229757 
275 4.548577946161675 
276 4.720025130429227 
277 4.85 
278 4.306501200710318 
279 4.85 
280 3.648163912980209 
281 3.297959143499239 
282 4.965974239188036 
283 3.908076200737429 
284 4.484860114351804 
285 4.353042823715891 
286 3.3779766857619915 
287 3.3184755153429424 
288 4.85 
289 4.85 
290 4.748318708848011 
291 4.85 
292 3.1932781556826106 
293 4.228163926832218 
294 3.794054275086207 
295 3.720045848468177 
296 4.85 
297 4.884913070387754 
298 4.85 
299 4.85 
300 4.431845498251088 
301 4.607903104736678 
302 3.168076391082449 
303 3.868626077450271 
