0 3.090234879209091 
1 3.691624283170322 
2 3.8445755647906785 
3 3.4689325437583896 
4 3.573965219385638 
5 3.250304567554136 
6 2.9062085246775773 
7 4.105497826778777 
8 3.4184187183069463 
9 3.663807683285225 
10 3.905704292623241 
11 2.9618118168680563 
12 3.801286980718683 
13 4.422666764447179 
14 3.935235018163933 
15 4.238433056766471 
16 4.135804102600687 
17 3.0196134435419877 
18 3.162172406046884 
19 3.868942400305576 
20 4.29956937973447 
21 2.970399933920739 
22 3.6632224198250976 
23 3.700279562117226 
24 3.2475796650668323 
25 4.095765951420211 
26 3.561281551768362 
27 3.140002797097709 
28 3.8065389018150784 
29 3.7976805837559366 
30 3.9733483204384323 
31 4.065576476714252 
32 4.355748845880499 
33 3.758823270203173 
34 3.927326112850186 
35 4.535209286029048 
36 3.964499059848385 
37 4.339586169390067 
38 4.400604549546957 
39 4.446203976527926 
40 4.2349826696375725 
41 3.460899295313102 
42 3.5307670470947046 
43 4.447824600411092 
44 3.0505287747492806 
45 4.173010359660023 
46 3.625707715622224 
47 4.655272310328407 
48 3.7289333247734495 
49 3.972481101201461 
50 4.016908343482303 
51 3.8889198013909136 
52 3.519011068425872 
53 3.7417733420728876 
54 3.8868572243566706 
55 4.22548883694555 
56 3.933432786874037 
57 4.385918404920588 
58 3.6200274611664742 
59 4.491297467902497 
60 4.568261112804578 
61 3.8789072724856837 
62 4.334243189710364 
63 4.0285590765763 
64 3.783692113983933 
65 3.605714823667867 
66 2.8931554133394224 
67 3.35209045788789 
68 3.9594866362801233 
69 3.6708172394067713 
70 3.449270524835936 
71 3.7698197106776545 
72 4.525326998686802 
73 4.2626849576536845 
74 3.841579865999923 
75 3.4586853772498314 
76 4.451108525255394 
77 3.6567314118859455 
78 4.029574888782331 
79 4.029253918226375 
80 4.000002450349961 
81 4.211413636098065 
82 3.280625344367439 
83 3.834057575010905 
84 4.170202216272143 
85 3.5762101549571153 
86 3.7455766544144202 
87 3.9548731787866553 
88 3.744189743116035 
89 3.819966790943717 
90 3.853257442452275 
91 3.699295913108284 
92 3.4578750839008667 
93 3.5211365145439375 
94 2.894556023017662 
95 3.4007803341301153 
96 4.114178665540733 
97 4.253121317870348 
98 3.6293583612698264 
99 3.237730736282043 
100 4.011334329680848 
101 3.601340266424281 
102 3.4834842739840464 
103 4.114839692210173 
104 4.0925717658072855 
105 4.450795300510443 
106 3.4462897735165354 
107 3.410591844199697 
108 3.9702628166992464 
109 3.682937510750974 
110 3.742784475927692 
111 4.137300767256946 
112 4.221330397777491 
113 3.678958304718748 
114 3.9073504950576283 
115 3.584594922404246 
116 3.8696274911097617 
117 3.6546595394652805 
118 4.4583517259316165 
119 4.689991586956145 
120 3.7943763167064377 
121 4.242060879159538 
122 4.623770390879865 
123 3.300223918997773 
124 4.261656440934661 
125 3.652312024955087 
126 3.7097102950123113 
127 3.662092567184052 
128 4.158053722109006 
129 3.5746915857834627 
130 3.609937566330303 
131 3.7659264979391684 
132 3.7465137111606523 
133 4.338370489364105 
134 3.98308651286063 
135 3.367904747243287 
136 4.490478083686515 
137 4.323404187756923 
138 4.190229533064091 
139 4.043510067559248 
140 4.288902647553046 
141 4.403558449888852 
142 4.087887389679296 
143 4.350073308295479 
144 3.5942275908435963 
145 3.860763738141539 
146 3.4179043869103696 
147 3.679578918465044 
148 4.221642536703913 
149 3.249917489415574 
150 4.290191262555572 
151 4.385840972158771 
152 3.9609926734719645 
153 4.489415387849517 
154 3.9906788789649488 
155 3.8018665031084136 
156 3.9245924840405535 
157 3.743152093622766 
158 3.402879059884503 
159 3.9481793818412174 
160 3.804831336258951 
161 4.029255585531597 
162 2.8013900151760307 
163 3.6795234868739226 
164 4.591613750881789 
165 3.9757110361989128 
166 3.632317176317392 
167 4.43545632212289 
168 3.955600155918201 
169 4.200269748369495 
170 3.897011786831558 
171 3.9356161968932843 
172 3.6920663352408214 
173 4.123658121842681 
174 3.7917876705413933 
175 4.078955694785955 
176 3.6429476804473513 
177 3.5226338974173204 
178 4.238210168089884 
179 4.495140734806604 
180 3.9287497922964545 
181 3.3216675880437254 
182 3.5281906160442738 
183 3.419550307953301 
184 4.5199289785796015 
185 3.798848080581712 
186 3.938513861737227 
187 4.413805054332679 
188 3.5049488895979257 
189 3.361093677305177 
190 4.04473575199978 
191 4.709677280943566 
192 3.939201979098849 
193 4.422491988605195 
194 4.542991573585922 
195 4.002271009505918 
196 3.8349613056629623 
197 4.347562015252333 
198 4.209438479052486 
199 3.4542852583578125 
200 3.8776050893432314 
201 4.107672865981361 
202 3.432913593521631 
203 3.1680413026423575 
204 3.506922054068441 
205 3.170650551690251 
206 4.187560171912148 
207 4.259937953965967 
208 4.285037429804516 
209 4.437470265412266 
210 4.006980191605786 
211 3.8901405107136475 
212 4.395138213547088 
213 3.384748835007617 
214 3.680570774939852 
215 4.002990671371148 
216 4.111898509512763 
217 4.192545709344788 
218 4.029679588517051 
219 4.213312909209824 
220 3.051603415010302 
221 4.233427153687605 
222 4.151829033906067 
223 3.945692895422404 
224 3.7152718543952696 
225 4.610563917866349 
226 4.033571005225603 
227 3.3308360788882796 
228 3.425828532469386 
229 3.4336438563063347 
230 4.052843208366396 
231 3.1432687087519717 
232 3.7708434984642074 
233 4.147344392951237 
234 3.7675618437590668 
235 4.292082630780613 
236 3.680684903932004 
237 3.808551765958505 
238 4.3541128212672096 
239 3.4423797925065642 
240 4.2102941194518895 
241 3.595212724806546 
242 4.551564607072255 
243 2.7960833984172844 
244 3.425834726849628 
245 3.7108612443434996 
246 3.603162244186206 
247 2.963444688947579 
248 3.878683638963006 
249 4.4449806147783395 
250 4.6258808965939355 
251 3.895294599674323 
252 3.9674624833841468 
253 4.200614884906443 
254 4.049394306291061 
255 4.093486174115197 
256 3.473411466604262 
257 3.9641447224826676 
258 4.205424139731702 
259 4.380267437861365 
260 3.8042873357490383 
261 3.209722966511172 
262 4.255177434296876 
263 3.748732243740787 
264 3.782315752251412 
265 3.7735068161895686 
266 3.7485885204330645 
267 3.6431505098436685 
268 3.553160277233954 
269 3.6202758705333293 
270 3.9161771850045874 
271 3.325124695404635 
272 4.387030785655422 
273 3.4061147187164904 
274 3.893853725642666 
275 3.9699070606015754 
276 4.162892557096829 
277 4.230360793402986 
278 3.4757396814181467 
279 3.47504383341008 
280 3.9024103060869533 
281 3.865000670618574 
282 3.8777668734344903 
283 4.377019161773066 
284 2.888836364888706 
285 4.156386478577523 
286 3.966181799342477 
287 4.463181312492549 
288 4.206680458455401 
289 4.098692050736806 
290 2.9189472466264497 
291 3.477629192007741 
292 3.563455674035669 
293 3.9096358049851148 
294 3.594362893340103 
295 2.855467325148164 
296 4.109555153062485 
297 4.340919720217669 
298 3.69891338352495 
299 4.238342848380103 
300 3.9898508791798513 
301 3.84282435988011 
302 3.2135092733470425 
303 4.647529101584083 
304 4.11918751028643 
305 4.270674581608648 
306 2.944205172816085 
307 4.859409060836359 
308 4.4350342852394276 
309 3.7283481609202256 
310 4.473133548422611 
311 3.4295701598113157 
312 4.081936168617663 
313 3.9571115293318093 
314 4.352767631542182 
315 3.5692168923587544 
316 4.261550750281485 
317 3.409862385476033 
318 3.528671260968033 
319 3.8687272768369305 
320 4.363478485210537 
321 3.5632456711749887 
322 4.1722805507708385 
323 3.7422695272042423 
324 3.040288747829237 
325 3.867771578218848 
326 3.574826982898308 
327 3.1875454273673527 
328 3.5199911429158024 
329 3.6713804827633907 
330 4.179486515403706 
331 3.872888639898524 
332 3.4061113672071768 
333 4.199638995508868 
334 3.217264406381002 
335 4.012145628382531 
336 3.2580366390221824 
337 3.5812221544079472 
338 3.3888486994281073 
339 3.0827282763333432 
340 3.4997772194359533 
341 3.1396599273330077 
342 3.829082838963818 
343 3.6381645928296575 
344 3.811586111475543 
345 3.744926117688574 
346 3.057028980108711 
347 3.0387506954198384 
348 4.000449609171564 
349 3.813850071329394 
350 3.1447234522463288 
351 4.190954525557774 
352 4.019989619846943 
353 4.565598441123101 
354 3.7530493201173227 
355 3.427417844028572 
356 4.352169934875792 
357 4.1803330514013295 
358 4.007149592040505 
359 3.9973510222101236 
360 3.7682757348830025 
361 3.919402967128083 
362 3.9399743239824927 
363 4.140985511735862 
364 4.2230968949030245 
365 3.6376116265515135 
366 4.462171053986952 
367 3.589796599728139 
368 4.1456805584952745 
369 3.4374899547014133 
370 3.295872045975952 
371 3.5618639585713474 
372 3.985902094530453 
373 3.8862336945940155 
374 4.60144473713641 
375 3.919077935111163 
376 3.6742717289877094 
377 4.181702735657515 
378 4.034715085466332 
379 4.122537773655901 
380 4.545189281998159 
381 4.2631639409774165 
382 3.575279448012366 
383 3.184054404071471 
384 3.9270599689846226 
385 4.075780870714707 
386 3.577125076454581 
387 3.327223376963057 
388 4.128989967996694 
389 3.9374338596147487 
390 3.851986253292182 
391 4.041597633387781 
392 4.242845784401888 
393 3.9960218566520793 
394 3.355596362417785 
395 4.316698799414784 
396 4.091690273985966 
397 4.147839804205547 
398 4.006604451206448 
399 3.5895475145208104 
400 3.6723113658323023 
401 4.025479131409035 
402 3.961764933877929 
403 3.7243572970180714 
404 3.7807949002368226 
405 4.224547259531898 
406 3.6386019646787817 
407 3.2550910234844443 
408 3.8729179397038536 
409 3.9058839470482636 
410 4.255856021850372 
411 3.984377393579217 
412 3.4099683295948098 
413 2.81451675443953 
414 3.4386001709492824 
415 3.843481981743445 
416 3.82291168025256 
417 3.2124598706026894 
418 3.958950952417805 
419 4.466285069567358 
420 3.741094071809787 
421 4.141797884690322 
422 3.933049446928955 
423 4.237934286101645 
424 3.509776747994045 
425 3.6203855110857406 
426 3.223564192718527 
427 3.8695336307272052 
428 4.069568765343747 
429 4.3183931045908395 
430 3.728210868325966 
431 4.020125388776544 
432 4.217040942818523 
433 4.292686909004315 
434 3.9266695931391875 
435 4.104718044604719 
436 3.6785609941979622 
437 4.154453262161402 
438 3.816419122224395 
439 4.124111575732198 
440 3.5421656493114853 
441 4.57653328287674 
442 3.0821881767038426 
443 4.0449176503792765 
444 4.153315799257258 
445 3.1208716674516186 
446 3.4475776614375597 
447 4.063853119048096 
448 3.518338923959722 
449 4.519740843620468 
450 3.4885529971948577 
451 3.978678208440004 
452 4.686582388153216 
453 4.522174725040253 
454 4.255502550066372 
455 3.563300891532227 
456 3.8887173920793123 
457 4.051968697415849 
458 4.157979008091307 
459 4.214157532846394 
460 4.1423178355601165 
461 3.9294275060666126 
462 4.227193176565797 
463 4.2072388205679765 
464 2.917407520959337 
465 3.2017596018707253 
466 4.090969046388473 
467 4.051783634956688 
468 3.4952052315895976 
469 3.830277614459697 
470 4.3197304226662485 
471 4.299352761510238 
472 4.05938630903122 
473 4.0433935599254935 
474 3.554029039708153 
475 3.101830199252092 
476 3.45975853125431 
477 3.2571467872982467 
478 4.225507958084092 
479 4.57941884330184 
480 4.497658235930308 
481 4.262489353832208 
482 4.286245718586104 
483 3.8702747961945163 
484 4.047161991335848 
485 3.9570384239558427 
486 3.718585138551658 
487 3.852138254182504 
488 3.915566622201869 
489 4.088872591549035 
490 3.7889052959609857 
491 3.82618166939017 
492 3.9499839808435766 
493 4.027314006741953 
494 4.749111906446425 
495 3.3009157903738 
496 3.6658318387968816 
497 4.099019442764624 
498 2.70584625702121 
499 3.4587376528664877 
500 4.349017180742121 
501 4.034151246019823 
502 4.199473437294619 
503 4.31159049952424 
504 3.9714067300908966 
505 4.292228782983917 
506 3.815361549056679 
507 3.2700169035351143 
508 3.736211248935492 
509 3.937189143179635 
510 3.608293502447863 
511 3.990166749471741 
512 3.967192431183731 
513 3.468632873169324 
514 3.703407917214882 
515 3.8603920126860243 
516 3.854347549132444 
517 3.465559574913373 
518 3.5551481520279298 
519 3.8904541792008556 
520 4.043918744472611 
521 4.092198950422375 
522 3.787232422193345 
523 3.2914888461560543 
524 4.015165840096809 
525 3.3676423848090193 
526 4.061022496504288 
527 3.713768220411008 
528 3.2439441586959137 
529 3.9282557478813076 
530 3.604928014927806 
531 4.017404902784517 
532 3.897748627423486 
533 2.9526482434099823 
534 4.305459317616807 
535 4.317120119083575 
536 3.6863328613414748 
537 4.734454761409774 
538 4.413896510910695 
539 3.700813042515779 
540 3.828341625866677 
541 3.1660501701294574 
542 3.830494058820928 
543 3.7872396359610954 
544 3.7694746849730416 
545 3.45238355485841 
546 4.017517072607935 
547 3.949107130520838 
548 4.454507518955611 
549 3.997219313385926 
550 3.3588625206300518 
551 3.5678575212484676 
552 4.227257184462941 
553 3.2611148537747034 
554 3.295279800970475 
555 3.901390827625882 
556 3.3065911752499746 
557 3.688466620091247 
558 4.24861205467537 
559 4.103907963734416 
560 3.9092044898000875 
561 3.6948731667652157 
562 3.6698055627359776 
563 4.095797699196992 
564 4.007299730289227 
565 3.8240799237343 
566 3.4915295091247813 
567 3.487413339951433 
568 4.435582568521145 
569 4.220330120320826 
570 3.7158839653433935 
571 3.665995832446072 
572 2.778552871611133 
573 3.4267452622732804 
574 3.338088901145149 
575 3.71749537389223 
576 3.813953048547794 
577 3.803017702097474 
578 4.308508767850226 
579 4.463102764706267 
580 4.1493793792031335 
581 3.938516836043153 
582 4.061405104916039 
583 4.102157615522323 
