0 2.99586162922384 
1 2.73767479359734 
2 3.36586162922384 
3 2.8925517677186603 
4 3.4438162478476997 
5 2.9813812128634 
6 3.5813985258772596 
7 3.01135432006308 
8 3.6211307201272396 
9 3.19291744349806 
10 3.7764158822653 
11 3.61727193937998 
12 3.45420157271896 
13 3.51235754052792 
14 3.41049017198974 
15 3.5254804162674 
16 3.4497107309075803 
17 3.5777804967113602 
18 3.5227941568366603 
19 3.4298944487498404 
20 3.4782488444360404 
21 3.4246436640235602 
22 3.62320932771456 
23 3.3584428894508798 
24 3.70805824811098 
25 3.38462431864576 
26 3.6166058271308 
27 3.2460087331518204 
28 3.4434694750426202 
29 3.37655783152812 
30 3.49875950161334 
31 3.4053923160586 
32 3.5317533832140398 
33 3.39853250029386 
34 3.49059771997006 
35 3.4451241104168604 
36 3.51561533436814 
37 3.47283054471254 
38 3.58724898944982 
39 3.4403035381075804 
40 3.5636089173701 
41 3.57447768568014 
42 3.4937514253856796 
43 3.61978978219726 
44 3.3540459524628803 
45 3.4100086865340797 
46 3.38071431314368 
47 3.4416176885580803 
48 3.4074062867226402 
49 3.5069161342026396 
50 3.43569108025804 
51 3.5423431363113 
52 3.4911773974797597 
53 3.61578686779236 
54 3.6271111739418402 
55 3.7780164072335602 
56 3.7540698764004397 
57 3.8149459198568003 
58 3.8520063649968797 
59 3.80327696736126 
60 3.8182364546459397 
61 3.71139499053494 
62 3.7126011659192004 
63 3.7416124367518 
64 3.7292887818651 
65 3.67856399052134 
66 3.6776750403380802 
67 3.69498674250178 
68 3.64871177013242 
69 3.6750992692744395 
70 3.64561236433946 
71 3.5741170843231203 
72 3.5745231588068003 
73 3.557542094929 
74 3.5839245637425003 
75 3.5410150678587002 
76 3.57349805110774 
77 3.6131310925439797 
78 3.6482605605986 
79 3.67603646484008 
80 3.67603646484008 
81 3.58084245940758 
82 3.5999898240599597 
83 3.71514328564274 
84 3.6110542710211804 
85 3.7977348239668602 
86 3.6681788919656197 
87 3.82663119831136 
88 3.6676198416064403 
89 3.6787137966222 
90 3.4778980154738597 
91 3.51127007556328 
92 3.5328871267532795 
93 3.42928672913324 
94 3.47863123880584 
95 3.38547638779458 
96 3.5440706330283396 
97 3.5825858651330003 
98 3.7788287541925003 
99 3.6889012398142595 
100 3.85270752693044 
101 3.8902268728293996 
102 3.8282367025067403 
103 3.9719033843972396 
104 3.9126399506513403 
105 4.07688928880304 
106 4.12543154917364 
107 3.9187104360447798 
108 4.01336963331812 
109 3.8323786035943597 
110 3.9247128489920398 
111 3.75838564777388 
112 3.8818683849580404 
113 3.5409296431626798 
114 3.68961590692036 
115 3.4164691563594 
116 3.4815858421798196 
117 3.5840673900027396 
118 3.5459347173605003 
119 3.64889438503132 
120 3.5758719985498404 
121 3.5994163549690597 
122 3.63916074380674 
123 3.75804946924194 
124 3.78355704043096 
125 3.9252178675395 
126 3.99158710517152 
127 3.8370773869646397 
128 3.97393400807864 
129 3.9870347270008204 
130 3.83668669589494 
131 4.0594928722442 
132 3.87473564437484 
133 4.08578675600518 
134 3.90748768898318 
135 3.9676031965789798 
136 3.87069535771476 
137 3.71606898624338 
138 3.6569345768832 
139 3.60339320689162 
140 3.55196780850994 
141 3.43494960179992 
142 3.7238083569980605 
143 3.39329742421486 
144 3.6908297743857803 
145 3.41532186016428 
146 3.69654624612834 
147 3.53143183337314 
148 3.7873933025300603 
149 3.63661354331544 
150 3.8981645839880796 
151 3.80604116343686 
152 3.75103980461598 
153 3.70742198327882 
154 3.6525245001800997 
155 3.7026235184408796 
156 3.51812761105788 
157 3.6326401717545 
158 3.48091444426118 
159 3.54809632346536 
160 3.42028567439466 
161 3.412425562518 
162 3.4873176326245003 
163 3.5573214895477596 
164 3.59621638200746 
165 3.6226787393090802 
166 3.71308934311984 
167 3.71788425084394 
168 3.75429405287638 
169 3.89520961625892 
170 3.89618777138892 
171 3.99399986641334 
172 3.87850610378768 
173 3.9101387227590996 
174 3.86934794875474 
175 3.9254296137324403 
176 3.91794773629044 
177 3.7736779764515602 
178 3.762935762725 
179 3.6473010085406203 
180 3.67718678847044 
181 3.55942950340082 
182 3.72285504562502 
183 3.42481831633116 
184 3.56670364400224 
185 3.39635781194134 
186 3.56882183501176 
187 3.42810503081454 
188 3.63919879448916 
189 3.50069760929568 
190 3.6623515795876997 
191 3.4469185625948198 
192 3.62375048376832 
193 3.58614237664158 
194 3.70429418752098 
195 3.55131459642714 
196 3.66236558722128 
197 3.68576036170836 
198 3.75252028267938 
199 3.7376275137649997 
200 3.8193102333004605 
201 3.76388187257768 
202 3.6720417608724603 
203 3.86752387021368 
204 3.8248813542199 
205 3.8956714399576398 
206 3.7659861945317603 
207 3.79112096793178 
208 3.6998896770637204 
209 3.61609786713262 
210 3.95004998354768 
211 3.7909106664361603 
212 4.05370594560622 
213 3.7696197129916 
214 4.03407920195432 
215 3.86117896589544 
216 4.13278477093262 
217 3.96724900154602 
218 4.335040015181059 
219 4.12829638002992 
220 4.09964302352694 
221 4.03070159652952 
222 4.05398919069874 
223 3.8304016732089003 
224 3.81970491012358 
225 3.6463000832133 
226 3.6614368348385398 
227 3.5815229174448198 
228 3.52368360276136 
229 3.49100908486352 
230 3.5525012269962604 
231 3.44879529224042 
232 3.42404934920038 
233 3.6678403303668397 
234 3.599258606648 
235 3.76246102703942 
236 3.67582501886496 
237 3.6880558787539 
238 3.64578899411892 
239 3.6779642520334597 
240 3.72807418149788 
241 3.83519640354868 
242 3.91997912427392 
243 3.70443488097346 
244 3.8539778101969 
245 3.78968885442412 
246 3.9356794732649805 
247 3.89062797009316 
248 4.025314272060919 
249 3.96445395960654 
250 4.03129689579928 
251 3.95820045623068 
252 4.0402506722504 
253 4.08980294428596 
254 4.1562408176451395 
255 4.10296333233478 
256 4.12184868501364 
257 4.06484166720346 
258 4.03655177361952 
259 4.1518019294554005 
260 3.9615222968024804 
261 3.94629481348332 
262 3.75313697209752 
263 3.97626681672888 
264 3.77019914400456 
265 3.90085174044978 
266 3.80459127663608 
267 3.9582876878903 
268 3.86145741025972 
269 3.75760770324136 
270 3.8726881696685402 
271 3.9007479771861804 
272 4.042571402222601 
273 3.8484770261267798 
274 4.00106205665512 
275 3.8725518412242 
276 4.00106205665512 
277 3.8216925108491204 
278 3.9219535106984402 
279 3.93441174369228 
280 3.93496596308026 
281 3.94442807708146 
282 3.8523024481912005 
283 4.057570418487581 
284 3.9205429163047802 
285 4.0302503182296 
286 3.7717477022537205 
287 3.9351412020820598 
288 3.7645124709072 
289 3.9150860036606403 
290 3.82104240428622 
291 3.80018824570132 
292 3.7561049494053003 
293 3.78997943946762 
294 3.72911140182092 
295 3.7715897901158 
296 3.8401211974886005 
297 3.86785878928992 
298 3.86997137103488 
299 3.93180282548728 
300 3.83159843772586 
301 4.017323373584739 
302 3.90477043367326 
303 4.00013562876736 
304 3.92612992956296 
305 3.9936884084702 
306 3.9639153479463403 
307 3.9429763209957995 
308 3.9349258673641403 
309 3.82899915526106 
310 3.90988722286732 
311 3.68712477800202 
312 3.8306103257142397 
313 3.6602886900656 
314 3.75716059106296 
315 3.7027687241508405 
316 3.6375081338834 
317 3.75713997546994 
318 3.6322949371686 
319 3.7601474528207803 
320 3.66449221116444 
321 3.9784036418997197 
322 3.7833133285015004 
323 3.9117450690263 
324 3.7774745423907 
325 3.90576064127328 
326 3.7568315814563804 
327 3.9431015048987597 
328 3.8086584927481395 
329 4.05086498984014 
330 3.7724229868315198 
331 3.99486120452982 
332 3.76447935223418 
333 3.7997366562090797 
334 3.5672894768014998 
335 3.6539507441051398 
336 3.6564145397927197 
337 3.5874404666696202 
338 3.67713683584372 
339 3.5254602646092 
340 3.64782890256378 
341 3.4085411931602203 
342 3.66177048279012 
343 3.68621061086016 
344 3.9447705680123 
345 3.7561962172239 
346 3.87452651122094 
347 3.8481408393372 
348 3.89773142211724 
349 3.8906547028257004 
350 3.9034875025100804 
351 3.9514608965878404 
352 3.9035298266241805 
353 3.930950894739 
354 3.8053603083297 
355 4.0687490799793995 
356 3.9267747202437397 
357 4.0685933233652 
358 3.86153222285688 
359 4.07213880138318 
360 3.9142776185371404 
361 4.0955562644898205 
362 3.9318478856740398 
363 4.130038703077981 
364 4.0393118366674 
365 4.04600497364472 
366 3.88852705106716 
367 4.08692581871098 
368 3.96985555984282 
369 4.19210849400342 
370 4.050243797277821 
371 4.2192623485624 
372 4.07156677089562 
373 4.18946058291118 
374 4.0235041149886595 
375 4.1425449674241 
376 3.9776976032925395 
377 4.12514192338398 
378 3.9688986176751597 
379 4.19562517289 
380 3.91911884427362 
381 4.11225051999388 
382 3.86744348646738 
383 4.095489439467761 
384 3.88278173157734 
385 4.01780261701742 
386 3.8801104277298597 
387 3.8494451289628997 
388 3.77611265225202 
389 3.7937224284623 
390 3.73096394157684 
391 3.70235319400688 
392 3.79181843058182 
393 3.65773689733536 
394 3.7295551525718205 
395 3.73734821459646 
396 3.92881775371566 
397 3.8895052275256603 
398 4.001369400515999 
399 3.9263308190321196 
400 3.93369304896162 
401 4.02100801473644 
402 3.99952813593562 
403 4.07271681037356 
404 4.0530929779311 
405 4.14579309857728 
406 4.0530929779311 
407 4.14436858097834 
408 4.0531391919084 
409 4.064507464221061 
410 4.19292284764178 
411 4.04651566143044 
412 4.19381560221062 
413 4.00232836554518 
414 4.16028455797098 
415 4.004329930077359 
416 4.10330950990116 
417 3.88285842056424 
418 4.02745514473202 
419 3.9202925698236797 
420 4.10855919569266 
421 3.71711148351784 
422 3.9943727927493398 
423 3.69527658647 
424 4.0163308454869995 
425 3.6004789580847003 
426 3.91104084782598 
427 3.6798026563120403 
428 3.99976719852352 
429 3.7455606409124202 
430 3.80816700170976 
431 3.8989596997941 
432 3.8849198858589 
433 3.8263159434856804 
434 3.78496127959306 
435 3.8764968606260197 
436 3.9472263253239 
437 3.8920799995545203 
438 3.9257295609900402 
439 3.82659529620296 
440 3.84321640320362 
441 3.8302030739048396 
442 3.84189977315442 
443 3.7824321495768 
444 3.8426565604354 
445 3.73383633444854 
446 3.8426565604354 
447 3.6707029838629195 
448 3.7876851943345997 
449 3.66727878115366 
450 3.75353361708678 
451 3.6628038229450395 
452 3.68931688503924 
453 3.80270216169218 
454 3.72622905017286 
455 3.75205774633354 
456 3.4785064791024403 
457 3.77148040524562 
458 3.49076543419584 
459 3.65084839720014 
460 3.6046795426017395 
461 3.75644963315562 
462 3.6526919894246803 
463 3.7730548104034596 
464 3.7379231889674003 
465 3.9056417516825803 
466 3.98564576003782 
467 3.95495921290848 
468 4.03522438051242 
469 4.1167530258435 
470 4.03098824237752 
471 3.97065055207216 
472 4.02136255484484 
473 3.8444239670602203 
474 3.8965616292689 
475 3.8703863238848 
476 3.8965616292689 
477 3.8742733810116396 
478 3.90695071769066 
479 3.8083026108058 
480 3.98876897843314 
481 3.78546288266866 
482 3.92303245319442 
483 3.91455481471352 
484 4.0021367160028 
485 3.9605325963968605 
486 4.0311193825512 
487 3.8043675452083 
488 3.86809337926774 
489 3.9296234469301803 
490 3.69508100258356 
491 4.068696333879 
492 3.7988030300542803 
493 3.98314115066002 
494 3.7197703075098403 
495 3.9032873399447197 
496 3.52751679468422 
497 3.99243532279388 
498 3.6082388677954804 
499 3.7778352715973 
500 3.7611049137882198 
501 3.6263503257872003 
502 3.63318987760834 
503 3.7561065490667405 
504 3.755122051552 
505 3.7851650883228998 
506 3.91839289782924 
507 3.89503432766962 
508 4.0099092178412 
509 4.07320589574332 
510 3.99854598502814 
511 4.23177990345852 
512 4.1489586467968005 
513 4.22040221946582 
514 4.1418364590474805 
515 4.21238477431106 
516 4.03156525262678 
517 4.20066534537174 
518 4.02625777856748 
519 4.1905175680069595 
520 4.08582929346772 
521 4.17649370602878 
522 4.0712148954098195 
523 4.1437860103454 
524 4.08912446750692 
525 4.1931189420649195 
526 4.117824775808019 
527 4.079211927239539 
528 4.00754052325776 
529 4.07758947816874 
530 4.11484695082822 
531 4.07068630710498 
532 4.08301673671874 
533 3.98504957004094 
534 3.99694724831784 
535 3.85790714803764 
536 3.8898755184024205 
537 3.9758865272592603 
538 4.05939213475226 
539 3.92816709027412 
540 4.03316448731978 
541 3.9314586523106003 
542 3.9935195630012403 
543 3.79489085116858 
544 3.8872467691865196 
545 3.79091878385288 
546 3.9945766365642 
547 3.8142464197540797 
548 4.08527847886186 
549 3.76674613585796 
550 4.1857574347091 
551 3.73094036235116 
552 4.07969067829372 
553 3.9672920502939397 
554 4.35514575232818 
555 4.03223921484334 
556 4.33237734266488 
557 3.87061211535372 
558 4.18882540222062 
559 3.9139237057979996 
560 4.17776501986674 
561 3.7742660590137396 
562 4.17711235864626 
563 3.81388217887556 
564 4.23109065177824 
565 3.85337226022802 
566 4.23505474400282 
567 4.01890971356256 
568 4.3767214076598595 
569 4.07272419980772 
570 4.35097215484684 
571 4.25488846331212 
572 4.56065929846482 
573 4.2108518667557 
574 4.46021550291248 
575 4.18855365508942 
576 4.47796954032954 
577 4.05457190761668 
578 4.30601199493236 
579 3.9628023020308 
580 4.0532324636109 
581 3.8749581747856197 
582 4.1611044693393 
583 3.93142908055324 
584 4.2447787766094995 
585 3.9197476279163803 
586 4.2377508347421 
587 4.00301982842458 
588 4.316203076162941 
589 3.97980168482706 
590 4.382490490755901 
591 4.10761259736098 
592 4.24079024983402 
593 3.9776895618699797 
594 4.08858701151946 
595 3.9101343088890195 
596 4.01923206094542 
597 3.8117002829873003 
598 3.97410311985684 
599 3.82479872360438 
600 4.00410830418022 
601 3.78274037040698 
602 4.05037873323348 
603 3.8612745533559 
604 4.16750603482064 
605 3.85515333898432 
606 4.22826532188186 
607 3.9466282886220396 
608 4.29904432271874 
609 3.9466282886220396 
610 4.39107262308948 
611 3.9466282886220396 
612 4.1734497240923405 
613 3.8013849404160402 
614 3.99398795758784 
615 3.73730185702028 
616 3.9059206837304403 
617 3.56717683576996 
618 3.86469538632266 
619 3.4455744457357 
620 3.7348530151264 
621 3.2710327190356603 
622 4.01964040631092 
623 3.2289723646625803 
624 4.00483558997206 
625 3.15697371412842 
626 3.8534923558353 
627 3.2351299053159996 
628 3.8768836185305404 
629 3.2463261892036797 
630 3.85913163352404 
631 3.50144703839342 
632 3.8264315680911603 
633 3.6871681772807 
634 4.02850565241632 
635 3.76523323560014 
636 4.10662575404662 
637 3.82385013162072 
638 4.06492842480578 
639 3.83013699603546 
640 4.109739643073921 
641 3.87509207758076 
642 3.87453598678162 
643 3.81001408247434 
644 3.7301211547542 
645 3.9624546951074597 
646 3.9098790431082002 
647 3.8493259563294204 
648 3.7531431780593003 
649 3.8358978678930797 
650 3.8390463318757804 
651 3.63105448084866 
652 4.10642352936824 
653 3.6391337888065403 
654 4.19101559933558 
655 3.70079523725664 
656 4.27053476340466 
657 3.8600242015511803 
658 4.50087783339892 
659 3.9261146984277198 
660 4.5035119523744 
661 4.143215557829199 
662 4.37010970143296 
663 4.19895680187504 
664 4.37678779748912 
665 4.07066942287438 
666 4.1631402222619 
667 4.03248142940316 
668 4.08681966598394 
669 4.01986953885862 
670 4.0051066600039 
671 3.9731599197652203 
672 4.03496602491196 
673 3.88703577455556 
674 3.9558162625331397 
675 3.94674794912304 
676 4.031826164032401 
677 3.86665352638654 
678 3.92860884462858 
679 3.86508098433264 
680 3.94792400901918 
681 3.8891234134289 
682 3.9629733061109804 
683 3.7781496336075002 
684 3.8556847941246604 
685 3.68206924053284 
686 3.7456394403494597 
687 3.6798144299882205 
688 3.77090288733476 
689 3.6385959902515403 
690 3.6833827192326196 
691 3.6052127194042796 
692 3.7027854139531597 
693 3.76613360492414 
694 3.88794576329406 
695 3.8561307358871 
696 3.97452275087032 
697 3.94344588635658 
698 4.04003352014888 
699 3.9800320869159003 
700 3.9551290516874196 
701 3.9930322402578198 
702 3.9696850668863397 
703 4.0493805506061005 
704 3.9686600927560596 
705 4.02273585938172 
706 3.93504583070684 
707 3.9628509705252 
708 3.8829520138806997 
709 3.98635052649538 
710 3.93796054229878 
711 3.89596565520526 
712 3.8958201702753 
713 3.7186260286011397 
714 3.7164180384730203 
715 3.6946660372896196 
716 3.6696483209297 
717 3.73071710873734 
718 3.70769820955028 
719 3.73807933024422 
720 3.72872686862974 
721 3.7019354774552604 
722 3.90866697217848 
723 3.88995990941766 
724 4.1665405489818 
725 3.9518683670195998 
726 4.2072802209606 
727 3.9721844835303797 
728 4.21408453134682 
729 3.80148429416442 
730 4.04415450190594 
731 3.9041373703599396 
732 3.88927384895412 
733 3.9535667777397796 
734 3.7858898638194605 
735 3.95990559633548 
736 3.77339172096658 
737 3.9061612334503004 
738 3.74079683619932 
739 4.11925377383456 
740 3.9128419952338396 
741 4.05316114821124 
742 3.99805714374534 
743 4.02005730595388 
744 4.0478963323578805 
745 4.03353897755628 
746 4.13315536040868 
747 4.0601443737027205 
748 4.15828187074292 
749 4.10433441973856 
750 3.9878907563063004 
751 4.04451935510114 
752 3.9460785114725 
753 3.8517281738269604 
754 3.74000864941126 
755 3.7512909284628 
756 3.63147554432238 
757 3.6660814273903 
758 3.5601711056654204 
759 3.5370215538654 
760 3.6135579218844 
761 3.4527512652053405 
762 3.4672266803657004 
763 3.43956758786764 
764 3.5011554090041996 
765 3.3292487033666 
766 3.41994071973308 
767 3.3687968317536 
768 3.41991577870564 
769 3.3407300466247003 
770 3.49591999425868 
771 3.38755181747556 
772 3.5914765553265804 
773 3.41973750093526 
774 3.6195876913176397 
775 3.59981478565362 
776 3.77682269760838 
777 3.7941126129675604 
778 3.9101180042364803 
779 3.8885176406395403 
780 3.9138035169185796 
781 3.99779876785302 
782 4.0401822599758 
783 4.12921832580874 
784 4.15093791103112 
785 4.18883527392208 
786 4.18875316432366 
787 4.22126690904868 
788 4.1327958903034006 
789 4.17716115921288 
790 4.1016723479761605 
791 4.18830719347714 
792 4.1225281890323 
793 4.170368320696619 
794 4.07815787446628 
795 4.04789687796 
796 4.00643478110906 
797 3.9536076221979 
798 3.90961426603524 
799 3.84494529545388 
800 3.80018458309804 
801 3.7368637820860995 
802 3.82139251966626 
803 3.57614869982372 
804 3.72188562483188 
805 3.4910733240839398 
806 3.6257167324299404 
807 3.5643496146775 
808 3.5944018783155203 
809 3.66003600313014 
810 3.6776140518212004 
811 3.56258779057528 
812 3.57086550468494 
813 3.6781806347610795 
814 3.64350050997552 
815 3.87992366807768 
816 3.8309767197958005 
817 3.99529612916688 
818 3.95673621350484 
819 3.95375986559822 
820 4.0695204603269 
821 3.98189906824076 
822 4.09547785767984 
823 3.9101790139011 
824 4.08540969703482 
825 3.86567820343224 
826 4.07451630868022 
827 3.9150950593507 
828 4.13380016759196 
829 3.9292667079988197 
830 4.07800442789942 
831 4.05809292178402 
832 3.96946379281286 
833 4.06063607488268 
834 3.9192789166531 
835 3.9972064172018 
836 3.82020030067538 
837 3.9113380602828998 
838 3.71687646410106 
839 3.8514968850957203 
840 3.7188407178556604 
841 3.7429911629393 
842 3.7785322909069996 
843 3.8358114151765 
844 3.89828884298156 
845 3.90041204693962 
846 3.9790951080830803 
847 3.8655537727693003 
848 3.9480401815933397 
849 3.9510945016424204 
850 4.025801795094241 
851 3.9895794487580196 
852 3.96466659094526 
853 4.00869646431854 
854 3.9653593612658398 
855 4.04354050519696 
856 4.02298591337442 
857 4.05629170666376 
858 3.99566259411952 
859 4.1076156135105 
860 4.1821214544892396 
861 4.1069809946961 
862 4.1824607096776605 
863 4.0191550569523 
864 4.13152963004232 
865 3.9223865079315 
866 3.98534216448342 
867 3.97632444852376 
868 3.87510888985988 
869 3.88659500737408 
870 3.7968100143698202 
871 3.8385739418346803 
872 3.84597627174996 
873 3.95927442119664 
874 3.90399960592588 
875 4.020866434027679 
876 3.9885562937815005 
877 4.02726437511238 
878 3.9411511290552803 
879 3.97072604383404 
880 3.8556669470089 
881 3.89516735382706 
882 3.78346678264708 
883 3.74005647836944 
884 3.6488240723014997 
885 3.69329829508422 
886 3.59985942529036 
887 3.62531493648084 
888 3.62508102195562 
889 3.6562624150812 
890 3.6627611147823202 
891 3.6944657554887796 
892 3.7345223447571003 
893 3.8045977963160604 
894 3.8749727280376 
895 3.80024476921054 
896 3.85662818498068 
897 3.81786779962676 
898 3.78234016516084 
899 3.69902199729342 
900 3.70450836555666 
901 3.62958874507072 
902 3.68441639386664 
903 3.7076721722865402 
904 3.7388744961809204 
905 3.6366849848353198 
906 3.65194031542294 
907 3.55687263686382 
908 3.7454377518521 
909 3.5534919766407596 
910 3.77441269282246 
911 3.6637325269049597 
912 3.76832799262466 
913 3.662002177973 
914 3.7412349558627596 
915 3.62404496461794 
916 3.71259174066548 
917 3.65594501023534 
918 3.71373179996314 
919 3.8109456808367397 
920 3.83970755203102 
921 3.80805007403126 
922 3.8850479608308803 
923 3.8198182762554196 
924 3.91409212636072 
925 3.9790644800102 
926 4.08957645332226 
927 4.13079464759548 
928 4.2295717727577395 
929 4.17505367766928 
930 4.10199350013108 
931 4.27995849162972 
932 4.19231893807822 
933 4.295485350961 
934 4.178926771865941 
935 4.374451510588861 
936 4.24751998850518 
937 4.3961700648302 
938 4.278846587666 
939 4.32128858502642 
940 4.276466333299441 
941 4.263076815763339 
942 4.23125105911894 
943 4.07347982124774 
944 4.14774670155802 
945 3.9762253624686204 
946 4.00832398284166 
947 3.88770599318424 
948 3.90404051201782 
949 3.8109738842076197 
950 4.0575949931053 
951 3.77202975948184 
952 4.011798654519319 
953 3.88404469717658 
954 4.06317452696926 
955 3.8405632689044404 
956 4.09587889791704 
957 3.9044667495817995 
958 4.14079462366688 
959 3.9684980296724 
960 3.9606889869186603 
961 3.9920652029487003 
962 4.03216971555542 
963 3.9835205847202197 
964 4.02451926813478 
965 4.04731106612546 
966 4.000842881487619 
967 4.0686098956212 
968 4.07816027524542 
969 4.04924848453222 
970 4.11522604410616 
971 4.01136146892334 
972 4.07722665004946 
973 4.0002416438204005 
974 4.064287391695 
975 4.03600834936544 
976 4.1615069432178995 
977 4.0635430885448 
978 4.1431999284164 
979 4.073229161718141 
980 4.20856277537086 
981 4.15387044721494 
982 4.2925016181852005 
983 4.16675241294572 
984 4.306357767551701 
985 4.15812276239178 
986 4.2580933693484395 
987 4.0352613832155395 
988 4.1226997416143805 
989 4.10522182806862 
990 4.05393988620588 
991 4.07827903305622 
992 3.97549396958214 
993 3.8908010959459802 
994 3.84620120168868 
995 3.827057999388 
996 3.78683967974192 
997 3.87079301638556 
998 3.88435817670194 
999 3.8112568900439796 
1000 3.9131436734378395 
1001 3.7813259396236196 
1002 3.8902938848006796 
1003 3.8721659255276797 
1004 3.90020053051614 
1005 3.85728614508724 
1006 3.93387045999388 
1007 3.87342114511598 
1008 3.94170765488954 
1009 3.82422606140936 
1010 3.88255098822854 
1011 3.8627660300471 
1012 3.93408589389472 
1013 3.92852729999922 
1014 3.97299734642394 
1015 3.9717412657342 
1016 4.00955788968062 
1017 3.9965838589288802 
1018 3.9937330076646 
1019 4.03924336347956 
1020 3.99033908691598 
1021 4.027494215482379 
1022 3.9544026268390198 
1023 4.14256586231226 
1024 4.08679590021192 
1025 4.051703933348319 
1026 4.03983678713134 
1027 4.12263616611706 
1028 4.101853017354641 
1029 4.11377400495174 
1030 4.12129770969276 
1031 4.10913085341406 
1032 4.1388233909701 
1033 3.9312637443037604 
1034 3.9843231524247202 
1035 4.00802686816606 
1036 4.01432520253498 
1037 3.86986553779444 
1038 3.9083149161289 
1039 3.91729261193026 
1040 3.88432121639046 
1041 4.0738212234521 
1042 3.84125670708434 
1043 4.2294663120927805 
1044 3.9502196010153 
1045 4.16877572923304 
1046 3.93193723081542 
1047 4.2608334637548 
1048 4.05248079654668 
1049 4.24104712080808 
1050 4.018179813535101 
1051 4.0731165326726195 
1052 4.03689938706992 
1053 4.10278011869428 
1054 3.9893080588779197 
1055 4.04659999770386 
1056 4.01321448159916 
1057 4.06292296033672 
1058 4.06748935899316 
1059 3.93163380241406 
1060 3.96354083566892 
1061 3.91372017065708 
1062 3.9039498548120397 
1063 3.7912320243386604 
1064 3.8503993468029796 
1065 3.7781109626249405 
1066 3.7666302883388605 
1067 3.77780158109166 
1068 3.69909134806772 
1069 3.76802723321432 
1070 3.87090840543186 
1071 3.78522888706948 
1072 3.9999408703835 
1073 3.8737394097674 
1074 4.13884986956202 
1075 4.078174948287581 
1076 4.13884986956202 
1077 4.078174948287581 
1078 4.39395845551466 
1079 4.09091395064084 
1080 4.4548375588182 
1081 4.22159028713504 
1082 4.44799548329536 
1083 4.24204089616166 
1084 4.46634634498308 
1085 4.14268249566566 
1086 4.31346524985074 
1087 4.0943711298496 
1088 4.157357046005179 
1089 3.99470576430262 
1090 4.02582242926116 
1091 3.98314579345974 
1092 3.98967038533904 
1093 3.94079867901934 
1094 3.83482872135584 
1095 4.0236735045234395 
1096 3.8694999499519596 
1097 4.06670834104892 
1098 3.88527973392642 
1099 4.01436949071272 
1100 3.9185349275979804 
1101 4.16188999788638 
1102 4.0619279762311 
1103 4.19442232371358 
1104 4.1800181143335795 
1105 4.1058317769859 
1106 4.1643471883333 
1107 4.097284844892981 
1108 4.194047929656881 
1109 3.90748416222904 
1110 4.0105185239590195 
1111 3.9672464041854 
1112 4.02504008519546 
1113 3.92196107508506 
1114 4.01841210769054 
1115 3.9501629555690796 
1116 4.0127680803727 
1117 3.9316788795964 
1118 4.01242117649984 
1119 4.06217184853454 
1120 4.142261490809259 
1121 4.07606769022214 
1122 4.18075236961186 
1123 4.13488111650322 
1124 4.1651774827325605 
1125 4.225499655932159 
1126 4.28120107228806 
1127 4.2334938179454396 
1128 4.25871269242988 
1129 4.20713164227934 
1130 4.21614424965368 
1131 4.22564935174394 
1132 4.11298254220244 
1133 4.19924269390608 
1134 4.12267161215564 
1135 4.0083197624377 
1136 3.95738032001682 
1137 4.04058685879972 
1138 3.9876331992271403 
1139 4.0255192324001 
1140 3.9920499696528404 
1141 3.98180891742084 
1142 3.95542118185178 
1143 3.96587334706986 
1144 3.92549136534994 
1145 3.9989183032427804 
1146 3.9230372481645 
1147 3.93118963031396 
1148 3.8256341153785796 
1149 3.8717709350356797 
1150 3.8044536756825402 
1151 3.8297778826735405 
1152 3.7761247042810404 
1153 3.6873445014421797 
1154 3.64878943796936 
1155 3.75712759279362 
1156 3.75841256766344 
1157 3.7203321614266995 
1158 3.7679798618163196 
1159 3.8591401442133 
1160 3.84180588566568 
1161 3.7991145139594997 
1162 3.84180588566568 
1163 4.01550164758714 
1164 4.016904547853921 
1165 4.01103972253542 
1166 4.02953486563216 
1167 3.96511884236252 
1168 4.03516339320076 
1169 3.92877819418322 
1170 4.01511941276912 
1171 4.09440433114702 
1172 4.18984494531274 
1173 4.01886255901486 
1174 4.16005963738742 
1175 3.98172815322382 
1176 4.09866427356532 
1177 3.9807348885924396 
1178 4.09290400835144 
1179 3.99567115420662 
1180 4.11896595211998 
1181 3.87491785045052 
1182 3.9343646927166 
1183 3.8847647980707998 
1184 3.90252655715726 
1185 3.9421191747154802 
1186 3.9483507096557195 
1187 4.05951905913974 
1188 4.0076557910302 
1189 4.04778580418394 
1190 3.9688348507942797 
1191 4.12818442595604 
1192 4.0912965483037 
1193 4.21549329900464 
1194 4.20038764289596 
1195 4.19802369950054 
1196 4.1967814307867 
1197 4.15653591951132 
1198 4.1648039595592 
1199 4.0995397258046 
1200 4.14472134211426 
1201 4.0076433913440805 
1202 4.11003979167434 
1203 3.9746468337154197 
1204 4.05839417788842 
1205 3.90155467377246 
1206 4.0020326185804205 
1207 3.93906198788486 
1208 4.0365362014162995 
1209 3.9565736721073796 
1210 4.0138139586571 
1211 3.88007731934574 
1212 3.88917378273728 
1213 3.8167356107351202 
1214 3.8605030032871 
1215 3.7732031959772003 
1216 3.8515334212367 
1217 3.63278404038022 
1218 3.70667655443926 
1219 3.5899051656088 
1220 3.65465942781364 
1221 3.6002201801241 
1222 3.66174929304254 
1223 3.67965890034282 
1224 3.71555301428846 
1225 3.8460178488395798 
1226 3.80622003376214 
1227 3.8746142811479203 
1228 3.90229219686454 
1229 3.82428907887828 
1230 3.9363860707911003 
1231 3.86845876313656 
1232 3.9614414471834003 
1233 3.73246185105304 
1234 3.8239077960939 
1235 3.5127005100760003 
1236 3.63127618551106 
1237 3.6550313793062004 
1238 3.7217271447485 
1239 3.79813592073576 
1240 3.76453951486848 
1241 3.60742499253008 
1242 3.63110103207332 
1243 3.6370219715459795 
1244 3.56627976689542 
1245 3.8231594113928202 
1246 3.73732991351034 
1247 3.78034129679558 
1248 3.71504310676404 
1249 3.9098211259589 
1250 3.86296472878036 
1251 4.116997245406941 
1252 4.0331424184341405 
1253 4.1938766463335 
1254 4.21163981903384 
1255 4.23306796097704 
1256 4.25911439453822 
1257 4.2335962765401804 
1258 4.21567736433232 
1259 4.1942436829735 
1260 4.19786941663384 
1261 4.1538219807705 
1262 4.16370528660702 
1263 4.1510390859675 
1264 4.13564175174968 
1265 4.11330865777952 
1266 4.10061059533586 
1267 4.14903065549152 
1268 4.07213178381906 
1269 4.18958517827034 
1270 4.10005471087942 
1271 4.22143384451084 
1272 4.0247721780623795 
1273 4.24336248368666 
1274 4.0790697819257 
1275 4.11965160849514 
1276 3.9809334337016 
1277 3.99007336873846 
1278 3.93930496857066 
1279 3.8579920826206804 
1280 3.87407410193192 
1281 3.69886609371608 
1282 3.90786664898134 
1283 3.5960528484241 
1284 3.7722457736414805 
1285 3.7255862544858203 
1286 3.86388982085856 
1287 3.62930590433218 
1288 3.80016420473034 
1289 3.6788774113067397 
1290 3.7739053140375196 
1291 3.8698150635228403 
1292 3.88789033970088 
1293 3.86247596847672 
1294 3.88419384670648 
1295 3.8116299977455803 
1296 3.80931363532954 
1297 3.7656781423492 
1298 3.7265225167411202 
1299 3.63188692874544 
1300 3.6124558538282203 
1301 3.40274542345328 
1302 3.3733331223481597 
1303 3.4146312955872196 
1304 3.3839913789022 
1305 3.46891938475938 
1306 3.4600206955912 
1307 3.65285391719462 
1308 3.60718465664648 
1309 3.7310297325851005 
1310 3.6672489565915 
1311 3.84081643072888 
1312 3.69677875686304 
1313 3.8334974168685796 
1314 3.6973332569206 
1315 3.7657891395630996 
1316 3.6314020081526004 
1317 3.86651618007602 
1318 3.74417679189958 
1319 3.9854086357998804 
1320 3.79138388317512 
1321 3.99042228695832 
1322 3.86316209521 
1323 4.00498804098334 
1324 3.9313584931579397 
1325 4.03780188769274 
1326 3.93124442603524 
1327 3.92612314135918 
1328 3.79816114116356 
1329 3.86247451671474 
1330 3.8185019488853795 
1331 3.99396828699424 
1332 3.9039247647740405 
1333 4.01727600645044 
1334 3.83871508016854 
1335 3.9823270631994605 
1336 3.8058106230193 
1337 3.93614684694096 
1338 3.7870400447776396 
1339 3.9160164683933205 
1340 3.7649559611321 
1341 3.8901628164947395 
1342 3.6656078870525 
1343 3.9173819976029796 
1344 3.7517276355691003 
1345 3.9857271497588798 
1346 3.83246284340038 
1347 4.0298439525606 
1348 3.88750977587952 
1349 4.06888448524456 
1350 3.9173345761861595 
1351 4.049523038924599 
1352 3.81724949257886 
1353 3.9970228856462597 
1354 3.8048245900543796 
1355 3.9738107145556 
1356 3.83592147919142 
1357 3.99655263065038 
1358 3.83158424451186 
1359 3.89334262127878 
1360 3.8012047809722396 
1361 3.76411044425056 
1362 3.78472208714154 
1363 3.9756308344917004 
1364 3.7693664604097004 
1365 3.9964687814408597 
1366 3.7497019440283403 
1367 4.11352257437118 
1368 3.87145736611276 
1369 4.2743126877423006 
1370 3.96254395434158 
1371 4.35529975705072 
1372 4.1404927176814 
1373 4.1186962939429 
1374 4.11638539059036 
1375 3.95330168142724 
1376 3.9582954260511003 
1377 3.7977882068894404 
1378 3.84951937856698 
1379 3.62660995724078 
1380 3.66838917412664 
1381 3.6250105023589 
1382 3.68328068536662 
1383 3.69782075273858 
1384 3.7067663236741195 
1385 3.7772518202693597 
1386 3.8120391866616004 
1387 3.8028372063590403 
1388 3.77977353267086 
1389 3.88432220070996 
1390 3.8879088182965 
1391 3.8523329610643997 
1392 3.85363842314622 
1393 3.88433525951056 
1394 3.8543795600806 
1395 3.9712415986589797 
1396 3.94323025132836 
1397 4.0018359041846 
1398 4.05317878029488 
1399 4.1111120303085 
1400 4.156449674146581 
1401 4.03555852946668 
1402 4.0919555835297405 
1403 4.04234138324334 
1404 4.12148835502006 
1405 4.0478839925301004 
1406 4.0807441990413995 
1407 4.0895140662067595 
1408 4.09014961486188 
1409 4.01281053267962 
1410 3.9980904704655003 
1411 4.02218329413284 
1412 3.94177545374444 
1413 4.04798021879768 
1414 3.93713157345544 
1415 3.96262290756746 
1416 3.87531860827996 
1417 3.8752515364912 
1418 3.81860474370108 
1419 3.88966285778994 
1420 3.8619807501260603 
1421 3.8988668488840403 
1422 3.9176874296343795 
1423 3.8548990753921997 
1424 3.8768499172191397 
1425 3.8576497545431203 
1426 3.94362766375824 
1427 3.90378649651304 
1428 3.93435055463474 
1429 3.85001001753566 
1430 3.82492972783538 
1431 3.8422184625807803 
1432 3.8116206087614004 
1433 3.7865951798061603 
1434 3.80572736959868 
1435 3.8503214850920005 
1436 3.82168421775662 
1437 3.83467119947676 
1438 3.8232314073483202 
1439 3.96508429843788 
1440 3.9734359288344203 
1441 4.034799645093161 
1442 4.0442751013265 
1443 4.03050809292752 
1444 4.04339107002564 
1445 4.0311547453193 
1446 4.0500200423516395 
1447 4.066523507917379 
1448 4.05336308605846 
1449 4.02370519951262 
1450 4.047422831358039 
1451 4.11014254767878 
1452 4.127424737955019 
1453 4.21432844831354 
1454 4.1884423887738 
1455 4.14317303054888 
1456 4.09710409974474 
1457 4.00649696124798 
1458 4.00166819870776 
1459 3.9608312990496004 
1460 3.8220019947798796 
1461 3.7438626383262203 
1462 3.62881454693986 
1463 3.7534127571244396 
1464 3.64390189841302 
1465 3.8218324966280597 
1466 3.6378419501000403 
1467 3.89265580525736 
1468 3.6720015952653595 
1469 3.88272789909612 
1470 3.80196174410886 
1471 4.0342287652473 
1472 3.9299047128904 
1473 3.88675914537232 
1474 3.88675914537232 
1475 3.82706804066152 
