0 0 
1 0 
2 0 
3 0 
4 0 
5 1 
6 0 
7 1 
8 0 
9 1 
10 0 
11 1 
12 0 
13 1 
14 0 
15 1 
16 0 
17 1 
18 0 
19 1 
20 0 
21 1 
22 0 
23 1 
24 1 
25 1 
26 1 
27 3 
28 1 
29 3 
30 1 
31 3 
32 1 
33 3 
34 1 
35 3 
36 1 
37 3 
38 1 
39 3 
40 1 
41 3 
42 1 
43 3 
44 3 
45 3 
46 3 
47 3 
48 3 
49 3 
50 3 
51 3 
52 3 
53 3 
54 3 
55 3 
56 2 
57 3 
58 2 
59 2 
60 3 
61 2 
62 3 
63 2 
64 3 
65 2 
66 3 
67 2 
68 3 
69 2 
70 2 
71 2 
72 3 
73 2 
74 3 
75 2 
76 3 
77 2 
78 3 
79 2 
80 2 
81 2 
82 3 
83 2 
84 3 
85 2 
86 3 
87 2 
88 3 
89 2 
90 3 
91 2 
92 3 
93 2 
94 3 
95 2 
96 3 
97 2 
98 3 
99 2 
100 3 
101 2 
102 3 
103 2 
104 3 
105 2 
106 3 
107 2 
108 3 
109 2 
110 3 
111 2 
112 3 
113 2 
114 3 
115 2 
116 3 
117 2 
118 2 
119 2 
120 3 
121 2 
122 3 
123 2 
124 3 
125 2 
126 3 
127 2 
128 3 
129 2 
130 3 
131 2 
132 3 
133 2 
134 3 
135 2 
136 3 
137 2 
138 3 
139 2 
140 3 
141 2 
142 3 
143 3 
144 3 
145 3 
146 3 
147 0 
148 3 
149 0 
150 2 
151 0 
152 1 
153 0 
154 1 
155 0 
156 0 
157 0 
158 0 
159 0 
160 0 
161 0 
162 0 
163 0 
164 0 
165 1 
166 0 
167 3 
168 0 
169 3 
170 3 
171 3 
172 3 
173 3 
174 3 
175 3 
176 3 
177 3 
178 3 
179 2 
180 0 
181 2 
182 0 
183 2 
184 0 
185 2 
186 0 
187 0 
188 0 
189 0 
190 0 
191 0 
192 0 
193 3 
194 0 
195 3 
196 0 
197 3 
198 0 
199 3 
200 0 
201 2 
202 0 
203 2 
204 0 
205 0 
206 0 
207 3 
208 0 
209 3 
210 0 
211 3 
212 0 
213 3 
214 0 
215 3 
216 0 
217 3 
218 0 
219 3 
220 0 
221 2 
222 0 
223 3 
224 0 
225 3 
226 3 
227 3 
228 3 
229 3 
230 3 
231 3 
232 3 
233 3 
234 3 
235 3 
236 3 
237 3 
238 3 
239 3 
240 3 
241 3 
242 3 
243 3 
244 3 
245 3 
246 3 
247 3 
248 3 
249 0 
250 3 
251 0 
252 3 
253 0 
254 3 
255 0 
256 3 
257 0 
258 3 
259 0 
260 3 
261 3 
262 3 
263 3 
264 3 
265 3 
266 3 
267 3 
268 3 
269 3 
270 3 
271 3 
272 3 
273 0 
274 3 
275 0 
276 3 
277 3 
278 3 
279 0 
280 3 
281 3 
282 3 
283 0 
284 3 
285 3 
286 3 
287 3 
288 3 
289 3 
290 3 
291 0 
292 3 
293 3 
294 3 
295 3 
296 3 
297 3 
298 3 
299 3 
300 3 
301 3 
302 3 
303 3 
304 3 
305 0 
306 3 
307 0 
308 3 
309 0 
310 3 
311 3 
312 3 
313 0 
314 3 
315 0 
316 3 
317 0 
