0 1.5 
1 1.5 
2 1.5 
3 1.5 
4 1.5 
5 1.5 
6 1.5 
7 1.5 
8 1.5 
9 1.5 
10 1.5 
11 1.5 
12 1.5 
13 16.5 
14 16.5 
15 18.5 
16 18.5 
17 18.5 
18 18.5 
19 18.5 
20 18.5 
21 18.5 
22 18.5 
23 18.5 
24 18.5 
25 18.5 
26 18.5 
27 18.5 
28 18.5 
29 18.5 
30 18.5 
31 18.5 
32 18.5 
33 18.5 
34 18.5 
35 18.5 
36 16.5 
37 16.5 
38 16.5 
39 16.5 
40 16.5 
41 16.5 
42 16.5 
43 16.5 
44 18.5 
45 18.5 
46 18.5 
47 18.5 
48 18.5 
49 18.5 
50 18.5 
51 18.5 
52 18.5 
53 18.5 
54 18.5 
55 18.5 
56 18.5 
57 18.5 
58 18.5 
59 18.5 
60 18.5 
61 18.5 
62 18.5 
63 18.5 
64 18.5 
65 18.5 
66 18.5 
67 18.5 
68 18.5 
69 18.5 
70 18.5 
71 18.5 
72 18.5 
73 18.5 
74 18.5 
75 18.5 
76 18.5 
77 18.5 
78 18.5 
79 18.5 
80 18.5 
81 18.5 
82 18.5 
83 18.5 
84 18.5 
85 18.5 
86 18.5 
87 18.5 
88 18.5 
89 18.5 
90 18.5 
91 18.5 
92 18.5 
93 18.5 
94 18.5 
95 18.5 
96 18.5 
97 18.5 
98 18.5 
99 18.5 
100 18.5 
101 18.5 
102 18.5 
103 18.5 
104 18.5 
105 18.5 
106 18.5 
107 18.5 
108 18.5 
109 18.5 
110 18.5 
111 18.5 
112 18.5 
113 18.5 
114 18.5 
115 18.5 
116 18.5 
117 18.5 
118 18.5 
119 18.5 
120 18.5 
121 18.5 
122 18.5 
123 18.5 
124 18.5 
125 18.5 
126 18.5 
127 18.5 
128 18.5 
129 18.5 
130 18.5 
131 18.5 
132 18.5 
133 18.5 
134 18.5 
135 18.5 
136 18.5 
137 18.5 
138 18.5 
139 18.5 
140 18.5 
141 18.5 
142 18.5 
143 18.5 
144 18.5 
145 18.5 
146 18.5 
147 18.5 
148 18.5 
149 18.5 
150 18.5 
151 18.5 
152 18.5 
153 18.5 
154 18.5 
155 18.5 
156 18.5 
157 18.5 
158 18.5 
159 18.5 
160 18.5 
161 18.5 
162 18.5 
163 18.5 
164 18.5 
165 18.5 
166 18.5 
167 18.5 
168 18.5 
169 18.5 
170 18.5 
171 18.5 
172 18.5 
173 18.5 
174 18.5 
175 18.5 
176 18.5 
177 18.5 
178 18.5 
179 18.5 
180 18.5 
181 18.5 
182 18.5 
183 18.5 
184 18.5 
185 18.5 
186 18.5 
187 18.5 
188 18.5 
189 18.5 
190 18.5 
191 18.5 
192 18.5 
193 18.5 
194 18.5 
195 18.5 
196 18.5 
197 18.5 
198 18.5 
199 18.5 
200 18.5 
201 18.5 
202 18.5 
203 18.5 
204 18.5 
205 18.5 
206 18.5 
207 18.5 
208 18.5 
209 18.5 
210 18.5 
211 18.5 
212 18.5 
213 18.5 
214 18.5 
215 18.5 
216 18.5 
217 18.5 
218 18.5 
219 18.5 
220 18.5 
221 18.5 
222 18.5 
223 18.5 
224 18.5 
225 18.5 
226 18.5 
227 18.5 
228 18.5 
229 18.5 
230 18.5 
231 18.5 
232 18.5 
233 18.5 
234 18.5 
235 18.5 
236 18.5 
237 18.5 
238 18.5 
239 18.5 
240 18.5 
241 18.5 
242 18.5 
243 18.5 
244 18.5 
245 18.5 
246 18.5 
247 18.5 
248 18.5 
249 18.5 
250 18.5 
251 18.5 
252 18.5 
253 18.5 
254 18.5 
255 18.5 
256 18.5 
257 18.5 
258 18.5 
259 18.5 
260 18.5 
261 18.5 
262 18.5 
263 18.5 
264 18.5 
265 18.5 
266 18.5 
267 18.5 
268 18.5 
269 18.5 
270 18.5 
271 18.5 
272 18.5 
273 18.5 
274 18.5 
275 18.5 
276 18.5 
277 18.5 
278 18.5 
279 18.5 
280 18.5 
281 18.5 
282 18.5 
283 18.5 
284 18.5 
285 18.5 
286 18.5 
287 18.5 
288 18.5 
289 18.5 
290 18.5 
291 18.5 
292 18.5 
293 18.5 
294 18.5 
295 18.5 
296 18.5 
297 18.5 
298 18.5 
299 18.5 
300 18.5 
301 18.5 
302 18.5 
303 18.5 
304 18.5 
305 18.5 
306 18.5 
307 18.5 
308 18.5 
309 18.5 
310 18.5 
311 18.5 
312 18.5 
313 18.5 
314 18.5 
315 18.5 
316 18.5 
317 18.5 
318 18.5 
319 18.5 
320 18.5 
321 18.5 
322 18.5 
323 18.5 
324 18.5 
325 18.5 
326 18.5 
327 18.5 
328 18.5 
329 18.5 
330 18.5 
331 18.5 
332 18.5 
333 18.5 
334 18.5 
335 18.5 
336 18.5 
337 18.5 
338 18.5 
339 18.5 
340 18.5 
341 18.5 
342 18.5 
343 18.5 
344 18.5 
345 18.5 
346 18.5 
347 18.5 
348 18.5 
349 18.5 
350 18.5 
351 18.5 
352 18.5 
353 18.5 
354 18.5 
355 18.5 
356 18.5 
357 18.5 
358 18.5 
359 18.5 
360 18.5 
361 18.5 
362 18.5 
363 18.5 
364 18.5 
365 18.5 
366 18.5 
367 18.5 
368 18.5 
369 18.5 
370 18.5 
371 18.5 
372 18.5 
373 18.5 
374 18.5 
375 18.5 
376 18.5 
377 18.5 
378 18.5 
379 18.5 
380 18.5 
381 18.5 
382 18.5 
383 18.5 
384 18.5 
385 18.5 
386 18.5 
387 18.5 
388 18.5 
389 18.5 
390 18.5 
391 18.5 
392 18.5 
393 18.5 
394 18.5 
395 18.5 
396 18.5 
397 18.5 
398 18.5 
399 18.5 
400 18.5 
401 18.5 
402 18.5 
403 18.5 
404 18.5 
405 18.5 
406 18.5 
407 18.5 
408 18.5 
409 18.5 
410 18.5 
411 18.5 
412 18.5 
413 18.5 
414 18.5 
415 18.5 
416 18.5 
417 18.5 
418 18.5 
419 18.5 
420 18.5 
421 18.5 
422 18.5 
423 18.5 
424 18.5 
425 18.5 
426 18.5 
427 18.5 
428 18.5 
429 18.5 
430 18.5 
431 18.5 
432 18.5 
433 18.5 
434 18.5 
435 18.5 
436 18.5 
437 18.5 
438 18.5 
439 18.5 
440 18.5 
441 18.5 
442 18.5 
443 18.5 
444 18.5 
445 18.5 
446 18.5 
447 18.5 
448 18.5 
449 18.5 
450 18.5 
451 18.5 
452 18.5 
453 18.5 
454 18.5 
455 18.5 
456 18.5 
457 18.5 
458 18.5 
459 18.5 
460 18.5 
461 18.5 
462 18.5 
463 18.5 
464 18.5 
465 18.5 
466 18.5 
467 18.5 
468 18.5 
469 18.5 
470 18.5 
471 18.5 
472 18.5 
473 18.5 
474 18.5 
475 18.5 
476 18.5 
477 18.5 
478 18.5 
479 18.5 
480 18.5 
481 18.5 
482 18.5 
483 18.5 
484 18.5 
485 18.5 
486 18.5 
487 18.5 
488 18.5 
489 18.5 
490 18.5 
491 18.5 
492 18.5 
493 18.5 
494 18.5 
495 18.5 
496 18.5 
497 18.5 
498 18.5 
499 18.5 
500 18.5 
501 18.5 
502 18.5 
503 18.5 
504 18.5 
505 18.5 
506 18.5 
507 18.5 
508 18.5 
509 18.5 
510 18.5 
511 18.5 
512 18.5 
513 18.5 
514 18.5 
515 18.5 
516 18.5 
517 18.5 
518 18.5 
519 18.5 
520 18.5 
521 18.5 
522 18.5 
523 18.5 
524 18.5 
525 18.5 
526 18.5 
527 18.5 
528 18.5 
529 18.5 
530 18.5 
531 18.5 
532 18.5 
533 18.5 
534 18.5 
535 18.5 
536 18.5 
537 18.5 
538 18.5 
539 18.5 
540 18.5 
541 18.5 
542 18.5 
543 18.5 
544 18.5 
545 18.5 
546 18.5 
547 18.5 
548 18.5 
549 18.5 
550 18.5 
551 18.5 
552 18.5 
553 18.5 
554 18.5 
555 18.5 
556 18.5 
557 18.5 
558 18.5 
559 18.5 
560 18.5 
561 18.5 
562 18.5 
563 18.5 
564 18.5 
565 18.5 
566 18.5 
567 18.5 
568 18.5 
569 18.5 
570 18.5 
571 18.5 
572 18.5 
573 18.5 
574 18.5 
575 18.5 
576 18.5 
577 18.5 
578 18.5 
579 18.5 
580 18.5 
581 18.5 
582 18.5 
583 18.5 
584 18.5 
585 18.5 
586 18.5 
587 18.5 
588 18.5 
589 18.5 
590 18.5 
591 18.5 
592 18.5 
593 18.5 
594 18.5 
595 18.5 
596 18.5 
597 18.5 
598 18.5 
599 18.5 
600 18.5 
601 18.5 
602 18.5 
603 18.5 
604 18.5 
605 18.5 
606 18.5 
607 18.5 
608 18.5 
609 18.5 
610 18.5 
611 18.5 
612 18.5 
613 18.5 
614 18.5 
615 18.5 
616 18.5 
617 18.5 
618 18.5 
619 18.5 
620 18.5 
621 18.5 
622 18.5 
623 18.5 
624 18.5 
625 18.5 
626 18.5 
627 18.5 
628 18.5 
629 18.5 
630 18.5 
631 18.5 
632 18.5 
633 18.5 
634 18.5 
635 18.5 
636 18.5 
637 18.5 
638 18.5 
639 18.5 
640 18.5 
641 18.5 
642 18.5 
643 18.5 
644 18.5 
645 18.5 
646 18.5 
647 18.5 
648 18.5 
649 18.5 
650 18.5 
651 18.5 
652 18.5 
653 18.5 
654 18.5 
655 18.5 
656 18.5 
657 18.5 
658 18.5 
659 18.5 
660 18.5 
661 18.5 
662 18.5 
663 18.5 
664 18.5 
665 18.5 
666 18.5 
667 18.5 
668 18.5 
669 18.5 
670 18.5 
671 18.5 
672 18.5 
673 18.5 
674 18.5 
675 18.5 
676 18.5 
677 18.5 
678 18.5 
679 18.5 
680 18.5 
681 18.5 
682 18.5 
683 18.5 
684 18.5 
685 18.5 
686 18.5 
687 18.5 
688 18.5 
689 18.5 
690 18.5 
691 18.5 
692 18.5 
693 18.5 
694 18.5 
695 18.5 
696 18.5 
697 18.5 
698 18.5 
699 18.5 
700 18.5 
701 18.5 
702 18.5 
703 18.5 
704 18.5 
705 18.5 
706 18.5 
707 18.5 
708 18.5 
709 18.5 
710 18.5 
711 18.5 
712 18.5 
713 18.5 
714 18.5 
715 18.5 
716 18.5 
717 18.5 
718 18.5 
719 18.5 
720 18.5 
721 18.5 
722 18.5 
723 18.5 
724 18.5 
725 18.5 
726 18.5 
727 18.5 
728 18.5 
729 18.5 
730 18.5 
731 18.5 
732 18.5 
733 18.5 
734 18.5 
735 18.5 
736 18.5 
737 18.5 
738 18.5 
739 18.5 
740 18.5 
741 18.5 
742 18.5 
743 18.5 
744 18.5 
745 18.5 
746 18.5 
747 18.5 
748 18.5 
749 18.5 
750 18.5 
751 18.5 
752 18.5 
753 18.5 
754 18.5 
755 18.5 
756 18.5 
757 18.5 
758 18.5 
759 18.5 
760 18.5 
761 18.5 
762 18.5 
763 18.5 
764 18.5 
765 18.5 
766 18.5 
767 18.5 
768 18.5 
769 18.5 
770 18.5 
771 18.5 
772 18.5 
773 18.5 
774 18.5 
775 18.5 
776 18.5 
777 18.5 
778 18.5 
779 18.5 
780 18.5 
781 18.5 
782 18.5 
783 18.5 
784 18.5 
785 18.5 
786 18.5 
787 18.5 
788 18.5 
789 18.5 
790 18.5 
791 18.5 
792 18.5 
793 18.5 
794 18.5 
795 18.5 
796 18.5 
797 18.5 
798 18.5 
799 18.5 
800 18.5 
801 18.5 
802 18.5 
803 18.5 
804 18.5 
805 18.5 
806 18.5 
807 18.5 
808 18.5 
809 18.5 
810 18.5 
811 18.5 
812 18.5 
813 18.5 
814 18.5 
815 18.5 
816 18.5 
817 18.5 
818 18.5 
819 18.5 
820 18.5 
821 18.5 
822 18.5 
823 18.5 
824 18.5 
825 18.5 
826 18.5 
827 18.5 
828 18.5 
829 18.5 
830 18.5 
831 18.5 
832 18.5 
833 18.5 
834 18.5 
835 18.5 
836 18.5 
837 18.5 
838 18.5 
839 18.5 
840 18.5 
841 18.5 
842 18.5 
843 18.5 
844 18.5 
845 18.5 
846 18.5 
847 18.5 
848 18.5 
849 18.5 
850 18.5 
851 18.5 
852 18.5 
853 18.5 
854 18.5 
855 18.5 
856 18.5 
857 18.5 
858 18.5 
859 18.5 
860 18.5 
861 18.5 
862 18.5 
863 18.5 
864 18.5 
865 18.5 
866 18.5 
867 18.5 
868 18.5 
869 18.5 
870 18.5 
871 18.5 
872 18.5 
873 18.5 
874 18.5 
875 18.5 
876 18.5 
877 18.5 
878 18.5 
879 18.5 
880 18.5 
881 18.5 
882 18.5 
883 18.5 
884 18.5 
885 18.5 
886 18.5 
887 18.5 
888 18.5 
889 18.5 
890 18.5 
891 18.5 
892 18.5 
893 18.5 
894 18.5 
895 18.5 
896 18.5 
897 18.5 
898 18.5 
899 18.5 
900 18.5 
901 18.5 
902 18.5 
903 18.5 
904 18.5 
905 18.5 
906 18.5 
907 18.5 
908 18.5 
909 18.5 
910 18.5 
911 18.5 
912 18.5 
913 18.5 
914 18.5 
915 18.5 
916 18.5 
917 18.5 
918 18.5 
919 18.5 
920 18.5 
921 18.5 
922 18.5 
923 18.5 
924 18.5 
925 18.5 
926 18.5 
927 18.5 
928 18.5 
929 18.5 
930 18.5 
931 18.5 
932 18.5 
933 18.5 
934 18.5 
935 18.5 
936 18.5 
937 18.5 
938 18.5 
939 18.5 
940 18.5 
941 18.5 
942 18.5 
943 18.5 
944 18.5 
945 18.5 
946 18.5 
947 18.5 
948 18.5 
949 18.5 
950 18.5 
951 18.5 
952 18.5 
953 18.5 
954 18.5 
955 18.5 
956 18.5 
957 18.5 
958 18.5 
959 18.5 
960 18.5 
961 18.5 
962 18.5 
963 18.5 
964 18.5 
965 18.5 
966 18.5 
967 18.5 
968 18.5 
969 18.5 
970 18.5 
971 18.5 
972 18.5 
973 18.5 
974 18.5 
975 18.5 
976 18.5 
977 18.5 
978 18.5 
979 18.5 
980 18.5 
981 18.5 
982 18.5 
983 18.5 
984 18.5 
985 18.5 
986 18.5 
987 18.5 
988 18.5 
989 18.5 
990 18.5 
991 18.5 
992 18.5 
993 18.5 
994 18.5 
995 18.5 
996 18.5 
997 18.5 
998 18.5 
999 18.5 
1000 18.5 
1001 18.5 
1002 18.5 
1003 18.5 
1004 18.5 
1005 18.5 
1006 18.5 
1007 18.5 
1008 18.5 
1009 18.5 
1010 18.5 
1011 18.5 
1012 18.5 
1013 18.5 
1014 18.5 
1015 18.5 
1016 18.5 
1017 18.5 
1018 18.5 
1019 18.5 
1020 18.5 
1021 18.5 
1022 18.5 
1023 18.5 
1024 18.5 
1025 18.5 
1026 18.5 
1027 18.5 
1028 18.5 
1029 18.5 
1030 18.5 
1031 18.5 
1032 18.5 
1033 18.5 
1034 18.5 
1035 18.5 
1036 18.5 
1037 18.5 
1038 18.5 
1039 18.5 
1040 18.5 
1041 18.5 
1042 18.5 
1043 18.5 
1044 18.5 
1045 18.5 
1046 18.5 
1047 18.5 
1048 18.5 
1049 18.5 
1050 18.5 
1051 18.5 
1052 18.5 
1053 18.5 
1054 18.5 
1055 18.5 
1056 18.5 
1057 18.5 
1058 18.5 
1059 18.5 
1060 18.5 
1061 18.5 
1062 18.5 
1063 18.5 
1064 18.5 
1065 18.5 
1066 18.5 
1067 18.5 
1068 18.5 
1069 18.5 
1070 18.5 
1071 18.5 
1072 18.5 
1073 18.5 
1074 18.5 
1075 18.5 
1076 18.5 
1077 18.5 
1078 18.5 
1079 18.5 
1080 18.5 
1081 18.5 
1082 18.5 
1083 18.5 
1084 18.5 
1085 18.5 
1086 18.5 
1087 18.5 
1088 18.5 
1089 18.5 
1090 18.5 
1091 18.5 
1092 18.5 
1093 18.5 
1094 18.5 
1095 18.5 
1096 18.5 
1097 18.5 
1098 18.5 
1099 18.5 
1100 18.5 
1101 18.5 
1102 18.5 
1103 18.5 
1104 18.5 
1105 18.5 
1106 18.5 
1107 18.5 
1108 18.5 
1109 18.5 
1110 18.5 
1111 18.5 
1112 18.5 
1113 18.5 
1114 18.5 
1115 18.5 
1116 18.5 
1117 18.5 
1118 18.5 
1119 18.5 
1120 18.5 
1121 18.5 
1122 18.5 
1123 18.5 
1124 18.5 
1125 18.5 
1126 18.5 
1127 18.5 
1128 18.5 
1129 18.5 
1130 18.5 
1131 18.5 
1132 18.5 
1133 18.5 
1134 18.5 
1135 18.5 
1136 18.5 
1137 18.5 
1138 18.5 
1139 18.5 
1140 18.5 
1141 18.5 
1142 18.5 
1143 18.5 
1144 18.5 
1145 18.5 
1146 18.5 
1147 18.5 
1148 18.5 
1149 18.5 
1150 18.5 
1151 18.5 
1152 18.5 
1153 18.5 
1154 18.5 
1155 18.5 
1156 18.5 
1157 18.5 
1158 18.5 
1159 18.5 
1160 18.5 
1161 18.5 
1162 18.5 
1163 18.5 
1164 18.5 
1165 18.5 
1166 18.5 
1167 18.5 
1168 18.5 
1169 18.5 
1170 18.5 
1171 18.5 
1172 18.5 
1173 18.5 
1174 18.5 
1175 18.5 
1176 18.5 
1177 18.5 
1178 18.5 
1179 18.5 
1180 18.5 
1181 18.5 
1182 18.5 
1183 18.5 
1184 18.5 
1185 18.5 
1186 18.5 
1187 18.5 
1188 18.5 
1189 18.5 
1190 18.5 
1191 18.5 
1192 18.5 
1193 18.5 
1194 18.5 
1195 18.5 
1196 18.5 
1197 18.5 
1198 18.5 
1199 18.5 
1200 18.5 
1201 18.5 
1202 18.5 
1203 18.5 
1204 18.5 
1205 18.5 
1206 18.5 
1207 18.5 
1208 18.5 
1209 18.5 
1210 18.5 
1211 18.5 
1212 18.5 
1213 18.5 
1214 18.5 
1215 18.5 
1216 18.5 
1217 18.5 
1218 18.5 
1219 18.5 
1220 18.5 
1221 18.5 
1222 18.5 
1223 18.5 
1224 18.5 
1225 18.5 
1226 18.5 
1227 18.5 
1228 18.5 
1229 18.5 
1230 18.5 
1231 18.5 
1232 18.5 
1233 18.5 
1234 18.5 
1235 18.5 
1236 18.5 
1237 18.5 
1238 18.5 
1239 18.5 
1240 18.5 
1241 18.5 
1242 18.5 
1243 18.5 
1244 18.5 
1245 18.5 
1246 18.5 
1247 18.5 
1248 18.5 
1249 18.5 
1250 18.5 
1251 18.5 
1252 18.5 
1253 18.5 
1254 18.5 
1255 18.5 
1256 18.5 
1257 18.5 
1258 18.5 
1259 18.5 
1260 18.5 
1261 18.5 
1262 18.5 
1263 18.5 
1264 18.5 
1265 18.5 
1266 18.5 
1267 18.5 
1268 18.5 
1269 18.5 
1270 18.5 
1271 18.5 
1272 18.5 
1273 18.5 
1274 18.5 
1275 18.5 
1276 18.5 
1277 18.5 
1278 18.5 
1279 18.5 
1280 18.5 
1281 18.5 
1282 18.5 
1283 18.5 
1284 18.5 
1285 18.5 
1286 18.5 
1287 18.5 
1288 18.5 
1289 18.5 
1290 18.5 
1291 18.5 
1292 18.5 
1293 18.5 
1294 18.5 
1295 18.5 
1296 18.5 
1297 18.5 
1298 18.5 
1299 18.5 
1300 18.5 
1301 18.5 
1302 18.5 
1303 18.5 
1304 18.5 
1305 18.5 
1306 18.5 
1307 18.5 
1308 18.5 
1309 18.5 
1310 18.5 
1311 18.5 
1312 18.5 
1313 18.5 
1314 18.5 
1315 18.5 
1316 18.5 
1317 18.5 
1318 18.5 
1319 18.5 
1320 18.5 
1321 18.5 
1322 18.5 
1323 18.5 
1324 18.5 
1325 18.5 
1326 18.5 
1327 18.5 
1328 18.5 
1329 18.5 
1330 18.5 
1331 18.5 
1332 18.5 
1333 18.5 
1334 18.5 
1335 18.5 
1336 18.5 
1337 18.5 
1338 18.5 
1339 18.5 
1340 18.5 
1341 18.5 
1342 18.5 
1343 18.5 
1344 18.5 
1345 18.5 
1346 18.5 
1347 18.5 
1348 18.5 
1349 18.5 
1350 18.5 
1351 18.5 
1352 18.5 
1353 18.5 
1354 18.5 
1355 18.5 
1356 18.5 
1357 18.5 
1358 18.5 
1359 18.5 
1360 18.5 
1361 18.5 
1362 18.5 
1363 18.5 
1364 18.5 
1365 18.5 
1366 18.5 
1367 18.5 
1368 18.5 
1369 18.5 
1370 18.5 
1371 18.5 
1372 18.5 
1373 18.5 
1374 18.5 
1375 18.5 
1376 18.5 
1377 18.5 
1378 18.5 
1379 18.5 
1380 18.5 
1381 18.5 
1382 18.5 
1383 18.5 
