0 0.8919872391906871 
1 2.1947223094132324 
2 3.6759495634384085 
3 1.7356286740880236 
4 3.204533487077992 
5 2.0398671797237453 
6 1.8502275848808618 
7 3.0949309143663344 
8 2.119131596941542 
9 1.797043216327412 
10 2.251263307917693 
11 1.8904346144246524 
12 3.098086641985941 
13 2.312838186546282 
14 2.337296377055714 
15 1.9861626056116894 
16 2.2023388256070806 
17 2.8702952357629696 
18 2.2511859922000204 
19 2.6916598956273434 
20 2.302164971029365 
21 1.590365538305195 
22 2.2305105547785233 
23 2.336461508573959 
24 2.796132831379535 
25 2.180463704136626 
26 4.383067337525889 
27 2.7062306534731424 
28 2.4442840829655825 
29 2.6837384921362997 
30 3.0339471734421597 
31 1.8382810305020583 
32 2.972200700441043 
33 2.966132056606429 
34 3.5440019099907727 
35 3.1678114368507013 
36 1.6731867153707094 
37 1.1357563043495955 
38 1.4947533206517367 
39 0.9734694271103721 
40 1.6457966259401116 
41 2.715871220503068 
42 2.3818561568783863 
43 3.054340164477502 
44 3.3051502202159564 
45 2.859938664857431 
46 2.6068788238841076 
47 3.080733333373207 
48 0.811416251558041 
49 2.9471706484041884 
50 1.3679718733762047 
51 2.8804086613853723 
52 2.1900870709582487 
53 2.7289109615904192 
54 2.106899624624375 
55 3.1729569430514957 
56 2.8022279616612136 
57 2.576127171464137 
58 3.524463106721119 
59 2.1942458208037836 
60 2.1259080477494576 
61 3.8877502650340268 
62 1.5483776868883032 
63 2.4817601141926042 
64 1.7959970478227212 
65 2.216467346135488 
66 3.0824523088571674 
67 2.5208750353052998 
68 2.773133782754588 
69 2.5505243905371513 
70 2.918313145980221 
71 1.843469469759665 
72 2.334835177890956 
73 2.8024105694830492 
74 3.5170016998516784 
75 3.089498936277163 
76 2.1600899558017055 
77 2.4191228402609215 
78 1.657208278883308 
79 2.5799954525656066 
80 3.30088918553048 
81 2.3701265047911804 
82 2.121451304802876 
83 2.2185415074405697 
84 2.54003907712812 
85 2.2399669039234915 
86 3.5742899057174387 
87 3.1428888031165205 
88 2.398286160131601 
89 1.335416403765989 
90 1.9898961347756614 
91 3.6220835331675487 
92 3.290827955079742 
93 2.627250058450527 
94 3.470207717878867 
95 4.317568515332537 
96 2.6792464645101775 
97 5.077854044900041 
98 3.3751635550910426 
99 1.6958553697081562 
100 2.7380205147450827 
101 4.140964838112374 
102 4.070890855593539 
103 2.7577026167395333 
104 3.2236642000160742 
105 3.802073397685081 
106 4.913336048733161 
107 1.9685313187394335 
108 3.1803241196252854 
109 2.793410387457863 
110 2.2166979827257944 
111 3.5385454806126133 
112 2.985383957208049 
113 3.1055874066642892 
114 5.251648834465283 
115 2.838357423022109 
116 2.097293530856326 
117 2.4966641348196212 
118 2.561529342189246 
119 1.6984817574762239 
120 2.705531930023806 
121 1.2436453536460896 
122 3.8480168176523577 
123 5.04940988182645 
124 2.797763279862135 
125 3.8870023165707246 
126 3.1814179329665992 
127 1.5555352536213023 
128 2.667507544938551 
129 2.9556365886775517 
130 3.0830412497488773 
131 2.2859237083796726 
132 4.120211700079761 
133 2.216788875966233 
134 2.732342105449241 
135 2.8303545578847977 
136 6.2837506913627 
137 2.4031794482041886 
138 1.384569129644538 
139 3.8574146189546203 
140 1.357621135775635 
141 6.296236501864463 
142 2.985676550257341 
143 4.432689793743766 
144 1.5182237521634476 
145 3.4094264069995384 
146 2.3498964452481053 
147 2.3640473585198523 
148 4.165823628840658 
149 1.5396359227385874 
150 3.283786325162348 
151 3.02840146398197 
152 5.319787724653573 
153 2.8094863459092148 
154 4.9905429846776705 
155 3.8933240406134733 
156 2.7669784810405496 
157 2.362048871857488 
158 2.7183027945632454 
159 3.1145421975216125 
160 2.681573016882739 
161 2.3336023993300095 
162 3.6099057302541726 
163 1.2743831713948905 
164 2.5790236861538185 
165 5.043333171743561 
166 3.422946285826826 
167 3.3791840393760144 
168 3.2091877678425447 
169 3.931082891240565 
170 3.1814662460813112 
171 2.0410528914899286 
172 5.108757788531648 
173 2.3026991947238975 
174 3.9814576190462834 
175 1.8623431287981973 
176 1.792040527986512 
177 2.9274649712916014 
178 2.168181447076583 
179 1.8718459248850727 
180 1.5347619341087613 
181 3.598026366575379 
182 2.638884500281456 
183 3.401522884605829 
184 3.3828188775386296 
185 3.932137268020223 
186 5.138665653883199 
187 2.4868904599514243 
188 3.0677247725269137 
189 1.223072259823411 
190 3.1585589348578034 
191 0.9423729972124768 
192 3.3836733620148483 
193 1.218058538405057 
194 2.721068792775881 
195 3.563121315242748 
196 2.1208939608756356 
197 2.263640716926666 
198 2.0062184799969485 
199 1.2496790657613923 
200 2.445431939050407 
201 2.8862454503064576 
202 2.3126868433662358 
203 1.4830647751465398 
204 2.737665890582467 
205 3.033286955158504 
206 2.9116210114424157 
207 2.6659945792193365 
208 1.2918925022006547 
209 4.697855980845792 
210 0.7862188690371554 
211 3.640875630824638 
212 1.594346819663201 
213 2.4229055606627927 
214 2.2334792026502925 
215 2.35755416549261 
216 5.807810599615711 
217 2.5577783670715064 
218 2.3378752192579255 
219 1.3743346127587444 
220 3.0637806498331104 
221 2.0659491414184963 
222 1.9044968992813356 
223 1.395095081848092 
224 2.051227702380696 
225 2.1035428057530225 
226 1.6338248030375477 
227 2.567071157032683 
228 1.8672440704820465 
229 2.4306359095813344 
230 3.9961206449915276 
231 3.043615519729068 
232 2.8340912184580613 
233 3.241619942314805 
234 4.436925499241147 
235 3.161724574138478 
236 3.2235416505532477 
237 2.271587649608355 
238 2.341115569152022 
239 1.832852562739316 
240 2.2780754844857327 
241 2.0806846496028353 
242 1.98827997448576 
243 1.9522181496265367 
244 2.852034140486878 
245 2.4831992828791125 
246 2.4499130899576316 
247 3.129736602391577 
248 2.266130638781325 
249 1.859968543909173 
250 2.60038311801094 
251 2.5029229374805793 
252 1.5967500199649598 
253 3.040241219618154 
254 2.7036490087832004 
255 2.729045080583217 
256 1.7006267929666983 
257 2.993792687965728 
258 1.7910638692787102 
259 2.4628988782602383 
260 2.701268892555585 
261 3.082886245704733 
262 2.349670463111825 
263 3.1163316417424536 
264 2.5309648915763505 
265 3.1326852220271886 
266 4.2706067145783555 
267 2.545265489836205 
268 3.5257860539127646 
269 2.2628298657734307 
270 1.9664027404363016 
271 2.59242157287644 
272 2.994581422646367 
273 2.2450541141293687 
274 5.987630858836187 
275 2.526494040540686 
276 2.76996344883867 
277 4.462568227771277 
278 3.273576098859269 
279 2.801034774731641 
280 1.3801107660057 
281 2.067717671495503 
282 3.9842121742873227 
283 1.8416365114450255 
284 2.1830843796689114 
285 4.695464580681282 
286 2.8710565317673082 
287 1.6786732364123846 
288 2.600297173021639 
289 3.3178332124837064 
290 3.3402917562542416 
291 3.349832856526752 
292 2.5133973657767514 
293 4.9313244996632655 
294 2.3404205719804354 
295 2.258847809482415 
296 2.672773487266495 
297 4.372575954917387 
298 1.5404413004671653 
299 3.730103687794064 
300 4.574109455998013 
301 2.8415078637314535 
302 2.091667234815834 
303 1.8840240025102926 
304 6.215839144427147 
305 2.60738107553202 
306 1.4775864248457686 
307 3.5054036577641625 
308 1.2977767223568257 
309 2.9799792187899845 
310 3.673146691442269 
311 1.6137592001928933 
312 2.175059775385571 
313 1.2530445564183763 
314 2.4404165545801666 
315 1.4983550932981102 
316 2.888710704034334 
317 2.2665174989122296 
318 5.550430964659516 
319 3.232721888751855 
