0 3.583298205834958 
1 3.5464041209448016 
2 3.277904822121049 
3 2.402658837098026 
4 3.833660530115749 
5 3.419452783846153 
6 3.329524893436022 
7 3.6656041006573052 
8 2.5534530632578973 
9 3.1255494272063604 
10 3.1822216582975416 
11 3.2923265579065584 
12 2.730226966682451 
13 2.9553269832891695 
14 3.8727599586598997 
15 4.008133169484028 
16 3.712473897215646 
17 3.274564713109735 
18 3.7231452424644202 
19 3.855660705865878 
20 3.327768129545278 
21 3.3673092594034006 
22 3.0427828709335025 
23 3.0593210737792247 
24 2.7140081727655163 
25 3.6638068335219898 
26 3.275853423571702 
27 3.157867246804113 
28 2.7794719062506443 
29 3.352984385527098 
30 3.5947307156439554 
31 2.893370692987614 
32 3.450069356022788 
33 3.1234213754920077 
34 3.0693919187678005 
35 3.0961346872941293 
36 3.8041190095603565 
37 3.7844198891498415 
38 3.0735017278912826 
39 4.079046575049156 
40 3.4578680134713156 
41 3.4891232697220302 
42 2.5381102376876634 
43 2.884106240566039 
44 3.0957093385180445 
45 3.684153007850764 
46 3.903605579194427 
47 3.230353059745649 
48 3.496603701442253 
49 3.002561440251515 
50 3.386811692758508 
51 2.745511904980109 
52 2.95823176346 
53 3.203094466306113 
54 2.9464914542838576 
55 3.462643314952064 
56 3.8638719048008907 
57 3.5422118817252057 
58 2.7066889800031575 
59 3.2906717126740372 
60 3.3829419402351384 
61 3.310855463241446 
62 3.3829419402351384 
63 3.731702286816847 
64 3.892123391473305 
65 3.625875775161978 
66 3.5527882969010793 
67 3.424695634486362 
68 3.2233788663403944 
69 3.6684464491251525 
70 3.5270956335249446 
71 3.1404236428746044 
72 3.752199521758548 
73 3.421630533214786 
74 3.5403992371714255 
75 3.194563605485558 
76 3.752667968412163 
77 2.866103756687937 
78 3.577593002153034 
79 3.338374445439873 
80 3.6604923393883175 
81 3.8681031160790527 
82 4.194858969463773 
83 3.82852530901835 
84 2.602823064546348 
85 2.785652204493264 
86 2.9559802026719906 
87 4.04222179812595 
88 3.5597784391015503 
89 3.5709690856103293 
90 3.650386593482796 
91 3.5240051173364013 
92 3.8957244643355424 
93 2.57455033693223 
94 4.076597347636105 
95 3.3525702657529624 
96 3.0358786965382745 
97 2.525639520583195 
98 3.328965018222573 
99 3.1554706984429632 
100 4.057692839146094 
101 3.760164411765239 
102 3.9217481191777295 
103 3.431825508298115 
104 3.628222198579761 
105 3.7915391035151464 
106 3.0445137960365933 
107 3.1057472338819836 
108 3.6431564220389787 
109 3.3453043360582573 
110 3.235369267643517 
111 3.7169341236672984 
112 3.246489159025071 
113 3.704136752867435 
114 3.246489159025071 
115 3.704136752867435 
116 3.74268140576933 
117 3.358990305105904 
118 3.4323327898257974 
119 3.400729978533962 
120 3.278169238356025 
121 3.0279474817250813 
122 3.3539571365576357 
123 3.208554256201856 
124 3.319903760173042 
125 3.1061683922956966 
126 2.785555535625878 
127 2.4367279655133443 
128 3.2158315550694248 
129 3.4465307108696015 
130 3.303711093399971 
131 3.32758190464401 
132 3.717832874464207 
133 2.9837026161507234 
134 3.5462680194660834 
135 3.0373207671407774 
136 4.080869098195234 
137 2.824494987383849 
138 3.66411019861219 
139 3.915733953728558 
140 3.0094917149233233 
141 3.971624820091508 
142 3.143346020342408 
143 3.460448755431026 
144 3.2710964840927836 
145 3.279559688514361 
146 3.162066140568891 
147 3.4130546623623332 
148 3.275948660884908 
149 3.721298426818082 
150 2.8464610426031567 
151 3.813696159331323 
152 2.9568034204550275 
153 3.0087628114370233 
154 3.0611588738790037 
155 2.5072012492931055 
156 3.539517040278326 
157 3.7652556263632997 
158 3.7513497205452095 
159 2.72700279424588 
160 2.9555971753363917 
161 2.9543397504500755 
162 3.536773677744586 
163 3.7491166047846636 
164 3.445519794042733 
165 3.3222297905423375 
166 3.677665836402122 
167 3.982077336628348 
168 3.863703939229931 
169 3.4100386046713966 
170 3.816846514618124 
171 3.3845919581725177 
172 3.647050672202707 
173 2.5036574566139684 
174 3.561709066044994 
175 3.72636634203902 
176 3.5684772205558817 
177 2.639318953978877 
178 3.715898046954469 
179 3.792881651864286 
180 3.782998942412547 
181 3.7988457274477785 
182 4.003476802962604 
183 2.636480967091228 
184 3.681590242471848 
185 2.3951177674158117 
186 2.516730341371826 
187 3.8787569332565504 
188 3.4432270236226215 
189 3.82315854219876 
190 3.9942579989689158 
191 2.9988558927835136 
192 2.607209914392387 
193 3.1762653871303463 
194 3.2091137296340597 
195 3.163091227227946 
196 3.5039293764749226 
197 3.2640786831231368 
198 3.8810873223241824 
199 3.0943259847280298 
200 3.4334069808463346 
201 3.7540543315040793 
202 3.67460296220085 
203 2.992611219982499 
204 3.271966235162812 
205 3.228359080795008 
206 3.3715591723772516 
207 2.3846424053991733 
208 2.0272663039431107 
209 3.216021351970694 
210 2.7570119533146493 
211 3.295649611020923 
212 3.420892523788411 
213 3.1756988836687166 
214 3.6098267544337093 
215 3.3094307610083438 
216 3.130701973813539 
217 2.188822136463034 
218 2.6529194801845044 
219 3.2464573656686135 
220 3.9714571728686323 
221 3.119656775701741 
222 3.7322920690331256 
223 3.6741893100652456 
224 3.5243471477179993 
225 3.222448405119763 
226 3.179350586115281 
227 3.448384945926588 
228 3.1123201553877298 
229 3.3186216593086337 
230 3.5232308760835167 
231 3.1054127423569042 
232 2.9398248617201768 
233 3.57675560959549 
234 3.1265499623029225 
235 3.713369008455628 
236 3.6418827391477993 
237 3.6144062905107663 
238 3.3023170757288294 
239 3.633066349151308 
240 3.2927372928629635 
241 3.789726518047957 
242 3.594039814041475 
243 2.6151164277723806 
244 3.9437002194392377 
245 3.4033733977182994 
246 3.624061104114497 
247 4.1325682563873585 
248 3.6422248593213475 
249 3.483214250479608 
250 3.706602327652826 
251 3.698021855574021 
252 3.0561677323742056 
253 3.294354400821522 
254 1.990436433312355 
255 2.03610556673573 
256 3.200883875128476 
257 3.170587104209731 
258 3.3154199315089024 
259 3.207586226269189 
260 3.613174683856853 
261 3.3789311365079913 
262 3.5365724209711997 
263 2.934804546913928 
264 2.5549493667756313 
265 2.585056391560142 
266 3.521170324482721 
267 3.314083253706904 
268 3.3721467305796073 
269 3.3062590840177575 
270 3.416199494732193 
271 2.659621698859934 
272 3.2910599691879128 
273 3.014416310476325 
274 3.773778481028873 
275 3.7140581259138092 
276 3.848122451366176 
277 3.057545694599024 
278 3.477850899607588 
279 3.6986805865789805 
280 3.9623831017006763 
281 3.4660684775045585 
282 2.9767380219450743 
283 3.1792408353880015 
284 3.695078017613679 
285 3.98455581432387 
286 3.5190053219768247 
287 3.4467722948938757 
288 3.5433533385123215 
289 3.0309602346725546 
290 3.3997962398348442 
291 2.8573214035524184 
292 2.893627029957644 
293 3.168253140206218 
294 3.040817008602459 
295 3.3067326218116495 
296 3.8904205713991216 
297 2.6131913810387144 
298 3.0670878582598204 
299 2.6131913810387144 
300 3.0670878582598204 
301 3.1941982788356276 
302 3.176098061041753 
303 3.070349098606283 
304 3.4736564908839584 
305 3.776720012100345 
306 3.4175554574475555 
307 3.218631318587646 
308 2.9820979560461307 
309 3.3453395969202186 
310 3.0788366620786634 
311 2.3663993528056584 
312 3.341719562774615 
313 3.367523464672901 
314 2.8740796844578895 
315 3.0236397481479615 
316 3.17735433294566 
317 3.1020349739935713 
318 3.771609140638211 
319 3.540363405014584 
320 3.553252202230821 
321 3.3170173582924862 
322 3.0294969766173314 
323 3.8448104041164264 
324 3.5400712246626513 
325 3.4334634207031507 
326 2.5219163526751114 
327 3.0800707846606885 
328 3.4450939960907636 
329 3.677015546115187 
330 3.529829854341583 
331 3.342552102356966 
332 3.529829854341583 
333 3.522311041220948 
334 3.4372123155746577 
335 3.474251140757204 
336 3.386640834792941 
337 2.971428161855477 
338 2.767144768258956 
339 2.768073799804886 
340 3.6203334358901302 
341 3.1115652556464495 
342 3.248203876034576 
343 3.305793651313324 
344 3.261777886157164 
345 3.817075995500572 
346 3.7008676667319182 
347 3.246246885874993 
348 3.069162619011053 
349 3.4874592813805725 
350 3.207068443879399 
351 3.4311185739958443 
352 3.1322367833632963 
353 2.9013880561105436 
354 3.412485234359753 
355 2.9787826421387846 
356 2.7609912408873623 
357 2.238256261410034 
358 3.331397667634267 
359 2.5121292453551085 
360 3.211819296914499 
361 2.7690851330008166 
362 3.021544465562575 
363 3.6488785871274607 
364 3.6889883319449797 
365 2.8577475680856637 
366 3.5092865944550846 
367 3.465692599146311 
368 2.715739441762197 
369 3.2235545370745515 
370 3.1555432934762004 
371 2.9655787588270757 
372 3.1199732012012267 
373 3.0771684137699475 
374 3.2938085677679902 
375 3.132321684583852 
376 3.3134340947441734 
377 3.933536683686849 
378 3.0998406843057125 
379 3.3297957326231282 
380 3.3405320242656984 
381 2.8876940430552374 
382 3.4324778798819846 
383 3.3062357408188277 
384 3.942568857726622 
385 3.2826777111183034 
386 3.3098832349493565 
387 3.558610894927846 
388 3.7509700463776543 
389 3.5701705067827376 
390 2.948716819720731 
391 3.298432917590089 
392 3.3343130889804513 
393 3.3394555628897056 
394 3.4070310385049503 
395 3.290955325073778 
396 3.196406410676457 
397 3.294855209155946 
398 2.926249193068485 
399 3.424613517041653 
400 3.9372087672869998 
401 3.548257216150962 
402 3.1411378805173515 
403 3.3754347052544804 
