0 3.29404141032618 
1 3.4193220498401202 
2 3.27099176565858 
3 3.4257154853555 
4 3.4448480948363396 
5 3.59995169225378 
6 3.62896615361056 
7 3.7762741764866803 
8 3.66535071107788 
9 3.75789899303348 
10 3.72856542754628 
11 3.7290038076261802 
12 3.9573264578637 
13 3.81298760218656 
14 4.09689115983028 
15 3.8657813310369398 
16 4.1094681096966195 
17 3.90475009637528 
18 4.01936646472792 
19 3.7730892001536 
20 4.02657232056976 
21 3.7993801056952003 
22 3.8535651207454 
23 3.76267170504426 
24 3.7356697093526003 
25 3.6021217787687805 
26 3.8029476275618004 
27 3.5454655106142 
28 3.7694347630187 
29 3.55248720706306 
30 3.64601010554462 
31 3.4189828251205 
32 3.56125184826334 
33 3.3290404546073 
34 3.58707401575318 
35 3.39889200053882 
36 3.34881626136334 
37 3.28552367497928 
38 3.38803122117982 
39 3.39140762601964 
40 3.5396284076114597 
41 3.5192514585854395 
42 3.688258007342 
43 3.74953059625878 
44 3.5895756721407404 
45 3.70278141568014 
46 3.55346425172998 
47 3.6000958059301604 
48 3.57751248759852 
49 3.47798825108102 
50 3.61737675328432 
51 3.47387679125544 
52 3.64695968073734 
53 3.4288221478098 
54 3.71039911102798 
55 3.46174156536888 
56 3.80423286393806 
57 3.4864007285944196 
58 3.77699348078472 
59 3.64317410197134 
60 3.8128378183988603 
61 3.8246796478390004 
62 3.82310492982068 
63 3.77251371679568 
64 3.49256574498922 
65 3.4985256404654796 
66 3.4228615302469003 
67 3.6716513769118 
68 3.3625624353875603 
69 3.5574892271441003 
70 3.2406857493101398 
71 3.4025188176874996 
72 3.1357809887404 
73 3.4215031235307203 
74 3.4616137585046 
75 3.76334289597646 
76 3.4810493423843605 
77 3.8587543138537397 
78 3.49130864369076 
79 3.8119798615550997 
80 3.6845795975878404 
81 4.00700910775182 
82 3.8336210701246003 
83 4.0547641146687 
84 3.83721217215926 
85 4.1205993299741 
86 4.05418148462178 
87 4.24108610571134 
88 4.11808010837398 
89 4.44842388670136 
90 4.08506992897632 
91 4.34183146108366 
92 3.9558792715054403 
93 4.29044584388514 
94 3.9728220883405796 
95 4.183403565913521 
96 3.7281517300712204 
97 3.9919647825598603 
98 3.7382529998298204 
99 3.8684823822663397 
100 3.5793554054800403 
101 3.7812442989904604 
102 3.72156808706278 
103 3.8226053812306 
104 3.73622742060036 
105 3.74475811946974 
106 3.9522056188937595 
107 3.8823704914259403 
108 3.88078324262052 
109 3.8352385735579198 
110 4.03326956831906 
111 3.93162833725044 
112 4.01362461604784 
113 3.96547462120634 
114 3.82089161455796 
115 3.8242135690371803 
116 3.7115339228140796 
117 3.7891885110739603 
118 3.8341576788188596 
119 3.7458955626451798 
120 3.69735088794648 
121 3.65625904920714 
122 3.6506439724340196 
123 3.71634251040276 
124 3.7165728467958403 
125 3.69531550739526 
126 3.7134264927493197 
127 3.7615913270986803 
128 3.7858998455827 
129 3.89310775573432 
130 3.8466702289495402 
131 4.00622594407636 
132 4.04838075699244 
133 4.08686887845756 
134 4.24594759981376 
135 4.20425195139736 
136 4.38447933035392 
137 4.28959385108956 
138 4.2566847151504 
139 4.2950790242672 
140 4.2511196787441 
141 4.19160135566906 
142 4.16825101337818 
143 4.083886431805579 
144 4.03242074261106 
145 4.06436228583394 
146 3.99784548378354 
147 3.9685449760714198 
148 4.03459644052202 
149 3.79448556773652 
150 4.0729572668627 
151 3.8045316358979795 
152 4.07703451209938 
153 3.7583261316290804 
154 4.0710915259955796 
155 3.81193587176674 
156 4.13875171825184 
157 3.7639669687107 
158 4.35513322769868 
159 3.94366480614496 
160 4.2431341456919 
161 3.90716436406952 
162 4.2342219603494 
163 3.8140975196763796 
164 4.27432296825298 
165 3.90530317521556 
166 4.09551556749238 
167 3.86639142178842 
168 3.99040124282444 
169 3.89943388472854 
170 4.16783956193556 
171 4.033391800803679 
172 4.164118074426581 
173 4.01020152283854 
174 4.18170927649344 
175 4.01477115919198 
176 4.190209085269 
177 3.9997839907240604 
178 4.0048654408063395 
179 3.83618276588996 
180 4.044001750106441 
181 3.8297134183330597 
182 4.00380604579576 
183 3.9371060778232803 
184 3.9453466576028395 
185 3.92217228913254 
186 3.9199107376129803 
187 4.0561992878389805 
188 3.89788241141182 
189 4.07529207382746 
190 3.8864947946313597 
191 4.05389972043088 
192 3.76379570419106 
193 3.9420769284176997 
194 3.67308073472084 
195 3.7746144337427197 
196 3.86251216668998 
197 3.85069423233344 
198 3.9181531845470197 
199 3.8593344664922595 
200 3.7445207303532797 
201 3.8813258348977002 
202 3.8628289033339 
203 3.9061732488589795 
204 3.88282767359764 
205 3.8515233546035397 
206 3.7218838621697 
207 3.70461101444224 
208 3.82887611215772 
209 3.7275761919133203 
210 3.8421877828087405 
211 3.63249217746244 
212 3.8687842295655 
213 3.7568544029128397 
214 3.88293704409294 
215 3.85405949879224 
216 3.95868892583022 
217 3.91713614238704 
218 4.0210719785316 
219 3.96517939413516 
220 4.06675460994104 
221 4.0623377336847595 
222 4.0282284641412405 
223 4.07241101838998 
224 4.17030805700712 
225 4.17423688558946 
226 4.050350211784 
227 4.03666077216754 
228 3.9473208497100005 
229 4.02688461331762 
230 4.04204909752152 
231 4.1893689927071005 
232 4.0060919893164195 
233 4.170963238446619 
234 3.79513955495512 
235 3.87068485996834 
236 3.7511464009849 
237 3.8989461525271 
238 3.74870499590426 
239 3.84163697972948 
240 3.5306236366511796 
241 3.62958828595782 
242 3.49254145934268 
243 3.5765176698611802 
244 3.68157200560706 
245 3.79846870699562 
246 3.57733202311532 
247 3.61732563415672 
248 3.58992474412166 
249 3.7006198433647 
250 3.62339731149548 
251 3.6820724289697204 
252 3.5339726543513 
253 3.56801965596546 
254 3.40722317450318 
255 3.4484054477365396 
256 3.47511130749254 
257 3.47380912343422 
258 3.5535121846646 
259 3.4218446747424203 
260 3.6771809521487 
261 3.55510165642848 
262 3.7905975575729203 
263 3.64930107186348 
264 3.93258463100698 
265 3.81179101949746 
266 3.88526656722806 
267 3.83071938222526 
268 3.81468631261396 
269 3.9325543171446595 
270 3.70459821620764 
271 3.78944802667178 
272 3.6681220055916 
273 3.77655323476234 
274 3.5650112908953604 
275 3.67628031038072 
276 3.68342571738768 
277 3.79149266243356 
278 3.77576048700206 
279 3.6561450724505398 
280 3.9295953570136 
281 3.8542689396775005 
282 3.8693296819708403 
283 3.8158882219623997 
284 4.031254379456859 
285 3.90554823251556 
286 3.99868570210866 
287 3.8292342075521804 
288 3.91820517230732 
289 3.9059577380548802 
290 3.8698461004732403 
291 3.84649981186258 
292 3.9722128197381203 
293 3.94844698314118 
294 3.70750862176306 
295 3.7428049351414003 
296 3.57658017564962 
297 3.6841099444376804 
298 3.6206205315033 
299 3.6138046158477204 
300 3.6377827044351796 
301 3.7067583359861205 
302 3.65965805047912 
303 3.70072651940024 
304 3.74965552286184 
305 3.7625371626759 
306 3.98753930361982 
307 4.00826180683622 
308 3.9433962083949 
309 4.0240686349059995 
310 3.8614829422664996 
311 3.85954904255478 
312 3.9094867095409 
313 3.88253623097144 
314 3.978780958801 
315 3.9538413795527396 
316 3.9326757372538 
317 3.90393049822312 
318 4.05431624790652 
319 4.04074317385136 
320 4.050881833758639 
321 4.0423094947123 
322 4.04573610924966 
323 4.05769919116794 
324 4.04016449978964 
325 4.08157358705214 
326 3.99649753546882 
327 4.03187323202246 
328 3.9870371890442797 
329 4.052680477024159 
330 4.0020579282791 
331 4.06710776118362 
332 3.91944682317758 
333 3.97189662844276 
334 3.66721092664498 
335 3.72600519919384 
336 3.64987966166672 
337 3.71472636610806 
338 3.7150757794662397 
339 3.72517834996712 
340 3.60278591405838 
341 3.5964415504780596 
342 3.5533038813107196 
343 3.5450298282904797 
344 3.66973650857794 
345 3.62528582656712 
346 3.7733649756707996 
347 3.7350485869466397 
348 3.78715641713016 
349 3.8106488664894798 
350 3.88759996934008 
351 3.8892985073409 
352 3.88573960550368 
353 3.9157365656608 
354 3.92320348587988 
355 3.9858767179467 
356 3.92156879384164 
357 4.00919675647988 
358 3.97583287403288 
359 4.02397279868978 
360 3.95587230734632 
361 4.00038342973718 
362 3.98001112858958 
363 4.0055349226980805 
364 3.8668731924607003 
365 3.8823136173152397 
366 3.7820083221655403 
367 3.77764029969934 
368 3.81991633079528 
369 3.71829352891164 
370 3.8351527851302203 
371 3.7664364579292404 
372 3.8566563054124003 
373 3.7629548139147198 
374 3.87670728478476 
375 3.76041659303894 
376 4.05967925221272 
377 3.90114739682638 
378 4.01940531977238 
379 3.96530316391694 
380 3.8902838030724 
381 3.86564762085316 
382 3.93165619780344 
383 3.89930366595762 
384 3.9559144389617202 
385 3.9749825775729 
386 3.93316536530138 
387 3.94550744912528 
388 3.9499422279454004 
389 3.7972708489124 
390 4.02765657932758 
391 3.8577286790892997 
392 3.9275250645627 
393 3.7837717161434803 
394 3.9570449377688397 
395 3.76697432195002 
396 3.8203441712927004 
397 3.66238675712708 
398 3.63510804233758 
399 3.80965975188726 
400 3.58253124221838 
401 3.7637960960850796 
402 3.6358652399789 
403 3.7837833169896795 
404 3.63563736019522 
405 3.7876263568507604 
406 3.80721936147928 
407 3.9689061471358 
408 3.98648267499294 
409 3.98244632066962 
410 4.093869051818141 
411 4.05643115336448 
412 4.14019219761822 
413 4.13619474286394 
414 4.2228879818091 
415 4.2121254999715605 
416 4.19971002063484 
417 4.18313836776482 
418 4.20733542523436 
419 4.20706225020606 
420 4.19871398974498 
421 4.17560981932024 
422 4.188987772455119 
423 4.16349956612876 
424 4.09859834076976 
425 4.11544759567748 
426 4.1283137845111 
427 4.12972102935322 
428 4.076949381551239 
429 4.00430982713366 
430 4.03209908780712 
431 3.9651861450959 
432 4.07580592956906 
433 4.02939938546724 
434 4.1256129336917 
435 4.00871456569274 
436 4.15690465062296 
437 4.05951193910324 
438 4.078396650519 
439 4.011232123940919 
440 4.10063519220638 
441 3.99172076614118 
442 4.03419827403594 
443 3.8790753920644 
444 3.93989026729096 
445 3.84280132652544 
446 3.84935217960874 
447 3.7287141946631204 
448 3.75948145386948 
449 3.7015541313309597 
450 3.72060109660436 
451 3.82159433701466 
452 3.7831862904978997 
453 3.91156202752446 
454 3.8799364768054603 
455 3.9463443779006 
456 4.01718342620848 
457 4.0684181788633405 
458 4.0786728618302 
459 4.10753595580872 
460 4.210005965907181 
461 4.024954075843359 
462 4.2530316283811 
463 4.07403733221414 
464 4.1408241184753996 
465 4.01335608382914 
466 4.064166173159601 
467 3.94771535125342 
468 4.0204900811914 
469 3.8929652351996404 
470 3.92160078519668 
471 3.98833236166844 
472 3.9169309487143202 
473 3.96658323413344 
474 4.06762809656002 
475 4.043576257899501 
476 4.087317069287 
477 4.08289864684234 
478 4.2067173676741 
479 4.18678790194122 
480 4.28553313082606 
481 4.2051853584316605 
482 4.274851771856801 
483 4.212633931199241 
484 4.269369315038039 
485 4.21750669194002 
486 4.224720987558699 
487 4.22928615927764 
488 4.12673076410866 
489 4.17053417446614 
490 4.0998437726032595 
491 4.00705811230464 
492 4.04293558935186 
493 3.9261875026693405 
494 3.99893188498302 
495 3.81981910233918 
496 3.97971052214292 
497 3.7244183316569597 
498 3.78334812751448 
499 3.76523085352438 
500 3.60818752422878 
501 3.54097646196684 
502 3.56817309825376 
503 3.4826042268848196 
504 3.5657396889695 
505 3.4832575973955997 
506 3.42858572513392 
507 3.4109908362574997 
508 3.57715574592928 
509 3.49746979870688 
510 3.7242597413515397 
511 3.6608982417058398 
512 3.65340159907408 
513 3.6615055130204803 
514 3.4947857551498203 
515 3.5658557664423802 
516 3.51455115177018 
517 3.5507897408431397 
518 3.57014987190714 
519 3.6215560338661397 
520 3.5046782559409797 
521 3.55847631254782 
522 3.62982714879094 
523 3.66187530092568 
524 3.7641419778927796 
525 3.80407960037534 
526 3.88285715900358 
527 4.0057651277468 
528 3.9154215838270403 
529 4.0149853777795 
530 3.9010534357771 
531 4.076883494170881 
532 3.89975199514562 
533 4.0455655462671 
534 3.93946758848706 
535 4.040823073141921 
536 3.93011505525754 
537 4.0244683775392405 
538 3.95663276373802 
539 3.96892820207468 
540 4.00371744774664 
541 3.95845382846342 
542 4.0267997969458005 
543 4.03342826270854 
544 4.0703655899903 
545 4.08837761026322 
546 4.06800618156784 
547 4.10963414774562 
548 4.01188083194116 
549 4.01426257034598 
550 4.12677012008768 
551 4.14599439776416 
552 4.0589602993802005 
553 4.092488578358 
554 4.07337367154188 
555 4.0671952837409995 
556 4.11246396349878 
557 4.0955503991437805 
558 4.03544246113106 
559 4.110077637271241 
560 4.00688423986578 
561 4.059462307035821 
562 4.11458422733722 
563 4.13328447779812 
564 4.11389810787402 
565 4.13027583513194 
566 4.0837743109416405 
567 4.10249096445924 
568 4.10240470411172 
569 4.170306280133881 
570 4.1115988714303 
571 4.07618095871264 
572 4.07618095871264 
573 4.19245001099884 
574 4.07618095871264 
575 4.19245001099884 
576 4.07618095871264 
577 4.19245001099884 
578 4.07618095871264 
579 4.19245001099884 
580 4.07618095871264 
581 4.1547994505241 
582 4.10088514809036 
583 4.19476016132568 
584 4.04219672531862 
585 4.1386346735481805 
586 4.10316303431912 
587 4.06843334089144 
588 4.1305602173942395 
589 4.11464512308576 
590 4.07364363838126 
591 4.0307492911774805 
592 3.96223641219024 
593 3.9146428540712797 
594 3.90047063405842 
595 3.85194184631154 
596 3.8326683940438 
597 3.84186016794986 
598 3.7128811136019 
599 3.71337558373074 
600 3.79159700177226 
601 3.8111996833225597 
602 3.7875154085484 
603 3.7751319868600604 
604 3.82430924301656 
605 3.85215951655726 
606 3.84914113919102 
607 3.89363494131618 
608 3.9390877906463997 
609 3.96410048827362 
610 3.8522221969305597 
611 3.9333530838504798 
612 3.8747371186748603 
613 3.9941206485076797 
614 3.92911542274902 
615 3.95803747510176 
616 3.94817539134252 
617 3.9168637873620398 
618 3.83428632383342 
619 3.80137618803494 
620 3.8814888594815797 
621 3.7995352633847 
622 3.7624011415545398 
623 3.70560667107938 
624 3.63762119896158 
625 3.6450971899628 
626 3.5759488468105403 
627 3.74680131500022 
628 3.5580057567002 
629 3.7691291774009 
630 3.4879778307487 
631 3.70304701427522 
632 3.59452009583266 
633 3.7968809435238398 
634 3.6466236716436002 
635 3.7946937824258398 
636 3.69711883076078 
637 3.79385621396804 
638 3.7367829473153598 
639 3.8207734781735803 
640 3.67862433211112 
641 3.7520268524305997 
642 3.6439491843374596 
643 3.70979650419714 
644 3.59814795812888 
645 3.6870500910449797 
646 3.6119013624162397 
647 3.6154666284057795 
648 3.60854585310636 
649 3.60165428256528 
650 3.7591097493978802 
651 3.7038262685161003 
652 3.65670737790604 
653 3.60633424801822 
654 3.66515028135352 
655 3.62616728096834 
656 3.6439160909991997 
657 3.5678324879011796 
658 3.64767815572502 
659 3.5822846969821 
660 3.49014284913752 
661 3.49895484051878 
662 3.6140363230735604 
663 3.6336609497847396 
664 3.68741054744144 
665 3.71496538246454 
666 3.67030720253488 
667 3.75648247843908 
668 3.71721178469024 
669 3.7932476945269 
670 3.82539349950306 
671 3.8936366084753997 
672 3.7511436226562602 
673 3.80512545451978 
674 3.82552572928252 
675 3.82289905759518 
676 3.8134195702145397 
677 3.76129641233044 
678 3.8346805459198996 
679 3.74240905011238 
680 3.74929177985308 
681 3.67895961773256 
682 3.8403004072042597 
683 3.69526108949484 
684 3.7707868197010797 
685 3.67464884433394 
686 3.7199799691822797 
687 3.7647556367455004 
688 3.6953910532368397 
689 3.77174631642824 
690 3.7432751510847 
691 3.81896003816948 
692 3.7905466891600197 
693 3.8313897064872 
694 3.64204802989104 
695 3.73515407185302 
696 3.7557682468139397 
697 3.80026409948796 
698 3.70879882714204 
699 3.83997557343508 
700 3.73906822072012 
701 3.78715375018592 
702 3.73933882142124 
703 3.7869663454110998 
704 3.9133161089927597 
705 3.9031580930581797 
706 3.9506704578993004 
707 3.846476284647 
708 4.054752390174199 
709 3.85716503546562 
710 4.0622815462943995 
711 3.9569602258284 
712 4.08734082041146 
713 4.00826832895512 
714 4.01114975817736 
715 4.07111202579396 
716 3.7707929062728 
717 3.8557235817889 
718 3.6729007948405803 
719 3.7428970595167 
720 3.6062130223022004 
721 3.66176720376074 
722 3.55305723030134 
723 3.6140862724579796 
724 3.6354186416987195 
725 3.65568325287902 
726 3.5793272800356397 
727 3.61459241653602 
728 3.73659819790148 
729 3.7649230382814403 
730 3.68620251115914 
731 3.67889113512092 
732 3.56320588988266 
733 3.55084462070986 
734 3.52627749403998 
735 3.5181620165046397 
736 3.5013558030037997 
737 3.62403750270608 
738 3.56364404381812 
739 3.64514521640832 
740 3.6367961938468 
741 3.68982371516926 
742 3.63509403775008 
743 3.69694497234946 
744 3.69863441996882 
745 3.76462470048684 
746 3.7926009421515197 
747 3.8008326085691 
748 3.70300860103774 
749 3.7302952391556197 
750 3.74678682620738 
751 3.8034855645525 
752 3.72824484041694 
753 3.77067717104626 
754 3.6926620675010597 
755 3.75892347359198 
756 3.6896303261206 
757 3.7910779032968 
758 3.7526551854481602 
759 3.89478470352538 
760 3.66602056246822 
761 3.82710943953942 
762 3.6791661959815003 
763 3.8175588436096803 
764 3.6795707746198 
765 3.82045707479544 
766 3.7764654886024998 
767 3.83359660079226 
768 3.78180730121138 
769 3.8260707032085 
770 3.7969009948527996 
771 3.81256669087148 
772 3.94550946446516 
773 3.9483665859507804 
774 3.98211018158232 
775 3.98062305604324 
776 3.9780023107381197 
777 4.02199478054352 
778 3.9312139798102996 
779 4.00826878831664 
780 3.90718185597182 
781 3.98063635937512 
782 3.8982492361614596 
783 3.9419123009947805 
784 3.91683307352334 
785 4.02287541503042 
786 3.9420209008753195 
787 3.98948145173214 
788 3.96992291245986 
789 3.96147994348046 
790 3.9807976857346397 
791 4.00733885453538 
792 3.99715742438404 
793 3.9963416312564397 
794 3.99024527994026 
795 4.00072888144112 
796 3.9801951804909 
797 4.02347154460498 
798 4.0446023941672795 
799 4.08445542007216 
800 4.08504155408082 
801 4.09656156144216 
802 4.03505742341596 
803 4.0502696946813 
804 3.9917266057242005 
805 3.99881846152232 
806 4.01714544444258 
807 3.9016763205091003 
808 3.9277223190266 
809 3.8682686089319196 
810 3.80957030675962 
811 3.75117650876482 
812 3.90419242442848 
813 3.82232956616284 
814 3.95697199696916 
815 3.8377132493446404 
816 3.8513385243844 
817 3.79318074339598 
818 3.9487501711680997 
819 3.81307523208066 
820 4.0277673777534195 
821 3.93173000716504 
822 3.9078333557012597 
823 3.86999683548052 
824 3.7478447363575804 
825 3.8009093275747396 
826 3.68113132256346 
827 3.88176527409738 
828 3.58795771003284 
829 3.8197392969201203 
830 3.66749074330282 
831 3.91940048127384 
832 3.7774457920615196 
833 3.9634928437556605 
834 3.79726312780896 
835 3.9231260919618998 
836 3.9184382338614596 
837 3.95592009206944 
838 3.95068591488518 
839 4.06229827796208 
840 3.9807640824229997 
841 4.04505432055068 
842 3.96172140077944 
843 4.04781883779774 
844 3.96597430522782 
845 4.0299466107981 
846 3.9427576534709403 
847 3.9416066631470996 
848 3.9652000767176405 
849 3.97098173215184 
850 3.8489663123777804 
851 3.84550429208182 
852 3.7957898036665805 
853 3.7662605111555 
854 3.7023990956231403 
855 3.7485153647919 
856 3.6057835563079004 
857 3.8009282128169604 
858 3.5189761859154203 
859 3.71319919048614 
860 3.4140839052688796 
861 3.638423732458 
862 3.4350309311242198 
863 3.70930023555378 
864 3.6017189758155 
865 3.83020931663588 
866 3.68734686431116 
867 3.8318663140400604 
868 3.81001629205752 
869 3.8797758023905 
870 3.9579745889749605 
871 3.98971956818364 
872 3.9948002588269196 
873 3.9638972748776404 
874 3.8114856123705003 
875 3.7514203359946796 
876 3.8061330417853596 
877 3.81329530829072 
878 3.6314983316033804 
879 3.68668411298964 
880 3.65193205368264 
881 3.6711701369319 
882 3.68118247587688 
883 3.7153233210219803 
884 3.8370402562371195 
885 3.90068943100392 
886 3.92049684168286 
887 3.9241595054430802 
888 4.028021304668981 
889 4.0123588842613405 
890 4.10461021046156 
891 4.1438618509376 
892 4.15606780469964 
893 4.20180362733152 
894 4.30101763821366 
895 4.27442170219258 
896 4.27278335944452 
897 4.20694686302394 
898 4.20987669366248 
899 4.1541443103270606 
900 4.2091841247176 
901 4.03535880366586 
902 4.021159347594439 
903 3.87256517778374 
904 3.79087207488894 
905 3.76008838754138 
906 3.8168319739847 
907 3.7559998839299 
908 3.7487957716138802 
909 3.74263435695118 
910 3.7487957716138802 
911 3.73428085558008 
912 3.7910836126341203 
913 3.76804605945206 
914 3.84129721253166 
915 3.76804605945206 
916 3.8363677210585 
917 3.6387077012872195 
918 3.99033859470416 
919 3.7421052303543396 
920 3.99033859470416 
921 3.7421052303543396 
922 4.08963464433274 
923 3.8099299581395996 
924 4.16207999770572 
925 3.8099299581395996 
926 4.04000210274138 
927 4.04421447988868 
928 4.06891944912692 
929 4.06618210040656 
930 4.06891944912692 
931 4.06618210040656 
932 3.88547102343572 
933 3.92529393691324 
934 3.8691574805066997 
935 3.92529393691324 
936 4.0496956144946 
937 3.73156108294038 
938 4.0496956144946 
939 3.74237734069136 
940 4.0496956144946 
941 3.74237734069136 
942 4.16946258743468 
943 3.9256286299301997 
944 4.01233400183644 
945 3.9256286299301997 
946 3.7793836634136198 
947 3.7849529921859597 
948 3.7793836634136198 
949 3.65917551403002 
950 3.7793836634136198 
951 3.65917551403002 
952 3.7684794465788003 
953 3.67842884292016 
954 3.76841268971404 
955 3.67842884292016 
956 3.7103299338577003 
957 3.91261784564092 
958 3.7103299338577003 
959 3.7571275942442597 
960 3.7103299338577003 
961 3.7571275942442597 
962 3.73112785761814 
963 3.7571275942442597 
964 3.8558132327119603 
965 3.7571275942442597 
966 4.0955768827949 
967 3.7763257186011203 
968 4.0955768827949 
969 3.87815957640082 
970 4.0955768827949 
971 3.87815957640082 
972 4.10957268821958 
973 3.87815957640082 
974 4.02979587458004 
975 3.87815957640082 
976 4.097369657679 
977 3.81686944402676 
978 4.097369657679 
979 3.9335130542752 
980 4.097369657679 
981 3.9335130542752 
982 4.12070001377094 
983 3.9335130542752 
984 4.18262814139992 
985 3.9335130542752 
986 4.18262814139992 
987 4.03135842241756 
988 4.18262814139992 
989 4.04191996690956 
990 4.18262814139992 
991 4.04191996690956 
992 4.17138085198212 
993 4.04191996690956 
994 4.19294542750702 
995 4.04191996690956 
996 4.19294542750702 
997 4.04191996690956 
998 4.19294542750702 
999 4.05886354983748 
1000 4.19294542750702 
1001 4.05886354983748 
1002 4.20336202035106 
1003 4.05886354983748 
1004 4.20336202035106 
1005 4.05886354983748 
1006 4.20336202035106 
1007 4.05886354983748 
1008 4.20336202035106 
1009 4.05148089415494 
1010 4.20336202035106 
1011 4.05148089415494 
1012 4.22913430437398 
1013 4.05148089415494 
1014 4.22913430437398 
1015 4.05148089415494 
1016 4.22913430437398 
1017 4.05148089415494 
1018 4.22913430437398 
1019 4.0973521053696 
1020 4.22913430437398 
1021 4.0973521053696 
1022 4.13420869293454 
1023 4.0973521053696 
1024 4.13420869293454 
1025 4.0973521053696 
1026 4.13420869293454 
1027 4.0973521053696 
1028 4.13420869293454 
1029 4.05413422876624 
1030 4.13420869293454 
1031 4.05413422876624 
1032 4.23201357536242 
1033 4.05413422876624 
1034 4.23201357536242 
1035 4.05413422876624 
1036 4.22647308082014 
1037 4.05413422876624 
1038 4.22647308082014 
1039 4.027405717298381 
1040 4.22647308082014 
1041 4.027405717298381 
1042 4.22742516851692 
1043 4.027405717298381 
1044 4.22811033329236 
1045 4.027405717298381 
1046 4.27607319158008 
1047 4.027405717298381 
1048 4.39272203723076 
1049 4.10494453212256 
1050 4.4140947228981 
1051 4.10494453212256 
1052 4.38412454438784 
1053 4.10494453212256 
1054 4.2796539433795 
1055 4.10494453212256 
1056 4.2870073152714 
1057 4.10494453212256 
1058 4.1438742391383006 
1059 4.0819288101404 
1060 4.06419439568632 
1061 4.0819288101404 
1062 4.139811602707519 
1063 4.0819288101404 
1064 4.32829466363554 
1065 4.0819288101404 
1066 4.19123579235276 
1067 4.0819288101404 
1068 4.25554098027662 
1069 4.09018279753236 
1070 4.37752603603932 
1071 4.09018279753236 
1072 4.18283134587034 
1073 4.09018279753236 
1074 4.05728239308318 
1075 4.09018279753236 
1076 4.0025159542311 
1077 4.09018279753236 
1078 3.91619283169472 
1079 3.9979083062335 
1080 3.8982340662345 
1081 3.9979083062335 
1082 4.044530057666639 
1083 3.9979083062335 
1084 4.17365835565648 
1085 3.9979083062335 
1086 4.1899489868258 
1087 3.9979083062335 
1088 4.2522874517135 
1089 4.008929848937401 
1090 4.07632549713694 
1091 4.008929848937401 
1092 4.00327252404514 
1093 4.008929848937401 
1094 3.81272887879458 
1095 4.008929848937401 
1096 3.77411508142042 
1097 3.9990542984448405 
1098 3.70183257051644 
1099 3.9789345020176805 
1100 3.7673473669532798 
1101 3.97129389410006 
1102 3.80479610048132 
1103 3.8157554718697595 
1104 3.8623942850471202 
1105 3.6883899797839597 
1106 4.00881761933534 
1107 3.7745796034603005 
1108 4.0709445283719194 
1109 3.86517038087014 
1110 4.12162269492866 
1111 4.02229832490806 
1112 4.06804228890216 
1113 4.06215109244364 
1114 3.9235675017568803 
1115 4.12823668435192 
1116 3.92909363607074 
1117 4.07726090120056 
1118 3.8838811412234797 
1119 3.97986550760094 
1120 3.91215110392436 
1121 3.9237848867468004 
1122 3.9944902637402997 
1123 4.01528453156646 
1124 3.9369645069348005 
1125 3.94181755134816 
1126 4.02376116351632 
1127 3.9646294198473795 
1128 3.97734045357372 
1129 3.93398117676468 
1130 3.96291664746116 
1131 3.94546178697056 
1132 3.6941146838065997 
1133 3.6809020588470402 
1134 3.65714869177528 
1135 3.49432343923446 
1136 3.6576203793635003 
1137 3.4732492636289 
1138 3.81511270795878 
1139 3.61949462844862 
1140 3.8152717238029 
1141 3.6626138424809 
1142 4.0191743891374205 
1143 3.8693613005451395 
1144 4.0213358587711 
1145 3.89362512194126 
1146 3.95085684906528 
1147 4.01873573816202 
1148 3.74359096571812 
1149 3.8400215229782395 
1150 3.7857114392298796 
1151 3.7648755410006 
1152 3.7346853979911203 
1153 3.74216031072796 
1154 3.68832711070388 
1155 3.6817977031956195 
1156 3.7655330562384597 
1157 3.70725172046248 
1158 3.752927884338 
1159 3.6953415853826796 
1160 3.7104320999561997 
1161 3.7226485578435997 
1162 3.8062067537282203 
1163 3.77692489849834 
1164 3.7322242461446797 
1165 3.7425690783683203 
1166 3.85679271607372 
1167 3.80208335647986 
1168 3.97404167889034 
1169 3.9569935427811402 
1170 3.97701853339374 
1171 3.98428637686282 
1172 3.9171153768767604 
1173 3.9424417076223 
1174 3.8776256909851803 
1175 3.77938320875488 
1176 4.111042443149261 
1177 4.00011981761898 
1178 4.04556751102096 
1179 3.9503976058931003 
1180 4.0439338377397 
1181 3.95250306497232 
1182 4.0389294821516994 
1183 3.9478675363068 
1184 3.86296964292384 
1185 4.02462218526834 
1186 3.66775183504188 
1187 3.87238941818286 
1188 3.63099200795954 
1189 3.79228280778486 
1190 3.52392582420854 
1191 3.65964406353648 
1192 3.4533087876458 
1193 3.56592221745628 
1194 3.53930031321092 
1195 3.5726622406104 
1196 3.5342816981983605 
1197 3.51025211212336 
1198 3.5833275286240998 
1199 3.57527491548582 
1200 3.6277672137156403 
1201 3.70044557497624 
1202 3.8162037818186803 
1203 3.87837223280662 
1204 3.8035427536169797 
1205 3.9634855291323 
1206 3.9414896946380202 
1207 4.0713003276232005 
1208 4.0149365169976 
1209 4.1795132220877 
1210 4.042736440000359 
1211 4.12833237418274 
1212 3.9287465130434804 
1213 4.0216349907594005 
1214 3.95809589222688 
1215 4.069092324841639 
1216 4.0964728532832 
1217 4.08470923742124 
1218 4.137916677802719 
1219 4.04765884263408 
1220 4.183004603115419 
1221 4.071967557084379 
1222 4.1905482345287 
1223 4.03701764530238 
1224 4.19657543732292 
1225 4.08760676097478 
1226 4.18785936232728 
1227 3.86188756615404 
1228 4.18285984873486 
1229 3.8448929130983602 
1230 4.1883415174855 
1231 3.85749677197004 
1232 4.11848037346072 
1233 3.79897174675414 
1234 3.89273394219594 
1235 3.95069562638636 
1236 3.87397797042482 
1237 3.9245629929403 
1238 3.7617295083527402 
1239 3.8626328607253795 
1240 3.7669067225569 
1241 3.8684804267704997 
1242 3.86169001287668 
1243 4.0019641105453605 
1244 3.8372714873742195 
1245 3.9398684882647403 
1246 3.9499080789864998 
1247 3.9375521736798604 
1248 4.06011737080054 
1249 3.9929328414725 
1250 3.8536842311152597 
1251 3.8113652165949197 
1252 3.80951191956866 
1253 3.81732861696254 
1254 3.7266335818056 
1255 3.76764466861556 
1256 3.82119608973438 
1257 3.6660484066524397 
1258 3.67000926479352 
1259 3.5789470883920003 
1260 3.68490946453638 
1261 3.5865905388597596 
1262 3.6864497186779195 
1263 3.65289582851078 
1264 3.8797791289945005 
1265 3.8461228481925405 
1266 3.7821825074597 
1267 3.9213185671286 
1268 3.8612029167525 
1269 4.00162968990856 
1270 4.1627917523561 
1271 4.07106268691668 
1272 4.23485441524086 
1273 4.02704191516902 
1274 4.2314954312710595 
1275 4.08055476750358 
1276 4.1393591416532 
1277 3.91816616584332 
1278 4.1089687860753 
1279 3.8762035950216402 
1280 4.1055067376785 
1281 3.98673966802626 
1282 4.08758015697836 
1283 3.99916779721132 
1284 4.1627212798305 
1285 3.9021878941519197 
1286 4.194246124701 
1287 3.9789462466187997 
1288 4.2902619715476 
1289 4.07369342868656 
1290 4.11052571623892 
1291 4.0213425020432805 
1292 4.09239252328 
1293 3.9476379928190197 
1294 3.9787916313033795 
1295 4.08960508318768 
1296 3.91428882031596 
1297 4.03461678939888 
1298 3.86901289014524 
1299 3.9421128591557597 
1300 3.7887935571621396 
1301 3.89075824190074 
1302 3.67786104070798 
1303 3.79395861318048 
1304 3.81335309082676 
1305 3.8694305626398 
1306 3.9318536870859395 
1307 3.9769779875424 
1308 3.9131419957851796 
1309 3.97953367198268 
1310 3.9002256060220395 
1311 3.98057475459004 
1312 3.98466066624574 
1313 4.10846341967662 
1314 4.05872127174666 
1315 4.0352903084756395 
1316 3.91067106630394 
1317 3.8766353020325397 
1318 3.8469974992391798 
1319 3.83931158409188 
1320 3.97348371659848 
1321 3.9770413041053 
1322 4.062146899361499 
1323 4.032400852221761 
1324 3.99856000700874 
1325 3.84375693264876 
1326 4.08313260758836 
1327 3.96045596613954 
1328 4.21121942679776 
1329 4.08068618131452 
1330 4.1282531680424395 
1331 3.95170981414646 
1332 4.07809460515376 
1333 3.9043121295020002 
1334 3.84879774979064 
1335 3.95384619744244 
1336 3.73742273602364 
1337 3.85075798721004 
1338 3.5976370960665798 
1339 3.7170880568913196 
1340 3.51071281508566 
1341 3.62755840545998 
1342 3.5097887831289 
1343 3.6308739783456803 
1344 3.63865994361426 
1345 3.6929300782348795 
1346 3.6958103219737195 
1347 3.6821773094605197 
1348 3.7506287183652196 
1349 3.7610877144535797 
1350 3.89479265576556 
1351 3.9517330448270998 
1352 3.8650440390271 
1353 3.89875283634442 
1354 3.9209334899549804 
1355 3.87011801549152 
1356 3.92570382396588 
1357 3.9448840589578404 
1358 3.79283404780738 
1359 3.76825432778402 
1360 3.6772032114502204 
1361 3.59346594320142 
1362 3.7211491608533 
1363 3.65634311782208 
1364 3.64916974198306 
1365 3.7091527920077803 
1366 3.6752148318932596 
1367 3.6892068431227996 
1368 3.76364043882038 
1369 3.77078567032038 
1370 3.85328650866634 
1371 3.8472703941503803 
1372 3.83720445398104 
1373 3.9012804152763203 
1374 3.90890333608872 
1375 3.9029386001236395 
1376 3.9092324718805798 
1377 3.89179410507196 
1378 4.0210892260726805 
1379 4.02109373758432 
1380 4.0130341064885595 
1381 4.02377333805666 
1382 4.03425156169218 
1383 3.96479929776302 
1384 3.9229738550657203 
1385 3.8523945812243 
1386 3.9666121395635003 
1387 3.9019947186664603 
1388 3.93924945117544 
1389 3.8228356276023 
1390 4.023378670480421 
1391 3.92717005449022 
1392 4.1636258022376 
1393 3.91113122562622 
1394 4.1618730257464005 
1395 3.9470153195732203 
1396 4.08714622027164 
1397 4.0393702354664 
1398 4.10491480298612 
1399 4.0884914273379795 
1400 4.02219096429026 
1401 4.03743547326942 
1402 3.7829819953466397 
1403 4.02408330852438 
1404 3.80942223955948 
1405 4.0605903008446 
1406 3.63193325692946 
1407 3.9563557973026398 
1408 3.5818718915175602 
1409 3.98997682127514 
1410 3.5561818540747403 
1411 4.01131771936946 
1412 3.57572546360306 
1413 4.05563756438936 
1414 3.69182010717372 
1415 4.156000311054919 
1416 3.7907755342028 
1417 4.0582395583818 
1418 3.7693772629839204 
1419 4.02885853988666 
1420 3.77508975561786 
1421 3.94815513871242 
1422 3.7926458398977205 
1423 3.8791449246833403 
1424 3.8233206659293204 
1425 3.77667960545294 
1426 3.76764431106954 
1427 3.77339860452116 
1428 3.73530362827364 
1429 3.6861329309943 
1430 3.76116913428294 
1431 3.7393934287129 
1432 3.79656360476828 
1433 3.8095703704162402 
1434 3.8361090595047997 
1435 3.891737288064 
1436 3.84100829711796 
1437 3.9749643751523402 
1438 4.000244958029 
1439 4.12094544396506 
1440 4.01413416859192 
1441 4.13086329091384 
1442 4.01375992942068 
1443 4.13845874467968 
1444 3.90075844936486 
1445 4.01324972739374 
1446 3.9087612659535 
1447 3.96349939001432 
1448 3.79509885548664 
1449 3.8946598212013797 
1450 3.70569229007076 
1451 3.7950545624385397 
1452 3.71513112603222 
1453 3.79470441810144 
1454 3.77320157575502 
1455 3.87091884113374 
1456 3.8074254984987803 
1457 3.80452610398324 
1458 3.8078422361641002 
1459 3.8543951634586597 
1460 3.8945375504382 
1461 3.9230973151639397 
1462 3.7425476260241197 
1463 3.73998962586816 
1464 3.6605380618169 
1465 3.68675461626136 
1466 3.57737235258302 
1467 3.85675851122408 
1468 3.3423353434075205 
1469 3.61033609827546 
1470 3.19130528313346 
1471 3.46001664849082 
1472 3.31391374210254 
1473 3.59541357217662 
1474 3.42904507085884 
1475 3.72156636545762 
1476 3.62824510360032 
1477 3.46646533758818 
1478 3.89024272517702 
1479 3.6793520574694396 
1480 4.053029266148959 
1481 3.8968442112264596 
1482 3.89352479748234 
1483 3.7333227598041803 
1484 3.7658949952880802 
1485 3.60031275452626 
1486 3.5377513494714004 
1487 3.62047137671658 
1488 3.3893787086192 
1489 3.5216828031791003 
1490 3.371747664262 
1491 3.4646493351794803 
1492 3.49645493546708 
1493 3.59726783453618 
1494 3.5122960378757 
1495 3.593242985891 
1496 3.55857597917376 
1497 3.7764963070186397 
1498 3.6406493102999398 
1499 3.78308970247244 
1500 3.58726651898456 
1501 3.7384665896001 
1502 3.63748853003628 
1503 3.76138124928584 
1504 3.75505323242204 
1505 3.8003682145966797 
1506 3.8966723476758 
1507 3.90254650892602 
1508 3.9320056265385 
1509 3.8925444236452797 
1510 4.09188156247874 
1511 4.0156089675716 
1512 4.17370905624474 
1513 4.13428729051148 
1514 4.25037743434264 
1515 4.02123331832388 
1516 4.2428730107556 
1517 4.07774882102464 
1518 4.27498082921154 
1519 4.1538123164541405 
1520 4.22394620869106 
1521 4.16331736576268 
1522 4.1781046781782205 
1523 4.08273316811616 
1524 4.07411725710608 
1525 4.1210446776091 
1526 3.9880819192140002 
1527 4.0309625748758 
1528 3.9060041920942603 
1529 3.9801407289872204 
1530 3.8050440062997604 
1531 3.8603004039085804 
1532 3.7119695520998 
1533 3.79073259081188 
1534 3.6765321116685596 
1535 3.81737261142266 
1536 3.67072846731 
1537 3.91011387344604 
1538 3.8187393062311004 
1539 4.0156478082194 
1540 3.8440473399294603 
1541 4.0253547558411 
1542 3.7495473518335203 
1543 3.9166653325294 
1544 3.5733801152784403 
1545 3.6704628319015002 
1546 3.59805355004192 
1547 3.5290670413056398 
1548 3.5556157397058 
1549 3.55189578960332 
1550 3.46101267973782 
1551 3.47410219176244 
1552 3.5783211170285805 
1553 3.6382834029142 
1554 3.87738812089824 
1555 3.8666117402299003 
1556 3.85058582206628 
1557 3.9366619867041797 
1558 3.7891855789697404 
1559 3.84001200115152 
1560 3.98961687896388 
1561 4.004836293781819 
1562 3.9878582658223998 
1563 3.9143328590552597 
1564 3.8624702935537 
1565 3.8030995861573205 
1566 3.8987750125603 
1567 3.80636602317202 
1568 3.88774716310762 
1569 3.72471573880046 
1570 3.87392113108814 
1571 3.6516434857855997 
1572 3.92463764888032 
1573 3.7593960590626203 
1574 3.9533315342337403 
1575 3.74215660543792 
1576 3.9560898003278604 
1577 3.55348031896796 
1578 3.7709184268423597 
1579 3.4451769549263402 
1580 3.7098672078132404 
1581 3.46466311471042 
1582 3.6812126247695405 
1583 3.42984152239316 
1584 3.7290001060216604 
1585 3.5156647994374195 
1586 3.56579941568794 
1587 3.62073583741982 
1588 3.6563972966121 
1589 3.7074653480182596 
1590 3.73043891334924 
1591 3.72047409294454 
1592 3.7315708743555 
1593 3.7019807232021003 
1594 3.7757335885063 
1595 3.79408124976516 
1596 3.86918765227068 
1597 3.75777267874028 
1598 4.0916220141211195 
1599 3.9511590606644 
1600 4.0651572205034805 
1601 3.96481992477102 
1602 4.16670512428488 
1603 4.006295696603059 
1604 3.8660801193559005 
1605 3.70419700590256 
1606 3.83445433727314 
1607 3.68294851486016 
1608 3.4971316488341997 
1609 3.35038074274082 
1610 3.19514528594538 
1611 3.06254210614804 
1612 3.06587539795752 
1613 2.93965491029666 
1614 3.0906864755876997 
1615 2.97763231458234 
1616 3.0460763832296402 
1617 3.1148827863242 
1618 3.13147315003128 
1619 3.2193534290258805 
1620 3.4746758109983 
1621 3.4589283577317405 
1622 3.47515636832142 
1623 3.4852874317941 
1624 3.61453569093408 
1625 3.6813615678058604 
1626 3.72040836782422 
1627 3.6796747848109597 
1628 3.9246745184639797 
1629 3.869909503235 
1630 3.8692742849926196 
1631 3.91952437524584 
1632 3.99039123624116 
1633 4.0930031028952 
1634 4.0091921372170605 
1635 4.11649691527616 
1636 3.97487277966108 
1637 4.0741544343738605 
1638 4.049912231189699 
1639 4.1587871445507405 
1640 4.0497652131240205 
1641 4.15276780440044 
1642 3.9788186005702597 
1643 4.10189841088234 
1644 4.085294816325041 
1645 4.18026994729076 
1646 4.09634051845028 
1647 4.07614078637668 
1648 3.99169463932544 
1649 3.9905710825731804 
1650 4.03215122474782 
1651 4.04577717306884 
1652 4.0439808226695195 
1653 4.086511549840219 
1654 3.95400824948502 
1655 4.25972845611088 
1656 3.95192459003418 
1657 4.24589274391158 
1658 3.94930370546554 
1659 3.86350053350188 
1660 3.86350053350188 
1661 4.21689236575072 
1662 3.81998805755412 
1663 4.13899487701926 
1664 3.95194186486182 
1665 4.13899487701926 
1666 4.0326313398369 
1667 4.21099507234986 
1668 4.1101726003130405 
1669 4.18918421535808 
1670 4.06780359124112 
1671 4.06743658844702 
1672 3.899303905163 
1673 3.85915764051254 
1674 3.92494845659332 
1675 3.91561974652762 
1676 3.7704782265363597 
1677 3.7645832218381203 
1678 3.6958682319701195 
1679 3.68340316738078 
1680 3.6935280202544596 
1681 3.70696033203892 
1682 3.7098495848405 
1683 3.72763446058106 
1684 3.7650175505342403 
1685 3.79414507067998 
1686 3.84074416237294 
1687 3.8412092341997 
1688 3.9118177971503 
1689 3.8950575336294 
1690 4.00830587180512 
1691 3.9407366005794797 
1692 4.02127088349192 
1693 3.94864861143338 
1694 4.03904791121066 
1695 3.95062520266402 
1696 4.05698424389198 
1697 3.9877598102203597 
1698 3.98705849638768 
1699 3.9143679643005003 
1700 3.93088496206706 
1701 3.8922423338476797 
1702 4.00995992166112 
1703 3.9497596947667803 
1704 4.1132152593694205 
1705 4.04993621622382 
1706 4.16672734911494 
1707 4.10624031146512 
1708 4.17826888138204 
1709 4.13532589904364 
1710 4.1993059226021 
1711 4.19451328952508 
1712 4.1532573448389005 
1713 4.12743406229082 
1714 4.01334090465646 
1715 3.9456318635213004 
1716 3.91113537823738 
1717 3.8585598591522396 
1718 3.87543620408272 
1719 3.8401258919807 
1720 3.89508687827312 
1721 3.8388332955867197 
1722 3.89775390741904 
1723 3.88201701924448 
1724 4.02784532636646 
1725 4.04865723347354 
1726 4.11094227919068 
1727 4.11881955279088 
1728 4.186913680429759 
1729 4.16024082333952 
1730 4.14045436657886 
1731 4.1068909009069205 
1732 4.19843287745614 
1733 4.15151697702504 
1734 4.1379592240535406 
1735 4.0670373896720395 
1736 4.159061233334301 
1737 4.13593204508318 
1738 4.03629476576282 
1739 4.05461428254602 
1740 4.052368314990639 
1741 4.1350303297104 
1742 3.8528653180767 
1743 3.92134434543332 
1744 3.90433922434868 
1745 3.9436419090894397 
1746 3.78297469968778 
1747 3.74167897314378 
1748 3.81190434757414 
1749 3.8150135163448198 
1750 3.8322131546312 
1751 3.77914664867708 
1752 3.99946267441274 
1753 4.0009520682329205 
1754 4.01672624075214 
1755 4.09908214492536 
1756 4.166095022300199 
1757 4.29131121459108 
1758 3.3055254550326802 
1759 3.29404141032618 
1760 3.4193220498401202 
1761 3.27099176565858 
1762 3.4257154853555 
1763 3.4448480948363396 
1764 3.59995169225378 
1765 3.62896615361056 
1766 3.7762741764866803 
1767 3.66535071107788 
1768 3.75789899303348 
1769 3.72856542754628 
1770 3.7290038076261802 
1771 3.9573264578637 
1772 3.81298760218656 
1773 4.09689115983028 
1774 3.8657813310369398 
1775 4.1094681096966195 
1776 3.90475009637528 
1777 4.01936646472792 
1778 3.7730892001536 
1779 4.02657232056976 
1780 3.7993801056952003 
1781 3.8535651207454 
1782 3.76267170504426 
1783 3.7356697093526003 
1784 3.6021217787687805 
1785 3.8029476275618004 
1786 3.5454655106142 
1787 3.7694347630187 
1788 3.55248720706306 
1789 3.64601010554462 
1790 3.4189828251205 
1791 3.56125184826334 
1792 3.3290404546073 
1793 3.58707401575318 
1794 3.39889200053882 
1795 3.34881626136334 
1796 3.28552367497928 
1797 3.38803122117982 
1798 3.39140762601964 
1799 3.5396284076114597 
1800 3.5192514585854395 
1801 3.688258007342 
1802 3.74953059625878 
1803 3.5895756721407404 
1804 3.70278141568014 
1805 3.55346425172998 
1806 3.6000958059301604 
1807 3.57751248759852 
1808 3.47798825108102 
1809 3.61737675328432 
1810 3.47387679125544 
1811 3.64695968073734 
1812 3.4288221478098 
1813 3.71039911102798 
1814 3.46174156536888 
1815 3.80423286393806 
1816 3.4864007285944196 
1817 3.77699348078472 
1818 3.64317410197134 
1819 3.8128378183988603 
1820 3.8246796478390004 
1821 3.82310492982068 
1822 3.77251371679568 
1823 3.49256574498922 
1824 3.4985256404654796 
1825 3.4228615302469003 
1826 3.6716513769118 
1827 3.3625624353875603 
1828 3.5574892271441003 
1829 3.2406857493101398 
1830 3.4025188176874996 
1831 3.1357809887404 
1832 3.4215031235307203 
1833 3.4616137585046 
1834 3.76334289597646 
1835 3.4810493423843605 
1836 3.8587543138537397 
1837 3.49130864369076 
1838 3.8119798615550997 
1839 3.6845795975878404 
1840 4.00700910775182 
1841 3.8336210701246003 
1842 4.0547641146687 
1843 3.83721217215926 
1844 4.1205993299741 
1845 4.05418148462178 
1846 4.24108610571134 
1847 4.11808010837398 
1848 4.44842388670136 
1849 4.08506992897632 
1850 4.34183146108366 
1851 3.9558792715054403 
1852 4.29044584388514 
1853 3.9728220883405796 
1854 4.183403565913521 
1855 3.7281517300712204 
1856 3.9919647825598603 
1857 3.7382529998298204 
1858 3.8684823822663397 
1859 3.5793554054800403 
1860 3.7812442989904604 
1861 3.72156808706278 
1862 3.8226053812306 
1863 3.73622742060036 
1864 3.74475811946974 
1865 3.9522056188937595 
1866 3.8823704914259403 
1867 3.88078324262052 
1868 3.8352385735579198 
1869 4.03326956831906 
1870 3.93162833725044 
1871 4.01362461604784 
1872 3.96547462120634 
1873 3.82089161455796 
1874 3.8242135690371803 
1875 3.7115339228140796 
1876 3.7891885110739603 
1877 3.8341576788188596 
1878 3.7458955626451798 
1879 3.69735088794648 
1880 3.65625904920714 
1881 3.6506439724340196 
1882 3.71634251040276 
1883 3.7165728467958403 
1884 3.69531550739526 
1885 3.7134264927493197 
1886 3.7615913270986803 
1887 3.7858998455827 
1888 3.89310775573432 
1889 3.8466702289495402 
1890 4.00622594407636 
1891 4.04838075699244 
1892 4.08686887845756 
1893 4.24594759981376 
1894 4.20425195139736 
1895 4.38447933035392 
1896 4.28959385108956 
1897 4.2566847151504 
1898 4.2950790242672 
1899 4.2511196787441 
1900 4.19160135566906 
1901 4.16825101337818 
1902 4.083886431805579 
1903 4.03242074261106 
1904 4.06436228583394 
1905 3.99784548378354 
1906 3.9685449760714198 
1907 4.03459644052202 
1908 3.79448556773652 
1909 4.0729572668627 
1910 3.8045316358979795 
1911 4.07703451209938 
1912 3.7583261316290804 
1913 4.0710915259955796 
1914 3.81193587176674 
1915 4.13875171825184 
1916 3.7639669687107 
1917 4.35513322769868 
1918 3.94366480614496 
1919 4.2431341456919 
1920 3.90716436406952 
1921 4.2342219603494 
1922 3.8140975196763796 
1923 4.27432296825298 
1924 3.90530317521556 
1925 4.09551556749238 
1926 3.86639142178842 
1927 3.99040124282444 
1928 3.89943388472854 
1929 4.16783956193556 
1930 4.033391800803679 
1931 4.164118074426581 
1932 4.01020152283854 
1933 4.18170927649344 
1934 4.01477115919198 
1935 4.190209085269 
1936 3.9997839907240604 
1937 4.0048654408063395 
1938 3.83618276588996 
1939 4.044001750106441 
1940 3.8297134183330597 
1941 4.00380604579576 
1942 3.9371060778232803 
1943 3.9453466576028395 
1944 3.92217228913254 
1945 3.9199107376129803 
1946 4.0561992878389805 
1947 3.89788241141182 
1948 4.07529207382746 
1949 3.8864947946313597 
1950 4.05389972043088 
1951 3.76379570419106 
1952 3.9420769284176997 
1953 3.67308073472084 
1954 3.7746144337427197 
1955 3.86251216668998 
1956 3.85069423233344 
1957 3.9181531845470197 
1958 3.8593344664922595 
1959 3.7445207303532797 
1960 3.8813258348977002 
1961 3.8628289033339 
1962 3.9061732488589795 
1963 3.88282767359764 
1964 3.8515233546035397 
1965 3.7218838621697 
1966 3.70461101444224 
1967 3.82887611215772 
1968 3.7275761919133203 
1969 3.8421877828087405 
1970 3.63249217746244 
1971 3.8687842295655 
1972 3.7568544029128397 
1973 3.88293704409294 
1974 3.85405949879224 
1975 3.95868892583022 
1976 3.91713614238704 
1977 4.0210719785316 
1978 3.96517939413516 
1979 4.06675460994104 
1980 4.0623377336847595 
1981 4.0282284641412405 
1982 4.07241101838998 
1983 4.17030805700712 
1984 4.17423688558946 
1985 4.050350211784 
1986 4.03666077216754 
1987 3.97069347621744 
1988 3.97069347621744 
1989 3.9473208497100005 
1990 4.02688461331762 
1991 4.04204909752152 
1992 4.1893689927071005 
1993 4.0060919893164195 
1994 4.170963238446619 
1995 3.79513955495512 
1996 3.87068485996834 
1997 3.7511464009849 
1998 3.8989461525271 
1999 3.74870499590426 
2000 3.84163697972948 
2001 3.5306236366511796 
2002 3.62958828595782 
2003 3.49254145934268 
2004 3.5765176698611802 
2005 3.68157200560706 
2006 3.79846870699562 
2007 3.57733202311532 
2008 3.61732563415672 
2009 3.58992474412166 
2010 3.7006198433647 
2011 3.62339731149548 
2012 3.6820724289697204 
2013 3.5339726543513 
2014 3.56801965596546 
2015 3.40722317450318 
2016 3.4484054477365396 
2017 3.47511130749254 
2018 3.47380912343422 
2019 3.5535121846646 
2020 3.4218446747424203 
2021 3.6771809521487 
2022 3.55510165642848 
2023 3.7905975575729203 
2024 3.64930107186348 
2025 3.93258463100698 
2026 3.81179101949746 
2027 3.88526656722806 
2028 3.83071938222526 
2029 3.81468631261396 
2030 3.9325543171446595 
2031 3.70459821620764 
2032 3.78944802667178 
2033 3.6681220055916 
2034 3.77655323476234 
2035 3.5650112908953604 
2036 3.67628031038072 
2037 3.68342571738768 
2038 3.79149266243356 
2039 3.77576048700206 
2040 3.6561450724505398 
2041 3.9295953570136 
2042 3.8542689396775005 
2043 3.8693296819708403 
2044 3.8158882219623997 
2045 4.031254379456859 
2046 3.90554823251556 
2047 3.99868570210866 
2048 3.8292342075521804 
2049 3.91820517230732 
2050 3.9059577380548802 
2051 3.8698461004732403 
2052 3.84649981186258 
2053 3.9722128197381203 
2054 3.94844698314118 
2055 3.70750862176306 
2056 3.7428049351414003 
2057 3.57658017564962 
2058 3.6841099444376804 
2059 3.6206205315033 
2060 3.6138046158477204 
2061 3.6377827044351796 
2062 3.7067583359861205 
2063 3.65965805047912 
2064 3.70072651940024 
2065 3.74965552286184 
2066 3.7625371626759 
2067 3.98753930361982 
2068 4.00826180683622 
2069 3.9433962083949 
2070 4.0240686349059995 
2071 3.8614829422664996 
2072 3.85954904255478 
2073 3.9094867095409 
2074 3.88253623097144 
2075 3.978780958801 
2076 3.9538413795527396 
2077 3.9326757372538 
2078 3.90393049822312 
2079 4.05431624790652 
2080 4.04074317385136 
2081 4.050881833758639 
2082 4.0423094947123 
2083 4.04573610924966 
2084 4.05769919116794 
2085 4.04016449978964 
2086 4.08157358705214 
2087 3.99649753546882 
2088 4.03187323202246 
2089 3.9870371890442797 
2090 4.052680477024159 
2091 4.0020579282791 
2092 4.06710776118362 
2093 3.91944682317758 
2094 3.97189662844276 
2095 3.66721092664498 
2096 3.72600519919384 
2097 3.64987966166672 
2098 3.71472636610806 
2099 3.7150757794662397 
2100 3.72517834996712 
2101 3.60278591405838 
2102 3.5964415504780596 
2103 3.5533038813107196 
2104 3.5450298282904797 
2105 3.66973650857794 
2106 3.62528582656712 
2107 3.7733649756707996 
2108 3.7350485869466397 
2109 3.78715641713016 
2110 3.8106488664894798 
2111 3.88759996934008 
2112 3.8892985073409 
2113 3.88573960550368 
2114 3.9157365656608 
2115 3.92320348587988 
2116 3.9858767179467 
2117 3.92156879384164 
2118 4.00919675647988 
2119 3.97583287403288 
2120 4.02397279868978 
2121 3.95587230734632 
2122 4.00038342973718 
2123 3.98001112858958 
2124 4.0055349226980805 
2125 3.8668731924607003 
2126 3.8823136173152397 
2127 3.7820083221655403 
2128 3.77764029969934 
2129 3.81991633079528 
2130 3.71829352891164 
2131 3.8351527851302203 
2132 3.7664364579292404 
2133 3.8566563054124003 
2134 3.7629548139147198 
2135 3.87670728478476 
2136 3.76041659303894 
2137 4.05967925221272 
2138 3.90114739682638 
2139 4.01940531977238 
2140 3.96530316391694 
2141 3.8902838030724 
2142 3.86564762085316 
2143 3.93165619780344 
2144 3.89930366595762 
2145 3.9559144389617202 
2146 3.9749825775729 
2147 3.93316536530138 
2148 3.94550744912528 
2149 3.9499422279454004 
2150 3.7972708489124 
2151 4.02765657932758 
2152 3.8577286790892997 
2153 3.9275250645627 
2154 3.7837717161434803 
2155 3.9570449377688397 
2156 3.76697432195002 
2157 3.8203441712927004 
2158 3.66238675712708 
2159 3.63510804233758 
2160 3.80965975188726 
2161 3.58253124221838 
2162 3.7637960960850796 
2163 3.6358652399789 
2164 3.7837833169896795 
2165 3.63563736019522 
2166 3.7876263568507604 
2167 3.80721936147928 
2168 3.9689061471358 
2169 3.98648267499294 
2170 3.98244632066962 
2171 4.093869051818141 
2172 4.05643115336448 
2173 4.14019219761822 
2174 4.13619474286394 
2175 4.2228879818091 
2176 4.2121254999715605 
2177 4.19971002063484 
2178 4.18313836776482 
2179 4.20733542523436 
2180 4.20706225020606 
2181 4.19871398974498 
2182 4.17560981932024 
2183 4.188987772455119 
2184 4.16349956612876 
2185 4.09859834076976 
2186 4.11544759567748 
2187 4.1283137845111 
2188 4.12972102935322 
2189 4.076949381551239 
2190 4.00430982713366 
2191 4.03209908780712 
2192 3.9651861450959 
2193 4.07580592956906 
2194 4.02939938546724 
2195 4.1256129336917 
2196 4.00871456569274 
2197 4.15690465062296 
2198 4.05951193910324 
2199 4.078396650519 
2200 4.011232123940919 
2201 4.10063519220638 
2202 3.99172076614118 
2203 4.03419827403594 
2204 3.8790753920644 
2205 3.93989026729096 
2206 3.84280132652544 
2207 3.84935217960874 
2208 3.7287141946631204 
2209 3.75948145386948 
2210 3.7015541313309597 
2211 3.72060109660436 
2212 3.82159433701466 
2213 3.7831862904978997 
2214 3.91156202752446 
2215 3.8799364768054603 
2216 3.9463443779006 
2217 4.01718342620848 
2218 4.0684181788633405 
2219 4.0786728618302 
2220 4.10753595580872 
2221 4.210005965907181 
2222 4.024954075843359 
2223 4.2530316283811 
2224 4.07403733221414 
2225 4.1408241184753996 
2226 4.01335608382914 
2227 4.064166173159601 
2228 3.94771535125342 
2229 4.0204900811914 
2230 3.8929652351996404 
2231 3.92160078519668 
2232 3.98833236166844 
2233 3.9169309487143202 
2234 3.96658323413344 
2235 4.06762809656002 
2236 4.043576257899501 
2237 4.087317069287 
2238 4.08289864684234 
2239 4.2067173676741 
2240 4.18678790194122 
2241 4.28553313082606 
2242 4.2051853584316605 
2243 4.274851771856801 
2244 4.212633931199241 
2245 4.269369315038039 
2246 4.21750669194002 
2247 4.224720987558699 
2248 4.22928615927764 
2249 4.12673076410866 
2250 4.17053417446614 
2251 4.0998437726032595 
2252 4.00705811230464 
2253 4.04293558935186 
2254 3.9261875026693405 
2255 3.99893188498302 
2256 3.81981910233918 
2257 3.97971052214292 
2258 3.7244183316569597 
2259 3.78334812751448 
2260 3.76523085352438 
2261 3.60818752422878 
2262 3.54097646196684 
2263 3.56817309825376 
2264 3.4826042268848196 
2265 3.5657396889695 
2266 3.4832575973955997 
2267 3.42858572513392 
2268 3.4109908362574997 
2269 3.57715574592928 
2270 3.49746979870688 
2271 3.7242597413515397 
2272 3.6608982417058398 
2273 3.65340159907408 
2274 3.6615055130204803 
2275 3.4947857551498203 
2276 3.5658557664423802 
2277 3.51455115177018 
2278 3.5507897408431397 
2279 3.57014987190714 
2280 3.6215560338661397 
2281 3.5046782559409797 
2282 3.55847631254782 
2283 3.62982714879094 
2284 3.66187530092568 
2285 3.7641419778927796 
2286 3.80407960037534 
2287 3.88285715900358 
2288 4.0057651277468 
2289 3.9154215838270403 
2290 4.0149853777795 
2291 3.9010534357771 
2292 4.076883494170881 
2293 3.89975199514562 
2294 4.0455655462671 
2295 3.93946758848706 
2296 4.040823073141921 
2297 3.93011505525754 
2298 4.0244683775392405 
2299 3.95663276373802 
2300 3.96892820207468 
2301 4.00371744774664 
2302 3.95845382846342 
2303 4.0267997969458005 
2304 4.03342826270854 
2305 4.0703655899903 
2306 4.08837761026322 
2307 4.06800618156784 
2308 4.10963414774562 
2309 4.01188083194116 
2310 4.01426257034598 
2311 4.12677012008768 
2312 4.14599439776416 
2313 4.0589602993802005 
2314 4.092488578358 
2315 4.07337367154188 
2316 4.0671952837409995 
2317 4.11246396349878 
2318 4.0955503991437805 
2319 4.03544246113106 
2320 4.110077637271241 
2321 4.00688423986578 
2322 4.059462307035821 
2323 4.11458422733722 
2324 4.13328447779812 
2325 4.11389810787402 
2326 4.13027583513194 
2327 4.0837743109416405 
2328 4.10249096445924 
2329 4.10240470411172 
2330 4.170306280133881 
2331 4.1115988714303 
2332 4.19245001099884 
2333 4.07618095871264 
2334 4.19245001099884 
2335 4.07618095871264 
2336 4.19245001099884 
2337 4.07618095871264 
2338 4.19245001099884 
2339 4.07618095871264 
2340 4.1547994505241 
2341 4.10088514809036 
2342 4.19476016132568 
2343 4.04219672531862 
2344 4.1386346735481805 
2345 4.10316303431912 
2346 4.06843334089144 
2347 4.1305602173942395 
2348 4.11464512308576 
2349 4.07364363838126 
2350 4.0307492911774805 
2351 3.96223641219024 
2352 3.9146428540712797 
2353 3.90047063405842 
2354 3.85194184631154 
2355 3.8326683940438 
2356 3.84186016794986 
2357 3.7128811136019 
2358 3.71337558373074 
2359 3.79159700177226 
2360 3.8111996833225597 
2361 3.7875154085484 
2362 3.7751319868600604 
2363 3.82430924301656 
2364 3.85215951655726 
2365 3.84914113919102 
2366 3.89363494131618 
2367 3.9390877906463997 
2368 3.96410048827362 
2369 3.8522221969305597 
2370 3.9333530838504798 
2371 3.8747371186748603 
2372 3.9941206485076797 
2373 3.92911542274902 
2374 3.95803747510176 
2375 3.94817539134252 
2376 3.9168637873620398 
2377 3.83428632383342 
2378 3.80137618803494 
2379 3.8814888594815797 
2380 3.7995352633847 
2381 3.7624011415545398 
2382 3.70560667107938 
2383 3.63762119896158 
2384 3.6450971899628 
2385 3.5759488468105403 
2386 3.74680131500022 
2387 3.5580057567002 
2388 3.7691291774009 
2389 3.4879778307487 
2390 3.70304701427522 
2391 3.59452009583266 
2392 3.7968809435238398 
2393 3.6466236716436002 
2394 3.7946937824258398 
2395 3.69711883076078 
2396 3.79385621396804 
2397 3.7367829473153598 
2398 3.8207734781735803 
2399 3.67862433211112 
2400 3.7520268524305997 
2401 3.6439491843374596 
2402 3.70979650419714 
2403 3.59814795812888 
2404 3.6870500910449797 
2405 3.6119013624162397 
2406 3.6154666284057795 
2407 3.60854585310636 
2408 3.60165428256528 
2409 3.7591097493978802 
2410 3.7038262685161003 
2411 3.65670737790604 
2412 3.60633424801822 
2413 3.66515028135352 
2414 3.62616728096834 
2415 3.6439160909991997 
2416 3.5678324879011796 
2417 3.64767815572502 
2418 3.5822846969821 
2419 3.49014284913752 
2420 3.49895484051878 
2421 3.6140363230735604 
2422 3.6336609497847396 
2423 3.68741054744144 
2424 3.71496538246454 
2425 3.67030720253488 
2426 3.75648247843908 
2427 3.71721178469024 
2428 3.7932476945269 
2429 3.82539349950306 
2430 3.8936366084753997 
2431 3.7511436226562602 
2432 3.80512545451978 
2433 3.82552572928252 
2434 3.82289905759518 
2435 3.8134195702145397 
2436 3.76129641233044 
2437 3.8346805459198996 
2438 3.74240905011238 
2439 3.74929177985308 
2440 3.67895961773256 
2441 3.8403004072042597 
2442 3.69526108949484 
2443 3.7707868197010797 
2444 3.67464884433394 
2445 3.7199799691822797 
2446 3.7647556367455004 
2447 3.6953910532368397 
2448 3.77174631642824 
2449 3.7432751510847 
2450 3.81896003816948 
2451 3.7905466891600197 
2452 3.8313897064872 
2453 3.64204802989104 
2454 3.73515407185302 
2455 3.7557682468139397 
2456 3.80026409948796 
2457 3.70879882714204 
2458 3.83997557343508 
2459 3.73906822072012 
2460 3.78715375018592 
2461 3.73933882142124 
2462 3.7869663454110998 
2463 3.9133161089927597 
2464 3.9031580930581797 
2465 3.9506704578993004 
2466 3.846476284647 
2467 4.054752390174199 
2468 3.85716503546562 
2469 4.0622815462943995 
2470 3.9569602258284 
2471 4.08734082041146 
2472 4.00826832895512 
2473 4.01114975817736 
2474 4.07111202579396 
2475 3.7707929062728 
2476 3.8557235817889 
2477 3.6729007948405803 
2478 3.7428970595167 
2479 3.6062130223022004 
2480 3.66176720376074 
2481 3.55305723030134 
2482 3.6140862724579796 
2483 3.6354186416987195 
2484 3.65568325287902 
2485 3.5793272800356397 
2486 3.61459241653602 
2487 3.73659819790148 
2488 3.7649230382814403 
2489 3.68620251115914 
2490 3.67889113512092 
2491 3.56320588988266 
2492 3.55084462070986 
2493 3.52627749403998 
2494 3.5181620165046397 
2495 3.5013558030037997 
2496 3.62403750270608 
2497 3.56364404381812 
2498 3.64514521640832 
2499 3.6367961938468 
2500 3.68982371516926 
2501 3.63509403775008 
2502 3.69694497234946 
2503 3.69863441996882 
2504 3.76462470048684 
2505 3.7926009421515197 
2506 3.8008326085691 
2507 3.70300860103774 
2508 3.7302952391556197 
2509 3.74678682620738 
2510 3.8034855645525 
2511 3.72824484041694 
2512 3.77067717104626 
2513 3.6926620675010597 
2514 3.75892347359198 
2515 3.6896303261206 
2516 3.7910779032968 
2517 3.7526551854481602 
2518 3.89478470352538 
2519 3.66602056246822 
2520 3.82710943953942 
2521 3.6791661959815003 
2522 3.8175588436096803 
2523 3.6795707746198 
2524 3.82045707479544 
2525 3.7764654886024998 
2526 3.83359660079226 
2527 3.78180730121138 
2528 3.8260707032085 
2529 3.7969009948527996 
2530 3.81256669087148 
2531 3.94550946446516 
2532 3.9483665859507804 
2533 3.98211018158232 
2534 3.98062305604324 
2535 3.9780023107381197 
2536 4.02199478054352 
2537 3.9312139798102996 
2538 4.00826878831664 
2539 3.90718185597182 
2540 3.98063635937512 
2541 3.8982492361614596 
2542 3.9419123009947805 
2543 3.91683307352334 
2544 4.02287541503042 
2545 3.9420209008753195 
2546 3.98948145173214 
2547 3.96992291245986 
2548 3.96147994348046 
2549 3.9807976857346397 
2550 4.00733885453538 
2551 3.99715742438404 
2552 3.9963416312564397 
2553 3.99024527994026 
2554 4.00072888144112 
2555 3.9801951804909 
2556 4.02347154460498 
2557 4.0446023941672795 
2558 4.08445542007216 
2559 4.08504155408082 
2560 4.09656156144216 
2561 4.03505742341596 
2562 4.0502696946813 
2563 3.9917266057242005 
2564 3.99881846152232 
2565 4.01714544444258 
2566 3.9016763205091003 
2567 3.9277223190266 
2568 3.8682686089319196 
2569 3.80957030675962 
2570 3.75117650876482 
2571 3.90419242442848 
2572 3.82232956616284 
2573 3.95697199696916 
2574 3.8377132493446404 
2575 3.8513385243844 
2576 3.79318074339598 
2577 3.9487501711680997 
2578 3.81307523208066 
2579 4.0277673777534195 
2580 3.93173000716504 
2581 3.9078333557012597 
2582 3.86999683548052 
2583 3.7478447363575804 
2584 3.8009093275747396 
2585 3.68113132256346 
2586 3.88176527409738 
2587 3.58795771003284 
2588 3.8197392969201203 
2589 3.66749074330282 
2590 3.91940048127384 
2591 3.7774457920615196 
2592 3.9634928437556605 
2593 3.79726312780896 
2594 3.9231260919618998 
2595 3.9184382338614596 
2596 3.95592009206944 
2597 3.95068591488518 
2598 4.06229827796208 
2599 3.9807640824229997 
2600 4.04505432055068 
2601 3.96172140077944 
2602 4.04781883779774 
2603 3.96597430522782 
2604 4.0299466107981 
2605 3.9427576534709403 
2606 3.9416066631470996 
2607 3.9652000767176405 
2608 3.97098173215184 
2609 3.8489663123777804 
2610 3.84550429208182 
2611 3.7957898036665805 
2612 3.7662605111555 
2613 3.7023990956231403 
2614 3.7485153647919 
2615 3.6057835563079004 
2616 3.8009282128169604 
2617 3.5189761859154203 
2618 3.71319919048614 
2619 3.4140839052688796 
2620 3.638423732458 
2621 3.4350309311242198 
2622 3.70930023555378 
2623 3.6017189758155 
2624 3.83020931663588 
2625 3.68734686431116 
2626 3.8318663140400604 
2627 3.81001629205752 
2628 3.8797758023905 
2629 3.9579745889749605 
2630 3.98971956818364 
2631 3.9948002588269196 
2632 3.9638972748776404 
2633 3.8114856123705003 
2634 3.7514203359946796 
2635 3.8061330417853596 
2636 3.81329530829072 
2637 3.6314983316033804 
2638 3.68668411298964 
2639 3.65193205368264 
2640 3.6711701369319 
2641 3.68118247587688 
2642 3.7153233210219803 
2643 3.8370402562371195 
2644 3.90068943100392 
2645 3.92049684168286 
2646 3.9241595054430802 
2647 4.028021304668981 
2648 4.0123588842613405 
2649 4.10461021046156 
2650 4.1438618509376 
2651 4.15606780469964 
2652 4.20180362733152 
2653 4.30101763821366 
2654 4.27442170219258 
2655 4.27278335944452 
2656 4.20694686302394 
2657 4.20987669366248 
2658 4.1541443103270606 
2659 4.2091841247176 
2660 4.03535880366586 
2661 4.021159347594439 
2662 3.87256517778374 
2663 3.79087207488894 
2664 3.76008838754138 
2665 3.8168319739847 
2666 3.7559998839299 
2667 3.7487957716138802 
2668 3.74263435695118 
2669 3.7487957716138802 
2670 3.73428085558008 
2671 3.7910836126341203 
2672 3.76804605945206 
2673 3.84129721253166 
2674 3.76804605945206 
2675 3.8363677210585 
2676 3.6387077012872195 
2677 3.99033859470416 
2678 3.7421052303543396 
2679 3.99033859470416 
2680 3.7421052303543396 
2681 4.08963464433274 
2682 3.8099299581395996 
2683 4.16207999770572 
2684 3.8099299581395996 
2685 4.04000210274138 
2686 4.04421447988868 
2687 4.06891944912692 
2688 4.06618210040656 
2689 4.06891944912692 
2690 4.06618210040656 
2691 3.88547102343572 
2692 3.92529393691324 
2693 3.8691574805066997 
2694 3.92529393691324 
2695 4.0496956144946 
2696 3.73156108294038 
2697 4.0496956144946 
2698 3.74237734069136 
2699 4.0496956144946 
2700 3.74237734069136 
2701 4.16946258743468 
2702 3.9256286299301997 
2703 4.01233400183644 
2704 3.9256286299301997 
2705 3.7793836634136198 
2706 3.7849529921859597 
2707 3.7793836634136198 
2708 3.65917551403002 
2709 3.7793836634136198 
2710 3.65917551403002 
2711 3.7684794465788003 
2712 3.67842884292016 
2713 3.76841268971404 
2714 3.67842884292016 
2715 3.7103299338577003 
2716 3.91261784564092 
2717 3.7103299338577003 
2718 3.7571275942442597 
2719 3.7103299338577003 
2720 3.7571275942442597 
2721 3.73112785761814 
2722 3.7571275942442597 
2723 3.8558132327119603 
2724 3.7571275942442597 
2725 4.0955768827949 
2726 3.7763257186011203 
2727 4.0955768827949 
2728 3.87815957640082 
2729 4.0955768827949 
2730 3.87815957640082 
2731 4.10957268821958 
2732 3.87815957640082 
2733 4.02979587458004 
2734 3.87815957640082 
2735 4.097369657679 
2736 3.81686944402676 
2737 4.097369657679 
2738 3.9335130542752 
2739 4.097369657679 
2740 3.9335130542752 
2741 4.12070001377094 
2742 3.9335130542752 
2743 4.18262814139992 
2744 3.9335130542752 
2745 4.18262814139992 
2746 4.03135842241756 
2747 4.18262814139992 
2748 4.04191996690956 
2749 4.18262814139992 
2750 4.04191996690956 
2751 4.17138085198212 
2752 4.04191996690956 
2753 4.19294542750702 
2754 4.04191996690956 
2755 4.19294542750702 
2756 4.04191996690956 
2757 4.19294542750702 
2758 4.05886354983748 
2759 4.19294542750702 
2760 4.05886354983748 
2761 4.20336202035106 
2762 4.05886354983748 
2763 4.20336202035106 
2764 4.05886354983748 
2765 4.20336202035106 
2766 4.05886354983748 
2767 4.20336202035106 
2768 4.05148089415494 
2769 4.20336202035106 
2770 4.05148089415494 
2771 4.22913430437398 
2772 4.05148089415494 
2773 4.22913430437398 
2774 4.05148089415494 
2775 4.22913430437398 
2776 4.05148089415494 
2777 4.22913430437398 
2778 4.0973521053696 
2779 4.22913430437398 
2780 4.0973521053696 
2781 4.13420869293454 
2782 4.0973521053696 
2783 4.13420869293454 
2784 4.0973521053696 
2785 4.13420869293454 
2786 4.0973521053696 
2787 4.13420869293454 
2788 4.05413422876624 
2789 4.13420869293454 
2790 4.05413422876624 
2791 4.23201357536242 
2792 4.05413422876624 
2793 4.23201357536242 
2794 4.05413422876624 
2795 4.22647308082014 
2796 4.05413422876624 
2797 4.22647308082014 
2798 4.027405717298381 
2799 4.22647308082014 
2800 4.027405717298381 
2801 4.22742516851692 
2802 4.027405717298381 
2803 4.22811033329236 
2804 4.027405717298381 
2805 4.27607319158008 
2806 4.027405717298381 
2807 4.39272203723076 
2808 4.10494453212256 
2809 4.4140947228981 
2810 4.10494453212256 
2811 4.38412454438784 
2812 4.10494453212256 
2813 4.2796539433795 
2814 4.10494453212256 
2815 4.2870073152714 
2816 4.10494453212256 
2817 4.1438742391383006 
2818 4.0819288101404 
2819 4.06419439568632 
2820 4.0819288101404 
2821 4.139811602707519 
2822 4.0819288101404 
2823 4.32829466363554 
2824 4.0819288101404 
2825 4.19123579235276 
2826 4.0819288101404 
2827 4.25554098027662 
2828 4.09018279753236 
2829 4.37752603603932 
2830 4.09018279753236 
2831 4.18283134587034 
2832 4.09018279753236 
2833 4.05728239308318 
2834 4.09018279753236 
2835 4.0025159542311 
2836 4.09018279753236 
2837 3.91619283169472 
2838 3.9979083062335 
2839 3.8982340662345 
2840 3.9979083062335 
2841 4.044530057666639 
2842 3.9979083062335 
2843 4.17365835565648 
2844 3.9979083062335 
2845 4.1899489868258 
2846 3.9979083062335 
2847 4.2522874517135 
2848 4.008929848937401 
2849 4.07632549713694 
2850 4.008929848937401 
2851 4.00327252404514 
2852 4.008929848937401 
2853 3.81272887879458 
2854 4.008929848937401 
2855 3.77411508142042 
2856 3.9990542984448405 
2857 3.70183257051644 
2858 3.9789345020176805 
2859 3.7673473669532798 
2860 3.97129389410006 
2861 3.80479610048132 
2862 3.8157554718697595 
2863 3.8623942850471202 
2864 3.6883899797839597 
2865 4.00881761933534 
2866 3.7745796034603005 
2867 4.0709445283719194 
2868 3.86517038087014 
2869 4.12162269492866 
2870 4.02229832490806 
2871 4.06804228890216 
2872 4.06215109244364 
2873 3.9235675017568803 
2874 4.12823668435192 
2875 3.92909363607074 
2876 4.07726090120056 
2877 3.8838811412234797 
2878 3.97986550760094 
2879 3.91215110392436 
2880 3.9237848867468004 
2881 3.9944902637402997 
2882 4.01528453156646 
2883 3.9369645069348005 
2884 3.94181755134816 
2885 4.02376116351632 
2886 3.9646294198473795 
2887 3.97734045357372 
2888 3.93398117676468 
2889 3.96291664746116 
2890 3.94546178697056 
2891 3.6941146838065997 
2892 3.6809020588470402 
2893 3.65714869177528 
2894 3.49432343923446 
2895 3.6576203793635003 
2896 3.4732492636289 
2897 3.81511270795878 
2898 3.61949462844862 
2899 3.8152717238029 
2900 3.6626138424809 
2901 4.0191743891374205 
2902 3.8693613005451395 
2903 4.0213358587711 
2904 3.89362512194126 
2905 3.95085684906528 
2906 4.01873573816202 
2907 3.74359096571812 
2908 3.8400215229782395 
2909 3.7857114392298796 
2910 3.7648755410006 
2911 3.7346853979911203 
2912 3.74216031072796 
2913 3.68832711070388 
2914 3.6817977031956195 
2915 3.7655330562384597 
2916 3.70725172046248 
2917 3.752927884338 
2918 3.6953415853826796 
2919 3.7104320999561997 
2920 3.7226485578435997 
2921 3.8062067537282203 
2922 3.77692489849834 
2923 3.7322242461446797 
2924 3.7425690783683203 
2925 3.85679271607372 
2926 3.80208335647986 
2927 3.97404167889034 
2928 3.9569935427811402 
2929 3.97701853339374 
2930 3.98428637686282 
2931 3.9171153768767604 
2932 3.9424417076223 
2933 3.8776256909851803 
2934 3.77938320875488 
2935 4.111042443149261 
2936 4.00011981761898 
2937 4.04556751102096 
2938 3.9503976058931003 
2939 4.0439338377397 
2940 3.95250306497232 
2941 4.0389294821516994 
2942 3.9478675363068 
2943 3.86296964292384 
2944 4.02462218526834 
2945 3.66775183504188 
2946 3.87238941818286 
2947 3.63099200795954 
2948 3.79228280778486 
2949 3.52392582420854 
2950 3.65964406353648 
2951 3.4533087876458 
2952 3.56592221745628 
2953 3.53930031321092 
2954 3.5726622406104 
2955 3.5342816981983605 
2956 3.51025211212336 
2957 3.5833275286240998 
2958 3.57527491548582 
2959 3.6277672137156403 
2960 3.70044557497624 
2961 3.8162037818186803 
2962 3.87837223280662 
2963 3.8035427536169797 
2964 3.9634855291323 
2965 3.9414896946380202 
2966 4.0713003276232005 
2967 4.0149365169976 
2968 4.1795132220877 
2969 4.042736440000359 
2970 4.12833237418274 
2971 3.9287465130434804 
2972 4.0216349907594005 
2973 3.95809589222688 
2974 4.069092324841639 
2975 4.0964728532832 
2976 4.08470923742124 
2977 4.137916677802719 
2978 4.04765884263408 
2979 4.183004603115419 
2980 4.071967557084379 
2981 4.1905482345287 
2982 4.03701764530238 
2983 4.19657543732292 
2984 4.08760676097478 
2985 4.18785936232728 
2986 3.86188756615404 
2987 4.18285984873486 
2988 3.8448929130983602 
2989 4.1883415174855 
2990 3.85749677197004 
2991 4.11848037346072 
2992 3.79897174675414 
2993 3.89273394219594 
2994 3.95069562638636 
2995 3.87397797042482 
2996 3.9245629929403 
2997 3.7617295083527402 
2998 3.8626328607253795 
2999 3.7669067225569 
3000 3.8684804267704997 
3001 3.86169001287668 
3002 4.0019641105453605 
3003 3.8372714873742195 
3004 3.9398684882647403 
3005 3.9499080789864998 
3006 3.9375521736798604 
3007 4.06011737080054 
3008 3.9929328414725 
3009 3.8536842311152597 
3010 3.8113652165949197 
3011 3.80951191956866 
3012 3.81732861696254 
3013 3.7266335818056 
3014 3.76764466861556 
3015 3.82119608973438 
3016 3.6660484066524397 
3017 3.67000926479352 
3018 3.5789470883920003 
3019 3.68490946453638 
3020 3.5865905388597596 
3021 3.6864497186779195 
3022 3.65289582851078 
3023 3.8797791289945005 
3024 3.8461228481925405 
3025 3.7821825074597 
3026 3.9213185671286 
3027 3.8612029167525 
3028 4.00162968990856 
3029 4.1627917523561 
3030 4.07106268691668 
3031 4.23485441524086 
3032 4.02704191516902 
3033 4.2314954312710595 
3034 4.08055476750358 
3035 4.1393591416532 
3036 3.91816616584332 
3037 4.1089687860753 
3038 3.8762035950216402 
3039 4.1055067376785 
3040 3.98673966802626 
3041 4.08758015697836 
3042 3.99916779721132 
3043 4.1627212798305 
3044 3.9021878941519197 
3045 4.194246124701 
3046 3.9789462466187997 
3047 4.2902619715476 
3048 4.07369342868656 
3049 4.11052571623892 
3050 4.0213425020432805 
3051 4.09239252328 
3052 3.9476379928190197 
3053 3.9787916313033795 
3054 4.08960508318768 
3055 3.91428882031596 
3056 4.03461678939888 
3057 3.86901289014524 
3058 3.9421128591557597 
3059 3.7887935571621396 
3060 3.89075824190074 
3061 3.67786104070798 
3062 3.79395861318048 
3063 3.81335309082676 
3064 3.8694305626398 
3065 3.9318536870859395 
3066 3.9769779875424 
3067 3.9131419957851796 
3068 3.97953367198268 
3069 3.9002256060220395 
3070 3.98057475459004 
3071 3.98466066624574 
3072 4.10846341967662 
3073 4.05872127174666 
3074 4.0352903084756395 
3075 3.91067106630394 
3076 3.8766353020325397 
3077 3.8469974992391798 
3078 3.83931158409188 
3079 3.97348371659848 
3080 3.9770413041053 
3081 4.062146899361499 
3082 4.032400852221761 
3083 3.99856000700874 
3084 3.84375693264876 
3085 4.08313260758836 
3086 3.96045596613954 
3087 4.21121942679776 
3088 4.08068618131452 
3089 4.1282531680424395 
3090 3.95170981414646 
3091 4.07809460515376 
3092 3.9043121295020002 
3093 3.84879774979064 
3094 3.95384619744244 
3095 3.73742273602364 
3096 3.85075798721004 
3097 3.5976370960665798 
3098 3.7170880568913196 
3099 3.51071281508566 
3100 3.62755840545998 
3101 3.5097887831289 
3102 3.6308739783456803 
3103 3.63865994361426 
3104 3.6929300782348795 
3105 3.6958103219737195 
3106 3.6821773094605197 
3107 3.7506287183652196 
3108 3.7610877144535797 
3109 3.89479265576556 
3110 3.9517330448270998 
3111 3.8650440390271 
3112 3.89875283634442 
3113 3.9209334899549804 
3114 3.87011801549152 
3115 3.92570382396588 
3116 3.9448840589578404 
3117 3.79283404780738 
3118 3.76825432778402 
3119 3.6772032114502204 
3120 3.59346594320142 
3121 3.7211491608533 
3122 3.65634311782208 
3123 3.64916974198306 
3124 3.7091527920077803 
3125 3.6752148318932596 
3126 3.6892068431227996 
3127 3.76364043882038 
3128 3.77078567032038 
3129 3.85328650866634 
3130 3.8472703941503803 
3131 3.83720445398104 
3132 3.9012804152763203 
3133 3.90890333608872 
3134 3.9029386001236395 
3135 3.9092324718805798 
3136 3.89179410507196 
3137 4.0210892260726805 
3138 4.02109373758432 
3139 4.0130341064885595 
3140 4.02377333805666 
3141 4.03425156169218 
3142 3.96479929776302 
3143 3.9229738550657203 
3144 3.8523945812243 
3145 3.9666121395635003 
3146 3.9019947186664603 
3147 3.93924945117544 
3148 3.8228356276023 
3149 4.023378670480421 
3150 3.92717005449022 
3151 4.1636258022376 
3152 3.91113122562622 
3153 4.1618730257464005 
3154 3.9470153195732203 
3155 4.08714622027164 
3156 4.0393702354664 
3157 4.10491480298612 
3158 4.0884914273379795 
3159 4.02219096429026 
3160 4.03743547326942 
3161 3.7829819953466397 
3162 4.02408330852438 
3163 3.80942223955948 
3164 4.0605903008446 
3165 3.63193325692946 
3166 3.9563557973026398 
3167 3.5818718915175602 
3168 3.98997682127514 
3169 3.5561818540747403 
3170 4.01131771936946 
3171 3.57572546360306 
3172 4.05563756438936 
3173 3.69182010717372 
3174 4.156000311054919 
3175 3.7907755342028 
3176 4.0582395583818 
3177 3.7693772629839204 
3178 4.02885853988666 
3179 3.77508975561786 
3180 3.94815513871242 
3181 3.7926458398977205 
3182 3.8791449246833403 
3183 3.8233206659293204 
3184 3.77667960545294 
3185 3.76764431106954 
3186 3.77339860452116 
3187 3.73530362827364 
3188 3.6861329309943 
3189 3.76116913428294 
3190 3.7393934287129 
3191 3.79656360476828 
3192 3.8095703704162402 
3193 3.8361090595047997 
3194 3.891737288064 
3195 3.84100829711796 
3196 3.9749643751523402 
3197 4.000244958029 
3198 4.12094544396506 
3199 4.01413416859192 
3200 4.13086329091384 
3201 4.01375992942068 
3202 4.13845874467968 
3203 3.90075844936486 
3204 4.01324972739374 
3205 3.9087612659535 
3206 3.96349939001432 
3207 3.79509885548664 
3208 3.8946598212013797 
3209 3.70569229007076 
3210 3.7950545624385397 
3211 3.71513112603222 
3212 3.79470441810144 
3213 3.77320157575502 
3214 3.87091884113374 
3215 3.8074254984987803 
3216 3.80452610398324 
3217 3.8078422361641002 
3218 3.8543951634586597 
3219 3.8945375504382 
3220 3.9230973151639397 
3221 3.7425476260241197 
3222 3.73998962586816 
3223 3.6605380618169 
3224 3.68675461626136 
3225 3.57737235258302 
3226 3.85675851122408 
3227 3.3423353434075205 
3228 3.61033609827546 
3229 3.19130528313346 
3230 3.46001664849082 
3231 3.31391374210254 
3232 3.59541357217662 
3233 3.42904507085884 
3234 3.72156636545762 
3235 3.62824510360032 
3236 3.46646533758818 
3237 3.89024272517702 
3238 3.6793520574694396 
3239 4.053029266148959 
3240 3.8968442112264596 
3241 3.89352479748234 
3242 3.7333227598041803 
3243 3.7658949952880802 
3244 3.60031275452626 
3245 3.5377513494714004 
3246 3.62047137671658 
3247 3.3893787086192 
3248 3.5216828031791003 
3249 3.371747664262 
3250 3.4646493351794803 
3251 3.49645493546708 
3252 3.59726783453618 
3253 3.5122960378757 
3254 3.593242985891 
3255 3.55857597917376 
3256 3.7764963070186397 
3257 3.6406493102999398 
3258 3.78308970247244 
3259 3.58726651898456 
3260 3.7384665896001 
3261 3.63748853003628 
3262 3.76138124928584 
3263 3.75505323242204 
3264 3.8003682145966797 
3265 3.8966723476758 
3266 3.90254650892602 
3267 3.9320056265385 
3268 3.8925444236452797 
3269 4.09188156247874 
3270 4.0156089675716 
3271 4.17370905624474 
3272 4.13428729051148 
3273 4.25037743434264 
3274 4.02123331832388 
3275 4.2428730107556 
3276 4.07774882102464 
3277 4.27498082921154 
3278 4.1538123164541405 
3279 4.22394620869106 
3280 4.16331736576268 
3281 4.1781046781782205 
3282 4.08273316811616 
3283 4.07411725710608 
3284 4.1210446776091 
3285 3.9880819192140002 
3286 4.0309625748758 
3287 3.9060041920942603 
3288 3.9801407289872204 
3289 3.8050440062997604 
3290 3.8603004039085804 
3291 3.7119695520998 
3292 3.79073259081188 
3293 3.6765321116685596 
3294 3.81737261142266 
3295 3.67072846731 
3296 3.91011387344604 
3297 3.8187393062311004 
3298 4.0156478082194 
3299 3.8440473399294603 
3300 4.0253547558411 
3301 3.7495473518335203 
3302 3.9166653325294 
3303 3.5733801152784403 
3304 3.6704628319015002 
3305 3.59805355004192 
3306 3.5290670413056398 
3307 3.5556157397058 
3308 3.55189578960332 
3309 3.46101267973782 
3310 3.47410219176244 
3311 3.5783211170285805 
3312 3.6382834029142 
3313 3.87738812089824 
3314 3.8666117402299003 
3315 3.85058582206628 
3316 3.9366619867041797 
3317 3.7891855789697404 
3318 3.84001200115152 
3319 3.98961687896388 
3320 4.004836293781819 
3321 3.9878582658223998 
3322 3.9143328590552597 
3323 3.8624702935537 
3324 3.8030995861573205 
3325 3.8987750125603 
3326 3.80636602317202 
3327 3.88774716310762 
3328 3.72471573880046 
3329 3.87392113108814 
3330 3.6516434857855997 
3331 3.92463764888032 
3332 3.7593960590626203 
3333 3.9533315342337403 
3334 3.74215660543792 
3335 3.9560898003278604 
3336 3.55348031896796 
3337 3.7709184268423597 
3338 3.4451769549263402 
3339 3.7098672078132404 
3340 3.46466311471042 
3341 3.6812126247695405 
3342 3.42984152239316 
3343 3.7290001060216604 
3344 3.5156647994374195 
3345 3.56579941568794 
3346 3.62073583741982 
3347 3.6563972966121 
3348 3.7074653480182596 
3349 3.73043891334924 
3350 3.72047409294454 
3351 3.7315708743555 
3352 3.7019807232021003 
3353 3.7757335885063 
3354 3.79408124976516 
3355 3.86918765227068 
3356 3.75777267874028 
3357 4.0916220141211195 
3358 3.9511590606644 
3359 4.0651572205034805 
3360 3.96481992477102 
3361 4.16670512428488 
3362 4.006295696603059 
3363 3.8660801193559005 
3364 3.70419700590256 
3365 3.83445433727314 
3366 3.68294851486016 
3367 3.4971316488341997 
3368 3.35038074274082 
3369 3.19514528594538 
3370 3.06254210614804 
3371 3.06587539795752 
3372 2.93965491029666 
3373 3.0906864755876997 
3374 2.97763231458234 
3375 3.0460763832296402 
3376 3.1148827863242 
3377 3.13147315003128 
3378 3.2193534290258805 
3379 3.4746758109983 
3380 3.4589283577317405 
3381 3.47515636832142 
3382 3.4852874317941 
3383 3.61453569093408 
3384 3.6813615678058604 
3385 3.72040836782422 
3386 3.6796747848109597 
3387 3.9246745184639797 
3388 3.869909503235 
3389 3.8692742849926196 
3390 3.91952437524584 
3391 3.99039123624116 
3392 4.0930031028952 
3393 4.0091921372170605 
3394 4.11649691527616 
3395 3.97487277966108 
3396 4.0741544343738605 
3397 4.049912231189699 
3398 4.1587871445507405 
3399 4.0497652131240205 
3400 4.15276780440044 
3401 3.9788186005702597 
3402 4.10189841088234 
3403 4.085294816325041 
3404 4.18026994729076 
3405 4.09634051845028 
3406 4.07614078637668 
3407 3.99169463932544 
3408 3.9905710825731804 
3409 4.03215122474782 
3410 4.04577717306884 
3411 4.0439808226695195 
3412 4.086511549840219 
3413 3.95400824948502 
3414 4.25972845611088 
3415 3.95192459003418 
3416 4.24589274391158 
3417 3.94930370546554 
3418 4.21689236575072 
3419 3.81998805755412 
3420 4.13899487701926 
3421 3.95194186486182 
3422 4.13899487701926 
3423 4.0326313398369 
3424 4.21099507234986 
3425 4.1101726003130405 
3426 4.18918421535808 
3427 4.06780359124112 
3428 4.06743658844702 
3429 3.899303905163 
3430 3.85915764051254 
3431 3.92494845659332 
3432 3.91561974652762 
3433 3.7704782265363597 
3434 3.7645832218381203 
3435 3.6958682319701195 
3436 3.68340316738078 
3437 3.6935280202544596 
3438 3.70696033203892 
3439 3.7098495848405 
3440 3.72763446058106 
3441 3.7650175505342403 
3442 3.79414507067998 
3443 3.84074416237294 
3444 3.8412092341997 
3445 3.9118177971503 
3446 3.8950575336294 
3447 4.00830587180512 
3448 3.9407366005794797 
3449 4.02127088349192 
3450 3.94864861143338 
3451 4.03904791121066 
3452 3.95062520266402 
3453 4.05698424389198 
3454 3.9877598102203597 
3455 3.98705849638768 
3456 3.9143679643005003 
3457 3.93088496206706 
3458 3.8922423338476797 
3459 4.00995992166112 
3460 3.9497596947667803 
3461 4.1132152593694205 
3462 4.04993621622382 
3463 4.16672734911494 
3464 4.10624031146512 
3465 4.17826888138204 
3466 4.13532589904364 
3467 4.1993059226021 
3468 4.19451328952508 
3469 4.1532573448389005 
3470 4.12743406229082 
3471 4.01334090465646 
3472 3.9456318635213004 
3473 3.91113537823738 
3474 3.8585598591522396 
3475 3.87543620408272 
3476 3.8401258919807 
3477 3.89508687827312 
3478 3.8388332955867197 
3479 3.89775390741904 
3480 3.88201701924448 
3481 4.02784532636646 
3482 4.04865723347354 
3483 4.11094227919068 
3484 4.11881955279088 
3485 4.186913680429759 
3486 4.16024082333952 
3487 4.14045436657886 
3488 4.1068909009069205 
3489 4.19843287745614 
3490 4.15151697702504 
3491 4.1379592240535406 
3492 4.0670373896720395 
3493 4.159061233334301 
3494 4.13593204508318 
3495 4.03629476576282 
3496 4.05461428254602 
3497 4.052368314990639 
3498 4.1350303297104 
3499 3.8528653180767 
3500 3.92134434543332 
3501 3.90433922434868 
3502 3.9436419090894397 
3503 3.78297469968778 
3504 3.74167897314378 
3505 3.81190434757414 
3506 3.8150135163448198 
3507 3.8322131546312 
3508 3.77914664867708 
3509 3.99946267441274 
3510 4.0009520682329205 
3511 4.01672624075214 
3512 4.09908214492536 
3513 4.166095022300199 
