0 0.8098494028710691 
1 1.2711807182468797 
2 3.5006355605076136 
3 0.7776636479534133 
4 0.6189363683906696 
5 1.0220148559097613 
6 1.5409963873344716 
7 0.8369448658131805 
8 0.899779276157084 
9 0.8792384175442517 
10 1.1209234842105291 
11 5.277666418782802 
12 2.734638658103013 
13 16.5782111533156 
14 0.8517001802167677 
15 3.356807406530014 
16 20.906396574669902 
17 30.737860377856276 
18 2.7108979376305986 
19 0.9382720357707623 
20 1.327484469494124 
21 1.3289157638097893 
22 13.983716851924706 
23 19.77465877749228 
24 17.66253279375413 
25 23.115226065295506 
26 9.431485025173538 
27 11.48696376144779 
28 9.166715476507896 
29 2.9074998215004912 
30 2.547850126320227 
31 2.6954693819056756 
32 15.792639672271882 
33 18.351800481295122 
34 2.6492337738296907 
35 4.290145858478407 
36 6.152062566371162 
37 41.782178612342484 
38 3.8373849851465356 
39 36.7721414669215 
40 5.898780107053552 
41 21.0177590699539 
42 34.76019359543857 
43 21.0177590699539 
44 7.993215597265657 
45 21.0177590699539 
46 1.7844024578213404 
47 21.0177590699539 
48 4.55607949206763 
49 21.0177590699539 
50 29.51822762717113 
51 21.0177590699539 
52 4.748388732847208 
53 21.0177590699539 
54 32.37344859524545 
55 21.0177590699539 
56 1.5052192583761677 
57 21.0177590699539 
58 1.1095461137220854 
59 21.0177590699539 
60 1.5538326576095975 
61 21.0177590699539 
62 9.518555753497713 
63 21.0177590699539 
64 2.015935017963784 
65 21.0177590699539 
66 3.0564446666210006 
67 21.0177590699539 
68 5.473927643419169 
69 21.0177590699539 
70 19.411603539560886 
71 21.0177590699539 
72 16.39200390815828 
73 21.0177590699539 
74 19.47505664722707 
75 21.0177590699539 
76 28.647073688811787 
77 21.0177590699539 
78 1.8885604934936286 
79 21.0177590699539 
80 15.918447589444641 
81 21.0177590699539 
82 2.193879029469809 
83 21.0177590699539 
84 18.240228225511856 
85 21.0177590699539 
86 18.905013026115334 
87 21.0177590699539 
88 17.62194138209196 
89 21.0177590699539 
90 17.757651451965945 
91 21.0177590699539 
92 12.685908894312927 
93 21.0177590699539 
94 27.993939757990777 
95 21.0177590699539 
96 17.592745301181573 
97 21.0177590699539 
98 18.448989645738212 
99 21.0177590699539 
100 24.22129055357287 
101 21.0177590699539 
102 9.056253090324935 
103 21.0177590699539 
104 25.074302794798985 
105 21.0177590699539 
106 13.939797997254784 
107 21.0177590699539 
108 18.643339734016074 
109 21.0177590699539 
110 17.952609231612108 
111 21.0177590699539 
112 15.656288377336235 
113 21.0177590699539 
114 20.63770511968903 
115 21.0177590699539 
116 18.075780037924496 
117 21.0177590699539 
118 15.48044969033963 
119 21.0177590699539 
120 30.665496870796048 
121 21.0177590699539 
122 17.201896418787015 
123 21.0177590699539 
124 22.246700895319726 
125 21.0177590699539 
126 5.574018504293836 
127 21.0177590699539 
128 14.446130584381812 
129 21.0177590699539 
130 20.19861981286088 
131 21.0177590699539 
132 19.18053732708357 
133 21.0177590699539 
134 21.316203002551255 
135 21.0177590699539 
136 23.397358086397716 
137 21.0177590699539 
138 17.642250843351196 
139 21.0177590699539 
140 26.838564362454328 
141 21.0177590699539 
142 24.55135274353481 
143 21.0177590699539 
144 8.094252416617296 
145 21.0177590699539 
146 23.399838210270858 
147 21.0177590699539 
148 18.471007376417482 
149 21.0177590699539 
150 13.80404547040277 
151 21.0177590699539 
152 13.087813675992436 
153 21.0177590699539 
154 28.541805883513778 
155 21.0177590699539 
156 1.168051945303262 
157 21.0177590699539 
158 6.462807650645386 
159 21.0177590699539 
160 13.910856248320968 
161 21.0177590699539 
162 21.84499200533325 
163 21.0177590699539 
164 21.853870001302592 
165 21.0177590699539 
166 11.13480795574009 
167 21.0177590699539 
168 26.707316917865352 
169 21.0177590699539 
170 20.52208630981505 
171 21.0177590699539 
172 18.92360722600206 
173 21.0177590699539 
174 11.40537542012465 
175 21.0177590699539 
176 19.85478747828392 
177 21.0177590699539 
178 24.643529045411547 
179 21.0177590699539 
180 12.362768186895943 
181 21.0177590699539 
182 13.056524364809086 
183 21.0177590699539 
184 16.583454912798857 
185 21.0177590699539 
186 19.956815705456087 
187 21.0177590699539 
188 12.937237048278245 
189 21.0177590699539 
190 22.059958344728926 
191 21.0177590699539 
192 20.67422464953962 
193 21.0177590699539 
194 1.8896291477372047 
195 21.0177590699539 
196 24.90324419322662 
197 21.0177590699539 
198 13.536650228499136 
199 21.0177590699539 
200 26.3708118779511 
201 21.0177590699539 
202 15.430900769649611 
203 21.0177590699539 
204 17.26797175734371 
205 21.0177590699539 
206 19.17308465898702 
207 21.0177590699539 
208 23.0899031659611 
209 21.0177590699539 
210 19.617518849039307 
211 21.0177590699539 
212 22.283340239924346 
213 21.0177590699539 
214 21.527024876949685 
215 21.0177590699539 
216 11.316993146619179 
217 21.0177590699539 
218 20.8325667795802 
219 21.0177590699539 
220 13.263502082351714 
221 21.0177590699539 
222 5.09506577309043 
223 21.0177590699539 
224 18.91788860273058 
225 21.0177590699539 
226 11.145607848660312 
227 21.0177590699539 
228 21.42257225891138 
229 21.0177590699539 
230 26.33455139072016 
231 21.0177590699539 
232 26.52155273258424 
233 21.0177590699539 
234 12.627702460627846 
235 21.0177590699539 
236 24.126687566510398 
237 21.0177590699539 
238 18.7233176349798 
239 21.0177590699539 
240 24.137656388476458 
241 21.0177590699539 
242 32.992244159521746 
243 21.0177590699539 
244 26.545051801502463 
245 21.0177590699539 
246 16.213504862925795 
247 21.0177590699539 
248 16.997021481802673 
249 21.0177590699539 
250 21.72786705208301 
251 21.0177590699539 
252 23.444177389243514 
253 21.0177590699539 
254 17.59857677525469 
255 21.0177590699539 
256 21.78135061589913 
257 21.0177590699539 
258 27.261585659131384 
259 21.0177590699539 
260 18.961677041939613 
261 21.0177590699539 
262 19.18053732708357 
263 21.0177590699539 
264 21.36049460678964 
265 21.0177590699539 
266 28.717488052364192 
267 21.0177590699539 
268 20.01662681766337 
269 21.0177590699539 
270 24.737421337280967 
271 21.0177590699539 
272 11.477313835536595 
273 21.0177590699539 
274 23.656803799253236 
275 21.0177590699539 
276 17.795472962939392 
277 21.0177590699539 
278 27.018887371485995 
279 21.0177590699539 
280 17.7254570503664 
281 21.0177590699539 
282 27.641933081581946 
283 21.0177590699539 
284 15.915125482845239 
285 21.0177590699539 
286 13.088303761444415 
287 21.0177590699539 
288 20.722436315487837 
289 21.0177590699539 
290 24.26248322458235 
291 21.0177590699539 
292 12.501241389999135 
293 21.0177590699539 
294 18.61231589830975 
295 21.0177590699539 
