0 3.3861814698432395 
1 3.27412663255956 
2 3.3583207547765 
3 3.43934804683538 
4 3.5433645618616603 
5 3.34587552205248 
6 3.4299326883292203 
7 3.3678001664283004 
8 3.51166827970788 
9 3.37476398122796 
10 3.4373854878048595 
11 3.3677800779388 
12 3.3289484228724397 
13 3.20557348397696 
14 3.3626204940065003 
15 3.32803463725568 
16 3.4978978408626404 
17 3.3808366746727203 
18 3.4924146992074396 
19 3.3531969241813 
20 3.4608320864053397 
21 3.5035066743128396 
22 3.6549060713085 
23 3.44930338235262 
24 3.5050512125560997 
25 3.45297557456878 
26 3.5389707831341397 
27 3.4484321848301804 
28 3.36730378327758 
29 3.5936525070136804 
30 3.5388861770510998 
31 3.5308875544619602 
32 3.5021604301516 
33 3.74811409001416 
34 3.4621327436260003 
35 3.76874100499152 
36 3.43181247944322 
37 3.56309099079094 
38 3.3492363809293004 
39 3.49825006164908 
40 3.3586016848358597 
41 3.4109073135552004 
42 3.23886444210788 
43 3.18446681362972 
44 3.3836833895499603 
45 3.1305684006994 
46 3.4584087158328005 
47 3.10551304157792 
48 3.6014835816860598 
49 2.93503257925354 
50 3.3415504195971004 
51 3.12316175309482 
52 3.5111382522163197 
53 3.18529155382226 
54 3.3073376371886396 
55 3.1015010576098403 
56 3.16614024324258 
57 3.22719606512862 
58 3.2305579315653197 
59 3.26744988878732 
60 3.2026339518496 
61 3.04556256809692 
62 3.0430637512115597 
63 3.1272518338985003 
64 3.0737184198174 
65 3.24378646657824 
66 3.2008781729065 
67 3.2660961542358202 
68 3.14140310569016 
69 3.3909733472839596 
70 3.27377701696068 
71 3.55498331849872 
72 3.36658058817864 
73 3.5577242896020005 
74 3.49302002276376 
75 3.5195727801350003 
76 3.4329736635012202 
77 3.4939831254716602 
78 3.52046640110376 
79 3.4201392121401804 
80 3.5152548620097397 
81 3.30326088073764 
82 3.43637200341956 
83 3.3881590824483405 
84 3.3733533284444803 
85 3.33139757177738 
86 3.2329454671087 
87 3.4000266329323 
88 3.09280377116456 
89 3.58270578074722 
90 3.2148553668548603 
91 3.69911905550144 
92 3.2982708349600403 
93 3.41644427549602 
94 3.41644427549602 
95 3.7168212505342604 
96 3.41644427549602 
97 3.60520843840414 
98 3.3199077776569603 
99 3.4950199462954203 
100 3.2445812796632403 
101 3.50268179681282 
102 3.3574936054231204 
103 3.50268179681282 
104 3.41424051070614 
105 3.4799098264542203 
106 3.50743850966506 
107 3.5283642928055796 
108 3.6102588998225995 
109 3.49016208126352 
110 3.6325206015829203 
111 3.4364474283914803 
112 3.5204488654592603 
113 3.3793674267781 
114 3.4000369567704 
115 3.3632666686615402 
116 3.44436948945404 
117 3.3004711287298596 
118 3.3599009629228 
119 3.39524845929638 
120 3.36878996545276 
121 3.4175242296138 
122 3.4125170319591396 
123 3.3199890014132003 
124 3.3976666670155 
125 3.3412976065421396 
126 3.4539228128021002 
127 3.3577843143340202 
128 3.4296531095289 
129 3.37281575568858 
130 3.4786665505208605 
131 3.38483141056152 
132 3.5061097985813197 
133 3.49811456466674 
134 3.5741388154727196 
135 3.39774350272564 
136 3.34860825309026 
137 3.37352589753894 
138 3.31424426332788 
139 3.3101684550579598 
140 3.21648889286656 
141 3.23435904703942 
142 3.08493044437442 
143 3.13535468889016 
144 2.98767275854288 
145 3.2385042600127796 
146 3.12738246652432 
147 3.27831904746066 
148 3.19389383536294 
149 3.27203800775712 
150 3.1992352544920797 
151 3.4003374588972797 
152 3.33071282674266 
153 3.3499875422058403 
154 3.26300462519346 
155 3.4345737091050195 
156 3.26300560888646 
157 3.34750711907166 
158 3.2201217624949203 
159 3.330979820423 
160 3.2266959456543196 
161 3.3163449536357597 
162 3.2024469254894 
163 3.26845547321642 
164 3.15176251418748 
165 3.2321003518336604 
166 3.2295666864123396 
167 3.27123482510732 
168 3.30499437726428 
169 3.4398050530092803 
170 3.39898409302272 
171 3.38971405621218 
172 3.4174898051777802 
173 3.53623460387906 
174 3.5668637162220795 
175 3.6113036493286996 
176 3.5589949639477405 
177 3.74164975611082 
178 3.59627836356126 
179 3.4469107086500004 
180 3.3529213710083 
181 3.50584873475576 
182 3.35018242657494 
183 3.55762199561196 
