0 2.0992532788819593 
1 1.0937385311761343 
2 1.877854455776104 
3 2.1825848644538155 
4 1.5939993867796045 
5 1.4666662011405434 
6 5.592108119011758 
7 3.5497753353460695 
8 4.93019782015182 
9 0.9235050633205941 
10 2.444591005916621 
11 1.3517933703551424 
12 1.7679297201207365 
13 2.62829294088693 
14 3.996450118108945 
15 2.695817274851107 
16 2.4466767777013336 
17 1.5889243510403435 
18 2.5220874302132117 
19 1.5401076459839933 
20 2.1196699798213348 
21 2.854608685383912 
22 2.247153466533387 
23 2.609126398001801 
24 1.6203570904620597 
25 1.4074427563882919 
26 2.530740575447475 
27 1.9948399100741658 
28 2.996808775995967 
29 1.9684311253195528 
30 1.207939780988411 
31 3.2090003556205127 
32 3.3617159323911716 
33 2.467183822526402 
34 2.3308438214855123 
35 1.3226526236289264 
36 4.095234156043514 
37 2.3886609704043424 
38 2.684957035950255 
39 2.459417310213478 
40 2.505719692251276 
41 1.564183370296574 
42 3.8528347354741164 
43 4.733845085989087 
44 2.8744550479710176 
45 1.7231229798750438 
46 2.1350190045809603 
47 2.870715002718803 
48 1.9333491098813553 
49 1.9966078276810812 
50 2.5551307590891446 
51 4.3859815152994415 
52 2.289248313227763 
53 1.6865005551704262 
54 2.4079612435982756 
55 1.819773674061037 
56 2.927726685290072 
57 2.4898045863130145 
58 1.7069207199249647 
59 2.4745811208874158 
60 4.042147608187295 
61 2.5220267640989604 
62 2.389391068336075 
63 1.3101665074725521 
64 1.6440274548050235 
65 3.299289203747415 
66 1.6371968938989148 
67 2.7410434204998806 
68 5.007267025071528 
69 2.817932728567425 
70 3.1092663442743684 
71 1.8457806417650413 
72 3.682228585322437 
73 1.8765984603341075 
74 1.8293249987978013 
75 2.4549632385593827 
76 1.27531915127321 
77 4.300609487486851 
78 1.7695397320509387 
79 0.8750431372797083 
80 2.6753237384901736 
81 3.1325446059947035 
82 1.7433887232544993 
83 1.7912736134689917 
84 2.653350074934713 
85 4.123098617718937 
86 1.6946870696609961 
87 1.5546452030269375 
88 2.0103345483720814 
89 1.8108148411109006 
90 1.527095651548612 
91 1.033367577346676 
92 2.1985674717925376 
93 1.2293202844203854 
94 2.3584857847680416 
95 2.650762627561548 
96 3.1258869947471393 
97 1.1966438688053955 
98 4.626237252251215 
99 1.5908614989783467 
100 2.255880916863585 
101 2.250455034337594 
102 1.7600753489493357 
103 3.0216594502329017 
104 3.136333910040257 
105 1.8843743988307515 
106 3.7196578174976818 
107 1.9075761724112543 
108 0.9000606292023772 
109 1.075315998567361 
110 4.270766690876859 
111 3.398126331799245 
112 4.2095553386539715 
113 3.3247571473461566 
114 3.1311278149969772 
115 3.750738519531687 
116 2.821229747290076 
117 1.9073974296945269 
118 2.467480059653325 
119 3.648770975833965 
120 2.2354476895076347 
121 1.1486696754711159 
122 2.2356110118672277 
123 3.173072076666027 
124 2.5194389314142005 
125 2.304625005072695 
126 2.14465293095487 
127 3.1723391254527042 
128 2.519401486171623 
129 1.6163553097256083 
130 2.1819675172270747 
131 1.7539829804425962 
132 2.286170416079492 
133 1.4278321582158238 
134 3.146174773808969 
135 1.982181123653164 
136 3.571150862536896 
137 2.7961334479903517 
138 3.280732481500185 
139 2.7140827554933065 
140 1.7195743990577028 
141 2.694757701228825 
142 1.3785530919731117 
143 3.512384023230902 
144 1.2532813963675986 
145 2.4728657758267394 
146 4.497913147433477 
147 2.9433984996157605 
148 1.2988276018957343 
149 3.406814288987248 
150 1.0684076137594407 
151 1.8016765285054448 
152 3.200798919995833 
153 2.9116719407880414 
154 3.2894482516500125 
155 2.076944419975285 
156 2.406266652952863 
157 4.775885586839422 
158 2.2327307872391455 
159 2.7798894257032485 
160 2.901434130566559 
161 2.087716597024752 
162 2.4908543873350877 
163 2.419925751785857 
164 2.035304965465735 
165 3.9447230333439096 
166 2.1545982113474205 
167 2.9213486183082638 
168 3.821677427401357 
169 1.6169695722824606 
170 2.5176800384889555 
171 4.62450345273917 
172 2.437700026706073 
173 1.6486989444453175 
174 4.2403370391872794 
175 4.17045597947415 
176 3.1224937207357266 
177 2.965131799561189 
178 2.3219075732178576 
179 2.360090865356625 
180 3.0903961713990338 
181 4.5489537322432065 
182 1.505607365928198 
183 1.280342077124431 
184 2.4860626230248166 
185 2.5209352567405467 
186 1.46249838734371 
187 3.0461772168125782 
188 3.3749373661939943 
189 1.9575248215656504 
190 2.8019793880602086 
191 1.4387331534967587 
192 1.4320074757808612 
193 3.575581160877384 
194 2.627864501960306 
195 1.6096037686141333 
196 1.5405159006147104 
197 1.6563488139907563 
198 2.0184825959970674 
199 2.9083913698493533 
200 3.0508406510504007 
201 2.338635030942039 
202 2.294426355411078 
203 1.5542038408460728 
204 3.0790466199839974 
205 2.1047466965844874 
206 2.859458605032374 
207 3.1742005765967933 
208 2.594334128174468 
209 2.0557285844907343 
210 1.49786503597809 
211 2.2492151773026943 
212 2.17083773872448 
213 2.792661197453019 
214 0.84355775269084 
215 1.3928180869121756 
216 3.516910100836723 
217 4.465626213194852 
218 1.7094374240844141 
219 2.498315721874863 
220 3.034378158479085 
221 2.762537656367148 
222 1.5128579900176033 
223 3.223565126177388 
224 2.424461220531639 
225 1.498021236518352 
226 1.5886551476119433 
227 2.524230896730515 
228 2.52026439101642 
229 2.4536146335590274 
230 1.9070530151909004 
231 2.8322867714741347 
232 3.9090525686248485 
233 3.6609021986651773 
234 1.99947215706086 
235 2.913990069349414 
236 2.0790353760896085 
237 1.5165518625707821 
238 3.0121936041941515 
239 2.963982955352354 
240 2.9051555220202987 
241 2.5357659589848067 
242 1.5499015558694205 
243 1.9678853329160895 
244 3.9015142200258683 
245 1.1723933338431678 
246 1.5767424796616067 
247 2.4952086959023814 
248 1.7366274890513793 
249 1.4070964317076908 
250 3.155594720830186 
251 4.159784248382173 
252 1.6890906271812276 
253 3.558244412547719 
254 1.3780805246545227 
255 3.036330631785682 
256 0.9900922231880331 
257 1.329763897812622 
258 2.128206543986013 
259 1.9082722486224573 
260 1.4550549163165813 
261 1.0927308713674666 
262 2.436238070398255 
263 1.8479226726637221 
264 2.636366238191703 
265 3.0284765180600055 
266 5.071857566894795 
267 3.507066037220664 
268 4.168990495001986 
269 3.240357467083421 
270 3.7113322573546843 
271 3.534013267828685 
272 2.484275257861813 
273 1.6292569637595493 
274 2.916693331446314 
275 2.363898051896117 
276 1.8612551889932611 
277 1.0424390799310914 
278 1.9324247666523156 
279 1.7962848315356075 
280 1.529774126856897 
281 5.809617199905411 
282 2.2872309706258553 
283 1.4640507499655282 
284 4.477262584574419 
285 2.5886436431712925 
286 0.7930648969751988 
287 3.169828821322617 
288 1.240627683216645 
289 0.945513509494182 
290 1.467509729579718 
291 1.6569201309929362 
292 2.7363517585004624 
293 2.0487915791458495 
294 1.9150485131190285 
295 1.9668294203532133 
296 2.556059965649748 
297 1.5602973694254711 
298 2.6172340031528556 
299 2.3590958119916654 
300 1.046149904232145 
301 2.24507138541476 
302 3.2272324776268517 
303 2.44937817238692 
