0 0 
1 1 
2 0 
3 1 
4 1 
5 1 
6 1 
7 1 
8 1 
9 1 
10 1 
11 1 
12 1 
13 1 
14 1 
15 1 
16 1 
17 1 
18 1 
19 2 
20 1 
21 2 
22 1 
23 2 
24 1 
25 1 
26 1 
27 2 
28 1 
29 2 
30 1 
31 2 
32 1 
33 2 
34 1 
35 2 
36 1 
37 2 
38 1 
39 2 
40 1 
41 2 
42 1 
43 2 
44 1 
45 2 
46 1 
47 2 
48 1 
49 2 
50 1 
51 2 
52 1 
53 2 
54 2 
55 2 
56 2 
57 2 
58 2 
59 2 
60 2 
61 2 
62 2 
63 2 
64 2 
65 2 
66 2 
67 2 
68 2 
69 2 
70 2 
71 2 
72 2 
73 2 
74 2 
75 2 
76 2 
77 2 
78 2 
79 2 
80 2 
81 2 
82 2 
83 2 
84 2 
85 2 
86 2 
87 2 
88 2 
89 2 
90 2 
91 1 
92 2 
93 1 
94 2 
95 1 
96 2 
97 1 
98 2 
99 2 
100 2 
101 2 
102 2 
103 2 
104 2 
105 2 
106 2 
107 2 
108 2 
109 2 
110 2 
111 2 
112 2 
113 2 
114 2 
115 2 
116 2 
117 2 
118 2 
119 2 
120 2 
121 2 
122 2 
123 2 
124 2 
125 2 
126 2 
127 2 
128 2 
129 2 
130 2 
131 2 
132 2 
133 1 
134 2 
135 1 
136 2 
137 1 
138 1 
139 1 
140 1 
141 1 
142 1 
143 1 
144 1 
145 1 
146 1 
147 1 
148 1 
149 1 
150 1 
151 1 
152 2 
153 1 
154 2 
155 1 
156 2 
157 1 
158 2 
159 1 
160 2 
161 1 
162 2 
163 1 
164 2 
165 1 
166 2 
167 1 
168 2 
169 1 
170 2 
171 1 
172 2 
173 1 
174 2 
175 1 
176 2 
177 1 
178 2 
179 1 
180 2 
181 1 
182 2 
183 1 
184 2 
185 1 
186 2 
187 1 
188 2 
189 2 
190 2 
191 2 
192 2 
193 2 
194 2 
195 2 
196 2 
197 2 
198 2 
199 2 
200 2 
201 2 
202 2 
203 2 
204 2 
205 2 
206 2 
207 2 
208 2 
209 2 
210 2 
211 3 
212 2 
213 3 
214 2 
215 3 
216 2 
217 3 
218 2 
219 3 
220 2 
221 3 
222 1 
223 3 
224 1 
225 3 
226 1 
227 3 
228 1 
229 2 
230 1 
231 2 
232 1 
233 2 
234 1 
235 2 
236 1 
237 2 
238 1 
239 2 
240 1 
241 2 
242 1 
243 2 
244 2 
245 2 
246 2 
247 2 
248 2 
249 2 
250 2 
251 2 
252 2 
253 2 
254 2 
255 2 
256 2 
257 2 
258 2 
259 3 
260 2 
261 2 
262 2 
263 2 
264 2 
265 2 
266 2 
267 2 
268 2 
269 2 
270 2 
271 2 
272 2 
273 2 
274 2 
275 2 
276 2 
277 2 
278 2 
279 2 
280 2 
281 3 
282 2 
283 3 
284 3 
285 3 
286 3 
287 3 
288 3 
289 3 
290 3 
291 2 
292 3 
293 2 
294 3 
295 2 
296 3 
297 2 
298 3 
299 2 
300 3 
301 2 
302 3 
303 2 
304 2 
305 2 
306 2 
307 2 
308 2 
309 2 
310 2 
311 2 
312 2 
313 2 
314 2 
315 2 
316 2 
317 2 
318 2 
319 2 
320 2 
321 2 
322 2 
323 2 
324 2 
325 2 
326 2 
327 2 
328 2 
329 2 
330 2 
331 2 
332 2 
333 2 
334 2 
335 2 
336 3 
337 2 
338 3 
339 2 
340 3 
341 2 
342 3 
343 2 
344 2 
345 2 
346 2 
347 2 
348 2 
349 2 
350 2 
351 2 
352 2 
353 2 
354 3 
355 2 
356 3 
357 2 
358 3 
359 2 
360 3 
361 2 
362 3 
363 2 
364 3 
365 2 
366 3 
367 2 
368 3 
369 2 
370 3 
371 2 
372 3 
373 2 
374 3 
375 2 
376 3 
377 2 
378 3 
379 2 
380 3 
381 1 
382 3 
383 1 
384 3 
385 1 
386 3 
387 1 
388 2 
389 1 
390 3 
391 1 
392 3 
393 1 
394 3 
395 1 
396 3 
397 1 
398 3 
399 1 
400 3 
401 1 
402 3 
403 1 
404 3 
405 1 
406 3 
407 1 
408 3 
409 1 
410 3 
411 1 
412 3 
413 1 
414 3 
415 1 
416 3 
417 1 
418 3 
419 1 
420 3 
421 1 
422 3 
423 1 
424 3 
425 1 
426 3 
427 1 
428 3 
429 1 
430 3 
431 1 
432 3 
433 1 
434 3 
435 1 
436 3 
437 1 
438 3 
439 1 
440 3 
441 1 
442 3 
443 1 
444 3 
445 1 
446 3 
447 1 
448 2 
449 1 
450 2 
451 1 
452 2 
453 1 
454 2 
455 1 
456 2 
457 1 
458 2 
459 1 
460 2 
461 1 
462 2 
463 1 
464 2 
465 1 
466 2 
467 2 
468 2 
469 2 
470 2 
471 2 
472 2 
473 2 
474 2 
475 2 
476 2 
477 2 
478 2 
479 2 
480 2 
481 2 
482 2 
483 2 
484 2 
485 2 
486 2 
487 1 
488 2 
489 1 
490 2 
491 1 
492 2 
493 1 
494 2 
495 1 
496 2 
497 1 
498 2 
499 1 
500 2 
501 1 
502 2 
503 1 
504 2 
505 1 
506 2 
507 1 
508 2 
509 1 
510 2 
511 1 
512 2 
513 1 
514 2 
515 1 
516 2 
517 1 
518 2 
519 1 
520 2 
521 1 
522 2 
523 1 
524 2 
525 1 
526 2 
527 2 
528 1 
529 2 
530 1 
531 2 
532 1 
533 2 
534 1 
535 1 
536 1 
537 2 
538 1 
539 2 
540 1 
541 2 
542 1 
543 2 
544 1 
545 2 
546 1 
547 2 
548 1 
549 2 
550 2 
551 2 
552 2 
553 2 
554 2 
555 2 
556 2 
557 2 
558 2 
559 2 
560 2 
561 2 
562 2 
563 2 
564 2 
565 2 
566 2 
567 2 
568 2 
569 2 
570 2 
571 2 
572 2 
573 2 
574 2 
575 2 
576 2 
577 2 
578 2 
579 2 
580 2 
581 2 
582 2 
583 2 
584 2 
585 2 
586 2 
587 2 
588 2 
589 2 
590 2 
591 2 
592 2 
593 2 
594 2 
595 2 
596 2 
597 2 
598 2 
599 2 
600 2 
601 2 
602 2 
603 2 
604 2 
605 1 
606 2 
607 1 
608 2 
609 1 
610 2 
611 1 
612 2 
613 1 
614 2 
615 1 
616 2 
617 2 
618 2 
619 2 
620 2 
621 2 
622 2 
623 2 
624 2 
625 2 
626 2 
627 2 
628 2 
629 2 
630 2 
631 2 
632 2 
633 2 
634 2 
635 2 
636 2 
637 1 
638 2 
639 1 
640 2 
641 1 
642 1 
643 1 
644 1 
645 1 
646 1 
647 1 
648 1 
649 1 
650 1 
651 1 
652 1 
653 1 
654 1 
655 1 
656 1 
657 1 
658 1 
659 1 
660 1 
661 2 
662 1 
663 2 
664 1 
665 2 
666 1 
667 2 
668 1 
669 2 
670 1 
671 2 
672 1 
673 2 
674 2 
675 2 
676 2 
677 2 
678 2 
679 3 
680 2 
681 3 
682 2 
683 3 
684 2 
685 2 
686 2 
687 2 
688 2 
689 2 
690 2 
691 2 
692 1 
693 2 
694 1 
695 2 
696 1 
697 2 
698 1 
699 2 
700 1 
701 2 
702 1 
703 2 
704 1 
705 2 
706 1 
707 2 
708 1 
709 2 
710 1 
711 2 
712 1 
713 2 
714 1 
715 2 
716 2 
717 2 
718 2 
719 2 
720 2 
721 2 
722 2 
723 2 
724 2 
725 2 
726 2 
727 2 
728 2 
729 2 
730 2 
731 2 
732 2 
733 2 
734 2 
735 2 
736 2 
737 2 
738 2 
739 2 
740 2 
741 2 
742 2 
743 1 
744 2 
745 1 
746 1 
747 1 
748 1 
749 1 
750 1 
751 1 
752 1 
753 1 
754 1 
755 1 
756 1 
757 1 
758 1 
759 1 
760 1 
761 1 
762 1 
763 1 
764 1 
765 1 
766 1 
767 1 
768 1 
769 1 
770 1 
771 1 
772 1 
773 1 
774 1 
775 1 
776 1 
777 1 
778 2 
779 1 
780 2 
781 1 
782 2 
783 1 
784 2 
785 1 
786 2 
787 1 
788 2 
789 1 
790 2 
791 1 
792 2 
793 2 
794 2 
795 2 
796 1 
797 2 
798 1 
799 2 
800 1 
801 2 
802 2 
803 1 
804 2 
805 1 
806 2 
807 1 
808 2 
809 1 
810 2 
811 1 
812 1 
813 1 
814 1 
815 1 
816 1 
817 1 
818 1 
819 1 
820 1 
821 1 
822 1 
823 1 
824 1 
825 1 
826 1 
827 1 
828 1 
829 1 
830 1 
831 1 
832 1 
833 1 
834 1 
835 1 
836 1 
837 1 
838 1 
839 1 
840 1 
841 1 
842 2 
843 1 
844 2 
845 2 
846 2 
847 2 
848 2 
849 2 
850 2 
851 2 
852 2 
853 2 
854 2 
855 2 
856 2 
857 2 
858 2 
859 2 
860 2 
861 2 
862 1 
863 2 
864 2 
865 2 
866 2 
867 2 
868 2 
869 2 
870 2 
871 2 
872 2 
873 2 
874 2 
875 2 
876 2 
877 2 
878 2 
879 2 
880 2 
881 2 
882 2 
883 2 
884 2 
885 2 
886 2 
887 2 
888 2 
889 2 
890 2 
891 2 
892 2 
893 2 
894 2 
895 2 
896 2 
897 2 
898 2 
899 2 
900 2 
901 2 
902 2 
903 2 
904 2 
905 2 
906 2 
907 2 
908 2 
909 2 
910 2 
911 2 
912 2 
913 2 
914 2 
915 2 
916 2 
917 2 
918 2 
919 2 
920 2 
921 2 
922 2 
923 2 
924 2 
925 2 
926 2 
927 2 
928 2 
929 2 
930 2 
931 2 
932 2 
933 2 
934 2 
935 2 
936 2 
937 2 
938 2 
939 2 
940 2 
941 2 
942 2 
943 2 
944 2 
945 1 
946 2 
947 1 
948 2 
949 1 
950 2 
951 1 
952 2 
953 1 
954 2 
955 1 
956 2 
957 1 
958 2 
959 1 
960 2 
961 1 
962 2 
963 1 
964 2 
965 1 
966 2 
967 1 
968 2 
969 1 
970 2 
971 1 
972 1 
973 1 
974 1 
975 1 
976 1 
977 1 
978 1 
979 1 
980 1 
981 1 
982 2 
983 1 
984 2 
985 1 
986 2 
987 1 
988 2 
989 1 
990 2 
991 1 
992 2 
993 1 
994 2 
995 1 
996 2 
997 1 
998 2 
999 0 
1000 2 
1001 0 
1002 1 
1003 0 
1004 1 
1005 1 
1006 1 
1007 1 
1008 1 
1009 2 
1010 1 
1011 2 
1012 1 
1013 1 
1014 1 
1015 1 
1016 1 
1017 1 
1018 1 
1019 1 
1020 1 
1021 1 
1022 1 
1023 1 
1024 1 
1025 1 
1026 1 
1027 2 
1028 1 
1029 2 
1030 2 
1031 2 
1032 2 
1033 2 
1034 2 
1035 2 
1036 2 
1037 1 
1038 2 
1039 1 
1040 1 
1041 1 
1042 1 
1043 1 
1044 1 
1045 1 
1046 1 
1047 1 
1048 1 
1049 1 
1050 1 
1051 1 
1052 1 
1053 1 
1054 1 
1055 1 
1056 1 
1057 1 
1058 2 
1059 1 
1060 2 
1061 1 
1062 2 
1063 1 
1064 2 
1065 1 
1066 2 
1067 1 
1068 2 
1069 1 
1070 2 
1071 1 
1072 2 
1073 1 
1074 2 
1075 1 
1076 2 
1077 1 
1078 2 
1079 1 
1080 2 
1081 1 
1082 2 
1083 1 
1084 2 
1085 1 
1086 2 
1087 1 
1088 1 
1089 1 
1090 1 
1091 1 
1092 1 
1093 1 
1094 1 
1095 1 
1096 1 
1097 1 
1098 1 
1099 1 
1100 1 
1101 2 
1102 1 
1103 2 
1104 2 
1105 2 
1106 2 
1107 2 
1108 2 
1109 1 
1110 2 
1111 2 
1112 2 
1113 2 
1114 2 
1115 2 
1116 2 
1117 2 
1118 2 
1119 2 
1120 2 
1121 2 
1122 1 
1123 2 
1124 2 
1125 2 
1126 2 
1127 2 
1128 2 
1129 2 
1130 2 
1131 1 
1132 1 
1133 1 
1134 1 
1135 1 
1136 1 
1137 1 
1138 1 
1139 1 
1140 1 
1141 1 
1142 1 
1143 2 
1144 2 
1145 2 
1146 2 
1147 2 
1148 2 
1149 2 
1150 2 
1151 2 
1152 2 
1153 2 
1154 2 
1155 2 
1156 1 
1157 2 
1158 1 
1159 2 
1160 1 
1161 2 
1162 1 
1163 2 
1164 1 
1165 2 
1166 1 
1167 2 
1168 2 
1169 2 
1170 2 
1171 2 
1172 2 
1173 2 
1174 2 
1175 2 
1176 2 
1177 2 
1178 2 
1179 2 
1180 2 
1181 2 
1182 2 
1183 1 
1184 2 
1185 1 
1186 2 
1187 1 
1188 1 
1189 1 
1190 1 
1191 2 
1192 2 
1193 2 
1194 2 
1195 2 
1196 2 
1197 2 
1198 2 
1199 2 
1200 2 
1201 1 
1202 1 
1203 1 
1204 1 
1205 1 
1206 1 
1207 1 
1208 1 
1209 1 
1210 1 
1211 1 
1212 1 
1213 2 
1214 1 
1215 2 
1216 2 
1217 2 
1218 2 
1219 2 
1220 2 
1221 2 
1222 2 
1223 2 
1224 2 
1225 2 
1226 1 
1227 2 
1228 1 
1229 2 
1230 1 
1231 2 
1232 1 
1233 1 
1234 2 
1235 1 
1236 2 
1237 1 
1238 2 
1239 2 
1240 2 
1241 2 
1242 2 
1243 2 
1244 2 
1245 2 
1246 2 
1247 2 
1248 2 
1249 1 
1250 2 
1251 1 
1252 2 
1253 1 
1254 1 
1255 2 
1256 2 
1257 2 
1258 2 
1259 2 
1260 2 
1261 2 
1262 2 
1263 2 
1264 2 
1265 2 
1266 1 
1267 2 
1268 1 
1269 2 
1270 2 
1271 2 
1272 2 
1273 2 
1274 2 
1275 1 
1276 2 
1277 1 
1278 2 
1279 1 
1280 2 
1281 1 
1282 1 
1283 1 
1284 1 
1285 1 
1286 1 
1287 1 
1288 2 
1289 1 
1290 2 
1291 1 
1292 2 
1293 1 
1294 2 
1295 1 
1296 2 
1297 1 
1298 1 
1299 1 
1300 1 
1301 1 
1302 1 
1303 1 
1304 1 
1305 1 
1306 1 
1307 1 
1308 1 
1309 1 
1310 1 
1311 1 
1312 1 
1313 1 
1314 1 
1315 1 
1316 1 
1317 1 
1318 1 
1319 1 
1320 1 
1321 1 
1322 1 
1323 1 
1324 1 
1325 1 
1326 1 
1327 1 
1328 1 
1329 1 
1330 1 
1331 1 
1332 1 
1333 1 
1334 1 
1335 1 
1336 1 
1337 1 
1338 1 
1339 1 
1340 1 
1341 1 
1342 1 
1343 1 
1344 2 
1345 1 
1346 2 
1347 1 
1348 2 
1349 1 
1350 2 
1351 1 
1352 2 
1353 1 
1354 1 
1355 2 
1356 1 
1357 2 
1358 2 
1359 2 
1360 2 
1361 2 
1362 2 
1363 2 
1364 2 
1365 2 
1366 2 
1367 2 
1368 2 
1369 2 
1370 2 
1371 2 
1372 2 
1373 2 
1374 2 
1375 1 
1376 2 
1377 1 
1378 2 
1379 1 
1380 2 
1381 1 
1382 2 
1383 2 
1384 2 
1385 2 
1386 2 
1387 2 
1388 1 
1389 2 
1390 1 
1391 2 
1392 1 
1393 2 
1394 1 
1395 2 
1396 1 
1397 2 
1398 1 
1399 2 
1400 1 
1401 2 
1402 1 
1403 2 
1404 1 
1405 2 
1406 1 
1407 2 
1408 1 
1409 2 
1410 1 
1411 2 
1412 2 
1413 2 
1414 2 
1415 2 
1416 2 
1417 2 
1418 2 
1419 2 
1420 2 
1421 2 
1422 1 
1423 2 
1424 1 
1425 2 
1426 2 
1427 2 
1428 2 
1429 2 
1430 2 
1431 2 
1432 2 
1433 2 
1434 2 
1435 2 
1436 1 
1437 2 
1438 1 
1439 2 
1440 1 
1441 2 
1442 1 
1443 1 
1444 2 
1445 1 
1446 2 
1447 1 
1448 2 
1449 1 
1450 2 
1451 1 
1452 2 
1453 1 
1454 1 
1455 1 
1456 1 
1457 1 
1458 1 
1459 1 
1460 1 
1461 1 
1462 1 
1463 1 
1464 1 
1465 1 
1466 1 
1467 1 
1468 2 
1469 1 
1470 2 
1471 1 
1472 2 
1473 1 
1474 2 
1475 1 
