0 2.6411160155301 
1 2.5961498962706 
2 2.250651171866358 
3 2.473027451770854 
4 2.174366549945072 
5 2.422201668715298 
6 2.451656840613618 
7 2.3177349490904797 
8 2.3548872138406938 
9 2.074805860676306 
10 2.60077158763578 
11 2.412657559995182 
12 2.7719170790703798 
13 2.84622693578062 
14 3.27429627177596 
15 2.845781275132 
16 2.74394099728574 
17 2.9622114926806 
18 2.84853227967538 
19 3.12926444637688 
20 2.53348938568698 
21 2.88971736551128 
22 2.94317821663104 
23 3.13883917333154 
24 2.251557995534592 
25 3.23786873716432 
26 2.3796770725917478 
27 3.10546507287068 
28 2.299711055275824 
29 3.25429080226744 
30 1.99471404242061 
31 3.0900910870498803 
32 2.028426567980876 
33 2.98761255642814 
34 2.2991664614647678 
35 3.17385256994126 
36 2.355805492718082 
37 3.26653385997356 
38 2.7949772822415797 
39 3.5921113322808003 
40 2.98316850791548 
41 3.54252774774514 
42 3.05813690417626 
43 3.4775339562425 
44 2.9853328951249 
45 3.25831638571468 
46 3.02216345771924 
47 3.6669603579718197 
48 2.95680895530566 
49 3.38501474619402 
50 3.0328028944459797 
51 3.4482459148894202 
52 3.0840473998472797 
53 2.9920250698824202 
54 2.86248361985838 
55 2.98912205813324 
56 2.77080297627078 
57 2.52762774747962 
58 2.63161737782216 
59 2.29710389243038 
60 2.50880044487532 
61 2.48838886828328 
62 2.329117081749354 
63 2.46146947076944 
64 2.55862983599166 
65 2.53992519530726 
66 3.10262797343836 
67 3.5651251773714003 
68 3.02437704627512 
69 3.78279028092838 
70 3.08176631647152 
71 4.10490458163786 
72 3.3855959716876 
73 4.24892917528666 
74 3.58438497041732 
75 4.3462415812676 
76 3.23579171196962 
77 3.4208313606018796 
78 3.65434274737164 
79 3.4019225205357797 
80 3.71079971514296 
81 3.21826164475982 
82 3.45723378471578 
83 3.48238261393412 
84 3.32360215918168 
85 4.0303607416012 
86 3.23248170967988 
87 4.24736701966666 
88 3.2070004977216398 
89 4.079577730406401 
90 3.2065199481952 
91 4.052307505460179 
92 3.1300555445065603 
93 3.3848222155667598 
94 3.8210147043064 
95 3.10851578540824 
96 4.221943025389701 
97 2.81218024244838 
98 3.93650721509934 
99 2.7892034232613 
100 3.9897017197615803 
101 3.07232526107524 
102 4.15622913822516 
103 3.22106172493454 
104 4.00535173603972 
105 2.9224721099720403 
106 3.7381392230139605 
107 2.89600237166824 
108 3.6302071785770997 
109 2.90824789064228 
110 3.8102227662625197 
111 2.82900778880588 
112 3.59685319739346 
113 2.85267623391414 
114 3.0198795090084802 
115 3.00573350875858 
116 3.20306256267772 
117 3.1749498874042397 
118 3.33882295818748 
119 3.53388276965564 
120 3.2385232841227802 
121 3.46824679281282 
122 3.5882977824194002 
123 3.7133957939378597 
124 3.7407118330036 
125 3.59784557065862 
126 3.79205149906758 
127 3.61642262729074 
128 3.89896787532386 
129 3.54574506756234 
130 3.63747585342516 
131 3.2168795820127802 
132 3.54856362775798 
133 3.3965818247793798 
134 3.4352845262389 
135 3.3355154652532 
136 3.37540168266088 
137 3.16143495127226 
138 3.24173968545932 
139 2.90014324750896 
140 4.13510035351886 
141 3.09750653931732 
142 4.8465899977652 
143 2.96113811214312 
144 5.06025937702728 
145 2.98351916710212 
146 5.1345231566965 
147 3.0269616806163397 
148 5.241861162089441 
149 3.00593859771544 
150 4.55286186658772 
151 2.9958318039495397 
152 3.7768698839462203 
153 2.9112284784066 
154 3.7878738005041 
155 2.9381728054058 
156 3.3298223997221603 
157 2.90024038820852 
158 3.1771911348677 
159 3.06554484937548 
160 3.1388401701785 
161 3.5227182043349 
162 2.9549793010025 
163 3.25025692901004 
164 3.11825219285654 
165 3.29534024155448 
166 3.25233883778148 
167 3.27644043254674 
168 3.41107833337046 
169 3.51418036625462 
170 3.73498684208466 
171 3.23249921322416 
172 3.93290990873908 
173 3.39589249645166 
174 3.49480600766096 
175 3.20951016120586 
176 3.7216679115402203 
177 3.4877381904053797 
178 3.72262205151418 
179 3.27871778898994 
180 3.413089395167 
181 2.8335603577192403 
182 3.1289132179736603 
183 2.75175898736214 
184 3.32150578690216 
185 2.84039213387576 
186 3.0838566632182003 
187 2.8075838648839797 
188 3.0301698636310404 
189 2.90540923617926 
190 2.87675495657654 
191 2.95863321417366 
192 3.02979400637614 
193 2.80326688490976 
194 3.49081386123552 
195 2.89232171901886 
196 3.62384499253184 
197 2.76755230550452 
198 3.6324720593897597 
199 2.51565737350078 
200 3.8144638448953203 
201 2.79391053190502 
202 3.92267232747876 
203 3.3683630908712 
204 3.7473240674578796 
205 3.41209277829682 
206 3.8655534935871203 
207 3.64829269831728 
208 3.78152251262492 
209 3.8605827139585003 
210 3.5408722443061 
211 3.57898414788488 
212 3.3008076541960603 
213 3.36430699733394 
214 2.82653425623662 
215 3.23120302221812 
216 2.55995905582128 
217 3.7021210375369598 
218 2.70172374801724 
219 3.6486562754260197 
220 2.96899519371812 
221 3.83044918088416 
222 3.25098109963732 
223 4.23249602186776 
224 3.51734610263106 
225 4.21148957663048 
226 3.76731686593144 
227 3.46166037790446 
228 3.45260740573374 
229 3.3184167765141 
230 3.2370164647651802 
231 3.25158752320094 
232 2.93307746419502 
233 2.71742913996844 
234 2.9753393888857 
235 2.81044477596582 
236 2.9739495376208 
237 2.86157307462238 
238 3.2184719010113403 
239 2.86845109346926 
240 3.53296428024796 
241 3.77699436265888 
242 4.63471310989914 
243 4.00332132878888 
244 4.54391679280336 
245 3.98681465138284 
246 4.281936648436259 
247 3.9937815698806802 
248 4.28424887106012 
249 4.158344819357341 
250 4.198400371085819 
251 3.52044345022354 
252 3.23162986895152 
253 3.8145909644482203 
254 3.10066388475276 
255 3.7677119526253597 
256 3.3057244194269 
257 3.98906386946828 
258 3.28740352688332 
259 3.9960398302103997 
260 3.1900085248519803 
261 3.9514089035208997 
262 3.4162447607715802 
263 3.41149832630772 
264 3.41631611550082 
265 3.29292260262188 
266 3.4225088893575597 
267 3.31553004266498 
268 3.28643710867062 
269 4.2294939004074 
270 3.2963084591698197 
271 4.31599782919878 
272 3.27548317118288 
273 4.38156435767012 
274 3.2585815953243 
275 4.41580779695784 
276 3.16444921604844 
277 4.04205734721354 
278 3.46612266422832 
279 3.1064721863766 
280 3.52527802065724 
281 3.1438462241216603 
282 3.37877651845672 
283 3.14900076725782 
284 3.5027525318749198 
285 3.1976779144851397 
286 3.5844572813509 
287 3.46722678531694 
288 3.4359784082825398 
289 3.4545618160094 
290 3.32359835038426 
291 3.0838152041770597 
292 3.179354119301 
293 2.8682369427404 
294 3.2006741257063 
295 2.9448960268455 
296 2.93747124219396 
297 2.99040673609332 
298 3.0277277407549397 
299 3.21584746575222 
300 3.0841743749347 
301 3.4111626504309998 
302 3.27191833089084 
303 3.60663346512484 
304 3.10071213310198 
305 4.10097656857672 
306 3.0699804069775203 
307 3.83350962801172 
308 2.8872890805813 
309 3.52387711402976 
310 2.71577416759592 
311 3.51039869014094 
312 2.86591404295462 
313 3.43412414897082 
314 2.90166065220264 
315 3.0340925066841598 
316 3.41404445679304 
317 3.24725791072892 
318 3.3944406334350203 
319 3.20608689983488 
320 3.7118338498983805 
321 3.46073030478356 
322 3.545454751811 
323 3.6008204713887997 
324 3.6052708090890198 
325 3.7504938127640797 
326 3.6491965496008403 
327 4.3307435065075 
328 3.8338414085908603 
329 4.9857838942321 
330 4.1776600071547 
331 4.7201286803286795 
332 4.175338036077401 
333 4.85629070421152 
334 3.8335376224995 
335 4.68812424296538 
336 3.42520496173596 
337 4.05959344182616 
338 3.19072522779038 
339 3.2650631888748203 
340 2.87915213140584 
341 3.20577406516388 
342 2.71125335009542 
343 2.99928500732602 
344 2.9272046291092 
345 2.898545383375 
346 2.83286829331788 
347 2.9737673654620997 
348 2.96208821290056 
349 3.06207726268344 
350 2.95228506753194 
351 3.3288385990947598 
352 3.31474627111856 
353 3.3051461620774 
354 3.20876782022694 
355 3.57614516699386 
356 3.31941867077796 
357 3.30199203150644 
358 3.22936891014098 
359 3.1760535491281 
360 3.1067291547334603 
361 3.12521958454444 
362 2.78997914996354 
363 3.03588942844808 
364 3.10462954911174 
365 2.62283118588958 
366 3.04196600136332 
367 2.79870675930328 
368 3.1382031631248397 
369 3.03370648454192 
370 3.16643792934068 
371 2.72278285798984 
372 3.42642382541504 
373 3.09761203389482 
374 3.25801364028138 
375 3.25113875566738 
376 3.28928846176632 
377 3.19866016806932 
378 3.48370179133472 
379 3.2376968494878198 
380 3.50069829039502 
381 3.5565415906294 
382 3.2780063437443 
383 4.00517004647038 
384 3.32433336875722 
385 4.3159500712552 
386 3.3868938309466 
387 4.19038740048218 
388 3.55419381696596 
389 4.29751294160576 
390 3.3292589310739 
391 4.23841323637816 
392 3.23810400001692 
393 3.5850190735539003 
394 3.0298315067401203 
395 3.0779188719583397 
396 2.83628820212982 
397 3.22397006935518 
398 2.3403876672555 
399 3.02795074571582 
400 2.61244362571224 
401 2.93222932196318 
402 3.0453315234844203 
403 2.60747270585846 
404 2.9643952174948 
405 2.9553691837219 
406 3.05797269154372 
407 2.99068301282474 
408 3.6288780206249998 
409 2.9362191608768002 
410 3.62706199918372 
411 3.0453337945907597 
412 3.6559645767833997 
413 3.7040830522308 
414 4.0339727854197 
415 3.81338012024138 
416 4.19610011739448 
417 3.7510610558912 
418 3.63335171807574 
419 3.7868485462667403 
420 3.532264778304 
421 3.88527346681838 
422 3.11098400784658 
423 3.48190792101454 
424 2.73227829773598 
425 2.9028689350173797 
426 2.60983462697008 
427 2.8606936607879 
428 2.7162974762412597 
429 2.9622634014462 
430 2.79926866569396 
431 2.90595968352988 
432 2.96486830652922 
433 2.5898958507338 
434 3.3280310069694403 
435 2.66810924359958 
436 3.25996846073692 
437 2.66589324426156 
438 3.21380822399434 
439 2.6224784586204803 
440 3.0816529391178 
441 2.57699859703336 
442 2.8304126536933603 
443 2.60824084612598 
444 2.93166404143042 
445 2.91570520832212 
446 3.31432509477632 
447 3.4118815629394 
448 3.45188354251012 
449 3.44021223119754 
450 3.72664803290726 
451 3.40243256132168 
452 4.0060233096403 
453 3.9421513323613198 
454 4.0143380727074405 
455 4.0346274665768 
456 3.71774314750722 
457 3.57068797054126 
458 3.41868374751086 
459 3.53692852178966 
460 3.5688733858251203 
461 3.51075877353738 
462 3.3193451468052197 
463 3.23423081747226 
464 3.22595825591692 
465 3.22167420890568 
466 3.23314060059028 
467 3.0631870848170797 
468 3.86625096318392 
469 3.2298806094902597 
470 3.9144210254281804 
471 3.6064630217900797 
472 4.0219728932585195 
473 4.06147714232966 
474 4.1360436944696 
475 4.28823616878302 
476 3.59843675676062 
477 4.32064781446172 
478 3.8862908761367003 
479 4.62273445545884 
480 3.5860811693826 
481 4.576391227224 
482 3.7656475466858197 
483 4.24938392770186 
484 3.72315426147346 
485 3.9989292763117197 
486 3.8415416803560802 
487 4.04031165942514 
488 3.885502137687 
489 4.04410982528824 
490 3.7188527360784 
491 3.58169142501588 
492 3.6385090096739203 
493 3.5199284094876 
494 3.40478742174342 
495 2.98677756567742 
496 3.8166058281030404 
497 2.9371922669758197 
498 4.01505820435778 
499 2.8767107767858002 
500 4.0306562771756 
501 3.17064490073844 
502 4.2759733778525 
503 3.22806973066752 
504 4.04619811446892 
505 3.5062984105106603 
506 3.6479239222353597 
507 4.25465977324478 
508 3.0640336652015803 
509 4.2368652923856 
510 3.8062168404648 
511 4.36916951219538 
512 3.4104654090388 
513 4.13132306046154 
514 3.6138015420771 
515 3.48449311672722 
516 3.68018638368514 
517 3.1098991108639398 
518 3.7400399149759997 
519 3.24977683422528 
520 3.16621793465132 
521 3.12818865093336 
522 3.70184881183368 
523 3.10359282851722 
524 3.8597549686062598 
525 3.3122839069543 
526 4.0063008321611004 
527 3.3675355952367 
528 3.9966443088481802 
529 3.01452580012194 
530 3.9630148321015 
531 3.10682135237194 
532 3.53576299745138 
533 3.35798184386088 
534 3.41529923284708 
535 3.2342540526090002 
536 3.80336082836788 
537 3.32333865252058 
538 3.89018184311684 
539 3.63503274504922 
540 3.98883495147626 
541 3.26774293587434 
542 4.24643087009104 
543 3.37992013156782 
544 4.36027176902564 
545 3.6560562725425 
546 4.02258621874888 
547 3.44764249379346 
548 4.04800049004302 
549 3.20089304697676 
550 3.83787090263298 
551 3.39014728703402 
552 3.7112735134914403 
553 3.80235654896176 
554 3.87439170862706 
555 3.9810545042603005 
556 3.3521112658716197 
557 3.53950846790368 
558 3.44005490339348 
559 4.16033502756608 
560 3.3222539996845 
561 3.9377283286553797 
562 3.04301287146722 
563 3.0878571938409 
564 3.0102419515617003 
565 3.2158676461763003 
566 2.94986261664638 
567 3.7763663981003197 
568 3.05123321786902 
569 3.4848350041522402 
570 2.98688098336476 
571 3.52367719529108 
572 3.3329450776616 
573 4.05991556662568 
574 3.08052164686456 
575 4.1487239217619605 
576 2.78677063067596 
577 3.8967633845646397 
578 2.7231671795178802 
579 4.0504063666742 
580 2.8305349281053602 
581 4.045617753741579 
582 2.51581284776384 
583 3.90400382167958 
584 3.06640798986894 
585 3.9676575351756598 
586 3.62158418630092 
587 3.8920730314432603 
588 3.86432373725214 
589 3.2697542974163 
590 3.88043553373868 
591 3.41667521867722 
592 4.05338452980136 
593 3.4828808161487 
594 3.6323478989525997 
595 3.4197956404884 
596 3.24959756151926 
597 3.63039991391432 
598 3.08719838634926 
599 3.90998739748866 
600 3.24134911145082 
601 3.7873637608089 
602 3.07046212724214 
603 3.3739907515866 
604 3.82674083612432 
605 3.21490757146014 
606 3.69753494275068 
607 3.5645886871159798 
608 3.67125377579716 
609 3.4057848756766402 
610 3.79384132320462 
611 3.53226505874458 
612 4.39606137015768 
613 3.58765273010812 
614 3.52090813588284 
615 3.60484429873766 
616 3.62049477063366 
617 3.4867462961327798 
618 3.72306962598154 
619 2.90538877630468 
620 3.4334802854907 
621 2.6575678908643 
622 3.0545630145389002 
623 2.7295834801458 
624 3.2740398787054 
625 3.33921864006188 
626 3.42205284778312 
627 3.8360399797798004 
628 4.27135053308612 
629 3.6586941634035 
630 4.637697027085521 
631 4.00844748146716 
632 4.53407288739922 
633 3.98508755642172 
634 4.2510676664472795 
635 3.52003217070976 
636 4.2883693840678605 
637 3.0396077730724 
638 3.47366485428308 
639 2.9976598457342 
640 3.27507767007856 
641 3.33407089500196 
642 3.1887211521246 
643 3.23108377947438 
644 3.48463924162116 
645 3.46772652218048 
646 2.92542420717772 
647 3.4036625945566596 
648 2.94039864232834 
649 3.43213892310762 
650 2.80981060102776 
651 2.8664718743407 
652 2.79093929970266 
653 3.15889700685622 
654 3.41594757672134 
655 3.13013873750856 
656 3.4321855774644403 
657 2.92132900902148 
658 3.54640820762144 
659 2.9865010132340197 
660 3.7009891114421003 
661 2.84559294940522 
662 3.8685786242635 
663 2.79947483498556 
664 3.6875078352730997 
665 3.09660680532678 
666 3.61774227092666 
667 3.3430082161751 
668 4.27845706013622 
669 3.58323340641118 
670 3.9093181426354597 
671 3.85063553012908 
672 3.8257339724649198 
673 4.80955298735882 
674 4.80955298735882 
675 3.94054749672064 
676 4.83540087850498 
677 3.86967446507986 
678 4.8403768984852 
679 3.7558773353841604 
680 4.06204167648944 
681 3.39345977945102 
682 3.60935254095764 
683 3.12487051438302 
684 2.79658205646294 
685 2.80220308785914 
686 2.70773227129968 
687 2.60211249641256 
688 2.9372108477221 
689 2.444576498196766 
690 2.9785130624017198 
691 2.5463101597447 
692 2.7123027828585 
693 2.5322859109309404 
694 2.77098430475794 
695 2.54866970956218 
696 2.86510076330732 
697 2.58246304847366 
698 2.7569733389525597 
699 2.50857726460152 
700 2.6241762669354403 
701 2.89389070085182 
702 2.7705124554211 
703 3.10565038773272 
704 2.7688576319821196 
705 3.03481895268824 
706 3.02745845962722 
707 3.4509824628974597 
708 3.0785637723894 
709 3.7157640408794004 
710 3.49247222064582 
711 3.57214814216206 
712 3.35198241991162 
713 3.73949209390002 
714 3.27638986662574 
715 3.7263613348819598 
716 2.9741294442444604 
717 3.46692945350988 
718 2.56792183848456 
719 3.1626749226875797 
720 2.2228503260835337 
721 2.7711127252136 
722 2.337867527957882 
723 2.90679360549884 
724 2.2387505252845683 
725 2.59880008483632 
726 2.285869541222508 
727 2.69491572964706 
728 2.356863702339278 
729 2.9520139002573997 
730 2.57742091138332 
731 3.96253447925084 
732 2.6463657517331 
733 4.30371860702612 
734 2.66255708067406 
735 4.12559021880232 
736 2.94738693519212 
737 4.31534514475662 
738 3.27113926995058 
739 4.08247009835206 
740 3.34431730251878 
741 4.4865335658409204 
742 3.32248035844742 
743 3.79874303439926 
744 3.15551674913904 
745 3.9048787327324197 
746 3.0006267026408198 
747 3.4403806287372403 
748 2.7366916066911 
749 3.6507371583854 
750 2.77501890768896 
751 3.2915990159425 
752 3.05986270479534 
753 3.4907390865023 
754 3.07876319099202 
755 3.21049801380918 
756 3.1017238205324 
757 3.212150050304 
758 3.1747710703600203 
759 3.37642852104292 
760 3.44202338974024 
761 3.84393601359208 
762 3.45685192205908 
763 3.40612378533318 
764 3.04218804043754 
765 3.1468432414081398 
766 2.9604231790776803 
767 2.95589847368404 
768 2.75371910339758 
769 2.72461576505578 
770 2.77415237016024 
771 2.7150738673408 
772 3.16388672113634 
773 2.84839853192036 
774 2.8084118381332 
775 3.4889223377781398 
776 3.3440284312281 
777 3.6975195403514602 
778 3.3280216388242 
779 4.27192381444694 
780 3.0039935200258 
781 3.90346783104306 
782 2.85824836049584 
783 3.8978553427122202 
784 3.70227761614618 
785 3.5133305892008 
786 3.41278755775132 
787 3.40434348188354 
788 3.50699510878878 
789 3.0865025536934 
790 3.41447816763988 
791 2.95694289984264 
792 3.24495255590416 
793 3.05728577774112 
794 2.7887982441948997 
795 2.7090647675414603 
796 2.6871753964887803 
797 2.56327758699782 
798 2.73167866247714 
799 2.51024704543278 
800 3.74400543203314 
801 3.13820786322592 
802 4.3978327911945 
803 3.75049058510952 
804 4.55549894863376 
805 4.161243131044 
806 4.3660363928905195 
807 4.1225405689339 
808 4.2131205840174 
809 4.06116109632324 
810 3.46611921082508 
811 3.7243646539529403 
812 3.00978077801906 
813 3.8042911468534597 
814 3.52616084690506 
815 3.61607808386412 
816 3.46573846960134 
817 3.5542080818525 
818 3.61748790354418 
819 3.8021528106880402 
820 3.65353806518274 
821 4.0369879313573005 
822 3.01449442119096 
823 3.78348585909674 
824 2.9634495398724 
825 2.88475267090632 
826 2.76963117720314 
827 2.6646624290700998 
828 2.80497164206708 
829 2.90126224428852 
830 2.80965766674198 
831 2.66347682586086 
832 2.92401001437456 
833 2.71082851154898 
834 3.04570959065784 
835 3.06617365393618 
836 3.45028080048428 
837 3.0009408680815 
838 3.51424618860772 
839 2.89047756934538 
840 3.3287874797489403 
841 3.1181783689734 
842 3.09175085154138 
843 2.89993413679268 
844 2.89687982547754 
845 2.9373974269710397 
846 3.05554028016774 
847 3.6139119605234997 
848 3.4897322492664 
849 3.67104173927244 
850 3.9541666616105404 
851 3.8818524069304203 
852 4.05410273839584 
853 4.29030734882584 
854 4.23146097043464 
855 4.565375308169299 
856 3.9266358878760004 
857 4.21535423335932 
858 3.7574828981806805 
859 4.195531731429 
860 3.7960882646970395 
861 4.02015243007678 
862 3.88047419509732 
863 3.5938301948353 
864 3.7986250891801197 
865 3.4241161965954 
866 3.52248232202448 
867 3.6683190987886 
868 3.53118391776312 
869 3.57612557288202 
870 2.94891407981936 
871 3.95645075599786 
872 3.18340909036062 
873 3.93785471690668 
874 3.082080803866 
875 3.41624162423748 
876 3.70466403122472 
877 3.571103409978 
878 3.8185528812707403 
879 3.69351487366726 
880 3.7922596727866598 
881 4.4663041751423 
882 3.91406076698282 
883 4.85079767947092 
884 4.79311199719962 
885 5.16585863254056 
886 4.0934131779501 
887 4.84629075408366 
888 3.8628986409886403 
889 4.76837202831946 
890 4.0664282609967 
891 4.05907509908404 
892 3.8386934133916397 
893 3.5187019893920803 
894 2.9785763260535 
895 3.4742362475812003 
896 3.2046535037725397 
897 3.6194530473806 
898 3.4434395912817797 
899 3.3417269458999597 
900 3.50427329499326 
901 3.18428961944808 
902 3.4204120101048003 
903 3.49571596020992 
904 3.29558356365944 
905 3.29727181805704 
906 4.0178360133368 
907 3.7762623801385202 
908 4.08269046794102 
909 3.7762623801385202 
910 4.05642490581452 
911 3.54739040790186 
912 4.42374134710418 
913 3.54739040790186 
914 4.36284245363982 
915 3.54739040790186 
916 3.430046556712 
917 2.70520398186124 
918 3.81277061604204 
919 2.70520398186124 
920 3.6919220479297 
921 2.70520398186124 
922 3.25125778276342 
923 2.66152845573924 
924 3.1336975300660397 
925 2.66152845573924 
926 2.384167055063158 
927 2.66152845573924 
928 2.9555433556199 
929 2.7930425185415997 
930 3.32455750449876 
931 2.7930425185415997 
932 3.04273038120612 
933 2.7930425185415997 
934 3.18412237272704 
935 2.83952916363822 
936 3.01537374633268 
937 2.79615818874944 
938 3.37555510371472 
939 2.79615818874944 
940 3.10865735993378 
941 2.79615818874944 
942 3.65285397331672 
943 2.79615818874944 
944 3.74358699324318 
945 2.7934968289419 
946 3.76617571283708 
947 2.90011508920698 
948 3.55345017492048 
949 2.90011508920698 
950 3.8018343501351195 
951 2.90011508920698 
952 3.5125523202517 
953 2.90011508920698 
954 3.3974652132798 
955 2.98624195440026 
956 3.5568554952931803 
957 3.24637958043688 
958 3.7662372278542797 
959 3.24637958043688 
960 3.47693173206252 
961 3.24637958043688 
962 3.88790857308148 
963 3.24637958043688 
964 3.8631604935222 
965 2.9332202793492597 
966 3.60884033358094 
967 2.76688187701582 
968 3.3937011439869798 
969 2.76688187701582 
970 3.40692667526698 
971 2.76688187701582 
972 2.98111141374394 
973 2.76688187701582 
974 3.14853518420662 
975 2.76688187701582 
976 3.68179911289014 
977 3.07898919810964 
978 3.5802418917002 
979 3.0334693831473603 
980 3.70219661648724 
981 3.0334693831473603 
982 3.81826788052368 
983 3.0334693831473603 
984 3.80739161282042 
985 2.99628067345296 
986 3.35690860395398 
987 2.80033443884322 
988 4.29881888039462 
989 2.96968146621562 
990 4.127599946764979 
991 2.8839437148752802 
992 4.08476640714322 
993 3.04526477118606 
994 4.18470274728122 
995 3.2517699281717 
996 4.19239862218696 
997 3.15169701535682 
998 3.45398699051462 
999 2.99243469987316 
1000 3.39239899383388 
1001 2.91673478792016 
1002 3.1153808924287 
1003 2.66677859022494 
1004 3.2299121360066 
1005 2.48211524143436 
1006 3.35790194664486 
1007 2.321341648896636 
1008 3.2602207835245602 
1009 2.7144221566177 
1010 3.5576735390965597 
1011 3.06337920609404 
1012 3.8403415813093 
1013 3.81017549093236 
1014 3.9827277164808996 
1015 4.3833254216864805 
1016 4.35089601126646 
1017 4.639646775877781 
1018 4.4256670888485 
1019 4.4080190016061795 
1020 4.27541416677734 
1021 4.22126659341202 
1022 4.2784561053596 
1023 3.89538515769692 
1024 4.03204178312564 
1025 3.62016586328272 
1026 3.8160440956741395 
1027 3.3334974576356 
1028 3.5671563802443997 
1029 3.1691463497218 
1030 3.48106168746288 
1031 2.9826638617967 
1032 3.38102832284132 
1033 2.965038941925 
1034 3.27194261445098 
1035 2.82655210427742 
1036 2.81799188296132 
1037 3.24753659159828 
1038 2.94983909898526 
1039 3.6603829860037402 
1040 2.90851383923878 
1041 3.42517877148974 
1042 2.74793936967296 
1043 3.34745776808488 
1044 2.499530646026852 
1045 3.33626569051346 
1046 2.6424839586922 
1047 2.8406329488606596 
1048 3.3010836000959403 
1049 2.5681290074731 
1050 3.4011530006725197 
1051 2.5224924335726002 
1052 3.41724149244102 
1053 2.6858421926320597 
1054 3.7794844565186603 
1055 2.8227458299243002 
1056 3.6347154095473 
1057 3.05064345295486 
1058 2.90457858834422 
1059 2.98202399681294 
1060 3.01049713225132 
1061 3.024635422935 
1062 3.8570404047332802 
1063 3.05560017323264 
1064 3.5867950182359 
1065 2.74824991348622 
1066 3.68807079825276 
1067 2.7300426334081402 
1068 4.55752855545812 
1069 3.0161267638519 
1070 5.03267678898304 
1071 3.40998864642536 
1072 4.6462584071282995 
1073 3.37583660443462 
1074 5.02243978927208 
1075 3.9086079415342803 
1076 4.7788064414711 
1077 3.7325278167383997 
1078 4.980181951422599 
1079 3.38508621284868 
1080 4.29343737471162 
1081 3.20364819414526 
1082 3.89021645804372 
1083 3.4569299778777802 
1084 3.56366057482958 
1085 3.15063673410144 
1086 3.68406838583552 
1087 3.40405397888498 
1088 2.891690050013 
1089 3.36371987079576 
1090 2.70956538245732 
1091 3.35068273587294 
1092 3.0958029019479403 
1093 3.8290975346895997 
1094 3.2683777657618 
1095 3.77954848108862 
1096 3.18398019212048 
1097 3.62638130182992 
1098 3.37183343621144 
1099 3.38968282487956 
1100 3.66367419963998 
1101 3.360078830866 
1102 3.48340652685606 
1103 3.09008107572154 
1104 3.14966851729984 
1105 3.0645647489988 
1106 3.15199507795342 
1107 2.93436875031464 
1108 2.9936080291289597 
1109 3.13961088440792 
1110 2.91175190556916 
1111 3.03783994913028 
1112 2.7696306210876 
1113 2.499457487393148 
1114 2.92809907051332 
1115 2.67700154366486 
1116 3.15879313077372 
1117 2.96254287125224 
1118 2.952089907442 
1119 3.12936135599876 
