0 40.0 
1 40.0 
2 40.0 
3 20.0 
4 20.0 
5 20.0 
6 0.0 
7 40.0 
8 0.0 
9 40.0 
10 0.0 
11 40.0 
12 20.0 
13 60.0 
14 20.0 
15 60.0 
16 20.0 
17 40.0 
18 20.0 
19 60.0 
20 20.0 
21 40.0 
22 0.0 
23 20.0 
24 20.0 
25 20.0 
26 40.0 
27 40.0 
28 40.0 
29 20.0 
30 40.0 
31 40.0 
32 40.0 
33 60.0 
34 20.0 
35 60.0 
36 0.0 
37 60.0 
38 0.0 
39 60.0 
40 20.0 
41 60.0 
42 20.0 
43 40.0 
44 20.0 
45 40.0 
46 20.0 
47 40.0 
48 20.0 
49 60.0 
50 0.0 
51 40.0 
52 20.0 
53 40.0 
54 40.0 
55 40.0 
56 40.0 
57 20.0 
58 60.0 
59 20.0 
60 40.0 
61 40.0 
62 60.0 
63 60.0 
64 40.0 
65 60.0 
66 40.0 
67 60.0 
68 40.0 
69 40.0 
70 40.0 
71 40.0 
72 60.0 
73 40.0 
74 60.0 
75 40.0 
76 60.0 
77 40.0 
78 40.0 
79 40.0 
80 40.0 
81 40.0 
82 20.0 
83 40.0 
84 20.0 
85 60.0 
86 20.0 
87 60.0 
88 40.0 
89 60.0 
90 20.0 
91 40.0 
92 20.0 
93 40.0 
94 40.0 
95 20.0 
96 60.0 
97 20.0 
98 40.0 
99 40.0 
100 40.0 
101 40.0 
102 40.0 
103 20.0 
104 20.0 
105 20.0 
106 0.0 
107 40.0 
108 20.0 
109 20.0 
110 40.0 
111 40.0 
112 40.0 
113 40.0 
114 60.0 
115 40.0 
116 60.0 
117 20.0 
118 40.0 
119 40.0 
120 20.0 
121 40.0 
122 40.0 
123 60.0 
124 20.0 
125 60.0 
126 40.0 
127 60.0 
128 60.0 
129 40.0 
130 80.0 
131 20.0 
132 60.0 
133 20.0 
134 60.0 
135 20.0 
136 40.0 
137 20.0 
138 20.0 
139 40.0 
140 20.0 
141 60.0 
142 40.0 
143 60.0 
144 60.0 
145 60.0 
146 60.0 
147 60.0 
148 60.0 
149 40.0 
150 40.0 
151 20.0 
152 20.0 
153 0.0 
154 20.0 
155 0.0 
156 40.0 
157 20.0 
158 60.0 
159 20.0 
160 60.0 
161 20.0 
162 80.0 
163 20.0 
164 60.0 
165 20.0 
166 40.0 
167 20.0 
168 20.0 
169 20.0 
170 20.0 
171 20.0 
172 20.0 
173 20.0 
174 40.0 
175 20.0 
176 60.0 
177 20.0 
178 60.0 
179 20.0 
180 60.0 
181 20.0 
182 40.0 
183 40.0 
184 20.0 
185 40.0 
186 20.0 
187 40.0 
188 20.0 
189 40.0 
190 20.0 
191 40.0 
192 20.0 
193 40.0 
194 40.0 
195 40.0 
196 20.0 
197 40.0 
198 20.0 
199 40.0 
200 40.0 
201 60.0 
202 40.0 
203 40.0 
204 40.0 
205 40.0 
206 60.0 
207 20.0 
208 60.0 
209 20.0 
210 40.0 
211 20.0 
212 60.0 
213 20.0 
214 40.0 
215 40.0 
216 20.0 
217 40.0 
218 20.0 
219 40.0 
220 20.0 
221 40.0 
222 20.0 
223 40.0 
224 40.0 
225 20.0 
226 60.0 
227 20.0 
228 60.0 
229 20.0 
230 60.0 
231 20.0 
232 60.0 
233 20.0 
234 40.0 
235 40.0 
236 20.0 
237 60.0 
238 40.0 
239 60.0 
240 40.0 
241 40.0 
242 40.0 
243 40.0 
244 60.0 
245 40.0 
246 60.0 
247 40.0 
248 40.0 
249 40.0 
250 40.0 
251 40.0 
252 40.0 
253 40.0 
254 20.0 
255 20.0 
256 40.0 
257 20.0 
258 60.0 
259 20.0 
260 60.0 
261 20.0 
262 40.0 
263 20.0 
264 40.0 
265 40.0 
266 40.0 
267 40.0 
268 40.0 
269 40.0 
270 60.0 
271 40.0 
272 60.0 
273 40.0 
274 60.0 
275 40.0 
276 40.0 
277 40.0 
278 40.0 
279 60.0 
280 40.0 
281 60.0 
282 40.0 
283 80.0 
284 60.0 
285 60.0 
286 60.0 
287 40.0 
288 60.0 
289 20.0 
290 40.0 
291 20.0 
292 60.0 
293 0.0 
294 40.0 
295 20.0 
296 40.0 
297 20.0 
298 40.0 
299 20.0 
300 40.0 
301 40.0 
302 40.0 
303 40.0 
304 60.0 
305 40.0 
306 80.0 
307 60.0 
308 60.0 
309 80.0 
310 80.0 
311 60.0 
312 60.0 
313 80.0 
314 40.0 
315 60.0 
316 20.0 
317 40.0 
318 20.0 
319 20.0 
320 20.0 
321 20.0 
322 20.0 
323 20.0 
324 20.0 
325 20.0 
326 20.0 
327 20.0 
328 40.0 
329 20.0 
330 20.0 
331 20.0 
332 20.0 
333 20.0 
334 20.0 
335 20.0 
336 20.0 
337 40.0 
338 20.0 
339 40.0 
340 40.0 
341 40.0 
342 60.0 
343 40.0 
344 80.0 
345 40.0 
346 80.0 
347 40.0 
348 60.0 
349 40.0 
350 40.0 
351 40.0 
352 40.0 
353 40.0 
354 40.0 
355 40.0 
356 40.0 
357 40.0 
358 60.0 
359 60.0 
360 60.0 
361 60.0 
362 40.0 
363 60.0 
364 20.0 
365 60.0 
366 20.0 
367 40.0 
368 0.0 
369 40.0 
370 0.0 
371 60.0 
372 0.0 
373 40.0 
374 0.0 
375 40.0 
376 0.0 
377 40.0 
378 0.0 
379 20.0 
380 20.0 
381 20.0 
382 20.0 
383 20.0 
384 20.0 
385 20.0 
386 20.0 
387 40.0 
388 40.0 
389 40.0 
390 20.0 
391 20.0 
392 20.0 
393 20.0 
394 20.0 
395 40.0 
396 20.0 
397 20.0 
398 20.0 
399 40.0 
400 40.0 
401 40.0 
402 60.0 
403 60.0 
404 60.0 
405 40.0 
406 60.0 
407 40.0 
408 40.0 
409 40.0 
410 40.0 
411 40.0 
412 40.0 
413 20.0 
414 60.0 
415 20.0 
416 60.0 
417 40.0 
418 60.0 
419 40.0 
420 40.0 
421 40.0 
422 20.0 
423 60.0 
424 20.0 
425 60.0 
426 20.0 
427 40.0 
428 20.0 
429 40.0 
430 40.0 
431 40.0 
432 40.0 
433 20.0 
434 20.0 
435 40.0 
436 20.0 
437 40.0 
438 40.0 
439 40.0 
440 20.0 
441 40.0 
442 20.0 
443 60.0 
444 40.0 
445 60.0 
446 60.0 
447 60.0 
448 40.0 
449 40.0 
450 60.0 
451 60.0 
452 60.0 
453 60.0 
454 40.0 
455 60.0 
456 20.0 
457 60.0 
458 40.0 
459 60.0 
460 20.0 
461 60.0 
462 20.0 
463 60.0 
464 40.0 
465 60.0 
466 40.0 
467 60.0 
468 60.0 
469 60.0 
470 60.0 
471 60.0 
472 60.0 
473 40.0 
474 40.0 
475 40.0 
476 40.0 
477 40.0 
478 20.0 
479 40.0 
480 40.0 
481 40.0 
482 60.0 
483 40.0 
484 40.0 
485 60.0 
486 60.0 
487 60.0 
488 60.0 
489 80.0 
490 40.0 
491 80.0 
492 20.0 
493 80.0 
494 0.0 
495 60.0 
496 0.0 
497 60.0 
498 0.0 
499 60.0 
500 0.0 
501 40.0 
502 0.0 
503 40.0 
504 0.0 
505 40.0 
506 20.0 
507 20.0 
508 20.0 
509 0.0 
510 20.0 
511 20.0 
512 20.0 
513 20.0 
514 0.0 
515 40.0 
516 20.0 
517 40.0 
518 20.0 
519 60.0 
520 40.0 
521 40.0 
522 60.0 
523 40.0 
524 80.0 
525 40.0 
526 80.0 
527 60.0 
528 80.0 
529 40.0 
530 60.0 
531 60.0 
532 40.0 
533 60.0 
534 20.0 
535 40.0 
536 20.0 
537 20.0 
538 20.0 
539 40.0 
540 20.0 
541 20.0 
542 40.0 
543 40.0 
544 40.0 
545 60.0 
546 40.0 
547 60.0 
548 40.0 
549 60.0 
550 40.0 
551 60.0 
552 20.0 
553 40.0 
554 40.0 
555 40.0 
556 20.0 
557 40.0 
558 20.0 
559 40.0 
560 40.0 
561 60.0 
562 60.0 
563 60.0 
564 40.0 
565 60.0 
566 40.0 
567 40.0 
568 60.0 
569 20.0 
570 40.0 
571 0.0 
572 40.0 
573 0.0 
574 40.0 
575 20.0 
576 40.0 
577 20.0 
578 40.0 
579 40.0 
580 40.0 
581 60.0 
582 40.0 
583 60.0 
584 60.0 
585 40.0 
586 40.0 
587 40.0 
588 60.0 
589 40.0 
590 60.0 
591 40.0 
592 40.0 
593 60.0 
594 20.0 
595 80.0 
596 20.0 
597 100.0 
598 0.0 
599 80.0 
600 20.0 
601 60.0 
602 20.0 
603 60.0 
604 40.0 
605 40.0 
606 60.0 
607 60.0 
608 60.0 
609 40.0 
610 40.0 
611 60.0 
612 60.0 
613 40.0 
614 40.0 
615 60.0 
616 40.0 
617 60.0 
618 20.0 
619 60.0 
620 20.0 
621 60.0 
622 0.0 
623 60.0 
624 0.0 
625 60.0 
626 0.0 
627 40.0 
628 20.0 
629 40.0 
630 40.0 
631 20.0 
632 40.0 
633 40.0 
634 40.0 
635 40.0 
636 60.0 
637 40.0 
638 60.0 
639 40.0 
640 40.0 
641 60.0 
642 60.0 
643 60.0 
644 80.0 
645 60.0 
646 80.0 
647 60.0 
648 80.0 
649 60.0 
650 80.0 
651 40.0 
652 60.0 
653 40.0 
654 60.0 
655 40.0 
656 60.0 
657 40.0 
658 60.0 
659 20.0 
660 60.0 
661 20.0 
662 60.0 
663 0.0 
664 60.0 
665 20.0 
666 40.0 
667 40.0 
668 40.0 
669 60.0 
670 40.0 
671 60.0 
672 40.0 
673 40.0 
674 40.0 
675 60.0 
676 40.0 
677 60.0 
678 40.0 
679 60.0 
680 40.0 
681 60.0 
682 40.0 
683 60.0 
684 20.0 
685 60.0 
686 20.0 
687 60.0 
688 40.0 
689 60.0 
690 40.0 
691 40.0 
692 40.0 
693 40.0 
694 40.0 
695 40.0 
696 40.0 
697 40.0 
698 20.0 
699 40.0 
700 20.0 
701 40.0 
702 40.0 
703 60.0 
704 40.0 
705 60.0 
706 40.0 
707 60.0 
708 60.0 
709 60.0 
710 40.0 
711 40.0 
712 40.0 
713 40.0 
714 40.0 
715 40.0 
716 40.0 
717 40.0 
718 20.0 
719 40.0 
720 20.0 
721 40.0 
722 40.0 
723 20.0 
724 40.0 
725 0.0 
726 40.0 
727 20.0 
728 40.0 
729 20.0 
730 20.0 
731 40.0 
732 20.0 
733 60.0 
734 0.0 
735 80.0 
736 0.0 
737 60.0 
738 0.0 
739 80.0 
740 0.0 
741 60.0 
742 0.0 
743 40.0 
744 0.0 
745 20.0 
746 20.0 
747 20.0 
748 20.0 
749 0.0 
750 40.0 
751 20.0 
752 40.0 
753 20.0 
754 60.0 
755 40.0 
756 80.0 
757 60.0 
758 80.0 
759 80.0 
760 60.0 
761 80.0 
762 60.0 
763 100.0 
764 60.0 
765 80.0 
766 40.0 
767 80.0 
768 20.0 
769 80.0 
770 40.0 
771 80.0 
772 40.0 
773 80.0 
774 40.0 
775 80.0 
776 60.0 
777 80.0 
778 60.0 
779 80.0 
780 60.0 
781 60.0 
782 40.0 
783 60.0 
784 60.0 
785 60.0 
786 40.0 
787 60.0 
788 40.0 
789 60.0 
790 20.0 
791 60.0 
792 20.0 
793 80.0 
794 20.0 
795 80.0 
796 20.0 
797 60.0 
798 20.0 
799 40.0 
800 40.0 
801 40.0 
802 60.0 
803 40.0 
804 40.0 
805 40.0 
806 40.0 
807 40.0 
808 40.0 
809 60.0 
810 20.0 
811 60.0 
812 0.0 
813 60.0 
814 20.0 
815 60.0 
816 20.0 
817 60.0 
818 20.0 
819 60.0 
820 40.0 
821 80.0 
822 20.0 
823 60.0 
824 20.0 
825 60.0 
826 20.0 
827 40.0 
828 20.0 
829 60.0 
830 20.0 
831 40.0 
832 40.0 
833 40.0 
834 60.0 
835 40.0 
836 60.0 
837 60.0 
838 80.0 
839 60.0 
840 60.0 
841 80.0 
842 60.0 
843 80.0 
844 60.0 
845 100.0 
846 80.0 
847 80.0 
848 60.0 
849 60.0 
850 60.0 
851 40.0 
852 40.0 
853 20.0 
854 20.0 
855 20.0 
856 0.0 
857 20.0 
858 20.0 
859 40.0 
860 40.0 
861 20.0 
862 60.0 
863 40.0 
864 60.0 
865 40.0 
866 40.0 
867 20.0 
868 40.0 
869 20.0 
870 20.0 
871 20.0 
872 0.0 
873 20.0 
874 20.0 
875 20.0 
876 20.0 
877 20.0 
878 20.0 
879 20.0 
880 20.0 
881 20.0 
882 20.0 
883 20.0 
884 20.0 
885 20.0 
886 40.0 
887 40.0 
888 40.0 
889 40.0 
890 40.0 
891 40.0 
892 60.0 
893 40.0 
894 60.0 
895 40.0 
896 40.0 
897 20.0 
898 40.0 
899 20.0 
900 40.0 
901 20.0 
902 40.0 
903 20.0 
904 20.0 
905 20.0 
906 20.0 
907 20.0 
908 20.0 
909 20.0 
910 20.0 
911 20.0 
912 20.0 
913 20.0 
914 0.0 
915 20.0 
916 20.0 
917 20.0 
918 20.0 
919 20.0 
920 40.0 
921 20.0 
922 40.0 
923 20.0 
924 60.0 
925 20.0 
926 60.0 
927 20.0 
928 40.0 
929 40.0 
930 40.0 
931 40.0 
932 20.0 
933 40.0 
934 20.0 
935 40.0 
936 20.0 
937 40.0 
938 20.0 
939 40.0 
940 0.0 
941 40.0 
942 20.0 
943 40.0 
944 20.0 
945 20.0 
946 40.0 
947 20.0 
948 40.0 
949 20.0 
950 60.0 
951 20.0 
952 40.0 
953 20.0 
954 40.0 
955 20.0 
956 40.0 
957 20.0 
958 60.0 
959 20.0 
960 40.0 
961 20.0 
962 60.0 
963 20.0 
964 80.0 
965 20.0 
966 60.0 
967 0.0 
968 40.0 
969 20.0 
970 60.0 
971 20.0 
972 60.0 
973 20.0 
974 40.0 
975 40.0 
976 60.0 
977 40.0 
978 80.0 
979 40.0 
980 60.0 
981 40.0 
982 40.0 
983 60.0 
984 40.0 
985 40.0 
986 40.0 
987 40.0 
988 40.0 
989 40.0 
990 40.0 
991 40.0 
992 40.0 
993 40.0 
994 60.0 
995 60.0 
996 40.0 
997 60.0 
998 20.0 
999 40.0 
1000 20.0 
1001 40.0 
1002 20.0 
1003 40.0 
1004 0.0 
1005 40.0 
1006 0.0 
1007 40.0 
1008 0.0 
1009 40.0 
1010 0.0 
1011 40.0 
1012 20.0 
1013 40.0 
1014 20.0 
1015 40.0 
1016 20.0 
1017 40.0 
1018 40.0 
1019 40.0 
1020 40.0 
1021 60.0 
1022 20.0 
1023 40.0 
1024 20.0 
1025 40.0 
1026 20.0 
1027 40.0 
1028 20.0 
1029 40.0 
1030 40.0 
1031 40.0 
1032 60.0 
1033 40.0 
1034 80.0 
1035 40.0 
1036 100.0 
1037 40.0 
1038 100.0 
1039 40.0 
1040 100.0 
1041 40.0 
1042 100.0 
1043 40.0 
1044 80.0 
1045 40.0 
1046 80.0 
1047 40.0 
1048 80.0 
1049 40.0 
1050 80.0 
1051 60.0 
1052 80.0 
1053 40.0 
1054 80.0 
1055 40.0 
1056 60.0 
1057 40.0 
1058 40.0 
1059 40.0 
1060 40.0 
1061 40.0 
1062 40.0 
1063 60.0 
1064 60.0 
1065 60.0 
1066 80.0 
1067 60.0 
1068 100.0 
1069 60.0 
1070 80.0 
1071 40.0 
1072 60.0 
1073 40.0 
1074 40.0 
1075 40.0 
1076 40.0 
1077 40.0 
1078 40.0 
1079 40.0 
1080 40.0 
1081 40.0 
1082 40.0 
1083 40.0 
1084 40.0 
1085 40.0 
1086 40.0 
1087 40.0 
1088 40.0 
1089 60.0 
1090 40.0 
1091 60.0 
1092 40.0 
1093 40.0 
1094 40.0 
1095 40.0 
1096 40.0 
1097 40.0 
1098 40.0 
1099 20.0 
1100 40.0 
1101 20.0 
1102 40.0 
1103 20.0 
1104 60.0 
1105 20.0 
1106 40.0 
1107 20.0 
1108 60.0 
1109 40.0 
1110 40.0 
1111 40.0 
1112 40.0 
1113 40.0 
1114 40.0 
1115 40.0 
1116 40.0 
1117 40.0 
1118 40.0 
1119 40.0 
