0 3.1351913015507744 
1 3.020946801264129 
2 3.3472742439827807 
3 3.5590575411055427 
4 3.980245786813669 
5 4.007522990978789 
6 3.516399475846349 
7 3.771209472901678 
8 4.0313427568496225 
9 3.8058680790723556 
10 4.133757828711968 
11 3.7246866375587526 
12 4.093049080041118 
13 3.650356232220739 
14 3.464056794640568 
15 3.3948016192054427 
16 2.9022020695023913 
17 2.7227684367615104 
18 3.198570977034298 
19 3.9641364608528447 
20 4.126365777825125 
21 3.397073643236633 
22 3.9237604799102694 
23 4.002187119254813 
24 3.3454082053970176 
25 4.251908774485259 
26 4.059026481143395 
27 4.349413120630353 
28 4.22825157993587 
29 3.841585258297036 
30 3.9541182876774994 
31 4.304333894110486 
32 4.0707875603533505 
33 4.302520901572133 
34 3.164575268469904 
35 3.879425775435919 
36 3.9872334727181262 
37 4.128944063158306 
38 3.9733172768274256 
39 4.063063062398747 
40 3.995217521490636 
41 3.2265021617953966 
42 4.327800846429818 
43 3.5427148684584346 
44 3.8886763489608915 
45 3.693522684436594 
46 4.6689228576051285 
47 3.8361187271211876 
48 4.502570342445177 
49 4.30371018999238 
50 3.9565074720413187 
51 4.145860094934473 
52 3.5142581463124003 
53 3.8497371540279204 
54 4.100316971664778 
55 3.9223795089212286 
56 3.7675763976585794 
57 4.095453497540954 
58 4.197780240286676 
59 4.127518494743213 
60 3.87742392558554 
61 4.093142466451205 
62 3.0873314332159785 
63 3.5986520510276265 
64 3.958809646225097 
65 4.034550814378349 
66 4.346409267870327 
67 2.6110019390252326 
68 3.4579358982900468 
69 3.63659564675421 
70 3.4504818635512153 
71 3.3970245988689123 
72 3.9442757878388344 
73 3.9282124958119313 
74 4.430208368950187 
75 4.028907171129377 
76 4.214995212291817 
77 4.920631708783166 
78 3.5104521698243505 
79 3.9764724643154183 
80 4.243336460437295 
81 3.8240729820812005 
82 3.651068410641881 
83 3.8459456784128747 
84 3.8821326903787696 
85 4.43003342558026 
86 3.9220102720641483 
87 3.228880759995412 
88 4.184124892496336 
89 4.298440184414776 
90 3.715266763718025 
91 4.162402031376819 
92 4.17027478259352 
93 4.385686032749914 
94 4.025790320440852 
95 3.5481080812499814 
96 4.37116608663825 
97 3.776111759308611 
98 4.108602507505453 
99 4.156623775556724 
100 3.502309236926849 
101 4.138647328977369 
102 4.022830213241331 
103 4.509090291890718 
104 4.272870659619022 
105 4.400437886012727 
106 3.99362430594674 
107 3.8079767118350993 
108 4.541154772238813 
109 4.145414471903123 
110 4.85 
111 4.169533513813929 
112 4.664867380908531 
113 4.559994141339459 
114 4.85 
115 3.4824324803290483 
116 4.26945180681309 
117 3.970042900373067 
118 4.263336010834941 
119 4.022659289126772 
120 4.85 
121 4.086836923619861 
122 4.94340657011866 
123 4.062961013078271 
124 4.891156127355421 
125 3.8805486318832934 
126 3.703250171367573 
127 3.5028679665979956 
128 4.85 
129 3.9010294657926994 
130 4.85 
131 3.9010294657926994 
132 4.435602600255715 
133 4.200353843514175 
134 3.542741063294372 
135 4.03415185272001 
136 4.111057953388923 
137 4.257809672752135 
138 4.034365010623914 
139 3.772044988334289 
140 3.6133679771265705 
141 3.3257666497160723 
142 4.185933983742435 
143 3.9946454838768055 
144 3.6922815296388967 
145 3.481267659785582 
146 4.143426690285101 
147 3.724343013621912 
148 3.239096404070565 
149 2.9938200390525207 
150 2.892951364010878 
151 4.303769944986489 
152 4.310041145697912 
153 3.8029370694441402 
154 2.9957081095434446 
155 2.712655769195438 
156 3.8443734477524925 
157 4.096727055659012 
158 4.1377481520209605 
159 3.842969465633746 
160 3.4077154921583825 
161 3.4400189124408063 
162 4.261056167208456 
163 3.992461137814055 
164 4.02610637609069 
165 3.340722512157844 
166 4.422330001380325 
167 4.0821837721606204 
168 4.223239146014825 
169 4.364852234766681 
170 4.124300983448462 
171 3.937118301389181 
172 3.2332476688316976 
173 3.7551020853845585 
174 3.47918598817493 
175 3.0419567046975846 
176 3.9960320623063286 
177 3.6234961380573014 
178 3.9179406652050313 
179 3.223722051841462 
180 3.5465017439122386 
181 3.662398435903009 
182 4.4017493795677645 
183 3.7969677781849267 
184 4.297031080498354 
185 4.1100055045825865 
186 3.778338202721315 
187 3.778338202721315 
188 3.778338202721315 
189 3.780652933640427 
190 3.935250410260453 
191 3.3301169449957984 
192 3.3496622563745038 
193 3.0090932960511423 
194 4.091700699707905 
195 4.118175138600524 
196 4.247378234688247 
197 3.594207867927525 
198 4.38513978317525 
199 3.235048154308123 
200 4.3029361829877235 
201 4.182822766469989 
202 3.609413848540767 
203 4.006618033451221 
204 3.1146987148200473 
205 3.065168743040979 
206 4.380686433989022 
207 4.19820385581751 
208 3.2036889088933798 
209 3.510033341834337 
210 2.9780531427382537 
211 2.7484561167708192 
212 4.211309134803928 
213 3.854618679995941 
214 3.5984666616508103 
215 3.285406144765928 
216 4.0954432213558185 
217 3.744795985813333 
218 4.057124120724016 
219 3.246170159533702 
220 4.43910694708676 
221 4.02002599095074 
222 3.974522852102426 
223 4.053805167531749 
224 3.5830030120764174 
225 3.719961844555916 
226 3.8212016354665477 
227 3.3799926243136422 
228 3.4433404297627277 
229 3.6902170429010046 
230 4.133256441894858 
231 3.8857645271774737 
232 4.356551011789849 
233 3.775786840216267 
234 4.196055382816308 
235 3.7459627492923238 
236 4.551540035593894 
237 3.6145115274976716 
238 4.226174260023856 
239 3.5457435690096823 
240 4.314445741191394 
241 3.5667892688204605 
242 4.1230865996071 
243 3.751810651272714 
244 3.698159808100062 
245 3.898834095851776 
246 3.825809074551276 
247 2.8196304187565007 
248 3.894984442701692 
249 3.4158976905147087 
250 3.8028806297864333 
251 3.9731932140207626 
252 3.1883375119823163 
253 3.7593076552100584 
254 3.8106572405095807 
255 3.691754903302918 
256 3.5790819109603067 
257 3.8402723826454657 
258 3.62033931769592 
259 3.785492067350633 
260 4.280983316779725 
261 3.447727415301747 
262 3.7144869459384346 
263 3.621479952765208 
264 4.038395303012975 
265 3.7974208963166136 
266 4.132659734829432 
267 3.586363750372484 
268 3.554355764499818 
269 4.16584486442617 
270 3.5448619324151434 
271 4.1012219313147815 
272 4.164718589693642 
273 3.8515588855189784 
274 3.589952777792625 
275 3.4946467107546972 
276 3.723694700902045 
277 2.963376265543487 
278 3.507468285658927 
279 3.7990009721430327 
280 3.925676519533577 
281 4.080519769891759 
282 3.555783458110531 
283 3.872070727066181 
284 3.9856458545354276 
285 3.6735206690209257 
286 4.476273247016511 
287 3.2183063700421926 
288 3.6809160867567043 
289 3.400083738458757 
290 4.124129627976348 
291 3.678288835032285 
292 4.202202859355906 
293 3.7547827310471007 
294 4.141044277630344 
295 3.579132043938518 
296 4.016344214688916 
297 3.388375989956266 
298 3.908028619684654 
299 3.930720127727593 
300 4.0516894088466175 
301 3.637206844885317 
302 3.2515171747915432 
303 4.028267217164949 
304 4.070815914703698 
305 3.992143953578217 
306 3.780435464227986 
307 2.9510148974940877 
308 3.9417185989437233 
309 3.711614231365312 
310 4.296253127566961 
311 3.4615342763492882 
312 4.07993398753478 
313 3.7037582584847084 
314 3.776677513871064 
315 3.5572179448512697 
316 4.004213956750461 
317 3.2819227015855663 
318 4.1142635991904575 
319 3.6079208571132133 
320 3.6183250454364706 
321 3.468265168013125 
322 4.128926630022408 
323 3.358876939758165 
324 4.225626687495154 
325 2.305614857774425 
326 4.379929062600803 
327 3.457044507149208 
328 3.3208494021310777 
329 3.2661505855137363 
330 3.7385686435621226 
331 3.822215012383937 
332 4.026100542356755 
333 4.100592095580681 
334 4.176744994928761 
335 2.828782148717798 
336 3.4941015196360747 
337 3.5242308697722535 
338 3.880244207259464 
339 3.8221059657447207 
340 3.45688890538813 
341 3.669205466883642 
342 2.9066183356289015 
343 3.395777231503737 
344 3.7524707753717754 
345 3.529824170670848 
346 3.213980039581733 
347 3.4004553734589584 
348 3.4621679252757245 
349 3.6709692107672978 
350 3.3577999188309247 
351 3.44227992887493 
352 3.6764702967248937 
353 2.9236642361930434 
354 3.009927402700857 
355 3.256758179134053 
356 2.8390911544549313 
357 3.847941384550879 
358 3.463512068940455 
359 3.539753218639924 
360 3.8640212535617904 
361 3.8040540185631877 
362 3.7157723649545256 
363 3.6514175308686028 
364 3.6410002623995497 
365 3.7549148271266577 
366 3.161188288029874 
367 4.3730375432891515 
368 3.8207360737660756 
369 3.813511310108358 
370 3.4282483946999984 
371 4.402738095388311 
372 3.810132880494538 
373 4.439797605219119 
374 3.981753323978753 
375 4.277125803334093 
376 3.4902961674577826 
377 4.85 
378 3.360346277699901 
379 4.680873865749663 
380 2.853165316391313 
381 2.8935430638650965 
382 2.9213805377878943 
383 3.2876999489250003 
384 3.7018021970026425 
385 3.4222153058031126 
386 2.983878483062984 
387 3.8440770669327486 
388 4.163117971592824 
389 4.146983579965088 
390 4.052957275607908 
391 4.442312320257693 
392 3.7607234493149604 
393 3.708817923680587 
394 3.4289218242115544 
395 4.104297483730398 
396 3.5593009181100763 
397 4.104297483730398 
398 3.5593009181100763 
399 2.5141914316937815 
400 3.778139431700604 
401 3.7258854069601224 
402 3.3026714456067934 
403 2.7750745314891416 
404 3.2601040152641954 
405 2.7550074823049044 
406 4.1677425654130715 
407 3.293051207216098 
408 3.3624901526513375 
409 4.084958437820338 
410 3.288853226034414 
411 3.805081957498964 
412 4.019493755006916 
413 3.8154651339094916 
414 3.5389653685074385 
415 3.7657336826899455 
416 3.0104991464987334 
417 4.13705874295208 
418 3.7607079080753287 
419 4.185947756879578 
420 3.923217208799239 
421 3.557267932351369 
422 3.7461344260966296 
423 3.4817601511218284 
424 3.442114050073602 
425 3.3757798596430586 
426 3.224146132840668 
427 3.9014001278387234 
428 3.670203775205361 
429 3.7455952098875454 
430 3.585667394087209 
431 3.572481613709926 
432 3.7006298761724334 
433 3.724295902208049 
434 3.9404620792788863 
435 3.9041058027228184 
