0 0 
1 0 
2 3 
3 0 
4 3 
5 0 
6 3 
7 0 
8 3 
9 0 
10 3 
11 0 
12 3 
13 0 
14 3 
15 0 
16 3 
17 0 
18 3 
19 0 
20 3 
21 1 
22 3 
23 1 
24 2 
25 1 
26 2 
27 1 
28 2 
29 1 
30 2 
31 1 
32 2 
33 1 
34 2 
35 1 
36 1 
37 1 
38 1 
39 1 
40 1 
41 1 
42 1 
43 1 
44 1 
45 1 
46 1 
47 1 
48 1 
49 1 
50 1 
51 1 
52 1 
53 1 
54 1 
55 1 
56 1 
57 1 
58 1 
59 1 
60 1 
61 1 
62 1 
63 1 
64 1 
65 1 
66 1 
67 1 
68 1 
69 2 
70 1 
71 1 
72 1 
73 2 
74 1 
75 1 
76 1 
77 1 
78 1 
79 0 
80 1 
81 0 
82 1 
83 0 
84 1 
85 0 
86 1 
87 0 
88 1 
89 0 
90 1 
91 0 
92 1 
93 0 
94 1 
95 1 
96 1 
97 1 
98 1 
99 3 
100 1 
101 3 
102 1 
103 1 
104 1 
105 3 
106 1 
107 3 
108 1 
109 3 
110 1 
111 3 
112 1 
113 3 
114 1 
115 3 
116 1 
117 3 
118 1 
119 3 
120 1 
121 3 
122 1 
123 3 
124 1 
125 3 
126 1 
127 3 
128 1 
129 3 
130 1 
131 3 
132 1 
133 3 
134 1 
135 3 
136 1 
137 3 
138 1 
139 3 
140 1 
141 3 
142 1 
143 3 
144 1 
145 3 
146 1 
147 3 
148 1 
149 3 
150 1 
151 3 
152 1 
153 3 
154 1 
155 3 
156 1 
157 3 
158 1 
159 1 
160 1 
161 1 
162 1 
163 3 
164 1 
165 1 
166 1 
167 2 
168 1 
169 2 
170 1 
171 2 
172 1 
173 2 
174 1 
175 1 
176 1 
177 2 
178 1 
179 2 
180 1 
181 2 
182 1 
183 2 
184 1 
185 2 
186 1 
187 2 
188 1 
189 2 
190 1 
191 2 
192 1 
193 2 
194 1 
195 2 
196 1 
197 2 
198 1 
199 2 
200 1 
201 2 
202 1 
203 2 
204 1 
205 2 
206 1 
207 1 
208 1 
209 2 
210 1 
211 2 
212 1 
213 2 
214 1 
215 2 
216 1 
217 2 
218 1 
219 2 
220 1 
221 2 
222 1 
223 2 
224 1 
225 2 
226 1 
227 2 
228 1 
229 2 
230 1 
231 2 
232 1 
233 2 
234 1 
235 2 
236 1 
237 2 
238 1 
239 2 
240 1 
241 2 
242 1 
243 2 
244 1 
245 2 
246 1 
247 2 
248 1 
249 2 
250 1 
251 2 
252 1 
253 2 
254 1 
255 2 
256 1 
257 2 
258 1 
259 2 
260 1 
261 2 
262 1 
263 2 
264 1 
265 2 
266 1 
267 2 
268 1 
269 2 
270 1 
271 2 
272 1 
273 2 
274 1 
275 2 
276 1 
277 2 
278 1 
279 2 
280 1 
281 2 
282 1 
283 2 
284 1 
285 2 
286 1 
287 2 
288 1 
289 2 
290 1 
291 2 
292 1 
293 2 
294 1 
295 2 
296 1 
297 2 
298 1 
299 1 
300 1 
301 2 
302 1 
303 2 
304 1 
305 2 
306 1 
307 2 
308 1 
309 2 
310 1 
311 2 
312 1 
313 2 
314 1 
315 2 
316 1 
317 2 
318 1 
319 2 
320 1 
321 2 
322 1 
323 1 
324 1 
325 2 
326 1 
327 2 
328 1 
329 2 
330 1 
331 2 
332 1 
333 2 
334 1 
335 2 
336 1 
337 2 
338 1 
339 2 
340 1 
341 2 
342 1 
343 2 
344 1 
345 2 
346 1 
347 2 
348 1 
349 2 
350 1 
351 2 
352 1 
353 2 
354 1 
355 2 
356 1 
357 2 
358 1 
359 2 
360 1 
361 1 
362 1 
363 2 
364 1 
365 1 
366 1 
367 1 
368 1 
369 1 
370 1 
371 1 
372 1 
373 2 
374 1 
375 2 
376 1 
377 2 
378 1 
379 1 
380 1 
381 1 
382 1 
383 1 
384 1 
385 1 
386 1 
387 1 
388 1 
389 1 
390 1 
391 1 
392 1 
393 1 
394 1 
395 1 
396 1 
397 1 
398 1 
399 1 
400 1 
401 1 
402 1 
403 2 
404 1 
405 2 
406 1 
407 2 
408 1 
409 2 
410 1 
411 2 
412 1 
413 2 
414 1 
415 1 
416 1 
417 2 
418 1 
419 1 
420 1 
421 2 
422 1 
423 1 
424 1 
425 1 
426 1 
427 1 
428 1 
429 1 
430 1 
431 1 
432 1 
433 1 
434 1 
435 1 
436 1 
437 1 
438 1 
439 1 
440 1 
441 1 
442 1 
443 1 
444 1 
445 1 
