0 18.98011455800072 
1 10.4911967523619 
2 22.0403847350486 
3 10.8693745632732 
4 21.6029997937978 
5 10.0798088031598 
6 23.7292118260714 
7 12.0865702307546 
8 10.2848457135573 
9 0.8132841302188534 
10 0.6839264319072866 
11 0.7585101523690334 
12 0.6526936716177013 
13 0.7772237090110601 
14 0.5281286437233993 
15 0.7033421781126934 
16 0.46837373416759664 
17 0.5905385169140034 
18 0.5788578197663033 
19 0.6629595406418554 
20 0.6612741447276894 
21 0.72467682526438 
22 0.8243443046971933 
23 0.8199078647241933 
24 0.7915437001789133 
25 0.7343948746070132 
26 0.8815953744596801 
27 0.8387535184007268 
28 0.8398262742286734 
29 0.7705009040817801 
30 0.6837826378406067 
31 0.7142641320606801 
32 0.592089263742388 
33 0.7126061851502733 
34 0.663789974385528 
35 0.8258967808932066 
36 0.67177898952948 
37 0.8139426529925999 
38 0.642099378777482 
39 0.89491799106748 
40 7.9828308076665 
41 0.8156876057884734 
42 8.61526051277481 
43 0.7838145518449934 
44 8.55873393145499 
45 0.6721256118701734 
46 7.4089618176294 
47 0.6305636607395794 
48 8.55672912615946 
49 9.63515806205301 
50 11.4269527721487 
51 11.1783171735114 
52 13.6339711320306 
53 13.244007328561 
54 15.0764293796349 
55 14.5949063825828 
56 15.9924568844329 
57 16.0332876746774 
58 14.9305790513381 
59 16.1299097371466 
60 13.5189701741583 
61 15.1075801488586 
62 12.4917806185247 
63 15.0603511283163 
64 12.1120664427403 
65 14.038479899611 
66 12.0765757894025 
67 13.2751661673989 
68 11.4370168616916 
69 11.6293595390643 
70 9.48178542566839 
71 10.9115466575435 
72 8.42051520188824 
73 9.09774444936079 
74 7.69744308300664 
75 9.14178158220127 
76 6.09783235176222 
77 6.90402704586034 
78 7.43442396015472 
79 8.81449712264768 
80 9.24390595963903 
81 9.68374666375349 
82 10.8350063095125 
83 12.0867642471693 
84 11.1190406226604 
85 12.3076005280095 
86 11.2081990115876 
87 13.4136810290047 
88 12.0094842011747 
89 13.5337962747996 
90 10.8186640472865 
91 13.2136026643908 
92 11.0242196151081 
93 12.3085172691065 
94 11.2395872942523 
95 11.6126440111485 
96 13.6084146089371 
97 12.5535442969876 
98 12.9831802681756 
99 11.902986850929 
100 13.5114361516492 
101 11.2189872423021 
102 15.0103752267685 
103 12.337183981651 
104 13.0796615880781 
105 11.7800752375916 
106 13.4281628414225 
107 16.4528817763537 
108 12.7356182575577 
109 15.7169870846404 
110 13.3046182857554 
111 16.9686771435263 
112 15.1568043630834 
113 17.9154335661698 
114 13.455470604402 
115 15.4776340242145 
116 12.6386581095845 
117 15.4854944087131 
118 13.5678200510208 
119 16.3561042413409 
120 11.9093785937385 
121 15.6361836321072 
122 10.9855862699579 
123 14.9048178042602 
124 9.44106924032838 
125 13.3300469149374 
126 8.21096359052693 
127 10.5720228617697 
128 7.85445522492165 
129 10.945808605241 
130 8.32973993082631 
131 12.2622864985666 
132 9.60068693007109 
133 13.4739407085877 
134 10.2311839508414 
135 15.0709159500019 
136 11.3214481690135 
137 15.3688191167546 
138 12.2923566814124 
139 13.8028842503606 
140 13.7319793075378 
141 13.8072168196561 
142 13.739744127279 
143 13.5211248930788 
144 13.3929190530091 
145 11.1567521626906 
146 13.5255813178536 
147 10.7788964459563 
148 11.3357064724894 
149 11.4504933692699 
150 11.484808639237 
151 11.6518519624432 
152 11.6193126580177 
153 11.9301129800679 
154 12.3173070154545 
155 15.0791979031165 
156 11.486243785465 
157 14.490151571081 
158 13.3848079627145 
159 14.5576284036562 
160 11.8045890947819 
161 12.8738195570125 
162 11.6439121046704 
163 12.9927173136065 
164 11.5853383848618 
165 12.5000186959764 
166 12.6043126861798 
167 12.868499356267 
168 10.7221826712144 
169 12.1986158538666 
170 10.5364822296043 
171 12.2449403623292 
172 10.3718835241902 
173 11.8141064230054 
174 9.86109323681423 
175 10.0838823296801 
176 10.1508518998 
177 10.5865900186444 
178 12.6706396809437 
179 11.6188749263503 
180 14.0764891650886 
181 12.5938506001703 
182 14.1307958132179 
183 12.0962851272053 
184 14.8905013647706 
185 12.6912953011753 
186 15.0675621279792 
187 12.8172506643226 
188 12.8223234484281 
189 11.6380444513234 
190 12.2480710991571 
191 11.345229756823 
192 13.2282020450835 
193 11.0671900113981 
194 13.6865075577272 
195 9.80235194894534 
196 14.659303491184 
197 9.0384202175998 
198 16.759274851122 
199 10.2622020672959 
200 17.5352787913042 
201 10.823711706414 
202 16.2003897299745 
203 11.6438196382099 
204 14.9061567194356 
205 11.8397114624343 
206 14.3792378981306 
207 12.843390662807 
208 12.0783585586663 
209 12.8745336543004 
210 10.7442137390186 
211 11.4355962385213 
212 9.37279241565279 
213 10.5290609659557 
214 8.59701389430758 
215 9.78281826912323 
216 7.88194636617037 
217 9.39535921118789 
218 8.28470784900851 
219 8.30922723682925 
220 9.29404635359991 
221 9.30832843940142 
222 9.83326985080092 
223 9.92039423447207 
224 11.0435750345332 
225 11.1410354732854 
226 11.6474566759276 
227 11.4283795548164 
228 11.3565566520328 
229 12.4139662096559 
230 10.1626823107413 
231 11.3729692271823 
232 9.34099133939129 
233 10.6275476568458 
234 8.62701506610266 
235 14.851240503092 
236 9.15517320042864 
237 14.0266240683222 
238 10.065640920505 
239 12.3537544745925 
240 10.8402546286741 
241 12.4659976022483 
242 12.0377782046 
243 15.168460375696 
244 10.3202822684938 
245 14.9563381619442 
246 11.548179700635 
247 10.684449460091 
248 10.7096506652822 
249 11.9311240407954 
250 9.28231709347773 
251 10.7415557094701 
252 8.56948906047731 
253 8.47214694468055 
254 8.11858268299141 
255 8.86404043901687 
256 6.7994575188784 
257 8.48580823431684 
258 6.85307968473015 
259 7.38424451137559 
260 8.5719556579718 
261 7.99218306131495 
262 8.74974415473952 
263 9.29790600281006 
264 9.39214049767038 
265 11.0570512420171 
266 11.4528888121764 
267 10.6777867203564 
268 12.8509467259001 
269 12.2003115902654 
270 12.8510647874881 
271 10.7459690136946 
272 11.2626584842043 
273 12.9695248839341 
274 10.8713118973623 
275 14.7236554011949 
276 11.2435978103259 
277 16.9463579959789 
278 11.6134396320172 
279 17.4864009272712 
280 12.9547830158372 
281 18.675970604883 
282 12.7481143515725 
283 16.0516347718736 
284 14.4667761854021 
285 12.6183655157208 
286 13.0267595612362 
287 11.9645131352116 
288 11.3804194893718 
289 10.0647535893483 
290 11.6173520260557 
291 10.5184527143927 
292 11.3201683376666 
293 10.1667006362791 
294 9.9778560466893 
295 9.84205101754893 
296 11.0757137487654 
297 11.7913340461896 
298 11.55614822056 
299 13.31085391925 
300 12.1158505636047 
301 13.6548218754361 
302 10.9683679304983 
303 10.6811854937722 
304 11.4107044822819 
305 10.9772763705722 
306 11.8353197801191 
307 10.3153258860478 
308 11.5852254613094 
309 10.2688049728721 
310 10.6726365998988 
311 9.62118450191509 
312 8.91035910941857 
313 8.69743476725068 
314 8.17304208176484 
315 8.47432792721186 
316 7.9250376628665 
317 9.15865702892946 
318 7.62612059482209 
319 7.88863033791808 
320 8.64842244583949 
321 9.89811019300511 
322 10.2432270296749 
323 12.6148432165627 
324 11.3029801301157 
325 12.8080684772538 
326 13.0070621867413 
327 13.4435664329267 
328 12.6551687112081 
329 12.9690325486195 
330 13.3208504799433 
331 12.716120499688 
332 11.897793997957 
333 11.8640849752242 
334 10.5528674376061 
335 10.3023305383826 
336 10.2351932212116 
337 10.4271030946467 
338 9.92347711685797 
339 10.2351495292513 
340 8.61077250954737 
341 9.1673185506512 
342 8.61469230251316 
343 8.61483409706352 
344 8.77499724238466 
345 8.90980860767628 
346 7.17086595584942 
347 7.25468829644753 
348 7.6323192395364 
349 9.07876906289114 
350 7.630195966641 
351 9.39986803031717 
352 7.76703882362931 
353 11.8286415543936 
354 8.70082874653944 
355 12.7886427743167 
356 11.829657974307 
357 15.2458356045784 
358 13.3782767653393 
359 15.9183800408196 
360 14.9033205272346 
361 14.6269304409254 
362 15.3911770317606 
363 15.0685563492703 
364 16.2823317642834 
365 14.2189777769332 
366 14.0268717477465 
367 12.4830195747251 
368 13.8598527038475 
369 12.7721864164684 
370 13.3908351681763 
371 12.0494617447456 
372 12.2139013086378 
373 11.5646915813307 
374 11.5110205319346 
375 12.9042783233031 
376 12.0382616431565 
377 12.866625787173 
378 11.4668814373013 
379 12.8982704272399 
380 10.1642669350563 
381 12.7790673073461 
382 11.134711350847 
383 14.8487654106726 
384 10.2110918739489 
385 14.5610864410298 
386 10.0203701958237 
387 14.4058979035807 
388 9.76099365431284 
389 13.904121835094 
390 8.65220112302697 
391 13.7051070712749 
392 10.4790910313179 
393 13.8410062475735 
394 10.8325067118637 
395 13.4542758792169 
396 11.8104440591411 
397 14.8425105767189 
398 11.8533549572527 
399 14.8462875152869 
400 12.4019697291926 
401 13.2598709281351 
402 11.0967656926845 
403 14.0328114599909 
404 10.1779450964849 
405 13.8295356491859 
406 10.7249934712804 
407 13.1868917256578 
408 9.82959259714188 
409 11.6047225082175 
410 11.0578761426365 
411 9.57196758637332 
412 11.6967366613466 
413 9.61740545595989 
414 12.6226665430979 
415 10.2801758649515 
416 11.7405234522697 
417 12.1221144864135 
418 12.6490396563617 
419 13.3036390816065 
420 11.8327412690836 
421 13.8871484246015 
422 10.7961833012081 
423 13.0952391997067 
424 10.1175778080089 
425 12.6852176346478 
426 9.14895595087747 
427 9.86767363802044 
428 10.0949374211245 
429 9.42553667764514 
430 10.8747855768034 
431 10.2096930013988 
432 12.4228403357498 
433 10.0882984931166 
434 12.3587567693507 
435 10.4045978736679 
436 14.5396589239412 
437 12.242048855315 
438 13.324465350077 
439 12.1415314714708 
440 12.4123421854429 
441 13.3831300193422 
442 12.4229295331895 
443 13.8894241288136 
444 16.6755640533659 
445 14.5198425846431 
446 17.6069130560278 
447 14.8454439603363 
448 17.0498367147751 
449 13.5451204023697 
450 17.4647604328787 
451 11.9991809148411 
452 12.8893531084873 
453 10.5739059728136 
454 10.8192208451026 
455 8.49926458678938 
456 8.63376452964793 
457 6.81783389193392 
458 10.8600755299007 
459 8.07316644324284 
460 12.5561609978203 
461 9.87539539908427 
462 0.7412556799683734 
463 10.6466943254921 
464 0.8377661266961134 
465 13.3825587410772 
466 0.8201341355507333 
467 12.8517855985022 
468 0.8451520149966 
469 14.1184856873274 
470 0.9437422738253133 
471 13.1762860114366 
472 0.8790740588448334 
473 12.6124789750351 
474 0.7875450470275067 
475 10.0225691661775 
476 0.8993784211874666 
477 11.6515396334798 
478 0.7812421210545334 
479 9.99293460102353 
480 0.6667508554470333 
481 9.76568964093261 
482 0.6958818760495666 
483 9.78845977025511 
484 0.6308357689951987 
485 8.35466098923263 
486 0.5058870282394446 
487 6.30638471738011 
488 0.5983850511212839 
489 6.80873990068291 
490 0.616319630670576 
491 7.07668994471923 
492 0.6091653735353894 
493 7.43136934374929 
494 0.72999094343708 
495 9.09269060590417 
496 0.77173471979652 
497 9.45894255955009 
498 0.645807812149842 
499 8.67426572164481 
500 0.8682943576160267 
501 10.0723641828628 
502 0.7861094599908534 
503 9.3583431272694 
504 0.80961485364236 
505 9.65507024345984 
506 0.8485171672475933 
507 11.0075685220364 
508 0.9114087251251733 
509 12.4643740046754 
510 0.9195051414546334 
511 10.8270515154538 
512 0.9478660765598934 
513 10.6956850660428 
514 1.0129759517511 
515 10.7892303524712 
516 1.0023890074546933 
517 10.5135732444957 
518 0.9759426600145533 
519 9.42727842040314 
520 0.91679858018098 
521 11.3419240915858 
522 0.8846166205931667 
523 11.386685765779 
524 0.9234318520664601 
525 13.3345846653592 
526 0.8912026346098467 
527 12.5813771113177 
528 0.8865563655933466 
529 13.7845014794841 
530 0.9294108152885133 
531 14.094115547646 
532 0.9114588598829934 
533 13.5662270959749 
534 0.7366043646695466 
535 12.1312647270215 
536 0.7108861089876732 
537 12.1223319038125 
538 0.6469462090090867 
539 10.573533331606 
540 0.566814902549022 
541 9.6338734107326 
542 0.5999742718853213 
543 8.83635771702393 
544 0.47735664328873667 
545 7.2127422622479 
546 0.5258030293228734 
547 7.85262811223178 
548 0.7813606470244401 
549 9.59111544253691 
550 0.9023756732779267 
551 13.0708807917769 
552 1.0255199894772467 
553 14.3233650389751 
554 1.10808940839944 
555 15.8569457095665 
556 1.0794362417579066 
557 17.9125446740395 
558 0.8750952125850601 
559 16.2767358915638 
560 0.8772921900866533 
561 16.2972668888041 
562 0.7821381365750266 
563 13.411086004393 
564 0.83467996840822 
565 12.8599161122582 
566 0.8862469728736067 
567 10.8113379111446 
568 0.9372617252565667 
569 13.1856275062281 
570 0.8826975900713933 
571 12.6414514456681 
572 1.0032748882134332 
573 13.6773340055957 
574 0.8798098601332 
575 12.6728448127901 
576 0.8697044499472733 
577 12.6860821458085 
578 0.86297574521238 
579 12.1408653893711 
580 0.8342316702733933 
581 13.5143669338835 
582 0.7335788552756799 
583 12.1157081514732 
584 0.7851845966695666 
585 12.0760336179292 
586 0.7516228549506867 
587 11.8612739583711 
588 0.7555970912333733 
589 11.2803746940929 
590 11.859933056041 
591 12.0879530024538 
592 11.9368527717755 
593 11.1117387990067 
594 11.646846588322 
595 12.1677339461441 
596 11.5248430161075 
597 12.5191031874413 
598 11.6006804873745 
599 13.3437314102389 
600 12.3502312631116 
601 13.6490703490021 
602 12.9180768653892 
603 13.4973495045346 
604 13.7563626496565 
605 13.6763774024349 
606 14.9499978533448 
607 15.2952054040889 
608 15.7256201618213 
609 13.7764827930477 
610 14.4968742678555 
611 12.156221441895 
612 12.156221441895 
613 13.0529985046143 
614 11.4487462194941 
615 12.8203439892348 
616 10.4452116848459 
617 11.2646098309998 
618 8.09260315842675 
619 10.2582067459021 
620 10.4332559843873 
621 9.02406794347849 
622 10.0714725926294 
623 9.39700584012884 
624 9.94066203076292 
625 9.45063245760808 
626 9.75056136172288 
627 9.38753861418906 
628 11.3275475796655 
629 11.912664310328 
630 8.98689475370501 
631 13.1468031127516 
632 10.5774240394287 
633 13.4973495045346 
634 11.415709823696 
635 13.6763774024349 
636 12.6093450273842 
637 15.2952054040889 
638 13.3849673358607 
639 13.7764827930477 
640 12.156221441895 
641 13.0529985046143 
642 11.9429553432635 
643 11.8188597021907 
644 11.2354801208626 
645 11.5862051868113 
646 10.2319455862143 
647 10.0304710285762 
648 7.87933705979521 
649 9.02406794347849 
650 7.86576542118308 
651 8.62610291094012 
652 7.50398202942515 
653 8.99904080759047 
654 6.84316516907525 
655 7.71363848933848 
656 6.7413614501941 
657 6.92160000717637 
658 8.10015965949411 
659 8.21518960840032 
660 7.99127659648125 
661 7.34294442094478 
662 10.0441053883926 
663 7.63180136826505 
664 10.5842403374157 
665 7.98932180946915 
666 11.4592062998234 
667 9.25659869009682 
668 11.1721518552964 
669 8.64165259711723 
670 12.2341373755968 
671 9.63331987837971 
672 12.143855514003 
673 11.4822830332202 
674 12.3564939189826 
675 11.4016244950345 
676 10.9840002379857 
677 9.72916482322337 
678 12.630154194319 
679 10.694556570015 
680 12.5441840413657 
681 10.8215608562677 
682 12.5441840413657 
683 10.7132057695065 
684 14.2882760388641 
685 12.226760127047 
686 14.5759780805356 
687 12.5273367654102 
688 12.4865758435902 
689 11.2030497522748 
690 12.5476557099414 
691 11.2030497522748 
692 11.7960319273042 
693 11.2030497522748 
694 11.7960319273042 
695 11.2030497522748 
696 11.7960319273042 
697 11.2030497522748 
698 11.7960319273042 
699 11.2030497522748 
700 11.7960319273042 
701 10.3741322756336 
702 12.065823032449 
703 8.79872994859432 
704 11.5855671441825 
705 9.64494427597539 
706 11.7109661322119 
707 11.4572695984424 
708 14.8395705604789 
709 12.4529082897648 
710 14.1538761759357 
711 12.435421541881 
712 12.8981490879918 
713 14.0422198899708 
714 10.6716335581466 
715 11.806111302788 
716 11.1524599778978 
717 10.0065295311034 
718 9.06130295050109 
719 10.3348276561224 
720 9.16713174679497 
721 10.5150650321336 
722 8.81435629126436 
723 9.38112862732692 
724 9.6018529735482 
725 9.25795973243661 
726 9.5911363509466 
727 10.6170393890562 
728 8.30956888508781 
729 8.97765845749961 
730 8.1192174726035 
731 8.9510024132088 
732 8.02520870941882 
733 9.20479918621902 
734 8.83021087677909 
735 8.70272699731856 
736 7.77806347096514 
737 6.95430327543295 
738 8.75379317237972 
739 9.48681606340333 
740 9.16231856050216 
741 10.7107448041029 
742 10.36763477877 
743 11.4210478140005 
744 10.725767468588 
745 12.5413521377075 
746 12.6083197525107 
747 14.1390260231231 
748 11.9362076958254 
749 12.1067177292289 
750 10.5999221028931 
751 11.5191132608053 
752 9.87169380353893 
753 10.9602850804133 
754 9.00188114634765 
755 11.6129649404463 
756 9.7322423222444 
757 9.85878187923514 
758 9.55366741280647 
759 9.99453691247272 
760 9.2567272937811 
761 9.70237492247157 
762 9.95519982584132 
763 9.43094014504355 
764 9.88612737600154 
765 7.18529175834674 
766 7.82338714225425 
767 7.4844718698031 
768 9.46162961423852 
769 8.23834414856406 
770 8.94366050244913 
771 8.37442124435497 
772 9.89485908158144 
773 8.11627088851986 
774 11.2376712519063 
775 9.16664472916601 
776 11.2394374394278 
777 9.84673516720371 
778 10.401224024752 
779 9.27254345667626 
780 11.3981482698719 
781 10.2997076214843 
782 12.8295058431994 
783 10.8761935171277 
784 11.4910749474528 
785 12.1961823996171 
786 13.0325380287728 
787 13.2741033877572 
788 13.3211424599269 
789 14.3333935783338 
790 11.9055448583091 
791 15.452976768916 
792 11.2879040770754 
793 14.670565401878 
794 11.7472742951503 
795 12.7285038684992 
796 11.188170459303 
797 11.4483880451212 
798 10.8170455867166 
799 10.8502579942003 
800 10.9603662936145 
801 11.5151118173748 
802 11.2698319969755 
803 10.6039362456246 
804 10.9320112082814 
805 11.8702744197528 
806 10.3539835568895 
807 11.5662440405893 
808 9.36631368193504 
809 10.7905371406206 
810 8.44824552714277 
811 11.3287114195783 
812 9.33666074300308 
813 9.49318736506563 
814 9.25252600664691 
815 8.454218381756 
816 9.52932873277217 
817 9.30311848365101 
818 10.7227862816397 
819 9.43730641486091 
820 9.16977203370192 
821 9.99972179170341 
822 10.0255679485294 
823 10.0362963855138 
824 10.5482979333934 
825 9.77410662148878 
826 10.3469185297956 
827 9.6086589059606 
828 9.62435136096832 
829 10.0555627119935 
830 12.1586846229583 
831 10.0944238140867 
832 13.0677701529341 
833 10.3574987642365 
834 14.0737257686301 
835 11.1669698284146 
836 13.2874097958385 
837 10.7673018355955 
838 15.2009697270698 
839 11.2984005409485 
840 13.6530558873496 
841 12.5941664248931 
842 12.6375036117903 
843 12.7077015908391 
844 13.3922581886594 
845 12.7913377235355 
846 15.7162065824828 
847 13.8093270391114 
848 14.7336409659278 
849 12.3682361284085 
850 15.4351536591151 
851 10.7924611697618 
852 15.7839726250869 
853 13.0789752661604 
854 13.8964569507088 
855 12.5056679671793 
856 13.3854538107704 
857 12.5882580107127 
858 12.4712884738896 
859 12.9644935488322 
860 10.6074053346784 
861 12.8083111653777 
862 10.5999464336992 
863 11.3346001151944 
864 12.095252808503 
865 12.2392845885765 
866 10.5714388808886 
867 11.2103874286762 
868 11.2421110011971 
869 11.6310008443878 
870 11.4197689482918 
871 11.6049827546168 
872 10.7455700675306 
873 10.7681984165197 
874 12.3033429176079 
875 10.8833725987318 
876 12.9430381495884 
877 12.6543744205212 
878 14.8534107607822 
879 12.627604384923 
880 16.1741245742021 
881 12.0912035586807 
882 16.8508657082801 
883 12.4760547590932 
884 14.0112655517612 
885 13.155041016159 
886 14.8876075747364 
887 13.4010826205532 
888 13.159134472246 
889 14.4912374079551 
890 14.956497279999 
891 14.5636006816776 
892 15.0692050969353 
893 13.7209521096993 
894 14.5299608231991 
895 11.5804407913753 
896 13.1833163122217 
897 10.8105924598485 
898 14.0415891544024 
899 10.6072435061548 
900 15.4810970323765 
901 12.7164808069597 
902 15.2293517440451 
903 13.5280270158227 
904 16.6833745381316 
905 14.19966960629 
906 16.1311023444842 
907 12.434363165876 
908 14.2947627846537 
909 11.9611588280093 
910 10.2487293981922 
911 11.3985676382612 
912 9.9570390941726 
913 10.8508915644172 
914 10.63224415501 
915 11.6752279302065 
916 11.5083440741336 
917 12.3270379832894 
918 13.0346871718904 
919 12.724265861613 
920 13.4119855891238 
921 11.599397917507 
922 13.8166148450918 
923 11.6968619345167 
924 13.2515223035543 
925 12.2849242151308 
926 12.7531409241372 
927 12.9314854298666 
928 11.4165234607735 
929 13.3450359064614 
930 9.68890170264657 
931 12.3963824799579 
932 9.51226312322119 
933 12.639042113952 
934 9.1035682939798 
935 11.5651367704378 
936 10.1687359324055 
937 10.4211004744092 
938 11.5449980883814 
939 9.58711571442735 
940 12.1487955506465 
941 9.64786271971562 
942 11.2653951184613 
943 8.97523978768178 
944 11.2272677488206 
945 8.79609042882531 
946 10.7832849087061 
947 9.70838953008106 
948 10.412184600752 
949 11.6056614424299 
950 11.2899623485565 
951 12.402172892392 
952 10.931791954261 
953 12.0327980721081 
954 11.7378026726269 
955 11.9541875939757 
956 11.9462372905975 
957 13.1899141137632 
958 13.4810693303036 
959 12.0363455914709 
960 14.0484937314193 
961 12.5860744538228 
962 17.9352104549603 
963 13.0782420674153 
964 16.9707207198355 
965 12.9740305090009 
966 17.1977882433022 
967 11.0206914120001 
968 15.8991292262907 
969 10.900127463202 
970 15.807141972345 
971 11.0334201972868 
972 12.3888716241943 
973 11.6393402223407 
974 11.5000736925307 
975 10.8949293776782 
976 11.953485571387 
977 11.661899125828 
978 12.8318607303253 
979 11.9675011937151 
980 12.5584235141546 
981 13.2119734471807 
982 11.8727339366039 
983 11.9425707047962 
984 12.5848079327505 
985 12.1165231286528 
986 10.5955464221967 
987 10.7009572988193 
988 9.94745239251052 
989 9.19096203983115 
990 9.21705627509311 
991 8.82476063221135 
992 10.0934564632546 
993 10.940113173668 
994 12.7267940544418 
995 14.1129135024765 
996 14.0702023949717 
997 16.5251968621303 
998 14.1236726450906 
999 16.3802650933609 
1000 13.7779837871754 
1001 14.3434241149773 
1002 14.6468679504275 
1003 14.5066564681676 
1004 12.8757561406194 
1005 12.2375172841991 
1006 12.2578068694423 
1007 11.142167233919 
1008 12.8553892699207 
1009 12.1488200111866 
