0 3.53202104304844 
1 2.730468631777745 
2 1.5707303376166077 
3 3.7067307212962044 
4 4.500148491758873 
5 1.9833707960825202 
6 7.134830885624245 
7 1.3967897872505954 
8 2.6389057888097978 
9 1.6027356226311995 
10 3.0936443124919446 
11 3.0430995268953183 
12 1.455004308169878 
13 2.5361536575136383 
14 1.6084466809333207 
15 2.7086795219057143 
16 2.9150343228637876 
17 2.9446556220264695 
18 3.7445024528066093 
19 3.0287797543196904 
20 4.068844449912538 
21 1.7025503187727173 
22 3.3779389297147833 
23 2.061847998438365 
24 2.7713394699651337 
25 1.7759096664014848 
26 1.991890036580708 
27 1.7496635738213953 
28 1.9924962142334057 
29 6.589665400305773 
30 2.075734132754256 
31 1.7713745898181388 
32 2.338293614829189 
33 2.4451351339619727 
34 2.7862549599565307 
35 4.274563697240664 
36 4.596731445539802 
37 3.6731988859361913 
38 1.9774926575499299 
39 4.07383284430405 
40 1.3625041551874628 
41 3.6490467360671954 
42 3.871903384563235 
43 2.835460868393973 
44 2.354242019397961 
45 1.736391136382498 
46 2.216427103658002 
47 1.4968809212542566 
48 2.31621531445726 
49 2.392760279278103 
50 1.0887186930123516 
51 2.402995663858661 
52 3.0739591047248105 
53 3.0010455087572883 
54 2.05179219860179 
55 2.3256737041263684 
56 3.804582666851415 
57 2.6904291207516917 
58 2.1019026487547343 
59 1.35634700432153 
60 2.3604153774834336 
61 2.6422196970021945 
62 2.31298954642369 
63 3.1209079699415687 
64 3.208605332865507 
65 1.4612312581569042 
66 4.030676606208496 
67 2.450655793670129 
68 1.2307839596907475 
69 3.106314071807053 
70 2.52180017315783 
71 3.052334260031346 
72 1.928473917852696 
73 3.2620463892061577 
74 2.821296249618899 
75 1.6588024699261168 
76 3.498916434115484 
77 2.915352377829117 
78 1.491350018269612 
79 1.4676406343443875 
80 3.7012097496113037 
81 2.1112744603424254 
82 1.424516632319351 
83 2.059736177058193 
84 2.5680797191787406 
85 3.6907782071623183 
86 2.917318515693179 
87 2.32587207539284 
88 0.8303006482606281 
89 4.636907327193445 
90 2.127830990491593 
91 2.394408314029853 
92 1.5621507161822068 
93 4.636907327193445 
94 3.166357760087656 
95 4.636907327193445 
96 2.8490924105024065 
97 4.636907327193445 
98 4.547006811061148 
99 4.636907327193445 
100 5.902315565690449 
101 4.636907327193445 
102 2.636588709931298 
103 4.636907327193445 
104 3.148055030041814 
105 4.636907327193445 
106 2.1406064654289976 
107 4.636907327193445 
108 1.9060733748243033 
109 4.636907327193445 
110 3.7849999641792405 
111 3.1386903762039315 
112 3.656717749849336 
113 4.17798503491765 
114 4.078096159769456 
115 1.9919614342411616 
116 2.320343051493591 
117 2.7445093937814664 
118 3.0986663348344052 
119 1.963619030425672 
120 2.8889216449042197 
121 2.2634392389443208 
122 4.754911982045552 
123 1.7295010863911744 
124 3.5275344718023285 
125 1.7538108333574747 
126 2.6830236180665508 
127 3.3986231221578804 
128 2.154383828802051 
129 2.7083903321614855 
130 2.300354309440909 
131 3.601542303021694 
132 3.639042825814111 
133 1.7674261994647504 
134 3.325253965993186 
135 3.5237713519690264 
136 2.484400670610592 
137 2.5179268524556173 
138 1.4590389406567317 
139 3.726678338519392 
140 1.2673255386388371 
141 4.636907327193445 
142 3.0112127309426397 
143 4.636907327193445 
144 3.5286232103319493 
145 4.636907327193445 
146 2.099521985836108 
147 4.636907327193445 
148 1.7109551597375232 
149 4.636907327193445 
150 2.4150476993307306 
151 4.636907327193445 
152 1.67820289348144 
153 4.636907327193445 
154 3.816675342172716 
155 4.636907327193445 
156 2.03004180665749 
157 4.636907327193445 
158 1.7925640692760298 
159 4.636907327193445 
160 2.0127067381509036 
161 4.636907327193445 
162 4.250165955813308 
163 4.636907327193445 
164 6.690905371351408 
165 4.636907327193445 
166 4.0139751699265975 
167 4.636907327193445 
168 2.439374528347077 
169 4.636907327193445 
170 2.9168569381979097 
171 4.636907327193445 
172 3.610618751076282 
173 2.297243073942682 
174 3.5929279279097774 
175 3.709713919158923 
176 3.3659146629215617 
177 2.6731083080099616 
178 7.141881156803224 
179 5.73787106562234 
180 3.205877441657944 
181 2.5348968766734448 
182 4.571023502633299 
183 3.643739088533469 
184 5.422604315008888 
185 1.828786476711771 
186 1.890519200312495 
187 2.893253494421307 
188 2.2159196388384776 
189 1.5139184764889198 
190 3.2573127769402763 
191 2.666076387622561 
192 2.8131338583907546 
193 3.6440638478555525 
194 4.019541919389589 
195 4.8208411881459545 
196 3.139581627836063 
197 2.671130853099595 
198 2.9087640482252373 
199 3.2026535430562735 
200 2.2766697929549258 
201 3.2270146250266785 
202 3.294987774668472 
203 1.839971833791255 
204 1.7665040791046827 
205 4.20743381043531 
206 3.618488389836382 
207 4.636907327193445 
208 1.691073666197262 
209 4.609367501339772 
210 3.0759290171404214 
211 4.419333635567758 
212 4.558940619166748 
213 4.636907327193445 
214 2.6882562750745023 
215 3.0895887468828165 
216 2.3854589861944095 
217 2.4400486450877104 
218 4.4165234401093585 
219 2.1863968198111436 
220 3.1471765650246586 
221 4.636907327193445 
222 1.9222761484323807 
223 1.9100673741657195 
224 1.695076103385178 
225 4.131254121720292 
226 3.3840836571535364 
227 1.8876935360126055 
228 2.7512013436413256 
229 1.3054741005358719 
230 2.035750863076656 
231 2.950320137331729 
232 2.960166724421083 
233 2.055538707757006 
234 3.708154787391766 
235 3.1320243946708852 
236 5.075680802722577 
237 3.20683261868501 
238 3.0321237703622277 
239 3.7305510325753213 
240 2.5420221494975546 
241 3.987637491310441 
242 1.3320193064717878 
243 2.3362862277382206 
244 3.9137281554250496 
245 2.5340509330143393 
246 2.944063568002232 
247 1.224867780217647 
248 3.790871160081319 
249 2.1019670044950933 
250 2.411867735748233 
251 2.611484439533103 
252 2.5689391478808186 
253 4.024973823017842 
254 1.9331939883710256 
255 2.32029624466786 
256 1.3524373193938986 
257 1.7973293747361039 
258 2.2112987849811967 
259 1.350521980834984 
260 2.239750158617702 
261 2.1568506466265243 
262 2.2123197577781246 
263 4.8348739272072025 
264 2.423532011361872 
265 5.665183681064382 
266 2.0500858128958015 
267 1.9808591066070544 
268 5.254022055126535 
269 5.633560316871486 
270 5.6775133079576605 
271 2.8254745210124774 
272 5.094839308599154 
273 2.622644371880238 
274 4.347886158788249 
275 3.28086026916327 
276 2.8116605146359506 
277 3.8221030397147744 
278 6.009460909803124 
279 3.063988295208819 
280 5.1998719635261175 
281 1.8820952108963394 
282 5.303628107926324 
283 2.7951231191608876 
284 3.5598798910710774 
285 1.9543331818827174 
286 2.9187484415911857 
287 2.8607581089171443 
288 3.732779738920713 
289 2.6024887583032967 
290 3.5766712979530264 
291 6.651050446126971 
292 2.465060215385023 
293 3.7729956582772144 
294 2.5041845624787094 
295 1.6392715448286541 
296 2.4160308578023972 
297 5.030241410410822 
298 4.419907990687997 
299 3.9854567948874258 
300 4.099617685527343 
301 2.51928797840983 
302 3.559879256543103 
303 3.031453488898075 
304 4.043221175578746 
305 2.9475540373039997 
306 2.7448886414059768 
307 2.016700529731821 
308 5.579404232459752 
309 4.026389977548023 
310 1.4609668835474523 
311 2.3489087755159805 
312 5.058329964330894 
313 3.4546209492259448 
314 2.577396781756256 
315 1.7040216887022381 
316 2.4296236647376412 
317 1.167426122650412 
318 3.464859137246221 
319 3.2150196069735704 
320 4.9647228047395915 
321 2.4986500574841006 
322 4.658964264217534 
323 2.1770181583292456 
324 2.5282926860759893 
325 3.105027403980151 
326 2.5282926860759893 
327 2.1770181583292456 
328 2.372234743018732 
329 2.2714817582229343 
330 4.032351761496692 
331 2.208952251566215 
332 3.6259824419030657 
333 1.9286959345120192 
334 2.907697660494044 
335 5.464835483835098 
336 1.4974051536146824 
337 1.5194303156929594 
338 4.009875091305824 
339 2.333111324391072 
340 4.949204121350931 
341 3.453763688920997 
342 3.770867108234217 
343 2.0106098157081274 
344 2.2319326375824944 
345 2.8370096423688556 
346 2.7372700747213354 
347 2.721044262971352 
348 2.4590276180588058 
349 2.2532348636888657 
350 3.3489700166251066 
351 1.4077078470831121 
352 1.842406593598838 
353 2.030318730741473 
354 2.509903154626834 
355 2.5365989513847187 
356 2.769733601268447 
357 2.7945596577920138 
358 2.898415840157379 
359 3.9570296113091836 
360 2.2446914757418996 
361 2.3043133667406535 
362 1.9441430564322915 
363 2.704520957969859 
364 2.0286435195567156 
365 4.121569012770484 
366 3.0953503626523116 
367 3.279456829055382 
368 2.2790939709164033 
369 1.422914862826202 
370 4.797089418539433 
371 2.363825896981292 
372 4.737982762137096 
373 4.864362434800702 
374 3.5327301513213754 
375 1.9171974749181597 
376 3.2781672997768805 
377 2.8649889083153712 
378 3.285643612033907 
379 2.1076715159165014 
380 2.980647769595139 
381 1.5916849276532756 
382 2.892546996555626 
383 3.018866898794843 
384 5.017612987862593 
385 2.305593531854898 
386 3.64669721639786 
387 1.9828743810802236 
388 3.3709329342918894 
389 4.4347158910660225 
390 3.169942871845103 
391 3.38768351901145 
392 2.4998850492365476 
393 3.0337656307676593 
394 3.1809424202995205 
395 2.7071497895595065 
396 3.154693004159986 
397 5.9015780552268176 
398 2.322598561498271 
399 3.5380032856483363 
400 3.3172146748028872 
401 2.109469636296973 
402 2.4859274700362155 
403 2.598053507679915 
404 3.3611762925737554 
405 5.879013569734118 
406 2.832507695229517 
407 5.61437012412847 
408 2.36196092505664 
409 2.068562282099825 
410 3.08762017564303 
411 2.2645405587681466 
412 3.044373014372653 
413 3.0355315114897414 
414 2.064802881588539 
415 4.173056639156193 
416 1.2081382043556692 
417 4.225516022589612 
418 2.0406153812535535 
419 3.253819481805562 
420 4.0429606382946925 
421 1.1793625422282696 
422 3.499891071628878 
423 3.3606337196932268 
424 2.136526838933154 
425 2.7202349446787237 
426 2.3022914569602504 
427 2.321594946555258 
428 3.627541705581061 
429 2.321788239755548 
430 2.3022914569602504 
431 2.4379728357083494 
432 3.627541705581061 
433 2.4381638803076244 
434 2.404563821495011 
435 3.816601407461457 
436 3.575278449087762 
437 1.8656553899810508 
438 3.289626368730647 
439 2.3737122425963957 
440 2.009563965684479 
441 4.089404922884139 
442 2.4280612906432273 
443 1.7883895905489955 
444 2.814445026199226 
445 2.617167059006051 
446 2.4673695424515065 
447 3.6309604272048523 
448 2.0692945726083254 
449 2.500434959554224 
450 3.150059762734303 
451 2.570384632231023 
452 3.316446321835166 
453 4.4441538044591224 
454 2.5795223310709763 
455 5.527961781437781 
456 2.185233637557304 
457 3.1320153687332866 
458 3.17188114190588 
459 6.075678427616108 
460 2.1916838411886443 
461 5.407475267082807 
462 3.494457572110532 
463 2.4907206331001572 
464 2.1828676767591197 
465 1.6102304846985396 
466 2.1559150512155227 
467 3.2852714662972597 
468 2.4659154334746294 
469 6.003549964660187 
470 3.0265711818881735 
471 2.5733991531902545 
472 1.4115695354192526 
473 7.018827982564643 
474 3.6810598952708853 
475 2.120787276621204 
476 2.2604215307168594 
477 4.186976260337643 
478 2.9109869628888316 
479 4.607758095450647 
480 2.334176121386367 
481 2.545101521425323 
482 5.177559256415908 
483 3.7832688296650363 
484 3.5541405828144903 
485 2.7084913272023807 
486 1.7356294741556273 
487 2.1017102038373774 
488 5.2005992584436616 
489 2.745398940540885 
490 4.258585760647614 
491 3.3196926979709116 
492 3.9534114210000286 
493 2.3228819950009028 
494 7.596377540586431 
495 3.530675640044322 
496 2.6785628738449105 
497 2.5543831754153157 
498 3.497358091969539 
499 2.5773709562319196 
500 2.9665216120529436 
501 3.6382726997646544 
502 3.641096007705601 
503 3.26823406486755 
504 2.2982459602121454 
505 3.2757345524805497 
506 3.4275068602507823 
507 3.352063690596098 
508 4.057547555206353 
509 2.3700210729679796 
510 3.8575395646193473 
511 3.963398428042894 
512 2.610464210006251 
513 4.237647992510685 
514 1.3258469390238588 
515 2.828695219155973 
516 7.284840960916098 
517 3.320435675267211 
518 3.7691323158446965 
519 3.328474453821552 
520 2.3561503775081114 
521 2.8609966145224712 
522 3.1421540756407706 
523 3.5404479634041324 
524 1.1363657827398868 
525 2.526044776106997 
526 1.1888954036667516 
527 3.692649320626194 
528 6.62951600895658 
529 2.845969431140822 
530 2.0574036738116437 
531 2.825078926476747 
532 3.3639190218935733 
533 1.805588013264813 
534 6.944943546659921 
535 4.553241365232783 
536 2.698349091315582 
537 3.4027057074537432 
538 2.739712640662395 
539 4.070184988438878 
540 3.1084792183873513 
541 4.180099243555651 
542 2.208533003628028 
543 6.504023531031961 
544 2.6166377433002723 
545 4.656358819469425 
546 3.3787672497227446 
547 2.5905124743508914 
548 2.9072875406403895 
549 2.9954363866412503 
550 3.6197104431421168 
551 1.778862936161475 
552 2.9514040247665054 
553 1.2962530295365786 
554 2.8860390379689385 
555 6.291933946632879 
556 2.792386257655 
557 4.610108180851926 
558 3.987996942129736 
559 4.557179598045577 
560 2.7622697453080334 
561 2.494535183073814 
562 1.9567421451958806 
563 1.6860995493193527 
564 2.445267820212983 
565 3.2438937394637617 
566 2.691422005703752 
567 4.666515622980855 
568 2.262286468885577 
569 2.850042258316805 
570 2.265260663130311 
571 3.418633704847133 
572 2.2911814636671837 
573 1.7913011275555155 
574 4.1444369256536255 
575 5.301732138599422 
576 2.299151938089293 
577 1.931452271890152 
578 2.4367420080935016 
579 3.9168805855941606 
580 1.8321877356514866 
581 3.9476178950169447 
582 2.820293024845728 
583 3.8638412175059442 
584 1.9231821404480771 
585 3.825635534463597 
586 1.6187934298609157 
587 1.846920833064431 
588 3.4702809725680317 
589 1.7383215040559232 
590 3.1224898652764437 
591 3.8756995980715963 
592 3.0852903827456655 
593 2.3365699812995864 
594 5.3728525873786035 
595 2.6861828670001398 
596 1.4770896846691588 
597 2.1351077001752925 
598 1.837436189680806 
599 2.175269376224796 
600 2.084729991861513 
601 2.7115295160529937 
602 1.9891796929652223 
603 2.4554130809969967 
604 2.7407105399145597 
605 2.663044663866767 
606 2.056238342004524 
607 3.3590069349745892 
608 2.879256114372618 
609 2.8865757657126148 
610 3.0426615592757447 
611 3.5956198381859106 
612 2.2011671531454917 
613 1.550076874394841 
614 3.440643385040441 
615 2.0710932636100474 
616 2.498638009300374 
617 4.907001100432538 
618 5.461164585944967 
619 5.897948093686773 
620 1.2061746196780447 
621 1.6106446101579783 
622 2.3247600246745264 
623 6.166877268600093 
624 1.1974594096728453 
625 5.2622966984539445 
626 3.326302147422333 
627 4.167478784709436 
628 3.084613458506392 
629 3.37050932175916 
630 2.608875569177697 
631 2.6859835757881214 
632 3.698972135908722 
633 2.361788370443166 
634 2.62267098655343 
635 2.5653299447509816 
636 4.860737398196295 
637 3.2491110755253523 
638 3.5115716917674367 
639 2.4972010952081156 
640 1.8067647534795208 
641 2.607498591925359 
642 3.34225785308547 
643 2.221457865308441 
644 1.7548567976972012 
645 2.675831005871621 
646 2.9245545418012115 
647 2.203418275862294 
648 2.3632824377143087 
649 2.979266007294152 
650 1.651367657545535 
651 2.485879542582705 
652 2.2642400750595884 
653 2.852866609444759 
654 3.816392710953353 
655 1.1517453355370755 
656 3.5181589297587457 
657 2.7723144558528174 
658 4.423439089130296 
659 2.7080085636963735 
660 2.8283636180072147 
661 2.493686572413258 
662 1.823453261467188 
663 1.3909791539189484 
664 2.372514814610149 
665 1.851556227900648 
666 4.483985918403731 
667 1.162059884653238 
668 1.624710503183566 
669 1.1767776164901607 
670 2.255535198792227 
671 3.50179771318179 
672 1.409025439238988 
673 3.0155353526517135 
674 4.839850481495798 
675 4.196601328387591 
676 2.351738028413113 
677 1.3686494013863186 
678 2.7481531922919413 
679 2.0594656179287307 
680 1.4547239850653628 
681 2.6272965650439306 
682 2.3253286884796505 
683 3.6132489553845644 
684 2.790601942158176 
685 2.732154219936958 
686 2.882140383209478 
687 1.407533244650492 
