0 3.818776932762895 
1 4.095320112871886 
2 6.957631856146375 
3 6.978480418745029 
4 6.589367912701131 
5 6.20088586111259 
6 7.074325634897477 
7 7.220379481423589 
8 6.34611188864092 
9 6.26120187255183 
10 6.34294485485932 
11 6.090467526395195 
12 6.790679601590529 
13 6.750634133779695 
14 6.5452139446334385 
15 6.944476362510493 
16 5.244040243903964 
17 5.844986691564821 
18 6.10032666525102 
19 6.3625736671647335 
20 6.298756258503606 
21 6.414937124713612 
22 6.593615001037547 
23 6.453043434111878 
24 5.720366109628312 
25 6.597483574337429 
26 6.232055166183522 
27 6.386649003395612 
28 5.728327078245953 
29 6.243261145586644 
30 6.440301016953317 
31 5.8646666163298296 
32 5.4072258713266335 
33 4.660664024259476 
34 7.129993098313337 
35 6.427126207105796 
36 5.748921641325637 
37 6.334811449560794 
38 6.714958350743891 
39 6.325258179712383 
40 6.331426294195254 
41 6.333634841225138 
42 7.009724996030784 
43 7.592173785548401 
44 6.65930607883577 
45 5.996334409373848 
46 6.503805241122655 
47 6.951036365173092 
48 6.651269739074725 
49 5.99096421251098 
50 6.254843274890429 
51 6.32154973752549 
52 6.5713735117951835 
53 6.025130183082305 
54 6.264895973520261 
55 6.444169939219627 
56 6.334007864835968 
57 6.114484475816445 
58 5.598003336670003 
59 6.975544124519573 
60 6.870299329399932 
61 6.801338764496796 
62 6.0211082400229685 
63 5.286826747337241 
64 5.895471891713344 
65 5.862404222190541 
66 5.759088718414155 
67 6.312805909586221 
68 5.149696246421012 
69 6.4465965697493015 
70 5.15674939325909 
71 6.156098778116171 
72 5.991006999000143 
73 5.559795280746661 
74 6.814377717267688 
75 6.246003830128157 
76 6.983348734214097 
77 6.544478632905388 
78 5.892241881896788 
79 6.738270732255888 
80 6.649540400084976 
81 6.73955918057785 
82 6.189319843935379 
83 6.318683205934371 
84 6.496139615061154 
85 7.134128564892222 
86 6.246580565219463 
87 5.959037075765497 
88 6.201041711327982 
89 5.969655737798248 
90 6.680083200346562 
91 6.8394907117512 
92 6.446368685890638 
93 6.263483283655196 
94 6.023693776111194 
95 5.972129235825053 
96 7.188896239900453 
97 6.404084636502164 
98 6.2802896450111705 
99 6.380508760774124 
100 6.460229495571814 
101 6.319739996353681 
102 6.391914524626289 
103 6.440627370528818 
104 6.111820429836461 
105 5.638384479300536 
106 6.5437536956111355 
107 5.792085552044897 
108 6.619515898154592 
109 5.967396531364264 
110 4.187850522345066 
111 9.569285595322022 
112 6.97772579891166 
113 6.536890074746429 
114 6.060178382306833 
115 5.692061954024393 
116 6.987187752484236 
117 6.440291127967325 
118 6.984941996209686 
119 6.405424515695512 
120 6.448658164402728 
121 6.664437933379518 
122 5.85293099791241 
123 6.750721054800165 
124 6.422874433789772 
125 6.723742195076987 
126 7.100721702018158 
127 7.048030340966186 
128 6.808006700385013 
129 6.587474026596137 
130 6.049985936316758 
131 6.370159318378567 
132 6.48945578547049 
133 5.962806950701652 
134 6.635958465771283 
135 6.762410558527533 
136 6.780338766048387 
137 7.05338761727467 
138 6.273085269787427 
139 6.172750913556845 
140 5.348015295694229 
141 5.955846999501586 
142 9.374987985954183 
143 5.16099437302893 
144 6.561535356822157 
145 6.523601625649552 
146 6.754547796959547 
147 4.826959040570447 
148 6.364717075902172 
149 6.183917671689323 
150 5.662415437806371 
151 5.330594939733311 
152 6.556304475596184 
153 5.5604807597977475 
154 6.494992838062792 
155 5.583092734651934 
156 5.094217983690939 
157 5.743993141670787 
158 6.042586050907331 
159 6.314716257333889 
160 6.075602011727351 
161 6.6552696426503 
162 6.597659998175314 
163 6.821592663009448 
164 5.956168390857646 
165 5.0971214409930035 
166 6.504460831065312 
167 5.883150637856186 
168 6.302826298642752 
169 6.3438082778126486 
170 6.275178187780896 
171 6.397764453033837 
172 6.904817876815388 
173 6.618586243680134 
174 6.503129617484305 
175 6.78538449343027 
176 7.01201016450448 
177 6.139778902004871 
178 6.302314888552977 
179 5.810379794531934 
180 6.080745989956043 
181 6.260229972895199 
182 6.541773699733451 
183 7.309059858848131 
184 6.51035698819249 
185 6.055724800683782 
186 6.330298712902369 
187 6.564215567362845 
188 4.422104279873398 
189 7.825690435587332 
190 6.680476869290987 
191 6.15801489620665 
192 5.202669865278727 
193 9.078953463454125 
194 6.816171714775102 
195 6.871638768699447 
196 6.492670346715046 
197 7.165732717382391 
198 5.751018421395419 
199 6.331044018246093 
200 6.415633800016214 
201 6.232323712614711 
202 6.284580668748389 
203 6.531169514697959 
204 5.932520700082885 
205 5.927289274277655 
206 6.041176114742339 
207 6.723397297691545 
208 6.240307321043071 
209 6.333653969572275 
210 6.591055733912877 
211 6.5322273685784324 
212 6.277817441608106 
213 6.345814244821137 
214 6.757671108619192 
215 6.939753932904028 
216 6.631908330078758 
217 7.385222174485678 
218 6.079274134519919 
219 5.9204704414340785 
220 6.276408311074199 
221 6.50294813057668 
222 4.157831502063895 
223 5.492910415998219 
224 6.141846754897453 
225 5.806735823744976 
226 6.666704813857603 
227 6.539111780461416 
228 6.061842498905219 
229 6.493645389675636 
230 6.635213121393136 
231 6.524849880215301 
232 6.441052668758244 
233 5.586446457112413 
234 6.783749294421523 
235 7.00835460973947 
236 6.5139261187330915 
237 5.941033075586163 
238 6.701118849165456 
239 6.38208155812538 
240 4.8706638672637075 
241 6.103540204193297 
242 6.398291471851236 
243 6.801559347979788 
244 6.913855060232225 
245 7.52702011546337 
246 6.352753720650557 
247 6.474190013120321 
248 7.165634780707149 
249 7.09690104144635 
250 7.165634780707149 
251 7.09690104144635 
252 5.464855603546557 
253 6.3222929840296045 
254 6.378994947666832 
255 6.563835480953111 
256 5.588061546824268 
257 7.2520895362388 
258 5.856551419838503 
259 5.691050203527816 
260 6.5181068711780386 
261 6.903840456140582 
262 6.265260943993165 
263 5.625679351470833 
264 6.433711801646199 
265 6.7606229509253675 
266 5.927666231851901 
267 6.27999814338739 
268 6.979908838413675 
269 6.249112016972991 
