0 2 
1 0 
2 3 
3 0 
4 0 
5 0 
6 3 
7 0 
8 3 
9 3 
10 3 
11 0 
12 0 
13 3 
14 3 
15 0 
16 3 
17 3 
18 1 
19 3 
20 1 
21 2 
22 1 
23 2 
24 1 
25 2 
26 1 
27 2 
28 1 
29 2 
30 1 
31 3 
32 0 
33 2 
34 1 
35 2 
36 4 
37 4 
38 0 
39 4 
40 0 
41 4 
42 0 
43 4 
44 0 
45 0 
46 4 
47 0 
48 0 
49 4 
50 4 
51 4 
52 4 
53 4 
54 2 
55 0 
56 4 
57 4 
58 2 
59 2 
60 4 
61 2 
62 4 
63 2 
64 4 
65 2 
66 0 
67 2 
68 4 
69 2 
70 4 
71 4 
72 4 
73 4 
74 2 
75 4 
76 2 
77 0 
78 2 
79 0 
80 2 
81 0 
82 2 
83 4 
84 2 
85 4 
86 2 
87 4 
88 2 
89 4 
90 2 
91 4 
92 2 
93 4 
94 2 
95 4 
96 2 
97 4 
98 2 
99 4 
100 2 
101 4 
102 2 
103 4 
104 4 
105 4 
106 2 
107 4 
108 2 
109 4 
110 2 
111 4 
112 0 
113 4 
114 0 
115 4 
116 0 
117 4 
118 0 
119 4 
120 0 
121 4 
122 0 
123 4 
124 0 
125 4 
126 0 
127 4 
128 0 
129 4 
130 0 
131 2 
132 0 
133 2 
134 0 
135 2 
136 0 
137 1 
138 0 
139 2 
140 0 
141 2 
142 4 
143 4 
144 4 
145 4 
146 4 
147 4 
148 4 
149 4 
150 0 
151 4 
152 0 
153 4 
154 0 
155 4 
156 0 
157 4 
158 4 
159 4 
160 4 
161 4 
162 2 
163 2 
164 2 
165 2 
166 2 
167 2 
168 4 
169 2 
170 2 
171 2 
172 4 
173 2 
174 4 
175 2 
176 4 
177 2 
178 4 
179 2 
180 4 
181 4 
182 0 
183 4 
184 0 
185 4 
186 0 
187 4 
188 0 
189 4 
190 0 
191 4 
192 1 
193 4 
194 1 
195 4 
196 1 
197 0 
198 1 
199 0 
200 4 
201 4 
202 4 
203 4 
204 4 
205 4 
