0 2.7687147772514478 
1 2.498404910436692 
2 3.934810242559091 
3 4.243831476276133 
4 3.7856828970162164 
5 3.5656546032823173 
6 3.935404452126227 
7 3.7827709784417265 
8 4.85 
9 4.6717803921792385 
10 4.8769309048087 
11 4.425875111180003 
12 4.928323488074404 
13 4.224951946094256 
14 4.643596850768992 
15 4.219991616102088 
16 4.85 
17 4.690939929536321 
18 4.486748809848559 
19 2.9713706664101656 
20 3.4447525278490385 
21 3.9851826272633586 
22 4.973535886306879 
23 4.336477301573725 
24 4.85 
25 3.945527470463026 
26 4.85 
27 4.384061741226507 
28 4.964561382927319 
29 3.747521582644665 
30 4.298324216109464 
31 3.7728600468010205 
32 4.680394476017229 
33 4.30482324406732 
34 4.85 
35 3.494194694203001 
36 3.747389900929772 
37 3.4416193140353952 
38 3.8862907602896 
39 3.6711697308359614 
40 4.411271291691465 
41 3.646571973781891 
42 4.6470956694264425 
43 3.5049499999057234 
44 4.861821774880274 
45 2.3979634773273544 
46 2.849727357632041 
47 3.5366634764048377 
48 4.277605106373584 
49 4.144033677167938 
50 4.7736821918429575 
51 3.5687697162383194 
52 4.85 
53 4.073256160857147 
54 4.073256160857147 
55 3.788995501437138 
56 4.85 
57 4.312483248989669 
58 4.85 
59 4.0114862692473165 
60 4.85 
61 3.873282011830565 
62 3.6633829791364776 
63 3.3709599816561453 
64 4.3825266139344095 
65 3.8550941095633497 
66 4.800781145407078 
67 3.824125486696382 
68 4.85 
69 4.068185528011873 
70 3.9456718213792072 
71 3.5513230794677746 
72 4.85 
73 4.2892988595149015 
74 4.658144573274489 
75 3.910744392397438 
76 4.433852783578226 
77 3.7282773683265176 
78 4.85 
79 3.7131279914710444 
80 4.453819971755947 
81 4.360623269724421 
82 3.9115938004168167 
83 4.016539962881751 
84 2.952145730405255 
85 3.251467383681463 
86 3.378189130788945 
87 3.338551042001845 
88 3.6573420205936955 
89 4.515679459543766 
90 3.524447957927457 
91 4.598806710012983 
92 2.3837811290777755 
93 2.9342892299062493 
94 3.769892405531595 
95 4.113275282625738 
96 3.7062510340730297 
97 3.6559949860103473 
98 3.128039983491153 
99 3.8190042565973 
100 3.476002122272799 
101 3.5776587561682875 
102 3.2876065513237225 
103 3.3710256495093693 
104 4.456960338596502 
105 4.052685071068805 
106 4.256635929729164 
107 3.652754375208695 
108 3.427775245120711 
109 3.150017580583633 
110 3.7468096259731243 
111 3.688199742726697 
112 3.710097132639725 
113 3.7651525112648163 
114 3.8776278133787674 
115 3.7151186995523573 
116 3.9711442180947034 
117 4.0212914958521795 
118 3.954257202951771 
119 3.9946337054745684 
120 3.9350196196992466 
121 4.0223639671531 
122 3.98339092717539 
123 4.165774249610481 
124 4.034044624031225 
125 4.590583967721742 
126 3.8901749591065764 
127 3.9520592512763697 
128 4.078174940113977 
129 4.236672671934451 
130 4.426574932216314 
131 4.6961390211047815 
132 4.333438109896322 
133 4.2730988070057 
134 3.6844313349175697 
135 3.5266092918785956 
136 3.746513709907105 
137 3.707209425990494 
138 4.6377672871309175 
139 4.5731675623776376 
140 3.812912522629113 
141 4.015091167809195 
142 4.228891039462445 
143 4.478014408631391 
144 3.169130558438189 
145 3.220498566827031 
146 3.510283203242977 
147 3.2032160501680407 
148 3.2645151770075245 
149 3.478110551176445 
150 3.5429880299437064 
151 4.003368572762094 
152 4.016952757173182 
153 4.754740130957918 
154 3.4704170591301113 
155 4.405476603682438 
156 4.156874227353701 
157 4.5674793886343785 
158 4.384034950850348 
159 4.557331411307609 
160 3.773110298852365 
161 3.74934943597923 
162 3.5972127995934557 
163 3.641763984404702 
164 4.541872695905003 
165 4.532831561446908 
166 2.9274858351031874 
167 2.861384478587027 
168 4.373437352413838 
169 4.501795577452266 
170 3.8770158451245242 
171 3.4835516919260585 
172 3.6709677271680183 
173 3.9986530490490426 
174 3.278351157731067 
175 3.088515810624769 
176 3.7320453070342294 
177 4.122155714532302 
178 3.5166767286556233 
179 3.269250715970212 
180 3.702610537129178 
181 3.2850306082135265 
182 2.8891472588369016 
183 2.5756127980377297 
184 3.595217421540914 
185 3.2013667314918575 
186 4.506375710454969 
187 4.135091331058859 
188 4.033294222106496 
189 3.723700126774569 
190 4.302429406003878 
191 3.7673858419671897 
192 4.093937211497785 
193 3.838850211541936 
194 3.5023071831001205 
195 2.681911666018454 
196 4.047440781568833 
197 3.4900648689866407 
198 3.952247107966958 
199 3.6503982941546287 
200 4.126205192291393 
201 4.127981771959645 
202 3.0922008439161672 
203 3.4674417082430367 
204 2.4962047866881134 
205 3.064016813809429 
206 3.2430479465445505 
207 3.5858382726239157 
208 4.109334895137779 
209 4.214543726439101 
210 3.3329151971784903 
211 4.269469767940881 
212 2.4325079376159824 
213 2.9050190251817596 
214 3.3023973063791727 
215 3.0617566842301676 
216 4.072016001673179 
217 3.732668774366463 
218 4.287514933523 
219 3.683323671037028 
220 3.6927433636970837 
221 3.7334870862694434 
222 3.2380495331902095 
223 2.8833620678303538 
224 4.9072510228304 
225 3.9444073569563862 
226 3.9058001511393505 
227 3.9258107960196966 
228 3.1376050394933324 
229 3.2226802711152622 
230 3.7632392497185982 
231 3.4525096057940727 
232 4.24062500994281 
233 3.9654720343267265 
234 3.808489015103807 
235 2.8587488729250032 
236 3.9725448646065016 
237 3.504618596449287 
238 3.139147814307235 
239 2.58118378002781 
240 4.413386914815982 
241 4.318510241903559 
242 4.607004386167281 
243 4.853752922199759 
244 4.491390933585081 
245 4.589840423159656 
246 2.9961638140009397 
247 3.483155622088452 
248 3.5015274740089484 
249 4.223720823427593 
250 4.0384911867292805 
251 3.902681512932853 
252 3.9828405586552607 
253 3.8163843032722347 
254 3.891862984376345 
255 4.007240705531743 
256 3.094871527462993 
257 3.231758833767049 
258 4.522933053325685 
259 4.482773424269859 
260 4.34550662717903 
261 4.707402848099935 
262 4.333087319463451 
263 4.4677973459432145 
264 3.196365813470682 
265 3.7790674156913817 
266 3.726372166415991 
267 3.8980283994261824 
268 3.8310503733787336 
269 3.8213026457472203 
270 3.3008974204770745 
271 3.366826924081856 
272 3.4155690353801655 
273 3.6988156716612157 
274 4.177438546599459 
275 4.382359129352222 
276 3.8761529901394365 
277 3.823495047748444 
278 3.7789466458184573 
279 3.693203459716993 
280 4.13777141414951 
281 4.040161286131583 
282 3.8955733011534117 
283 4.095580533359642 
284 3.3066993167195733 
285 3.3839194247460767 
286 3.942813790294327 
287 3.8053954392718543 
288 4.196420957553697 
289 4.357159384843188 
290 4.412555929264724 
291 4.163520648372429 
292 3.9796246739174554 
293 4.025648939857468 
294 3.854879901873596 
295 3.7095691158269655 
