0 20.60262991143574 
1 21.12041895362304 
2 8.467644998415208 
3 7.859226238993852 
4 19.792014873607368 
5 18.024977008431673 
6 5.717239348767216 
7 10.069221480409173 
8 9.530689595622654 
9 7.827720514270464 
10 9.866072016635146 
11 20.959363569129906 
12 30.689505301129007 
13 35.700457926901926 
14 13.428132363487348 
15 15.07701156036119 
16 14.766700230250882 
17 17.754870171101533 
18 17.26953593030102 
19 28.33223453120778 
20 9.348179978425412 
21 11.954352163255999 
22 35.55549527402196 
23 10.361422924901186 
24 22.214298955039695 
25 24.395416739370674 
26 18.922155904737416 
27 12.040626273877121 
28 10.827866440177406 
29 12.055438350415903 
30 11.851128516371116 
31 19.30910279487522 
32 13.078876059034654 
33 19.761428901232996 
34 18.530579425213723 
35 20.585945245550832 
36 36.39088298324614 
37 15.2814104222304 
38 43.995426653380186 
39 11.419348866587892 
40 16.636009550931693 
41 19.111145537638574 
42 22.69460812163515 
43 39.61038445919784 
44 17.23844791234264 
45 13.710370617346905 
46 9.146705222228764 
47 12.194481190634713 
48 8.742650369357502 
49 15.467775958460562 
50 16.90086271159805 
51 8.899492252231608 
52 9.372264665726679 
53 31.09125816327287 
54 16.70006171487727 
55 15.810737253187174 
56 15.857182283888774 
57 21.483141002986116 
58 35.83956250534051 
59 23.081897927512465 
60 17.669601557036575 
61 21.116590980032825 
62 15.989508836670275 
63 22.268670029200955 
64 26.970067581036158 
65 11.452931426652214 
66 12.428488036150826 
67 27.404616761733017 
68 22.84877538568814 
69 20.44047642254235 
70 19.161872738569496 
71 29.408122055194077 
72 13.175548156059559 
73 15.151190261171116 
74 13.235418112969391 
75 10.440344501418828 
76 6.679859787260134 
77 25.53874069157843 
78 23.937085525790142 
79 12.008875731174145 
80 13.055874094964173 
81 14.599090146502425 
82 19.799489234749032 
83 17.89646064898769 
84 20.63861907433104 
85 23.150822694330834 
86 21.105009183083 
87 17.81504952513634 
88 49.3174832739544 
89 8.480519874398734 
90 13.634293255837388 
91 26.510824152555763 
92 7.049428136843786 
93 6.840873950457004 
94 20.579177971964498 
95 32.73781982235127 
96 15.067966187549173 
97 20.21653355441054 
98 9.579207728585947 
99 9.11761611401194 
100 19.41708524102939 
101 25.372815428263777 
102 15.652549045950373 
103 16.334040804881944 
104 17.418133645624394 
105 12.899438419948702 
106 17.46600538850092 
107 17.855244225349715 
108 14.398275353065161 
109 16.249560278632252 
110 14.336021000030762 
111 24.532971468011183 
112 21.900998370859266 
113 22.317368933536944 
114 16.200166084084895 
115 12.277221462797797 
116 17.568795657127538 
117 17.823982865739126 
118 15.041164763048897 
119 14.229314877953625 
120 16.797978301180258 
121 37.939991497137065 
122 7.6879441463866165 
123 6.33538556349729 
124 24.645411490956953 
125 23.565359073185533 
126 11.060519917513593 
127 15.646301339202447 
128 14.174351487624532 
129 15.585834788748096 
130 16.723833523393328 
131 31.47648065319845 
132 20.479800001953105 
133 18.090905169810995 
134 26.120692017387622 
135 19.994108029002227 
136 13.744606108271071 
137 3.921024291013522 
138 10.783242708212821 
139 17.402018056293148 
140 10.042628995570453 
141 8.175345926169932 
142 23.640803075223484 
143 13.793422783478032 
144 15.643325215108105 
145 15.023063064353794 
146 21.944770575001307 
147 14.113966901545895 
148 20.925170746795846 
149 35.625559528764235 
150 25.858522089739953 
151 17.052373092215998 
152 13.967464892387717 
153 19.250965002868618 
154 19.898210524318273 
155 14.860613017860496 
156 7.795220244544764 
157 8.248320563850038 
158 28.42651593707853 
159 11.428216439199701 
160 24.026350310188977 
161 19.606422811733083 
162 9.02249221291022 
163 7.713889512151162 
164 35.08762067292409 
165 18.047624375005377 
166 10.286106669544148 
167 19.15977196316328 
168 25.430042137811864 
169 19.016870922255926 
170 10.036260962157376 
171 11.42924410049594 
172 21.05479170117816 
173 15.716479374084303 
174 11.29082397659087 
175 11.38123561846047 
176 11.789667782584376 
177 11.246591945085001 
178 20.91108695868939 
179 21.28224071443069 
180 18.388650193781455 
181 20.970261784292944 
182 15.116352155924286 
183 14.80114476474802 
184 9.679259869521772 
185 21.204129298403487 
186 15.462244849056813 
187 19.561251568191253 
188 38.76615370396044 
189 26.650637624617964 
190 14.556530008086375 
191 13.366808483515783 
192 6.873992493895144 
193 9.301411299264634 
194 19.341781491524173 
195 13.998745077097658 
196 25.20191313961593 
197 30.294938930580937 
198 12.584057149200577 
199 10.142634669142895 
200 10.136531160203102 
201 11.07366064356697 
202 14.548855149831248 
203 13.450697179214183 
204 8.70612020383382 
205 9.550938060029466 
206 4.957524868565377 
207 25.520093944132448 
208 12.058973710237597 
209 22.032610522776938 
210 11.389487347289014 
211 10.539829324434349 
212 24.39669383030578 
213 20.981486205947824 
214 18.908933530493744 
215 15.199947815120568 
216 15.417797921652092 
217 16.01062717105012 
218 23.005934815757428 
219 20.715988284510562 
220 10.229535704442965 
221 9.870390504026469 
222 13.541326463077215 
223 20.090068255298767 
224 18.760920712451803 
225 22.624951452121003 
226 5.260990961384566 
227 14.637760871082572 
228 18.102617222567503 
229 26.930412338037574 
230 19.541292781334153 
231 12.585718615251201 
232 18.886795511446532 
233 24.28369451311653 
234 18.306384947428608 
235 14.08453466310717 
236 21.434943477994235 
237 29.79946146030934 
238 17.3669992960954 
239 31.92765416498565 
240 10.616448480798631 
241 7.239971967424213 
242 28.731651847488045 
243 12.300805330549185 
244 22.420560847579033 
245 21.550694926140014 
246 15.609326212761207 
247 15.952776509965009 
248 19.892453841374632 
249 34.27895192794913 
250 12.789266820143007 
251 8.271989492139813 
252 24.001739628040056 
253 17.614762738699692 
254 28.191505521612594 
255 26.111260520942277 
256 8.657099276976139 
257 15.287370063127815 
258 9.347013362095861 
259 7.95434830844856 
260 13.8951413597302 
261 32.12352184302433 
262 7.351128528513792 
263 16.005372897395976 
264 15.626947638244125 
265 15.94113533400225 
266 13.044220871106688 
267 21.58885325893937 
268 10.17318877489146 
269 23.584705353126406 
270 9.14204009215485 
271 10.962290780215989 
272 21.98445370443169 
273 25.393553386772577 
274 7.018428313975767 
275 18.771500179018975 
276 19.382718559664315 
277 13.0915719360014 
278 23.234438098614564 
279 30.929392591937113 
280 15.506203510639871 
281 15.056445012420488 
282 15.373324047941942 
283 22.870453777113756 
284 18.854872062287594 
285 12.378931959176686 
286 16.365971859123935 
287 14.965653567019432 
288 16.364247841472597 
289 16.07653624432724 
290 15.784022187851624 
291 23.48671198665039 
292 20.046858644999404 
293 19.045280345823418 
294 17.855852327393166 
295 24.07461787040598 
296 16.681199018449803 
297 13.507659904738288 
298 10.226567643085986 
299 14.376609710534884 
300 15.141673044432572 
301 14.585281547861223 
302 10.247154995920003 
303 7.191127128335342 
304 13.212986472949048 
305 14.796184455607609 
306 9.202797939284366 
307 9.080191722340329 
308 13.320748245307588 
309 17.547700430502505 
310 20.089394679617975 
311 20.11425063781627 
312 11.470345808321825 
313 15.656405260230612 
314 45.014853610371766 
315 39.310052672027595 
316 17.04675935898426 
317 16.086093096214253 
318 11.672276040173763 
319 11.26268840274216 
320 20.84654496294713 
321 27.47282719049459 
322 25.376346167808137 
323 21.69583546706807 
324 11.01867837984101 
325 17.110878123406426 
326 15.135881058063585 
327 12.987592391321176 
328 8.357101726491129 
329 10.197477316269074 
330 6.826055610256243 
331 8.296647954077011 
332 6.672835224416288 
333 13.000675713373546 
334 34.10252782723939 
335 16.42171863498974 
336 9.594414872323927 
337 8.176620925875746 
338 7.783055175152439 
339 7.9552686083651345 
340 11.447992379475897 
341 12.255912011618019 
342 20.767376687165168 
343 27.58539408607808 
344 15.471655797208369 
345 17.780837597344515 
346 19.652263548021327 
347 31.72983931975671 
348 28.53073940548262 
349 9.265740012547827 
350 11.289577950043066 
351 17.615724485510288 
352 8.366520386180483 
353 8.142824971073129 
354 15.283804859562435 
355 10.685770917141598 
356 13.835236062686164 
357 11.028152090175034 
358 8.513984942259716 
359 8.589094647256255 
360 18.663581510421302 
361 19.932441808521762 
362 8.759008971381792 
363 11.212558010222631 
364 24.64628040897873 
365 18.280932373298 
366 8.862466350847093 
367 20.989150886744866 
368 19.219737065192984 
369 27.155859711368507 
370 12.998097221447475 
371 14.540432229302013 
372 15.516758660490995 
373 18.941810315628796 
374 14.98624038416876 
375 12.36265886957957 
376 16.634162205036684 
377 13.869135639177303 
378 16.246413188311486 
379 9.343702591497713 
380 30.580090115049796 
381 21.07573953198567 
382 16.749545750420307 
383 17.182094883842872 
384 16.92145447797022 
385 18.38711855193305 
386 10.414395355824215 
387 9.876968362553132 
388 14.54370945203247 
389 8.487229608045489 
390 8.888346387278338 
391 14.589289441097492 
392 13.155010240342245 
393 12.6045161406651 
394 20.141005632734206 
395 20.022455604353638 
396 21.03283070149486 
397 28.11478365787445 
398 15.636152159973756 
399 18.960219875596703 
400 10.193289053823179 
401 11.167865292396337 
402 25.04585435762697 
403 32.389448322728114 
404 12.863161704046052 
405 14.309267939874044 
406 10.517180075475483 
407 11.156814500147629 
408 10.273987434016338 
409 14.853192815456966 
410 28.141381068677706 
411 19.202930134603058 
412 27.078019587209564 
413 18.116613466829648 
414 11.799219631308144 
415 24.358156254900024 
416 11.824333696062787 
417 10.286056218517484 
418 15.000443471667882 
419 15.703298801558985 
420 8.769575916985692 
421 9.170262866188144 
422 6.25035988376425 
423 22.57550998439098 
424 20.48580164304344 
425 38.28491625211081 
426 14.867724417598934 
427 15.905589685248389 
428 16.61189442666582 
429 14.051034321033148 
430 11.872127713776218 
431 14.446976481448313 
432 17.241494976733478 
433 15.721251012024348 
434 10.51702184744152 
435 19.100179876590996 
436 20.779826104188857 
437 16.11390328516929 
438 20.953290637145685 
439 21.84704013334375 
440 28.78903981714725 
441 29.459760911402363 
442 20.366828851401877 
443 25.48923136759201 
444 14.643944710371867 
445 20.675039927440505 
446 14.186960713017301 
447 11.552074209949378 
448 28.36538240445806 
449 19.895001470434774 
450 61.76177644269706 
451 11.056234035654693 
452 20.282620785036244 
453 15.116352155924286 
454 20.029052915080868 
455 15.855983366411492 
456 13.80954481850358 
457 19.890189829897615 
458 9.685518266985953 
459 8.026884477888435 
460 21.511126611037884 
461 15.750710683345037 
462 24.445465036310015 
463 14.697723314562447 
464 27.855988204900015 
465 23.323457449174786 
466 12.47317302373716 
467 20.110971528303878 
468 13.63167884350381 
469 13.63274221228353 
470 13.86945667018283 
471 13.238384112565454 
472 20.188703039638035 
473 21.844195614811728 
474 19.848492305362583 
475 18.08006552147768 
476 13.607443647075618 
477 10.622847851523916 
478 35.333844404195276 
479 28.7460266330384 
480 10.290144355796311 
481 8.94949046651759 
482 43.414352402935485 
483 21.60175108799217 
484 20.395252150487963 
485 19.091920433337886 
486 13.991787009330517 
487 18.763186736989965 
488 28.083722798794778 
489 9.974587335522795 
490 12.02578159047641 
491 15.614904936171163 
492 19.64149609212196 
493 7.3958484683909465 
494 37.22149354394995 
495 27.720488807523775 
496 13.793150621863552 
497 13.852599733800998 
498 16.053093077461853 
499 9.387619714810729 
500 15.578540759779525 
501 22.04778250287799 
502 25.124168129241717 
503 16.416769410816123 
504 11.427438030939575 
505 10.46026310867261 
506 11.926614269953024 
507 11.853271989419305 
508 10.646279275780582 
509 11.001683969761988 
510 15.950289206384216 
511 16.07838507126264 
512 6.989318482524637 
513 7.629891581168595 
514 9.402413873495812 
515 15.80519642016015 
516 10.57743996086076 
517 12.243140368493567 
518 15.512511927569143 
519 23.200252230525425 
520 13.620169639029966 
521 14.482843873551907 
522 12.402138430240809 
523 5.179681412169764 
524 12.778201249699151 
525 18.19883629610667 
526 21.45061958850936 
527 11.496661440459613 
528 17.70383470865078 
529 17.911822483387713 
530 8.719114764253804 
531 13.516060840422789 
532 7.697383006056157 
533 8.15785491585026 
534 14.46421452661926 
535 18.72423706719523 
536 37.82298251467631 
537 22.976696284772057 
538 14.005476231818243 
539 21.915989570542532 
540 8.730439633406395 
541 11.681150540569144 
542 12.305641290443722 
543 9.377461293387737 
544 7.6067138802491865 
545 12.25970928414216 
546 23.08558218895341 
547 19.07594349491072 
548 17.220258818892464 
549 11.840523045566053 
550 22.75987736386575 
551 18.173287982841916 
552 16.58404504333523 
553 27.421637595125397 
554 14.65863307843932 
555 11.087360162412502 
556 23.798819791193825 
557 13.009506735359162 
558 32.964758401710206 
559 25.86936731345677 
560 16.60400304028376 
561 12.730651207260255 
562 19.574854155971437 
563 14.173249845403152 
564 16.53755377075423 
565 17.574832183830985 
566 18.72423706719523 
567 13.526216835920241 
568 10.972012148386101 
569 8.21393055286282 
570 12.456355428842956 
571 12.18442052667509 
572 27.184900964430156 
573 22.998996539982123 
574 22.67620360608764 
575 14.871783598256929 
576 11.720549154834725 
577 19.29755370395079 
578 12.660444562500755 
579 14.024395463299808 
580 20.837327610190375 
581 13.580215894888847 
582 8.667332064531195 
583 7.846743295019157 
584 15.35537014596429 
585 12.749264401916202 
