0 0.8875122829066235 
1 1.2168585665393596 
2 1.2320315937443231 
3 1.286865591321412 
4 1.369900478808381 
5 1.594345341080088 
6 1.5023614074168778 
7 1.4350643017011429 
8 1.762049645018214 
9 1.7304217603808651 
10 1.655869853249399 
11 1.7872543714512619 
12 1.635374352027201 
13 1.6365309384785778 
14 1.4901472128610227 
15 1.3487152436714402 
16 1.6621304437596838 
17 1.7138195829796152 
18 1.6264138174694553 
19 1.6657109667268026 
20 1.3816037236648304 
21 1.4682010786141473 
22 1.4840248802470797 
23 1.4994235150747492 
24 1.634598823737437 
25 1.754682883652038 
26 1.6723671610551152 
27 1.6745072952978104 
28 1.8276442671903883 
29 1.826006127689258 
30 1.8074075118584776 
31 1.8184038076351092 
32 1.5788665517334823 
33 1.5826632966297913 
34 1.6633834374489922 
35 1.7069037069622197 
36 1.72505712216898 
37 1.6121360872007031 
38 1.4142016357081615 
39 1.434466650317531 
40 1.3818168555254362 
41 1.4228291921315466 
42 1.771122986258438 
43 1.8203992003982983 
44 1.7104916678610271 
45 1.7757220313082867 
46 1.7264720763444503 
47 1.7710521310661984 
48 1.624202339233192 
49 1.6121317544772815 
50 1.6348998128744494 
51 1.7973847955312008 
52 1.6627599745198003 
53 1.6790631888771332 
54 1.6785151962411227 
55 1.7153876045151244 
56 1.5427851888109867 
57 1.7595500939001885 
58 1.8854834641222877 
59 1.7812012751705477 
60 1.5818246650480994 
61 1.5976919861964043 
62 1.6579528122705913 
63 1.5713352881025764 
64 1.4353339751086254 
65 1.5089355727547844 
66 1.6097725207896787 
67 1.652836176512955 
68 1.3971223314482195 
69 1.375656041584817 
70 1.5126684067930292 
71 1.5317197401199942 
72 1.8042220590784268 
73 1.510048835804855 
74 1.4485893992588634 
75 1.2831484681154035 
76 1.5210319755151938 
77 1.3683753099100242 
78 1.782865680116276 
79 1.5872414559967771 
80 1.5075006207733115 
81 1.3935909812144573 
82 1.4029227949451861 
83 1.3896631394124783 
84 1.584467531592379 
85 1.4815894528514229 
86 1.534741812407438 
87 1.5363548225158605 
88 1.4679208246262738 
89 1.5249901754403916 
90 1.5600175589179 
91 1.5515074633498147 
92 1.590330177993918 
93 1.4163926561776035 
94 1.4533722351759946 
95 1.324339507254483 
96 1.5744768920958843 
97 1.5287219991309025 
98 1.601249936797698 
99 1.5656784799191223 
100 1.454157649694952 
101 1.243238156008423 
102 1.5701780238800664 
103 1.4160945719738531 
104 1.5909980294215458 
105 1.5230107361698457 
106 1.453391130358138 
107 1.3165277042804067 
108 1.419726804050029 
109 1.4423860290589068 
110 1.4669924942856365 
111 1.3626406770395918 
112 1.574740497187073 
113 1.5873787333599794 
114 1.6221031175993412 
115 1.4630890053796128 
116 1.6181376021544476 
117 1.7425123116940178 
118 1.4769691652776304 
119 1.4805574048501466 
120 1.675842472272509 
121 1.684742262511374 
122 1.6620625079242837 
123 1.52794985100767 
124 1.6423575441885898 
125 1.7384559927402445 
126 1.5615787383177093 
127 1.491674044787249 
128 1.7211561344237019 
129 1.6416221524235453 
130 1.4647077141726763 
131 1.434025673049241 
132 1.4940913820557848 
133 1.5143877421428378 
134 1.4163233576735461 
135 1.298254377929073 
136 1.6549322705627387 
137 1.5855642853806973 
138 1.4488696752111392 
139 1.4525309127911648 
140 1.6579771645717318 
141 1.6511344704065796 
142 1.5927856424573625 
143 1.4650689567741308 
144 1.3510592661000485 
145 1.2726001190812517 
146 1.7010387750988167 
147 1.5983594868515625 
148 1.6842173802914013 
149 1.675177381076026 
150 1.743882709094768 
151 1.7931389634409172 
152 1.6727078758342628 
153 1.6757425331535913 
154 1.7308443831847267 
155 1.6715754024085574 
156 1.6813571144963504 
157 1.6776902895638093 
158 1.6657640376070442 
159 1.785186757757615 
160 1.4405372789839221 
161 1.302299509190409 
162 1.5695661132307135 
163 1.519131210275083 
164 1.6322625707507479 
165 1.672958979835362 
166 1.7284386795704527 
167 1.6775098789881735 
168 1.7514119122938197 
169 1.7604329352365622 
170 1.779823860465598 
171 1.6673770490257651 
172 1.5691842354055376 
173 1.7478605162791943 
174 1.6153747694775367 
175 1.596601008028081 
176 1.6545500689932846 
177 1.7264410114766051 
178 1.6760067980482327 
179 1.766857239539895 
180 1.748739525245854 
181 1.748785689871045 
182 1.7183081904385145 
183 1.791587705367905 
184 1.6998612765359442 
185 1.6951982155286602 
186 1.7501032377472165 
187 1.7584601100600006 
188 1.780052574235471 
189 1.7145228796704686 
190 1.7196482602500311 
191 1.6288485234732164 
192 1.7663293010846302 
193 1.7187675148539365 
194 1.6588785715309193 
195 1.7419862092011424 
196 1.8298674764147391 
197 1.7867196086747457 
198 1.8040866921462944 
199 1.7844919850437708 
200 1.6982612866800058 
201 1.6608471299750294 
202 1.6259864597713207 
203 1.7350398202552633 
204 1.7871047614117215 
205 1.6848238393554729 
206 1.8089244280596248 
207 1.8908172825061091 
208 1.7222692746853245 
209 1.8021178329910679 
210 1.8248727310652666 
211 1.7423928124435926 
212 1.8667201868367527 
213 1.854135532656281 
214 1.858528580024102 
215 1.7279478495059952 
216 1.762427332545076 
217 1.8672486239068482 
218 1.7875498694164085 
219 1.8127027935129434 
220 1.8746361261167899 
221 1.7564902384293968 
222 1.7614508057789093 
223 1.7618647297957826 
224 1.7739436824495447 
225 1.8688076099374604 
226 1.7787242241305934 
227 1.7700128113653875 
228 1.6684530155789756 
229 1.6665689136136856 
230 1.7010370256357135 
231 1.813114174524825 
232 1.7583340471208457 
233 1.7884041074928116 
234 1.7288257726511078 
235 1.7616505347328464 
236 1.7601116267202863 
237 1.7648576856356748 
238 1.8193133439485234 
239 1.805228117360642 
240 1.6630425750960247 
241 1.816327731812307 
242 1.7593738156865513 
243 1.7529577141985655 
244 1.7674403780514645 
245 1.6777916923965197 
246 1.5720750881478285 
247 1.6353647883892446 
248 1.5750371526937994 
249 1.6590607810750004 
250 1.5575425599063357 
251 1.6089252843286075 
252 1.6313679226005926 
253 1.5512752958131402 
254 1.725102351660192 
255 1.7115949369145127 
256 1.7232798069599127 
257 1.7970504868733874 
258 1.7207855191418924 
259 1.623454917033546 
260 1.6189841750075618 
261 1.6130800269384136 
262 1.7558357005121659 
263 1.7937193807545908 
264 1.689549117842032 
265 1.732900725459559 
266 1.719297976267551 
267 1.7135302537354953 
268 1.7474138869343367 
269 1.7586296349039556 
270 1.7415637745744177 
271 1.7196250761528857 
272 1.645983707883938 
273 1.6018688919823258 
274 1.6919854551557265 
275 1.72936691675018 
276 1.6934573807372189 
277 1.6478172275104952 
278 1.5136179910177707 
279 1.5747830521146733 
280 1.617060662804936 
281 1.560277916397721 
282 1.5939036728976794 
283 1.4807592010566923 
284 1.3911701477782754 
285 1.5022027420743873 
286 1.6135333622688843 
287 1.460816755351718 
288 1.684331438521153 
289 1.5435754246415274 
290 1.5443178069607377 
291 1.5121230501970986 
