0 0 
1 1 
2 1 
3 2 
4 3 
5 2 
6 3 
7 0 
8 0 
9 1 
10 0 
11 0 
12 0 
13 1 
14 0 
15 0 
16 1 
17 1 
18 1 
19 1 
20 1 
21 1 
22 0 
23 1 
24 1 
25 2 
26 3 
27 0 
28 3 
29 0 
30 3 
31 4 
32 0 
33 4 
34 0 
35 2 
36 2 
37 2 
38 2 
39 2 
40 4 
41 2 
42 4 
43 2 
44 4 
45 2 
46 4 
47 2 
48 4 
49 2 
50 4 
51 2 
52 4 
53 2 
54 4 
55 2 
56 4 
57 2 
58 4 
59 2 
60 4 
61 4 
62 4 
63 0 
64 2 
65 0 
66 2 
67 2 
68 2 
69 2 
70 2 
71 2 
72 2 
73 4 
74 4 
75 2 
76 4 
77 2 
78 4 
79 2 
80 4 
81 2 
82 4 
83 2 
84 1 
85 2 
86 1 
87 2 
88 4 
89 2 
90 2 
91 4 
92 2 
93 2 
94 2 
95 2 
96 2 
97 2 
98 2 
99 2 
100 2 
101 4 
102 2 
103 4 
104 2 
105 2 
106 2 
107 2 
108 4 
109 4 
110 4 
111 1 
112 4 
113 2 
114 4 
115 2 
116 4 
117 2 
118 4 
119 2 
120 4 
121 2 
122 4 
123 4 
124 4 
125 1 
126 4 
127 2 
128 1 
129 2 
130 1 
131 2 
132 1 
133 2 
134 1 
135 2 
136 1 
137 2 
138 1 
139 2 
140 1 
141 2 
142 1 
143 2 
144 1 
145 2 
146 1 
147 2 
148 1 
149 2 
150 1 
151 2 
152 1 
153 2 
154 1 
155 2 
156 1 
157 2 
158 1 
159 2 
160 1 
161 3 
162 2 
163 1 
164 2 
165 1 
166 2 
167 1 
168 2 
169 1 
170 2 
171 2 
172 2 
173 2 
174 2 
175 2 
176 2 
177 3 
178 2 
179 1 
180 2 
181 1 
182 2 
183 2 
184 2 
185 2 
186 2 
187 2 
188 1 
189 2 
190 1 
191 0 
192 1 
193 0 
194 1 
195 2 
196 1 
197 2 
198 1 
199 2 
200 2 
201 2 
202 2 
203 2 
204 2 
205 2 
206 2 
207 2 
208 2 
209 2 
210 2 
211 1 
212 2 
213 1 
214 2 
215 1 
216 2 
217 1 
218 2 
219 1 
220 2 
221 2 
222 2 
223 1 
224 2 
225 2 
226 2 
227 2 
228 2 
229 2 
230 2 
231 2 
232 2 
233 2 
234 2 
235 2 
236 2 
237 2 
238 2 
239 2 
240 2 
241 2 
242 2 
243 2 
244 2 
245 2 
246 0 
247 0 
248 1 
249 0 
250 1 
251 0 
252 1 
253 2 
254 2 
255 2 
256 0 
257 2 
258 0 
259 2 
260 0 
261 2 
262 0 
263 2 
264 0 
265 2 
266 0 
267 2 
268 1 
269 2 
270 1 
271 2 
272 1 
273 2 
274 1 
275 0 
276 1 
277 2 
278 1 
279 2 
280 1 
281 2 
282 1 
283 0 
284 1 
285 2 
286 1 
287 2 
288 1 
289 2 
290 1 
291 2 
292 1 
293 2 
294 1 
295 2 
296 1 
297 2 
298 1 
299 2 
300 1 
301 2 
302 1 
303 2 
304 1 
305 2 
306 1 
307 2 
308 1 
309 2 
310 1 
311 2 
312 1 
313 2 
314 1 
315 2 
316 1 
317 2 
318 1 
319 2 
320 1 
321 2 
322 1 
323 2 
324 1 
325 2 
326 1 
327 2 
328 0 
329 2 
330 0 
331 3 
332 0 
333 3 
334 0 
335 3 
336 0 
337 2 
338 0 
339 2 
340 0 
341 2 
342 0 
343 2 
344 0 
345 2 
346 0 
347 2 
348 1 
349 2 
350 1 
351 2 
352 1 
353 2 
354 1 
355 2 
356 1 
357 0 
358 1 
359 0 
360 0 
361 2 
362 0 
363 0 
364 0 
365 2 
366 0 
367 2 
368 0 
369 2 
370 0 
371 2 
372 0 
373 2 
374 0 
375 2 
376 3 
377 2 
378 3 
379 2 
380 3 
381 2 
382 0 
383 2 
384 0 
385 2 
386 2 
387 2 
388 2 
389 1 
390 1 
391 1 
392 1 
393 0 
394 1 
395 1 
396 1 
397 1 
398 2 
399 0 
400 2 
401 0 
402 2 
403 0 
404 3 
405 0 
406 1 
407 2 
408 1 
409 2 
410 1 
411 0 
412 1 
413 0 
414 1 
415 0 
416 1 
417 2 
418 2 
419 2 
420 2 
421 2 
422 2 
423 2 
424 2 
425 2 
426 2 
427 0 
428 0 
429 1 
430 1 
431 2 
432 1 
433 2 
434 1 
435 2 
436 1 
437 2 
438 1 
439 1 
