0 3 
1 3 
2 1 
3 0 
4 1 
5 2 
6 3 
7 2 
8 3 
9 0 
10 3 
11 0 
12 0 
13 0 
14 0 
15 0 
16 3 
17 0 
18 1 
19 0 
20 1 
21 0 
22 1 
23 4 
24 1 
25 4 
26 1 
27 4 
28 1 
29 4 
30 1 
31 4 
32 1 
33 4 
34 1 
35 4 
36 1 
37 4 
38 4 
39 0 
40 2 
41 0 
42 4 
43 0 
44 4 
45 2 
46 4 
47 2 
48 4 
49 2 
50 4 
51 2 
52 4 
53 2 
54 4 
55 4 
56 4 
57 2 
58 2 
59 2 
60 2 
61 4 
62 2 
63 4 
64 2 
65 4 
66 2 
67 4 
68 4 
69 2 
70 4 
71 2 
72 4 
73 2 
74 4 
75 4 
76 0 
77 4 
78 0 
79 4 
80 0 
81 0 
82 4 
83 0 
84 4 
85 0 
86 4 
87 0 
88 4 
89 0 
90 4 
91 0 
92 4 
93 0 
94 4 
95 0 
96 4 
97 0 
98 4 
99 0 
100 4 
101 0 
102 4 
103 0 
104 4 
105 0 
106 4 
107 0 
108 4 
109 4 
110 4 
111 2 
112 4 
113 2 
114 4 
115 2 
116 4 
117 2 
118 2 
119 2 
120 2 
121 4 
122 4 
123 4 
124 2 
125 4 
126 2 
127 4 
128 2 
129 1 
130 2 
131 1 
132 1 
133 1 
134 1 
135 1 
136 1 
137 4 
138 1 
139 4 
140 1 
141 4 
142 4 
143 1 
144 0 
145 1 
146 0 
147 1 
148 0 
149 1 
150 0 
151 1 
152 0 
153 1 
154 1 
155 1 
156 1 
157 1 
158 1 
159 0 
160 1 
161 0 
162 1 
163 1 
164 1 
165 4 
166 1 
167 4 
168 1 
169 2 
170 1 
171 2 
172 1 
173 1 
174 1 
175 1 
176 1 
177 1 
178 1 
179 1 
180 1 
181 4 
182 1 
183 4 
184 1 
185 4 
186 1 
187 4 
188 1 
189 4 
190 1 
191 4 
192 1 
193 4 
194 1 
195 4 
196 1 
197 4 
198 1 
199 4 
200 0 
201 4 
202 0 
203 4 
