0 12.33444690161389 
1 16.255606111106804 
2 14.977731434529845 
3 29.820012228589306 
4 18.572673491799215 
5 11.982116687187721 
6 21.907862022856904 
7 14.702927051565183 
8 16.254724147018244 
9 9.881901692335601 
10 10.99989509682563 
11 19.38863207721608 
12 23.942687848568053 
13 14.163007985952827 
14 11.292161481820507 
15 8.679294946342917 
16 13.39134765812075 
17 7.182888359906153 
18 22.172961942874664 
19 10.401559376844444 
20 14.129514531054719 
21 11.067641238092724 
22 9.554288525889698 
23 7.262964681761825 
24 10.091437095493587 
25 6.748744155213084 
26 8.111753841393249 
27 22.75234613173055 
28 8.094658568734959 
29 10.868719325431583 
30 10.460393545651794 
31 23.712575121126633 
32 11.084166435432936 
33 13.775799835122788 
34 31.91356418391959 
35 13.576962916925627 
36 12.896899925588375 
37 27.331222061487534 
38 19.707296903632006 
39 15.55491108679931 
40 20.775091509775077 
41 24.67760231578452 
42 17.349040370615487 
43 14.655406278935692 
44 13.189967043196056 
45 15.88528880422062 
46 29.892483233912753 
47 12.552497299044415 
48 23.708822049754392 
49 20.262533937525966 
50 10.363419828919604 
51 16.54140177627739 
52 11.002780663371842 
53 25.96240243140022 
54 19.333133593609556 
55 18.688695807155906 
56 17.718418384589388 
57 31.033287706707114 
58 32.41397857772145 
59 19.546210341870783 
60 19.9134204066905 
61 12.059979240167113 
62 27.927954562100904 
63 12.84677184696481 
64 8.965406385198106 
65 17.085298095253613 
66 6.494610669032677 
67 11.94447956713655 
68 26.435799823521997 
69 10.287317642672841 
70 26.48002777865463 
71 14.47649551999779 
72 14.813063086925965 
73 9.668616847162095 
74 10.048066234811607 
75 20.635268303002572 
76 19.1145422230324 
77 20.312875027241688 
78 9.538362176790303 
79 20.44645503470868 
80 8.603894651981891 
81 15.49806750075748 
82 20.461716337452373 
83 17.817395552345957 
84 21.439435683798912 
85 23.80084551000142 
86 26.120204014273526 
87 23.491316012030445 
88 13.974026320173246 
89 19.667191837347136 
90 14.997707955646618 
91 9.826684285004733 
92 9.12021326792653 
93 11.950639515170856 
94 9.623009117564735 
95 12.920737605431615 
96 16.691953501514266 
97 11.703053064504427 
98 12.099291230236227 
99 11.27646578053082 
100 14.357122074614654 
101 29.36426836183902 
102 11.660496744527414 
103 33.421281614049626 
104 15.174431814070607 
105 27.428093120585928 
106 12.827676902985873 
107 21.917134780086847 
108 22.959088271679274 
109 31.141119781419142 
110 15.055201995728567 
111 12.497181336034801 
112 20.137911167232414 
113 20.197063596396188 
114 16.4910630735478 
115 8.960503153253235 
116 15.716126034644914 
117 11.02168965970306 
118 10.80518838152895 
119 7.772411237121044 
120 9.91057500324894 
121 13.219816310192451 
122 16.463423154671954 
123 58.30118706735982 
124 19.48573286875726 
125 23.921794974163596 
126 15.746512291450797 
127 17.74855914488105 
128 19.19054177094724 
129 15.085687978362204 
130 47.692895478941146 
131 29.01809175251313 
132 12.722580488603894 
133 13.299249474441861 
134 10.836650751328001 
135 11.527246743252899 
136 15.938227694178446 
137 25.098309547317715 
138 14.967042064545597 
139 10.520635908035137 
140 15.811929337786792 
141 11.544379610260927 
142 19.2400148624535 
143 11.989480665004917 
144 20.042260587844584 
145 12.86308280661079 
146 11.178163385506751 
147 15.20182089682068 
148 24.077105445945246 
149 7.595996182355892 
150 21.98261015403483 
151 15.135607960593978 
152 13.686658922115045 
153 9.398537214972036 
154 11.788839358490778 
155 8.385689779956575 
156 9.442887504052448 
157 13.916394873139058 
158 10.114092389902073 
159 41.979982384498356 
160 33.04527047255881 
161 32.65549162650556 
162 16.215698782557595 
163 15.845320982384031 
164 6.029616872503116 
165 24.565732291581252 
166 13.653600005208435 
167 18.651049656932717 
168 29.11215070033455 
169 22.090515039316582 
170 10.214065848431716 
171 11.646606373791759 
172 14.75376644025228 
173 33.58936493953712 
174 22.54965780121826 
175 30.74169030394981 
176 21.2734972940896 
177 13.658357403602237 
178 16.892354286818957 
179 13.61791434387774 
180 16.031801363789256 
181 22.590222384996956 
182 21.214532469437405 
183 16.808210339866715 
184 12.402578508486604 
185 21.636071949942483 
186 7.213574433395363 
187 16.67469994473974 
188 37.23239711678443 
189 22.477392940016397 
190 9.132763865269924 
191 9.223581982552552 
192 28.561824991487914 
193 25.462616255069086 
194 20.801983831771064 
195 24.506739741394924 
196 24.58041679364261 
197 19.9402122237858 
198 7.020801424814742 
199 8.88972160698579 
200 11.566920013678532 
201 9.858975624662106 
202 17.98231909657615 
203 20.721924420356803 
204 11.16153514537684 
205 12.768631748786094 
206 34.782101038245926 
207 24.783757592947126 
208 13.707278972257354 
209 13.933916694904555 
210 18.38276685731817 
211 18.28308392434473 
212 18.679290826255997 
213 15.72466952094596 
214 12.90852966069093 
215 19.32342507532549 
216 22.013530464538952 
217 18.416829496406038 
218 44.81046142669416 
219 14.796393243681827 
220 12.687827646811485 
221 31.242953340087002 
222 9.892716384537913 
223 26.350599662002978 
224 13.6515557870069 
225 22.461864724468484 
226 10.907867190608576 
227 11.20001281739748 
228 17.408735281055574 
229 11.957180772969721 
230 15.01671625332517 
231 13.63340690202146 
232 19.234368049600345 
233 27.8245732746897 
234 20.555577881566503 
235 17.46760564553409 
236 22.02312417957469 
237 19.546574704073073 
238 31.2536623895322 
239 18.778727938608665 
240 36.43925493466778 
241 23.416298661783507 
242 12.016995625030441 
243 10.850331125827815 
244 14.737902899930779 
245 10.86832504145937 
246 13.724726932415363 
247 15.39990967803524 
248 18.4771915294781 
249 25.624554779665573 
250 19.245576683062918 
251 16.891061756237036 
252 9.647556198577123 
253 6.8365921878769305 
254 17.292105740530022 
255 13.289894518711918 
256 12.34882762356765 
257 21.713581652990968 
258 22.724856286808727 
259 20.501221968052867 
260 20.844162169146514 
261 19.29710978403894 
262 14.083919840971364 
263 16.16426699552952 
264 12.80093756866958 
265 16.50274238859292 
266 17.530977926947013 
267 20.16298432842996 
268 43.26254770500258 
269 13.068077443154555 
270 10.035204410001938 
271 13.890447614884287 
272 12.214439018139778 
273 34.01899540119877 
274 26.998191239419395 
275 17.090797960988212 
276 20.359117738428083 
277 16.2598282646198 
278 11.230090391123678 
279 10.665717315404157 
280 18.881099111833368 
281 20.553865453975224 
282 28.979997374439478 
283 23.916338795944668 
284 19.04424264438794 
285 22.726949586024535 
286 19.49923059400003 
287 27.829742623396786 
288 14.012681994641223 
289 26.066958764488362 
290 25.23011032109816 
291 18.538360220994477 
292 9.100760728528838 
293 32.05404620522579 
294 14.512961758314765 
295 20.960410982179447 
296 21.30104720018689 
297 19.545937079133406 
298 20.21068862664977 
299 11.336906605688585 
300 11.110739072847682 
301 25.007923968065633 
302 20.76018135381813 
303 16.22360181177499 
