0 13.255705323704628 
1 13.488589878823742 
2 9.633640420689005 
3 21.266486163081947 
4 11.171285963127307 
5 19.414928136644527 
6 15.619847760349169 
7 15.423864438691457 
8 6.996640388073544 
9 7.705273522895532 
10 21.324331057343752 
11 20.55356329048793 
12 9.370568627626206 
13 9.926970812939627 
14 25.546051429476325 
15 17.54087555830643 
16 17.434786404013785 
17 17.520871886343983 
18 22.47426149485337 
19 9.063807257867587 
20 15.614614279225952 
21 16.958468107128994 
22 29.558584335226712 
23 15.452902275029935 
24 18.594492988779386 
25 27.0981380263855 
26 19.194054575990407 
27 22.300045192333254 
28 22.73397111032819 
29 10.57824026552132 
30 17.692856721026565 
31 17.620164678205345 
32 19.026877940129104 
33 14.119953677520131 
34 13.17389283246435 
35 11.750133068876451 
36 15.426814376719483 
37 11.376821068106794 
38 11.428714676141766 
39 17.71579903275538 
40 11.433543596425709 
41 11.8203349133971 
42 7.687732778087334 
43 13.846471782513246 
44 9.008559014242113 
45 5.920336731798825 
46 12.39477175946311 
47 11.239750567440314 
48 17.09476841813528 
49 8.51569625084765 
50 22.039093698768337 
51 22.155159390433933 
52 29.50493823686654 
53 20.462814433190875 
54 20.12554280806307 
55 22.78968072852144 
56 10.541895594038253 
57 21.356796610859913 
58 22.94979207704093 
59 12.296477845076781 
