0 2.6491022842029106 
1 1.8974807784422945 
2 3.5024405581745985 
3 2.3389985661654347 
4 2.6515544540795144 
5 2.9042196535255345 
6 1.656855960264396 
7 1.9460192321452663 
8 1.9130468760310257 
9 1.6557855627012623 
10 2.57377825179673 
11 2.644013089062514 
12 3.1890013708825 
13 4.0814691559081195 
14 1.8500278069640774 
15 2.6450875207105704 
16 3.0304140718780213 
17 2.8495213927210896 
18 1.2446303708003668 
19 1.976721621162781 
20 2.013952137780195 
21 2.865563145318151 
22 2.1682859873791083 
23 2.676519249111336 
24 3.0333233773083474 
25 1.5352942396698699 
26 2.068547164402556 
27 2.919227275975643 
28 2.5959820790049166 
29 1.7805053096019545 
30 5.0103486675454825 
31 3.036093378014993 
32 1.6934546874036456 
33 2.1300497874991193 
34 3.4814222451625634 
35 2.3911743073532654 
36 2.7514487776099914 
37 1.7990215733675297 
38 2.848188451804778 
39 2.2711678725594204 
40 2.750225599781202 
41 2.735723320313101 
42 2.2517150560097865 
43 3.2517648839092654 
44 1.4738561991578842 
45 4.596740771979076 
46 2.926227562851375 
47 7.4097887821394 
48 2.2437513718952045 
49 2.129743991211056 
50 2.981590652686345 
51 2.3219277911263223 
52 1.9871252170972862 
53 2.7853839496443884 
54 1.9475623688352428 
55 2.7628231083139214 
56 3.0115572315029366 
57 2.0674684197187236 
58 2.637139986017081 
59 2.4214386192127453 
60 2.2010650992889906 
61 3.4249382724746047 
62 2.561292452784284 
63 2.65995314413168 
64 3.5761735011093303 
65 4.559843372643029 
66 2.0452116081833216 
67 2.1647258310548776 
68 1.792202046482461 
69 2.541817240340044 
70 2.2465186172592397 
71 1.6436838800912157 
72 3.9529783425380525 
73 4.792273966147083 
74 2.239092461930065 
75 4.854529782137697 
76 1.912376564807305 
77 2.07075888486331 
78 2.7286382436762397 
79 2.396541529128429 
80 2.0286187423959854 
81 1.9560964467440147 
82 2.1639973977295277 
83 2.1636708789096057 
84 2.118860526057623 
85 2.1385596934784457 
86 1.769571906090782 
87 2.6021418357952304 
88 1.8289800268321432 
89 2.0838331302296584 
90 3.0992384481987236 
91 1.381464269174568 
92 3.232624907186129 
93 3.5156553809608098 
94 2.153793502955554 
95 4.895951086372284 
96 2.511894868977746 
97 3.125795099839024 
98 3.332324490991571 
99 3.5957142573009144 
100 1.8931455104473651 
101 1.9127901953967676 
102 3.1835920454373565 
103 3.398778238040231 
104 1.3470816676126733 
105 1.259889934874133 
106 1.7051411377033074 
107 1.825871533050551 
108 1.9425502400132941 
109 2.156840545866677 
110 1.8800182488027408 
111 1.2237356719726966 
112 5.565233489024861 
113 1.9767230936214917 
114 2.3677360930597935 
115 3.2751959384945475 
116 2.2710548879125856 
117 2.018684960012423 
118 2.699193083972085 
119 2.406686212718803 
120 1.5129444866137098 
121 4.154779342423338 
122 1.7367192204447373 
123 1.7078682547226363 
124 2.7503818698750244 
125 3.292559928378066 
126 2.4415348446874043 
127 4.215314460686866 
128 3.230752433034554 
129 2.6115896706851203 
130 4.477004613395126 
131 2.8255189008013555 
132 2.347042644608036 
133 3.2739916992399443 
134 2.1281666837883915 
135 3.1053295355561112 
136 2.6997368294578368 
137 2.2849022286092993 
138 3.03280556315689 
139 2.5788812511139945 
140 4.282940799041073 
141 1.5788581559789123 
142 2.876275973073157 
143 2.433185775484651 
144 2.1199216179323823 
145 2.8748182900833625 
146 4.3210456253582326 
147 2.300156373925388 
148 3.708517004484592 
149 2.4019461677726524 
150 2.505650886504758 
151 1.3816323977862544 
152 2.541794749909069 
153 1.3816323977862544 
154 2.910165633875832 
155 2.4792700715590317 
156 2.6138852670992403 
157 3.0663019050102474 
158 6.818352693947288 
159 1.9152504888441133 
160 1.2261205684815542 
161 2.4733144255429225 
162 5.328221270084471 
163 1.9292086513227233 
164 2.6388663765321496 
165 1.9590831632649597 
166 2.834108771796426 
167 2.489386406194671 
168 2.7166471293610583 
169 4.048138250798861 
170 2.520653171345102 
171 3.9550550430930524 
172 2.5444964876351817 
173 5.2433021457447495 
174 1.6949810056610486 
175 2.7505664987039644 
176 2.6839808629719113 
177 2.6816166332839586 
178 1.3166273343466421 
179 2.920621608553121 
180 1.8133907550464 
181 2.2816427104206745 
182 2.0293544320478873 
183 1.6426954048274893 
184 2.581651434128477 
185 3.270403466392393 
186 2.2627071415136637 
187 2.6832422941976364 
188 3.1588655045393432 
189 4.3106524164271445 
190 4.726806664530742 
191 2.202208869700424 
192 4.374964675348076 
193 1.4458366080809972 
194 3.897065836298877 
195 2.5704402948819043 
196 2.6696419600798604 
197 2.6534861895453012 
198 4.137759442871396 
199 4.271603355396275 
200 3.7475168559147534 
201 2.4718015632599686 
202 3.246408695964297 
203 1.6466139832478452 
204 2.1250721275367757 
205 2.8196861250172436 
206 5.0933216372032595 
207 2.304794405487387 
208 3.741090397346289 
209 2.8328402347182586 
210 2.3471121938536386 
211 1.5927799509361331 
212 2.2164012183878876 
213 3.2025168894056186 
214 2.1329164581709037 
215 1.8733669425143555 
216 3.616363627961947 
217 2.8550267075442854 
218 1.5765040277698823 
219 2.411900434193953 
220 3.357092738900593 
221 2.4104354365640663 
222 2.886369310554238 
223 2.8441345562113476 
224 3.3718658733313207 
225 2.888033946419112 
226 3.9993841316746512 
227 3.6277898323733373 
228 2.9563694320363085 
229 2.6476839631123172 
230 5.79141575698063 
231 2.63181251344113 
232 3.1652728174918323 
233 3.267373902528678 
234 3.3204510148974005 
235 4.067679690390866 
236 2.0332012604940877 
237 2.2666054392104913 
238 3.161636449519455 
239 2.7109572087546807 
240 3.161636449519455 
241 2.7109572087546807 
242 6.763141783619048 
243 3.031470079057751 
244 2.4899410138977047 
245 2.7952132981848066 
246 2.3234660042995134 
247 1.7388924803422527 
248 3.622954404242142 
249 2.599950996992857 
250 2.504046680410722 
251 2.0273992877661104 
252 2.237874042743804 
253 4.91931262533251 
254 3.4881268614854664 
255 2.0838622627895633 
256 2.506135107428962 
257 4.43606755522252 
258 2.333877160448532 
259 5.795127541387004 
260 1.7060949446981177 
261 2.873385611602451 
262 2.554849586640789 
263 2.005938371238597 
264 2.215547268259408 
265 2.0496150611890513 
266 2.7442099743006416 
267 1.8988232807349599 
268 3.8293294501179185 
269 2.9021643290889347 
270 2.1542232478373995 
271 1.9994843162735645 
272 1.675246572735455 
273 2.5705070930037586 
274 2.8286183297972287 
275 3.500451515633613 
276 4.351484479018748 
277 1.7405083159394767 
278 1.4884046903403068 
279 2.3237689466220295 
280 2.7804970098425974 
281 3.4015413605990004 
282 3.155840265395658 
283 2.033315779954634 
284 1.725268504752975 
285 3.53867321260001 
286 4.596287511470389 
287 2.221434253940484 
288 1.896516806420172 
289 2.0201693101027445 
290 2.552933167877814 
291 4.514242826229473 
292 1.9150427430663572 
293 3.2555276914863236 
294 2.4921129047461266 
295 2.8097989759128748 
296 1.710189406168159 
297 3.201156678364175 
298 2.668175180221099 
299 1.7810890701062023 
300 3.1179759211234974 
301 4.800165999808524 
302 1.8229336237871887 
303 2.191158102648574 
304 3.78998836438879 
305 6.606803715968114 
306 2.9130007907593503 
307 3.282401891344846 
308 2.6463980208462337 
309 2.1067690692527026 
310 2.7759260780752246 
311 2.288964163411854 
312 1.7200045164165378 
313 2.649313448483848 
314 2.724673483645057 
315 2.4797782088941345 
316 2.4125010190422445 
317 3.095596296080629 
318 2.577041878367573 
319 1.7749246923699562 
320 2.3070513501316947 
321 2.1935096635186593 
322 2.3772470515625326 
323 2.600178412599118 
324 2.8577042147200062 
325 6.813465069130441 
326 2.71601615911931 
327 2.349058633917271 
328 3.5851309011215866 
329 2.669881426906306 
330 1.6723949016245 
331 1.8442762349739166 
332 2.777970650546358 
333 1.909703649650354 
334 1.1415089476921128 
335 2.425760192788248 
336 1.956331238387793 
337 2.630847727549936 
338 2.4239040927917284 
339 2.612066233484535 
340 4.169521288791215 
341 2.7987495117912298 
342 3.370008262796743 
343 2.382068679898863 
344 4.069057727417795 
345 2.9147929782864264 
346 1.627296910439497 
347 2.6760669041788034 
