0 4 
1 0 
2 2 
3 0 
4 0 
5 3 
6 0 
7 2 
8 3 
9 3 
10 1 
11 1 
12 3 
13 1 
14 0 
15 1 
16 4 
17 1 
18 0 
19 1 
20 0 
21 3 
22 0 
23 3 
24 0 
25 0 
26 3 
27 3 
28 3 
29 2 
30 0 
31 2 
32 0 
33 2 
34 0 
35 2 
36 3 
37 3 
38 0 
39 2 
40 3 
41 2 
42 0 
43 2 
44 3 
45 3 
46 2 
47 2 
48 3 
49 3 
50 2 
51 3 
52 2 
53 0 
54 2 
55 0 
56 2 
57 3 
58 2 
59 3 
60 5 
61 2 
62 1 
63 2 
64 5 
65 3 
66 2 
67 3 
68 5 
69 3 
70 2 
71 0 
72 5 
73 0 
74 2 
75 0 
76 2 
77 0 
78 2 
79 0 
80 2 
81 0 
82 4 
83 0 
84 4 
85 0 
86 4 
87 0 
88 4 
89 0 
90 4 
91 0 
92 1 
93 3 
94 1 
95 3 
96 1 
97 3 
98 1 
99 3 
100 1 
101 3 
102 1 
103 2 
104 1 
105 2 
106 1 
107 2 
108 1 
109 2 
110 1 
111 3 
112 4 
113 2 
114 4 
115 3 
116 4 
117 3 
118 2 
119 3 
120 2 
121 3 
122 2 
123 3 
124 2 
125 3 
126 2 
127 2 
128 2 
129 3 
130 0 
131 1 
132 0 
133 1 
134 1 
135 3 
136 3 
137 3 
138 2 
139 2 
140 3 
141 1 
142 3 
143 1 
144 2 
145 1 
146 0 
147 3 
148 3 
149 0 
150 3 
151 3 
152 2 
153 3 
154 3 
155 2 
156 0 
157 3 
158 3 
159 1 
160 3 
161 3 
162 0 
163 0 
164 0 
165 0 
166 0 
167 0 
168 3 
169 0 
170 3 
171 2 
172 2 
173 2 
174 3 
175 2 
176 0 
177 4 
178 0 
179 2 
180 0 
181 2 
182 4 
183 4 
184 4 
185 4 
186 4 
187 4 
188 4 
189 0 
190 2 
191 0 
192 2 
193 0 
194 2 
195 4 
196 2 
197 0 
198 2 
199 0 
200 2 
201 0 
202 2 
203 0 
204 2 
205 4 
206 4 
207 4 
208 4 
209 4 
210 4 
211 4 
212 4 
213 4 
214 4 
215 4 
216 0 
217 4 
218 0 
219 4 
220 4 
221 2 
222 4 
223 2 
224 2 
225 2 
226 2 
227 2 
228 4 
229 2 
230 4 
231 4 
232 4 
233 4 
234 4 
235 4 
236 4 
237 4 
238 4 
239 2 
240 4 
241 2 
242 4 
243 2 
244 4 
245 2 
246 2 
247 2 
248 2 
249 4 
250 4 
251 2 
252 4 
253 4 
254 4 
255 4 
256 2 
257 0 
258 2 
259 0 
260 2 
261 0 
262 1 
263 0 
264 1 
265 0 
266 1 
267 0 
268 1 
269 4 
270 4 
271 4 
272 4 
273 4 
274 0 
275 4 
276 0 
277 1 
278 4 
279 4 
280 4 
281 4 
282 4 
283 1 
284 4 
285 1 
286 4 
287 1 
288 1 
289 4 
290 1 
291 4 
292 1 
293 4 
294 1 
295 2 
296 1 
297 4 
298 4 
299 4 
300 4 
301 2 
302 2 
303 4 
304 4 
305 1 
306 4 
307 1 
308 4 
309 1 
310 4 
311 2 
312 2 
313 2 
314 1 
315 2 
316 1 
317 2 
318 1 
319 4 
320 1 
321 4 
322 1 
323 4 
324 5 
325 2 
326 5 
327 4 
328 5 
329 4 
330 5 
331 4 
332 2 
333 4 
334 3 
335 4 
336 1 
337 4 
338 1 
339 4 
340 1 
341 4 
342 3 
343 4 
344 1 
345 4 
346 3 
347 4 
