0 3.4555318670058965 
1 2.779764629632184 
2 3.9838973455660835 
3 4.103098903235951 
4 3.068135368965084 
5 4.014563196627255 
6 3.413704107169944 
7 3.7456147102806727 
8 3.4781604237962562 
9 3.2606917251780527 
10 3.6371496613949086 
11 3.5162625969397 
12 2.817692446528029 
13 2.562348792462589 
14 3.8912230916440205 
15 3.3434834680690457 
16 3.6310089114509614 
17 3.7120291530436496 
18 3.748206763795768 
19 3.624900102760801 
20 3.9568283428910447 
21 3.9640119452600038 
22 4.749761891412925 
23 3.509538358187029 
24 4.1155904425453205 
25 4.068953947476587 
26 4.867480761449595 
27 4.129026778304147 
28 4.315414060080087 
29 3.206595895243753 
30 4.1030465367194635 
31 3.6851476725671186 
32 3.7785009732274037 
33 3.8734754978637627 
34 3.419363674569099 
35 3.664720538217207 
36 3.089242454250144 
37 2.681067684339263 
38 3.0675254649504233 
39 3.9948473156751443 
40 3.5873457151455335 
41 4.314122650515169 
42 3.3335292841013677 
43 3.9562500170890367 
44 3.726407401142238 
45 3.385143410153383 
46 4.015722392943387 
47 3.5167914339406603 
48 3.309925617380431 
49 4.85 
50 3.307157832334119 
51 3.812643235204849 
52 4.2087264584534925 
53 3.825121542216309 
54 4.85 
55 3.843204807683465 
56 4.035928172188761 
57 3.8134422290433623 
58 3.624952703531603 
59 3.2983646404186464 
60 4.85 
61 4.069928066098266 
62 4.637379656598336 
63 4.630885004423319 
64 3.8132588974505146 
65 3.684211742753009 
66 4.351551233405904 
67 3.837636018941644 
68 4.070157614353614 
69 4.0440807394461515 
70 4.170255458840607 
71 3.5410886007931808 
72 3.842398777754205 
73 4.02581295803338 
74 3.5940270944299195 
75 4.026874189497301 
76 3.088241484445683 
77 3.105989350751983 
78 3.392491688108591 
79 4.2871468551754175 
80 3.166828223695958 
81 4.304586143957204 
82 3.711904644219919 
83 3.6981994640954947 
84 4.85 
85 4.420863332200933 
86 4.432200535954397 
87 3.3228594352368357 
88 3.270309782992669 
89 3.958189048033062 
90 3.017748581554103 
91 3.5276552020490817 
92 4.0149860535608255 
93 4.343740833299225 
94 4.034340639730975 
95 3.7361682110446655 
96 3.653604892966863 
97 4.046683698626493 
98 3.3399057389639895 
99 3.321027055546291 
100 3.19379611805394 
101 3.0744950238098623 
102 3.5670722382927247 
103 2.9969378793132577 
104 2.850985083379441 
105 4.093732105026052 
106 3.888840735065625 
107 3.7614624361253717 
108 3.5635753288453564 
109 3.4172807334084063 
110 2.9258571370304094 
111 3.481003256288042 
112 3.2922317836106627 
113 4.048277082248452 
114 3.6786771548015693 
115 4.146564461161684 
116 4.077422907643968 
117 3.941290803770839 
118 4.047750917668133 
119 4.145633580522432 
120 3.156748741947875 
121 4.85 
122 2.7895481062108356 
123 4.85 
124 3.632708088049193 
125 4.85 
126 3.7499834177194904 
127 4.049617378822359 
128 3.9994614508414106 
129 4.107213555812953 
130 4.366396298445934 
131 4.2750548164947775 
132 4.121448477842034 
133 3.487582538050501 
134 4.84318814544874 
135 3.662004649312574 
136 4.469929846853871 
137 3.6630383918878566 
138 4.4246355880973205 
139 3.4055244900389052 
140 4.85 
141 3.7107807678269626 
142 4.924840210852562 
143 3.5754488157157405 
144 3.792700445764414 
145 2.436296157934648 
146 3.6882151354278547 
147 3.2793954615408465 
148 4.287470287855338 
149 4.530431620205892 
150 4.036728802603434 
151 3.8497834348972058 
152 4.1012365678794325 
153 4.1366167433635415 
154 3.9599395743031494 
155 4.128738233953073 
156 3.5851652407971706 
157 3.2148929271179183 
158 4.376878156066644 
159 3.668515266603863 
160 4.011362086525287 
161 3.7168588299947394 
162 3.946814994257167 
163 2.99240694467668 
164 4.77571832300684 
165 4.02117063051352 
166 3.7030601471412923 
167 3.926497797172113 
168 3.5279388804433167 
169 3.439820224987951 
170 4.333904731526624 
171 2.9237603950650923 
172 3.7438313484629093 
173 4.299537278657891 
174 3.9330182394371347 
175 3.624632480432108 
176 3.855905123133515 
177 3.9956588394291828 
178 3.961448810058032 
179 4.097237334708681 
180 4.40808163823928 
181 3.7975613835854425 
182 3.948332820870278 
183 3.803589281989165 
184 3.326587543221094 
185 3.196854224158928 
186 3.1785050144561477 
187 3.2931810828505133 
188 3.731866495490413 
189 3.257121157106012 
190 3.1987545636308057 
191 4.513716456056871 
192 4.187945388557998 
193 3.5586758420761435 
194 3.9376030471833214 
195 4.1140607558878965 
196 4.85 
197 3.578924462236163 
198 4.606947906722607 
199 3.677375674388574 
200 4.85 
201 3.915592095896097 
202 4.483225317679652 
203 3.9448378641523685 
204 4.1363242875241495 
205 3.843982666611959 
206 3.295259848741601 
207 3.6693301735819626 
208 3.8475044098419366 
209 4.85 
210 3.4515597440576893 
211 3.517882226150637 
212 3.541923547397698 
213 4.102207473028385 
214 3.896229905331773 
215 3.424736997099908 
216 4.166930396786197 
217 3.1506407008951096 
218 3.520715246261448 
219 3.0853515003671363 
220 3.711325082162904 
221 3.1687687830711977 
222 3.887275386638567 
223 4.009048870336539 
224 4.190184101118055 
225 2.5185131715121196 
226 4.969941271030152 
227 3.2160603710823157 
228 3.697831741583851 
229 4.917393948735672 
230 4.196070383525788 
231 3.7923222948126303 
232 3.7208215742160915 
233 4.492588077977707 
234 3.605098716178859 
235 4.166588099923828 
236 3.4337104579890427 
237 3.4168267465735966 
238 4.670846824276966 
239 4.406233210210086 
240 4.85 
241 3.8782607908879543 
242 4.157878144723366 
243 3.777085678069874 
244 3.1017821617451373 
245 3.5316472680692916 
246 3.1950335311979954 
247 4.422522743020863 
248 3.711742675647536 
249 3.9881826160223643 
250 3.5466648737025155 
251 3.6948952584287085 
252 3.7286728047773803 
253 4.447656218841635 
254 3.1547622757281637 
255 4.218998106579654 
256 3.0943482422193163 
257 3.371579475315724 
258 3.0107745005545263 
259 3.540194098354849 
260 2.586665722665604 
261 3.7734168658393794 
262 3.9216972979644984 
263 4.337189033616888 
264 4.02780037316006 
265 4.440730978471509 
266 3.859104358435332 
267 4.29489506213574 
268 3.7921162855763044 
269 3.6020272394653032 
270 3.956057140486688 
271 4.030856304046619 
272 4.438548934299754 
273 2.6013205178808025 
274 4.42421950572973 
275 3.8788328225566455 
276 4.184338937210337 
277 3.7583475752369027 
278 3.9223246152176707 
279 3.4142750286213586 
280 3.3052030937293493 
281 2.7292867750106238 
282 3.7138966601601333 
283 4.032651078262599 
284 3.49428901059789 
285 4.2796466360533625 
286 4.019572922872363 
287 4.279923609857799 
288 4.484813360550544 
289 3.6233803907232183 
290 3.789860213053389 
291 3.7064614943381353 
292 4.363496647590326 
293 2.9252774522328693 
294 3.8320727440594466 
295 3.7605759073322775 
296 4.277291414746079 
297 4.060940909646601 
298 4.198255361453963 
299 3.176393211775302 
300 3.7584694746057856 
301 3.2850562887891317 
302 3.285573819450878 
303 3.9197562027801225 
304 3.298407953068221 
305 4.212694430819014 
306 3.973086506879146 
307 3.734972703002969 
308 4.356937317826082 
309 3.595288515309725 
