0 11.77358405825172 
1 21.09757802872161 
2 16.394630893469984 
3 10.327033495179098 
4 12.061123667880167 
5 10.431775561469395 
6 36.074758959980045 
7 12.441686417475239 
8 14.825943874755659 
9 13.91644104687583 
10 9.481674386640714 
11 9.004942268634414 
12 10.309366735161388 
13 10.678507052293906 
14 18.925741926459374 
15 3.2454961751729026 
16 12.74763696485992 
17 11.475053007400517 
18 22.413731557037583 
19 22.511534043946373 
20 13.673719282002464 
21 13.690277474042908 
22 15.225605041437216 
23 13.698593987295263 
24 7.97146142369789 
25 10.964497366254069 
26 25.690789594575556 
27 16.643138873237202 
28 11.640368113142616 
29 9.616015443201071 
30 9.324239487092845 
31 9.173853132750951 
32 13.638859803723912 
33 15.166640149268844 
34 28.931222624590447 
35 20.193465764108886 
36 17.686888024896476 
37 27.77960724575289 
38 18.830492951423185 
39 12.853858482962364 
40 18.60282259852927 
41 10.209466317775208 
42 17.0820277023202 
43 14.084487367190963 
44 21.037366958580357 
45 14.954341578898578 
46 19.043464442517333 
47 22.61336323788677 
48 20.938541796670243 
49 18.89828377812121 
50 14.611601341912468 
51 13.277021401868272 
52 15.185749456915278 
53 12.540412541895517 
54 16.539966717405534 
55 17.416036208113606 
56 8.675686465131191 
57 10.148499974594294 
58 12.275353029837424 
59 9.757099787843824 
60 11.543871237642293 
61 11.429773573902546 
62 12.84771628025228 
63 15.14129041807004 
64 19.988962546048963 
65 17.89661337327138 
66 23.32488419038933 
67 23.79787457375161 
68 8.854178409107702 
69 14.645223014448627 
70 8.234216441717791 
71 8.925570309839973 
72 14.636739251814628 
73 10.933229761045176 
74 17.336347892219877 
75 12.224584965491513 
76 9.407369693598563 
77 15.002804326675442 
78 23.45951932165849 
79 7.425360530536662 
80 13.472342585127535 
81 22.53451388291928 
82 12.375681218004514 
83 13.565809135072547 
84 12.532693497156892 
85 9.893486434593084 
86 8.15545971759344 
87 12.677051786567047 
88 29.236137540689935 
89 10.508405614098383 
90 15.700124648606968 
91 16.648489876276628 
92 12.72505081763296 
93 25.04151790511899 
94 12.057933683296632 
95 12.381197529843785 
96 22.47787477826546 
97 7.0202961232161805 
98 12.810281689710674 
99 12.098453621629107 
100 10.238975102589828 
101 9.779690775253627 
102 28.312726978169593 
103 9.565139259154526 
104 9.715334012786066 
105 25.571749958846734 
106 22.10005954043217 
107 5.093685938851053 
108 21.676325731148285 
109 20.406266420161526 
110 11.581196415998233 
111 19.93073691813499 
112 30.100571969887255 
113 20.313662054369253 
114 9.011694587144333 
115 9.153272374135259 
116 11.042233349655909 
117 9.093499724656471 
118 17.460915611691387 
119 11.396790978873717 
120 10.22056196832684 
121 19.72082526189088 
122 21.15301285025519 
123 11.207973812545928 
124 12.310481054269026 
125 12.86860796544075 
126 16.816769040783925 
127 5.058333041883194 
128 12.90928453152604 
129 15.331627505738892 
130 11.888616780045352 
131 28.049916404734837 
132 18.1847127682636 
133 8.725227267999417 
134 11.117041183611372 
135 19.405047537532674 
136 15.852867029258023 
137 17.86383750793252 
138 6.591138594023776 
139 21.833620505666232 
140 21.13276298154922 
141 7.069031828562279 
142 12.486392188383793 
143 19.60294069535387 
144 21.96568699331755 
145 12.239031920139832 
146 8.071992178779551 
147 17.72350962594865 
148 11.300649861513756 
149 6.631415516450853 
150 15.273007989163286 
151 17.85053283851418 
152 28.27169597659699 
153 9.289956765185343 
154 16.661584602856177 
155 20.449046852908197 
156 13.128698243373524 
157 19.89849372583438 
158 12.492454139575335 
159 20.077181930888568 
160 23.362301081138288 
161 11.424014293963197 
162 28.37516912918764 
163 25.51652309339563 
164 18.537131239917795 
165 15.338523819798207 
166 13.376058781508318 
167 19.73752964650077 
168 8.801023983884845 
169 8.897793108422592 
170 23.986777918208386 
171 8.964850671460113 
172 11.856756787317526 
173 29.380929698226343 
174 20.290274048811167 
175 12.466499824637534 
176 11.605743236699604 
177 16.941617455790997 
178 17.69255819054609 
179 8.866925425133395 
180 17.816260300739106 
181 14.857086181856824 
182 15.665468996272532 
183 28.63494794333504 
184 30.220505800129693 
185 15.3542459063803 
186 16.48438734323478 
187 13.278408479330366 
188 8.293465365328947 
189 11.914113252567143 
190 8.267961899955845 
191 12.49826127637511 
192 19.914649548463064 
193 9.86790575115576 
194 21.304617697703595 
195 27.781815291475958 
196 20.760797901301785 
197 20.510645789118506 
198 25.467563694654263 
199 16.64564879194844 
200 14.648854615242227 
201 24.610127325001468 
202 6.983011567584127 
203 5.628049647769205 
204 22.433871942576875 
205 12.630021981992833 
206 15.775473436765397 
207 24.639909765955448 
208 15.088455685820254 
209 11.40044630844208 
210 9.738161352935167 
211 21.94878986891337 
212 15.713358758607255 
213 10.800847730415548 
214 15.175804414919984 
215 14.854560522457305 
216 9.839363044773599 
217 13.188142222893006 
218 20.84613052489277 
219 9.460117690310735 
220 13.477450844930576 
221 22.526042170162945 
222 16.558641926569287 
223 13.337055821422325 
224 14.115106848393067 
225 15.343742226254408 
226 17.35808702417706 
227 13.960212616534697 
228 10.8943244008426 
229 24.025799799513102 
230 22.017343832020998 
231 12.749186895490993 
232 15.310863938848593 
233 20.242291450495884 
234 9.229264814932986 
235 15.118531655060051 
236 13.552002119568202 
237 13.257548890385022 
238 10.434889911680557 
239 11.514145945085293 
240 13.572569475905096 
241 13.083975942701704 
242 10.53059400397191 
243 12.676936840546333 
244 15.041919947210058 
245 11.092374214876033 
246 20.746421328584855 
247 18.304387672273087 
248 18.821535948592302 
249 19.6620288768048 
250 20.924648786717754 
251 10.940587577046777 
252 14.40119211528359 
253 20.598380340138394 
254 19.452656574651233 
255 23.67870651597096 
256 6.97293487079227 
257 20.25059868675164 
258 30.85249398662714 
259 16.51196775006299 
260 15.768534392011789 
261 25.029114974011947 
262 13.060468012891373 
263 13.436606813922571 
264 21.99044737932083 
265 11.460661139862395 
266 14.090922529060002 
267 17.794868966453546 
268 15.540387629354901 
269 12.456281442851967 
270 26.04704771840922 
271 15.206450490167644 
272 28.375937001055394 
273 18.766208954689645 
274 17.824664589964684 
275 31.29236921424095 
276 16.629611567724876 
277 18.042500473183406 
278 13.764994683434633 
279 23.105421172374662 
280 21.3953621236699 
281 12.043392119816462 
282 14.443195592286502 
283 19.67734126500089 
284 19.370812877839715 
285 16.66118749031743 
286 24.226606903562683 
287 16.7117061120408 
288 9.328781229913103 
289 18.273604963228887 
290 7.890363129805314 
291 13.612301461090594 
292 14.142425550280535 
293 12.000766803146181 
294 20.902749952655764 
295 16.502222956650378 
296 12.938753601549823 
297 23.10325757659216 
298 22.198192095179625 
299 12.299614968432103 
300 20.253434480494082 
301 12.48665239667404 
302 12.860400869562552 
303 19.235073719933045 
304 8.33846049856165 
305 12.45280509239466 
306 50.34151493692764 
307 9.961889154108329 
308 22.97556352879954 
309 27.43993614821987 
310 11.630555586366006 
311 21.955798444255997 
312 15.923100869367147 
313 16.626183746843672 
314 23.33929108007345 
315 19.690366315670875 
316 13.056280506026496 
317 12.579301740400505 
318 27.585756941978087 
319 11.48356714963148 
320 11.016912913859448 
321 29.082679240049924 
322 16.51528360207115 
323 16.957576786703378 
324 15.69524835911598 
325 15.209703914564937 
326 15.994386735612197 
327 11.386580879857746 
328 26.670295361332784 
329 23.54948176928346 
330 10.893758489840762 
331 10.698690691487327 
332 13.809954036007323 
333 20.2620445114322 
334 26.06614877882046 
335 29.072801502748337 
336 15.067749665005765 
337 10.401507786925901 
338 12.786810479912688 
339 13.417865517561285 
340 14.027819491035087 
341 20.486902325490522 
342 13.9659766318264 
343 13.41370311620529 
344 11.677605623999444 
345 13.849718006630477 
346 9.349784551459098 
347 7.570945848375452 
348 25.89556090634068 
349 21.19641395203105 
350 10.258382942088605 
351 16.00781631656082 
352 20.208838437373522 
353 18.959705635063422 
354 20.0707449659291 
355 21.23106982865531 
356 8.211132580407082 
357 10.075268378105054 
358 20.00183122234091 
359 14.109124180895869 
360 34.06624323841393 
361 14.077113092041671 
362 11.659556724330125 
363 10.721444145938085 
364 14.110405754098416 
365 14.468954716213092 
366 16.23503090780301 
367 11.61065866473262 
368 12.528949813154743 
369 11.587851595631525 
370 12.127944297619116 
371 9.947547919799261 
372 16.087697293980018 
373 14.214269495758733 
374 12.664534927608436 
375 13.055020714083398 
376 17.672654034626454 
377 12.80891245129057 
378 16.906994086608808 
379 27.111800599855208 
380 17.872667538787354 
381 24.780536222807786 
382 13.179688285570638 
383 17.878686092805566 
384 11.173339371578512 
385 13.303974091801553 
386 19.8270060743577 
387 15.796386753689887 
388 19.318796923218645 
389 18.37197710020631 
390 16.18341416737083 
391 17.282985281271117 
392 11.24152792221019 
393 7.4150425706446415 
394 16.583389345331764 
395 18.920534103211835 
396 15.245971596712575 
397 20.66190140740996 
398 8.645607323292184 
399 11.213757111690978 
400 18.881184107462794 
401 34.139167663744615 
402 22.3013494688261 
403 24.610416128805127 
404 19.184397455072702 
405 18.558785138118857 
406 27.234856011168468 
407 15.768356548055415 
408 27.61136236463579 
409 19.477317581718466 
410 15.482335396756845 
411 12.402358465459836 
412 15.805613336950952 
413 11.109679606713001 
414 13.90029893087472 
415 20.403288417570657 
416 8.230112493598284 
417 12.88853789920382 
418 18.311100245352705 
419 22.293170620219726 
420 14.080799264118385 
421 8.532691020573402 
422 19.755285827999227 
423 11.9264447041495 
424 12.453433650337441 
425 15.65167289852152 
426 9.071217085698837 
427 11.512281347009466 
428 17.685471051311136 
429 15.233844723384472 
430 23.568934417478182 
431 32.43026915017822 
432 9.095826719060383 
433 9.698620000739947 
434 24.920703955889866 
435 21.380965489116583 
436 12.477031907235203 
437 20.89421141775431 
438 26.494078112070543 
439 24.769414293644513 
440 19.81688896448432 
441 17.73460068328654 
