0 0 
1 1 
2 0 
3 1 
4 0 
5 1 
6 0 
7 2 
8 0 
9 2 
10 2 
11 2 
12 2 
13 2 
14 2 
15 0 
16 2 
17 0 
18 2 
19 0 
20 2 
21 0 
22 2 
23 2 
24 2 
25 2 
26 2 
27 3 
28 2 
29 3 
30 2 
31 0 
32 2 
33 0 
34 4 
35 0 
36 2 
37 2 
38 2 
39 2 
40 2 
41 2 
42 2 
43 2 
44 2 
45 2 
46 1 
47 2 
48 1 
49 2 
50 1 
51 2 
52 1 
53 2 
54 1 
55 2 
56 1 
57 2 
58 1 
59 2 
60 1 
61 2 
62 1 
63 2 
64 1 
65 2 
66 1 
67 2 
68 1 
69 2 
70 1 
71 2 
72 1 
73 2 
74 1 
75 2 
76 1 
77 2 
78 1 
79 2 
80 1 
81 2 
82 1 
83 2 
84 1 
85 1 
86 1 
87 2 
88 1 
89 2 
90 1 
91 1 
92 1 
93 1 
94 1 
95 1 
96 1 
97 1 
98 1 
99 1 
100 1 
101 2 
102 2 
103 1 
104 2 
105 1 
106 2 
107 1 
108 2 
109 1 
110 2 
111 2 
112 2 
113 2 
114 2 
115 2 
116 2 
117 2 
118 2 
119 2 
120 2 
121 2 
122 2 
123 2 
124 2 
125 2 
126 2 
127 2 
128 2 
129 2 
130 2 
131 2 
132 2 
133 2 
134 2 
135 2 
136 2 
137 2 
138 2 
139 2 
140 2 
141 2 
142 2 
143 2 
144 2 
145 2 
146 2 
147 2 
148 1 
149 2 
150 1 
151 2 
152 1 
153 1 
154 1 
155 1 
156 1 
157 1 
158 1 
159 1 
160 1 
161 1 
162 1 
163 1 
164 1 
165 1 
166 1 
167 3 
168 3 
169 0 
170 1 
171 0 
172 1 
173 0 
174 1 
175 0 
176 1 
177 0 
178 1 
179 0 
180 1 
181 0 
182 1 
183 0 
184 1 
185 2 
186 1 
187 2 
188 1 
189 2 
190 1 
191 2 
192 1 
193 2 
194 1 
195 2 
196 1 
197 2 
198 2 
199 2 
200 2 
201 2 
202 2 
203 2 
204 2 
205 2 
206 2 
207 2 
208 2 
209 2 
210 2 
211 2 
212 2 
213 2 
214 2 
215 2 
216 2 
217 1 
218 2 
219 1 
220 2 
221 2 
222 2 
223 2 
224 1 
225 2 
226 1 
227 1 
228 1 
229 1 
230 1 
231 1 
232 2 
233 2 
234 2 
235 1 
236 2 
237 1 
238 2 
239 1 
240 2 
241 1 
242 2 
243 2 
244 2 
245 1 
246 2 
247 1 
248 2 
249 2 
250 2 
251 2 
252 2 
253 2 
254 2 
255 2 
256 2 
257 2 
258 2 
259 2 
260 2 
261 2 
262 3 
263 2 
264 1 
265 2 
266 1 
267 2 
268 2 
269 2 
270 2 
271 2 
272 2 
273 2 
274 2 
275 2 
276 2 
277 2 
278 2 
279 2 
280 1 
281 2 
282 1 
283 2 
284 1 
285 2 
286 1 
287 2 
288 2 
289 2 
290 2 
291 3 
292 2 
293 0 
294 2 
295 0 
296 1 
297 1 
298 1 
299 2 
300 1 
301 2 
302 1 
303 2 
304 1 
305 2 
306 2 
307 2 
308 2 
309 2 
310 2 
311 2 
312 2 
313 2 
314 2 
315 2 
316 2 
317 1 
318 2 
319 1 
320 1 
321 1 
322 1 
323 1 
324 1 
325 1 
326 1 
327 1 
328 1 
329 1 
330 1 
331 1 
332 1 
333 1 
334 1 
335 1 
336 1 
337 2 
338 1 
339 1 
340 2 
341 2 
342 1 
343 1 
344 1 
345 1 
346 1 
347 1 
348 1 
349 1 
350 2 
351 1 
352 2 
353 2 
