0 2.676803527934678 
1 2.4955923594550367 
2 2.673252662984661 
3 2.307699536674396 
4 3.433744711589642 
5 3.307860961375716 
6 2.9008788711388482 
7 3.6723399466570927 
8 3.440356838634692 
9 3.3963052917127543 
10 3.514581450928664 
11 3.4618549874642524 
12 3.4529751505574247 
13 3.809316732023834 
14 3.096808868772283 
15 2.6710267715326603 
16 2.8278011735391937 
17 3.202472267820112 
18 3.566900811338844 
19 2.3687067384900744 
20 3.3346817034869787 
21 3.5479387971384133 
22 3.6715660706418527 
23 3.901280232808939 
24 3.2034218987613423 
25 2.982627356918754 
26 3.8408522420971414 
27 2.1994986773074414 
28 2.8877762394814743 
29 3.003642116503076 
30 3.68643743469767 
31 2.982608846671555 
32 3.938422390808137 
33 3.1997920467411314 
34 3.9106376799456526 
35 3.605523704430675 
36 3.9085205243791363 
37 3.096287971789396 
38 3.727165162800726 
39 3.492344199044703 
40 3.133987052869659 
41 3.2872481393670987 
42 3.3048971297452345 
43 3.6409793289546086 
44 4.26279796347055 
45 3.1677580306481485 
46 3.8329580038802655 
47 3.9260564448817084 
48 3.3587226240633994 
49 3.778606034137991 
50 3.6739446176263693 
51 2.8423785972477766 
52 2.973014539462151 
53 3.786816914340262 
54 3.1263331828845264 
55 2.83642361447051 
