0 10.52097897712593 
1 11.413134221138618 
2 13.269418642909569 
3 16.386688441072362 
4 23.918657367541645 
5 17.163462561483627 
6 11.238003885055932 
7 8.321338301173315 
8 22.644373059792144 
9 12.189519632887812 
10 9.425995343527234 
11 18.968365736406763 
12 15.620662172730997 
13 13.049659159145145 
14 13.013502779984114 
15 15.210476117946989 
16 17.188220734196097 
17 22.641439359996546 
18 12.156451524083623 
19 9.606610994809966 
20 9.832189765793304 
21 9.55059009442877 
22 22.873447128756066 
23 18.593009286965003 
24 11.674322804751778 
25 10.449318003462922 
26 23.523726731762583 
27 19.114977782841517 
28 12.500682510446284 
29 9.248414609407385 
30 13.714046560292964 
31 13.95710016837818 
32 16.83357480845872 
33 18.131728657640366 
34 19.66009346539109 
35 28.178058448102117 
36 21.715605212610086 
37 16.776343630131233 
38 21.230747426072345 
39 21.60419896674101 
40 16.215949554035717 
41 16.693215738404348 
42 34.00796218368158 
43 12.813334188715674 
44 45.8378850966635 
45 17.294316049891762 
46 20.280463215917607 
47 22.0121441129392 
48 17.110878123406426 
49 12.976783327558042 
50 18.52501402304638 
51 14.319722502936116 
52 14.176267795097814 
53 10.313676310755051 
54 7.302264687038636 
55 6.392216508828667 
56 17.794566983585554 
57 17.239156435855175 
58 33.71870955294193 
59 9.482660468943937 
60 13.708802217305045 
61 14.778667268012176 
62 21.720553279855828 
63 16.93101736171381 
64 47.29440153351751 
65 17.43427911114067 
66 15.696951778596958 
67 22.94991765111431 
68 11.864504394413848 
69 12.916042569964524 
70 23.303371910193516 
71 22.04245255750645 
72 19.359011165010454 
73 12.638470717273133 
74 10.345883653011287 
75 22.370456497042557 
76 6.757899757029704 
77 18.934627451865563 
78 32.50642486243509 
79 18.04552788163267 
80 22.93448234380639 
81 14.023082581076563 
82 12.58779606487317 
83 22.2857082133407 
84 17.375776757751005 
85 13.151751558404094 
86 19.329391541584673 
87 20.991461888794355 
88 23.14711758148365 
89 21.40770192675769 
90 10.75592186750711 
91 23.81868671667812 
92 16.967592386577397 
93 13.13354918304849 
94 20.62725117784182 
95 13.634958096835645 
96 24.641212584084833 
97 29.309071597277544 
98 9.836132621043202 
99 13.092716182722862 
100 9.836132621043202 
101 13.092716182722862 
102 11.571355659593957 
103 8.845924610514372 
104 13.868310199115191 
105 12.453692486757404 
106 18.118335169226118 
107 30.684341439147865 
108 8.753141323561023 
109 20.37909957534473 
110 14.190368570983916 
111 10.011012747959873 
112 24.454871962311675 
113 17.052997068593292 
114 13.235626942678174 
115 15.29104842178944 
116 18.64159966577332 
117 15.625317587452967 
118 3.111686153480919 
119 3.010930162107527 
120 14.71081696286086 
121 15.88522864133193 
122 7.404910120016525 
123 10.061998915666697 
124 14.330877830775329 
125 7.764483303127967 
126 18.51348464383767 
127 26.666225864491476 
128 17.825497879284992 
129 15.745921148460436 
130 18.743733549030036 
131 18.12593021547291 
132 16.347601044549247 
133 22.20653652906389 
134 25.18239401526204 
135 18.671058840288104 
136 20.434999098664562 
137 19.009889502261622 
138 20.975505346015744 
139 21.639197436916046 
140 16.64406349206349 
141 25.510935941415468 
142 12.069974302084322 
143 10.513858286270057 
144 15.943134951858568 
145 12.624737756186246 
146 17.18498123473786 
147 14.82065271162245 
148 16.653116972322255 
149 13.224985022859846 
150 18.802973111097163 
151 19.802761043228646 
152 13.263963468240265 
153 13.858504156589087 
154 10.06731216966776 
155 9.375281360993698 
156 11.635621173409234 
157 18.35115813054017 
158 9.953780216337824 
159 10.717690829551495 
160 30.81328239788422 
161 18.912002885742627 
162 17.37225031788831 
163 11.152038542735747 
164 23.542872538673972 
165 9.533484106329057 
166 16.56518167456556 
167 28.47920910399522 
168 23.22684682689113 
169 23.61444914872534 
170 6.733521806906095 
171 18.61107709237418 
172 8.095049138057483 
173 8.808935149598229 
174 9.592089043993715 
175 14.92156960404141 
176 21.136383793590003 
177 21.311870573051635 
178 20.340457311898355 
179 21.110745365686704 
180 18.601667553663297 
181 23.241261608706253 
182 18.56100259321869 
183 18.833875168387966 
184 9.63147247054393 
185 14.683162147213062 
186 14.360120514927416 
187 17.96183493781904 
188 22.32532788281383 
189 20.112321620377475 
190 44.03607462702237 
191 26.592006492189086 
192 15.069211312945505 
193 20.12911647550031 
194 14.88751406473505 
195 35.47580140404297 
196 18.948998631108623 
197 24.68224937033637 
198 12.440763832450422 
199 9.593844281737564 
200 10.481776924768589 
201 14.38148988842638 
202 25.201156020741077 
203 24.712061133467273 
204 10.410440463248397 
205 10.344429235569038 
206 10.189376510743742 
207 5.633552803006493 
208 25.256849686269316 
209 18.849703163410677 
210 14.110643108019001 
211 14.404159526352482 
212 18.839120006467898 
213 15.575301160079022 
214 21.987680661784363 
215 19.76049788699548 
216 12.444861155205308 
217 16.54407686876536 
218 19.586005939817323 
219 25.301795850902753 
220 12.359635190287458 
221 21.984684169973217 
222 16.938880677183036 
223 27.95755345811337 
224 35.613157403161985 
225 7.280324240819975 
226 11.37160828543542 
227 8.972157097629845 
228 14.397188049209138 
229 14.947360168207979 
230 7.404165026417572 
231 6.572269352629814 
232 8.505145503691582 
233 9.913456175016309 
234 10.592318726387457 
235 9.785828608758544 
236 12.302609348601464 
237 8.57648446877294 
238 29.24571874825682 
239 16.795220476350647 
