0 21.319670214604493 
1 18.791600396055575 
2 11.921766590206897 
3 10.657668187870348 
4 15.640875139374186 
5 14.965172993281502 
6 17.130165939007306 
7 12.01314074748742 
8 21.418087116376448 
9 11.998398041033035 
10 17.242699927235655 
11 6.651723312172216 
12 18.479226695568656 
13 11.208003762452435 
14 18.752868167145067 
15 13.326716000114384 
16 11.51417755364795 
17 20.453334763760136 
18 13.969511768643816 
19 15.66898035728962 
20 9.663582408670328 
21 8.80484840342344 
22 18.4370683933132 
23 17.72867873008627 
24 9.675151610216995 
25 10.746607018865411 
26 10.801264949165112 
27 8.06829662402616 
28 16.747271877882348 
29 12.610807105316962 
30 15.672024810372529 
31 8.935248641382499 
32 17.388382881519654 
33 8.489033263507292 
34 21.589408882208815 
35 11.228497005683446 
36 15.98676632578775 
37 19.84689565756413 
38 13.829214653816607 
39 17.380168816584966 
40 26.649790959805827 
41 15.048989989594919 
42 12.40008514462761 
43 21.048663351182082 
44 7.3978834485678 
45 21.551027119236263 
46 10.858533453457186 
47 27.489392380340675 
48 11.802008503358293 
49 10.039455984221435 
50 16.34893918900483 
51 10.161924859538653 
52 10.872100076208053 
53 10.973791963077986 
54 9.93764897100426 
55 15.002160383432292 
56 15.882040660226966 
57 7.682170925987996 
58 10.905740049298485 
59 16.824324107501003 
60 29.436810892374638 
61 16.270109235352532 
