0 0.0 
1 0.0 
2 0.0 
3 0.0 
4 0.0 
5 0.0 
6 0.0 
7 0.0 
8 0.0 
9 0.0 
10 0.0 
11 0.0 
12 0.0 
13 0.0 
14 0.0 
15 0.0 
16 0.0 
17 0.0 
18 0.0 
19 0.0 
20 0.0 
21 0.0 
22 0.0 
23 0.0 
24 0.0 
25 0.0 
26 0.0 
27 0.0 
28 0.0 
29 0.0 
30 0.0 
31 0.0 
32 0.0 
33 0.0 
34 0.0 
35 0.0 
36 0.0 
37 0.0 
38 0.0 
39 0.0 
40 0.0 
41 0.0 
42 0.0 
43 0.0 
44 0.0 
45 0.0 
46 0.0 
47 0.0 
48 0.0 
49 0.0 
50 0.0 
51 0.0 
52 0.0 
53 0.0 
54 0.0 
55 0.0 
56 0.0 
57 0.0 
58 0.0 
59 0.0 
60 0.0 
61 0.0 
62 0.0 
63 0.0 
64 0.0 
65 0.0 
66 0.0 
67 0.0 
68 0.0 
69 0.0 
70 0.0 
71 0.0 
72 0.0 
73 0.0 
74 0.0 
75 0.0 
76 0.0 
77 0.0 
78 0.0 
79 0.0 
80 0.0 
81 0.0 
82 0.0 
83 0.0 
84 0.0 
85 0.0 
86 0.0 
87 0.0 
88 0.0 
89 0.0 
90 0.0 
91 0.0 
92 0.0 
93 0.0 
94 0.0 
95 0.0 
96 0.0 
97 0.0 
98 0.0 
99 0.0 
100 0.0 
101 0.0 
102 0.0 
103 0.0 
104 0.0 
105 0.0 
106 0.0 
107 0.0 
108 0.0 
109 0.0 
110 0.0 
111 0.0 
112 0.0 
113 0.0 
114 0.0 
115 0.0 
116 0.0 
117 0.0 
118 0.0 
119 0.0 
120 0.0 
121 0.0 
122 0.0 
123 0.0 
124 0.0 
125 20.0 
126 0.0 
127 20.0 
128 20.0 
129 20.0 
130 20.0 
131 20.0 
132 20.0 
133 20.0 
134 20.0 
135 20.0 
136 20.0 
137 20.0 
138 20.0 
139 20.0 
140 20.0 
141 20.0 
142 20.0 
143 20.0 
144 20.0 
145 20.0 
146 20.0 
147 20.0 
148 20.0 
149 20.0 
150 20.0 
151 20.0 
152 20.0 
153 20.0 
154 20.0 
155 20.0 
156 20.0 
157 20.0 
158 20.0 
159 20.0 
160 20.0 
161 20.0 
162 20.0 
163 20.0 
164 20.0 
165 20.0 
166 20.0 
167 20.0 
168 20.0 
169 20.0 
170 20.0 
171 20.0 
172 20.0 
173 20.0 
174 20.0 
175 20.0 
176 20.0 
177 20.0 
178 20.0 
179 20.0 
180 20.0 
181 20.0 
182 20.0 
183 20.0 
184 20.0 
185 20.0 
186 20.0 
187 20.0 
188 20.0 
189 40.0 
190 20.0 
191 40.0 
192 20.0 
193 40.0 
194 20.0 
195 40.0 
196 20.0 
197 40.0 
198 20.0 
199 40.0 
200 20.0 
201 40.0 
202 40.0 
203 40.0 
204 40.0 
205 40.0 
206 60.0 
207 40.0 
208 40.0 
209 60.0 
210 40.0 
211 40.0 
212 40.0 
213 40.0 
214 60.0 
215 40.0 
216 60.0 
217 40.0 
218 60.0 
219 40.0 
220 60.0 
221 40.0 
222 40.0 
223 40.0 
224 40.0 
225 40.0 
226 40.0 
227 40.0 
228 40.0 
229 40.0 
230 40.0 
231 40.0 
232 40.0 
233 40.0 
234 40.0 
235 40.0 
236 40.0 
237 40.0 
238 60.0 
239 40.0 
240 60.0 
241 40.0 
242 80.0 
243 40.0 
244 80.0 
245 40.0 
246 80.0 
247 40.0 
248 80.0 
249 40.0 
250 80.0 
251 60.0 
252 80.0 
253 80.0 
254 80.0 
255 80.0 
256 80.0 
257 80.0 
258 80.0 
259 80.0 
260 100.0 
261 60.0 
262 80.0 
263 60.0 
264 80.0 
265 60.0 
266 80.0 
267 60.0 
268 80.0 
269 60.0 
270 80.0 
271 60.0 
272 100.0 
273 40.0 
274 80.0 
275 40.0 
276 80.0 
277 60.0 
278 80.0 
279 60.0 
280 80.0 
281 80.0 
282 80.0 
283 80.0 
284 80.0 
285 60.0 
286 80.0 
287 60.0 
288 80.0 
289 60.0 
290 80.0 
291 40.0 
292 80.0 
293 40.0 
294 100.0 
295 40.0 
296 80.0 
297 40.0 
298 80.0 
299 40.0 
300 80.0 
301 40.0 
302 80.0 
303 40.0 
304 80.0 
305 40.0 
306 100.0 
307 40.0 
308 80.0 
309 40.0 
310 60.0 
311 40.0 
312 60.0 
313 40.0 
314 60.0 
315 40.0 
316 60.0 
317 40.0 
318 80.0 
319 40.0 
320 80.0 
321 40.0 
322 80.0 
323 40.0 
324 80.0 
325 40.0 
326 80.0 
327 40.0 
328 80.0 
329 40.0 
330 80.0 
331 40.0 
332 60.0 
333 40.0 
334 60.0 
335 40.0 
336 60.0 
337 40.0 
338 60.0 
339 40.0 
340 60.0 
341 40.0 
342 80.0 
343 40.0 
344 60.0 
345 40.0 
346 60.0 
347 20.0 
348 60.0 
349 20.0 
350 60.0 
351 20.0 
352 60.0 
353 20.0 
354 80.0 
355 20.0 
356 80.0 
357 20.0 
358 80.0 
359 20.0 
360 80.0 
361 20.0 
362 80.0 
363 20.0 
364 80.0 
365 20.0 
366 80.0 
367 20.0 
368 80.0 
369 20.0 
370 60.0 
371 20.0 
372 60.0 
373 20.0 
374 60.0 
375 20.0 
376 60.0 
377 20.0 
378 80.0 
379 20.0 
380 100.0 
381 20.0 
382 80.0 
383 20.0 
384 80.0 
385 20.0 
386 80.0 
387 20.0 
388 80.0 
389 20.0 
390 80.0 
391 20.0 
392 100.0 
393 20.0 
394 80.0 
395 20.0 
396 80.0 
397 20.0 
398 80.0 
399 20.0 
400 80.0 
401 20.0 
402 80.0 
403 20.0 
404 100.0 
405 20.0 
406 80.0 
407 20.0 
408 80.0 
409 20.0 
410 80.0 
411 20.0 
412 80.0 
413 20.0 
414 80.0 
415 20.0 
416 100.0 
417 20.0 
418 80.0 
419 20.0 
420 80.0 
421 20.0 
422 80.0 
423 20.0 
424 80.0 
425 20.0 
426 80.0 
427 20.0 
428 80.0 
429 20.0 
430 80.0 
431 20.0 
432 80.0 
433 40.0 
434 80.0 
435 40.0 
436 80.0 
437 40.0 
438 80.0 
439 40.0 
440 60.0 
441 40.0 
442 60.0 
443 40.0 
444 60.0 
445 40.0 
446 60.0 
447 40.0 
448 60.0 
449 40.0 
450 80.0 
451 40.0 
452 60.0 
453 20.0 
454 60.0 
455 20.0 
456 60.0 
457 20.0 
458 60.0 
459 20.0 
460 60.0 
461 20.0 
462 80.0 
463 20.0 
464 80.0 
465 20.0 
466 60.0 
467 20.0 
468 60.0 
469 20.0 
470 60.0 
471 20.0 
472 60.0 
473 20.0 
474 60.0 
475 20.0 
476 60.0 
477 20.0 
478 60.0 
479 20.0 
480 60.0 
481 20.0 
482 60.0 
483 20.0 
484 60.0 
485 20.0 
486 80.0 
487 20.0 
488 80.0 
489 20.0 
490 60.0 
491 20.0 
492 60.0 
493 20.0 
494 60.0 
495 20.0 
496 60.0 
497 20.0 
498 80.0 
499 20.0 
500 80.0 
501 20.0 
502 60.0 
503 20.0 
504 60.0 
505 20.0 
506 60.0 
507 20.0 
508 60.0 
509 20.0 
510 60.0 
511 20.0 
512 80.0 
513 20.0 
514 80.0 
515 20.0 
516 60.0 
517 20.0 
518 60.0 
519 20.0 
520 60.0 
521 20.0 
522 60.0 
523 20.0 
524 60.0 
525 20.0 
526 80.0 
527 20.0 
528 80.0 
529 20.0 
530 60.0 
531 20.0 
532 60.0 
533 20.0 
534 60.0 
535 20.0 
536 60.0 
537 20.0 
538 60.0 
539 20.0 
540 80.0 
541 20.0 
542 80.0 
543 40.0 
544 80.0 
545 40.0 
546 80.0 
547 40.0 
548 80.0 
549 40.0 
550 80.0 
551 40.0 
552 80.0 
553 40.0 
554 80.0 
555 40.0 
556 80.0 
557 40.0 
558 100.0 
559 40.0 
560 80.0 
561 40.0 
562 80.0 
563 40.0 
564 80.0 
565 40.0 
566 80.0 
567 40.0 
568 80.0 
569 40.0 
570 80.0 
571 40.0 
572 100.0 
573 40.0 
574 80.0 
575 40.0 
576 80.0 
577 40.0 
578 80.0 
579 40.0 
580 80.0 
581 40.0 
582 80.0 
583 40.0 
584 100.0 
585 40.0 
586 80.0 
587 40.0 
588 80.0 
589 40.0 
590 80.0 
591 40.0 
592 80.0 
593 40.0 
594 80.0 
595 40.0 
596 100.0 
597 40.0 
598 80.0 
599 40.0 
600 80.0 
601 40.0 
602 80.0 
603 20.0 
604 80.0 
605 20.0 
606 80.0 
607 20.0 
608 80.0 
609 20.0 
610 60.0 
611 20.0 
612 60.0 
613 20.0 
614 60.0 
615 20.0 
616 60.0 
617 20.0 
618 60.0 
619 20.0 
620 60.0 
621 20.0 
622 60.0 
623 20.0 
624 40.0 
625 0.0 
626 40.0 
627 0.0 
628 40.0 
629 0.0 
630 40.0 
631 0.0 
632 40.0 
633 0.0 
634 40.0 
635 0.0 
636 40.0 
637 0.0 
638 40.0 
639 0.0 
640 40.0 
641 0.0 
642 40.0 
643 0.0 
644 40.0 
645 0.0 
646 40.0 
647 0.0 
648 60.0 
649 0.0 
650 60.0 
651 0.0 
652 60.0 
653 0.0 
654 60.0 
655 0.0 
656 60.0 
657 0.0 
658 60.0 
659 0.0 
660 60.0 
661 20.0 
662 60.0 
663 20.0 
664 80.0 
665 20.0 
666 80.0 
667 20.0 
668 80.0 
669 40.0 
670 80.0 
671 20.0 
672 80.0 
673 20.0 
674 80.0 
675 20.0 
676 80.0 
677 20.0 
678 80.0 
679 0.0 
680 100.0 
681 0.0 
682 80.0 
683 0.0 
684 80.0 
685 0.0 
686 80.0 
687 0.0 
688 80.0 
689 0.0 
690 80.0 
691 0.0 
692 80.0 
693 0.0 
694 60.0 
695 0.0 
696 60.0 
697 0.0 
698 60.0 
699 0.0 
700 60.0 
701 0.0 
702 80.0 
703 0.0 
704 80.0 
705 0.0 
706 80.0 
707 20.0 
708 60.0 
709 40.0 
710 60.0 
711 40.0 
712 60.0 
713 40.0 
714 80.0 
715 40.0 
716 80.0 
717 40.0 
718 80.0 
719 40.0 
720 60.0 
721 40.0 
722 60.0 
723 40.0 
724 60.0 
725 40.0 
726 60.0 
727 20.0 
728 60.0 
729 20.0 
730 80.0 
731 20.0 
732 80.0 
733 20.0 
734 60.0 
735 20.0 
736 60.0 
737 20.0 
738 80.0 
739 0.0 
740 80.0 
741 20.0 
742 80.0 
743 20.0 
744 100.0 
745 20.0 
746 80.0 
747 20.0 
748 80.0 
749 20.0 
750 80.0 
751 20.0 
752 80.0 
753 20.0 
754 80.0 
755 20.0 
756 80.0 
757 20.0 
758 80.0 
759 20.0 
760 80.0 
761 20.0 
762 80.0 
763 20.0 
764 80.0 
765 20.0 
766 80.0 
767 20.0 
768 80.0 
769 20.0 
770 80.0 
771 20.0 
772 80.0 
773 20.0 
774 80.0 
775 20.0 
776 80.0 
777 20.0 
778 60.0 
779 20.0 
780 60.0 
781 20.0 
782 60.0 
783 20.0 
784 60.0 
785 20.0 
786 60.0 
787 20.0 
788 80.0 
789 20.0 
790 60.0 
791 20.0 
792 60.0 
793 20.0 
794 60.0 
795 40.0 
796 60.0 
797 40.0 
798 60.0 
799 40.0 
800 80.0 
801 40.0 
802 80.0 
803 60.0 
804 60.0 
805 60.0 
806 60.0 
807 60.0 
808 60.0 
809 60.0 
810 60.0 
811 60.0 
812 60.0 
813 60.0 
814 80.0 
815 60.0 
816 80.0 
817 60.0 
818 80.0 
819 60.0 
820 60.0 
821 60.0 
822 60.0 
823 60.0 
824 60.0 
825 60.0 
826 60.0 
827 80.0 
828 60.0 
829 80.0 
830 60.0 
831 80.0 
832 60.0 
833 80.0 
834 60.0 
835 80.0 
836 60.0 
837 80.0 
838 60.0 
839 80.0 
840 60.0 
841 80.0 
842 60.0 
843 80.0 
844 60.0 
845 80.0 
846 80.0 
847 80.0 
848 60.0 
849 80.0 
850 60.0 
851 80.0 
852 60.0 
853 80.0 
854 60.0 
855 80.0 
856 60.0 
857 80.0 
858 80.0 
859 100.0 
860 100.0 
861 80.0 
862 80.0 
863 80.0 
864 80.0 
865 80.0 
866 80.0 
867 80.0 
868 80.0 
869 80.0 
870 80.0 
871 100.0 
872 80.0 
873 80.0 
874 60.0 
875 80.0 
876 60.0 
877 80.0 
878 60.0 
879 80.0 
880 60.0 
881 80.0 
882 60.0 
883 80.0 
884 60.0 
885 80.0 
886 60.0 
887 60.0 
888 60.0 
889 60.0 
890 60.0 
891 60.0 
892 60.0 
893 60.0 
894 80.0 
895 60.0 
896 60.0 
897 60.0 
898 40.0 
899 60.0 
900 40.0 
901 60.0 
902 40.0 
903 80.0 
904 20.0 
905 80.0 
906 20.0 
907 80.0 
908 20.0 
909 80.0 
910 20.0 
911 80.0 
912 20.0 
913 80.0 
914 20.0 
915 80.0 
916 20.0 
917 80.0 
918 20.0 
919 80.0 
920 20.0 
921 80.0 
922 20.0 
923 80.0 
924 40.0 
925 80.0 
926 40.0 
927 80.0 
928 40.0 
929 60.0 
930 40.0 
931 60.0 
932 40.0 
933 60.0 
934 40.0 
935 60.0 
936 40.0 
937 60.0 
938 40.0 
939 80.0 
940 40.0 
941 60.0 
942 40.0 
943 60.0 
944 40.0 
945 60.0 
946 40.0 
947 60.0 
948 40.0 
949 60.0 
950 40.0 
951 80.0 
952 40.0 
953 60.0 
954 40.0 
955 60.0 
956 40.0 
957 80.0 
958 40.0 
959 80.0 
960 40.0 
961 80.0 
962 40.0 
963 100.0 
964 20.0 
965 80.0 
966 20.0 
967 80.0 
968 20.0 
969 80.0 
970 20.0 
971 80.0 
972 40.0 
973 80.0 
974 40.0 
975 80.0 
976 40.0 
977 80.0 
978 40.0 
979 80.0 
980 40.0 
981 80.0 
982 40.0 
983 80.0 
984 40.0 
985 80.0 
986 40.0 
987 80.0 
988 40.0 
989 80.0 
990 20.0 
991 80.0 
992 20.0 
993 80.0 
994 20.0 
995 80.0 
996 20.0 
997 60.0 
998 20.0 
999 60.0 
1000 20.0 
1001 60.0 
1002 0.0 
1003 60.0 
1004 0.0 
1005 80.0 
1006 0.0 
1007 80.0 
1008 20.0 
1009 80.0 
1010 20.0 
1011 80.0 
1012 20.0 
1013 80.0 
1014 20.0 
1015 60.0 
1016 20.0 
1017 60.0 
1018 0.0 
1019 60.0 
1020 0.0 
1021 60.0 
1022 0.0 
1023 60.0 
1024 0.0 
1025 60.0 
1026 0.0 
1027 80.0 
1028 0.0 
1029 60.0 
1030 0.0 
1031 60.0 
1032 0.0 
1033 60.0 
1034 0.0 
1035 60.0 
1036 0.0 
1037 60.0 
1038 0.0 
1039 80.0 
1040 0.0 
1041 60.0 
1042 0.0 
1043 60.0 
1044 20.0 
1045 80.0 
1046 20.0 
1047 80.0 
1048 20.0 
1049 80.0 
1050 20.0 
1051 80.0 
1052 20.0 
1053 80.0 
1054 0.0 
1055 80.0 
1056 0.0 
1057 80.0 
1058 20.0 
1059 80.0 
1060 20.0 
1061 80.0 
1062 20.0 
1063 80.0 
1064 20.0 
1065 80.0 
1066 20.0 
1067 80.0 
1068 0.0 
1069 80.0 
1070 20.0 
1071 80.0 
1072 20.0 
1073 60.0 
1074 20.0 
1075 60.0 
1076 20.0 
1077 60.0 
1078 20.0 
1079 60.0 
1080 0.0 
1081 80.0 
1082 0.0 
1083 100.0 
1084 0.0 
1085 80.0 
1086 0.0 
1087 80.0 
1088 0.0 
1089 80.0 
1090 0.0 
1091 80.0 
1092 0.0 
1093 80.0 
1094 0.0 
1095 80.0 
1096 0.0 
1097 60.0 
1098 0.0 
1099 60.0 
1100 0.0 
1101 60.0 
1102 0.0 
1103 60.0 
1104 0.0 
1105 60.0 
1106 0.0 
1107 80.0 
1108 0.0 
1109 60.0 
1110 0.0 
1111 80.0 
1112 0.0 
1113 80.0 
1114 0.0 
1115 80.0 
1116 0.0 
1117 80.0 
1118 20.0 
1119 80.0 
1120 20.0 
1121 60.0 
1122 20.0 
1123 60.0 
1124 40.0 
1125 60.0 
1126 60.0 
1127 60.0 
1128 40.0 
1129 60.0 
1130 40.0 
1131 60.0 
1132 40.0 
1133 60.0 
1134 40.0 
1135 60.0 
1136 40.0 
1137 60.0 
1138 40.0 
1139 60.0 
1140 40.0 
1141 60.0 
1142 40.0 
1143 60.0 
1144 40.0 
1145 60.0 
1146 40.0 
1147 60.0 
1148 40.0 
1149 60.0 
1150 40.0 
1151 40.0 
1152 40.0 
1153 40.0 
1154 40.0 
1155 40.0 
1156 40.0 
1157 40.0 
1158 40.0 
1159 40.0 
1160 20.0 
1161 40.0 
1162 20.0 
1163 40.0 
1164 20.0 
1165 40.0 
1166 20.0 
1167 40.0 
1168 20.0 
1169 40.0 
1170 20.0 
1171 40.0 
1172 20.0 
1173 40.0 
1174 20.0 
1175 40.0 
1176 20.0 
1177 40.0 
1178 20.0 
1179 40.0 
1180 20.0 
1181 40.0 
1182 20.0 
1183 40.0 
1184 20.0 
1185 40.0 
1186 20.0 
1187 40.0 
1188 20.0 
1189 40.0 
1190 20.0 
1191 20.0 
1192 20.0 
1193 20.0 
1194 20.0 
1195 20.0 
1196 20.0 
1197 20.0 
1198 20.0 
1199 20.0 
1200 20.0 
1201 20.0 
1202 20.0 
1203 20.0 
1204 20.0 
1205 20.0 
1206 20.0 
1207 20.0 
1208 20.0 
1209 20.0 
1210 20.0 
1211 20.0 
1212 20.0 
1213 20.0 
1214 20.0 
1215 20.0 
1216 20.0 
1217 20.0 
1218 20.0 
1219 20.0 
1220 20.0 
1221 20.0 
1222 20.0 
1223 20.0 
1224 20.0 
1225 20.0 
1226 20.0 
1227 20.0 
1228 20.0 
1229 20.0 
1230 20.0 
1231 20.0 
1232 20.0 
1233 20.0 
1234 20.0 
1235 20.0 
1236 20.0 
1237 0.0 
1238 20.0 
1239 20.0 
1240 20.0 
1241 20.0 
1242 20.0 
1243 20.0 
1244 20.0 
1245 20.0 
1246 20.0 
1247 20.0 
1248 20.0 
1249 20.0 
1250 20.0 
1251 20.0 
1252 20.0 
1253 20.0 
1254 20.0 
1255 20.0 
1256 20.0 
1257 20.0 
1258 20.0 
1259 20.0 
1260 20.0 
1261 20.0 
1262 20.0 
1263 20.0 
1264 20.0 
1265 20.0 
1266 20.0 
1267 20.0 
1268 20.0 
1269 20.0 
1270 20.0 
1271 20.0 
1272 20.0 
1273 20.0 
1274 20.0 
1275 20.0 
1276 20.0 
1277 20.0 
1278 20.0 
1279 0.0 
1280 20.0 
1281 0.0 
1282 20.0 
1283 0.0 
1284 20.0 
1285 0.0 
1286 20.0 
1287 0.0 
1288 20.0 
1289 0.0 
1290 20.0 
1291 0.0 
1292 20.0 
1293 0.0 
1294 20.0 
1295 20.0 
1296 20.0 
1297 40.0 
1298 20.0 
1299 40.0 
1300 20.0 
1301 40.0 
1302 20.0 
1303 60.0 
1304 20.0 
1305 40.0 
1306 20.0 
1307 40.0 
1308 20.0 
1309 40.0 
1310 20.0 
1311 40.0 
1312 20.0 
1313 40.0 
1314 20.0 
1315 40.0 
1316 20.0 
1317 40.0 
1318 20.0 
1319 40.0 
1320 20.0 
1321 40.0 
1322 20.0 
1323 40.0 
1324 20.0 
1325 20.0 
1326 20.0 
1327 20.0 
1328 20.0 
1329 20.0 
1330 20.0 
1331 20.0 
1332 20.0 
1333 20.0 
1334 20.0 
1335 20.0 
1336 20.0 
1337 20.0 
1338 20.0 
1339 20.0 
1340 20.0 
1341 20.0 
1342 20.0 
1343 20.0 
1344 20.0 
1345 20.0 
1346 20.0 
1347 20.0 
1348 20.0 
1349 20.0 
1350 20.0 
1351 20.0 
1352 20.0 
1353 20.0 
1354 20.0 
1355 20.0 
1356 20.0 
1357 0.0 
1358 20.0 
1359 0.0 
1360 20.0 
1361 0.0 
1362 20.0 
1363 0.0 
1364 20.0 
1365 0.0 
1366 20.0 
1367 0.0 
1368 20.0 
1369 0.0 
1370 20.0 
1371 0.0 
1372 20.0 
1373 20.0 
1374 20.0 
1375 20.0 
1376 20.0 
1377 40.0 
1378 20.0 
1379 40.0 
1380 20.0 
1381 40.0 
1382 20.0 
1383 20.0 
1384 20.0 
1385 20.0 
1386 20.0 
1387 0.0 
1388 20.0 
1389 0.0 
1390 20.0 
1391 0.0 
1392 20.0 
1393 0.0 
1394 20.0 
1395 0.0 
1396 20.0 
1397 20.0 
1398 20.0 
1399 20.0 
1400 20.0 
1401 20.0 
1402 20.0 
1403 20.0 
1404 20.0 
1405 20.0 
1406 20.0 
1407 0.0 
1408 20.0 
1409 0.0 
1410 20.0 
1411 0.0 
1412 20.0 
1413 0.0 
1414 20.0 
1415 20.0 
1416 20.0 
1417 20.0 
1418 20.0 
1419 20.0 
1420 20.0 
1421 20.0 
1422 20.0 
1423 20.0 
1424 20.0 
1425 20.0 
1426 20.0 
1427 20.0 
1428 20.0 
1429 20.0 
1430 20.0 
1431 20.0 
1432 20.0 
1433 20.0 
1434 20.0 
1435 20.0 
1436 20.0 
1437 20.0 
1438 20.0 
1439 20.0 
1440 20.0 
1441 20.0 
1442 20.0 
1443 0.0 
1444 20.0 
1445 0.0 
1446 20.0 
1447 20.0 
1448 20.0 
1449 20.0 
1450 20.0 
1451 40.0 
1452 20.0 
1453 60.0 
1454 20.0 
1455 40.0 
1456 20.0 
1457 40.0 
1458 20.0 
1459 40.0 
1460 20.0 
1461 40.0 
1462 20.0 
1463 40.0 
1464 20.0 
1465 40.0 
1466 20.0 
1467 40.0 
1468 20.0 
1469 40.0 
1470 20.0 
1471 40.0 
1472 20.0 
1473 40.0 
1474 20.0 
1475 40.0 
1476 20.0 
1477 40.0 
1478 20.0 
1479 40.0 
1480 20.0 
1481 40.0 
1482 20.0 
1483 40.0 
1484 20.0 
1485 40.0 
1486 20.0 
1487 40.0 
1488 20.0 
1489 40.0 
1490 20.0 
1491 20.0 
1492 20.0 
1493 20.0 
1494 20.0 
1495 20.0 
1496 20.0 
1497 20.0 
1498 20.0 
1499 20.0 
1500 20.0 
1501 20.0 
1502 20.0 
1503 20.0 
1504 20.0 
1505 20.0 
1506 20.0 
1507 20.0 
1508 20.0 
1509 20.0 
1510 20.0 
1511 20.0 
1512 20.0 
1513 0.0 
1514 20.0 
1515 20.0 
1516 20.0 
1517 20.0 
1518 20.0 
1519 20.0 
1520 20.0 
1521 20.0 
1522 20.0 
1523 20.0 
1524 20.0 
1525 20.0 
1526 20.0 
1527 20.0 
1528 20.0 
1529 20.0 
1530 20.0 
1531 20.0 
1532 20.0 
1533 20.0 
1534 20.0 
1535 0.0 
1536 20.0 
1537 0.0 
1538 20.0 
1539 20.0 
1540 20.0 
1541 20.0 
1542 20.0 
1543 40.0 
1544 20.0 
1545 40.0 
1546 20.0 
1547 40.0 
1548 20.0 
1549 20.0 
1550 20.0 
1551 0.0 
1552 20.0 
1553 0.0 
1554 20.0 
1555 0.0 
1556 20.0 
1557 0.0 
1558 20.0 
1559 20.0 
1560 20.0 
1561 20.0 
1562 20.0 
1563 20.0 
1564 20.0 
1565 20.0 
1566 20.0 
1567 20.0 
1568 20.0 
1569 0.0 
1570 20.0 
1571 0.0 
1572 20.0 
1573 0.0 
1574 20.0 
1575 0.0 
1576 20.0 
1577 0.0 
1578 20.0 
1579 0.0 
1580 20.0 
1581 0.0 
1582 20.0 
1583 0.0 
1584 20.0 
1585 0.0 
1586 20.0 
1587 0.0 
1588 0.0 
1589 0.0 
1590 0.0 
1591 0.0 
1592 0.0 
1593 0.0 
1594 0.0 
1595 0.0 
1596 0.0 
1597 0.0 
1598 0.0 
1599 0.0 
1600 0.0 
1601 0.0 
1602 0.0 
1603 0.0 
1604 0.0 
1605 0.0 
1606 0.0 
1607 0.0 
1608 0.0 
1609 0.0 
1610 0.0 
1611 0.0 
1612 0.0 
1613 0.0 
1614 0.0 
1615 0.0 
1616 0.0 
1617 0.0 
1618 0.0 
1619 0.0 
1620 0.0 
1621 0.0 
1622 0.0 
1623 0.0 
1624 0.0 
1625 0.0 
1626 0.0 
1627 0.0 
1628 0.0 
1629 0.0 
1630 0.0 
1631 0.0 
1632 0.0 
1633 0.0 
1634 0.0 
1635 0.0 
1636 0.0 
1637 0.0 
1638 0.0 
1639 0.0 
1640 0.0 
1641 0.0 
1642 0.0 
1643 0.0 
1644 0.0 
1645 0.0 
1646 0.0 
1647 0.0 
1648 0.0 
1649 0.0 
1650 0.0 
1651 0.0 
1652 0.0 
1653 0.0 
1654 0.0 
1655 0.0 
1656 0.0 
1657 0.0 
1658 0.0 
1659 0.0 
1660 0.0 
1661 0.0 
1662 0.0 
1663 0.0 
1664 0.0 
1665 0.0 
1666 0.0 
1667 0.0 
1668 0.0 
1669 0.0 
1670 0.0 
1671 0.0 
1672 0.0 
1673 0.0 
1674 0.0 
1675 0.0 
1676 0.0 
1677 0.0 
1678 0.0 
1679 0.0 
1680 0.0 
1681 0.0 
1682 0.0 
1683 0.0 
1684 0.0 
1685 0.0 
1686 0.0 
1687 0.0 
1688 0.0 
1689 0.0 
1690 0.0 
1691 0.0 
1692 0.0 
1693 0.0 
1694 0.0 
1695 0.0 
1696 0.0 
1697 0.0 
1698 0.0 
1699 0.0 
1700 0.0 
1701 0.0 
1702 0.0 
1703 0.0 
1704 0.0 
1705 0.0 
1706 0.0 
1707 0.0 
1708 0.0 
1709 0.0 
1710 0.0 
1711 0.0 
1712 0.0 
1713 0.0 
1714 0.0 
1715 0.0 
1716 0.0 
1717 0.0 
1718 20.0 
1719 0.0 
1720 20.0 
1721 20.0 
1722 20.0 
1723 20.0 
1724 20.0 
1725 20.0 
1726 20.0 
1727 20.0 
1728 20.0 
1729 20.0 
1730 20.0 
1731 20.0 
1732 20.0 
1733 20.0 
1734 20.0 
1735 20.0 
1736 20.0 
1737 20.0 
1738 20.0 
1739 20.0 
1740 20.0 
1741 20.0 
1742 20.0 
1743 20.0 
1744 20.0 
1745 20.0 
1746 20.0 
1747 20.0 
1748 20.0 
1749 20.0 
1750 20.0 
1751 20.0 
1752 20.0 
1753 20.0 
1754 20.0 
1755 20.0 
1756 20.0 
1757 20.0 
1758 20.0 
1759 20.0 
1760 20.0 
1761 20.0 
1762 20.0 
1763 20.0 
1764 20.0 
1765 20.0 
1766 20.0 
1767 20.0 
1768 20.0 
1769 20.0 
1770 20.0 
1771 20.0 
1772 20.0 
1773 20.0 
1774 20.0 
1775 20.0 
1776 20.0 
1777 20.0 
1778 20.0 
1779 20.0 
1780 20.0 
1781 20.0 
1782 40.0 
1783 20.0 
1784 40.0 
1785 20.0 
1786 40.0 
1787 20.0 
1788 40.0 
1789 20.0 
1790 40.0 
1791 20.0 
1792 40.0 
1793 20.0 
1794 40.0 
1795 40.0 
1796 40.0 
1797 40.0 
1798 40.0 
1799 60.0 
1800 40.0 
1801 40.0 
1802 60.0 
1803 40.0 
1804 40.0 
1805 40.0 
1806 40.0 
1807 60.0 
1808 40.0 
1809 60.0 
1810 40.0 
1811 60.0 
1812 40.0 
1813 60.0 
1814 40.0 
1815 40.0 
1816 40.0 
1817 40.0 
1818 40.0 
1819 40.0 
1820 40.0 
1821 40.0 
1822 40.0 
1823 40.0 
1824 40.0 
1825 40.0 
1826 40.0 
1827 40.0 
1828 40.0 
1829 40.0 
1830 40.0 
1831 60.0 
1832 40.0 
1833 60.0 
1834 40.0 
1835 80.0 
1836 40.0 
1837 80.0 
1838 40.0 
1839 80.0 
1840 40.0 
1841 80.0 
1842 40.0 
1843 80.0 
1844 60.0 
1845 80.0 
1846 80.0 
1847 80.0 
1848 80.0 
1849 80.0 
1850 80.0 
1851 80.0 
1852 80.0 
1853 100.0 
1854 60.0 
1855 80.0 
1856 60.0 
1857 80.0 
1858 60.0 
1859 80.0 
1860 60.0 
1861 80.0 
1862 60.0 
1863 80.0 
1864 60.0 
1865 100.0 
1866 40.0 
1867 80.0 
1868 40.0 
1869 80.0 
1870 60.0 
1871 80.0 
1872 60.0 
1873 80.0 
1874 80.0 
1875 80.0 
1876 80.0 
1877 80.0 
1878 60.0 
1879 80.0 
1880 60.0 
1881 80.0 
1882 60.0 
1883 80.0 
1884 40.0 
1885 80.0 
1886 40.0 
1887 100.0 
1888 40.0 
1889 80.0 
1890 40.0 
1891 80.0 
1892 40.0 
1893 80.0 
1894 40.0 
1895 80.0 
1896 40.0 
1897 80.0 
1898 40.0 
1899 100.0 
1900 40.0 
1901 80.0 
1902 40.0 
1903 60.0 
1904 40.0 
1905 60.0 
1906 40.0 
1907 60.0 
1908 40.0 
1909 60.0 
1910 40.0 
1911 80.0 
1912 40.0 
1913 80.0 
1914 40.0 
1915 80.0 
1916 40.0 
1917 80.0 
1918 40.0 
1919 80.0 
1920 40.0 
1921 80.0 
1922 40.0 
1923 80.0 
1924 40.0 
1925 60.0 
1926 40.0 
1927 60.0 
1928 40.0 
1929 60.0 
1930 40.0 
1931 60.0 
1932 40.0 
1933 60.0 
1934 40.0 
1935 80.0 
1936 40.0 
1937 60.0 
1938 40.0 
1939 60.0 
1940 20.0 
1941 60.0 
1942 20.0 
1943 60.0 
1944 20.0 
1945 60.0 
1946 20.0 
1947 80.0 
1948 20.0 
1949 80.0 
1950 20.0 
1951 80.0 
1952 20.0 
1953 80.0 
1954 20.0 
1955 80.0 
1956 20.0 
1957 80.0 
1958 20.0 
1959 80.0 
1960 20.0 
1961 80.0 
1962 20.0 
1963 60.0 
1964 20.0 
1965 60.0 
1966 20.0 
1967 60.0 
1968 20.0 
1969 60.0 
1970 20.0 
1971 80.0 
1972 20.0 
1973 100.0 
1974 20.0 
1975 80.0 
1976 20.0 
1977 80.0 
1978 20.0 
1979 80.0 
1980 20.0 
1981 80.0 
1982 20.0 
1983 80.0 
1984 20.0 
1985 100.0 
1986 20.0 
1987 80.0 
1988 20.0 
1989 80.0 
1990 20.0 
1991 80.0 
1992 20.0 
1993 80.0 
1994 20.0 
1995 80.0 
1996 20.0 
1997 100.0 
1998 20.0 
1999 80.0 
2000 20.0 
2001 80.0 
2002 20.0 
2003 80.0 
2004 20.0 
2005 80.0 
2006 20.0 
2007 80.0 
2008 20.0 
2009 100.0 
2010 20.0 
2011 80.0 
2012 20.0 
2013 80.0 
2014 20.0 
2015 80.0 
2016 20.0 
2017 80.0 
2018 20.0 
2019 80.0 
2020 20.0 
2021 80.0 
2022 20.0 
2023 80.0 
2024 20.0 
2025 80.0 
2026 40.0 
2027 80.0 
2028 40.0 
2029 80.0 
2030 40.0 
2031 80.0 
2032 40.0 
2033 60.0 
2034 40.0 
2035 60.0 
2036 40.0 
2037 60.0 
2038 40.0 
2039 60.0 
2040 40.0 
2041 60.0 
2042 40.0 
2043 80.0 
2044 40.0 
2045 60.0 
2046 20.0 
2047 60.0 
2048 20.0 
2049 60.0 
2050 20.0 
2051 60.0 
2052 20.0 
2053 60.0 
2054 20.0 
2055 80.0 
2056 20.0 
2057 80.0 
2058 20.0 
2059 60.0 
2060 20.0 
2061 60.0 
2062 20.0 
2063 60.0 
2064 20.0 
2065 60.0 
2066 20.0 
2067 60.0 
2068 20.0 
2069 60.0 
2070 20.0 
2071 60.0 
2072 20.0 
2073 60.0 
2074 20.0 
2075 60.0 
2076 20.0 
2077 60.0 
2078 20.0 
2079 80.0 
2080 20.0 
2081 80.0 
2082 20.0 
2083 60.0 
2084 20.0 
2085 60.0 
2086 20.0 
2087 60.0 
2088 20.0 
2089 60.0 
2090 20.0 
2091 80.0 
2092 20.0 
2093 80.0 
2094 20.0 
2095 60.0 
2096 20.0 
2097 60.0 
2098 20.0 
2099 60.0 
2100 20.0 
2101 60.0 
2102 20.0 
2103 60.0 
2104 20.0 
2105 80.0 
2106 20.0 
2107 80.0 
2108 20.0 
2109 60.0 
2110 20.0 
2111 60.0 
2112 20.0 
2113 60.0 
2114 20.0 
2115 60.0 
2116 20.0 
2117 60.0 
2118 20.0 
2119 80.0 
2120 20.0 
2121 80.0 
2122 20.0 
2123 60.0 
2124 20.0 
2125 60.0 
2126 20.0 
2127 60.0 
2128 20.0 
2129 60.0 
2130 20.0 
2131 60.0 
2132 20.0 
2133 80.0 
2134 20.0 
2135 80.0 
2136 40.0 
2137 80.0 
2138 40.0 
2139 80.0 
2140 40.0 
2141 80.0 
2142 40.0 
2143 80.0 
2144 40.0 
2145 80.0 
2146 40.0 
2147 80.0 
2148 40.0 
2149 80.0 
2150 40.0 
2151 100.0 
2152 40.0 
2153 80.0 
2154 40.0 
2155 80.0 
2156 40.0 
2157 80.0 
2158 40.0 
2159 40.0 
2160 40.0 
2161 80.0 
2162 40.0 
2163 80.0 
2164 40.0 
2165 80.0 
2166 40.0 
2167 100.0 
2168 40.0 
2169 80.0 
2170 40.0 
2171 80.0 
2172 40.0 
2173 80.0 
2174 40.0 
2175 80.0 
2176 40.0 
2177 80.0 
2178 40.0 
2179 100.0 
2180 40.0 
2181 80.0 
2182 40.0 
2183 80.0 
2184 40.0 
2185 80.0 
2186 40.0 
2187 80.0 
2188 40.0 
2189 80.0 
2190 40.0 
2191 100.0 
2192 40.0 
2193 80.0 
2194 40.0 
2195 80.0 
2196 40.0 
2197 80.0 
2198 20.0 
2199 80.0 
2200 20.0 
2201 80.0 
2202 20.0 
2203 80.0 
2204 20.0 
2205 60.0 
2206 20.0 
2207 60.0 
2208 20.0 
2209 60.0 
2210 20.0 
2211 60.0 
2212 20.0 
2213 60.0 
2214 20.0 
2215 60.0 
2216 20.0 
2217 60.0 
2218 20.0 
2219 40.0 
2220 0.0 
2221 40.0 
2222 0.0 
2223 40.0 
2224 0.0 
2225 40.0 
2226 0.0 
2227 40.0 
2228 0.0 
2229 40.0 
2230 0.0 
2231 40.0 
2232 0.0 
2233 40.0 
2234 0.0 
2235 40.0 
2236 0.0 
2237 40.0 
2238 0.0 
2239 40.0 
2240 0.0 
2241 40.0 
2242 0.0 
2243 60.0 
2244 0.0 
2245 60.0 
2246 0.0 
2247 60.0 
2248 0.0 
2249 60.0 
2250 0.0 
2251 60.0 
2252 0.0 
2253 60.0 
2254 0.0 
2255 60.0 
2256 20.0 
2257 60.0 
2258 20.0 
2259 80.0 
2260 20.0 
2261 80.0 
2262 20.0 
2263 80.0 
2264 40.0 
2265 80.0 
2266 20.0 
2267 80.0 
2268 20.0 
2269 80.0 
2270 20.0 
2271 80.0 
2272 20.0 
2273 80.0 
2274 0.0 
2275 100.0 
2276 0.0 
2277 80.0 
2278 0.0 
2279 80.0 
2280 0.0 
2281 80.0 
2282 0.0 
2283 80.0 
2284 0.0 
2285 80.0 
2286 0.0 
2287 80.0 
2288 0.0 
2289 60.0 
2290 0.0 
2291 60.0 
2292 0.0 
2293 60.0 
2294 0.0 
2295 60.0 
2296 0.0 
2297 80.0 
2298 0.0 
2299 80.0 
2300 0.0 
2301 80.0 
2302 20.0 
2303 60.0 
2304 40.0 
2305 60.0 
2306 40.0 
2307 60.0 
2308 40.0 
2309 80.0 
2310 40.0 
2311 80.0 
2312 40.0 
2313 80.0 
2314 40.0 
2315 60.0 
2316 40.0 
2317 60.0 
2318 40.0 
2319 60.0 
2320 40.0 
2321 60.0 
2322 20.0 
2323 60.0 
2324 20.0 
2325 80.0 
2326 20.0 
2327 80.0 
2328 20.0 
2329 60.0 
2330 20.0 
2331 60.0 
2332 20.0 
2333 80.0 
2334 0.0 
2335 80.0 
2336 20.0 
2337 80.0 
2338 20.0 
2339 100.0 
2340 20.0 
2341 80.0 
2342 20.0 
2343 80.0 
2344 20.0 
2345 80.0 
2346 20.0 
2347 80.0 
2348 20.0 
2349 80.0 
2350 20.0 
2351 80.0 
2352 20.0 
2353 80.0 
2354 20.0 
2355 80.0 
2356 20.0 
2357 80.0 
2358 20.0 
2359 80.0 
2360 20.0 
2361 80.0 
2362 20.0 
2363 80.0 
2364 20.0 
2365 80.0 
2366 20.0 
2367 80.0 
2368 20.0 
2369 80.0 
2370 20.0 
2371 80.0 
2372 20.0 
2373 60.0 
2374 20.0 
2375 60.0 
2376 20.0 
2377 60.0 
2378 20.0 
2379 60.0 
2380 20.0 
2381 60.0 
2382 20.0 
2383 80.0 
2384 20.0 
2385 60.0 
2386 20.0 
2387 60.0 
2388 20.0 
2389 60.0 
2390 40.0 
2391 60.0 
2392 40.0 
2393 60.0 
2394 40.0 
2395 80.0 
2396 40.0 
2397 80.0 
2398 60.0 
2399 60.0 
2400 60.0 
2401 60.0 
2402 60.0 
2403 60.0 
2404 60.0 
2405 60.0 
2406 60.0 
2407 60.0 
2408 60.0 
2409 80.0 
2410 60.0 
2411 80.0 
2412 60.0 
2413 80.0 
2414 60.0 
2415 60.0 
2416 60.0 
2417 60.0 
2418 60.0 
2419 60.0 
2420 60.0 
2421 60.0 
2422 80.0 
2423 60.0 
2424 80.0 
2425 60.0 
2426 80.0 
2427 60.0 
2428 80.0 
2429 60.0 
2430 80.0 
2431 60.0 
2432 80.0 
2433 60.0 
2434 80.0 
2435 60.0 
2436 80.0 
2437 60.0 
2438 80.0 
2439 60.0 
2440 80.0 
2441 80.0 
2442 80.0 
2443 60.0 
2444 80.0 
2445 60.0 
2446 80.0 
2447 60.0 
2448 80.0 
2449 60.0 
2450 80.0 
2451 60.0 
2452 80.0 
2453 80.0 
2454 100.0 
2455 100.0 
2456 80.0 
2457 80.0 
2458 80.0 
2459 80.0 
2460 80.0 
2461 80.0 
2462 80.0 
2463 80.0 
2464 80.0 
2465 80.0 
2466 100.0 
2467 80.0 
2468 80.0 
2469 60.0 
2470 80.0 
2471 60.0 
2472 80.0 
2473 60.0 
2474 80.0 
2475 60.0 
2476 80.0 
2477 60.0 
2478 80.0 
2479 60.0 
2480 80.0 
2481 60.0 
2482 60.0 
2483 60.0 
2484 60.0 
2485 60.0 
2486 60.0 
2487 60.0 
2488 60.0 
2489 80.0 
2490 60.0 
2491 60.0 
2492 60.0 
2493 40.0 
2494 60.0 
2495 40.0 
2496 60.0 
2497 40.0 
2498 80.0 
2499 20.0 
2500 80.0 
2501 20.0 
2502 80.0 
2503 20.0 
2504 80.0 
2505 20.0 
2506 80.0 
2507 20.0 
2508 80.0 
2509 20.0 
2510 80.0 
2511 20.0 
2512 80.0 
2513 20.0 
2514 80.0 
2515 20.0 
2516 80.0 
2517 20.0 
2518 80.0 
2519 40.0 
2520 80.0 
2521 40.0 
2522 80.0 
2523 40.0 
2524 60.0 
2525 40.0 
2526 60.0 
2527 40.0 
2528 60.0 
2529 40.0 
2530 60.0 
2531 40.0 
2532 60.0 
2533 40.0 
2534 80.0 
2535 40.0 
2536 60.0 
2537 40.0 
2538 60.0 
2539 40.0 
2540 60.0 
2541 40.0 
2542 60.0 
2543 40.0 
2544 60.0 
2545 40.0 
2546 80.0 
2547 40.0 
2548 60.0 
2549 40.0 
2550 60.0 
2551 40.0 
2552 80.0 
2553 40.0 
2554 80.0 
2555 40.0 
2556 80.0 
2557 40.0 
2558 100.0 
2559 20.0 
2560 80.0 
2561 20.0 
2562 80.0 
2563 20.0 
2564 80.0 
2565 20.0 
2566 80.0 
2567 40.0 
2568 80.0 
2569 40.0 
2570 80.0 
2571 40.0 
2572 80.0 
2573 40.0 
2574 80.0 
2575 40.0 
2576 80.0 
2577 40.0 
2578 80.0 
2579 40.0 
2580 80.0 
2581 40.0 
2582 80.0 
2583 40.0 
2584 80.0 
2585 20.0 
2586 80.0 
2587 20.0 
2588 80.0 
2589 20.0 
2590 80.0 
2591 20.0 
2592 60.0 
2593 20.0 
2594 60.0 
2595 20.0 
2596 60.0 
2597 0.0 
2598 60.0 
2599 0.0 
2600 80.0 
2601 0.0 
2602 80.0 
2603 20.0 
2604 80.0 
2605 20.0 
2606 80.0 
2607 20.0 
2608 80.0 
2609 20.0 
2610 60.0 
2611 20.0 
2612 60.0 
2613 0.0 
2614 60.0 
2615 0.0 
2616 60.0 
2617 0.0 
2618 60.0 
2619 0.0 
2620 60.0 
2621 0.0 
2622 80.0 
2623 0.0 
2624 60.0 
2625 0.0 
2626 60.0 
2627 0.0 
2628 60.0 
2629 0.0 
2630 60.0 
2631 0.0 
2632 60.0 
2633 0.0 
2634 80.0 
2635 0.0 
2636 60.0 
2637 0.0 
2638 60.0 
2639 20.0 
2640 80.0 
2641 20.0 
2642 80.0 
2643 20.0 
2644 80.0 
2645 20.0 
2646 80.0 
2647 20.0 
2648 80.0 
2649 0.0 
2650 80.0 
2651 0.0 
2652 80.0 
2653 20.0 
2654 80.0 
2655 20.0 
2656 80.0 
2657 20.0 
2658 80.0 
2659 20.0 
2660 80.0 
2661 20.0 
2662 80.0 
2663 0.0 
2664 80.0 
2665 20.0 
2666 80.0 
2667 20.0 
2668 60.0 
2669 20.0 
2670 60.0 
2671 20.0 
2672 60.0 
2673 20.0 
2674 60.0 
2675 0.0 
2676 80.0 
2677 0.0 
2678 100.0 
2679 0.0 
2680 80.0 
2681 0.0 
2682 80.0 
2683 0.0 
2684 80.0 
2685 0.0 
2686 80.0 
2687 0.0 
2688 80.0 
2689 0.0 
2690 80.0 
2691 0.0 
2692 60.0 
2693 0.0 
2694 60.0 
2695 0.0 
2696 60.0 
2697 0.0 
2698 60.0 
2699 0.0 
2700 60.0 
2701 0.0 
2702 80.0 
2703 0.0 
2704 60.0 
2705 0.0 
2706 80.0 
2707 0.0 
2708 80.0 
2709 0.0 
2710 80.0 
2711 0.0 
2712 80.0 
2713 20.0 
2714 80.0 
2715 20.0 
2716 60.0 
2717 20.0 
2718 60.0 
2719 40.0 
2720 60.0 
2721 60.0 
2722 60.0 
2723 40.0 
2724 60.0 
2725 40.0 
2726 60.0 
2727 40.0 
2728 60.0 
2729 40.0 
2730 60.0 
2731 40.0 
2732 60.0 
2733 40.0 
2734 60.0 
2735 40.0 
2736 60.0 
2737 40.0 
2738 60.0 
2739 40.0 
2740 60.0 
2741 40.0 
2742 60.0 
2743 40.0 
2744 60.0 
2745 40.0 
2746 40.0 
2747 40.0 
2748 40.0 
2749 40.0 
2750 40.0 
2751 40.0 
2752 40.0 
2753 40.0 
2754 40.0 
2755 20.0 
2756 40.0 
2757 20.0 
2758 40.0 
2759 20.0 
2760 40.0 
2761 20.0 
2762 40.0 
2763 20.0 
2764 40.0 
2765 20.0 
2766 40.0 
2767 20.0 
2768 40.0 
2769 20.0 
2770 40.0 
2771 20.0 
2772 40.0 
2773 20.0 
2774 40.0 
2775 20.0 
2776 40.0 
2777 20.0 
2778 40.0 
2779 20.0 
2780 40.0 
2781 20.0 
2782 40.0 
2783 20.0 
2784 40.0 
2785 20.0 
2786 20.0 
2787 20.0 
2788 20.0 
2789 20.0 
2790 20.0 
2791 20.0 
2792 20.0 
2793 20.0 
2794 20.0 
2795 20.0 
2796 20.0 
2797 20.0 
2798 20.0 
2799 20.0 
2800 20.0 
2801 20.0 
2802 20.0 
2803 20.0 
2804 20.0 
2805 20.0 
2806 20.0 
2807 20.0 
2808 20.0 
2809 20.0 
2810 20.0 
2811 20.0 
2812 20.0 
2813 20.0 
2814 20.0 
2815 20.0 
2816 20.0 
2817 20.0 
2818 20.0 
2819 20.0 
2820 20.0 
2821 20.0 
2822 20.0 
2823 20.0 
2824 20.0 
2825 20.0 
2826 20.0 
2827 20.0 
2828 20.0 
2829 20.0 
2830 20.0 
2831 20.0 
2832 0.0 
2833 20.0 
2834 20.0 
2835 20.0 
2836 20.0 
2837 20.0 
2838 20.0 
2839 20.0 
2840 20.0 
2841 20.0 
2842 20.0 
2843 20.0 
2844 20.0 
2845 20.0 
2846 20.0 
2847 20.0 
2848 20.0 
2849 20.0 
2850 20.0 
2851 20.0 
2852 20.0 
2853 20.0 
2854 20.0 
2855 20.0 
2856 20.0 
2857 20.0 
2858 20.0 
2859 20.0 
2860 20.0 
2861 20.0 
2862 20.0 
2863 20.0 
2864 20.0 
2865 20.0 
2866 20.0 
2867 20.0 
2868 20.0 
2869 20.0 
2870 20.0 
2871 20.0 
2872 20.0 
2873 20.0 
2874 0.0 
2875 20.0 
2876 0.0 
2877 20.0 
2878 0.0 
2879 20.0 
2880 0.0 
2881 20.0 
2882 0.0 
2883 20.0 
2884 0.0 
2885 20.0 
2886 0.0 
2887 20.0 
2888 0.0 
2889 20.0 
2890 20.0 
2891 20.0 
2892 40.0 
2893 20.0 
2894 40.0 
2895 20.0 
2896 40.0 
2897 20.0 
2898 60.0 
2899 20.0 
2900 40.0 
2901 20.0 
2902 40.0 
2903 20.0 
2904 40.0 
2905 20.0 
2906 40.0 
2907 20.0 
2908 40.0 
2909 20.0 
2910 40.0 
2911 20.0 
2912 40.0 
2913 20.0 
2914 40.0 
2915 20.0 
2916 40.0 
2917 20.0 
2918 40.0 
2919 20.0 
2920 20.0 
2921 20.0 
2922 20.0 
2923 20.0 
2924 20.0 
2925 20.0 
2926 20.0 
2927 20.0 
2928 20.0 
2929 20.0 
2930 20.0 
2931 20.0 
2932 20.0 
2933 20.0 
2934 20.0 
2935 20.0 
2936 20.0 
2937 20.0 
2938 20.0 
2939 20.0 
2940 20.0 
2941 20.0 
2942 20.0 
2943 20.0 
2944 20.0 
2945 20.0 
2946 20.0 
2947 20.0 
2948 20.0 
2949 20.0 
2950 20.0 
2951 20.0 
2952 0.0 
2953 20.0 
2954 0.0 
2955 20.0 
2956 0.0 
2957 20.0 
2958 0.0 
2959 20.0 
2960 0.0 
2961 20.0 
2962 0.0 
2963 20.0 
2964 0.0 
2965 20.0 
2966 0.0 
2967 20.0 
2968 20.0 
2969 20.0 
2970 20.0 
2971 20.0 
2972 40.0 
2973 20.0 
2974 40.0 
2975 20.0 
2976 40.0 
2977 20.0 
2978 20.0 
2979 20.0 
2980 20.0 
2981 20.0 
2982 0.0 
2983 20.0 
2984 0.0 
2985 20.0 
2986 0.0 
2987 20.0 
2988 0.0 
2989 20.0 
2990 0.0 
2991 20.0 
2992 20.0 
2993 20.0 
2994 20.0 
2995 20.0 
2996 20.0 
2997 20.0 
2998 20.0 
2999 20.0 
3000 20.0 
3001 20.0 
3002 0.0 
3003 20.0 
3004 0.0 
3005 20.0 
3006 0.0 
3007 20.0 
3008 0.0 
3009 20.0 
3010 20.0 
3011 20.0 
3012 20.0 
3013 20.0 
3014 20.0 
3015 20.0 
3016 20.0 
3017 20.0 
3018 20.0 
3019 20.0 
3020 20.0 
3021 20.0 
3022 20.0 
3023 20.0 
3024 20.0 
3025 20.0 
3026 20.0 
3027 20.0 
3028 20.0 
3029 20.0 
3030 20.0 
3031 20.0 
3032 20.0 
3033 20.0 
3034 20.0 
3035 20.0 
3036 20.0 
3037 20.0 
3038 0.0 
3039 20.0 
3040 0.0 
3041 20.0 
3042 20.0 
3043 20.0 
3044 20.0 
3045 20.0 
3046 40.0 
3047 20.0 
3048 60.0 
3049 20.0 
3050 40.0 
3051 20.0 
3052 40.0 
3053 20.0 
3054 40.0 
3055 20.0 
3056 40.0 
3057 20.0 
3058 40.0 
3059 20.0 
3060 40.0 
3061 20.0 
3062 40.0 
3063 20.0 
3064 40.0 
3065 20.0 
3066 40.0 
3067 20.0 
3068 40.0 
3069 20.0 
3070 40.0 
3071 20.0 
3072 40.0 
3073 20.0 
3074 40.0 
3075 20.0 
3076 40.0 
3077 20.0 
3078 40.0 
3079 20.0 
3080 40.0 
3081 20.0 
3082 40.0 
3083 20.0 
3084 40.0 
3085 20.0 
3086 20.0 
3087 20.0 
3088 20.0 
3089 20.0 
3090 20.0 
3091 20.0 
3092 20.0 
3093 20.0 
3094 20.0 
3095 20.0 
3096 20.0 
3097 20.0 
3098 20.0 
3099 20.0 
3100 20.0 
3101 20.0 
3102 20.0 
3103 20.0 
3104 20.0 
3105 20.0 
3106 20.0 
3107 20.0 
3108 0.0 
3109 20.0 
3110 20.0 
3111 20.0 
3112 20.0 
3113 20.0 
3114 20.0 
3115 20.0 
3116 20.0 
3117 20.0 
3118 20.0 
3119 20.0 
3120 20.0 
3121 20.0 
3122 20.0 
3123 20.0 
3124 20.0 
3125 20.0 
3126 20.0 
3127 20.0 
3128 20.0 
3129 20.0 
3130 0.0 
3131 20.0 
3132 0.0 
3133 20.0 
3134 20.0 
3135 20.0 
3136 20.0 
3137 20.0 
3138 40.0 
3139 20.0 
3140 40.0 
3141 20.0 
3142 40.0 
3143 20.0 
3144 20.0 
3145 20.0 
3146 0.0 
3147 20.0 
3148 0.0 
3149 20.0 
3150 0.0 
3151 20.0 
3152 0.0 
3153 20.0 
3154 20.0 
3155 20.0 
3156 20.0 
3157 20.0 
3158 20.0 
3159 20.0 
3160 20.0 
3161 20.0 
3162 20.0 
3163 20.0 
3164 0.0 
3165 20.0 
3166 0.0 
3167 20.0 
3168 0.0 
3169 20.0 
3170 0.0 
3171 20.0 
3172 0.0 
3173 20.0 
3174 0.0 
3175 20.0 
3176 0.0 
3177 20.0 
3178 0.0 
3179 20.0 
3180 0.0 
3181 20.0 
3182 0.0 
3183 0.0 
3184 0.0 
3185 0.0 
3186 0.0 
3187 0.0 
3188 0.0 
3189 0.0 
3190 0.0 
3191 0.0 
3192 0.0 
3193 0.0 
3194 0.0 
3195 0.0 
