0 1.5 
1 0.5 
2 1.5 
3 0.5 
4 1.5 
5 0.5 
6 1.5 
7 0.5 
8 1.5 
9 0.5 
10 1.5 
11 0.5 
12 1.5 
13 0.5 
14 1.5 
15 1.5 
16 1.5 
17 1.5 
18 1.5 
19 1.5 
20 1.5 
21 1.5 
22 1.5 
23 1.5 
24 1.5 
25 1.5 
26 1.5 
27 1.5 
28 1.5 
29 1.5 
30 1.5 
31 1.5 
32 1.5 
33 1.5 
34 1.5 
35 1.5 
36 1.5 
37 1.5 
38 1.5 
39 1.5 
40 1.5 
41 1.5 
42 1.5 
43 1.5 
44 1.5 
45 1.5 
46 1.5 
47 1.5 
48 1.5 
49 1.5 
50 1.5 
51 1.5 
52 1.5 
53 1.5 
54 1.5 
55 1.5 
56 1.5 
57 1.5 
58 1.5 
59 1.5 
60 1.5 
61 1.5 
62 1.5 
63 1.5 
64 1.5 
65 1.5 
66 1.5 
67 1.5 
68 1.5 
69 1.5 
70 1.5 
71 1.5 
72 1.5 
73 1.5 
74 1.5 
75 1.5 
76 1.5 
77 1.5 
78 1.5 
79 1.5 
80 1.5 
81 1.5 
82 1.5 
83 1.5 
84 1.5 
85 1.5 
86 1.5 
87 1.5 
88 1.5 
89 1.5 
90 1.5 
91 1.5 
92 1.5 
93 1.5 
94 1.5 
95 1.5 
96 1.5 
97 1.5 
98 1.5 
99 1.5 
100 1.5 
101 1.5 
102 1.5 
103 1.5 
104 1.5 
105 1.5 
106 1.5 
107 1.5 
108 1.5 
109 1.5 
110 1.5 
111 1.5 
112 1.5 
113 1.5 
114 1.5 
115 1.5 
116 1.5 
117 1.5 
118 1.5 
119 1.5 
120 1.5 
121 1.5 
122 1.5 
123 1.5 
124 1.5 
125 16.5 
126 1.5 
127 16.5 
128 16.5 
129 16.5 
130 16.5 
131 16.5 
132 16.5 
133 16.5 
134 16.5 
135 16.5 
136 16.5 
137 16.5 
138 16.5 
139 16.5 
140 16.5 
141 16.5 
142 18.5 
143 16.5 
144 18.5 
145 16.5 
146 18.5 
147 16.5 
148 18.5 
149 16.5 
150 18.5 
151 16.5 
152 18.5 
153 16.5 
154 18.5 
155 16.5 
156 18.5 
157 16.5 
158 18.5 
159 16.5 
160 18.5 
161 16.5 
162 18.5 
163 18.5 
164 18.5 
165 18.5 
166 18.5 
167 18.5 
168 18.5 
169 18.5 
170 18.5 
171 18.5 
172 18.5 
173 18.5 
174 18.5 
175 18.5 
176 18.5 
177 18.5 
178 18.5 
179 18.5 
180 18.5 
181 18.5 
182 18.5 
183 18.5 
184 18.5 
185 18.5 
186 18.5 
187 18.5 
188 18.5 
189 18.5 
190 18.5 
191 18.5 
192 18.5 
193 18.5 
194 18.5 
195 18.5 
196 18.5 
197 18.5 
198 18.5 
199 18.5 
200 18.5 
201 18.5 
202 16.5 
203 18.5 
204 16.5 
205 18.5 
206 16.5 
207 18.5 
208 18.5 
209 16.5 
210 18.5 
211 16.5 
212 18.5 
213 16.5 
214 16.5 
215 16.5 
216 16.5 
217 16.5 
218 16.5 
219 16.5 
220 18.5 
221 16.5 
222 18.5 
223 16.5 
224 18.5 
225 16.5 
226 18.5 
227 16.5 
228 18.5 
229 16.5 
230 18.5 
231 16.5 
232 18.5 
233 16.5 
234 18.5 
235 16.5 
236 18.5 
237 16.5 
238 18.5 
239 16.5 
240 18.5 
241 16.5 
242 16.5 
243 16.5 
244 16.5 
245 16.5 
246 16.5 
247 16.5 
248 16.5 
249 16.5 
250 16.5 
251 16.5 
252 16.5 
253 15.5 
254 16.5 
255 15.5 
256 16.5 
257 15.5 
258 16.5 
259 15.5 
260 15.5 
261 16.5 
262 16.5 
263 16.5 
264 16.5 
265 16.5 
266 16.5 
267 16.5 
268 16.5 
269 16.5 
270 16.5 
271 15.5 
272 15.5 
273 16.5 
274 16.5 
275 16.5 
276 16.5 
277 16.5 
278 16.5 
279 16.5 
280 16.5 
281 16.5 
282 16.5 
283 15.5 
284 16.5 
285 16.5 
286 16.5 
287 16.5 
288 16.5 
289 16.5 
290 16.5 
291 16.5 
292 16.5 
293 16.5 
294 15.5 
295 16.5 
296 16.5 
297 16.5 
298 16.5 
299 16.5 
300 16.5 
301 16.5 
302 16.5 
303 16.5 
304 16.5 
305 16.5 
306 15.5 
307 16.5 
308 15.5 
309 16.5 
310 16.5 
311 16.5 
312 16.5 
313 16.5 
314 16.5 
315 16.5 
316 16.5 
317 16.5 
318 16.5 
319 16.5 
320 16.5 
321 16.5 
322 16.5 
323 16.5 
324 16.5 
325 16.5 
326 16.5 
327 16.5 
328 16.5 
329 16.5 
330 15.5 
331 16.5 
332 16.5 
333 16.5 
334 16.5 
335 16.5 
336 16.5 
337 16.5 
338 16.5 
339 16.5 
340 16.5 
341 16.5 
342 15.5 
343 16.5 
344 16.5 
345 16.5 
346 16.5 
347 16.5 
348 16.5 
349 16.5 
350 16.5 
351 16.5 
352 16.5 
353 16.5 
354 16.5 
355 16.5 
356 16.5 
357 16.5 
358 16.5 
359 16.5 
360 16.5 
361 16.5 
362 16.5 
363 16.5 
364 16.5 
365 16.5 
366 16.5 
367 16.5 
368 15.5 
369 16.5 
370 16.5 
371 16.5 
372 16.5 
373 16.5 
374 16.5 
375 16.5 
376 16.5 
377 16.5 
378 16.5 
379 16.5 
380 15.5 
381 16.5 
382 16.5 
383 16.5 
384 16.5 
385 16.5 
386 16.5 
387 16.5 
388 16.5 
389 16.5 
390 16.5 
391 16.5 
392 15.5 
393 16.5 
394 16.5 
395 16.5 
396 16.5 
397 16.5 
398 16.5 
399 16.5 
400 16.5 
401 16.5 
402 16.5 
403 16.5 
404 15.5 
405 16.5 
406 16.5 
407 16.5 
408 16.5 
409 16.5 
410 16.5 
411 16.5 
412 16.5 
413 16.5 
414 16.5 
415 16.5 
416 15.5 
417 16.5 
418 16.5 
419 16.5 
420 16.5 
421 16.5 
422 16.5 
423 16.5 
424 16.5 
425 16.5 
426 16.5 
427 16.5 
428 16.5 
429 16.5 
430 16.5 
431 16.5 
432 16.5 
433 16.5 
434 16.5 
435 16.5 
436 16.5 
437 16.5 
438 15.5 
439 16.5 
440 16.5 
441 16.5 
442 16.5 
443 16.5 
444 16.5 
445 16.5 
446 16.5 
447 16.5 
448 16.5 
449 16.5 
450 15.5 
451 16.5 
452 16.5 
453 16.5 
454 16.5 
455 16.5 
456 16.5 
457 16.5 
458 16.5 
459 16.5 
460 16.5 
461 16.5 
462 15.5 
463 16.5 
464 15.5 
465 16.5 
466 16.5 
467 16.5 
468 16.5 
469 16.5 
470 16.5 
471 16.5 
472 16.5 
473 16.5 
474 16.5 
475 16.5 
476 16.5 
477 16.5 
478 16.5 
479 16.5 
480 16.5 
481 16.5 
482 16.5 
483 16.5 
484 16.5 
485 16.5 
486 15.5 
487 16.5 
488 15.5 
489 16.5 
490 16.5 
491 16.5 
492 16.5 
493 16.5 
494 16.5 
495 16.5 
496 16.5 
497 16.5 
498 15.5 
499 16.5 
500 15.5 
501 16.5 
502 16.5 
503 16.5 
504 16.5 
505 16.5 
506 16.5 
507 16.5 
508 16.5 
509 16.5 
510 16.5 
511 16.5 
512 15.5 
513 16.5 
514 15.5 
515 16.5 
516 16.5 
517 16.5 
518 16.5 
519 16.5 
520 16.5 
521 16.5 
522 16.5 
523 16.5 
524 16.5 
525 16.5 
526 15.5 
527 16.5 
528 15.5 
529 16.5 
530 16.5 
531 16.5 
532 16.5 
533 16.5 
534 16.5 
535 16.5 
536 16.5 
537 16.5 
538 16.5 
539 16.5 
540 16.5 
541 16.5 
542 16.5 
543 16.5 
544 16.5 
545 16.5 
546 16.5 
547 16.5 
548 16.5 
549 16.5 
550 16.5 
551 16.5 
552 16.5 
553 16.5 
554 16.5 
555 16.5 
556 16.5 
557 16.5 
558 15.5 
559 16.5 
560 16.5 
561 16.5 
562 16.5 
563 16.5 
564 16.5 
565 16.5 
566 16.5 
567 16.5 
568 16.5 
569 16.5 
570 16.5 
571 16.5 
572 15.5 
573 16.5 
574 16.5 
575 16.5 
576 16.5 
577 16.5 
578 16.5 
579 16.5 
580 16.5 
581 16.5 
582 16.5 
583 16.5 
584 15.5 
585 16.5 
586 16.5 
587 16.5 
588 16.5 
589 16.5 
590 16.5 
591 16.5 
592 16.5 
593 16.5 
594 16.5 
595 16.5 
596 15.5 
597 16.5 
598 16.5 
599 16.5 
600 16.5 
601 16.5 
602 16.5 
603 16.5 
604 16.5 
605 16.5 
606 16.5 
607 16.5 
608 15.5 
609 16.5 
610 16.5 
611 16.5 
612 16.5 
613 16.5 
614 16.5 
615 16.5 
616 16.5 
617 16.5 
618 16.5 
619 16.5 
620 16.5 
621 16.5 
622 15.5 
623 16.5 
624 16.5 
625 1.5 
626 16.5 
627 1.5 
628 16.5 
629 1.5 
630 16.5 
631 1.5 
632 16.5 
633 1.5 
634 16.5 
635 1.5 
636 16.5 
637 1.5 
638 16.5 
639 1.5 
640 16.5 
641 1.5 
642 16.5 
643 1.5 
644 16.5 
645 1.5 
646 16.5 
647 1.5 
648 16.5 
649 1.5 
650 16.5 
651 1.5 
652 16.5 
653 1.5 
654 16.5 
655 1.5 
656 16.5 
657 1.5 
658 16.5 
659 1.5 
660 16.5 
661 16.5 
662 16.5 
663 16.5 
664 16.5 
665 16.5 
666 16.5 
667 16.5 
668 16.5 
669 16.5 
670 16.5 
671 16.5 
672 16.5 
673 16.5 
674 16.5 
675 16.5 
676 16.5 
677 16.5 
678 16.5 
679 1.5 
680 15.5 
681 1.5 
682 16.5 
683 1.5 
684 16.5 
685 1.5 
686 16.5 
687 1.5 
688 16.5 
689 1.5 
690 16.5 
691 1.5 
692 15.5 
693 1.5 
694 16.5 
695 1.5 
696 16.5 
697 1.5 
698 16.5 
699 1.5 
700 16.5 
701 1.5 
702 15.5 
703 1.5 
704 15.5 
705 1.5 
706 15.5 
707 15.5 
708 16.5 
709 15.5 
710 16.5 
711 15.5 
712 16.5 
713 15.5 
714 16.5 
715 15.5 
716 16.5 
717 15.5 
718 15.5 
719 15.5 
720 16.5 
721 15.5 
722 16.5 
723 15.5 
724 16.5 
725 15.5 
726 16.5 
727 15.5 
728 16.5 
729 15.5 
730 15.5 
731 15.5 
732 15.5 
733 15.5 
734 16.5 
735 15.5 
736 16.5 
737 15.5 
738 16.5 
739 1.5 
740 16.5 
741 16.5 
742 16.5 
743 16.5 
744 15.5 
745 16.5 
746 16.5 
747 16.5 
748 16.5 
749 16.5 
750 16.5 
751 16.5 
752 16.5 
753 16.5 
754 16.5 
755 16.5 
756 16.5 
757 16.5 
758 16.5 
759 16.5 
760 16.5 
761 16.5 
762 16.5 
763 16.5 
764 16.5 
765 16.5 
766 16.5 
767 16.5 
768 16.5 
769 16.5 
770 16.5 
771 16.5 
772 16.5 
773 16.5 
774 16.5 
775 16.5 
776 15.5 
777 16.5 
778 16.5 
779 16.5 
780 16.5 
781 16.5 
782 16.5 
783 16.5 
784 16.5 
785 16.5 
786 16.5 
787 16.5 
788 15.5 
789 16.5 
790 16.5 
791 16.5 
792 16.5 
793 16.5 
794 16.5 
795 16.5 
796 16.5 
797 16.5 
798 16.5 
799 16.5 
800 15.5 
801 16.5 
802 15.5 
803 16.5 
804 16.5 
805 16.5 
806 16.5 
807 16.5 
808 16.5 
809 16.5 
810 16.5 
811 16.5 
812 16.5 
813 16.5 
814 15.5 
815 16.5 
816 15.5 
817 18.5 
818 15.5 
819 18.5 
820 16.5 
821 18.5 
822 16.5 
823 18.5 
824 16.5 
825 18.5 
826 16.5 
827 16.5 
828 16.5 
829 16.5 
830 15.5 
831 16.5 
832 15.5 
833 16.5 
834 15.5 
835 16.5 
836 15.5 
837 16.5 
838 15.5 
839 16.5 
840 15.5 
841 16.5 
842 15.5 
843 16.5 
844 15.5 
845 16.5 
846 15.5 
847 16.5 
848 16.5 
849 16.5 
850 16.5 
851 16.5 
852 16.5 
853 16.5 
854 16.5 
855 16.5 
856 16.5 
857 16.5 
858 15.5 
859 15.5 
860 15.5 
861 16.5 
862 16.5 
863 16.5 
864 16.5 
865 16.5 
866 16.5 
867 16.5 
868 16.5 
869 16.5 
870 16.5 
871 15.5 
872 15.5 
873 16.5 
874 16.5 
875 16.5 
876 16.5 
877 16.5 
878 16.5 
879 16.5 
880 16.5 
881 16.5 
882 16.5 
883 15.5 
884 16.5 
885 15.5 
886 16.5 
887 16.5 
888 16.5 
889 16.5 
890 16.5 
891 16.5 
892 16.5 
893 16.5 
894 15.5 
895 16.5 
896 15.5 
897 16.5 
898 16.5 
899 16.5 
900 16.5 
901 16.5 
902 16.5 
903 16.5 
904 16.5 
905 16.5 
906 16.5 
907 16.5 
908 16.5 
909 16.5 
910 16.5 
911 16.5 
912 16.5 
913 16.5 
914 16.5 
915 16.5 
916 16.5 
917 16.5 
918 16.5 
919 16.5 
920 16.5 
921 16.5 
922 16.5 
923 16.5 
924 16.5 
925 16.5 
926 16.5 
927 15.5 
928 16.5 
929 16.5 
930 16.5 
931 16.5 
932 16.5 
933 16.5 
934 16.5 
935 16.5 
936 16.5 
937 16.5 
938 16.5 
939 15.5 
940 16.5 
941 16.5 
942 16.5 
943 16.5 
944 16.5 
945 16.5 
946 16.5 
947 16.5 
948 16.5 
949 16.5 
950 16.5 
951 15.5 
952 16.5 
953 16.5 
954 16.5 
955 16.5 
956 16.5 
957 16.5 
958 16.5 
959 16.5 
960 16.5 
961 16.5 
962 16.5 
963 15.5 
964 16.5 
965 16.5 
966 16.5 
967 16.5 
968 16.5 
969 16.5 
970 16.5 
971 16.5 
972 16.5 
973 16.5 
974 16.5 
975 16.5 
976 16.5 
977 16.5 
978 16.5 
979 16.5 
980 16.5 
981 16.5 
982 16.5 
983 16.5 
984 16.5 
985 16.5 
986 16.5 
987 16.5 
988 16.5 
989 16.5 
990 16.5 
991 16.5 
992 16.5 
993 16.5 
994 16.5 
995 15.5 
996 16.5 
997 16.5 
998 16.5 
999 16.5 
1000 16.5 
1001 16.5 
1002 1.5 
1003 16.5 
1004 1.5 
1005 16.5 
1006 1.5 
1007 16.5 
1008 15.5 
1009 16.5 
1010 15.5 
1011 16.5 
1012 15.5 
1013 16.5 
1014 15.5 
1015 18.5 
1016 15.5 
1017 16.5 
1018 1.5 
1019 16.5 
1020 1.5 
1021 16.5 
1022 1.5 
1023 16.5 
1024 1.5 
1025 15.5 
1026 1.5 
1027 15.5 
1028 1.5 
1029 16.5 
1030 1.5 
1031 16.5 
1032 1.5 
1033 16.5 
1034 1.5 
1035 16.5 
1036 1.5 
1037 16.5 
1038 1.5 
1039 15.5 
1040 1.5 
1041 16.5 
1042 1.5 
1043 16.5 
1044 16.5 
1045 16.5 
1046 16.5 
1047 16.5 
1048 16.5 
1049 16.5 
1050 16.5 
1051 16.5 
1052 16.5 
1053 16.5 
1054 1.5 
1055 16.5 
1056 1.5 
1057 16.5 
1058 15.5 
1059 16.5 
1060 15.5 
1061 16.5 
1062 15.5 
1063 16.5 
1064 15.5 
1065 16.5 
1066 15.5 
1067 16.5 
1068 1.5 
1069 16.5 
1070 16.5 
1071 15.5 
1072 16.5 
1073 16.5 
1074 16.5 
1075 16.5 
1076 16.5 
1077 16.5 
1078 16.5 
1079 16.5 
1080 1.5 
1081 16.5 
1082 1.5 
1083 15.5 
1084 1.5 
1085 16.5 
1086 1.5 
1087 16.5 
1088 1.5 
1089 16.5 
1090 1.5 
1091 16.5 
1092 1.5 
1093 16.5 
1094 1.5 
1095 15.5 
1096 1.5 
1097 16.5 
1098 1.5 
1099 16.5 
1100 1.5 
1101 16.5 
1102 1.5 
1103 16.5 
1104 1.5 
1105 16.5 
1106 1.5 
1107 15.5 
1108 1.5 
1109 16.5 
1110 1.5 
1111 16.5 
1112 1.5 
1113 16.5 
1114 1.5 
1115 16.5 
1116 1.5 
1117 16.5 
1118 15.5 
1119 15.5 
1120 15.5 
1121 16.5 
1122 15.5 
1123 16.5 
1124 15.5 
1125 16.5 
1126 15.5 
1127 16.5 
1128 16.5 
1129 16.5 
1130 16.5 
1131 16.5 
1132 16.5 
1133 16.5 
1134 16.5 
1135 16.5 
1136 16.5 
1137 16.5 
1138 16.5 
1139 16.5 
1140 16.5 
1141 16.5 
1142 16.5 
1143 16.5 
1144 16.5 
1145 16.5 
1146 16.5 
1147 16.5 
1148 16.5 
1149 16.5 
1150 16.5 
1151 16.5 
1152 16.5 
1153 16.5 
1154 16.5 
1155 16.5 
1156 16.5 
1157 16.5 
1158 16.5 
1159 16.5 
1160 16.5 
1161 16.5 
1162 16.5 
1163 16.5 
1164 16.5 
1165 16.5 
1166 16.5 
1167 16.5 
1168 16.5 
1169 16.5 
1170 16.5 
1171 16.5 
1172 16.5 
1173 16.5 
1174 16.5 
1175 16.5 
1176 16.5 
1177 16.5 
1178 16.5 
1179 16.5 
1180 16.5 
1181 16.5 
1182 16.5 
1183 16.5 
1184 16.5 
1185 16.5 
1186 16.5 
1187 16.5 
1188 16.5 
1189 16.5 
1190 16.5 
1191 16.5 
1192 16.5 
1193 16.5 
1194 16.5 
1195 16.5 
1196 16.5 
1197 16.5 
1198 16.5 
1199 16.5 
1200 16.5 
1201 16.5 
1202 16.5 
1203 16.5 
1204 16.5 
1205 16.5 
1206 16.5 
1207 16.5 
1208 16.5 
1209 16.5 
1210 16.5 
1211 16.5 
1212 16.5 
1213 16.5 
1214 16.5 
1215 16.5 
1216 16.5 
1217 16.5 
1218 16.5 
1219 16.5 
1220 16.5 
1221 16.5 
1222 16.5 
1223 16.5 
1224 16.5 
1225 16.5 
1226 16.5 
1227 16.5 
1228 16.5 
1229 16.5 
1230 16.5 
1231 16.5 
1232 16.5 
1233 16.5 
1234 16.5 
1235 16.5 
1236 16.5 
1237 1.5 
1238 16.5 
1239 16.5 
1240 16.5 
1241 16.5 
1242 16.5 
1243 16.5 
1244 16.5 
1245 16.5 
1246 16.5 
1247 16.5 
1248 16.5 
1249 16.5 
1250 16.5 
1251 16.5 
1252 16.5 
1253 16.5 
1254 16.5 
1255 16.5 
1256 16.5 
1257 16.5 
1258 16.5 
1259 16.5 
1260 16.5 
1261 16.5 
1262 16.5 
1263 16.5 
1264 16.5 
1265 16.5 
1266 16.5 
1267 16.5 
1268 16.5 
1269 16.5 
1270 16.5 
1271 16.5 
1272 16.5 
1273 16.5 
1274 16.5 
1275 16.5 
1276 16.5 
1277 16.5 
1278 16.5 
1279 1.5 
1280 16.5 
1281 1.5 
1282 16.5 
1283 1.5 
1284 16.5 
1285 1.5 
1286 16.5 
1287 1.5 
1288 16.5 
1289 1.5 
1290 16.5 
1291 1.5 
1292 16.5 
1293 1.5 
1294 16.5 
1295 15.5 
1296 16.5 
1297 15.5 
1298 16.5 
1299 15.5 
1300 16.5 
1301 15.5 
1302 16.5 
1303 15.5 
1304 16.5 
1305 16.5 
1306 16.5 
1307 16.5 
1308 16.5 
1309 16.5 
1310 16.5 
1311 16.5 
1312 16.5 
1313 16.5 
1314 16.5 
1315 16.5 
1316 16.5 
1317 16.5 
1318 16.5 
1319 16.5 
1320 16.5 
1321 16.5 
1322 16.5 
1323 16.5 
1324 16.5 
1325 16.5 
1326 16.5 
1327 16.5 
1328 16.5 
1329 16.5 
1330 16.5 
1331 16.5 
1332 16.5 
1333 16.5 
1334 16.5 
1335 16.5 
1336 16.5 
1337 16.5 
1338 16.5 
1339 16.5 
1340 16.5 
1341 16.5 
1342 16.5 
1343 16.5 
1344 16.5 
1345 16.5 
1346 16.5 
1347 16.5 
1348 16.5 
1349 16.5 
1350 16.5 
1351 16.5 
1352 16.5 
1353 16.5 
1354 16.5 
1355 16.5 
1356 16.5 
1357 1.5 
1358 16.5 
1359 1.5 
1360 16.5 
1361 1.5 
1362 16.5 
1363 1.5 
1364 16.5 
1365 1.5 
1366 16.5 
1367 1.5 
1368 16.5 
1369 1.5 
1370 16.5 
1371 1.5 
1372 16.5 
1373 15.5 
1374 16.5 
1375 15.5 
1376 16.5 
1377 15.5 
1378 16.5 
1379 15.5 
1380 16.5 
1381 15.5 
1382 16.5 
1383 16.5 
1384 16.5 
1385 16.5 
1386 16.5 
1387 1.5 
1388 16.5 
1389 1.5 
1390 16.5 
1391 1.5 
1392 16.5 
1393 1.5 
1394 16.5 
1395 1.5 
1396 16.5 
1397 16.5 
1398 16.5 
1399 16.5 
1400 16.5 
1401 16.5 
1402 16.5 
1403 16.5 
1404 16.5 
1405 16.5 
1406 16.5 
1407 1.5 
1408 16.5 
1409 1.5 
1410 16.5 
1411 1.5 
1412 16.5 
1413 1.5 
1414 16.5 
1415 16.5 
1416 16.5 
1417 16.5 
1418 16.5 
1419 16.5 
1420 16.5 
1421 16.5 
1422 16.5 
1423 16.5 
1424 16.5 
1425 16.5 
1426 16.5 
1427 16.5 
1428 16.5 
1429 16.5 
1430 16.5 
1431 16.5 
1432 16.5 
1433 16.5 
1434 16.5 
1435 16.5 
1436 16.5 
1437 16.5 
1438 16.5 
1439 16.5 
1440 16.5 
1441 16.5 
1442 16.5 
1443 1.5 
1444 16.5 
1445 1.5 
1446 16.5 
1447 15.5 
1448 16.5 
1449 15.5 
1450 16.5 
1451 15.5 
1452 16.5 
1453 15.5 
1454 16.5 
1455 16.5 
1456 16.5 
1457 16.5 
1458 16.5 
1459 16.5 
1460 16.5 
1461 16.5 
1462 16.5 
1463 16.5 
1464 16.5 
1465 16.5 
1466 16.5 
1467 16.5 
1468 16.5 
1469 16.5 
1470 16.5 
1471 16.5 
1472 16.5 
1473 16.5 
1474 16.5 
1475 16.5 
1476 16.5 
1477 16.5 
1478 16.5 
1479 16.5 
1480 16.5 
1481 16.5 
1482 16.5 
1483 16.5 
1484 16.5 
1485 16.5 
1486 16.5 
1487 16.5 
1488 16.5 
1489 16.5 
1490 16.5 
1491 16.5 
1492 16.5 
1493 16.5 
1494 16.5 
1495 16.5 
1496 16.5 
1497 16.5 
1498 16.5 
1499 16.5 
1500 16.5 
1501 16.5 
1502 16.5 
1503 16.5 
1504 16.5 
1505 16.5 
1506 16.5 
1507 16.5 
1508 16.5 
1509 16.5 
1510 16.5 
1511 16.5 
1512 16.5 
1513 1.5 
1514 16.5 
1515 15.5 
1516 16.5 
1517 15.5 
1518 16.5 
1519 15.5 
1520 16.5 
1521 15.5 
1522 16.5 
1523 15.5 
1524 16.5 
1525 15.5 
1526 16.5 
1527 15.5 
1528 16.5 
1529 15.5 
1530 16.5 
1531 15.5 
1532 16.5 
1533 15.5 
1534 16.5 
1535 0.5 
1536 16.5 
1537 0.5 
1538 16.5 
1539 15.5 
1540 16.5 
1541 15.5 
1542 16.5 
1543 15.5 
1544 16.5 
1545 15.5 
1546 16.5 
1547 15.5 
1548 16.5 
1549 16.5 
1550 16.5 
1551 1.5 
1552 16.5 
1553 1.5 
1554 16.5 
1555 1.5 
1556 16.5 
1557 1.5 
1558 16.5 
1559 15.5 
1560 16.5 
1561 15.5 
1562 16.5 
1563 15.5 
1564 16.5 
1565 15.5 
1566 16.5 
1567 15.5 
1568 16.5 
1569 0.5 
1570 16.5 
1571 0.5 
1572 16.5 
1573 0.5 
1574 16.5 
1575 0.5 
1576 16.5 
1577 0.5 
1578 16.5 
1579 0.5 
1580 16.5 
1581 0.5 
1582 16.5 
1583 0.5 
1584 16.5 
1585 0.5 
1586 16.5 
1587 0.5 
1588 0.5 
1589 0.5 
1590 0.5 
1591 1.5 
1592 0.5 
1593 1.5 
1594 0.5 
1595 1.5 
1596 0.5 
1597 1.5 
1598 0.5 
1599 1.5 
1600 0.5 
1601 1.5 
1602 0.5 
1603 1.5 
1604 0.5 
1605 1.5 
1606 0.5 
1607 1.5 
1608 1.5 
1609 1.5 
1610 1.5 
1611 1.5 
1612 1.5 
1613 1.5 
1614 1.5 
1615 1.5 
1616 1.5 
1617 1.5 
1618 1.5 
1619 1.5 
1620 1.5 
1621 1.5 
1622 1.5 
1623 1.5 
1624 1.5 
1625 1.5 
1626 1.5 
1627 1.5 
1628 1.5 
1629 1.5 
1630 1.5 
1631 1.5 
1632 1.5 
1633 1.5 
1634 1.5 
1635 1.5 
1636 1.5 
1637 1.5 
1638 1.5 
1639 1.5 
1640 1.5 
1641 1.5 
1642 1.5 
1643 1.5 
1644 1.5 
1645 1.5 
1646 1.5 
1647 1.5 
1648 1.5 
1649 1.5 
1650 1.5 
1651 1.5 
1652 1.5 
1653 1.5 
1654 1.5 
1655 1.5 
1656 1.5 
1657 1.5 
1658 1.5 
1659 1.5 
1660 1.5 
1661 1.5 
1662 1.5 
1663 1.5 
1664 1.5 
1665 1.5 
1666 1.5 
1667 1.5 
1668 1.5 
1669 1.5 
1670 1.5 
1671 1.5 
1672 1.5 
1673 1.5 
1674 1.5 
1675 1.5 
1676 1.5 
1677 1.5 
1678 1.5 
1679 1.5 
1680 1.5 
1681 1.5 
1682 1.5 
1683 1.5 
1684 1.5 
1685 1.5 
1686 1.5 
1687 1.5 
1688 1.5 
1689 1.5 
1690 1.5 
1691 1.5 
1692 1.5 
1693 1.5 
1694 1.5 
1695 1.5 
1696 1.5 
1697 1.5 
1698 1.5 
1699 1.5 
1700 1.5 
1701 1.5 
1702 1.5 
1703 1.5 
1704 1.5 
1705 1.5 
1706 1.5 
1707 1.5 
1708 1.5 
1709 1.5 
1710 1.5 
1711 1.5 
1712 1.5 
1713 1.5 
1714 1.5 
1715 1.5 
1716 1.5 
1717 1.5 
1718 16.5 
1719 1.5 
1720 16.5 
1721 16.5 
1722 16.5 
1723 16.5 
1724 16.5 
1725 16.5 
1726 16.5 
1727 16.5 
1728 16.5 
1729 16.5 
1730 16.5 
1731 16.5 
1732 16.5 
1733 16.5 
1734 16.5 
1735 18.5 
1736 16.5 
1737 18.5 
1738 16.5 
1739 18.5 
1740 16.5 
1741 18.5 
1742 16.5 
1743 18.5 
1744 16.5 
1745 18.5 
1746 16.5 
1747 18.5 
1748 16.5 
1749 18.5 
1750 16.5 
1751 18.5 
1752 16.5 
1753 18.5 
1754 16.5 
1755 18.5 
1756 18.5 
1757 18.5 
1758 18.5 
1759 18.5 
1760 18.5 
1761 18.5 
1762 18.5 
1763 18.5 
1764 18.5 
1765 18.5 
1766 18.5 
1767 18.5 
1768 18.5 
1769 18.5 
1770 18.5 
1771 18.5 
1772 18.5 
1773 18.5 
1774 18.5 
1775 18.5 
1776 18.5 
1777 18.5 
1778 18.5 
1779 18.5 
1780 18.5 
1781 18.5 
1782 18.5 
1783 18.5 
1784 18.5 
1785 18.5 
1786 18.5 
1787 18.5 
1788 18.5 
1789 18.5 
1790 18.5 
1791 18.5 
1792 18.5 
1793 18.5 
1794 18.5 
1795 16.5 
1796 18.5 
1797 16.5 
1798 18.5 
1799 16.5 
1800 18.5 
1801 18.5 
1802 16.5 
1803 18.5 
1804 16.5 
1805 18.5 
1806 16.5 
1807 16.5 
1808 16.5 
1809 16.5 
1810 16.5 
1811 16.5 
1812 16.5 
1813 18.5 
1814 16.5 
1815 18.5 
1816 16.5 
1817 18.5 
1818 16.5 
1819 18.5 
1820 16.5 
1821 18.5 
1822 16.5 
1823 18.5 
1824 16.5 
1825 18.5 
1826 16.5 
1827 18.5 
1828 16.5 
1829 18.5 
1830 16.5 
1831 18.5 
1832 16.5 
1833 18.5 
1834 16.5 
1835 16.5 
1836 16.5 
1837 16.5 
1838 16.5 
1839 16.5 
1840 16.5 
1841 16.5 
1842 16.5 
1843 16.5 
1844 16.5 
1845 16.5 
1846 15.5 
1847 16.5 
1848 15.5 
1849 16.5 
1850 15.5 
1851 16.5 
1852 15.5 
1853 15.5 
1854 16.5 
1855 16.5 
1856 16.5 
1857 16.5 
1858 16.5 
1859 16.5 
1860 16.5 
1861 16.5 
1862 16.5 
1863 16.5 
1864 15.5 
1865 15.5 
1866 16.5 
1867 16.5 
1868 16.5 
1869 16.5 
1870 16.5 
1871 16.5 
1872 16.5 
1873 16.5 
1874 16.5 
1875 16.5 
1876 15.5 
1877 16.5 
1878 16.5 
1879 16.5 
1880 16.5 
1881 16.5 
1882 16.5 
1883 16.5 
1884 16.5 
1885 16.5 
1886 16.5 
1887 15.5 
1888 16.5 
1889 16.5 
1890 16.5 
1891 16.5 
1892 16.5 
1893 16.5 
1894 16.5 
1895 16.5 
1896 16.5 
1897 16.5 
1898 16.5 
1899 15.5 
1900 16.5 
1901 15.5 
1902 16.5 
1903 16.5 
1904 16.5 
1905 16.5 
1906 16.5 
1907 16.5 
1908 16.5 
1909 16.5 
1910 16.5 
1911 16.5 
1912 16.5 
1913 16.5 
1914 16.5 
1915 16.5 
1916 16.5 
1917 16.5 
1918 16.5 
1919 16.5 
1920 16.5 
1921 16.5 
1922 16.5 
1923 15.5 
1924 16.5 
1925 16.5 
1926 16.5 
1927 16.5 
1928 16.5 
1929 16.5 
1930 16.5 
1931 16.5 
1932 16.5 
1933 16.5 
1934 16.5 
1935 15.5 
1936 16.5 
1937 16.5 
1938 16.5 
1939 16.5 
1940 16.5 
1941 16.5 
1942 16.5 
1943 16.5 
1944 16.5 
1945 16.5 
1946 16.5 
1947 16.5 
1948 16.5 
1949 16.5 
1950 16.5 
1951 16.5 
1952 16.5 
1953 16.5 
1954 16.5 
1955 16.5 
1956 16.5 
1957 16.5 
1958 16.5 
1959 16.5 
1960 16.5 
1961 15.5 
1962 16.5 
1963 16.5 
1964 16.5 
1965 16.5 
1966 16.5 
1967 16.5 
1968 16.5 
1969 16.5 
1970 16.5 
1971 16.5 
1972 16.5 
1973 15.5 
1974 16.5 
1975 16.5 
1976 16.5 
1977 16.5 
1978 16.5 
1979 16.5 
1980 16.5 
1981 16.5 
1982 16.5 
1983 16.5 
1984 16.5 
1985 15.5 
1986 16.5 
1987 16.5 
1988 16.5 
1989 16.5 
1990 16.5 
1991 16.5 
1992 16.5 
1993 16.5 
1994 16.5 
1995 16.5 
1996 16.5 
1997 15.5 
1998 16.5 
1999 16.5 
2000 16.5 
2001 16.5 
2002 16.5 
2003 16.5 
2004 16.5 
2005 16.5 
2006 16.5 
2007 16.5 
2008 16.5 
2009 15.5 
2010 16.5 
2011 16.5 
2012 16.5 
2013 16.5 
2014 16.5 
2015 16.5 
2016 16.5 
2017 16.5 
2018 16.5 
2019 16.5 
2020 16.5 
2021 16.5 
2022 16.5 
2023 16.5 
2024 16.5 
2025 16.5 
2026 16.5 
2027 16.5 
2028 16.5 
2029 16.5 
2030 16.5 
2031 15.5 
2032 16.5 
2033 16.5 
2034 16.5 
2035 16.5 
2036 16.5 
2037 16.5 
2038 16.5 
2039 16.5 
2040 16.5 
2041 16.5 
2042 16.5 
2043 15.5 
2044 16.5 
2045 16.5 
2046 16.5 
2047 16.5 
2048 16.5 
2049 16.5 
2050 16.5 
2051 16.5 
2052 16.5 
2053 16.5 
2054 16.5 
2055 15.5 
2056 16.5 
2057 15.5 
2058 16.5 
2059 16.5 
2060 16.5 
2061 16.5 
2062 16.5 
2063 16.5 
2064 16.5 
2065 16.5 
2066 16.5 
2067 16.5 
2068 16.5 
2069 16.5 
2070 16.5 
2071 16.5 
2072 16.5 
2073 16.5 
2074 16.5 
2075 16.5 
2076 16.5 
2077 16.5 
2078 16.5 
2079 15.5 
2080 16.5 
2081 15.5 
2082 16.5 
2083 16.5 
2084 16.5 
2085 16.5 
2086 16.5 
2087 16.5 
2088 16.5 
2089 16.5 
2090 16.5 
2091 15.5 
2092 16.5 
2093 15.5 
2094 16.5 
2095 16.5 
2096 16.5 
2097 16.5 
2098 16.5 
2099 16.5 
2100 16.5 
2101 16.5 
2102 16.5 
2103 16.5 
2104 16.5 
2105 15.5 
2106 16.5 
2107 15.5 
2108 16.5 
2109 16.5 
2110 16.5 
2111 16.5 
2112 16.5 
2113 16.5 
2114 16.5 
2115 16.5 
2116 16.5 
2117 16.5 
2118 16.5 
2119 15.5 
2120 16.5 
2121 15.5 
2122 16.5 
2123 16.5 
2124 16.5 
2125 16.5 
2126 16.5 
2127 16.5 
2128 16.5 
2129 16.5 
2130 16.5 
2131 16.5 
2132 16.5 
2133 16.5 
2134 16.5 
2135 16.5 
2136 16.5 
2137 16.5 
2138 16.5 
2139 16.5 
2140 16.5 
2141 16.5 
2142 16.5 
2143 16.5 
2144 16.5 
2145 16.5 
2146 16.5 
2147 16.5 
2148 16.5 
2149 16.5 
2150 16.5 
2151 15.5 
2152 16.5 
2153 16.5 
2154 16.5 
2155 16.5 
2156 16.5 
2157 16.5 
2158 16.5 
2159 16.5 
2160 16.5 
2161 16.5 
2162 16.5 
2163 16.5 
2164 16.5 
2165 16.5 
2166 16.5 
2167 15.5 
2168 16.5 
2169 16.5 
2170 16.5 
2171 16.5 
2172 16.5 
2173 16.5 
2174 16.5 
2175 16.5 
2176 16.5 
2177 16.5 
2178 16.5 
2179 15.5 
2180 16.5 
2181 16.5 
2182 16.5 
2183 16.5 
2184 16.5 
2185 16.5 
2186 16.5 
2187 16.5 
2188 16.5 
2189 16.5 
2190 16.5 
2191 15.5 
2192 16.5 
2193 16.5 
2194 16.5 
2195 16.5 
2196 16.5 
2197 16.5 
2198 16.5 
2199 16.5 
2200 16.5 
2201 16.5 
2202 16.5 
2203 15.5 
2204 16.5 
2205 16.5 
2206 16.5 
2207 16.5 
2208 16.5 
2209 16.5 
2210 16.5 
2211 16.5 
2212 16.5 
2213 16.5 
2214 16.5 
2215 16.5 
2216 16.5 
2217 15.5 
2218 16.5 
2219 16.5 
2220 1.5 
2221 16.5 
2222 1.5 
2223 16.5 
2224 1.5 
2225 16.5 
2226 1.5 
2227 16.5 
2228 1.5 
2229 16.5 
2230 1.5 
2231 16.5 
2232 1.5 
2233 16.5 
2234 1.5 
2235 16.5 
2236 1.5 
2237 16.5 
2238 1.5 
2239 16.5 
2240 1.5 
2241 16.5 
2242 1.5 
2243 16.5 
2244 1.5 
2245 16.5 
2246 1.5 
2247 16.5 
2248 1.5 
2249 16.5 
2250 1.5 
2251 16.5 
2252 1.5 
2253 16.5 
2254 1.5 
2255 16.5 
2256 16.5 
2257 16.5 
2258 16.5 
2259 16.5 
2260 16.5 
2261 16.5 
2262 16.5 
2263 16.5 
2264 16.5 
2265 16.5 
2266 16.5 
2267 16.5 
2268 16.5 
2269 16.5 
2270 16.5 
2271 16.5 
2272 16.5 
2273 16.5 
2274 1.5 
2275 15.5 
2276 1.5 
2277 16.5 
2278 1.5 
2279 16.5 
2280 1.5 
2281 16.5 
2282 1.5 
2283 16.5 
2284 1.5 
2285 16.5 
2286 1.5 
2287 15.5 
2288 1.5 
2289 16.5 
2290 1.5 
2291 16.5 
2292 1.5 
2293 16.5 
2294 1.5 
2295 16.5 
2296 1.5 
2297 15.5 
2298 1.5 
2299 15.5 
2300 1.5 
2301 15.5 
2302 15.5 
2303 16.5 
2304 15.5 
2305 16.5 
2306 15.5 
2307 16.5 
2308 15.5 
2309 16.5 
2310 15.5 
2311 16.5 
2312 15.5 
2313 15.5 
2314 15.5 
2315 16.5 
2316 15.5 
2317 16.5 
2318 15.5 
2319 16.5 
2320 15.5 
2321 16.5 
2322 15.5 
2323 16.5 
2324 15.5 
2325 15.5 
2326 15.5 
2327 15.5 
2328 15.5 
2329 16.5 
2330 15.5 
2331 16.5 
2332 15.5 
2333 16.5 
2334 1.5 
2335 16.5 
2336 16.5 
2337 16.5 
2338 16.5 
2339 15.5 
2340 16.5 
2341 16.5 
2342 16.5 
2343 16.5 
2344 16.5 
2345 16.5 
2346 16.5 
2347 16.5 
2348 16.5 
2349 16.5 
2350 16.5 
2351 16.5 
2352 16.5 
2353 16.5 
2354 16.5 
2355 16.5 
2356 16.5 
2357 16.5 
2358 16.5 
2359 16.5 
2360 16.5 
2361 16.5 
2362 16.5 
2363 16.5 
2364 16.5 
2365 16.5 
2366 16.5 
2367 16.5 
2368 16.5 
2369 16.5 
2370 16.5 
2371 15.5 
2372 16.5 
2373 16.5 
2374 16.5 
2375 16.5 
2376 16.5 
2377 16.5 
2378 16.5 
2379 16.5 
2380 16.5 
2381 16.5 
2382 16.5 
2383 15.5 
2384 16.5 
2385 16.5 
2386 16.5 
2387 16.5 
2388 16.5 
2389 16.5 
2390 16.5 
2391 16.5 
2392 16.5 
2393 16.5 
2394 16.5 
2395 15.5 
2396 16.5 
2397 15.5 
2398 16.5 
2399 16.5 
2400 16.5 
2401 16.5 
2402 16.5 
2403 16.5 
2404 16.5 
2405 16.5 
2406 16.5 
2407 16.5 
2408 16.5 
2409 15.5 
2410 16.5 
2411 15.5 
2412 18.5 
2413 15.5 
2414 18.5 
2415 16.5 
2416 18.5 
2417 16.5 
2418 18.5 
2419 16.5 
2420 18.5 
2421 16.5 
2422 16.5 
2423 16.5 
2424 16.5 
2425 15.5 
2426 16.5 
2427 15.5 
2428 16.5 
2429 15.5 
2430 16.5 
2431 15.5 
2432 16.5 
2433 15.5 
2434 16.5 
2435 15.5 
2436 16.5 
2437 15.5 
2438 16.5 
2439 15.5 
2440 16.5 
2441 15.5 
2442 16.5 
2443 16.5 
2444 16.5 
2445 16.5 
2446 16.5 
2447 16.5 
2448 16.5 
2449 16.5 
2450 16.5 
2451 16.5 
2452 16.5 
2453 15.5 
2454 15.5 
2455 15.5 
2456 16.5 
2457 16.5 
2458 16.5 
2459 16.5 
2460 16.5 
2461 16.5 
2462 16.5 
2463 16.5 
2464 16.5 
2465 16.5 
2466 15.5 
2467 15.5 
2468 16.5 
2469 16.5 
2470 16.5 
2471 16.5 
2472 16.5 
2473 16.5 
2474 16.5 
2475 16.5 
2476 16.5 
2477 16.5 
2478 15.5 
2479 16.5 
2480 15.5 
2481 16.5 
2482 16.5 
2483 16.5 
2484 16.5 
2485 16.5 
2486 16.5 
2487 16.5 
2488 16.5 
2489 15.5 
2490 16.5 
2491 15.5 
2492 16.5 
2493 16.5 
2494 16.5 
2495 16.5 
2496 16.5 
2497 16.5 
2498 16.5 
2499 16.5 
2500 16.5 
2501 16.5 
2502 16.5 
2503 16.5 
2504 16.5 
2505 16.5 
2506 16.5 
2507 16.5 
2508 16.5 
2509 16.5 
2510 16.5 
2511 16.5 
2512 16.5 
2513 16.5 
2514 16.5 
2515 16.5 
2516 16.5 
2517 16.5 
2518 16.5 
2519 16.5 
2520 16.5 
2521 16.5 
2522 15.5 
2523 16.5 
2524 16.5 
2525 16.5 
2526 16.5 
2527 16.5 
2528 16.5 
2529 16.5 
2530 16.5 
2531 16.5 
2532 16.5 
2533 16.5 
2534 15.5 
2535 16.5 
2536 16.5 
2537 16.5 
2538 16.5 
2539 16.5 
2540 16.5 
2541 16.5 
2542 16.5 
2543 16.5 
2544 16.5 
2545 16.5 
2546 15.5 
2547 16.5 
2548 16.5 
2549 16.5 
2550 16.5 
2551 16.5 
2552 16.5 
2553 16.5 
2554 16.5 
2555 16.5 
2556 16.5 
2557 16.5 
2558 15.5 
2559 16.5 
2560 16.5 
2561 16.5 
2562 16.5 
2563 16.5 
2564 16.5 
2565 16.5 
2566 16.5 
2567 16.5 
2568 16.5 
2569 16.5 
2570 16.5 
2571 16.5 
2572 16.5 
2573 16.5 
2574 16.5 
2575 16.5 
2576 16.5 
2577 16.5 
2578 16.5 
2579 16.5 
2580 16.5 
2581 16.5 
2582 16.5 
2583 16.5 
2584 16.5 
2585 16.5 
2586 16.5 
2587 16.5 
2588 16.5 
2589 16.5 
2590 15.5 
2591 16.5 
2592 16.5 
2593 16.5 
2594 16.5 
2595 16.5 
2596 16.5 
2597 1.5 
2598 16.5 
2599 1.5 
2600 16.5 
2601 1.5 
2602 16.5 
2603 15.5 
2604 16.5 
2605 15.5 
2606 16.5 
2607 15.5 
2608 16.5 
2609 15.5 
2610 18.5 
2611 15.5 
2612 16.5 
2613 1.5 
2614 16.5 
2615 1.5 
2616 16.5 
2617 1.5 
2618 16.5 
2619 1.5 
2620 15.5 
2621 1.5 
2622 15.5 
2623 1.5 
2624 16.5 
2625 1.5 
2626 16.5 
2627 1.5 
2628 16.5 
2629 1.5 
2630 16.5 
2631 1.5 
2632 16.5 
2633 1.5 
2634 15.5 
2635 1.5 
2636 16.5 
2637 1.5 
2638 16.5 
2639 16.5 
2640 16.5 
2641 16.5 
2642 16.5 
2643 16.5 
2644 16.5 
2645 16.5 
2646 16.5 
2647 16.5 
2648 16.5 
2649 1.5 
2650 16.5 
2651 1.5 
2652 16.5 
2653 15.5 
2654 16.5 
2655 15.5 
2656 16.5 
2657 15.5 
2658 16.5 
2659 15.5 
2660 16.5 
2661 15.5 
2662 16.5 
2663 1.5 
2664 16.5 
2665 16.5 
2666 15.5 
2667 16.5 
2668 16.5 
2669 16.5 
2670 16.5 
2671 16.5 
2672 16.5 
2673 16.5 
2674 16.5 
2675 1.5 
2676 16.5 
2677 1.5 
2678 15.5 
2679 1.5 
2680 16.5 
2681 1.5 
2682 16.5 
2683 1.5 
2684 16.5 
2685 1.5 
2686 16.5 
2687 1.5 
2688 16.5 
2689 1.5 
2690 15.5 
2691 1.5 
2692 16.5 
2693 1.5 
2694 16.5 
2695 1.5 
2696 16.5 
2697 1.5 
2698 16.5 
2699 1.5 
2700 16.5 
2701 1.5 
2702 15.5 
2703 1.5 
2704 16.5 
2705 1.5 
2706 16.5 
2707 1.5 
2708 16.5 
2709 1.5 
2710 16.5 
2711 1.5 
2712 16.5 
2713 15.5 
2714 15.5 
2715 15.5 
2716 16.5 
2717 15.5 
2718 16.5 
2719 15.5 
2720 16.5 
2721 15.5 
2722 16.5 
2723 16.5 
2724 16.5 
2725 16.5 
2726 16.5 
2727 16.5 
2728 16.5 
2729 16.5 
2730 16.5 
2731 16.5 
2732 16.5 
2733 16.5 
2734 16.5 
2735 16.5 
2736 16.5 
2737 16.5 
2738 16.5 
2739 16.5 
2740 16.5 
2741 16.5 
2742 16.5 
2743 16.5 
2744 16.5 
2745 16.5 
2746 16.5 
2747 16.5 
2748 16.5 
2749 16.5 
2750 16.5 
2751 16.5 
2752 16.5 
2753 16.5 
2754 16.5 
2755 16.5 
2756 16.5 
2757 16.5 
2758 16.5 
2759 16.5 
2760 16.5 
2761 16.5 
2762 16.5 
2763 16.5 
2764 16.5 
2765 16.5 
2766 16.5 
2767 16.5 
2768 16.5 
2769 16.5 
2770 16.5 
2771 16.5 
2772 16.5 
2773 16.5 
2774 16.5 
2775 16.5 
2776 16.5 
2777 16.5 
2778 16.5 
2779 16.5 
2780 16.5 
2781 16.5 
2782 16.5 
2783 16.5 
2784 16.5 
2785 16.5 
2786 16.5 
2787 16.5 
2788 16.5 
2789 16.5 
2790 16.5 
2791 16.5 
2792 16.5 
2793 16.5 
2794 16.5 
2795 16.5 
2796 16.5 
2797 16.5 
2798 16.5 
2799 16.5 
2800 16.5 
2801 16.5 
2802 16.5 
2803 16.5 
2804 16.5 
2805 16.5 
2806 16.5 
2807 16.5 
2808 16.5 
2809 16.5 
2810 16.5 
2811 16.5 
2812 16.5 
2813 16.5 
2814 16.5 
2815 16.5 
2816 16.5 
2817 16.5 
2818 16.5 
2819 16.5 
2820 16.5 
2821 16.5 
2822 16.5 
2823 16.5 
2824 16.5 
2825 16.5 
2826 16.5 
2827 16.5 
2828 16.5 
2829 16.5 
2830 16.5 
2831 16.5 
2832 1.5 
2833 16.5 
2834 16.5 
2835 16.5 
2836 16.5 
2837 16.5 
2838 16.5 
2839 16.5 
2840 16.5 
2841 16.5 
2842 16.5 
2843 16.5 
2844 16.5 
2845 16.5 
2846 16.5 
2847 16.5 
2848 16.5 
2849 16.5 
2850 16.5 
2851 16.5 
2852 16.5 
2853 16.5 
2854 16.5 
2855 16.5 
2856 16.5 
2857 16.5 
2858 16.5 
2859 16.5 
2860 16.5 
2861 16.5 
2862 16.5 
2863 16.5 
2864 16.5 
2865 16.5 
2866 16.5 
2867 16.5 
2868 16.5 
2869 16.5 
2870 16.5 
2871 16.5 
2872 16.5 
2873 16.5 
2874 1.5 
2875 16.5 
2876 1.5 
2877 16.5 
2878 1.5 
2879 16.5 
2880 1.5 
2881 16.5 
2882 1.5 
2883 16.5 
2884 1.5 
2885 16.5 
2886 1.5 
2887 16.5 
2888 1.5 
2889 16.5 
2890 15.5 
2891 16.5 
2892 15.5 
2893 16.5 
2894 15.5 
2895 16.5 
2896 15.5 
2897 16.5 
2898 15.5 
2899 16.5 
2900 16.5 
2901 16.5 
2902 16.5 
2903 16.5 
2904 16.5 
2905 16.5 
2906 16.5 
2907 16.5 
2908 16.5 
2909 16.5 
2910 16.5 
2911 16.5 
2912 16.5 
2913 16.5 
2914 16.5 
2915 16.5 
2916 16.5 
2917 16.5 
2918 16.5 
2919 16.5 
2920 16.5 
2921 16.5 
2922 16.5 
2923 16.5 
2924 16.5 
2925 16.5 
2926 16.5 
2927 16.5 
2928 16.5 
2929 16.5 
2930 16.5 
2931 16.5 
2932 16.5 
2933 16.5 
2934 16.5 
2935 16.5 
2936 16.5 
2937 16.5 
2938 16.5 
2939 16.5 
2940 16.5 
2941 16.5 
2942 16.5 
2943 16.5 
2944 16.5 
2945 16.5 
2946 16.5 
2947 16.5 
2948 16.5 
2949 16.5 
2950 16.5 
2951 16.5 
2952 1.5 
2953 16.5 
2954 1.5 
2955 16.5 
2956 1.5 
2957 16.5 
2958 1.5 
2959 16.5 
2960 1.5 
2961 16.5 
2962 1.5 
2963 16.5 
2964 1.5 
2965 16.5 
2966 1.5 
2967 16.5 
2968 15.5 
2969 16.5 
2970 15.5 
2971 16.5 
2972 15.5 
2973 16.5 
2974 15.5 
2975 16.5 
2976 15.5 
2977 16.5 
2978 16.5 
2979 16.5 
2980 16.5 
2981 16.5 
2982 1.5 
2983 16.5 
2984 1.5 
2985 16.5 
2986 1.5 
2987 16.5 
2988 1.5 
2989 16.5 
2990 1.5 
2991 16.5 
2992 16.5 
2993 16.5 
2994 16.5 
2995 16.5 
2996 16.5 
2997 16.5 
2998 16.5 
2999 16.5 
3000 16.5 
3001 16.5 
3002 1.5 
3003 16.5 
3004 1.5 
3005 16.5 
3006 1.5 
3007 16.5 
3008 1.5 
3009 16.5 
3010 16.5 
3011 16.5 
3012 16.5 
3013 16.5 
3014 16.5 
3015 16.5 
3016 16.5 
3017 16.5 
3018 16.5 
3019 16.5 
3020 16.5 
3021 16.5 
3022 16.5 
3023 16.5 
3024 16.5 
3025 16.5 
3026 16.5 
3027 16.5 
3028 16.5 
3029 16.5 
3030 16.5 
3031 16.5 
3032 16.5 
3033 16.5 
3034 16.5 
3035 16.5 
3036 16.5 
3037 16.5 
3038 1.5 
3039 16.5 
3040 1.5 
3041 16.5 
3042 15.5 
3043 16.5 
3044 15.5 
3045 16.5 
3046 15.5 
3047 16.5 
3048 15.5 
3049 16.5 
3050 16.5 
3051 16.5 
3052 16.5 
3053 16.5 
3054 16.5 
3055 16.5 
3056 16.5 
3057 16.5 
3058 16.5 
3059 16.5 
3060 16.5 
3061 16.5 
3062 16.5 
3063 16.5 
3064 16.5 
3065 16.5 
3066 16.5 
3067 16.5 
3068 16.5 
3069 16.5 
3070 16.5 
3071 16.5 
3072 16.5 
3073 16.5 
3074 16.5 
3075 16.5 
3076 16.5 
3077 16.5 
3078 16.5 
3079 16.5 
3080 16.5 
3081 16.5 
3082 16.5 
3083 16.5 
3084 16.5 
3085 16.5 
3086 16.5 
3087 16.5 
3088 16.5 
3089 16.5 
3090 16.5 
3091 16.5 
3092 16.5 
3093 16.5 
3094 16.5 
3095 16.5 
3096 16.5 
3097 16.5 
3098 16.5 
3099 16.5 
3100 16.5 
3101 16.5 
3102 16.5 
3103 16.5 
3104 16.5 
3105 16.5 
3106 16.5 
3107 16.5 
3108 1.5 
3109 16.5 
3110 15.5 
3111 16.5 
3112 15.5 
3113 16.5 
3114 15.5 
3115 16.5 
3116 15.5 
3117 16.5 
3118 15.5 
3119 16.5 
3120 15.5 
3121 16.5 
3122 15.5 
3123 16.5 
3124 15.5 
3125 16.5 
3126 15.5 
3127 16.5 
3128 15.5 
3129 16.5 
3130 0.5 
3131 16.5 
3132 0.5 
3133 16.5 
3134 15.5 
3135 16.5 
3136 15.5 
3137 16.5 
3138 15.5 
3139 16.5 
3140 15.5 
3141 16.5 
3142 15.5 
3143 16.5 
3144 16.5 
3145 16.5 
3146 1.5 
3147 16.5 
3148 1.5 
3149 16.5 
3150 1.5 
3151 16.5 
3152 1.5 
3153 16.5 
3154 15.5 
3155 16.5 
3156 15.5 
3157 16.5 
3158 15.5 
3159 16.5 
3160 15.5 
3161 16.5 
3162 15.5 
3163 16.5 
3164 0.5 
3165 16.5 
3166 0.5 
3167 16.5 
3168 0.5 
3169 16.5 
3170 0.5 
3171 16.5 
3172 0.5 
3173 16.5 
3174 0.5 
3175 16.5 
3176 0.5 
3177 16.5 
3178 0.5 
3179 16.5 
3180 0.5 
3181 16.5 
3182 0.5 
3183 0.5 
3184 0.5 
3185 0.5 
3186 0.5 
3187 0.5 
3188 0.5 
3189 0.5 
3190 0.5 
3191 0.5 
3192 0.5 
3193 0.5 
3194 0.5 
3195 0.5 
