0 5 
1 4 
2 1 
3 0 
4 1 
5 4 
6 1 
7 4 
8 1 
9 4 
10 1 
11 4 
12 1 
13 1 
14 1 
15 1 
16 0 
17 4 
18 2 
19 2 
20 1 
21 2 
22 1 
23 5 
24 0 
25 5 
26 0 
27 5 
28 0 
29 5 
30 1 
31 5 
32 1 
33 5 
34 2 
35 5 
36 2 
37 5 
38 2 
39 5 
40 2 
41 5 
42 2 
43 5 
44 1 
45 5 
46 4 
47 1 
48 4 
49 1 
50 4 
51 1 
52 4 
53 5 
54 1 
55 5 
56 1 
57 5 
58 4 
59 5 
60 4 
61 5 
62 4 
63 1 
64 4 
65 1 
66 4 
67 1 
68 4 
69 1 
70 4 
71 1 
72 4 
73 1 
74 4 
75 1 
76 4 
77 1 
78 4 
79 1 
80 4 
81 2 
82 4 
83 1 
84 4 
85 1 
86 4 
87 2 
88 4 
89 2 
90 4 
91 2 
92 4 
93 5 
94 4 
95 5 
96 4 
97 1 
98 4 
99 2 
100 4 
101 2 
102 4 
103 5 
104 4 
105 5 
106 4 
107 1 
108 1 
109 1 
110 1 
111 0 
112 2 
113 0 
114 4 
115 1 
116 4 
117 2 
118 1 
119 2 
120 1 
121 1 
122 0 
123 1 
124 2 
125 5 
126 1 
127 5 
128 1 
129 2 
130 4 
131 2 
132 1 
133 2 
134 1 
135 2 
136 2 
137 2 
138 2 
139 4 
140 1 
141 4 
142 0 
143 4 
144 0 
145 4 
146 1 
147 4 
148 0 
149 4 
150 0 
151 4 
152 0 
153 4 
154 3 
155 4 
156 3 
157 4 
158 3 
159 4 
160 3 
161 2 
162 2 
163 2 
164 2 
165 2 
166 3 
167 2 
168 3 
169 2 
170 3 
171 0 
172 3 
173 0 
174 1 
175 1 
176 1 
177 3 
178 1 
179 3 
180 1 
181 3 
182 1 
183 3 
184 1 
185 3 
186 0 
187 3 
188 0 
189 1 
190 0 
191 1 
192 0 
193 1 
194 0 
195 1 
196 0 
197 1 
198 4 
199 1 
200 1 
201 1 
202 2 
203 1 
204 1 
205 1 
206 4 
207 2 
208 4 
209 2 
210 0 
211 2 
212 0 
213 2 
214 2 
215 2 
216 2 
217 2 
218 2 
219 0 
220 0 
221 0 
222 0 
223 0 
224 0 
225 2 
226 1 
227 2 
228 1 
229 2 
230 1 
231 2 
232 1 
233 2 
234 4 
235 2 
236 4 
237 2 
238 1 
239 2 
240 2 
241 2 
242 0 
243 2 
244 2 
245 0 
246 2 
247 0 
248 2 
249 1 
250 2 
251 2 
252 2 
253 2 
254 2 
255 2 
256 2 
257 2 
258 2 
259 2 
260 2 
261 4 
262 2 
263 4 
264 2 
265 4 
266 2 
267 2 
268 2 
269 2 
270 2 
271 2 
272 0 
273 0 
274 1 
275 2 
276 1 
277 2 
278 1 
279 0 
280 0 
281 4 
282 0 
283 4 
284 0 
285 4 
286 0 
287 4 
288 4 
289 1 
290 4 
291 1 
292 4 
293 0 
294 4 
295 4 
296 4 
297 4 
298 4 
299 2 
300 4 
301 2 
