0 40.0 
1 40.0 
2 20.0 
3 20.0 
4 20.0 
5 0.0 
6 40.0 
7 0.0 
8 40.0 
9 0.0 
10 40.0 
11 20.0 
12 60.0 
13 20.0 
14 60.0 
15 20.0 
16 40.0 
17 20.0 
18 60.0 
19 20.0 
20 40.0 
21 0.0 
22 20.0 
23 20.0 
24 20.0 
25 40.0 
26 40.0 
27 40.0 
28 20.0 
29 40.0 
30 40.0 
31 40.0 
32 60.0 
33 20.0 
34 60.0 
35 0.0 
36 60.0 
37 0.0 
38 60.0 
39 20.0 
40 60.0 
41 20.0 
42 40.0 
43 20.0 
44 40.0 
45 20.0 
46 40.0 
47 20.0 
48 60.0 
49 0.0 
50 40.0 
51 20.0 
52 40.0 
53 40.0 
54 40.0 
55 40.0 
56 20.0 
57 60.0 
58 20.0 
59 40.0 
60 40.0 
61 60.0 
62 60.0 
63 40.0 
64 60.0 
65 40.0 
66 60.0 
67 40.0 
68 40.0 
69 40.0 
70 40.0 
71 60.0 
72 40.0 
73 60.0 
74 40.0 
75 60.0 
76 40.0 
77 40.0 
78 40.0 
79 40.0 
80 40.0 
81 20.0 
82 40.0 
83 20.0 
84 60.0 
85 20.0 
86 60.0 
87 40.0 
88 60.0 
89 20.0 
90 40.0 
91 20.0 
92 40.0 
93 40.0 
94 20.0 
95 60.0 
96 20.0 
97 40.0 
98 40.0 
99 40.0 
100 40.0 
101 40.0 
102 20.0 
103 20.0 
104 20.0 
105 0.0 
106 40.0 
107 20.0 
108 20.0 
109 40.0 
110 40.0 
111 40.0 
112 40.0 
113 60.0 
114 40.0 
115 60.0 
116 20.0 
117 40.0 
118 40.0 
119 20.0 
120 40.0 
121 40.0 
122 60.0 
123 20.0 
124 60.0 
125 40.0 
126 60.0 
127 60.0 
128 40.0 
129 80.0 
130 20.0 
131 60.0 
132 20.0 
133 60.0 
134 20.0 
135 40.0 
136 20.0 
137 20.0 
138 40.0 
139 20.0 
140 60.0 
141 40.0 
142 60.0 
143 60.0 
144 60.0 
145 60.0 
146 60.0 
147 60.0 
148 40.0 
149 40.0 
150 20.0 
151 20.0 
152 0.0 
153 20.0 
154 0.0 
155 40.0 
156 20.0 
157 60.0 
158 20.0 
159 60.0 
160 20.0 
161 80.0 
162 20.0 
163 60.0 
164 20.0 
165 40.0 
166 20.0 
167 20.0 
168 20.0 
169 20.0 
170 20.0 
171 20.0 
172 20.0 
173 40.0 
174 20.0 
175 60.0 
176 20.0 
177 60.0 
178 20.0 
179 60.0 
180 20.0 
181 40.0 
182 40.0 
183 20.0 
184 40.0 
185 20.0 
186 40.0 
187 20.0 
188 40.0 
189 20.0 
190 40.0 
191 20.0 
192 40.0 
193 40.0 
194 40.0 
195 20.0 
196 40.0 
197 20.0 
198 40.0 
199 40.0 
200 60.0 
201 40.0 
202 40.0 
203 40.0 
204 40.0 
205 60.0 
206 20.0 
207 60.0 
208 20.0 
209 40.0 
210 20.0 
211 60.0 
212 20.0 
213 40.0 
214 40.0 
215 20.0 
216 40.0 
217 20.0 
218 40.0 
219 20.0 
220 40.0 
221 20.0 
222 40.0 
223 40.0 
224 20.0 
225 60.0 
226 20.0 
227 60.0 
228 20.0 
229 60.0 
230 20.0 
231 60.0 
232 20.0 
233 40.0 
234 40.0 
235 20.0 
236 60.0 
237 40.0 
238 60.0 
239 40.0 
240 40.0 
241 40.0 
242 40.0 
243 60.0 
244 40.0 
245 60.0 
246 40.0 
247 40.0 
248 40.0 
249 40.0 
250 40.0 
251 40.0 
252 40.0 
253 20.0 
254 20.0 
255 40.0 
256 20.0 
257 60.0 
258 20.0 
259 60.0 
260 20.0 
261 40.0 
262 20.0 
263 40.0 
264 40.0 
265 40.0 
266 40.0 
267 40.0 
268 40.0 
269 60.0 
270 40.0 
271 60.0 
272 40.0 
273 60.0 
274 40.0 
275 40.0 
276 40.0 
277 40.0 
278 60.0 
279 40.0 
280 60.0 
281 40.0 
282 80.0 
283 60.0 
284 60.0 
285 60.0 
286 40.0 
287 60.0 
288 20.0 
289 40.0 
290 20.0 
291 60.0 
292 0.0 
293 40.0 
294 20.0 
295 40.0 
296 20.0 
297 40.0 
298 20.0 
299 40.0 
300 40.0 
301 40.0 
302 40.0 
303 60.0 
304 40.0 
305 80.0 
306 60.0 
307 60.0 
308 80.0 
309 80.0 
310 60.0 
311 60.0 
312 80.0 
313 40.0 
314 60.0 
315 20.0 
316 40.0 
317 20.0 
318 20.0 
319 20.0 
320 20.0 
321 20.0 
322 20.0 
323 20.0 
324 20.0 
325 20.0 
326 20.0 
327 40.0 
328 20.0 
329 20.0 
330 20.0 
331 20.0 
332 20.0 
333 20.0 
334 20.0 
335 20.0 
336 40.0 
337 20.0 
338 40.0 
339 40.0 
340 40.0 
341 60.0 
342 40.0 
343 80.0 
344 40.0 
345 80.0 
346 40.0 
347 60.0 
348 40.0 
349 40.0 
350 40.0 
351 40.0 
352 40.0 
353 40.0 
354 40.0 
355 40.0 
356 40.0 
357 60.0 
358 60.0 
359 60.0 
360 60.0 
361 40.0 
362 60.0 
363 20.0 
364 60.0 
365 20.0 
366 40.0 
367 0.0 
368 40.0 
369 0.0 
370 60.0 
371 0.0 
372 40.0 
373 0.0 
374 40.0 
375 0.0 
376 40.0 
377 0.0 
378 20.0 
379 20.0 
380 20.0 
381 20.0 
382 20.0 
383 20.0 
384 20.0 
385 20.0 
386 40.0 
387 40.0 
388 40.0 
389 20.0 
390 20.0 
391 20.0 
392 20.0 
393 20.0 
394 40.0 
395 20.0 
396 20.0 
397 20.0 
398 40.0 
399 40.0 
400 40.0 
401 60.0 
402 60.0 
403 60.0 
404 40.0 
405 60.0 
406 40.0 
407 40.0 
408 40.0 
409 40.0 
410 40.0 
411 40.0 
412 20.0 
413 60.0 
414 20.0 
415 60.0 
416 40.0 
417 60.0 
418 40.0 
419 40.0 
420 40.0 
421 20.0 
422 60.0 
423 20.0 
424 60.0 
425 20.0 
426 40.0 
427 20.0 
428 40.0 
429 40.0 
430 40.0 
431 40.0 
432 20.0 
433 20.0 
434 40.0 
435 20.0 
436 40.0 
437 40.0 
438 40.0 
439 20.0 
440 40.0 
441 20.0 
442 60.0 
443 40.0 
444 60.0 
445 60.0 
446 60.0 
447 40.0 
448 40.0 
449 60.0 
450 60.0 
451 60.0 
452 60.0 
453 40.0 
454 60.0 
455 20.0 
456 60.0 
457 40.0 
458 60.0 
459 20.0 
460 60.0 
461 20.0 
462 60.0 
463 40.0 
464 60.0 
465 40.0 
466 60.0 
467 60.0 
468 60.0 
469 60.0 
470 60.0 
471 60.0 
472 40.0 
473 40.0 
474 40.0 
475 40.0 
476 40.0 
477 20.0 
478 40.0 
479 40.0 
480 40.0 
481 60.0 
482 40.0 
483 40.0 
484 60.0 
485 60.0 
486 60.0 
487 60.0 
488 80.0 
489 40.0 
490 80.0 
491 20.0 
492 80.0 
493 0.0 
494 60.0 
495 0.0 
496 60.0 
497 0.0 
498 60.0 
499 0.0 
500 40.0 
501 0.0 
502 40.0 
503 0.0 
504 40.0 
505 20.0 
506 20.0 
507 20.0 
508 0.0 
509 20.0 
510 20.0 
511 20.0 
512 20.0 
513 0.0 
514 40.0 
515 20.0 
516 40.0 
517 20.0 
518 60.0 
519 40.0 
520 40.0 
521 60.0 
522 40.0 
523 80.0 
524 40.0 
525 80.0 
526 60.0 
527 80.0 
528 40.0 
529 60.0 
530 60.0 
531 40.0 
532 60.0 
533 20.0 
534 40.0 
535 20.0 
536 20.0 
537 20.0 
538 40.0 
539 20.0 
540 20.0 
541 40.0 
542 40.0 
543 40.0 
544 60.0 
545 40.0 
546 60.0 
547 40.0 
548 60.0 
549 40.0 
550 60.0 
551 20.0 
552 40.0 
553 40.0 
554 40.0 
555 20.0 
556 40.0 
557 20.0 
558 40.0 
559 40.0 
560 60.0 
561 60.0 
562 60.0 
563 40.0 
564 60.0 
565 40.0 
566 40.0 
567 60.0 
568 20.0 
569 40.0 
570 0.0 
571 40.0 
572 0.0 
573 40.0 
574 20.0 
575 40.0 
576 20.0 
577 40.0 
578 40.0 
579 40.0 
580 60.0 
581 40.0 
582 60.0 
583 60.0 
584 40.0 
585 40.0 
586 40.0 
587 60.0 
588 40.0 
589 60.0 
590 40.0 
591 40.0 
592 60.0 
593 20.0 
594 80.0 
595 20.0 
596 100.0 
597 0.0 
598 80.0 
599 20.0 
600 60.0 
601 20.0 
602 60.0 
603 40.0 
604 40.0 
605 60.0 
606 60.0 
607 60.0 
608 40.0 
609 40.0 
610 60.0 
611 60.0 
612 40.0 
613 40.0 
614 60.0 
615 40.0 
616 60.0 
617 20.0 
618 60.0 
619 20.0 
620 60.0 
621 0.0 
622 60.0 
623 0.0 
624 60.0 
625 0.0 
626 40.0 
627 20.0 
628 40.0 
629 40.0 
630 20.0 
631 40.0 
632 40.0 
633 40.0 
634 40.0 
635 60.0 
636 40.0 
637 60.0 
638 40.0 
639 40.0 
640 60.0 
641 60.0 
642 60.0 
643 80.0 
644 60.0 
645 80.0 
646 60.0 
647 80.0 
648 60.0 
649 80.0 
650 40.0 
651 60.0 
652 40.0 
653 60.0 
654 40.0 
655 60.0 
656 40.0 
657 60.0 
658 20.0 
659 60.0 
660 20.0 
661 60.0 
662 0.0 
663 60.0 
664 20.0 
665 40.0 
666 40.0 
667 40.0 
668 60.0 
669 40.0 
670 60.0 
671 40.0 
672 60.0 
673 40.0 
674 60.0 
675 40.0 
676 60.0 
677 40.0 
678 60.0 
679 40.0 
680 60.0 
681 20.0 
682 60.0 
683 20.0 
684 60.0 
685 40.0 
686 60.0 
687 40.0 
688 40.0 
689 40.0 
690 40.0 
691 40.0 
692 40.0 
693 40.0 
694 40.0 
695 20.0 
696 40.0 
697 20.0 
698 40.0 
699 40.0 
700 60.0 
701 40.0 
702 60.0 
703 40.0 
704 60.0 
705 60.0 
706 60.0 
707 40.0 
708 40.0 
709 40.0 
710 40.0 
711 40.0 
712 40.0 
713 40.0 
714 40.0 
715 20.0 
716 40.0 
717 20.0 
718 40.0 
719 40.0 
720 20.0 
721 40.0 
722 0.0 
723 40.0 
724 20.0 
725 40.0 
726 20.0 
727 20.0 
728 40.0 
729 20.0 
730 60.0 
731 0.0 
732 80.0 
733 0.0 
734 60.0 
735 0.0 
736 80.0 
737 0.0 
738 60.0 
739 0.0 
740 40.0 
741 0.0 
742 20.0 
743 20.0 
744 20.0 
745 20.0 
746 0.0 
747 40.0 
748 20.0 
749 40.0 
750 20.0 
751 60.0 
752 40.0 
753 80.0 
754 60.0 
755 80.0 
756 80.0 
757 60.0 
758 80.0 
759 60.0 
760 100.0 
761 60.0 
762 80.0 
763 40.0 
764 80.0 
765 20.0 
766 80.0 
767 40.0 
768 80.0 
769 40.0 
770 80.0 
771 40.0 
772 80.0 
773 60.0 
774 80.0 
775 60.0 
776 80.0 
777 60.0 
778 60.0 
779 40.0 
780 60.0 
781 60.0 
782 60.0 
783 40.0 
784 60.0 
785 40.0 
786 60.0 
787 20.0 
788 60.0 
789 20.0 
790 80.0 
791 20.0 
792 80.0 
793 20.0 
794 60.0 
795 20.0 
796 40.0 
797 40.0 
798 40.0 
799 60.0 
800 40.0 
801 40.0 
802 40.0 
803 40.0 
804 40.0 
805 40.0 
806 60.0 
807 20.0 
808 60.0 
809 0.0 
810 60.0 
811 20.0 
812 60.0 
813 20.0 
814 60.0 
815 20.0 
816 60.0 
817 40.0 
818 80.0 
819 20.0 
820 60.0 
821 20.0 
822 60.0 
823 20.0 
824 40.0 
825 20.0 
826 60.0 
827 20.0 
828 40.0 
829 40.0 
830 40.0 
831 60.0 
832 40.0 
833 60.0 
834 60.0 
835 80.0 
836 60.0 
837 60.0 
838 80.0 
839 60.0 
840 80.0 
841 60.0 
842 100.0 
843 80.0 
844 80.0 
845 60.0 
846 60.0 
847 60.0 
848 40.0 
849 40.0 
850 20.0 
851 20.0 
852 20.0 
853 0.0 
854 20.0 
855 20.0 
856 40.0 
857 40.0 
858 20.0 
859 60.0 
860 40.0 
861 60.0 
862 40.0 
863 40.0 
864 20.0 
865 40.0 
866 20.0 
867 20.0 
868 20.0 
869 0.0 
870 20.0 
871 20.0 
872 20.0 
873 20.0 
874 20.0 
875 20.0 
876 20.0 
877 20.0 
878 20.0 
879 20.0 
880 20.0 
881 20.0 
882 20.0 
883 40.0 
884 40.0 
885 40.0 
886 40.0 
887 40.0 
888 40.0 
889 60.0 
890 40.0 
891 60.0 
892 40.0 
893 40.0 
894 20.0 
895 40.0 
896 20.0 
897 40.0 
898 20.0 
899 40.0 
900 20.0 
901 20.0 
902 20.0 
903 20.0 
904 20.0 
905 20.0 
906 20.0 
907 20.0 
908 20.0 
909 20.0 
910 20.0 
911 0.0 
912 20.0 
913 20.0 
914 20.0 
915 20.0 
916 20.0 
917 40.0 
918 20.0 
919 40.0 
920 20.0 
921 60.0 
922 20.0 
923 60.0 
924 20.0 
925 40.0 
926 40.0 
927 40.0 
928 40.0 
929 20.0 
930 40.0 
931 20.0 
932 40.0 
933 20.0 
934 40.0 
935 20.0 
936 40.0 
937 0.0 
938 40.0 
939 20.0 
940 40.0 
941 20.0 
942 20.0 
943 40.0 
944 20.0 
945 40.0 
946 20.0 
947 60.0 
948 20.0 
949 40.0 
950 20.0 
951 40.0 
952 20.0 
953 40.0 
954 20.0 
955 60.0 
956 20.0 
957 40.0 
958 20.0 
959 60.0 
960 20.0 
961 80.0 
962 20.0 
963 60.0 
964 0.0 
965 40.0 
966 20.0 
967 60.0 
968 20.0 
969 60.0 
970 20.0 
971 40.0 
972 40.0 
973 60.0 
974 40.0 
975 80.0 
976 40.0 
977 60.0 
978 40.0 
979 40.0 
980 60.0 
981 40.0 
982 40.0 
983 40.0 
984 40.0 
985 40.0 
986 40.0 
987 40.0 
988 40.0 
989 40.0 
990 40.0 
991 60.0 
992 60.0 
993 40.0 
994 60.0 
995 20.0 
996 40.0 
997 20.0 
998 40.0 
999 20.0 
1000 40.0 
1001 0.0 
1002 40.0 
1003 0.0 
1004 40.0 
1005 0.0 
1006 40.0 
1007 0.0 
1008 40.0 
1009 20.0 
1010 40.0 
1011 20.0 
1012 40.0 
1013 20.0 
1014 40.0 
1015 40.0 
1016 40.0 
1017 40.0 
1018 60.0 
1019 20.0 
1020 40.0 
1021 20.0 
1022 40.0 
1023 20.0 
1024 40.0 
1025 20.0 
1026 40.0 
1027 40.0 
1028 40.0 
1029 60.0 
1030 40.0 
1031 80.0 
1032 40.0 
1033 100.0 
1034 40.0 
1035 100.0 
1036 40.0 
1037 100.0 
1038 40.0 
1039 100.0 
1040 40.0 
1041 80.0 
1042 40.0 
1043 80.0 
1044 40.0 
1045 80.0 
1046 40.0 
1047 80.0 
1048 60.0 
1049 80.0 
1050 40.0 
1051 80.0 
1052 40.0 
1053 60.0 
1054 40.0 
1055 40.0 
1056 40.0 
1057 40.0 
1058 40.0 
1059 40.0 
1060 60.0 
1061 60.0 
1062 60.0 
1063 80.0 
1064 60.0 
1065 100.0 
1066 60.0 
1067 80.0 
1068 40.0 
1069 60.0 
1070 40.0 
1071 40.0 
1072 40.0 
1073 40.0 
1074 40.0 
1075 40.0 
1076 40.0 
1077 40.0 
1078 40.0 
1079 40.0 
1080 40.0 
1081 40.0 
1082 40.0 
1083 40.0 
1084 40.0 
1085 40.0 
1086 60.0 
1087 40.0 
1088 60.0 
1089 40.0 
1090 40.0 
1091 40.0 
1092 40.0 
1093 40.0 
1094 40.0 
1095 40.0 
1096 20.0 
1097 40.0 
1098 20.0 
1099 40.0 
1100 20.0 
1101 60.0 
1102 20.0 
1103 40.0 
1104 20.0 
1105 60.0 
1106 40.0 
1107 40.0 
1108 40.0 
1109 40.0 
1110 40.0 
1111 40.0 
1112 40.0 
1113 40.0 
1114 40.0 
1115 40.0 
1116 40.0 
1117 40.0 
