0 0.6987166320902 
1 0.5835503906221194 
2 0.6576758172569513 
3 0.5581221833150241 
4 0.640733889571766 
5 19.51656840613618 
6 0.6059116496968266 
7 18.54887213840694 
8 0.524935286892102 
9 21.0077158763578 
10 0.637552519998394 
11 0.75730569302346 
12 0.7820756452602067 
13 0.92476542392532 
14 0.7819270917106667 
15 0.7479803324285801 
16 0.8207371642268666 
17 0.7828440932251266 
18 0.8764214821256266 
19 0.6778297952289933 
20 0.7965724551704266 
21 24.4317821663104 
22 0.87961305777718 
23 0.5838526651781973 
24 0.9126229123881067 
25 0.6265590241972493 
26 0.86848835762356 
27 0.5999036850919414 
28 0.9180969340891466 
29 0.49823801414020336 
30 0.8633636956832934 
31 0.509475522660292 
32 0.8292041854760466 
33 0.5997221538215893 
34 0.89128418998042 
35 9.27902746359041 
36 0.9221779533245199 
37 11.4748864112079 
38 1.0307037774269334 
39 0.8277228359718266 
40 1.0141759159150465 
41 0.8527123013920866 
42 0.9925113187475 
43 0.8284442983749667 
44 0.9194387952382267 
45 0.84072115257308 
46 1.0556534526572734 
47 0.81893631843522 
48 0.9616715820646733 
49 12.6640144722299 
50 0.9827486382964733 
51 0.8613491332824267 
52 0.83067502329414 
53 0.7874945399527934 
54 0.8297073527110801 
55 0.7569343254235933 
56 0.6758759158265399 
57 0.71053912594072 
58 0.5990346308101268 
59 0.6696001482917733 
60 0.66279628942776 
61 0.6097056939164514 
62 0.6538231569231467 
63 0.6862099453305534 
64 0.67997506510242 
65 0.8675426578127866 
66 1.0217083924571333 
67 0.84145901542504 
68 1.0942634269761267 
69 0.8605887721571733 
70 1.2016348605459535 
71 0.9618653238958667 
72 1.2496430584288867 
73 1.0281283234724399 
74 1.2820805270892 
75 0.91193057065654 
76 0.9736104535339599 
77 1.0514475824572134 
78 0.96730750684526 
79 1.07026657171432 
80 0.90608721491994 
81 0.98574459490526 
82 0.99412753797804 
83 0.9412007197272267 
84 1.1767869138670666 
85 0.91082723655996 
86 1.2491223398888869 
87 0.9023334992405466 
88 1.1931925768021334 
89 0.9021733160650667 
90 1.18410250182006 
91 0.8766851815021867 
92 0.96160740518892 
93 1.1070049014354666 
94 0.8695052618027467 
95 1.2406476751299 
96 0.7707267474827934 
97 1.1455024050331133 
98 0.7630678077537667 
99 1.1632339065871935 
100 0.8574417536917467 
101 1.2187430460750535 
102 0.90702057497818 
103 1.1684505786799066 
104 0.8074907033240134 
105 16.1906961150698 
106 0.7986674572227467 
107 1.0434023928590332 
108 0.80274929688076 
109 1.1034075887541732 
110 0.77633592960196 
111 1.0322843991311532 
112 0.7842254113047133 
113 0.83995983633616 
114 0.8352445029195266 
115 0.9010208542259067 
116 0.8916499624680799 
117 0.9462743193958266 
118 1.01129425655188 
119 0.9128410947075933 
120 0.9894155976042733 
121 1.0294325941398 
122 1.07113193131262 
123 1.0802372776678666 
124 1.03261519021954 
125 1.0973504996891932 
126 1.0388075424302465 
127 1.13298929177462 
128 1.0152483558541132 
129 1.0458252844750533 
130 0.9056265273375934 
131 1.0161878759193266 
132 0.96552727492646 
133 0.9784281754129667 
134 0.9451718217510667 
135 0.9584672275536267 
136 0.88714498375742 
137 0.91391322848644 
138 0.8000477491696534 
139 1.21170011783962 
140 0.8658355131057733 
141 1.4488633325884 
142 0.8203793707143734 
143 1.5200864590090932 
144 0.8278397223673734 
145 1.5448410522321665 
146 0.8423205602054467 
147 1.5806203873631468 
148 0.8353128659051466 
149 1.3509539555292398 
150 0.8319439346498466 
151 1.0922899613154067 
152 24.112284784066 
153 1.0959579335013667 
154 12.190864027029 
155 0.9432741332407201 
156 0.80008012940284 
157 0.8923970449559 
158 0.8551816164584933 
159 0.8796133900595 
160 1.0075727347783 
161 0.8183264336674999 
162 0.9167523096700133 
163 0.87275073095218 
164 0.9317800805181601 
165 0.9174462792604934 
166 0.9254801441822467 
167 0.97035944445682 
168 1.0047267887515399 
169 1.0783289473615532 
170 0.91083307107472 
171 1.1443033029130267 
172 0.96529749881722 
173 0.99826866922032 
174 0.9031700537352866 
175 1.07388930384674 
176 0.9959127301351266 
177 1.0742073505047265 
178 0.9262392629966467 
179 0.971029798389 
180 0.77785345257308 
181 0.8763044059912201 
182 0.7505863291207133 
183 0.9405019289673866 
184 0.7801307112919199 
185 0.8612855544060667 
186 0.7691946216279933 
187 0.84338995454368 
188 0.80180307872642 
189 0.79225165219218 
190 0.8195444047245534 
191 0.8432646687920466 
192 0.7677556283032534 
193 0.9969379537451732 
194 0.7974405730062866 
195 1.04128166417728 
196 0.7558507685015067 
197 1.04415735312992 
198 0.6718857911669267 
199 1.1048212816317735 
200 0.76463684396834 
201 1.1408907758262534 
202 0.9561210302904001 
203 1.0824413558192931 
204 0.9706975927656066 
205 1.12185116452904 
206 1.0494308994390933 
207 1.0938408375416402 
208 1.1201942379861667 
209 1.0136240814353665 
210 1.02632804929496 
211 0.9336025513986868 
212 0.9547689991113134 
213 0.77551141874554 
214 0.91040100740604 
215 0.6866530186070933 
216 1.0673736791789865 
217 0.7339079160057467 
218 1.0495520918086734 
219 0.82299839790604 
220 1.1101497269613865 
221 0.9169936998791067 
222 1.2441653406225868 
223 1.0057820342103534 
224 1.23716319221016 
225 1.0891056219771467 
226 0.9872201259681533 
227 0.9842024685779134 
228 0.9394722588380334 
229 0.9123388215883934 
230 0.9171958410669799 
231 0.81102582139834 
232 0.7391430466561466 
233 0.8251131296285668 
234 0.7701482586552734 
235 0.8246498458736 
236 0.7871910248741266 
237 0.9061573003371134 
238 0.7894836978230867 
239 1.0109880934159867 
240 1.0923314542196265 
241 1.3782377032997133 
242 1.1677737762629599 
243 1.3479722642677865 
244 1.1622715504609467 
245 1.2606455494787532 
246 1.1645938566268934 
247 1.2614162903533734 
248 1.2194482731191134 
249 1.2328001236952733 
250 1.0068144834078467 
251 0.9105432896505067 
252 1.1048636548160735 
253 0.8668879615842534 
254 1.0892373175417867 
255 0.9352414731423 
256 1.1630212898227599 
257 0.9291345089611067 
258 1.1653466100701333 
259 0.8966695082839934 
260 1.1504696345069665 
261 0.97208158692386 
262 0.9704994421025733 
263 0.9721053718336067 
264 0.93097420087396 
265 0.9741696297858533 
266 0.9385100142216599 
267 0.9288123695568733 
268 1.2431646334691335 
269 0.9321028197232732 
270 1.2719992763995933 
271 0.92516105706096 
272 1.29385478589004 
273 0.9195271984414333 
274 1.3052692656526133 
275 0.8881497386828133 
276 1.1806857824045134 
277 0.9887075547427734 
278 0.8688240621255333 
279 1.0084260068857467 
280 0.8812820747072201 
281 0.9595921728189066 
282 0.8830002557526068 
283 1.0009175106249733 
284 0.8992259714950467 
285 1.0281524271169666 
286 0.9890755951056467 
287 0.9786594694275134 
288 0.9848539386698001 
289 0.9411994501280867 
290 0.8612717347256866 
291 0.893118039767 
292 11.841184713702 
293 0.9002247085687666 
294 0.8149653422818334 
295 0.8124904140646533 
296 0.8301355786977733 
297 0.84257591358498 
298 0.9052824885840732 
299 0.8613914583115666 
300 0.9703875501436666 
301 0.9239727769636132 
302 1.0355444883749467 
303 0.8669040443673267 
304 1.2003255228589067 
305 0.8566601356591733 
306 1.1111698760039066 
307 0.7957630268604333 
308 1.00795903800992 
309 0.7385913891986401 
310 1.0034662300469799 
311 0.7886380143182066 
312 0.9780413829902733 
313 0.8005535507342133 
314 0.8446975022280533 
315 0.9713481522643466 
316 0.9157526369096399 
317 0.96481354447834 
318 0.9020289666116266 
319 1.07061128329946 
320 0.98691010159452 
321 1.015151583937 
322 1.0336068237962666 
323 1.03509026969634 
324 1.0834979375880267 
325 1.04973218320028 
326 1.2769145021691666 
327 1.1112804695302867 
328 1.4952612980773667 
329 1.2258866690515666 
330 1.40670956010956 
331 1.2251126786924667 
332 1.45209690140384 
333 1.1111792074998335 
334 1.3960414143217934 
335 0.9750683205786533 
336 1.1865311472753866 
337 0.89690840926346 
338 0.92168772962494 
339 0.7930507104686133 
340 0.9019246883879599 
341 0.7370844500318067 
342 0.8330950024420066 
343 0.8090682097030667 
344 0.7995151277916667 
345 0.7776227644392933 
346 0.8245891218207 
347 0.8206960709668534 
348 0.8540257542278132 
349 0.81742835584398 
350 0.9429461996982533 
351 0.93824875703952 
352 0.9350487206924666 
353 0.9029226067423134 
354 1.0253817223312867 
355 0.9398062235926533 
356 0.93399734383548 
357 0.90978963671366 
358 0.8920178497093667 
359 0.8689097182444867 
360 0.8750731948481467 
361 0.76332638332118 
362 0.84529647614936 
363 0.8682098497039134 
364 0.7076103952965267 
365 0.8473220004544401 
366 0.7662355864344267 
367 13.1910158156242 
368 0.8445688281806399 
369 13.3321896467034 
370 0.7409276193299467 
371 14.6321191270752 
372 0.86587067796494 
373 13.7900682014069 
374 0.9170462518891267 
375 13.9464423088316 
376 0.89955338935644 
377 14.9185089566736 
378 0.9125656164959399 
379 1.0002327634650066 
380 1.0188471968764667 
381 0.9260021145814333 
382 1.1683900154901266 
383 0.9414444562524067 
384 1.2719833570850667 
385 0.9622979436488667 
386 1.23012913349406 
387 1.01806460565532 
388 1.26583764720192 
389 0.9430863103579666 
390 1.2461377454593867 
391 0.9127013333389733 
392 1.0283396911846334 
393 0.8432771689133733 
394 0.85930629065278 
395 0.7787627340432733 
396 0.9079900231183934 
397 0.6134625557518334 
398 0.84265024857194 
399 0.7041478752374134 
400 0.8107431073210599 
401 0.8484438411614733 
402 0.7024909019528199 
403 0.8214650724982667 
404 0.8184563945739666 
405 0.8526575638479066 
406 0.83022767094158 
407 1.0429593402083333 
408 0.8120730536256 
409 1.0423539997279068 
410 0.84844459819692 
411 1.0519881922611334 
412 1.0680276840769334 
413 1.1779909284732333 
414 1.10446004008046 
415 1.2320333724648267 
416 1.0836870186304 
417 1.0444505726919133 
418 1.0956161820889134 
419 1.0107549261013333 
420 1.12842448893946 
421 0.8703280026155267 
422 0.9939693070048466 
423 0.7440927659119934 
424 0.80095631167246 
425 0.7032782089900267 
426 0.7868978869293 
427 0.7387658254137534 
428 0.8207544671487333 
429 0.7664228885646533 
430 0.8019865611766267 
431 0.8216227688430734 
432 0.6966319502446 
433 0.9426770023231467 
434 0.72270308119986 
435 0.9199894869123066 
436 0.7219644147538534 
437 0.9046027413314467 
438 0.7074928195401601 
439 0.8605509797059334 
440 0.6923328656777866 
441 0.7768042178977868 
442 0.70274694870866 
443 0.8105546804768067 
444 0.8052350694407067 
445 0.93810836492544 
446 0.9706271876464666 
447 0.9839611808367067 
448 0.9800707437325133 
449 1.07554934430242 
450 0.96747752044056 
451 1.1686744365467667 
452 1.1473837774537732 
453 1.1714460242358133 
454 1.1782091555256 
455 1.0725810491690733 
456 1.0235626568470866 
457 0.97289458250362 
458 1.01230950726322 
459 1.02295779527504 
460 1.0035862578457935 
461 0.93978171560174 
462 0.9114102724907533 
463 0.9086527519723067 
464 0.9072247363018934 
465 0.9110468668634266 
466 0.8543956949390267 
467 1.12208365439464 
468 0.90996020316342 
469 1.1381403418093934 
470 1.0354876739300267 
471 1.1739909644195066 
472 1.18715904744322 
473 1.2120145648232 
474 1.26274538959434 
475 1.03281225225354 
476 1.27354927148724 
477 1.1287636253789002 
478 1.3742448184862799 
479 1.0286937231275333 
480 1.3587970757413332 
481 1.0885491822286066 
482 1.2497946425672868 
483 1.0743847538244866 
484 1.1663097587705733 
485 1.11384722678536 
486 1.1801038864750466 
487 1.1285007125623332 
488 1.1813699417627466 
489 1.0729509120261334 
490 1.0272304750052934 
491 1.0461696698913068 
492 1.0066428031625334 
493 14.5239371087171 
494 0.8289258552258066 
495 16.5830291405152 
496 0.8123974223252733 
497 17.5752910217889 
498 0.7922369255952667 
499 17.653281385878 
500 0.8902149669128133 
501 18.8798668892625 
502 0.9093565768891734 
503 35.4619811446892 
504 1.00209947017022 
505 1.0493079740784532 
506 1.25155325774826 
507 0.8546778884005267 
508 18.684326461928 
509 1.1020722801549332 
510 1.2897231707317933 
511 0.9701551363462666 
512 1.2104410201538467 
513 15.5690077103855 
514 0.9948310389090733 
515 1.0600621278950466 
516 0.86996637028798 
517 1.080013304992 
518 0.9165922780750934 
519 0.88873931155044 
520 0.8760628836444533 
521 1.0672829372778934 
522 0.8678642761724067 
523 1.1199183228687533 
524 0.9374279689847668 
525 1.1687669440537 
526 0.9558451984122333 
527 1.1655481029493935 
528 0.8381752667073133 
529 1.1543382773671667 
530 0.8689404507906466 
531 1.0119209991504599 
532 0.9526606146202934 
533 0.9717664109490266 
534 0.9114180175363333 
535 1.1011202761226266 
536 0.9411128841735266 
537 1.13006061437228 
538 1.0450109150164066 
539 1.16294498382542 
540 0.92258097862478 
541 1.2488102900303466 
542 0.9599733771892733 
543 1.2867572563418799 
544 1.0520187575141666 
545 1.1741954062496267 
546 0.9825474979311533 
547 1.1826668300143401 
548 0.9002976823255866 
549 1.1126236342109934 
550 0.96338242901134 
551 1.0704245044971468 
552 1.1007855163205869 
553 1.12479723620902 
554 1.1603515014201 
555 0.95070375529054 
556 1.0131694893012266 
557 0.9800183011311601 
558 1.22011167585536 
559 0.9407513332281667 
560 1.1459094428851266 
561 0.84767095715574 
562 0.8626190646136334 
563 0.8367473171872334 
564 0.9052892153921 
565 0.81662087221546 
566 1.0921221327001065 
567 0.8504110726230067 
568 0.99494500138408 
569 0.8289603277882533 
570 15.1183859764554 
571 0.9443150258872 
572 17.7995778331284 
573 0.8601738822881867 
574 1.2162413072539868 
575 0.7622568768919867 
576 1.1322544615215466 
577 0.7410557265059601 
578 1.1834687888914 
579 0.77684497603512 
580 1.1818725845805267 
581 0.67193761592128 
582 1.13466794055986 
583 0.8554693299563134 
584 1.1558858450585532 
585 1.0405280621003066 
586 1.1306910104810868 
587 1.1214412457507132 
588 0.9232514324721 
589 1.12681184457956 
590 0.9722250728924067 
591 1.1844615099337867 
592 0.9942936053829 
593 1.0441159663175332 
594 0.9732652134961334 
595 0.91653252050642 
596 1.0434666379714401 
597 12.9359919317463 
598 1.1366624658295532 
599 0.9137830371502733 
600 1.0957879202696332 
601 0.8568207090807133 
602 0.9579969171955334 
603 1.10891361204144 
604 0.9049691904867133 
605 1.0658449809168933 
606 1.0215295623719933 
607 1.0570845919323866 
608 0.96859495855888 
609 1.0979471077348735 
610 1.0107550195815267 
611 1.2986871233858932 
612 1.0292175767027067 
613 1.0069693786276133 
614 1.03494809957922 
615 1.0401649235445534 
616 0.9955820987109266 
617 1.0743565419938468 
618 0.8017962587682266 
619 0.9778267618302333 
620 0.7191892969547666 
621 12.7728150726945 
622 0.7431944933819333 
623 13.870199393527 
624 0.94640621335396 
625 14.6102642389156 
626 1.1120133265932668 
627 1.2571168443620402 
628 1.0528980544678332 
629 1.37923234236184 
630 1.1694824938223867 
631 1.3446909624664065 
632 1.1616958521405734 
633 1.25035588881576 
634 1.0066773902365866 
635 1.2627897946892868 
636 0.8465359243574666 
637 0.9912216180943599 
638 0.8325532819114 
639 0.9250258900261866 
640 0.9446902983339867 
641 0.8962403840415334 
642 0.9103612598247933 
643 0.9948797472070533 
644 0.9892421740601599 
645 0.8084747357259067 
646 0.9678875315188866 
647 0.8134662141094466 
648 0.9773796410358734 
649 0.7699368670092533 
650 0.7888239581135666 
651 0.76364643323422 
652 0.8862990022854067 
653 0.9719825255737801 
654 0.8767129125028533 
655 0.9773951924881467 
656 0.8071096696738267 
657 1.01546940254048 
658 0.8288336710780067 
659 1.0669963704807002 
660 0.7818643164684066 
661 1.1228595414211666 
662 11.4973741749278 
663 1.0625026117576999 
664 0.8655356017755934 
665 1.03924742364222 
666 0.9476694053917 
667 1.2594856867120732 
668 1.0277444688037267 
669 1.1364393808784865 
670 1.1168785100430267 
671 1.10857799082164 
672 1.1468491655735467 
673 1.4451336261683267 
674 1.1232248216932867 
675 1.4467922994950666 
676 1.0852924451280535 
677 1.18734722549648 
678 0.96448659315034 
679 1.03645084698588 
680 0.8749568381276733 
681 0.7655273521543133 
682 0.7674010292863801 
683 0.7359107570998933 
684 0.7007041654708533 
685 0.8124036159073668 
686 0.6481921660655886 
687 0.8261710208005734 
688 0.6821033865815667 
689 0.7374342609528333 
690 0.6774286369769801 
691 0.7569947682526467 
692 0.6828899031873933 
693 0.78836692110244 
694 0.6941543494912199 
695 0.7523244463175199 
696 0.6695257548671734 
697 0.7080587556451466 
698 0.7979635669506067 
699 0.7568374851403666 
700 0.8685501292442399 
701 0.7562858773273733 
702 0.84493965089608 
703 0.8424861532090733 
704 0.98366082096582 
705 0.8595212574631332 
706 1.0719213469598001 
707 0.9974907402152733 
708 1.0240493807206865 
709 0.9506608066372066 
710 1.0798306979666734 
711 0.9254632888752466 
712 1.0754537782939866 
713 0.8247098147481534 
714 0.9889764845032933 
715 0.6893072794948534 
716 0.8875583075625266 
717 0.5742834420278446 
718 0.7570375750712 
719 0.6126225093192941 
720 0.80226453516628 
721 0.5795835084281894 
722 10.4940004241816 
723 0.5952898470741694 
724 0.73163857654902 
725 0.6189545674464261 
726 0.8173379667524666 
727 0.6924736371277734 
728 1.15417815975028 
729 0.7154552505777 
730 1.26790620234204 
731 10.8127854033703 
732 1.2085300729341066 
733 12.2369346759606 
734 1.2717817149188733 
735 13.8556963497529 
736 1.1941566994506867 
737 14.2215865125939 
738 1.3288445219469733 
739 14.1124017922371 
740 1.09958101146642 
741 13.2775837456952 
742 1.1349595775774732 
743 0.8335422342136066 
744 0.9801268762457467 
745 0.7455638688970333 
746 15.753685791927 
747 0.75833963589632 
748 0.9305330053141667 
749 0.8532875682651133 
750 0.9969130288341 
751 0.8595877303306734 
752 0.9034993379363934 
753 0.8672412735107999 
754 0.904050016768 
755 0.8915903567866734 
756 0.9588095070143067 
757 0.9806744632467467 
758 1.1146453378640266 
759 0.9856173073530267 
760 0.9687079284443934 
761 0.84739601347918 
762 0.8822810804693799 
763 0.82014105969256 
764 0.8186328245613467 
765 0.7512397011325267 
766 0.7415385883519268 
767 0.7580507900534134 
768 0.7383579557802666 
769 0.88796224037878 
770 0.78279951064012 
771 0.7694706127110666 
772 0.9963074459260466 
773 0.9480094770760333 
774 1.06583984678382 
775 0.9426738796080667 
776 1.25730793814898 
777 0.8346645066752667 
778 1.1344892770143533 
779 0.7860827868319468 
780 1.13261844757074 
781 1.0674258720487266 
782 1.0044435297336 
783 0.9709291859171068 
784 0.96811449396118 
785 1.0023317029295933 
786 0.8621675178978 
787 0.9714927225466267 
788 0.8189809666142133 
789 0.9149841853013867 
790 0.8524285925803734 
791 0.7629327480649667 
792 0.7363549225138201 
793 0.7290584654962601 
794 0.68775919566594 
795 0.74389288749238 
796 0.6700823484775934 
797 1.0813351440110466 
798 0.8794026210753068 
799 1.2992775970648334 
800 1.0834968617031735 
801 1.3518329828779199 
802 1.2204143770146667 
803 1.2886787976301732 
804 1.2075135229779665 
805 1.2377068613391333 
806 1.1870536987744134 
807 0.9887064036083599 
808 1.0747882179843133 
809 12.5489038900953 
810 1.1014303822844866 
811 1.0087202823016868 
812 1.0386926946213735 
813 0.9885794898671133 
814 1.0180693606175 
815 1.0391626345147267 
816 1.10071760356268 
817 1.0511793550609132 
818 1.1789959771191 
819 0.8381648070636534 
820 1.09449528636558 
821 0.8211498466241333 
822 0.7949175569687733 
823 0.75654372573438 
824 0.7215541430233666 
825 0.7683238806890267 
826 0.8004207480961733 
827 0.7698858889139933 
828 0.72115894195362 
829 0.8080033381248534 
830 0.7369428371829934 
831 0.8485698635526133 
832 0.8553912179787267 
833 0.9834269334947601 
834 0.8336469560271667 
835 1.0047487295359068 
836 0.79682585644846 
837 0.9429291599163133 
838 0.8727261229911334 
839 0.8639169505137934 
840 0.79997804559756 
841 0.7989599418258467 
842 0.8124658089903466 
843 0.8518467600559133 
844 1.0379706535078332 
845 0.9965774164221333 
846 1.0570139130908134 
847 1.1513888872035134 
848 1.1272841356434735 
849 1.1847009127986134 
850 1.2634357829419467 
851 1.2438203234782135 
852 1.3551251027231 
853 17.13317943938 
854 1.2384514111197733 
855 1.0858276327268934 
856 1.2318439104763332 
857 1.0986960882323467 
858 1.1733841433589267 
859 1.1268247316991067 
860 1.0312767316117666 
861 1.0995416963933733 
862 0.9747053988651333 
863 1.0074941073414934 
864 1.0561063662628667 
865 1.0103946392543732 
866 1.0253751909606732 
867 0.8163046932731199 
868 1.1521502519992868 
869 13.4170454518031 
870 1.1459515723022267 
871 0.8606936012886667 
872 0.9720805414124933 
873 1.0682213437415733 
874 1.0237011366593334 
875 1.1061842937569135 
876 1.0645049578890866 
877 1.0974198909288866 
878 1.3221013917141 
879 1.13802025566094 
880 1.4502658931569734 
881 1.4310373323998735 
882 1.5552862108468533 
883 1.1978043926500335 
884 1.4487635846945535 
885 1.12096621366288 
886 1.4227906761064868 
887 1.1888094203322335 
888 1.1863583663613466 
889 1.11289780446388 
890 1.0062339964640268 
891 0.8261921086845 
892 0.9914120825270667 
893 0.90155116792418 
894 1.0398176824602001 
895 0.98114653042726 
896 0.9472423152999866 
897 1.00142443166442 
898 0.8947632064826934 
899 0.9734706700349334 
900 0.9985719867366399 
901 0.93186118788648 
902 0.9324239393523467 
903 1.1726120044456 
904 1.0920874600461734 
905 1.1942301559803399 
906 1.0920874600461734 
907 1.18547496860484 
908 1.0157968026339532 
909 1.30791378236806 
910 1.0157968026339532 
911 19.3142122681991 
912 1.0157968026339532 
913 0.9766821855706667 
914 0.7350679939537467 
915 1.1042568720140133 
916 0.7350679939537467 
917 1.0639740159765667 
918 0.7350679939537467 
919 0.9170859275878066 
920 0.7205094852464133 
921 0.87789917668868 
922 0.7205094852464133 
923 0.6280556850210527 
924 0.7205094852464133 
925 0.8185144518733 
926 0.7643475061805333 
927 0.9415191681662534 
928 0.7643475061805333 
929 0.8475767937353733 
930 0.7643475061805333 
931 0.89470745757568 
932 0.7798430545460734 
933 0.8384579154442267 
934 0.76538606291648 
935 0.9585183679049066 
936 0.76538606291648 
937 13.0432867996689 
938 0.76538606291648 
939 1.0509513244389066 
940 0.76538606291648 
941 1.0811956644143934 
942 0.7644989429806334 
943 1.08872523761236 
944 0.8000383630689932 
945 1.0178167249734933 
946 0.8000383630689932 
947 1.10061145004504 
948 0.8000383630689932 
949 1.0041841067505668 
950 0.8000383630689932 
951 0.9658217377599333 
952 0.82874731813342 
953 1.0189518317643933 
954 0.9154598601456266 
955 1.0887457426180933 
956 0.9154598601456266 
957 0.9923105773541733 
958 0.9154598601456266 
959 1.1293028576938267 
960 0.9154598601456266 
961 1.1210534978407334 
962 0.8110734264497533 
963 1.0362801111936466 
964 11.3344093850791 
965 0.96456704799566 
966 0.7556272923386067 
967 0.9689755584223267 
968 0.7556272923386067 
969 0.8270371379146467 
970 0.7556272923386067 
971 0.8828450614022068 
972 0.7556272923386067 
973 1.0605997042967135 
974 0.8596630660365466 
975 1.0267472972334 
976 0.8444897943824533 
977 1.0673988721624135 
978 0.8444897943824533 
979 1.1060892935078932 
980 0.8444897943824533 
981 1.1024638709401402 
982 0.8320935578176534 
983 0.95230286798466 
984 0.7667781462810733 
985 1.2662729601315401 
986 0.8232271554052066 
987 1.2091999822549933 
988 0.7946479049584266 
989 1.1949221357144066 
990 0.8484215903953534 
991 1.2282342490937401 
992 0.9172566427239001 
993 1.2307995407289867 
994 0.8838990051189399 
995 0.98466233017154 
996 0.8308115666243867 
997 0.9641329979446266 
998 0.8055782626400533 
999 0.8717936308095666 
1000 0.72225953007498 
1001 13.649560680033 
1002 0.66070508047812 
1003 14.2895097332243 
1004 0.6071138829655454 
1005 13.8011039176228 
1006 0.7381407188725666 
1007 15.2883676954828 
1008 0.85445973536468 
1009 1.1134471937697665 
1010 1.1033918303107868 
1011 1.1609092388269666 
1012 1.2944418072288266 
1013 1.2836320037554867 
1014 1.3798822586259267 
1015 1.3085556962828333 
1016 1.3026730005353933 
1017 1.2584713889257801 
1018 1.2404221978040069 
1019 1.2594853684532 
1020 1.13179505256564 
1021 1.17734726104188 
1022 1.0400552877609066 
1023 1.10534803189138 
1024 0.9444991525452 
1025 1.0223854600814666 
1026 0.8897154499072666 
1027 0.9936872291542933 
1028 0.8275546205989 
1029 0.96034277428044 
1030 0.8216796473083333 
1031 0.92398087148366 
1032 0.7755173680924733 
1033 0.7726639609871067 
1034 0.91584553053276 
1035 0.8166130329950866 
1036 1.05346099533458 
1037 0.8028379464129267 
1038 0.97505959049658 
1039 0.74931312322432 
1040 0.9491525893616266 
1041 0.6665102153422839 
1042 0.94542189683782 
1043 0.7141613195640667 
1044 0.7802109829535533 
1045 0.9336945333653134 
1046 0.6893763358243666 
1047 0.9670510002241733 
1048 0.6741641445242 
1049 0.9724138308136734 
1050 0.7286140642106866 
1051 1.09316148550622 
1052 0.7742486099747666 
1053 1.0449051365157667 
1054 0.8502144843182866 
1055 0.80152619611474 
1056 0.82734133227098 
1057 0.8368323774171067 
1058 0.8415451409783333 
1059 1.1190134682444266 
1060 0.8518667244108801 
1061 1.0289316727453 
1062 0.7494166378287399 
1063 1.0626902660842534 
1064 0.74334754446938 
1065 1.35250951848604 
1066 0.8387089212839667 
1067 1.5108922629943466 
1068 0.96999621547512 
1069 1.3820861357094332 
1070 0.9586122014782067 
1071 1.50747992975736 
1072 1.1362026471780935 
1073 1.4262688138237 
1074 1.0775092722461332 
1075 1.4933939838075332 
1076 0.9616954042828934 
1077 1.2644791249038732 
1078 0.9012160647150866 
1079 1.13007215268124 
1080 0.98564332595926 
1081 1.02122019160986 
1082 0.8835455780338133 
1083 1.06135612861184 
1084 0.9680179929616599 
1085 0.797230016671 
1086 0.9545732902652534 
1087 0.73652179415244 
1088 0.9502275786243133 
1089 0.8652676339826467 
1090 1.1096991782298666 
1091 0.9227925885872666 
1092 1.09318282702954 
1093 0.89466006404016 
1094 1.0421271006099733 
1095 0.95727781207048 
1096 0.9632276082931867 
1097 1.05455806654666 
1098 0.9533596102886667 
1099 0.9944688422853534 
1100 0.8633603585738466 
1101 0.8832228390999467 
1102 0.8548549163329333 
1103 0.8839983593178066 
1104 0.81145625010488 
1105 0.83120267637632 
1106 0.87987029480264 
1107 0.8039173018563867 
1108 0.8459466497100934 
1109 0.7565435403625334 
1110 0.6664858291310494 
1111 0.8093663568377732 
1112 0.72566718122162 
1113 0.8862643769245734 
1114 0.8208476237507466 
1115 0.8173633024806667 
1116 0.8764537853329201 
1117 0.9339302982183867 
