0 7.290447841617201 
1 7.5439293217070995 
2 13.109576110670059 
3 6.833729521885412 
4 10.327974371538815 
5 6.457295491459406 
6 10.571707985925576 
7 5.594359629630618 
8 12.379005029159682 
9 6.258576568000012 
10 14.83889958111627 
11 6.218094916178921 
12 3.862030356268116 
13 7.115526466686346 
14 11.103091910207539 
15 5.706652516718028 
16 6.6203099671533945 
17 4.896758730110548 
18 10.702758427109648 
19 6.04680237587221 
20 9.18518388745571 
21 11.819968493640957 
22 14.087940804035966 
23 13.294106833258848 
24 11.635427503002965 
25 6.148464241370565 
26 8.187170848444863 
27 6.053373782449375 
28 12.145750019546464 
29 5.051832330828879 
30 11.890773836523632 
31 9.247578584389613 
32 14.866459671359506 
33 6.921110993769141 
34 14.080279302415361 
35 6.430584920037471 
36 11.47407986956498 
37 6.215837232152252 
38 12.568257411857774 
39 7.623082780969483 
40 8.297025433267592 
41 5.795070540267571 
42 11.92827627002477 
43 6.178834385652708 
44 16.6851141697828 
45 12.472690831125345 
46 11.634556065952111 
47 16.052294385548624 
48 10.28418987838368 
49 14.968163731420516 
50 12.309216569575488 
51 28.054794520547944 
52 11.174470556578314 
53 11.331822172990936 
54 10.3379785959706 
55 17.822846774570504 
56 10.174397985644319 
57 20.197063596396188 
58 9.7147714507406 
59 6.388944910387605 
60 8.999918461584677 
61 22.53608790264084 
62 10.904605913123056 
63 16.155301512957198 
64 11.98567766750585 
65 20.37256654361764 
66 11.10944419723264 
67 11.856119988580055 
68 12.44796362632699 
69 17.418350650752913 
70 9.26438924401525 
71 15.376480163065395 
72 10.675299950623318 
73 11.623142621197257 
74 14.418667968400861 
75 5.901494120742516 
76 3.1360970459718205 
77 18.875236260868 
78 11.778477333550502 
79 7.439809140333295 
80 10.855919722746343 
81 17.15679288580556 
82 10.577600012105103 
83 12.300011730205279 
84 11.230932362234242 
85 11.074011490368367 
86 11.311102900923107 
87 17.90043232769842 
88 12.874612086033256 
89 16.539575380926845 
90 10.175089092289666 
91 19.23533835965733 
92 12.715830577021606 
93 20.99808257445669 
94 9.643430458064234 
95 13.430927320061354 
96 11.297758120516846 
97 6.1771600083652185 
98 14.61592930222185 
99 6.444853172792214 
100 8.541987935367459 
101 5.772992227533553 
102 14.271922690848461 
103 19.929127011655368 
104 9.209001069255715 
105 12.50601252895943 
106 12.651279514496338 
107 8.348103004223507 
108 10.587292131541483 
109 12.52038519632953 
110 10.610835220157607 
111 22.51322569563724 
112 11.054631328146414 
113 20.548729882664183 
114 12.086983084060979 
115 13.220691372500811 
116 13.177535093561886 
117 17.477286175026876 
118 12.27434718608891 
119 6.122964269239079 
120 13.749337004802413 
121 25.06426360387709 
122 14.059465148863994 
123 7.415422749235793 
124 11.048836321009444 
125 6.353186738948998 
126 10.087359727560017 
127 5.959316475875327 
128 9.068490899734927 
129 6.629790798947277 
130 7.381894724985393 
131 6.449282849902822 
132 5.618700853326903 
133 7.06240191819388 
134 11.338714822524398 
135 5.312957914897498 
136 12.438144436898932 
137 6.016038738530695 
138 9.612335165212928 
139 6.578268506900878 
140 11.4238587183 
141 5.791989571307839 
142 10.079965777704079 
143 7.060975199154226 
144 13.292421587052079 
145 5.922426635150457 
146 11.775368971316112 
147 6.769046043606669 
148 8.835545219376964 
149 6.571157310940168 
150 12.749070637620102 
151 6.586439576073831 
152 11.211868642991753 
153 7.14316807368136 
154 12.856734736416191 
155 7.974007456316291 
156 9.436959872203035 
157 5.471628258898579 
158 10.144474516092362 
159 8.151528932526402 
160 10.454318636700124 
161 6.817401480735004 
162 10.596627212207723 
163 5.997714913265372 
164 11.207913913213103 
165 3.894541166420606 
166 11.329771314039363 
167 6.433682195453799 
168 11.039268944897143 
169 5.704432787366835 
170 9.605928952425012 
171 7.308652301344178 
172 10.597216221610791 
173 6.866475235659864 
174 13.708040552465242 
175 6.027580577479119 
176 11.261206692871104 
177 6.499461516648045 
178 10.538637614229396 
179 6.615360593036552 
180 10.426977912020982 
181 6.116455046438816 
182 14.064745451253128 
183 6.73156577004558 
184 12.456318435737598 
185 5.695323628176909 
186 9.678053823061818 
187 6.970431823016379 
188 14.058381291708704 
189 4.887446558352045 
190 9.430191512993115 
191 7.045366587830574 
192 12.391073401596483 
193 5.016449988637858 
194 12.534940781628707 
195 6.6570759238919965 
196 10.556355628264015 
197 6.1505018733182295 
198 10.343153767431538 
199 19.894718368314955 
200 12.189236237245677 
201 19.52564591964992 
202 7.8677621459388485 
203 16.31999501953277 
204 2.026393382667331 
205 7.07290602182088 
206 8.354454988009019 
207 16.687636765840967 
208 8.170838804190709 
209 2.8363656036138387 
210 6.739396743985758 
211 12.677971429780493 
212 12.503551955736938 
213 12.148951454060944 
214 9.85087134200761 
215 8.49317598269899 
216 13.273071920658479 
217 6.290405502281119 
218 6.136006413519887 
219 6.01042648866929 
220 14.140804423316814 
221 7.679976562571525 
222 10.353315215110696 
223 6.526738392304173 
224 15.653074781492347 
225 6.124037074458455 
226 13.088793883601186 
227 6.4970754436403295 
228 14.570081738000702 
229 22.523139049091945 
230 8.992412531864579 
231 20.51124760377137 
232 12.370717089759358 
233 10.479105767837423 
234 10.848086074901717 
235 9.9868661037854 
236 11.473985703694991 
237 21.72336568640653 
238 12.481264581250297 
239 9.253658504298867 
240 18.65909798652941 
241 16.690757874211585 
242 10.135037043122738 
243 17.402740089787315 
244 11.650747354883153 
245 20.702184578631996 
246 11.364860361080478 
247 19.625596586123642 
248 12.083083181129401 
249 14.820600342750128 
250 16.918724209286474 
251 10.32675380823766 
252 9.619985366938915 
253 5.660550817778294 
254 9.352077754415381 
255 6.688487991414352 
256 10.462768067172389 
257 6.557719067289141 
258 9.244806510129097 
259 6.660712584245396 
260 8.550782133952543 
261 6.692094997247728 
262 7.836480901597076 
263 17.71086179012841 
264 12.480484662375881 
265 18.663166278805893 
266 1.9110884304148137 
267 6.283667394264809 
268 9.186612260632065 
269 13.354721414720968 
270 13.2970991979203 
271 6.527225927735743 
272 12.948419999753028 
273 20.528112764291308 
274 15.117659779991637 
275 19.79976963311241 
276 7.830160922973528 
277 10.424101439982504 
278 14.356876356342378 
279 17.636019610976092 
280 9.329548993264705 
281 14.616897079271926 
282 14.432758680017894 
283 15.9348367880372 
284 10.108486030140096 
285 20.632121599685178 
286 12.451178531140533 
287 21.21067030771954 
288 11.866787004631503 
289 20.363763478970135 
290 11.485611166030905 
291 19.695081751674007 
292 13.179191332654625 
293 22.307517205433406 
294 10.08961643473136 
295 24.739755923485728 
296 13.518631088019442 
297 20.91557084798165 
298 11.263474774491717 
299 18.718721828000177 
300 7.907663882656813 
301 10.447834361268596 
302 8.25320590393996 
303 9.400875468720933 
304 13.042111711241088 
305 15.970087764387838 
306 12.736372552889769 
307 19.374749980367973 
308 10.403623393309818 
309 11.733861514660669 
310 10.956391810207462 
311 18.61867769915747 
312 11.91485783599367 
313 10.672556418718623 
314 11.629910605354805 
315 15.275789228326268 
316 8.554043195399016 
317 14.206614369521333 
318 10.129749938414426 
319 13.766395231671574 
320 13.70642789451325 
321 16.06372939518353 
322 10.637180261015557 
323 17.63097850303076 
324 10.3776251459789 
325 12.534266511668216 
326 11.776294694874567 
327 19.61018121972658 
328 12.32480591453775 
329 13.928826662770154 
330 11.852937020646467 
331 16.566359377838868 
332 13.967790491667888 
333 17.93525985854664 
334 12.908052945647926 
335 19.191771106443923 
336 15.399231195685298 
337 27.151640697320637 
338 9.966220904260881 
339 14.091443277148588 
340 8.062868127643215 
341 19.361155861241258 
342 9.900609242259366 
343 16.13119394489485 
344 7.9155135841052005 
345 18.510870044927753 
346 10.908122503328896 
347 15.679582506233622 
348 11.816272256028848 
349 21.56077600830703 
350 10.20469712931582 
351 16.795287729597046 
352 11.518256513906586 
353 26.799123373096755 
354 12.621394632233681 
355 21.883401333569857 
356 16.843714986767758 
357 12.453285748642381 
358 12.168054354826543 
359 11.695775716154003 
360 13.110436639045265 
361 18.299995200635262 
362 13.631014322252302 
363 21.2571092629477 
364 12.904121389630687 
365 10.042388545707034 
366 9.702680882662515 
367 22.724979411382254 
368 11.18889834419508 
369 13.401231392521543 
370 9.887352696430296 
371 7.135985626982075 
372 13.277777953648275 
373 21.638639248016343 
374 10.010988853617205 
375 25.401396551619722 
376 13.119253313982222 
377 17.01653657032505 
378 9.79776120797593 
379 5.411984211674019 
380 10.732253021265926 
381 24.96104359831939 
382 10.052087802002124 
383 19.917392026972482 
384 11.23174438252645 
385 5.174830972708878 
386 7.0644954826886925 
387 6.1881327475147465 
388 11.009047552803638 
389 6.873564423934134 
390 13.03133320698558 
391 5.274712892305061 
392 9.619169059435459 
393 12.64971514568436 
394 11.04770132805133 
395 10.435279336211078 
396 13.67657282230874 
397 6.671741955598114 
398 11.658940931202224 
399 6.564133382787692 
400 10.114897290831657 
401 5.945960045590896 
402 14.108127562673017 
403 20.09305177633848 
404 9.035339533100249 
405 6.405541904082664 
406 10.047392275040005 
407 6.227659852471284 
408 10.256275828340874 
409 1.9656288267583581 
410 13.87643129613149 
411 6.670733918398376 
412 5.2571663495549155 
413 5.272571166380681 
414 9.137897303055984 
415 9.411992801267408 
416 11.341228895594709 
417 5.575048349471977 
418 8.44855897448293 
419 6.215883290948646 
420 9.857261036323983 
421 6.509275899422371 
422 15.32591331291975 
423 6.32499110282719 
424 7.533144150292755 
425 6.223723220194622 
426 9.185002857787307 
427 6.859243608151998 
428 12.871095835762727 
429 7.530898866317381 
430 11.18859987249015 
431 7.141672058573131 
432 7.458635492280498 
433 6.196671709531014 
434 6.947144903891544 
435 6.330279604816338 
436 7.2700900982101695 
437 6.634237078489958 
438 7.4834008646145005 
439 5.572448537637209 
440 9.890826769796726 
441 6.4491142720517125 
442 13.470828167856064 
443 6.79340727687364 
444 10.782965486213767 
445 8.934220868435347 
446 7.578086211195386 
447 6.02979023773823 
448 6.480211603589351 
449 6.7895473801272015 
450 11.816338834453653 
451 7.390258041212591 
452 11.886359449877716 
453 6.509538560866138 
454 13.746498076154143 
455 6.662394825502066 
456 13.568793390140854 
457 7.434323382035198 
458 10.137119130310786 
459 6.870456883390883 
460 10.504221168703998 
461 6.516031008715375 
462 11.49603122396176 
463 6.516031008715375 
464 11.93200897822865 
465 5.674097202117959 
