0 1 
1 0 
2 1 
3 0 
4 1 
5 5 
6 0 
7 5 
8 1 
9 5 
10 1 
11 5 
12 1 
13 5 
14 0 
15 5 
16 2 
17 2 
18 2 
19 2 
20 1 
21 2 
22 5 
23 2 
24 5 
25 2 
26 5 
27 2 
28 1 
29 2 
30 1 
31 1 
32 1 
33 1 
34 2 
35 1 
36 0 
37 1 
38 2 
39 2 
40 1 
41 0 
42 5 
43 1 
44 5 
45 2 
46 5 
47 1 
48 1 
49 1 
50 3 
51 0 
52 2 
53 5 
54 2 
55 5 
56 1 
57 0 
58 0 
59 5 
60 0 
61 5 
62 1 
63 1 
64 2 
65 1 
66 2 
67 1 
68 2 
69 2 
70 2 
71 2 
72 3 
73 0 
74 3 
75 2 
76 3 
77 2 
78 2 
79 2 
80 1 
81 2 
82 2 
83 2 
84 2 
85 2 
86 3 
87 5 
88 3 
89 0 
90 3 
91 0 
92 3 
93 2 
94 3 
95 1 
96 3 
97 1 
98 2 
99 0 
100 2 
101 0 
102 2 
103 1 
104 2 
105 1 
106 2 
107 1 
108 2 
109 1 
110 2 
111 1 
112 3 
113 1 
114 2 
115 1 
116 2 
117 1 
118 2 
119 1 
120 2 
121 1 
122 1 
123 2 
124 1 
125 1 
126 1 
127 3 
128 2 
129 0 
130 2 
131 0 
132 2 
133 0 
134 1 
135 0 
136 1 
137 0 
138 1 
139 0 
140 1 
141 5 
142 2 
143 1 
144 2 
145 1 
146 1 
147 3 
148 2 
149 3 
150 2 
151 3 
152 2 
153 3 
154 2 
155 2 
156 1 
157 1 
158 2 
159 1 
160 2 
161 3 
162 2 
163 2 
164 4 
165 2 
166 4 
167 2 
168 4 
169 2 
170 4 
171 4 
172 0 
173 0 
174 0 
175 0 
176 4 
177 4 
178 4 
179 4 
180 4 
181 1 
182 4 
183 0 
184 1 
185 2 
186 1 
187 2 
188 1 
189 2 
190 1 
191 2 
192 1 
193 3 
194 1 
195 0 
196 0 
197 1 
198 1 
199 0 
200 1 
201 1 
202 0 
203 2 
204 2 
205 0 
206 2 
207 0 
208 0 
209 2 
210 0 
211 1 
212 0 
213 1 
214 0 
215 1 
216 0 
217 1 
218 0 
219 1 
220 0 
221 2 
222 0 
223 5 
224 0 
225 2 
226 0 
227 1 
228 0 
229 2 
230 0 
231 2 
232 5 
233 2 
234 0 
235 2 
236 1 
237 2 
238 1 
239 2 
240 2 
241 2 
242 1 
243 2 
244 2 
245 2 
246 2 
247 2 
248 2 
249 3 
250 1 
251 3 
252 1 
253 3 
254 1 
255 3 
256 1 
257 3 
258 3 
259 2 
260 3 
261 2 
262 2 
263 3 
264 2 
265 3 
266 2 
267 3 
268 2 
269 3 
270 2 
271 3 
272 2 
273 3 
274 2 
275 0 
276 2 
277 0 
278 2 
279 0 
280 2 
281 0 
282 2 
283 0 
284 2 
285 3 
286 2 
287 3 
288 2 
289 3 
290 2 
291 3 
292 2 
293 3 
294 2 
295 1 
296 3 
297 1 
298 2 
299 1 
300 1 
301 1 
302 1 
303 1 
304 1 
305 2 
306 1 
307 1 
308 1 
309 1 
310 0 
311 1 
312 1 
313 1 
314 1 
315 1 
316 1 
317 1 
318 1 
319 3 
320 1 
321 1 
322 3 
323 1 
324 3 
325 1 
326 3 
327 2 
328 3 
329 2 
