0 3.7361394901870097 
1 3.6616332570593757 
2 3.60990142659861 
3 3.8751274641364404 
4 3.7816628675930963 
5 3.6718823915667964 
6 3.715854565060056 
7 4.656104157802135 
8 4.098455218440891 
9 4.042198563156497 
10 3.8858619182922998 
11 4.401075166886353 
12 3.343517060297461 
13 4.85 
14 4.85 
15 4.85 
16 4.330776056402719 
17 4.8989254521216345 
18 4.339997493152665 
19 4.85 
20 4.155374021820595 
21 3.6789130776072887 
22 4.546464234046827 
23 4.944168131278902 
24 4.247322487138144 
25 4.932738636068833 
26 3.8083099406272094 
27 4.85 
28 3.770123616714149 
29 4.391653424692468 
30 4.393407453552109 
31 4.254297482112227 
32 3.7858591510227626 
33 4.005115454803046 
34 4.104459640162367 
35 4.85 
36 4.104281240055671 
37 3.955712253670141 
38 4.256000607245563 
39 3.8982467129701375 
40 3.607004794313973 
41 3.466993537264634 
42 3.8213565898614923 
43 3.8949560195087605 
44 3.738588684915121 
45 3.6854939543333676 
46 4.420691641326073 
47 4.671413046693397 
48 4.0776292973456725 
49 4.253938809506839 
50 3.829913513136219 
51 4.063413712682785 
52 4.4626496579094255 
53 4.5097876609432195 
54 3.7558886951908628 
55 3.6217048089191404 
56 3.8548298941883594 
57 3.451124887568688 
58 4.017707307247167 
59 4.61720930732505 
60 4.85 
61 4.85 
62 4.615880129562625 
63 4.627891572383814 
64 4.8589380479563795 
65 4.85 
66 4.394294493040082 
67 4.2854351548918785 
68 4.950183941498063 
69 4.85 
70 4.85 
71 4.122474832422072 
72 4.995388887461153 
73 4.921121759680501 
74 4.689415215297297 
75 4.85 
76 4.147187229892481 
77 4.862158282157338 
78 4.85 
79 4.334042463692682 
80 4.924798287847027 
81 4.308532471857094 
82 4.082952156750891 
83 3.559839789880858 
84 4.991842678635621 
85 3.511469298611918 
86 4.497215613724095 
87 3.6647452109546075 
88 4.855344562742788 
89 4.670545007111195 
90 4.85 
91 4.41302579102458 
92 4.85 
93 4.85 
94 3.560843066639428 
95 4.85 
96 4.85 
97 4.85 
98 3.892854494759147 
99 3.3467093337358094 
100 4.026827422260497 
101 4.995030450073916 
102 4.8925591740793895 
103 4.028086541002106 
104 4.232706059750518 
105 4.065907558407375 
106 4.192116699173866 
107 3.8870697309222084 
108 4.85 
109 4.78466872578546 
110 4.958174771942258 
111 4.85 
112 4.85 
113 4.576004555954745 
114 3.684977425595004 
115 3.5624266243027614 
116 3.9792556997335637 
117 4.85 
118 4.262015721731881 
119 4.9800867258635435 
120 3.1358631721250365 
121 3.6312488228045536 
122 4.132808013274283 
123 4.85 
124 4.109766156282231 
125 4.570590245841732 
126 4.061024671297273 
127 4.325634857082174 
128 4.210982721692247 
129 3.450395234411475 
130 4.049703612611477 
131 3.761397364246739 
132 4.056631118723361 
133 4.500814639240071 
134 4.271189754628738 
135 3.9518879812355943 
136 3.596606578452675 
137 4.85 
138 4.3505786461405025 
139 3.8320616317086147 
140 3.554990859721374 
141 3.7509358423773342 
142 3.535609856835962 
143 3.9305837762632994 
144 3.58935886592512 
145 3.8147308372284323 
146 4.1084416352452555 
147 3.4065013795871 
148 3.571369612862711 
149 3.5384958176025534 
150 3.699400007517499 
151 3.6045628085402033 
152 3.7373692479600056 
153 3.6421630827202973 
154 4.161137269405982 
155 3.887698461975517 
156 4.3573077140338246 
157 3.6068567233711653 
158 3.8971096864505745 
159 4.032326222122071 
160 3.561534741011769 
161 3.3301519348098445 
162 4.455464160149918 
163 3.0820410782583454 
164 4.0159113795074095 
165 3.3874604412745755 
166 3.8439452373622514 
167 3.7758991523606027 
