0 1.4676115970963863 
1 1.3160319561280003 
2 2.7038564715171804 
3 2.241791225465917 
4 2.82369169867651 
5 2.06247930695674 
6 1.175031824680782 
7 0.8740235277715644 
8 3.3820501845627273 
9 2.939713682821107 
10 2.3548606289291736 
11 2.892484662278784 
12 1.2935904051490241 
13 1.0786824540960582 
14 2.8846907550224588 
15 3.481700037511837 
16 3.100058434166673 
17 2.785826779553853 
18 1.169344795476265 
19 2.228718035494491 
20 3.0215308728042434 
21 3.175474458137968 
22 1.4770138431747444 
23 1.600703568815146 
24 2.7479608424195274 
25 2.812357778836196 
26 2.880623107264079 
27 2.434502062101858 
28 2.0495598772745245 
29 1.8454557300663703 
30 1.9909861574659813 
31 1.3527571124362996 
32 2.280744820451792 
33 1.8554648014005712 
34 3.0404503720044493 
35 2.4504749753705646 
36 4.013246305461269 
37 1.6865432440250252 
38 3.4863274841563294 
39 2.69022244439772 
40 2.114906160790503 
41 1.783687171832127 
42 3.124244665381905 
43 2.7827883744042974 
44 2.302553694031872 
45 2.037366804067816 
46 3.077167402200886 
47 2.1496099317235826 
48 1.6498338303963973 
49 0.9600416003982026 
50 3.368709803638037 
51 1.5679801503375685 
52 1.780303500354234 
53 3.7915360205770385 
54 1.5736348360895054 
55 1.1672001875676181 
56 1.8105673727733584 
57 1.62089931261199 
58 2.3702697158180577 
59 1.9648672687981055 
60 1.457680854407539 
61 1.3172467978411182 
62 3.1617629110331356 
63 1.9527447535140563 
64 1.7387064290468228 
65 1.1007092290502856 
66 1.8990113689183221 
67 1.3956837396630417 
68 1.8968880960229209 
69 1.716782707089069 
70 2.3847446005489363 
71 2.158408615433977 
72 1.9157270648776878 
73 1.43568394371121 
74 2.8861714806683096 
75 3.5053820470377435 
76 1.7773789493824388 
77 3.3063672832186772 
78 2.325993721322384 
79 1.7199506960669417 
80 3.2519236030736653 
81 2.3827211050585095 
82 2.573318109874475 
83 1.972699539999622 
84 4.121372868820911 
85 1.851305031717499 
86 3.2092497041868056 
87 3.0929035795889104 
88 1.1391174408020488 
89 1.0182621935647331 
90 2.83520290872173 
91 2.8204911494061675 
92 1.865179684014482 
93 2.256684113004639 
94 0.889488078198962 
95 0.8228853319821514 
96 1.1585067714383488 
97 1.0908353760184708 
98 1.5110876762109786 
99 1.3875624922089158 
100 2.4877358040790996 
101 1.481107778637373 
102 3.069964276178512 
103 3.4290066782176245 
104 2.800684945095717 
105 2.901118226546607 
106 0.9614205161469513 
107 1.2775027717705756 
108 2.199961799979852 
109 2.8110834423620132 
110 2.988089277477722 
111 2.2599135502271857 
112 1.1361138562742714 
113 1.255424357421588 
114 1.9101999771825664 
115 1.2157498238775628 
116 1.6201937937290627 
117 2.271744971014953 
118 2.4584795779963677 
119 2.450772868915175 
120 1.7510043555954968 
121 2.218118353535716 
122 1.6201937937290627 
123 2.271744971014953 
124 2.4584795779963677 
125 2.450772868915175 
126 1.7510043555954968 
127 2.218118353535716 
128 1.0901874952455977 
129 0.9327160352837258 
130 1.6303224442686843 
131 1.2902364764878262 
132 1.8429608492483383 
133 1.2095779383021874 
134 3.58705284674675 
135 2.7231322958426234 
136 3.58705284674675 
137 2.7231322958426234 
138 3.106796958480239 
139 3.569346623223692 
140 0.880281428635104 
141 1.3332380360408456 
142 1.6677781109189507 
143 1.2100691411505307 
144 1.5737693477342662 
145 1.4638659141607513 
146 1.9319020375522307 
147 2.5841702378677187 
148 1.0620893803609568 
149 3.2368500979006587 
150 0.9930169305211693 
151 0.9912017112038489 
152 2.3358291008460337 
153 2.0415755518499967 
154 0.997398205099389 
155 3.361564434339468 
156 1.4567684231743012 
157 1.4195029009607267 
158 1.1189476344801728 
159 2.6858410750889394 
160 1.0348128981240055 
161 1.6468720917793112 
162 1.5575428829879938 
163 1.3846823277542464 
164 2.5634984986840124 
165 2.1941533919323453 
166 3.318253075553069 
167 2.2777895246287034 
168 1.4307374011749376 
169 1.7044822256476169 
170 2.926043775978793 
171 2.6091666990297857 
172 4.483816626056067 
173 2.724340881241934 
174 1.64421646953719 
175 3.403327138307792 
176 1.1049721958010124 
177 1.262815819983809 
178 2.558994989887514 
179 1.9344584104511107 
180 3.2342000507248927 
181 2.7587947762403657 
182 2.6691075091874463 
183 3.3468570568544616 
184 2.260412679946058 
185 2.272951713340303 
186 2.222285310305339 
187 2.093802354483833 
188 3.0282960286712806 
189 2.015191876351421 
190 2.0638062935465022 
191 1.910980317937078 
192 1.1750083618829188 
193 1.166569473274548 
194 1.8870823580295037 
195 1.3405218971312165 
196 4.520419949216677 
197 4.513322225939719 
198 2.7493081394086336 
199 2.244183041971249 
