0 30.908879210605825 
1 26.117439007683974 
2 13.4584659615977 
3 9.348596697692665 
4 20.71445363044616 
5 10.246028547069931 
6 11.489921707639121 
7 7.427622235208698 
8 11.428309855317293 
9 23.4885533802249 
10 16.935734474683034 
11 15.290379497648646 
12 7.758551546048494 
13 7.815424748914603 
14 27.395487975336703 
15 12.449256779218313 
16 20.073146335743786 
17 18.203970382715728 
18 10.432294490734984 
19 9.243013700441402 
20 9.905308898545249 
21 12.582622599680207 
22 11.96820124752464 
23 13.832270319827455 
24 15.180857725063248 
25 12.587191645159354 
26 9.429852289844646 
27 37.03350786264867 
28 18.254835396319702 
29 27.636286964313953 
30 21.728992684999067 
31 20.919743634504602 
32 21.21764467826791 
33 21.131272419491356 
34 18.47816835325371 
35 22.570286224728655 
36 14.461870528402724 
37 10.490585669407928 
38 15.913495137895579 
39 17.911134076089045 
40 17.571518942266202 
41 24.315933492567773 
42 14.141757982399946 
43 13.843546912492284 
44 18.498542364060565 
45 15.260671508201016 
46 21.257755680234357 
47 22.47113092208537 
48 32.372698995855295 
49 21.66266740350895 
50 15.009246800835934 
51 29.567335889916535 
52 13.898318339215004 
53 16.88038893718407 
54 12.283729484671344 
55 26.436133066091845 
56 35.645845018951945 
57 28.431911388887006 
58 27.10584342566144 
59 28.083346724516577 
60 20.766348477046776 
61 19.03413097836692 
62 29.067361534623274 
63 24.073374275383113 
64 29.95375144616 
65 31.826386517638312 
66 23.38314016044778 
67 19.53901697078677 
68 13.002569944974036 
69 24.533114965051325 
70 17.893941074582546 
71 14.465860766697132 
72 33.15262221870925 
73 24.888023877479572 
74 19.391141932501156 
75 19.90916685653528 
76 53.66442334757798 
77 9.223095208252246 
78 14.876583670284457 
79 27.389047786963392 
80 29.753378402343778 
81 12.340180646679809 
82 22.82415680811467 
83 43.82854396121131 
84 15.359925000366209 
85 22.13469840097103 
86 37.75387052639159 
87 18.78268034589153 
88 14.096842388290453 
89 14.361939851323264 
90 13.973840095417685 
91 14.670476843382849 
92 16.28141436961644 
93 11.890099672294731 
94 16.466008440475022 
95 17.38542780637834 
96 22.717963439404198 
97 21.616112473973903 
98 13.035666778552692 
99 19.071172969458324 
100 11.51335578741638 
101 15.031946843663315 
102 38.57221420097665 
103 14.159661057002515 
104 27.912156946256022 
105 19.575128227865232 
106 26.648944348787413 
107 24.484565450894316 
108 16.49904214936176 
109 19.586005939817323 
110 17.683532402703353 
111 33.47195709771124 
112 8.164127159619113 
113 20.113864804726465 
114 18.297759842949066 
115 12.643652104711032 
116 23.938724958621084 
117 13.45263853385207 
118 13.405300366909142 
119 21.944655759662222 
120 29.667513103262905 
121 13.207452821573758 
122 11.713413595399873 
123 32.41723538277235 
124 12.150781603068474 
125 10.28000568619089 
126 20.817470716696445 
127 14.1509186971572 
128 15.876870431566715 
129 34.465138828401685 
130 16.521854221157785 
131 17.32016864673794 
132 19.375824013378235 
133 13.188681321791192 
134 11.64825594312375 
135 12.063274392278224 
136 11.64825594312375 
137 10.526656058788394 
138 24.692130174728018 
139 20.55829820605823 
140 15.653658973516855 
141 10.956363189914816 
142 21.511016288515982 
143 20.60860250980238 
144 16.222409591955135 
145 17.546012064623547 
146 19.554229449500223 
147 19.859299908617857 
148 11.948630878448443 
149 13.629286870170468 
150 18.574400715642728 
151 14.918968908618156 
152 18.099414422383994 
153 16.3829120722452 
154 7.577470132225761 
155 9.173411719419803 
156 24.150164674451275 
157 16.595265508959766 
158 16.69653832680488 
159 10.762021081153202 
160 20.645425504161764 
161 25.956939605290028 
162 11.7567861507585 
163 12.543300257785912 
164 14.659452809350054 
165 23.91442972153169 
166 17.816563020355456 
167 26.1281770158477 
168 9.801791022453214 
169 11.948392610423461 
170 19.233927031934993 
171 14.334208223972004 
172 12.933048419871172 
173 12.172680494649807 
174 12.933048419871172 
175 26.517025554136584 
176 14.575550018591688 
177 12.77236448236695 
178 16.678545723499774 
179 15.269616248548326 
180 22.67179096329209 
181 17.910522202911423 
182 11.818070136881316 
183 11.857561262453212 
184 11.7096856146581 
185 13.335062887083032 
186 10.560874217874634 
187 14.205844498936502 
188 18.963134432277492 
189 20.83567142232643 
190 27.85043924011129 
191 21.455008619234448 
192 10.914281996903421 
193 11.217385955481385 
194 11.863396973553952 
195 19.15329747107121 
196 6.064734979879669 
197 10.887848235330765 
198 40.7942732648615 
199 31.418007490636704 
200 11.941486968949828 
201 11.616865113986035 
202 7.340655955756239 
203 7.8363491313193965 
204 11.994555084018714 
205 16.407200807391703 
206 14.691133769295163 
207 17.345524773685018 
208 15.549202206536568 
209 13.001441400110972 
210 19.172821729451506 
211 31.107630236145724 
212 10.939246462085766 
213 20.5552756677285 
214 23.216561496734197 
215 24.29748063699507 
216 7.934290524563495 
217 9.881296396203256 
218 11.573431050087194 
219 8.334980733957716 
220 18.98235863829325 
221 23.99556051374467 
222 25.12025585587744 
223 20.396839059498625 
224 10.455908381570616 
225 7.120394530222136 
226 9.277935200730855 
227 28.64531286282116 
228 15.518251307893237 
229 19.5902140101447 
230 23.74734744256095 
231 15.896005063310328 
232 12.254014257333177 
233 15.926063464218316 
234 19.539290040063356 
235 24.58272183800258 
236 19.025151840915175 
237 17.861403172575322 
238 7.181756851625453 
239 25.2017617122016 
240 15.103125191295987 
241 12.903367122486964 
242 17.157775459696058 
243 9.339894983900203 
244 13.155918008876622 
245 13.935814840533869 
246 10.761303167606567 
247 11.073397523054705 
248 13.34524582235628 
249 18.142630360966326 
250 11.538789972929552 
251 11.4611935282014 
252 22.842677965547853 
253 20.10827188785441 
254 17.60692472053027 
255 20.225404816325742 
256 18.729170108732056 
257 23.713647645485743 
258 16.49378676817567 
259 18.706199268575507 
260 20.844783715012724 
261 10.721252306921532 
262 12.070321650469511 
263 20.40825223822499 
264 13.81436603111136 
265 13.34214686749479 
266 19.942013550457624 
267 24.89142097516973 
268 10.660756314909236 
269 10.713803303310975 
270 21.261635009707458 
271 21.296504661128825 
272 16.234151174897335 
273 23.131288397692554 
274 7.961641110524777 
275 13.13219220328688 
276 20.34608145604129 
277 17.441311371792366 
278 23.90775036052828 
279 25.623615514787186 
280 25.24256138661531 
281 20.997556970643597 
282 7.953292488911896 
283 9.88427703191537 
284 16.693813706721222 
285 15.264225926195502 
286 18.477842733852885 
287 22.175306514118947 
288 17.271455984451052 
289 14.352896891799867 
290 21.66233175982068 
291 17.50449266108266 
292 18.98330368821482 
293 7.872236517848261 
294 17.130305864478633 
295 13.802864363942712 
296 11.224290236859781 
297 19.354633885228047 
298 11.796631144336537 
299 22.71857870219911 
300 17.334986526475888 
301 26.836331993960023 
302 16.69368082117086 
303 21.098851569220244 
304 12.914451806783752 
305 11.548162036998797 
306 24.952430811698356 
307 20.0983473014869 
308 13.57779799228899 
309 19.5883841921895 
310 14.921091857317172 
311 16.82324439666929 
312 15.739775891443196 
313 14.648547649731603 
314 25.777313429166693 
315 24.302548859415833 
316 12.184278945732471 
317 14.927836225673733 
318 14.630510461068361 
319 16.311997822113327 
320 12.669431548041576 
321 11.4381894391221 
322 17.269393721049923 
323 13.017218477275831 
324 22.247880928890446 
325 19.884720595834658 
326 14.401043776824034 
327 15.659444828165544 
328 10.51604621309371 
329 7.137078468140716 
330 10.005018844520777 
331 14.605343064880074 
332 29.608872134804493 
333 16.007205391831345 
334 15.166859523258506 
335 10.93667928700314 
336 6.947225452100083 
337 4.247194310751792 
338 21.47412182122579 
339 24.979923409982906 
340 20.890881198573506 
341 17.510850596594942 
342 7.766179757180974 
343 10.777008659009738 
344 15.791747772033991 
345 24.96089505162615 
346 24.077243659659477 
347 18.697776846572545 
348 5.597741847227691 
349 15.389399915610266 
350 23.84116139080414 
351 27.62918705988525 
352 15.14068918714037 
353 19.93452595958252 
354 17.653537606801635 
355 20.8325667795802 
356 21.92102938793856 
357 12.441022142465185 
358 24.799290486607934 
359 15.483421314924877 
360 20.506835116265425 
361 15.621825766322768 
362 35.70197734101684 
363 40.26828214556591 
364 12.205339812888301 
365 12.028920085463957 
366 6.052115994811199 
367 6.0681218108139 
368 35.679806727121154 
369 32.155537496741744 
370 15.234010714610006 
371 11.687693143661265 
372 23.486448953993637 
373 34.39109864790626 
374 7.635753270538032 
375 7.3394870430870505 
376 42.862001308044476 
377 9.638089985753021 
378 5.112934762998396 
379 5.2087496678017295 
380 6.190315529717707 
381 10.235202248945807 
382 9.022162279597925 
383 9.29906040625568 
384 9.193841405674604 
385 12.155817357156312 
386 28.885794370639726 
387 29.91486933698505 
388 10.952415023096588 
389 13.581183297067662 
390 12.429813981193638 
391 15.007367174389856 
392 19.730937316241327 
393 16.106354137466255 
394 19.235955880666836 
395 30.395489560913393 
396 32.560427276114766 
397 21.27619511403295 
398 32.560427276114766 
399 9.997101670353139 
400 9.638488654799822 
401 6.604797500625946 
402 7.738682489778447 
403 8.530209477323572 
404 34.67083281669766 
405 11.105002713829942 
406 11.316901541458572 
407 13.730208196935969 
408 14.022144958545066 
409 9.001115937301492 
410 8.89790636449072 
411 9.883694735204989 
412 18.892240059095904 
413 17.26427574738523 
414 19.984010138982196 
415 19.231281350585515 
416 11.741350689341452 
417 12.61118627963895 
418 20.54067925267514 
419 15.025646353302788 
420 14.471350941052668 
421 17.17949096032702 
422 11.19818876951665 
423 9.826500107769728 
424 18.752532794434558 
425 17.739701229931143 
426 26.976138717021907 
427 20.331189196263676 
428 8.431931262828412 
429 5.703874246440097 
430 18.034897620460427 
431 10.185194898543967 
432 25.302253752232033 
433 21.002709022899005 
434 16.17542547078492 
435 11.103914944987451 
436 15.340599534768042 
437 11.909918249476814 
