0 22.639483982403583 
1 23.73699907752732 
2 7.970401056562182 
3 12.752869491716101 
4 14.768468049745778 
5 18.020020794129525 
6 16.22021385617882 
7 16.273518068736468 
8 38.36581171563426 
9 18.32926482862899 
10 16.48445213016821 
11 25.79808342866984 
12 21.15770782889427 
13 9.571381953524885 
14 10.356996639282125 
15 18.54737773060936 
16 20.18821717366192 
17 19.218944455136135 
18 19.465476113127337 
19 11.685185907472517 
20 11.624946646637214 
21 18.992759365504874 
22 10.232255861042669 
23 10.944013192398716 
24 18.308142910146447 
25 12.426904639159986 
26 16.237670678688538 
27 9.247680530567608 
28 2.5109969384102 
29 3.432105453084457 
30 18.74289595631443 
31 26.587455231212957 
32 4.220955110568127 
33 15.283136569013264 
34 7.578784555144581 
35 16.94394441302416 
36 39.44350508289683 
37 7.855811174521596 
38 13.476108469348413 
39 19.202402644373837 
40 21.934900845117564 
41 28.9914151817189 
42 23.056774704252607 
43 7.3002057276527905 
44 10.79017789382967 
45 31.182561632021887 
46 12.466648040375459 
47 19.1332019560616 
48 14.508493806491337 
49 11.14344619439308 
50 15.460705965615876 
51 12.264620567044073 
52 10.691790808887257 
53 37.31487593747498 
54 22.024396263370424 
55 19.009286410297083 
56 18.779736905732015 
57 15.89004311291948 
58 19.29861919507493 
59 23.64520111621614 
60 29.38957635550822 
61 21.738227276025416 
62 28.893355836461957 
63 22.350072469946287 
64 21.648467581266193 
65 22.184103074026275 
66 15.448519716245185 
67 11.517813696252725 
68 22.71476460999399 
69 19.87369697888632 
70 34.50142717304576 
71 16.09121530894889 
72 24.33822693142386 
73 21.474451657826293 
74 11.128485691088835 
75 9.56869616002336 
76 24.841885809049987 
77 25.275875160448592 
78 11.13347791117753 
79 18.04219002718607 
80 9.939391641468477 
81 8.774841419940083 
82 19.367950535419908 
83 13.68924978948674 
84 10.621153149776779 
85 26.259369169703117 
86 8.378085125082896 
87 9.430891237821564 
88 15.73021302130213 
89 19.51519832499709 
90 21.35212156693054 
91 27.906771259572714 
92 31.67640150742763 
93 20.90660499150139 
94 21.971555341362095 
95 35.44492238006304 
96 18.33615598155151 
97 32.529871177396714 
98 29.53818417420209 
99 41.40396043513455 
100 9.45252781577696 
101 14.016100304428754 
102 15.079179729068999 
103 19.18053732708357 
104 12.560654520190223 
105 16.078138536435773 
106 15.328937943132813 
107 17.959835230240902 
108 10.617066570814549 
109 10.678778929144283 
110 15.894258170132783 
111 15.385166165358374 
112 25.42372223838619 
113 11.69134195393488 
114 24.222969148850158 
115 13.178570194208008 
116 14.607479434689031 
117 13.80618106050382 
118 26.857124562178637 
119 18.848009059330526 
120 19.663411546846067 
121 19.350794229323046 
122 10.265613909706348 
123 20.39039377734565 
124 23.903662796993167 
125 22.608000086242676 
126 11.918785360905012 
127 17.855548271193946 
128 20.28889996081827 
129 28.65411915806445 
130 12.093430404382614 
131 13.575644585995507 
132 20.42027468488162 
133 18.28539541372395 
134 12.28060045851279 
135 14.955301366346236 
136 14.258095658972703 
137 18.02629396115645 
138 21.38325456668145 
139 18.722732588763602 
140 17.854484156038755 
141 3.1800060805437007 
142 19.448236848816453 
143 1.8383999628314216 
144 14.330926795934056 
145 15.547991770615164 
146 12.43401467427555 
147 5.760749804623924 
148 6.964505844845909 
149 9.42595297702787 
150 11.278072810090912 
151 10.388060292944854 
152 13.291537003821754 
153 15.831086921239068 
154 10.175558110986575 
155 20.30068390050772 
156 14.397286888228308 
157 30.260841960968218 
158 38.205753220017854 
159 10.191728629051854 
160 21.649808500314865 
161 21.9297399888111 
162 8.81313679963859 
163 22.643639563571973 
164 11.235505266428794 
165 13.96686024828174 
166 15.80448175683059 
167 14.304924507259377 
168 13.312334758417997 
169 28.075263563037584 
170 15.88558962549994 
171 28.219957074326008 
172 35.88248780905124 
173 19.647844702399354 
174 26.48688381727017 
175 13.823745192196775 
176 15.816162690287378 
177 33.83130741992466 
178 16.050635817799837 
179 16.875227320276164 
180 23.05614098737336 
181 17.3617514477426 
182 20.511949765503886 
183 18.174547944137032 
184 30.625864347622908 
185 10.851313627837785 
186 17.957682196895096 
187 19.083147171631232 
188 28.931222624590447 
189 24.989746247937035 
190 19.64867308458061 
191 20.028670343576152 
192 22.848650916004335 
193 14.777938285263298 
194 50.515524509213535 
195 17.616538353304858 
196 13.396309095670949 
197 23.67509779240352 
198 31.7332001755262 
199 14.810918464635051 
200 15.524799384086938 
201 26.112073312705835 
202 14.39195152247164 
203 38.48303070895762 
204 16.759919762804785 
205 9.539403477968168 
206 13.387885384514716 
207 31.209012307097044 
208 17.043642215106544 
209 16.18278976630412 
210 10.442995931659853 
211 8.861736089836363 
212 14.064226674490737 
213 24.88005172587658 
214 16.98057537063877 
215 31.209012307097044 
216 44.32460080103987 
217 31.209012307097044 
218 14.88165084230993 
219 31.209012307097044 
220 25.57159405445611 
221 15.176847757651197 
222 18.446312104459956 
223 15.48868160030724 
224 12.250506749849581 
225 11.998741281947122 
226 26.011832851667638 
227 31.209012307097044 
228 32.75060124308961 
229 20.285956113155898 
230 19.140710993474194 
231 30.98995153091382 
232 22.4385525668186 
233 31.209012307097044 
234 16.411694734865083 
235 31.209012307097044 
236 8.423819565784981 
237 31.209012307097044 
238 12.436189832357842 
239 16.283816364165776 
240 18.536312009722682 
241 18.809381586618233 
242 20.284582609915223 
243 18.773264583585103 
244 19.6849140196741 
245 31.209012307097044 
246 15.229253733511007 
247 31.209012307097044 
248 12.197282709845524 
249 31.209012307097044 
250 18.81157496277426 
251 18.410604863488718 
252 14.915043045662896 
253 29.71354085492852 
254 17.02033445738935 
255 4.029807267346899 
256 18.893346366425074 
257 31.209012307097044 
258 19.68971927518543 
259 13.918426807455807 
260 22.154574265793364 
261 20.820777570390373 
262 22.799467289973638 
263 13.31643447671539 
264 44.16498015141783 
265 31.209012307097044 
266 15.593831328167989 
267 25.567697062427232 
268 18.32029806545734 
269 31.209012307097044 
270 13.68688223412205 
271 31.209012307097044 
272 11.179057178572094 
273 31.209012307097044 
274 18.17305175954731 
275 31.209012307097044 
276 10.579014008484794 
277 31.209012307097044 
278 25.794275733982754 
279 16.82837425774354 
280 26.7796172975872 
281 15.755976619434719 
282 12.48304761904762 
283 31.209012307097044 
284 14.152589898199167 
285 18.858771795724934 
286 18.118961323962036 
287 14.492151517350278 
288 8.419034390286495 
289 15.264281477114336 
290 11.304517975683842 
291 15.27189577704794 
292 23.427677733589526 
293 8.833851798339929 
294 26.143648750568772 
295 47.05405102201082 
296 30.5489082142493 
297 7.9562193056169415 
298 12.430108674069661 
299 10.351909806205759 
300 19.242751229538282 
301 9.800485549186973 
302 16.603280038318573 
303 19.116023207376045 
304 21.29045095531055 
305 7.48071812542582 
306 15.707121243895863 
307 23.125931807154515 
308 17.033951720328794 
309 15.233900053391059 
310 20.542892547006705 
311 18.127496996257207 
312 18.37495509546048 
313 25.260804625391472 
314 21.384126725162 
315 12.461240448263158 
316 23.081008799203175 
317 8.765159240993063 
318 12.638280306020677 
319 22.66382803972637 
