0 16.4253842689589 
1 11.053116468318803 
2 17.41343319522058 
3 14.759685121387324 
4 13.755334151028787 
5 13.843729680666721 
6 14.827463817812879 
7 11.677280510043571 
8 20.613058905631075 
9 18.313019027742605 
10 14.524621500699514 
11 16.81103981210195 
12 19.282649172248608 
13 6.17413205561321 
14 12.265624817227948 
15 15.20027832540879 
16 10.741350433566721 
17 16.801881161545147 
18 11.16536803912121 
19 10.391457522978966 
20 15.1587469099215 
21 12.165301529108755 
22 12.091652348389626 
23 12.773764820178284 
24 19.46466310567423 
25 14.350196043546985 
26 16.571333749496258 
27 20.702491127794314 
28 10.685253686323662 
29 13.317237810085949 
30 4.367142394549068 
31 11.767308107744146 
32 12.945182944707643 
33 9.696355461028979 
34 12.372651166083577 
35 13.635800321851786 
36 14.672324348905953 
37 15.244253834411571 
38 9.291541411263793 
39 10.077495464975193 
40 17.071737617374954 
41 15.068561656631267 
42 14.35849825238863 
43 14.790601560764372 
44 14.607988186288852 
45 8.937438205311786 
46 13.457688679547978 
47 8.465696633545061 
48 7.501187512518957 
49 11.547685124003348 
50 12.679427804447455 
51 14.531565927783976 
52 14.971155665175846 
53 12.618584739057315 
54 14.196180103095925 
55 17.001568700572758 
56 16.652521915893786 
57 4.608547940148157 
58 12.239710517100502 
59 20.122646171265178 
60 15.59765866139097 
61 8.83147094185001 
62 5.364225485769974 
63 4.677452055130606 
64 12.162162005422411 
65 7.43783016944043 
66 15.418137973878553 
67 10.481672147862334 
68 8.611172360838225 
69 11.840222220967586 
70 9.197974574728676 
71 8.30094996833439 
72 9.658998060971172 
73 11.47238512035011 
74 12.41789065113704 
75 10.88044826065527 
76 15.965042364817029 
77 14.15975666159149 
78 9.594831885291278 
79 9.383419352962363 
80 11.770874669196164 
81 14.538567392849096 
82 10.763512438474843 
83 10.756059782329952 
84 15.510274719788773 
85 13.870098776781669 
86 15.980979668973085 
87 13.417994292807146 
88 15.3958961935176 
89 8.553607080584474 
90 20.613058905631075 
91 18.313019027742605 
92 9.19749049946604 
93 15.21461425731656 
94 14.531364546594697 
95 10.959684141488308 
96 9.94556655269061 
97 17.953223983837276 
98 13.754431990345704 
99 13.27130801821271 
100 11.620502022496813 
101 14.623522151600836 
102 15.279072393657131 
103 12.610465867921409 
104 16.669398331591267 
105 10.892768287045453 
106 14.275614429782614 
107 13.868860481572352 
108 18.62802172667558 
109 13.847066047764624 
110 7.57292793240108 
111 18.83302950024696 
112 9.782610419567535 
113 4.99110377030687 
114 14.742565104761637 
115 7.6120564492711535 
116 11.05413603982785 
117 9.199104281857322 
118 7.435324983823934 
119 12.866199991410884 
120 16.083255683757244 
121 10.193908402438195 
122 20.668825057039655 
123 13.780325854472697 
124 17.90501722496617 
125 15.89865625533044 
