0 23.8596060094089 
1 21.228383439619396 
2 16.447218998023654 
3 21.44513582468824 
4 18.427914905582455 
5 17.765624271996813 
6 20.826670506626414 
7 17.88173500797244 
8 18.667734843022583 
9 14.687635476087923 
10 35.302023364643304 
11 12.78946180820247 
12 12.930576407878632 
13 11.677540599760007 
14 21.20906148867314 
15 27.76452832187043 
16 12.969680852708624 
17 7.720165215022493 
18 16.784399723081478 
19 11.535584727046702 
20 12.039520291177974 
21 10.585368315852168 
22 12.012762276817678 
23 16.01649648304146 
24 8.756357502385173 
25 11.445555685933138 
26 21.102460769072092 
27 8.829072782998216 
28 10.510591271879816 
29 14.702153986364513 
30 21.31750307490572 
31 21.01607407704333 
32 9.381761245442549 
33 11.593328652850028 
34 17.854104145648964 
35 11.749705158122088 
36 20.404975845645648 
37 24.83894350349402 
38 27.796544571318748 
39 35.08908836890231 
40 20.87777877330785 
41 20.293710083220436 
42 7.347445572582736 
43 23.73149258798235 
44 17.94001608239662 
45 17.580135970022884 
46 11.946725000284832 
47 12.527976821637122 
48 9.613018117644362 
49 12.863832371324996 
50 20.916092355258566 
51 12.20065333050204 
52 15.188499004164404 
53 24.94441735158731 
54 8.376947289373193 
55 12.576246589307667 
56 43.687936170656 
57 8.003083463401046 
58 27.553862122426455 
59 17.318166240694328 
60 27.015406811975062 
61 40.75423885266768 
62 9.963995381830449 
63 10.099893566299526 
64 24.3693366024844 
65 16.71643504218661 
66 30.49271906420164 
67 15.609849048739095 
68 22.591804197009523 
69 13.701681715428139 
70 14.645171878000664 
71 14.190896695459175 
72 25.137569372025844 
73 16.891537928701453 
74 25.03001115944883 
75 9.263693547247156 
76 14.076593402536556 
77 20.386825835050743 
78 22.827883485000218 
79 38.07880306496713 
80 17.74262786752793 
81 16.653447577603252 
82 16.90672148658726 
83 17.20803639929269 
84 19.13215465177806 
85 25.14374778944087 
86 12.541312466548458 
87 27.860984164098205 
88 14.717837329506178 
89 17.891269573822797 
90 22.095286259139854 
91 19.051249324351947 
92 22.732369328159212 
93 22.75753103568018 
94 21.507707138974638 
95 20.832256366192006 
96 20.426142008376353 
97 17.374409192774028 
98 21.272526246386366 
99 15.487309007392309 
100 3.5683995773360944 
101 24.752311877769976 
102 17.860262306251066 
103 14.726260278493635 
104 16.781982082911547 
105 16.191535768192924 
106 17.533836095179172 
107 16.32221785507201 
108 18.798927902327957 
109 16.545055777332472 
110 13.953199954756851 
111 16.889021321145986 
112 12.064488849642032 
113 14.52572813852814 
114 20.96177277565932 
115 19.819979208014367 
116 15.267559697146185 
117 16.51463333005217 
118 23.448502568861706 
119 10.467598716227345 
120 23.448502568861706 
121 10.467598716227345 
122 27.28783521788349 
123 14.650594329506198 
124 14.697311294804454 
125 14.719076913358858 
126 10.188807213755107 
127 10.405946391179652 
128 8.401748334394993 
129 6.944809818063807 
130 14.392149058092853 
131 11.534506133965476 
132 43.274599424285256 
133 18.792779149323213 
134 12.41281913933371 
135 13.120033032309728 
136 26.25756086567295 
137 13.905921358000132 
138 11.479324208561522 
139 23.931622371078728 
140 23.91920297913352 
141 14.709681944595443 
142 13.114289912984207 
143 16.42139716620272 
144 13.911502194037128 
145 13.668817540703662 
146 18.305985457529175 
147 21.25560110881937 
148 20.405770026028364 
149 23.05753521049333 
150 31.40742071960762 
151 14.406979699790472 
152 16.64234642457524 
153 15.205127461500537 
154 18.574071695857228 
155 19.250081464993002 
156 19.231986794442662 
157 10.819849915774322 
158 17.105086294085023 
159 14.721298356697108 
160 13.845877568267047 
161 13.829625037918255 
162 14.02087936700017 
163 9.111871947722415 
164 10.879573356574609 
165 20.328922751815124 
166 7.948318826902559 
167 12.786225776065214 
168 22.044769608384183 
169 14.30638829103238 
170 16.707645364701385 
171 12.92312622089118 
172 21.212386650415468 
173 21.03177603834987 
174 19.41996212594743 
175 19.042686304243205 
176 15.91452161243322 
177 29.748735734905065 
178 19.049086218798823 
179 6.805167918408803 
180 16.442641138121505 
181 15.680285918299445 
182 18.39598949127416 
183 19.230399618537604 
184 19.195020822845635 
185 12.314818403358878 
186 11.599356191129376 
187 16.643865350809318 
188 20.316023501717098 
189 14.384054541588647 
190 22.052651226372934 
191 18.678126266382254 
192 22.49197769197769 
193 14.069888126666779 
194 11.913876359174212 
195 18.42491972079089 
196 20.23106309087401 
197 20.21361066800322 
198 18.801540233903975 
199 14.31986917081198 
200 20.545810800219453 
201 17.503469976254763 
202 8.765617195581981 
203 18.000300412423343 
204 25.665165459173682 
205 25.63457789132069 
206 18.237690233933385 
207 43.9659115923647 
208 13.258261314856142 
209 24.808384791918044 
210 17.200979326692394 
211 19.726204697449983 
212 15.472511906035466 
213 18.882034105846973 
214 25.387866278471513 
215 15.594411106401648 
216 21.65282617561575 
217 16.356398577400636 
218 19.391141932501156 
219 14.593096441755359 
220 12.488697267811629 
221 16.90808457460746 
