0 3.5358658464081985 
1 3.1568201040716737 
2 2.4625240812166664 
3 3.187942777738467 
4 2.7557559319305978 
5 2.651284516637393 
6 3.105419014893413 
7 2.6752236871218145 
8 2.826075722178765 
9 2.200363004033008 
10 5.037383140688112 
11 1.9114381161149874 
12 1.9778351506828709 
13 1.7489529678538904 
14 3.1940807062292444 
15 4.061560087851781 
16 1.9835814487770507 
17 1.2296560191369408 
18 2.548763530242147 
19 1.735895994321729 
20 1.8476923350263459 
21 1.6008460806863658 
22 1.720408011815376 
23 2.4349655782932595 
24 1.2690575851732664 
25 1.7229407964630998 
26 3.0712853264658992 
27 1.3665463666234057 
28 1.5040330401755324 
29 2.202526470139767 
30 3.1024335267161103 
31 3.166436919622678 
32 1.1354200713027476 
33 1.7832674267778157 
34 2.4018079222722934 
35 1.7668184925434258 
36 2.7849559921824474 
37 3.6656368808012902 
38 3.8404231279875867 
39 4.981629016663518 
40 2.8550797591309944 
41 3.0218475773132774 
42 1.1996174882155173 
43 3.5118288030232474 
44 2.6838306272159733 
45 2.6238327558980776 
46 1.7953977853644287 
47 1.872971642183767 
48 1.5080398029298008 
49 1.641180703539722 
50 3.118309141744782 
51 1.54131936484393 
52 2.2679644474414697 
53 3.4441276808151278 
54 1.3037036728454576 
55 1.5977665661894167 
56 5.7580733491319815 
57 0.9611551488838148 
58 3.807280085095508 
59 2.320448428178068 
60 3.7333544664370106 
61 5.4426887690613786 
62 1.2154288275350575 
63 1.234488853717945 
64 3.6067546059747175 
65 2.2288399021165315 
66 4.45028191963865 
67 2.059865231671918 
68 3.3905237128759347 
69 1.768370497679401 
70 2.2313603504721806 
71 1.8429681784949878 
72 3.7441560300449677 
73 2.4497298136098804 
74 3.7294377329163764 
75 1.3340903656555778 
76 2.147028124699486 
77 3.0353482144121577 
78 3.4237672829100956 
79 5.326497258189566 
80 2.69024438487015 
81 2.4862872994566843 
82 2.5668610178613243 
83 2.568677711042298 
84 2.893927891014534 
85 3.7450008723838226 
86 1.9207780099225167 
87 4.109927565913512 
88 2.123466309692075 
89 2.7121245159750513 
90 3.2145214229668166 
91 2.882125086265822 
92 3.3056418332502795 
93 3.4138698658475004 
94 3.129927713256727 
95 3.14005715709882 
96 2.972894778935955 
97 2.635960530343659 
98 3.095924326887709 
99 2.356413594848564 
100 1.0867640755794823 
101 3.691344159408629 
102 2.402741338945923 
103 2.2433977071237026 
104 2.548405745882431 
105 2.4609293795167844 
106 2.659477532960501 
107 2.4803053859509676 
108 2.8452675290027267 
109 2.5133264710270264 
110 2.128749768792872 
111 2.5642428733046008 
112 1.5209374698435603 
113 2.213632819666473 
114 3.050871073836712 
115 2.884182530420697 
116 2.206058549435691 
117 2.198065755632265 
118 3.510731847433891 
119 1.624094453458975 
120 3.510731847433891 
121 1.2866759699981793 
122 4.034073170057201 
123 1.9131916783130256 
124 2.239100107258755 
125 1.923659695956552 
126 1.5856763612117226 
127 1.2778673681657322 
128 1.0087438655918066 
129 0.8517302325963039 
130 1.873700324982227 
131 1.728298418537762 
132 5.838659788202525 
133 2.8027106736799126 
134 1.5731671200819848 
135 1.9602372020699044 
136 3.7976710393606945 
137 2.0768160651535794 
138 1.6425723584850962 
139 3.5397775939651663 
140 3.5380451368287282 
141 2.240936556884455 
142 1.9593879723623144 
143 2.4950052793309077 
144 2.077646069791389 
145 2.0866688623145424 
146 2.7310777352944955 
147 3.093474099944663 
148 3.03809345806801 
149 3.3519016863030155 
150 4.532257265456437 
151 2.0767898238416063 
152 2.4846361156465457 
153 2.1966774861654104 
154 2.770558283759864 
155 2.8003509664888977 
156 2.8671178996878197 
157 1.547785529244433 
158 2.5533990685680363 
159 1.9239992788551359 
160 2.0678876478474715 
161 1.9902238225623738 
162 2.0188759127920104 
163 1.3143216673954008 
164 1.3460724681064826 
165 2.9586994662574444 
166 1.2544436781275405 
167 1.8345910891573378 
168 3.2800078297511472 
169 2.0616937121478163 
170 2.494347643610182 
171 1.8549258322312405 
172 3.154520468758655 
173 3.061032295558973 
174 2.8946146945761657 
175 2.839385139582148 
176 2.376247476704212 
177 4.321090158465215 
178 2.8403234131852555 
179 1.1436189689349279 
180 2.4549203740287693 
181 2.341322634904043 
182 2.7443407128008546 
183 2.8668855505547572 
184 2.8617056239373486 
185 1.8417170523889046 
186 1.7376544485826346 
187 2.4848620446750904 
188 3.0250838097763206 
189 2.1480000313312795 
190 3.2748011934918013 
191 2.78586189180297 
192 3.3372616115490303 
193 2.1012113181674725 
194 1.783222895425026 
195 2.7486021112380894 
196 3.0127579961649418 
197 3.0102248568100722 
198 2.8039975642738506 
199 2.13843669285942 
200 3.058371943153485 
201 2.612477880173619 
202 1.3509127912510785 
203 2.6859721656824713 
204 3.779006473999544 
205 3.7748308553039824 
206 2.7210083206773885 
207 5.951951025806079 
208 1.9806906177938424 
209 3.6614209054264073 
210 2.574473156356177 
211 2.939319380097127 
212 2.3173585552600815 
213 2.815817098361423 
214 3.74706691423574 
215 2.3285153153153146 
216 3.2176992914634717 
217 2.1739202053300204 
218 2.8904016627929012 
219 1.904403779380183 
220 1.8672049012342269 
221 2.531015154547742 
