0 3.7886133347222746 
1 3.2263576462031214 
2 3.304092954606025 
3 2.9573532922122046 
4 3.9601997477426147 
5 3.488385663656458 
6 4.0189159929688625 
7 4.003478534737086 
8 3.7958993460213684 
9 4.226492006177477 
10 3.663301705701065 
11 3.5944297477053357 
12 3.69205057869796 
13 4.095278313177866 
14 3.6140388877414082 
15 4.140659826097911 
16 3.867782628986006 
17 3.951020981254727 
18 3.338934991604329 
19 3.851003690120809 
20 3.396251087194218 
21 2.931558799574822 
22 3.3597302344832096 
23 3.6240857078476565 
24 3.5996635343482444 
25 4.372700582427449 
26 3.247429339109631 
27 3.338700322418242 
28 3.728697608480827 
29 3.954078775913943 
30 3.4700830960894957 
31 3.6110507336125037 
32 4.242397590042304 
33 4.0534975247011085 
34 4.250143228200373 
35 4.219915908503383 
36 4.435949259107231 
37 4.408581636646591 
38 4.4381677373417965 
39 3.469542340377078 
40 3.018162187619379 
41 3.349103931079586 
42 3.8012758125181403 
43 3.4083796590449182 
44 4.521098218213927 
45 3.9011918175717533 
46 4.469411000997203 
47 4.278934243872276 
48 3.988301677901321 
49 3.621456290201438 
50 4.192400429235076 
51 4.1248922934761385 
52 4.396535806110369 
53 4.036010074053708 
54 3.487628247933725 
55 3.756589435273428 
56 3.9193012513622505 
57 3.8329150957514213 
58 3.794219612192639 
59 3.6831410955815147 
60 3.772589347370466 
61 3.9161336387224646 
62 4.0992992003442525 
63 4.380426148003442 
64 4.188082438765717 
65 3.9790853196586107 
66 3.389513716544323 
67 3.427059867934493 
68 4.0051592636771725 
69 4.2605585369040515 
70 4.535884580978658 
71 3.6922253813808847 
72 3.940435550110087 
73 4.035155397258077 
74 3.7955657676534664 
75 3.949793474824374 
76 3.5090441697352315 
77 3.4580995469992883 
78 4.19881246343436 
79 4.268155029987004 
80 3.153688941122242 
81 4.38884408234229 
82 3.245915177482376 
83 4.100438900062159 
84 3.729555200080722 
85 4.294864298252786 
86 3.72811732004957 
87 3.601506098204287 
88 4.2974543917510255 
89 3.7478790068089074 
90 3.5657096757577094 
91 3.7297897101418784 
92 3.5503684532691673 
93 3.13772214599082 
94 3.4217422332211456 
95 3.5889061382191243 
96 4.105207954931902 
97 3.9398107917199803 
98 3.115564515919364 
99 3.3958702905841376 
100 3.6935279022722574 
101 3.9298870917214686 
102 4.818565546776666 
103 3.4474068042291854 
104 4.233301330893134 
105 4.295837695698593 
106 3.37662365682613 
107 3.094805080335509 
108 4.382675490989501 
109 4.256108902800696 
110 4.62062334599753 
111 4.2480390961945895 
112 3.818329910336385 
113 4.049983534587119 
114 4.353596406409955 
115 3.8014549571277905 
116 4.469043229607661 
117 3.710985840417905 
118 4.010203221872348 
119 4.035219641413364 
120 4.085457690149418 
121 4.205193769411236 
122 3.4650451772235122 
123 3.994668640756708 
124 3.7280793283158635 
125 4.41165514439338 
126 4.022558738824671 
127 3.8280811732874747 
128 3.786291205514197 
129 4.034869751923885 
130 4.198610514131861 
131 4.1090559834483935 
132 4.300561981520744 
133 3.6056171626585027 
134 3.4067598931747907 
135 3.348085057078443 
136 3.7848245117134676 
137 4.590100090673447 
138 3.8789269402474438 
139 4.287324928136321 
140 4.13205221043031 
141 4.1278147800501275 
142 4.463578660460675 
143 3.7179526898347657 
144 4.827343372326002 
145 3.7968188543940484 
146 4.067065089836704 
147 3.6609366043793674 
148 4.278877195520708 
149 4.0093616943208366 
150 4.667000656863829 
151 4.044884701305814 
152 4.089051241704457 
153 3.7830272027667555 
154 4.00852282061403 
155 4.306908747767791 
156 3.151752791441798 
157 4.2426088356481335 
158 4.339351771042438 
159 3.4293393162926114 
160 3.8758260614531928 
161 3.709778502667601 
162 3.2678262998766763 
163 2.9416723139160506 
164 3.975973657353927 
165 4.051922052650136 
166 3.4965970052337845 
167 4.431248720870794 
168 3.825302256408099 
169 4.40062123899657 
170 4.070669702922598 
171 4.0407763492488895 
172 4.138122689751207 
173 3.5847992522799474 
174 4.116596671922177 
175 3.8967985192975436 
176 3.9082006634758306 
177 2.9615624237351623 
178 4.156125461784322 
179 4.085435126624235 
180 3.4741999282046416 
181 3.570812623227333 
182 3.9797860157132963 
183 4.3731067090420845 
184 3.9939340640192 
185 3.9331727041946407 
186 3.9216018245376496 
187 4.024329948119703 
188 4.056892392162472 
189 3.9340243918841105 
190 4.087061540298972 
191 4.022814548594711 
192 4.241843310756585 
193 4.155125936694387 
194 4.2887400667099485 
195 4.205052977808119 
196 3.5476872777419444 
197 3.922781299187549 
198 3.787565118388802 
199 3.6234217322103683 
200 3.6912792005917097 
201 3.9574793674027555 
202 3.526202804045835 
203 4.396422599351029 
204 4.373114837227956 
205 3.5035225110708863 
206 4.480612839374701 
207 4.183881295994552 
208 3.7659346788004595 
209 4.248236042601972 
210 3.8018130027848613 
211 3.840957771029499 
212 3.030389859592928 
213 3.925102297765842 
214 3.732249905325386 
215 3.9227648092375493 
216 4.24970061052655 
217 3.5881721015313133 
218 3.3534309943577583 
219 3.64375625741823 
220 3.5372349572742396 
221 3.9805549047391997 
222 4.090046998961579 
223 4.182432861397387 
224 4.593160987807676 
225 4.540721940379845 
226 3.4321395144308857 
227 4.254083126764571 
228 3.823175944358955 
229 3.250875981047052 
230 3.9004501815272983 
231 3.6100373618437263 
232 4.293153357711456 
233 3.72353631384038 
234 4.014574881079852 
235 3.8243565896026834 
236 3.018228147510794 
237 3.5024326741905187 
238 3.49525574935569 
239 3.747494413183281 
240 3.764136320711395 
241 3.707860278581965 
242 4.797039427222906 
243 3.5177916403352345 
244 3.7889307450896803 
245 3.989496457177191 
246 3.6851050531548424 
247 3.5696124448690187 
248 3.737349794323776 
249 4.377566910662356 
250 3.7296612151122797 
251 4.20108263105242 
252 4.26400521565763 
253 3.7667558919446007 
254 4.191882546974536 
255 4.310689565957711 
256 4.3358874145582185 
257 3.7986948611359077 
258 3.562900322042549 
259 3.925304445512631 
260 4.026171532060405 
261 3.317334945809238 
262 3.272604085651185 
263 3.934937247743205 
264 4.077190310343373 
265 3.6754594287147326 
266 4.091036005437328 
267 4.487393213167094 
268 3.6288489482999826 
269 3.7529764721433727 
270 4.121859812403626 
271 4.85 
272 4.0639839174636165 
273 3.953148782152939 
274 4.340148179410376 
275 3.7408832011020823 
276 4.316341584502365 
277 3.851883726872325 
278 3.3376134041478642 
279 3.709542816136372 
280 3.9564968888496983 
281 3.65911940807896 
282 3.695029549062103 
283 3.249594345617358 
284 4.2037643824001885 
285 3.6196609798657002 
286 3.981790167810705 
287 3.6921905530515042 
288 4.226288371765688 
289 3.878597402677633 
290 2.9819877252680596 
291 3.930444430404042 
292 3.5554217295519632 
293 4.3558253346590945 
294 2.6296150145402697 
295 4.515190647944815 
296 3.7150623401747103 
297 3.762377852968635 
298 3.999366306252056 
299 3.5856803717819665 
300 4.049170641023255 
301 3.9957345447509796 
302 3.289104128349414 
303 3.050181251577138 
304 4.001565901864819 
305 3.755963448316196 
306 3.6233860141000553 
307 3.006436736607833 
308 3.7796291017914947 
309 3.66448417052021 
310 4.062622901932471 
311 3.758416727912312 
312 4.422535658045131 
313 3.998342229025186 
314 3.534480128755987 
315 4.441391053351272 
316 4.144333840206212 
317 3.5186416508380134 
318 4.599509722296566 
319 4.113250127862439 
320 3.3214504415083583 
321 3.155515412818732 
322 4.3318333986396595 
323 4.53314656402441 
324 4.313772101524622 
325 3.7816772550017927 
326 4.105857901547528 
327 3.643729410152634 
328 3.1920016414805565 
329 3.3280772540664985 
330 4.157519302361212 
331 3.9348376001067056 
332 3.268986722694416 
333 3.356620431489824 
334 3.904065385494704 
335 3.0221363341692906 
336 3.575607612494192 
337 3.7100706238519336 
338 3.4128317881838024 
339 2.838017818070517 
340 3.205198642490784 
341 3.6117231384790056 
342 3.777785798431492 
343 3.771671687355107 
344 3.856048552352797 
345 4.53842245708627 
346 3.164744933894033 
347 3.8359970206887186 
348 4.282079510456767 
349 3.3837959270792646 
350 3.5278751007687186 
351 3.4525996628898676 
352 3.304441598580208 
353 3.7534218566004145 
354 3.7651733776173586 
355 3.45482847347567 
356 4.016059156074238 
357 3.8599227157356286 
358 3.334600216248972 
359 3.8044749438440766 
360 3.6644258488929338 
361 4.452775914092708 
362 3.8261608546958037 
363 3.4595759987740764 
364 4.06327176642006 
365 3.76527091397042 
366 3.519295032267546 
367 4.066565301851513 
368 3.205668643714146 
369 4.403308351681507 
370 3.3280924847743707 
371 3.3193487643637605 
372 4.191544874729152 
373 4.056192354398837 
374 3.827609142105143 
375 4.282616093665463 
376 3.81264050476509 
377 3.8416296767701725 
378 3.6106937131845136 
379 4.437354438939172 
380 3.992904976890631 
381 3.9819034938028923 
382 4.659742491741398 
383 3.4326100383610436 
384 4.291001561559341 
385 4.767774862027999 
386 3.848319568895337 
387 3.0871383810656896 
388 4.193017359025825 
389 3.9883078671213523 
390 3.4999352511261144 
391 4.272899707914096 
392 4.500372299942863 
393 3.7779002519015448 
394 3.9944764032619005 
395 4.5931049875253676 
396 3.5094670332186757 
397 3.3882236837516113 
398 4.56431374978737 
399 4.325404306890854 
400 3.4066478678339047 
401 4.510630199506285 
402 3.2868827064122144 
403 3.9635494918422745 
404 4.274232451948774 
405 3.6471250034662943 
406 4.545833330857109 
407 4.094544702471713 
408 4.154857505077204 
409 4.12583097422656 
410 3.423316123391388 
411 3.6881521054420654 
412 3.6425178479808644 
413 3.269552814780551 
414 3.999282996701402 
415 4.017784082114568 
416 4.346279621760763 
417 3.5471154431418404 
418 4.017369626164759 
419 4.1993143093556515 
420 3.820013343364294 
421 4.204696638900855 
422 3.891679317330657 
423 4.389354261443258 
424 3.723209082975572 
425 3.587181155672152 
426 3.461996882667577 
427 4.603172690816589 
428 4.175000385719367 
429 4.14478142422852 
430 3.795207382007239 
431 3.7891993963375614 
432 3.930864609732173 
433 4.226175023078292 
434 4.057964172953631 
435 3.1302644266993815 
436 3.641647443817839 
437 4.367636721135796 
438 3.8601752463955314 
439 3.8205818644455913 
440 4.612927192018496 
441 3.4636320061848513 
442 4.315356262061672 
443 4.431536795489234 
444 3.3665437652344092 
445 3.8349818068235018 
446 4.2543007373653925 
447 3.9612585778574565 
448 4.264093756076466 
449 3.72755693416143 
450 3.6917820852482413 
451 4.437074496236498 
452 4.533363837661079 
453 3.439974815338809 
454 3.6490077721116037 
455 3.3994030666964408 
456 4.001001024765179 
457 4.522364580384358 
458 4.45999315254044 
459 4.232840584719238 
460 4.241430746177941 
461 4.001454512524907 
462 4.357470436375788 
463 4.154457869920246 
464 3.1875539832188187 
465 3.9464039394396835 
466 3.9867408643091093 
467 4.447342292126648 
468 3.74597279677814 
469 3.1382237849250934 
470 4.211599495687849 
471 4.370662430338079 
472 3.7667234585134315 
473 3.8567630560879937 
474 3.1646091129262492 
475 4.489116674700902 
476 3.7534617307669436 
477 4.0525121594265086 
478 4.631598045165707 
479 4.119037394656688 
480 3.577198337268023 
481 3.8269936110153475 
482 4.4262759663484745 
483 3.9786521613953942 
484 4.262498863580938 
485 3.302660142726231 
486 4.2978008336389575 
487 4.109120164717408 
488 3.8115635248007096 
489 4.093152795192147 
490 3.7975892378749148 
491 4.084183532568679 
492 3.7843002328205584 
493 4.168045591491273 
494 3.4780341779948136 
495 3.6738840298879674 
496 3.6502394992080824 
497 3.6462090003005323 
498 3.54000736325577 
499 2.9316226728731314 
500 3.6951249114569933 
501 3.753044700112555 
502 2.9486158013634673 
503 3.6335352066968736 
504 3.479159483297241 
505 4.294261832217357 
506 3.725694936209206 
507 3.4097033380229504 
508 4.367036795965543 
509 3.6494436891875166 
510 4.5339470757430504 
511 3.927959256407255 
512 3.626083034186132 
513 4.248041709899571 
514 3.9438432764683906 
515 3.84092349120597 
516 3.281729450952994 
517 3.459266309433665 
518 4.060186668104926 
519 3.932254194933686 
520 3.774733016537256 
521 3.643432036948159 
522 4.287116646384415 
523 3.8960187453255686 
524 3.7966840731496045 
525 3.858025632305938 
526 4.0065649124917195 
527 4.1119054162810995 
528 3.326186429279303 
529 3.2934613621458873 
530 4.54725300221714 
531 4.469849942295523 
532 3.3181538786664753 
533 3.045626097483228 
534 3.879835393828026 
535 4.1938595566352355 
536 4.598384444998905 
537 3.645532781525257 
538 4.517166819571868 
539 4.290472946159038 
540 3.007044240968125 
541 3.321351406826761 
542 3.7587850616726937 
543 3.723248558993908 
544 3.6360520473005282 
545 4.198592686635874 
546 3.7240026915491153 
547 4.095073855516137 
548 3.9381427674634017 
549 4.075782545203346 
550 3.7967074349627437 
551 3.5158462500566876 
552 3.7255207855178947 
553 3.936568826824233 
554 3.587889355693196 
555 3.1736307422776164 
556 3.0309919971167383 
557 3.2873049312743365 
558 4.331793097099898 
559 3.923216594909959 
560 3.9949342934495324 
561 4.230006058371763 
562 4.125323063250358 
563 3.8393562230303657 
564 4.06499747376154 
565 4.280265781617042 
566 4.153257598790474 
567 3.7271319099970244 
568 4.045517257387931 
569 4.634177809558962 
570 3.4209134347774093 
571 3.714899849027363 
572 3.2772965112739296 
573 2.5835419905810117 
574 4.712345525090817 
575 3.209529424291092 
576 4.6662390607240845 
577 3.47439333065482 
578 3.7230034145922644 
579 4.09066984664047 
580 4.123456039616577 
581 3.8484213778077767 
582 4.318071590344924 
583 3.9912931499410456 
