0 0 
1 0 
2 0 
3 0 
4 0 
5 0 
6 0 
7 0 
8 0 
9 0 
10 0 
11 0 
12 0 
13 0 
14 0 
15 0 
16 0 
17 3 
18 4 
19 1 
20 4 
21 1 
22 4 
23 0 
24 2 
25 3 
26 2 
27 1 
28 2 
29 1 
30 2 
31 1 
32 2 
33 0 
34 2 
35 0 
36 5 
37 0 
38 1 
39 0 
40 3 
41 0 
42 3 
43 0 
44 2 
45 0 
46 2 
47 0 
48 2 
49 0 
50 3 
51 0 
52 3 
53 1 
54 2 
55 2 
56 2 
57 2 
58 2 
59 2 
60 2 
61 0 
62 2 
63 3 
64 2 
65 1 
66 0 
67 1 
68 0 
69 0 
70 0 
71 0 
72 0 
73 0 
74 0 
75 0 
76 0 
77 0 
78 0 
79 0 
80 4 
81 0 
82 2 
83 4 
84 2 
85 2 
86 2 
87 2 
88 2 
89 2 
90 2 
91 2 
92 2 
93 2 
94 4 
95 2 
96 4 
97 0 
98 4 
99 0 
100 2 
101 0 
102 2 
103 0 
104 2 
105 4 
106 2 
107 4 
108 2 
109 4 
110 2 
111 4 
112 2 
113 4 
114 2 
115 4 
116 4 
117 4 
118 4 
119 4 
120 4 
121 4 
122 4 
123 4 
124 0 
125 4 
126 0 
127 4 
128 0 
129 4 
130 0 
131 4 
132 0 
133 4 
134 0 
135 4 
136 0 
137 4 
138 1 
139 4 
140 1 
141 2 
142 1 
143 2 
144 1 
145 2 
146 1 
147 2 
148 1 
149 2 
150 1 
151 2 
152 1 
153 2 
154 1 
155 2 
156 4 
157 1 
158 4 
159 1 
160 4 
161 1 
162 4 
163 0 
164 0 
165 0 
166 3 
167 0 
168 2 
169 2 
170 2 
171 2 
172 1 
173 2 
174 1 
175 2 
176 1 
177 2 
178 1 
179 2 
180 1 
181 2 
182 1 
183 2 
184 1 
185 2 
186 1 
187 2 
188 4 
189 2 
190 4 
191 1 
192 4 
193 1 
194 4 
195 1 
196 2 
197 1 
198 2 
199 1 
200 2 
201 1 
202 2 
203 1 
204 2 
205 1 
206 2 
207 1 
208 2 
209 1 
210 2 
211 1 
212 2 
213 1 
214 2 
215 1 
216 1 
217 0 
218 1 
219 0 
