0 22.404991346338754 
1 5.734263363255797 
2 32.125244138755065 
3 29.747469804322076 
4 9.109695018917428 
5 9.87871308116256 
6 22.695836151619275 
7 14.993901349138826 
8 11.9008617142922 
9 10.903245261045429 
10 13.390706361241918 
11 15.209869380117638 
12 16.066190665890357 
13 16.99288975679322 
14 12.507019406242918 
15 11.159604839203187 
16 10.159807961088381 
17 10.547409609165573 
18 2.405457020913457 
19 4.3849071437233675 
20 8.97472964356173 
21 12.423407866403249 
22 5.212601302185927 
23 6.628931592930284 
24 26.7427361816895 
25 19.896228339397275 
26 9.369396416923559 
27 10.412973316517542 
28 27.32410001172623 
29 18.612563679287145 
30 18.986397236896305 
31 16.62512931700801 
32 14.988061162866321 
33 23.19781423182859 
34 45.509135888199296 
35 38.101287210559306 
36 17.45619204581398 
37 38.87898703200749 
38 16.45399374683713 
39 24.232765593584617 
40 18.916864736630842 
41 17.70816990842576 
42 10.202736100570183 
43 20.722436315487837 
44 30.30522680308088 
45 27.927582648067382 
46 19.560248099612927 
47 21.673189510399173 
48 35.147602527360185 
49 9.762800235556455 
50 22.472936915311994 
51 22.73631258266658 
52 11.723235423182597 
53 13.721224810259095 
54 14.99250786388333 
55 19.403072624406132 
56 12.617294126494699 
57 10.151300041870472 
58 25.38586870997809 
59 22.5574193687177 
60 21.481380567776167 
61 22.503079597398973 
62 35.74822933801532 
63 21.19641395203105 
64 23.74573411687444 
65 35.037206582574555 
66 17.07521261047806 
67 9.718463046334293 
68 14.298536159652006 
69 23.727196614848506 
70 39.63059479378278 
71 21.52713536373808 
72 26.186740255605017 
73 10.838751023973249 
74 13.638105890883551 
75 13.724637112079686 
76 15.775176771475854 
77 8.721943226219663 
78 49.03840712724042 
79 48.2714236390839 
80 9.923588700137227 
81 12.778629489257467 
82 23.995423236229662 
83 17.644922719662105 
84 26.841312402808086 
85 19.043464442517333 
86 11.980850310211263 
87 20.316515539021932 
88 12.362148747664213 
89 11.974180581764822 
90 37.157193479801556 
91 23.33124179516276 
92 27.220539179419287 
93 14.34067752567732 
94 38.580374553883516 
95 20.66271571365936 
96 19.061032693164158 
97 18.107071779795284 
98 25.84752666835109 
99 19.916162546652863 
100 9.61204879468511 
101 9.837816791565515 
102 16.951340166187073 
103 33.94163820868467 
104 12.921732754557246 
105 8.550834430821546 
106 11.51168101176884 
107 10.586730946401303 
108 12.019199523164081 
109 11.98204822753386 
110 11.3749698289539 
111 11.773187484386359 
112 13.683399396460322 
113 12.481153158300376 
114 7.103944825623836 
115 33.25065402482916 
116 18.3114200144944 
117 13.380880828189055 
118 6.989691202693019 
119 7.319697879291328 
120 21.745440217334952 
121 25.29920138972664 
