0 32.0895953975904 
1 32.6347640231192 
2 32.4976117672838 
3 32.4978373499072 
4 31.2788948511022 
5 32.2252582434746 
6 31.6931852256476 
7 32.5024385927206 
8 33.3621498428596 
9 34.0042644813164 
10 33.8057911000504 
11 34.059726536564 
12 34.2372482031824 
13 34.5165505121112 
14 35.0678937690618 
15 33.9057637446834 
16 32.7804032013682 
17 31.802930460181 
18 32.9747205743956 
19 32.4282022507884 
20 31.6843286507946 
21 31.979406520329 
22 31.9875068076502 
23 32.0429111458106 
24 31.9043738371098 
25 33.1544225618 
26 33.937961730606 
27 35.3194425211326 
28 33.6143333411494 
29 34.7290719044458 
30 34.8217698967268 
31 35.0476505877162 
32 34.1550859633994 
33 34.5712660149704 
34 32.825892662851 
35 33.562994741611 
36 33.3181952964734 
37 34.4221283926066 
38 33.7519442809544 
39 34.725758977871 
40 32.4868747224472 
41 33.5520292629964 
42 32.0563909286654 
43 33.9504429557594 
44 31.3117507460446 
45 32.3982992954032 
46 30.2316413991426 
47 31.205240863634 
48 28.978865226939 
49 29.4418473732974 
50 29.5087607869 
51 29.752259457894 
52 29.5953721960162 
53 28.8597670903114 
54 30.8444048122934 
55 30.1173042803906 
56 31.1779590736938 
57 30.024902772899 
58 31.2414750305636 
59 30.6321703952434 
60 31.7285966361646 
61 31.0659797810976 
62 32.0449589226836 
63 32.1448591438254 
64 30.6068179735182 
65 31.2408697605954 
66 29.9328188242834 
67 30.6132629813 
68 31.9776874524388 
69 32.9442497384448 
70 29.6234401625426 
71 30.7578453408096 
72 29.4932113406268 
73 30.9482895918936 
74 31.8982759578866 
75 33.2333555758484 
76 34.0038883302764 
77 35.0579518320234 
78 33.9961562327088 
79 34.6304966867716 
80 36.463493913344 
81 36.4545956377494 
82 37.0816513881132 
83 35.934197205959 
84 36.7464667350816 
85 35.6136250830704 
86 35.279329822333 
87 34.5913578322682 
88 35.3442341565426 
89 34.6595525767 
90 36.0515386616958 
91 35.6363309746754 
92 35.5028592529576 
93 35.6360287332518 
94 35.0411034455852 
95 35.6573714237494 
96 36.2032954310976 
97 36.6480108165352 
98 36.3119422123224 
99 36.7412574894336 
100 35.5796041310716 
101 37.0226123017618 
102 35.2947912564478 
103 36.8119878509032 
104 34.590858952127 
105 36.145797886859 
106 34.9172177554474 
107 35.3550436610208 
108 34.602242587352 
109 34.5506274309608 
110 33.8994864000428 
111 33.331711066559 
112 34.101993223513 
113 33.6981096478254 
114 34.3483521546834 
115 33.1281391306018 
116 33.4596051948308 
117 31.6435808559558 
118 34.3506294033372 
119 32.893100603845 
120 35.8959446748536 
121 33.763789525729 
122 35.4878467182722 
123 33.3355480357338 
124 33.9987687817062 
125 32.6779986393978 
126 35.2077403011916 
127 34.7274424687354 
128 31.7408623752264 
129 31.4252822870214 
130 31.7964767080302 
131 31.4738496342368 
132 31.834943579767 
133 30.3809346980518 
134 32.5619391688126 
135 31.5046251996642 
136 31.5500599953768 
137 31.0636570671428 
138 29.491309698775 
139 29.8650655913104 
140 30.9117855874908 
141 31.8860691466244 
142 30.0110295940046 
143 32.1717328905168 
144 29.3322010773556 
145 31.1789698558746 
146 29.7224353548016 
147 30.4765160025726 
148 30.794545113261 
149 30.4041445777188 
150 31.6977317183394 
151 30.5682547360526 
152 33.5250169662346 
153 32.2591343998382 
154 34.4947949741774 
155 33.8896520186248 
156 33.5755675890984 
157 33.2705292162474 
158 32.7837528913924 
159 33.993770194207 
160 32.0187174365978 
161 33.4698060077648 
162 30.6747601980104 
163 32.136834333584 
164 31.2987142131676 
165 31.8475116143416 
166 31.7588155781764 
167 32.2237469346778 
168 33.0476939171762 
169 33.542136905907 
170 34.0767528670406 
171 33.8615906202076 
172 35.4881072321414 
173 34.646947033935 
174 34.0562684172534 
175 33.885592159425 
176 34.0016950408578 
177 33.7687519829076 
178 33.112513556897 
179 32.8700801099812 
180 33.0625813014526 
181 32.3366743650748 
182 33.6998240781698 
183 33.308602487424 
184 35.071801871446 
185 34.778056669009 
186 36.4483722751576 
187 36.2483287094828 
188 36.9186842205156 
189 36.9125000294976 
190 37.6117723751416 
191 37.65885486551 
192 36.7933746142694 
193 37.3661522448764 
194 36.1928941453258 
195 35.9049176815384 
196 36.7821475171244 
197 36.2380584597848 
198 36.529613661105 
199 35.3913168985708 
200 36.8103691255696 
201 35.046919959034 
202 37.6412745218892 
203 35.718631177998 
204 36.6870792147734 
205 34.6374171731138 
206 36.5535873794622 
207 35.4061497442738 
208 36.542676071171 
209 36.1687020938152 
210 36.0276919547074 
211 36.691956782931 
212 35.5618403730722 
213 35.4549163159124 
214 33.9749804248916 
215 33.615400764345 
216 32.5392950630412 
217 33.0738014652376 
218 30.937594935633 
219 31.6024930333324 
220 30.0902973519324 
221 30.3775780288254 
222 27.8526887252828 
223 28.5241795639818 
224 29.2820249287146 
225 29.6393777656426 
226 30.882118463284 
227 30.984105055403 
228 32.5772349199638 
229 32.8611948168302 
230 32.46036664327 
231 33.3995561851756 
232 34.327679496757 
233 35.4454727548418 
234 35.9232649194462 
235 37.0612652361944 
236 35.015665023236 
237 35.7990810467054 
238 34.2524416208496 
239 34.9047778951894 
240 35.0186810823366 
241 34.8228598684236 
242 35.0320104660972 
243 34.4583395320214 
244 33.8102868033354 
245 33.6443357765172 
246 33.3547035643472 
247 32.9578617586664 
248 35.0682507384258 
249 33.3880413700076 
250 34.2412229668422 
251 32.8582015057696 
252 33.625261015469 
253 32.4703322434058 
254 33.3675269678342 
255 32.2507482260382 
256 32.8534278972914 
257 31.8424484017418 
258 31.4670046263314 
259 30.9376135584522 
260 30.8251552663458 
261 31.6156561415604 
262 32.4457580932642 
263 31.9886818235292 
264 31.9935953110322 
265 31.1315219649322 
266 32.9087604336842 
267 31.8013175741812 
268 32.0297226691158 
269 31.979582591043 
270 32.9655364507526 
271 31.1631972946968 
272 30.4061910838118 
273 29.886359839683 
274 30.637101565667 
275 29.8628792213308 
276 31.156199262959 
277 30.4307885590678 
278 31.803514578998 
279 30.7654271341206 
280 32.1764740119938 
281 31.714934225859 
282 34.4837075105642 
283 32.9869327217462 
284 35.4166988014088 
285 34.8216936227802 
286 35.575835934955 
287 35.3701735757982 
288 35.749694915952 
289 34.9285096868808 
290 35.556818292476 
291 35.0599836913012 
292 35.0785507217878 
293 35.7328946280712 
294 33.9438948629746 
295 33.4185287784758 
296 33.4408145248722 
297 33.187075761346 
298 32.7962802195394 
299 34.53958168181 
300 32.8366477206742 
301 34.1689825730486 
302 34.1282492985452 
303 34.1135393064556 
304 34.2087730042558 
305 34.2678728036666 
306 34.2000701968882 
307 33.9621907681526 
308 34.2000701968882 
309 33.9621907681526 
310 34.6053561717162 
311 33.9621907681526 
312 34.8439935708968 
313 35.3529604122182 
314 33.8435331740766 
315 34.4213457600152 
316 32.6761076692622 
317 33.3182562219386 
318 33.4316245013442 
319 34.3366191244148 
320 34.0616651251854 
321 35.948325605846 
322 33.4235344809316 
323 36.2065712430598 
324 35.0004851176308 
325 37.5044349755842 
326 35.7029596215754 
327 38.5442290408446 
328 35.5091983065438 
329 37.8655588517002 
330 35.1068380251926 
331 37.0556933639806 
332 35.4480585404478 
333 35.9641241623106 
334 35.177635967739 
335 35.322314214715 
336 35.3788913270212 
337 34.8105486257774 
338 34.2937602372568 
339 34.151729764656 
340 34.7812618665344 
341 34.0923496797486 
342 34.0292344375806 
343 34.4505049198002 
344 34.4646690575664 
345 35.5311225786794 
346 33.8011022827122 
347 35.3609116972982 
348 34.8000022911578 
349 35.9683452316672 
350 33.7439566786568 
351 34.8810441278652 
352 33.9199549488986 
353 34.3491646802894 
354 34.1233535137142 
355 33.6437544433762 
356 34.6868131346844 
357 34.7481590430016 
358 34.7105007450488 
359 35.1983668194688 
360 35.2729145257292 
361 35.8004344239034 
362 36.7798144053838 
363 36.4289541582144 
364 36.0460822577874 
365 35.800374870879 
366 35.7030867883646 
367 35.7997898230942 
368 34.9964369161178 
369 35.37618925392 
370 34.5423030606594 
371 35.07805868353 
372 31.9067473879328 
373 35.8718919798402 
374 32.5095391893438 
375 36.6910961216436 
376 32.9739866585768 
377 36.1440807815992 
378 33.4448358287392 
379 36.5686182440808 
380 32.7879161311438 
381 35.7115940647566 
382 32.5755674014816 
383 33.4572426394048 
384 31.7665271843182 
385 32.6422454660972 
386 30.7829417405496 
387 31.985248116159 
388 30.7463990540098 
389 31.6350981836406 
390 31.6909404315136 
391 32.5848811709016 
392 33.6905957924676 
393 32.0450001571988 
394 34.109992945558 
395 32.3381042634084 
396 34.8575122461052 
397 33.8753829608822 
398 35.3930246730034 
399 34.0411816353528 
400 36.4524820142818 
401 35.0466417339762 
402 35.7585171294282 
403 37.1720360418652 
404 35.1829044628862 
405 36.686108913984 
406 36.0613415775172 
407 36.878221431635 
408 36.5540175818744 
409 37.9469546917858 
410 36.474861967753 
411 38.2115962167012 
412 36.5165317542564 
413 37.4998196739396 
414 37.1617707495012 
415 38.3070498812716 
416 35.9869682515706 
417 36.7407367747032 
418 33.245494943282 
419 33.5566649648684 
420 31.1597487342318 
421 31.1986982256522 
422 30.9332854194076 
423 31.3933018701652 
424 29.7349884445942 
425 29.753664252406 
426 28.3133974722774 
427 28.4392337564352 
428 28.8628407088542 
429 29.1455480326866 
430 31.3759798961196 
431 31.955452535097 
432 32.1687692281046 
433 31.9033820269636 
434 33.629441045933 
435 33.6915825784116 
436 36.737240683574 
437 36.0102787001656 
438 38.771020424675 
439 37.2178751730248 
440 37.8285149996438 
441 36.455604217822 
442 37.5191371059602 
443 37.0799941165582 
444 37.0129343675038 
445 35.5548470694636 
446 36.1011953239624 
447 35.481756795225 
448 34.8615483750494 
449 35.6629731039876 
450 34.7676204385016 
451 35.85274572729 
452 34.6823734499436 
453 35.1449658275904 
454 34.523119485381 
455 34.8756636445488 
456 32.9691866681198 
457 33.1811523069558 
458 33.943116612618 
459 33.6718280486612 
460 32.0442070518096 
461 31.3199467871894 
462 32.7084455331136 
463 33.3116565328004 
464 32.7161278632612 
465 33.4318114174722 
466 33.40626317807 
467 34.026507765751 
468 33.2219177822904 
469 34.388253532352 
470 34.7779576399318 
471 35.7415225081886 
472 34.1473565131436 
473 34.5313213771036 
474 32.6608835190454 
475 34.2060727360998 
476 32.3109595799394 
477 33.9051831420814 
478 31.1078757099828 
479 31.8237458398856 
480 29.4540142196434 
481 30.1192000535878 
482 29.6913961915782 
483 30.8355313088466 
484 29.8905104229428 
485 29.6226511310988 
486 29.2403020650402 
487 30.920753249702 
488 30.2163883095186 
489 31.5069258930706 
490 31.4760506652382 
491 32.5869004271126 
492 30.8915715061666 
493 31.7620116518746 
494 32.6411102290278 
495 31.9393606964128 
496 34.3378290824788 
497 31.7890251122734 
498 34.6174211777666 
499 33.2464807541204 
500 35.8268086044112 
501 34.9207684903028 
502 36.1068058528488 
503 35.4904155160952 
504 35.5263213029824 
505 36.8251082863524 
506 34.9555239128082 
507 36.311578933249 
508 34.9678470959794 
509 36.0396894933122 
510 34.3111692890452 
511 35.6255016476574 
512 34.0249873374148 
513 35.2708693245402 
514 34.9768232507698 
515 35.6913894132392 
516 34.5532748587214 
517 35.5216906820768 
518 33.8531567098018 
519 34.9346388408808 
520 34.5725839002358 
521 34.8483921301662 
522 33.7512246198104 
523 34.2133312217866 
524 33.8951098097372 
525 35.170888245669 
526 35.9243842014852 
527 36.7411352967142 
528 35.4824537620886 
529 35.5737184916278 
530 35.7336415811138 
531 35.2945223813444 
532 34.113331171312 
533 34.7297294615206 
534 33.4017973505428 
535 34.7643578559236 
536 32.7441198117086 
537 33.9175219653394 
538 33.6623116362952 
539 35.114807217344 
540 34.1414258406478 
541 36.153039342635 
542 33.5570040800282 
543 35.4609747124608 
544 34.2100695672904 
545 34.4942643372378 
546 33.343218029786 
547 33.2101483690486 
548 32.667135986115 
549 32.3945740602576 
550 33.813881607808 
551 33.507361337766 
552 33.7882868662082 
553 33.118187108393 
554 34.9433855655886 
555 33.6758059945048 
556 34.2274412706028 
557 33.6850105270118 
558 34.6843519006328 
559 34.5395585507874 
560 35.1712420393168 
561 34.5395585507874 
562 35.1712420393168 
563 34.4030138299456 
564 33.9082115359152 
565 33.8134573746908 
566 34.2870748666836 
567 33.5332165987692 
568 35.0127863554116 
569 34.6018443797168 
570 35.6380808245282 
571 35.5942288732052 
572 34.9477879290052 
573 35.8790975624724 
574 34.8277247413734 
575 34.938472903099 
576 35.0985977054346 
577 34.4631938496506 
578 33.7665170823904 
579 33.0218590268666 
580 33.3720752164136 
581 32.4011617949796 
582 33.4555545632698 
583 31.2004901361334 
584 33.501736813498 
585 31.2902562794842 
586 32.634746249633 
587 32.728365892403 
588 32.7730168841418 
589 33.027129772794 
590 30.7297741713426 
591 32.7188026698544 
592 29.9842091777248 
593 32.1635708154426 
594 30.8581149522806 
595 34.176510306181 
596 32.6368833696176 
597 33.1930613903166 
598 32.055116255436 
599 33.7946793055094 
600 33.8243641212374 
601 33.9462551019126 
602 34.185577670191 
603 33.357183195809 
604 33.5889307360614 
605 31.4631302577004 
606 33.015308573842 
607 32.7045396293262 
608 34.099483774429 
609 32.3243961229636 
610 33.2459936687906 
611 32.2562893701944 
612 33.0412219409782 
613 32.4045502975426 
614 32.9791820725642 
615 32.291092723331 
616 31.4767077007204 
617 32.3805287697496 
618 31.1684349575466 
619 32.6485487021976 
620 31.2499796394392 
621 31.5798522531032 
622 29.9110987858744 
623 33.3912148790814 
624 28.87494031291 
625 33.5507444930072 
626 29.206444614987 
627 32.2096072887076 
628 28.410781392098 
629 31.0392524388726 
630 29.0873522615402 
631 31.8998044777596 
632 31.1069577522528 
633 32.4460877500656 
634 30.879912858663 
635 32.6586861302934 
636 32.1234149035858 
637 33.3957998190314 
638 34.5786495580256 
639 36.065650271854 
640 34.0267389203088 
641 36.2414093485152 
642 33.7888413078576 
643 34.4541871356312 
644 34.0656293785112 
645 35.0770512862834 
646 35.6090671154716 
647 33.9494501147576 
648 33.6889136748432 
649 31.7185689698022 
650 34.5059532691502 
651 32.5468125319306 
652 33.8181946921636 
653 33.2222784832948 
654 33.1133629663936 
655 34.8622192785058 
656 33.219718642608 
657 34.8650112718064 
658 34.495707166189 
659 36.3250662517696 
660 33.9543929271054 
661 35.9819365417734 
662 34.0616292290854 
663 35.9907293200828 
664 33.816701893333 
665 35.5160165106456 
666 32.6762670233258 
667 34.9397516196586 
668 31.4536352439142 
669 33.1588989782488 
670 32.907269866338 
671 34.228101135707 
672 31.486684955328 
673 32.5099367697732 
674 32.1425749966844 
675 33.293703854611 
676 33.5526990755254 
677 32.9861316986074 
678 33.2345271746648 
679 33.396816897347 
680 32.5977219287658 
681 32.563299098181 
682 33.698658260585 
683 32.9707911277868 
684 35.1846533496744 
685 34.489488529542 
686 35.9652653274984 
687 34.893614973231 
688 37.4517959132892 
689 35.9192328811836 
690 36.2525255883742 
691 34.6099959138058 
692 36.3643073211 
693 33.8838998970582 
694 36.8842632145954 
695 34.5379832645752 
696 36.5972219913834 
697 35.5549550171548 
698 35.6783590793452 
699 35.294827435501 
700 36.8692924287278 
701 35.5625360463392 
702 35.8469402994068 
703 34.7633137078926 
704 35.267606791368 
705 33.6485833335198 
706 35.2846167906232 
707 33.1875011372244 
708 36.0985367916126 
709 33.5830955930344 
710 34.886148563314 
711 33.8385965205352 
712 34.5243704294808 
713 35.1434827106842 
714 33.300845558127 
715 34.4639687416048 
716 33.1297936584858 
717 34.1750500704618 
718 31.281018746543 
719 32.3415056315712 
720 32.2386067714874 
721 32.1234449445234 
722 32.5055967191834 
723 31.9365849971492 
724 32.5993760439538 
725 32.575414055723 
726 33.4560716319572 
727 32.4947797151992 
728 34.5831976933166 
729 33.3133714288432 
730 34.1117796773918 
731 33.5411364694752 
732 34.7282672063034 
733 33.5935123869352 
734 34.6528465422136 
735 33.7622095904718 
736 33.7212866038314 
737 34.1126844519018 
738 33.6188009172086 
739 34.3390141680326 
740 33.5649806242914 
741 33.4800389314692 
742 33.7497760893178 
743 32.9803952692212 
744 32.9803952692212 
745 32.8105939945074 
746 31.3705285734326 
747 32.8105939945074 
748 31.898278275579 
749 32.8052528970682 
750 33.627040746296 
751 32.473604566882 
752 34.1734961494552 
753 32.2719798865218 
754 33.6088820155154 
755 32.4926646422254 
756 33.6088820155154 
757 30.5749305839322 
758 31.6958928082874 
759 31.2770467394978 
760 31.6958928082874 
761 30.3620892965086 
762 32.1030547891826 
763 31.8572158518836 
764 33.2794004959804 
765 32.0659267587316 
766 32.2762773716924 
767 34.32456805324 
768 32.0656049998818 
769 35.6365916214022 
770 33.7605550914698 
771 34.3227997860342 
772 31.6355863313164 
773 32.5165829088354 
774 31.7650101886542 
775 33.473299241634 
776 32.8249107207888 
777 33.253280397892 
778 34.913549683036 
779 32.2321256921792 
780 32.725497496894 
781 33.558177733784 
782 34.9205750729714 
783 35.4558615417172 
784 34.4920148129514 
785 35.8795269022508 
786 32.8429789406096 
787 35.7963914866688 
788 33.3974926077784 
789 36.232493343926 
790 35.0127356652308 
791 34.8258977012442 
792 35.2015150038464 
793 34.4615621185512 
794 34.609381642531 
795 32.8700570281336 
796 35.0640555549394 
797 34.3103111086408 
798 32.9770397812462 
799 32.6817469588956 
800 33.5154655908134 
801 33.7657195680988 
802 31.2822720964584 
803 32.012665722101 
804 31.4954170611554 
805 33.1750187269174 
806 33.0849707698246 
807 32.4470719835814 
808 33.6023572149344 
809 33.1210636941618 
810 31.6983127486678 
811 33.292965999163 
812 32.9407648276722 
813 34.8015726227312 
814 32.546591925703 
815 34.6190648553276 
816 31.6928182972184 
817 35.1857936646028 
818 31.6468521378092 
819 35.0186826723028 
820 32.849123877334 
821 34.9850654069096 
822 33.2256134590688 
823 34.0964295398684 
824 34.4766515627628 
825 34.5607216245872 
826 35.7963466549348 
827 34.8741445881842 
828 35.612575797975 
829 34.229042633425 
830 36.4258845739772 
831 34.1844194231968 
832 35.1678153917398 
833 33.8248027268186 
834 35.739652511889 
835 34.1968789324742 
836 34.595575047975 
837 33.520638180142 
838 35.8923713319358 
839 35.0628784567024 
840 35.00791014638 
841 34.7119215354664 
842 35.9844625531396 
843 35.7613869686184 
844 35.2896410609582 
845 35.6676721193948 
846 35.2387477679604 
847 33.7518112936738 
848 35.1299044381932 
849 33.3014500622904 
850 34.5050453262262 
851 33.768385691259 
852 35.0813922427604 
853 33.9278660191862 
854 35.497139397197 
855 33.5882743343554 
856 33.73527039408 
857 35.4050229735622 
858 31.4348839290582 
859 33.7341533348748 
860 32.2026634784214 
861 33.3901465664644 
862 29.6745073317282 
863 31.4109309687336 
864 29.052588934457 
865 31.2402477564182 
866 31.498006705307 
867 29.4288007395774 
868 32.6823329880222 
869 30.0813975653488 
870 31.9689270038296 
871 29.718561936192 
872 34.4940097080012 
873 31.7326824558352 
874 34.4505163776818 
875 31.746218764857 
876 32.2764216015616 
877 34.454998632605 
878 31.2663573152664 
879 33.80981214756 
880 30.3008476510366 
881 33.2763932595144 
882 30.679679443505 
883 34.193177698319 
884 31.341435545842 
885 34.4880193511162 
886 33.6485609416128 
887 33.6855318171292 
888 36.056846532429 
889 33.1710242251182 
890 36.934105925271 
891 34.2851588262046 
892 37.2600500259996 
893 33.293138158057 
894 37.2462712931524 
895 33.4273399489732 
896 37.2581994443194 
897 33.6552103852052 
898 35.7773065748836 
899 35.7848455529364 
900 36.0888294879618 
901 35.6793390292226 
902 35.1130522188814 
903 35.313430363571 
904 35.3197295718706 
905 35.754386084671 
906 34.5170835342776 
907 34.6186183563628 
908 33.8687621984472 
909 32.4292852913488 
910 34.8251004488764 
911 33.6943719529992 
912 34.6079399216344 
913 34.5472601153368 
914 32.7576761800842 
915 33.9034869943554 
916 32.2749497807334 
917 33.1233428548332 
918 30.5682471650568 
919 33.448652517762 
920 29.9853108843472 
921 32.1688880409416 
922 31.2493527053826 
923 31.6801900201588 
924 31.360240652673 
925 29.3504702179588 
926 34.3275189843546 
927 29.8798492730462 
928 34.9696301437998 
929 32.0475302935748 
930 32.9713082583736 
931 30.7152235362094 
932 32.372696229311 
933 31.0056216290312 
934 33.7113068081336 
935 32.8586149935328 
936 35.4728452296972 
937 32.4097903189968 
938 35.3505924087636 
939 33.9489415468524 
940 36.364058037039 
941 34.5890048758126 
942 35.4170256793968 
943 33.869251555875 
944 34.5688341883142 
945 34.9713135065676 
946 32.9202288894836 
947 32.5557555117858 
948 29.9659145094714 
949 32.546393701789 
950 31.528790164536 
951 34.444578861969 
952 29.869046606497 
953 32.8205946695368 
954 28.3968307066512 
955 30.0464985003838 
956 30.0684148153448 
957 29.1733718183272 
958 30.0385414751326 
959 27.912299357404 
960 28.0781228630614 
961 30.5525730345262 
962 28.5870813090372 
963 31.8401089629124 
964 29.5971289000446 
965 33.0439165933958 
966 29.5707805802398 
967 33.3306125899826 
968 29.6705256690858 
969 34.2769439442546 
970 33.0496378773698 
971 33.5567606619778 
972 34.6877645864946 
973 33.8473868065978 
974 34.8470540089142 
975 34.4370181002796 
976 35.0490289207046 
977 34.4836581239892 
978 33.1786496239706 
979 32.7685872355398 
980 32.469724943829 
981 33.820327686343 
982 31.2369120910018 
983 32.6518505890222 
984 32.3901333658122 
985 33.4061664807208 
986 32.050627969022 
987 32.7840089493188 
988 32.2570321416578 
989 33.2513886201102 
990 33.284777302288 
991 32.7101065382908 
992 35.3061484813802 
993 34.7689514390364 
994 35.1651641662152 
995 33.8735907560806 
996 36.4846208597674 
997 35.3827526653776 
998 38.8520099705472 
999 36.8128381299408 
1000 38.5883630129974 
1001 36.544958249155 
1002 38.0861165442174 
1003 35.1053884938588 
1004 37.9355206867132 
1005 35.5877804565678 
1006 36.41263446367 
1007 34.8210016685152 
1008 36.0856848816014 
1009 34.6212318895434 
1010 35.1853239008742 
1011 34.1722283023158 
1012 34.9837667307922 
1013 35.4395555377376 
1014 34.5161109039434 
1015 34.6342820836616 
1016 34.9876066255684 
1017 33.4636544835914 
1018 33.5017372399554 
1019 32.776849522858 
1020 33.2649945186972 
1021 33.4433198671142 
1022 33.1087186123452 
1023 32.7276863379706 
1024 32.393619812792 
1025 32.9268722123996 
1026 30.7061864620002 
1027 34.2340908245162 
1028 31.2897309560874 
1029 32.5325483462372 
1030 32.3089405326546 
1031 33.5279960790794 
1032 33.117435225188 
1033 34.0299141959708 
1034 31.105066328223 
1035 31.3413284591026 
1036 32.767824221366 
1037 29.1425716669474 
1038 31.4844431397158 
1039 26.551510599075 
1040 30.1819037942012 
1041 28.0003076837322 
1042 26.4623743841586 
1043 25.023203924036 
1044 27.594111454622 
1045 26.4826952227792 
1046 27.7533679727226 
1047 28.0526502671976 
1048 29.6955939213698 
1049 28.5768585335904 
1050 28.4244050603086 
1051 29.3004791487398 
1052 29.406467324553 
1053 30.1542596377228 
1054 31.7124773799264 
1055 31.4820207786704 
1056 31.472575925222 
1057 31.777966833457 
1058 30.80050027659 
1059 32.310580512177 
1060 32.6098543258694 
1061 32.8096732007044 
1062 35.3526392758696 
1063 34.6407114599608 
1064 35.7707445210182 
1065 35.0185799212514 
1066 36.0382082756974 
1067 35.6369455464236 
1068 35.6139868139186 
1069 33.6862117114596 
1070 35.8149269060994 
1071 33.560612151499 
1072 34.5134305780818 
1073 34.2406545326184 
1074 32.5107575851824 
1075 33.282404971378 
1076 30.2695403360918 
1077 32.7927583154622 
1078 29.6817938555588 
1079 33.026353199377 
1080 30.6748937643588 
1081 33.7723039961396 
1082 30.3556210599764 
1083 32.7981029701952 
1084 30.0096961128134 
1085 31.842537982937 
1086 32.1249665712246 
1087 29.291433467494 
1088 32.3716263686876 
1089 29.8627729629432 
1090 31.932135229265 
1091 29.446484188705 
1092 31.4656997667368 
1093 29.5795122421274 
1094 34.0006868760702 
1095 32.2165876274956 
1096 33.7470856961366 
1097 35.718663496531 
1098 33.7123392771426 
1099 34.7774459424986 
1100 32.3267061356824 
1101 34.452111938963 
1102 31.7835686792464 
1103 32.6773388183514 
1104 30.2224321505516 
1105 32.1990086106804 
1106 31.3314972192786 
1107 30.661552309948 
1108 31.219550720232 
1109 30.8596499296924 
1110 31.8780846741846 
1111 31.3106282292346 
1112 32.9774211739984 
1113 32.1591915672116 
1114 33.0483011644656 
1115 31.7433017245814 
1116 32.1448193545746 
1117 33.075893607995 
1118 32.3333482741546 
1119 33.9497701355486 
1120 32.73514348885 
1121 34.663325290717 
1122 33.90408835102 
1123 36.0816792706108 
1124 34.41840590862 
1125 35.3916861474052 
1126 34.8702789902336 
1127 33.924580286636 
1128 34.8199032452982 
1129 34.1702585679704 
1130 33.283655057415 
1131 32.9839268872812 
1132 31.736044887935 
1133 31.2867118549366 
1134 30.65198114752 
1135 31.1526509934816 
1136 31.177441703061 
1137 30.5761952315086 
1138 31.540545162202 
1139 31.7006874780796 
1140 31.8606598114442 
1141 31.9821927580996 
1142 31.010697954052 
1143 31.6807434413208 
1144 31.9558996034614 
1145 32.5025648827124 
1146 31.5294817695578 
1147 33.6399570738748 
1148 31.3487121872966 
1149 33.057806239032 
1150 32.2913979217738 
1151 33.057806239032 
1152 32.2913979217738 
1153 33.0736201087598 
1154 33.4621522033278 
1155 34.2654113227716 
1156 34.9740479992272 
1157 36.1814455348832 
1158 34.1071768517088 
1159 35.0146335061566 
1160 34.1071768517088 
1161 34.9370824791932 
1162 34.9055407151424 
1163 34.9370824791932 
1164 34.8479657668886 
1165 34.4990595882694 
1166 35.5884123552732 
1167 34.2593248491218 
1168 36.0448349833192 
1169 34.6327750502874 
1170 36.3180617810394 
1171 34.1094691923592 
1172 35.4917810329984 
1173 34.4464741189294 
1174 35.487427610466 
1175 34.3012954404972 
1176 34.2923477528542 
1177 33.9407511163552 
1178 34.9922232263976 
1179 34.971416670045 
1180 35.1698489232932 
1181 34.7789957655312 
1182 34.895283520542 
1183 34.7520658483498 
1184 34.6142607895384 
1185 34.4145525317178 
1186 35.5055290612676 
1187 34.2060502344372 
1188 34.5817763705256 
1189 33.5269189075994 
1190 34.6957364546682 
1191 33.886043589064 
1192 34.2303504027934 
1193 33.7239770892134 
1194 33.9190898003524 
1195 34.279879651717 
1196 33.680811190362 
1197 34.911176764197 
1198 34.7422803429284 
1199 34.8920171984652 
1200 36.024053716173 
1201 35.9940633035078 
1202 36.3936915076096 
1203 36.417327208807 
1204 36.943685539999 
1205 35.506969014108 
1206 37.0932735048444 
1207 35.0431475946276 
1208 36.8056593712246 
1209 35.6457526369846 
1210 34.5683462157996 
1211 36.4298793546362 
1212 33.6240440731294 
1213 34.6573976852872 
1214 32.8185548631506 
1215 33.596715411569 
1216 33.9893591961732 
1217 34.9322152705574 
1218 33.7379141596196 
1219 35.631536081353 
1220 33.7706971289394 
1221 36.1429280847584 
1222 35.1544481675626 
1223 33.9927006558944 
1224 35.6706281049716 
1225 34.2696061954362 
1226 34.469380386511 
1227 33.3904540273824 
1228 34.8373814666624 
1229 32.7511757967328 
1230 36.2957711840006 
1231 32.8037435935196 
1232 35.537388429717 
1233 33.3886312260076 
1234 36.3828976693238 
1235 33.7924931319034 
1236 35.4299807731758 
1237 32.8448759853132 
1238 35.711994995507 
1239 32.881203495727 
1240 36.2291579662716 
1241 33.2237583456536 
1242 34.7422578087264 
1243 35.0694182619046 
1244 33.3853530943424 
1245 34.7231662168444 
1246 34.7599330988736 
1247 36.03191920238 
1248 34.8197220860676 
1249 36.1606741390428 
1250 35.2493372962564 
1251 35.9614451972832 
1252 35.51381411111 
1253 36.1375601116344 
1254 36.4443615113346 
1255 34.7557052539008 
1256 35.7642772802312 
1257 34.6890657398386 
1258 34.5622857998724 
1259 33.3881965492814 
1260 33.978285988271 
1261 33.4672121118692 
1262 32.4803656794426 
1263 34.749029617489 
1264 31.989053879932 
1265 32.1566320378162 
1266 32.7103532761924 
1267 31.8752814526642 
1268 30.5644999423484 
1269 29.7438188545406 
1270 27.7319791641824 
1271 31.2417739484102 
1272 26.5121895475118 
1273 30.8985878096858 
1274 27.6422868764836 
1275 28.8041958377062 
1276 26.8338125507214 
1277 27.5112744493416 
1278 28.7765201130606 
1279 29.9321693329738 
1280 29.7487751365076 
1281 29.6713175594128 
1282 31.5690961313226 
1283 30.7785543186852 
1284 31.88704603524 
1285 32.081427199138 
1286 30.5463912731186 
1287 31.5201940522014 
1288 31.56760988457 
1289 31.7492661649622 
1290 31.1295150365932 
1291 32.550653575344 
1292 31.9302350899714 
1293 32.8894005367608 
1294 33.5389863152228 
1295 32.3872571782262 
1296 35.1907333482082 
1297 33.8991595291442 
1298 34.2406838146402 
1299 34.49466903384 
1300 33.497262734118 
1301 34.243896709438 
1302 33.3608319509054 
1303 34.5170552849374 
1304 34.2864555868742 
1305 33.0141201225818 
1306 34.2596196150342 
1307 32.737159641051 
1308 34.3006310022486 
1309 32.5839551152798 
1310 33.4123778230604 
1311 33.212137933536 
1312 33.8201944399316 
1313 33.3741257903406 
1314 34.2147196848396 
1315 34.4550451986938 
1316 33.1296540357698 
1317 35.0389278264704 
1318 31.9652177127854 
1319 33.0756817180792 
1320 29.7220504004494 
1321 31.2023453091144 
1322 30.5732949616832 
1323 31.6546463307596 
1324 29.877544463963 
1325 31.328476449516 
1326 29.6382046374608 
1327 30.0499808803178 
1328 30.9146336209324 
1329 31.982422795732 
1330 32.3726873452258 
1331 33.567645600986 
1332 31.9118554499528 
1333 33.6609665329596 
1334 32.155391357747 
1335 32.4636648953692 
1336 34.1002519997534 
1337 34.260608412057 
1338 34.5077453877226 
1339 33.9625612242508 
1340 34.5415246153362 
1341 33.2479562493258 
1342 33.5461939368814 
1343 33.9959265568134 
1344 33.975305829647 
1345 34.2285953275696 
1346 32.446646704021 
1347 32.7803119976834 
1348 32.5045245768762 
1349 32.8684175259886 
1350 31.2112498065604 
1351 33.4842296657448 
1352 30.4211114728656 
1353 32.5857608543942 
1354 32.0104931768696 
1355 32.2107213236138 
1356 31.6909805442082 
1357 32.2425417359398 
1358 32.325055632186 
1359 31.9922626848512 
1360 30.7954476647336 
1361 32.896514134317 
1362 32.9329003789448 
1363 31.4783926031568 
1364 32.6005850011634 
1365 31.8566927109152 
1366 33.4951931318846 
1367 33.6030137487926 
1368 32.9587237298152 
1369 34.5684507724746 
1370 32.9301438697118 
1371 37.1800557855838 
1372 33.7353255572964 
1373 37.252025855695 
1374 34.6516602566306 
1375 37.1436185035564 
1376 34.4791937478614 
1377 35.4639898634762 
1378 35.0652098075382 
1379 35.6126778041508 
1380 33.7521849449088 
1381 34.505134210437 
1382 33.6833921643338 
1383 34.191032198918 
1384 34.2906816122972 
1385 35.4129516686922 
1386 34.952276765639 
1387 36.9357318718508 
1388 33.67857373032 
1389 36.1951887683336 
1390 34.9608435142798 
1391 36.7629218022028 
1392 35.3514347766274 
1393 36.7432613552192 
1394 35.4125610854896 
1395 35.4304515370026 
1396 34.3188957660152 
1397 33.158882208297 
1398 35.5588499088798 
1399 34.1279466124832 
1400 35.093625690731 
1401 34.2309068494012 
1402 34.917066082715 
1403 33.0200066795766 
1404 34.0438102751606 
1405 33.59582105508 
1406 35.0836757099282 
1407 34.7751734033048 
1408 33.4069824808602 
1409 32.8038832437936 
1410 32.833327196627 
1411 32.5852626037858 
1412 31.7437995232152 
1413 34.4958469848704 
1414 31.7029583130152 
1415 34.4377120004906 
1416 32.0754901871518 
1417 34.5159287937688 
1418 33.270828355109 
1419 35.952608785106 
1420 34.8814583129808 
1421 35.5117069627774 
1422 36.580541034201 
1423 33.5682682650774 
1424 35.91686084159 
1425 32.447433210725 
1426 35.3752387363844 
1427 32.3633781219132 
1428 35.5345874131616 
1429 32.0112327306394 
1430 34.4590203743018 
1431 33.330264635239 
1432 32.1090950163068 
1433 34.0602449844126 
1434 34.1640158870054 
1435 35.0975044684198 
1436 34.9237468583922 
1437 34.7199431041242 
1438 35.0047751229842 
1439 34.7686391371952 
1440 34.1731510025416 
1441 33.8421821873696 
1442 33.7717727579136 
1443 34.0559978267722 
1444 34.7800242837312 
1445 33.799645239109 
1446 34.8380968208478 
1447 34.1761381199752 
1448 33.0383879680618 
1449 33.8890239226202 
1450 32.6911103058216 
1451 32.3336234680794 
1452 31.9922319128844 
1453 32.6464940770442 
1454 31.2700434631794 
1455 32.2818689933014 
1456 30.4599146963348 
1457 32.2711672025208 
1458 31.3106543940738 
1459 31.2588287827664 
1460 31.9325178673814 
1461 31.3868299932688 
1462 32.484978487719 
1463 31.246215653409 
1464 31.5242737842076 
1465 30.3495927517968 
1466 29.7172971194528 
1467 29.0685258849882 
1468 30.0433653704134 
1469 29.3629058422778 
1470 30.3203243336242 
1471 31.0392891942716 
1472 30.6937004562254 
1473 31.4947075929124 
1474 31.7903277525114 
1475 32.149361861765 
1476 32.7525500611172 
1477 32.9043180342618 
1478 34.279804578745 
1479 34.603525159855 
1480 32.892722097199 
1481 33.6075513591302 
1482 33.0017234773474 
1483 30.590023748033 
1484 33.0017234773474 
1485 29.0068666277056 
1486 31.6585465980104 
1487 29.0068666277056 
1488 31.5133268122402 
1489 29.1709446896452 
1490 32.6589648483798 
1491 30.7509203264948 
1492 31.0369875892712 
1493 30.7509203264948 
1494 32.199001384865 
1495 30.7509203264948 
1496 32.199001384865 
1497 32.1839196285736 
1498 31.5494998832704 
1499 30.551247075193 
1500 29.8827898395992 
1501 28.0273160666332 
1502 30.5951267881912 
1503 28.2453364721972 
1504 30.3474284277326 
1505 29.4840759839934 
1506 31.496800305712 
1507 29.5162632667282 
1508 31.7549672007188 
1509 31.2219884064364 
1510 33.325132779959 
1511 33.3422477178768 
1512 33.26846320732 
1513 33.9373645775612 
1514 34.681205034308 
1515 34.1604115884732 
1516 34.7803963274144 
1517 33.9382718301594 
1518 35.7501327904838 
1519 34.7113042440026 
1520 34.4297185053 
1521 32.7741058366874 
1522 33.7376914482102 
1523 32.6619037698146 
1524 32.6215140611848 
1525 32.8231182347116 
1526 32.3818022286954 
1527 32.4479467949566 
1528 31.5085574951766 
1529 30.5994545166902 
1530 31.882968390522 
1531 31.028764702589 
1532 31.27021066954 
1533 30.1578496997862 
1534 31.5236272262052 
1535 30.4088786042782 
1536 31.4557066266516 
1537 30.3230967931484 
1538 31.1862465582346 
1539 30.8072746618958 
1540 30.7217699504524 
1541 30.7321837723872 
1542 30.874178988622 
1543 30.9256611844522 
1544 28.9162985003928 
1545 31.1252952131402 
1546 28.76165082681 
1547 31.5086578471056 
1548 28.764214936725 
1549 31.1426739364208 
1550 28.1510001218012 
1551 30.9185653763376 
1552 27.9574060158616 
1553 31.4443311777294 
1554 29.959654239596 
1555 30.3709134462328 
1556 31.4200072812336 
1557 31.3590406634458 
1558 32.26949253201 
1559 32.7443077236332 
1560 34.0876024087122 
1561 33.2808257276064 
1562 33.7201131070118 
1563 32.3455459709728 
1564 33.032345673962 
1565 32.4940705992876 
1566 32.9645521535966 
1567 30.8169059672982 
1568 33.3264776710792 
1569 30.3877097234828 
1570 32.4191948275132 
1571 29.8294719497194 
1572 33.4117658246866 
1573 30.436021246695 
1574 32.085922925454 
1575 31.6568309362188 
1576 30.8461856621962 
1577 30.853362791624 
1578 31.9757632988862 
1579 30.6389678184434 
1580 32.0785403755258 
1581 31.184572194687 
1582 32.3437638488952 
1583 32.373081810072 
1584 33.2204207109372 
1585 32.0858417366978 
1586 34.3684255499928 
1587 33.575914388046 
1588 32.588509704865 
1589 34.4548345166996 
1590 32.716035283924 
1591 35.1382063338188 
1592 32.8438408410118 
1593 34.701492457004 
1594 34.0809342697384 
1595 33.614722044093 
1596 32.928332307517 
1597 32.0864334695644 
1598 32.5962890685776 
1599 32.2574238807782 
1600 33.8322331466218 
1601 32.6089544560926 
1602 33.6772554169776 
1603 31.5614440048656 
1604 34.7328415086254 
1605 32.3738748297304 
1606 35.5678435675568 
1607 33.2989959847324 
1608 35.5142249480178 
1609 34.0032628078402 
1610 35.1595270410112 
1611 33.3933613800008 
1612 34.9584412644996 
1613 34.4145098760916 
1614 34.8323265945608 
1615 34.12278639221 
1616 36.0513706115958 
1617 32.5409445774532 
1618 34.6076479901468 
1619 33.7708466153678 
1620 34.8867500312074 
1621 34.5013111222536 
1622 33.8410445467108 
1623 32.4650013782784 
1624 33.1342592746258 
1625 32.176956662715 
1626 32.8114301636248 
1627 31.14742728799 
1628 30.4268471542498 
1629 30.4188688267738 
1630 29.8653136784368 
1631 29.6342223911792 
1632 30.8874632971798 
1633 31.4805776780104 
1634 32.0813528200888 
1635 31.2299229569798 
1636 31.8071138350254 
1637 31.916639653142 
1638 31.3914588460986 
1639 32.340090392003 
1640 30.6316338673082 
1641 32.3813944797954 
1642 30.7320061306522 
1643 32.3813944797954 
1644 30.4225971208638 
1645 32.3813944797954 
1646 30.4225971208638 
1647 31.6252427126496 
1648 30.7804238003656 
1649 31.3952014291732 
1650 30.8446252187678 
1651 31.0204233219916 
1652 30.2084421715532 
1653 30.8351882444578 
1654 30.1123223706256 
1655 30.2477931422012 
1656 30.5258350041604 
1657 30.7345309611486 
1658 31.389424510393 
1659 30.922769029615 
1660 31.3242426990094 
1661 31.3034660669804 
1662 32.08747631394 
1663 31.202323105417 
1664 31.0818303561366 
1665 31.4717165837544 
1666 31.3386065522362 
1667 31.4449855350438 
1668 30.8620976889138 
1669 31.7573562941816 
1670 32.1226963923936 
1671 32.7589432547508 
1672 30.843201164039 
1673 31.5199511216828 
1674 30.237362284229 
1675 31.5047239255332 
1676 29.3549270754972 
1677 30.0143508918962 
1678 28.9741931345288 
1679 29.6223773583678 
1680 27.6193543546764 
1681 28.1609384964216 
1682 29.9486833155752 
1683 29.867315831684 
1684 30.6356662272584 
1685 30.8528327921836 
1686 32.7426889275352 
1687 31.745655363655 
1688 33.0193743205118 
1689 32.831703163172 
1690 34.3386203692172 
1691 33.5716161202604 
1692 34.8933247957508 
1693 34.0998324969052 
1694 34.0655961425198 
1695 33.3555733771942 
1696 33.5097396298904 
1697 33.5056553598718 
1698 34.9983609450998 
1699 33.4086227793794 
1700 33.5437369214146 
1701 32.8739976168244 
1702 33.2291413018956 
1703 32.9011456370696 
1704 34.0854583550702 
1705 32.1715714468286 
1706 34.474022502826 
1707 32.4399400336334 
1708 33.2924432696566 
1709 31.837211258034 
1710 32.5643365303144 
1711 31.2699725607204 
1712 31.2599392362234 
1713 30.6005114025736 
1714 30.0271719000296 
1715 30.2855058291818 
1716 30.7290946766684 
1717 31.1636853903314 
1718 30.98268418074 
1719 31.398190327354 
1720 32.3427001008204 
1721 32.3426947426658 
1722 32.6999154575248 
1723 32.2662101982008 
1724 31.8242126153838 
1725 31.0028001027592 
1726 33.0317470639562 
1727 32.1221855170284 
1728 33.5157617492102 
1729 32.6534861028396 
1730 34.0909940877836 
1731 32.954117591902 
1732 33.5660137954772 
1733 33.5342329420082 
1734 33.38175967296 
1735 33.810044591745 
1736 33.2690782581904 
1737 33.3326175651214 
1738 33.7938024558462 
1739 32.6565100489034 
1740 31.73746980063 
1741 31.6158678425768 
1742 32.2906189613202 
1743 31.4928543566266 
1744 31.868465451801 
1745 31.3431910355944 
1746 30.8090044160302 
1747 31.1600846852674 
1748 30.5268076489558 
1749 31.8242648540586 
1750 31.2781775657388 
1751 31.9822079658806 
1752 30.6356409685628 
1753 30.9120441826298 
1754 31.5970973456928 
1755 31.4725410846228 
1756 31.7518865177494 
1757 31.189378136628 
1758 31.4086498430564 
1759 31.3728271663864 
1760 32.781157525341 
1761 31.6836167076712 
1762 31.180957083105 
1763 32.4145834584958 
1764 30.0054510681716 
1765 31.111595471551 
1766 28.5243983067142 
1767 29.8233529547128 
1768 27.508539625974 
1769 28.3605817718738 
1770 27.2609879276548 
1771 28.645735683982 
1772 29.7959364851522 
1773 28.837356329562 
1774 29.9037425215308 
1775 29.9781691830558 
1776 30.451488489421 
1777 30.1878913499432 
1778 30.9311880182042 
1779 31.3426489050032 
1780 31.0716216325722 
1781 32.214164677184 
1782 30.9563008547988 
1783 32.534158929591 
1784 31.5348245890582 
1785 32.2950021881516 
1786 32.0487363643496 
1787 32.952824302996 
1788 30.5217485825702 
1789 30.6452128332326 
1790 30.2146467618356 
1791 29.398357603771 
1792 30.3013318157506 
1793 29.701494015229 
1794 30.6486263015708 
1795 29.320944352525 
1796 32.4082132098242 
1797 30.3932943975828 
1798 34.3620204240458 
1799 32.7395495455716 
1800 33.4108590143238 
1801 32.5328149408128 
1802 33.0963319972568 
1803 32.1432012321186 
1804 33.22591897863 
1805 33.4780889648834 
1806 31.6436569405464 
1807 33.6152763237676 
1808 31.0752054124148 
1809 33.3957347953034 
1810 30.6990345289552 
1811 32.550383742088 
1812 31.2416515028474 
1813 33.1901020327572 
1814 31.5890073627152 
1815 32.8306985577774 
1816 32.8048974248364 
1817 32.6889109666548 
1818 33.5611163200488 
1819 32.4627642442738 
1820 34.5677665501648 
1821 33.9737279600758 
1822 35.0237067448568 
1823 32.9684668169416 
1824 33.3675865830384 
1825 31.381372511556 
1826 32.8833104588948 
1827 30.608334234041 
1828 32.0927208527856 
1829 31.3458918214654 
1830 32.2751075654094 
1831 30.648592143 
1832 31.5832294983644 
1833 30.7252589671856 
1834 32.0671304440024 
1835 31.6048666706136 
1836 31.5511788875074 
1837 31.8393633245002 
1838 31.0242900286986 
1839 31.1016627714844 
1840 30.456176766427 
1841 32.6506124313316 
1842 29.538149648186 
1843 33.166012154349 
1844 30.4080668824574 
1845 33.094871969799 
1846 30.631246192343 
1847 33.1134674267304 
1848 31.0586835926046 
1849 32.4863745205732 
1850 31.356200523643 
1851 31.3576022320462 
1852 32.0829157659616 
1853 30.8515421071276 
1854 31.3833733970492 
1855 31.1992128402612 
1856 31.493679938677 
1857 31.4186188674968 
1858 31.967454482974 
1859 32.156629947132 
1860 32.6905655381806 
1861 31.8908525740964 
1862 32.250543527681 
1863 31.8457305559892 
1864 32.7029752489094 
1865 31.8849816099416 
1866 34.3054052471154 
1867 33.2630800390848 
1868 34.9755523587912 
1869 33.6582907644162 
1870 34.414159663568 
1871 33.6207083998282 
1872 34.6274926546258 
1873 33.7292746676464 
1874 34.5519798852542 
1875 33.3020878467694 
1876 33.3444979831268 
1877 33.22622793606 
1878 32.8824835751288 
1879 32.9711956642612 
1880 33.436558494885 
1881 33.5068483110934 
1882 33.4254117833928 
1883 32.6798360216394 
1884 33.8031200605 
1885 33.1612187015594 
1886 32.9189166813644 
1887 32.0285942058944 
1888 31.984973962098 
1889 30.998290436943 
1890 30.057687383502 
1891 29.9449532092064 
1892 29.334900808859 
1893 30.128844920439 
1894 29.4056530966554 
1895 31.0873220581802 
1896 29.353997001421 
1897 29.9594364555362 
1898 29.1335433775732 
1899 30.9491287774436 
1900 30.6583094115638 
1901 31.4111966184202 
1902 30.5560020157618 
1903 31.9575861215416 
1904 31.0414990411088 
1905 32.9777680772308 
1906 31.8831224724694 
1907 35.4360537519538 
1908 32.5906751138468 
1909 35.1474882973292 
1910 33.2919689727318 
1911 36.9293970119446 
1912 33.6345409907818 
1913 35.66402576639 
1914 34.2415986948018 
1915 35.8434739310928 
1916 33.9052596846746 
1917 33.8206494549344 
1918 34.4488848317602 
1919 34.9215190399002 
1920 33.9288778714006 
1921 34.726679088497 
1922 33.349810893581 
1923 35.6088527113536 
1924 33.3729301172908 
1925 34.1248990067942 
1926 32.954169974825 
1927 34.8956556628136 
1928 32.9273581312806 
1929 34.4911602162602 
1930 32.101429270122 
1931 33.98733181281 
1932 31.6498311539714 
1933 32.3828253594962 
1934 31.1063559755862 
1935 33.1128038141722 
1936 30.6593128869812 
1937 33.3268876020256 
1938 30.1112339003996 
1939 31.9539931846756 
1940 30.3078832074536 
1941 31.3747364499252 
1942 30.4077025714866 
1943 32.1459289884446 
1944 30.4897478620858 
1945 32.4584728934976 
1946 29.9983762391984 
1947 31.6980786778054 
1948 30.294346262392 
1949 31.316897300507 
1950 30.4228597238432 
1951 30.7017217632908 
1952 30.6255626696818 
1953 30.8471576623398 
1954 30.52856219405 
1955 30.4230165200232 
1956 31.6569250166154 
1957 32.3262151943626 
1958 32.96533999922 
1959 33.0743236598046 
1960 33.389049178733 
1961 34.3349100666712 
1962 32.9099017864042 
1963 33.9136608110142 
1964 32.9177015545686 
1965 33.7818560647584 
1966 31.5915905713164 
1967 32.5208568106546 
1968 31.7546388592128 
1969 32.4296446960582 
1970 30.9768606804856 
1971 31.732121026247 
1972 30.7349437995066 
1973 31.8969157233534 
1974 30.1468536358956 
1975 31.3566012881374 
1976 30.1465222532614 
1977 31.0395289437882 
1978 30.2899183630594 
1979 31.7548640725838 
1980 30.3001513847358 
1981 31.1208488428338 
1982 31.5910063350298 
1983 30.4986353014828 
1984 33.742036489091 
1985 32.5205544499198 
1986 33.9893238873096 
1987 32.5548730549748 
1988 34.763727107341 
1989 32.2120778118444 
1990 35.5846040653792 
1991 32.696757930118 
1992 35.411140220775 
1993 31.1046161565786 
1994 32.6347640231192 
1995 32.4976117672838 
1996 32.4978373499072 
1997 31.2788948511022 
1998 32.2252582434746 
1999 31.6931852256476 
2000 32.5024385927206 
2001 33.3621498428596 
2002 34.0042644813164 
2003 33.8057911000504 
2004 34.059726536564 
2005 34.2372482031824 
2006 34.5165505121112 
2007 35.0678937690618 
2008 33.9057637446834 
2009 32.7804032013682 
2010 31.802930460181 
2011 32.9747205743956 
2012 32.4282022507884 
2013 31.6843286507946 
2014 31.979406520329 
2015 31.9875068076502 
2016 32.0429111458106 
2017 31.9043738371098 
2018 33.1544225618 
2019 33.937961730606 
2020 35.3194425211326 
2021 33.6143333411494 
2022 34.7290719044458 
2023 34.8217698967268 
2024 35.0476505877162 
2025 34.1550859633994 
2026 34.5712660149704 
2027 32.825892662851 
2028 33.562994741611 
2029 33.3181952964734 
2030 34.4221283926066 
2031 33.7519442809544 
2032 34.725758977871 
2033 32.4868747224472 
2034 33.5520292629964 
2035 32.0563909286654 
2036 33.9504429557594 
2037 31.3117507460446 
2038 32.3982992954032 
2039 30.2316413991426 
2040 31.205240863634 
2041 28.978865226939 
2042 29.4418473732974 
2043 29.5087607869 
2044 29.752259457894 
2045 29.5953721960162 
2046 28.8597670903114 
2047 30.8444048122934 
2048 30.1173042803906 
2049 31.1779590736938 
2050 30.024902772899 
2051 31.2414750305636 
2052 30.6321703952434 
2053 31.7285966361646 
2054 31.0659797810976 
2055 32.0449589226836 
2056 32.1448591438254 
2057 30.6068179735182 
2058 31.2408697605954 
2059 29.9328188242834 
2060 30.6132629813 
2061 31.9776874524388 
2062 32.9442497384448 
2063 29.6234401625426 
2064 30.7578453408096 
2065 29.4932113406268 
2066 30.9482895918936 
2067 31.8982759578866 
2068 33.2333555758484 
2069 34.0038883302764 
2070 35.0579518320234 
2071 33.9961562327088 
2072 34.6304966867716 
2073 36.463493913344 
2074 36.4545956377494 
2075 37.0816513881132 
2076 35.934197205959 
2077 36.7464667350816 
2078 35.6136250830704 
2079 35.279329822333 
2080 34.5913578322682 
2081 35.3442341565426 
2082 34.6595525767 
2083 36.0515386616958 
2084 35.6363309746754 
2085 35.5028592529576 
2086 35.6360287332518 
2087 35.0411034455852 
2088 35.6573714237494 
2089 36.2032954310976 
2090 36.6480108165352 
2091 36.3119422123224 
2092 36.7412574894336 
2093 35.5796041310716 
2094 37.0226123017618 
2095 35.2947912564478 
2096 36.8119878509032 
2097 34.590858952127 
2098 36.145797886859 
2099 34.9172177554474 
2100 35.3550436610208 
2101 34.602242587352 
2102 34.5506274309608 
2103 33.8994864000428 
2104 33.331711066559 
2105 34.101993223513 
2106 33.6981096478254 
2107 34.3483521546834 
2108 33.1281391306018 
2109 33.4596051948308 
2110 31.6435808559558 
2111 34.3506294033372 
2112 32.893100603845 
2113 35.8959446748536 
2114 33.763789525729 
2115 35.4878467182722 
2116 33.3355480357338 
2117 33.9987687817062 
2118 32.6779986393978 
2119 35.2077403011916 
2120 34.7274424687354 
2121 31.7408623752264 
2122 31.4252822870214 
2123 31.7964767080302 
2124 31.4738496342368 
2125 31.834943579767 
2126 30.3809346980518 
2127 32.5619391688126 
2128 31.5046251996642 
2129 31.5500599953768 
2130 31.0636570671428 
2131 29.491309698775 
2132 29.8650655913104 
2133 30.9117855874908 
2134 31.8860691466244 
2135 30.0110295940046 
2136 32.1717328905168 
2137 29.3322010773556 
2138 31.1789698558746 
2139 29.7224353548016 
2140 30.4765160025726 
2141 30.794545113261 
2142 30.4041445777188 
2143 31.6977317183394 
2144 30.5682547360526 
2145 33.5250169662346 
2146 32.2591343998382 
2147 34.4947949741774 
2148 33.8896520186248 
2149 33.5755675890984 
2150 33.2705292162474 
2151 32.7837528913924 
2152 33.993770194207 
2153 32.0187174365978 
2154 33.4698060077648 
2155 30.6747601980104 
2156 32.136834333584 
2157 31.2987142131676 
2158 31.8475116143416 
2159 31.7588155781764 
2160 32.2237469346778 
2161 33.0476939171762 
2162 33.542136905907 
2163 34.0767528670406 
2164 33.8615906202076 
2165 35.4881072321414 
2166 34.646947033935 
2167 34.0562684172534 
2168 33.885592159425 
2169 34.0016950408578 
2170 33.7687519829076 
2171 33.112513556897 
2172 32.8700801099812 
2173 33.0625813014526 
2174 32.3366743650748 
2175 33.6998240781698 
2176 33.308602487424 
2177 35.071801871446 
2178 34.778056669009 
2179 36.4483722751576 
2180 36.2483287094828 
2181 36.9186842205156 
2182 36.9125000294976 
2183 37.6117723751416 
2184 37.65885486551 
2185 36.7933746142694 
2186 37.3661522448764 
2187 36.1928941453258 
2188 35.9049176815384 
2189 36.7821475171244 
2190 36.2380584597848 
2191 36.529613661105 
2192 35.3913168985708 
2193 36.8103691255696 
2194 35.046919959034 
2195 37.6412745218892 
2196 35.718631177998 
2197 36.6870792147734 
2198 34.6374171731138 
2199 36.5535873794622 
2200 35.4061497442738 
2201 36.542676071171 
2202 36.1687020938152 
2203 36.0276919547074 
2204 36.691956782931 
2205 35.5618403730722 
2206 35.4549163159124 
2207 33.9749804248916 
2208 33.615400764345 
2209 32.5392950630412 
2210 33.0738014652376 
2211 30.937594935633 
2212 31.6024930333324 
2213 30.0902973519324 
2214 30.3775780288254 
2215 27.8526887252828 
2216 28.5241795639818 
2217 29.2820249287146 
2218 29.6393777656426 
2219 30.882118463284 
2220 30.984105055403 
2221 32.5772349199638 
2222 32.8611948168302 
2223 32.46036664327 
2224 33.3995561851756 
2225 34.327679496757 
2226 35.4454727548418 
2227 35.9232649194462 
2228 37.0612652361944 
2229 35.015665023236 
2230 35.7990810467054 
2231 34.2524416208496 
2232 34.9047778951894 
2233 35.0186810823366 
2234 34.8228598684236 
2235 35.0320104660972 
2236 34.4583395320214 
2237 33.8102868033354 
2238 33.6443357765172 
2239 33.3547035643472 
2240 32.9578617586664 
2241 35.0682507384258 
2242 33.3880413700076 
2243 34.2412229668422 
2244 32.8582015057696 
2245 33.625261015469 
2246 32.4703322434058 
2247 33.3675269678342 
2248 32.2507482260382 
2249 32.8534278972914 
2250 31.8424484017418 
2251 31.4670046263314 
2252 30.9376135584522 
2253 30.8251552663458 
2254 31.6156561415604 
2255 32.4457580932642 
2256 31.9886818235292 
2257 31.9935953110322 
2258 31.1315219649322 
2259 32.9087604336842 
2260 31.8013175741812 
2261 32.0297226691158 
2262 31.979582591043 
2263 32.9655364507526 
2264 31.1631972946968 
2265 30.4061910838118 
2266 29.886359839683 
2267 30.637101565667 
2268 29.8628792213308 
2269 31.156199262959 
2270 30.4307885590678 
2271 31.803514578998 
2272 30.7654271341206 
2273 32.1764740119938 
2274 31.714934225859 
2275 34.4837075105642 
2276 32.9869327217462 
2277 35.4166988014088 
2278 34.8216936227802 
2279 35.575835934955 
2280 35.3701735757982 
2281 35.749694915952 
2282 34.9285096868808 
2283 35.556818292476 
2284 35.0599836913012 
2285 35.0785507217878 
2286 35.7328946280712 
2287 33.9438948629746 
2288 33.4185287784758 
2289 33.4408145248722 
2290 33.187075761346 
2291 32.7962802195394 
2292 34.53958168181 
2293 32.8366477206742 
2294 34.1689825730486 
2295 34.1282492985452 
2296 34.1135393064556 
2297 34.2087730042558 
2298 34.2678728036666 
2299 34.2000701968882 
2300 33.9621907681526 
2301 34.2000701968882 
2302 33.9621907681526 
2303 34.6053561717162 
2304 33.9621907681526 
2305 34.8439935708968 
2306 35.3529604122182 
2307 33.8435331740766 
2308 34.4213457600152 
2309 32.6761076692622 
2310 33.3182562219386 
2311 33.4316245013442 
2312 34.3366191244148 
2313 34.0616651251854 
2314 35.948325605846 
2315 33.4235344809316 
2316 36.2065712430598 
2317 35.0004851176308 
2318 37.5044349755842 
2319 35.7029596215754 
2320 38.5442290408446 
2321 35.5091983065438 
2322 37.8655588517002 
2323 35.1068380251926 
2324 37.0556933639806 
2325 35.4480585404478 
2326 35.9641241623106 
2327 35.177635967739 
2328 35.322314214715 
2329 35.3788913270212 
2330 34.8105486257774 
2331 34.2937602372568 
2332 34.151729764656 
2333 34.7812618665344 
2334 34.0923496797486 
2335 34.0292344375806 
2336 34.4505049198002 
2337 34.4646690575664 
2338 35.5311225786794 
2339 33.8011022827122 
2340 35.3609116972982 
2341 34.8000022911578 
2342 35.9683452316672 
2343 33.7439566786568 
2344 34.8810441278652 
2345 33.9199549488986 
2346 34.3491646802894 
2347 34.1233535137142 
2348 33.6437544433762 
2349 34.6868131346844 
2350 34.7481590430016 
2351 34.7105007450488 
2352 35.1983668194688 
2353 35.2729145257292 
2354 35.8004344239034 
2355 36.7798144053838 
2356 36.4289541582144 
2357 36.0460822577874 
2358 35.800374870879 
2359 35.7030867883646 
2360 35.7997898230942 
2361 34.9964369161178 
2362 35.37618925392 
2363 34.5423030606594 
2364 35.07805868353 
2365 31.9067473879328 
2366 35.8718919798402 
2367 32.5095391893438 
2368 36.6910961216436 
2369 32.9739866585768 
2370 36.1440807815992 
2371 33.4448358287392 
2372 36.5686182440808 
2373 32.7879161311438 
2374 35.7115940647566 
2375 32.5755674014816 
2376 33.4572426394048 
2377 31.7665271843182 
2378 32.6422454660972 
2379 30.7829417405496 
2380 31.985248116159 
2381 30.7463990540098 
2382 31.6350981836406 
2383 31.6909404315136 
2384 32.5848811709016 
2385 33.6905957924676 
2386 32.0450001571988 
2387 34.109992945558 
2388 32.3381042634084 
2389 34.8575122461052 
2390 33.8753829608822 
2391 35.3930246730034 
2392 34.0411816353528 
2393 36.4524820142818 
2394 35.0466417339762 
2395 35.7585171294282 
2396 37.1720360418652 
2397 35.1829044628862 
2398 36.686108913984 
2399 36.0613415775172 
2400 36.878221431635 
2401 36.5540175818744 
2402 37.9469546917858 
2403 36.474861967753 
2404 38.2115962167012 
2405 36.5165317542564 
2406 37.4998196739396 
2407 37.1617707495012 
2408 38.3070498812716 
2409 35.9869682515706 
2410 36.7407367747032 
2411 33.245494943282 
2412 33.5566649648684 
2413 31.1597487342318 
2414 31.1986982256522 
2415 30.9332854194076 
2416 31.3933018701652 
2417 29.7349884445942 
2418 29.753664252406 
2419 28.3133974722774 
2420 28.4392337564352 
2421 28.8628407088542 
2422 29.1455480326866 
2423 31.3759798961196 
2424 31.955452535097 
2425 32.1687692281046 
2426 31.9033820269636 
2427 33.629441045933 
2428 33.6915825784116 
2429 36.737240683574 
2430 36.0102787001656 
2431 38.771020424675 
2432 37.2178751730248 
2433 37.8285149996438 
2434 36.455604217822 
2435 37.5191371059602 
2436 37.0799941165582 
2437 37.0129343675038 
2438 35.5548470694636 
2439 36.1011953239624 
2440 35.481756795225 
2441 34.8615483750494 
2442 35.6629731039876 
2443 34.7676204385016 
2444 35.85274572729 
2445 34.6823734499436 
2446 35.1449658275904 
2447 34.523119485381 
2448 34.8756636445488 
2449 32.9691866681198 
2450 33.1811523069558 
2451 33.943116612618 
2452 33.6718280486612 
2453 32.0442070518096 
2454 31.3199467871894 
2455 32.7084455331136 
2456 33.3116565328004 
2457 32.7161278632612 
2458 33.4318114174722 
2459 33.40626317807 
2460 34.026507765751 
2461 33.2219177822904 
2462 34.388253532352 
2463 34.7779576399318 
2464 35.7415225081886 
2465 34.1473565131436 
2466 34.5313213771036 
2467 32.6608835190454 
2468 34.2060727360998 
2469 32.3109595799394 
2470 33.9051831420814 
2471 31.1078757099828 
2472 31.8237458398856 
2473 29.4540142196434 
2474 30.1192000535878 
2475 29.6913961915782 
2476 30.8355313088466 
2477 29.8905104229428 
2478 29.6226511310988 
2479 29.2403020650402 
2480 30.920753249702 
2481 30.2163883095186 
2482 31.5069258930706 
2483 31.4760506652382 
2484 32.5869004271126 
2485 30.8915715061666 
2486 31.7620116518746 
2487 32.6411102290278 
2488 31.9393606964128 
2489 34.3378290824788 
2490 31.7890251122734 
2491 34.6174211777666 
2492 33.2464807541204 
2493 35.8268086044112 
2494 34.9207684903028 
2495 36.1068058528488 
2496 35.4904155160952 
2497 35.5263213029824 
2498 36.8251082863524 
2499 34.9555239128082 
2500 36.311578933249 
2501 34.9678470959794 
2502 36.0396894933122 
2503 34.3111692890452 
2504 35.6255016476574 
2505 34.0249873374148 
2506 35.2708693245402 
2507 34.9768232507698 
2508 35.6913894132392 
2509 34.5532748587214 
2510 35.5216906820768 
2511 33.8531567098018 
2512 34.9346388408808 
2513 34.5725839002358 
2514 34.8483921301662 
2515 33.7512246198104 
2516 34.2133312217866 
2517 33.8951098097372 
2518 35.170888245669 
2519 35.9243842014852 
2520 36.7411352967142 
2521 35.4824537620886 
2522 35.5737184916278 
2523 35.7336415811138 
2524 35.2945223813444 
2525 34.113331171312 
2526 34.7297294615206 
2527 33.4017973505428 
2528 34.7643578559236 
2529 32.7441198117086 
2530 33.9175219653394 
2531 33.6623116362952 
2532 35.114807217344 
2533 34.1414258406478 
2534 36.153039342635 
2535 33.5570040800282 
2536 35.4609747124608 
2537 34.2100695672904 
2538 34.4942643372378 
2539 33.343218029786 
2540 33.2101483690486 
2541 32.667135986115 
2542 32.3945740602576 
2543 33.4851215550028 
2544 33.4851215550028 
2545 33.813881607808 
2546 33.507361337766 
2547 33.7882868662082 
2548 33.118187108393 
2549 34.9433855655886 
2550 33.6758059945048 
2551 34.2274412706028 
2552 33.6850105270118 
2553 34.6843519006328 
2554 34.5395585507874 
2555 35.1712420393168 
2556 34.5395585507874 
2557 35.1712420393168 
2558 34.4030138299456 
2559 33.9082115359152 
2560 33.8134573746908 
2561 34.2870748666836 
2562 33.5332165987692 
2563 35.0127863554116 
2564 34.6018443797168 
2565 35.6380808245282 
2566 35.5942288732052 
2567 34.9477879290052 
2568 35.8790975624724 
2569 34.8277247413734 
2570 34.938472903099 
2571 35.0985977054346 
2572 34.4631938496506 
2573 33.7665170823904 
2574 33.0218590268666 
2575 33.3720752164136 
2576 32.4011617949796 
2577 33.4555545632698 
2578 31.2004901361334 
2579 33.501736813498 
2580 31.2902562794842 
2581 32.634746249633 
2582 32.728365892403 
2583 32.7730168841418 
2584 33.027129772794 
2585 30.7297741713426 
2586 32.7188026698544 
2587 29.9842091777248 
2588 32.1635708154426 
2589 30.8581149522806 
2590 34.176510306181 
2591 32.6368833696176 
2592 33.1930613903166 
2593 32.055116255436 
2594 33.7946793055094 
2595 33.8243641212374 
2596 33.9462551019126 
2597 34.185577670191 
2598 33.357183195809 
2599 33.5889307360614 
2600 31.4631302577004 
2601 33.015308573842 
2602 32.7045396293262 
2603 34.099483774429 
2604 32.3243961229636 
2605 33.2459936687906 
2606 32.2562893701944 
2607 33.0412219409782 
2608 32.4045502975426 
2609 32.9791820725642 
2610 32.291092723331 
2611 31.4767077007204 
2612 32.3805287697496 
2613 31.1684349575466 
2614 32.6485487021976 
2615 31.2499796394392 
2616 31.5798522531032 
2617 29.9110987858744 
2618 33.3912148790814 
2619 28.87494031291 
2620 33.5507444930072 
2621 29.206444614987 
2622 32.2096072887076 
2623 28.410781392098 
2624 31.0392524388726 
2625 29.0873522615402 
2626 31.8998044777596 
2627 31.1069577522528 
2628 32.4460877500656 
2629 30.879912858663 
2630 32.6586861302934 
2631 32.1234149035858 
2632 33.3957998190314 
2633 34.5786495580256 
2634 36.065650271854 
2635 34.0267389203088 
2636 36.2414093485152 
2637 33.7888413078576 
2638 34.4541871356312 
2639 34.0656293785112 
2640 35.0770512862834 
2641 35.6090671154716 
2642 33.9494501147576 
2643 33.6889136748432 
2644 31.7185689698022 
2645 34.5059532691502 
2646 32.5468125319306 
2647 33.8181946921636 
2648 33.2222784832948 
2649 33.1133629663936 
2650 34.8622192785058 
2651 33.219718642608 
2652 34.8650112718064 
2653 34.495707166189 
2654 36.3250662517696 
2655 33.9543929271054 
2656 35.9819365417734 
2657 34.0616292290854 
2658 35.9907293200828 
2659 33.816701893333 
2660 35.5160165106456 
2661 32.6762670233258 
2662 34.9397516196586 
2663 31.4536352439142 
2664 33.1588989782488 
2665 32.907269866338 
2666 34.228101135707 
2667 31.486684955328 
2668 32.5099367697732 
2669 32.1425749966844 
2670 33.293703854611 
2671 33.5526990755254 
2672 32.9861316986074 
2673 33.2345271746648 
2674 33.396816897347 
2675 32.5977219287658 
2676 32.563299098181 
2677 33.698658260585 
2678 32.9707911277868 
2679 35.1846533496744 
2680 34.489488529542 
2681 35.9652653274984 
2682 34.893614973231 
2683 37.4517959132892 
2684 35.9192328811836 
2685 36.2525255883742 
2686 34.6099959138058 
2687 36.3643073211 
2688 33.8838998970582 
2689 36.8842632145954 
2690 34.5379832645752 
2691 36.5972219913834 
2692 35.5549550171548 
2693 35.6783590793452 
2694 35.294827435501 
2695 36.8692924287278 
2696 35.5625360463392 
2697 35.8469402994068 
2698 34.7633137078926 
2699 35.267606791368 
2700 33.6485833335198 
2701 35.2846167906232 
2702 33.1875011372244 
2703 36.0985367916126 
2704 33.5830955930344 
2705 34.886148563314 
2706 33.8385965205352 
2707 34.5243704294808 
2708 35.1434827106842 
2709 33.300845558127 
2710 34.4639687416048 
2711 33.1297936584858 
2712 34.1750500704618 
2713 31.281018746543 
2714 32.3415056315712 
2715 32.2386067714874 
2716 32.1234449445234 
2717 32.5055967191834 
2718 31.9365849971492 
2719 32.5993760439538 
2720 32.575414055723 
2721 33.4560716319572 
2722 32.4947797151992 
2723 34.5831976933166 
2724 33.3133714288432 
2725 34.1117796773918 
2726 33.5411364694752 
2727 34.7282672063034 
2728 33.5935123869352 
2729 34.6528465422136 
2730 33.7622095904718 
2731 33.7212866038314 
2732 34.1126844519018 
2733 33.6188009172086 
2734 34.3390141680326 
2735 33.5649806242914 
2736 33.4800389314692 
2737 33.7497760893178 
2738 32.8105939945074 
2739 31.3705285734326 
2740 32.8105939945074 
2741 31.898278275579 
2742 32.8052528970682 
2743 33.627040746296 
2744 32.473604566882 
2745 34.1734961494552 
2746 32.2719798865218 
2747 33.6088820155154 
2748 32.4926646422254 
2749 33.6088820155154 
2750 30.5749305839322 
2751 31.6958928082874 
2752 31.2770467394978 
2753 31.6958928082874 
2754 30.3620892965086 
2755 32.1030547891826 
2756 31.8572158518836 
2757 33.2794004959804 
2758 32.0659267587316 
2759 32.2762773716924 
2760 34.32456805324 
2761 32.0656049998818 
2762 35.6365916214022 
2763 33.7605550914698 
2764 34.3227997860342 
2765 31.6355863313164 
2766 32.5165829088354 
2767 31.7650101886542 
2768 33.473299241634 
2769 32.8249107207888 
2770 33.253280397892 
2771 34.913549683036 
2772 32.2321256921792 
2773 32.725497496894 
2774 33.558177733784 
2775 34.9205750729714 
2776 35.4558615417172 
2777 34.4920148129514 
2778 35.8795269022508 
2779 32.8429789406096 
2780 35.7963914866688 
2781 33.3974926077784 
2782 36.232493343926 
2783 35.0127356652308 
2784 34.8258977012442 
2785 35.2015150038464 
2786 34.4615621185512 
2787 34.609381642531 
2788 32.8700570281336 
2789 35.0640555549394 
2790 34.3103111086408 
2791 32.9770397812462 
2792 32.6817469588956 
2793 33.5154655908134 
2794 33.7657195680988 
2795 31.2822720964584 
2796 32.012665722101 
2797 31.4954170611554 
2798 33.1750187269174 
2799 33.0849707698246 
2800 32.4470719835814 
2801 33.6023572149344 
2802 33.1210636941618 
2803 31.6983127486678 
2804 33.292965999163 
2805 32.9407648276722 
2806 34.8015726227312 
2807 32.546591925703 
2808 34.6190648553276 
2809 31.6928182972184 
2810 35.1857936646028 
2811 31.6468521378092 
2812 35.0186826723028 
2813 32.849123877334 
2814 34.9850654069096 
2815 33.2256134590688 
2816 34.0964295398684 
2817 34.4766515627628 
2818 34.5607216245872 
2819 35.7963466549348 
2820 34.8741445881842 
2821 35.612575797975 
2822 34.229042633425 
2823 36.4258845739772 
2824 34.1844194231968 
2825 35.1678153917398 
2826 33.8248027268186 
2827 35.739652511889 
2828 34.1968789324742 
2829 34.595575047975 
2830 33.520638180142 
2831 35.8923713319358 
2832 35.0628784567024 
2833 35.00791014638 
2834 34.7119215354664 
2835 35.9844625531396 
2836 35.7613869686184 
2837 35.2896410609582 
2838 35.6676721193948 
2839 35.2387477679604 
2840 33.7518112936738 
2841 35.1299044381932 
2842 33.3014500622904 
2843 34.5050453262262 
2844 33.768385691259 
2845 35.0813922427604 
2846 33.9278660191862 
2847 35.497139397197 
2848 33.5882743343554 
2849 33.73527039408 
2850 35.4050229735622 
2851 31.4348839290582 
2852 33.7341533348748 
2853 32.2026634784214 
2854 33.3901465664644 
2855 29.6745073317282 
2856 31.4109309687336 
2857 29.052588934457 
2858 31.2402477564182 
2859 31.498006705307 
2860 29.4288007395774 
2861 32.6823329880222 
2862 30.0813975653488 
2863 31.9689270038296 
2864 29.718561936192 
2865 34.4940097080012 
2866 31.7326824558352 
2867 34.4505163776818 
2868 31.746218764857 
2869 32.2764216015616 
2870 34.454998632605 
2871 31.2663573152664 
2872 33.80981214756 
2873 30.3008476510366 
2874 33.2763932595144 
2875 30.679679443505 
2876 34.193177698319 
2877 31.341435545842 
2878 34.4880193511162 
2879 33.6485609416128 
2880 33.6855318171292 
2881 36.056846532429 
2882 33.1710242251182 
2883 36.934105925271 
2884 34.2851588262046 
2885 37.2600500259996 
2886 33.293138158057 
2887 37.2462712931524 
2888 33.4273399489732 
2889 37.2581994443194 
2890 33.6552103852052 
2891 35.7773065748836 
2892 35.7848455529364 
2893 36.0888294879618 
2894 35.6793390292226 
2895 35.1130522188814 
2896 35.313430363571 
2897 35.3197295718706 
2898 35.754386084671 
2899 34.5170835342776 
2900 34.6186183563628 
2901 33.8687621984472 
2902 32.4292852913488 
2903 34.8251004488764 
2904 33.6943719529992 
2905 34.6079399216344 
2906 34.5472601153368 
2907 32.7576761800842 
2908 33.9034869943554 
2909 32.2749497807334 
2910 33.1233428548332 
2911 30.5682471650568 
2912 33.448652517762 
2913 29.9853108843472 
2914 32.1688880409416 
2915 31.2493527053826 
2916 31.6801900201588 
2917 31.360240652673 
2918 29.3504702179588 
2919 34.3275189843546 
2920 29.8798492730462 
2921 34.9696301437998 
2922 32.0475302935748 
2923 32.9713082583736 
2924 30.7152235362094 
2925 32.372696229311 
2926 31.0056216290312 
2927 33.7113068081336 
2928 32.8586149935328 
2929 35.4728452296972 
2930 32.4097903189968 
2931 35.3505924087636 
2932 33.9489415468524 
2933 36.364058037039 
2934 34.5890048758126 
2935 35.4170256793968 
2936 33.869251555875 
2937 34.5688341883142 
2938 34.9713135065676 
2939 32.9202288894836 
2940 32.5557555117858 
2941 29.9659145094714 
2942 32.546393701789 
2943 31.528790164536 
2944 34.444578861969 
2945 29.869046606497 
2946 32.8205946695368 
2947 28.3968307066512 
2948 30.0464985003838 
2949 30.0684148153448 
2950 29.1733718183272 
2951 30.0385414751326 
2952 27.912299357404 
2953 28.0781228630614 
2954 30.5525730345262 
2955 28.5870813090372 
2956 31.8401089629124 
2957 29.5971289000446 
2958 33.0439165933958 
2959 29.5707805802398 
2960 33.3306125899826 
2961 29.6705256690858 
2962 34.2769439442546 
2963 33.0496378773698 
2964 33.5567606619778 
2965 34.6877645864946 
2966 33.8473868065978 
2967 34.8470540089142 
2968 34.4370181002796 
2969 35.0490289207046 
2970 34.4836581239892 
2971 33.1786496239706 
2972 32.7685872355398 
2973 32.469724943829 
2974 33.820327686343 
2975 31.2369120910018 
2976 32.6518505890222 
2977 32.3901333658122 
2978 33.4061664807208 
2979 32.050627969022 
2980 32.7840089493188 
2981 32.2570321416578 
2982 33.2513886201102 
2983 33.284777302288 
2984 32.7101065382908 
2985 35.3061484813802 
2986 34.7689514390364 
2987 35.1651641662152 
2988 33.8735907560806 
2989 36.4846208597674 
2990 35.3827526653776 
2991 38.8520099705472 
2992 36.8128381299408 
2993 38.5883630129974 
2994 36.544958249155 
2995 38.0861165442174 
2996 35.1053884938588 
2997 37.9355206867132 
2998 35.5877804565678 
2999 36.41263446367 
3000 34.8210016685152 
3001 36.0856848816014 
3002 34.6212318895434 
3003 35.1853239008742 
3004 34.1722283023158 
3005 34.9837667307922 
3006 35.4395555377376 
3007 34.5161109039434 
3008 34.6342820836616 
3009 34.9876066255684 
3010 33.4636544835914 
3011 33.5017372399554 
3012 32.776849522858 
3013 33.2649945186972 
3014 33.4433198671142 
3015 33.1087186123452 
3016 32.7276863379706 
3017 32.393619812792 
3018 32.9268722123996 
3019 30.7061864620002 
3020 34.2340908245162 
3021 31.2897309560874 
3022 32.5325483462372 
3023 32.3089405326546 
3024 33.5279960790794 
3025 33.117435225188 
3026 34.0299141959708 
3027 31.105066328223 
3028 31.3413284591026 
3029 32.767824221366 
3030 29.1425716669474 
3031 31.4844431397158 
3032 26.551510599075 
3033 30.1819037942012 
3034 28.0003076837322 
3035 26.4623743841586 
3036 25.023203924036 
3037 27.594111454622 
3038 26.4826952227792 
3039 27.7533679727226 
3040 28.0526502671976 
3041 29.6955939213698 
3042 28.5768585335904 
3043 28.4244050603086 
3044 29.3004791487398 
3045 29.406467324553 
3046 30.1542596377228 
3047 31.7124773799264 
3048 31.4820207786704 
3049 31.472575925222 
3050 31.777966833457 
3051 30.80050027659 
3052 32.310580512177 
3053 32.6098543258694 
3054 32.8096732007044 
3055 35.3526392758696 
3056 34.6407114599608 
3057 35.7707445210182 
3058 35.0185799212514 
3059 36.0382082756974 
3060 35.6369455464236 
3061 35.6139868139186 
3062 33.6862117114596 
3063 35.8149269060994 
3064 33.560612151499 
3065 34.5134305780818 
3066 34.2406545326184 
3067 32.5107575851824 
3068 33.282404971378 
3069 30.2695403360918 
3070 32.7927583154622 
3071 29.6817938555588 
3072 33.026353199377 
3073 30.6748937643588 
3074 33.7723039961396 
3075 30.3556210599764 
3076 32.7981029701952 
3077 30.0096961128134 
3078 31.842537982937 
3079 32.1249665712246 
3080 29.291433467494 
3081 32.3716263686876 
3082 29.8627729629432 
3083 31.932135229265 
3084 29.446484188705 
3085 31.4656997667368 
3086 29.5795122421274 
3087 34.0006868760702 
3088 32.2165876274956 
3089 33.7470856961366 
3090 35.718663496531 
3091 33.7123392771426 
3092 34.7774459424986 
3093 32.3267061356824 
3094 34.452111938963 
3095 31.7835686792464 
3096 32.6773388183514 
3097 30.2224321505516 
3098 32.1990086106804 
3099 31.3314972192786 
3100 30.661552309948 
3101 31.219550720232 
3102 30.8596499296924 
3103 31.8780846741846 
3104 31.3106282292346 
3105 32.9774211739984 
3106 32.1591915672116 
3107 33.0483011644656 
3108 31.7433017245814 
3109 32.1448193545746 
3110 33.075893607995 
3111 32.3333482741546 
3112 33.9497701355486 
3113 32.73514348885 
3114 34.663325290717 
3115 33.90408835102 
3116 36.0816792706108 
3117 34.41840590862 
3118 35.3916861474052 
3119 34.8702789902336 
3120 33.924580286636 
3121 34.8199032452982 
3122 34.1702585679704 
3123 33.283655057415 
3124 32.9839268872812 
3125 31.736044887935 
3126 31.2867118549366 
3127 30.65198114752 
3128 31.1526509934816 
3129 31.177441703061 
3130 30.5761952315086 
3131 31.540545162202 
3132 31.7006874780796 
3133 31.8606598114442 
3134 31.9821927580996 
3135 31.010697954052 
3136 31.6807434413208 
3137 31.9558996034614 
3138 32.5025648827124 
3139 31.5294817695578 
3140 33.6399570738748 
3141 31.3487121872966 
3142 33.057806239032 
3143 32.2913979217738 
3144 33.057806239032 
3145 32.2913979217738 
3146 33.0736201087598 
3147 33.4621522033278 
3148 34.2654113227716 
3149 34.9740479992272 
3150 36.1814455348832 
3151 34.1071768517088 
3152 35.0146335061566 
3153 34.1071768517088 
3154 34.9370824791932 
3155 34.9055407151424 
3156 34.9370824791932 
3157 34.8479657668886 
3158 34.4990595882694 
3159 35.5884123552732 
3160 34.2593248491218 
3161 36.0448349833192 
3162 34.6327750502874 
3163 36.3180617810394 
3164 34.1094691923592 
3165 35.4917810329984 
3166 34.4464741189294 
3167 35.487427610466 
3168 34.3012954404972 
3169 34.2923477528542 
3170 33.9407511163552 
3171 34.9922232263976 
3172 34.971416670045 
3173 35.1698489232932 
3174 34.7789957655312 
3175 34.895283520542 
3176 34.7520658483498 
3177 34.6142607895384 
3178 34.4145525317178 
3179 35.5055290612676 
3180 34.2060502344372 
3181 34.5817763705256 
3182 33.5269189075994 
3183 34.6957364546682 
3184 33.886043589064 
3185 34.2303504027934 
3186 33.7239770892134 
3187 33.9190898003524 
3188 34.279879651717 
3189 33.680811190362 
3190 34.911176764197 
3191 34.7422803429284 
3192 34.8920171984652 
3193 36.024053716173 
3194 35.9940633035078 
3195 36.3936915076096 
3196 36.417327208807 
3197 36.943685539999 
3198 35.506969014108 
3199 37.0932735048444 
3200 35.0431475946276 
3201 36.8056593712246 
3202 35.6457526369846 
3203 34.5683462157996 
3204 36.4298793546362 
3205 33.6240440731294 
3206 34.6573976852872 
3207 32.8185548631506 
3208 33.596715411569 
3209 33.9893591961732 
3210 34.9322152705574 
3211 33.7379141596196 
3212 35.631536081353 
3213 33.7706971289394 
3214 36.1429280847584 
3215 35.1544481675626 
3216 33.9927006558944 
3217 35.6706281049716 
3218 34.2696061954362 
3219 34.469380386511 
3220 33.3904540273824 
3221 34.8373814666624 
3222 32.7511757967328 
3223 36.2957711840006 
3224 32.8037435935196 
3225 35.537388429717 
3226 33.3886312260076 
3227 36.3828976693238 
3228 33.7924931319034 
3229 35.4299807731758 
3230 32.8448759853132 
3231 35.711994995507 
3232 32.881203495727 
3233 36.2291579662716 
3234 33.2237583456536 
3235 34.7422578087264 
3236 35.0694182619046 
3237 33.3853530943424 
3238 34.7231662168444 
3239 34.7599330988736 
3240 36.03191920238 
3241 34.8197220860676 
3242 36.1606741390428 
3243 35.2493372962564 
3244 35.9614451972832 
3245 35.51381411111 
3246 36.1375601116344 
3247 36.4443615113346 
3248 34.7557052539008 
3249 35.7642772802312 
3250 34.6890657398386 
3251 34.5622857998724 
3252 33.3881965492814 
3253 33.978285988271 
3254 33.4672121118692 
3255 32.4803656794426 
3256 34.749029617489 
3257 31.989053879932 
3258 32.1566320378162 
3259 32.7103532761924 
3260 31.8752814526642 
3261 30.5644999423484 
3262 29.7438188545406 
3263 27.7319791641824 
3264 31.2417739484102 
3265 26.5121895475118 
3266 30.8985878096858 
3267 27.6422868764836 
3268 28.8041958377062 
3269 26.8338125507214 
3270 27.5112744493416 
3271 28.7765201130606 
3272 29.9321693329738 
3273 29.7487751365076 
3274 29.6713175594128 
3275 31.5690961313226 
3276 30.7785543186852 
3277 31.88704603524 
3278 32.081427199138 
3279 30.5463912731186 
3280 31.5201940522014 
3281 31.56760988457 
3282 31.7492661649622 
3283 31.1295150365932 
3284 32.550653575344 
3285 31.9302350899714 
3286 32.8894005367608 
3287 33.5389863152228 
3288 32.3872571782262 
3289 35.1907333482082 
3290 33.8991595291442 
3291 34.2406838146402 
3292 34.49466903384 
3293 33.497262734118 
3294 34.243896709438 
3295 33.3608319509054 
3296 34.5170552849374 
3297 34.2864555868742 
3298 33.0141201225818 
3299 34.2596196150342 
3300 32.737159641051 
3301 34.3006310022486 
3302 32.5839551152798 
3303 33.4123778230604 
3304 33.212137933536 
3305 33.8201944399316 
3306 33.3741257903406 
3307 34.2147196848396 
3308 34.4550451986938 
3309 33.1296540357698 
3310 35.0389278264704 
3311 31.9652177127854 
3312 33.0756817180792 
3313 29.7220504004494 
3314 31.2023453091144 
3315 30.5732949616832 
3316 31.6546463307596 
3317 29.877544463963 
3318 31.328476449516 
3319 29.6382046374608 
3320 30.0499808803178 
3321 30.9146336209324 
3322 31.982422795732 
3323 32.3726873452258 
3324 33.567645600986 
3325 31.9118554499528 
3326 33.6609665329596 
3327 32.155391357747 
3328 32.4636648953692 
3329 34.1002519997534 
3330 34.260608412057 
3331 34.5077453877226 
3332 33.9625612242508 
3333 34.5415246153362 
3334 33.2479562493258 
3335 33.5461939368814 
3336 33.9959265568134 
3337 33.975305829647 
3338 34.2285953275696 
3339 32.446646704021 
3340 32.7803119976834 
3341 32.5045245768762 
3342 32.8684175259886 
3343 31.2112498065604 
3344 33.4842296657448 
3345 30.4211114728656 
3346 32.5857608543942 
3347 32.0104931768696 
3348 32.2107213236138 
3349 31.6909805442082 
3350 32.2425417359398 
3351 32.325055632186 
3352 31.9922626848512 
3353 30.7954476647336 
3354 32.896514134317 
3355 32.9329003789448 
3356 31.4783926031568 
3357 32.6005850011634 
3358 31.8566927109152 
3359 33.4951931318846 
3360 33.6030137487926 
3361 32.9587237298152 
3362 34.5684507724746 
3363 32.9301438697118 
3364 37.1800557855838 
3365 33.7353255572964 
3366 37.252025855695 
3367 34.6516602566306 
3368 37.1436185035564 
3369 34.4791937478614 
3370 35.4639898634762 
3371 35.0652098075382 
3372 35.6126778041508 
3373 33.7521849449088 
3374 34.505134210437 
3375 33.6833921643338 
3376 34.191032198918 
3377 34.2906816122972 
3378 35.4129516686922 
3379 34.952276765639 
3380 36.9357318718508 
3381 33.67857373032 
3382 36.1951887683336 
3383 34.9608435142798 
3384 36.7629218022028 
3385 35.3514347766274 
3386 36.7432613552192 
3387 35.4125610854896 
3388 35.4304515370026 
3389 34.3188957660152 
3390 33.158882208297 
3391 35.5588499088798 
3392 34.1279466124832 
3393 35.093625690731 
3394 34.2309068494012 
3395 34.917066082715 
3396 33.0200066795766 
3397 34.0438102751606 
3398 33.59582105508 
3399 35.0836757099282 
3400 34.7751734033048 
3401 33.4069824808602 
3402 32.8038832437936 
3403 32.833327196627 
3404 32.5852626037858 
3405 31.7437995232152 
3406 34.4958469848704 
3407 31.7029583130152 
3408 34.4377120004906 
3409 32.0754901871518 
3410 34.5159287937688 
3411 33.270828355109 
3412 35.952608785106 
3413 34.8814583129808 
3414 35.5117069627774 
3415 36.580541034201 
3416 33.5682682650774 
3417 35.91686084159 
3418 32.447433210725 
3419 35.3752387363844 
3420 32.3633781219132 
3421 35.5345874131616 
3422 32.0112327306394 
3423 34.4590203743018 
3424 33.330264635239 
3425 32.1090950163068 
3426 34.0602449844126 
3427 34.1640158870054 
3428 35.0975044684198 
3429 34.9237468583922 
3430 34.7199431041242 
3431 35.0047751229842 
3432 34.7686391371952 
3433 34.1731510025416 
3434 33.8421821873696 
3435 33.7717727579136 
3436 34.0559978267722 
3437 34.7800242837312 
3438 33.799645239109 
3439 34.8380968208478 
3440 34.1761381199752 
3441 33.0383879680618 
3442 33.8890239226202 
3443 32.6911103058216 
3444 32.3336234680794 
3445 31.9922319128844 
3446 32.6464940770442 
3447 31.2700434631794 
3448 32.2818689933014 
3449 30.4599146963348 
3450 32.2711672025208 
3451 31.3106543940738 
3452 31.2588287827664 
3453 31.9325178673814 
3454 31.3868299932688 
3455 32.484978487719 
3456 31.246215653409 
3457 31.5242737842076 
3458 30.3495927517968 
3459 29.7172971194528 
3460 29.0685258849882 
3461 30.0433653704134 
3462 29.3629058422778 
3463 30.3203243336242 
3464 31.0392891942716 
3465 30.6937004562254 
3466 31.4947075929124 
3467 31.7903277525114 
3468 32.149361861765 
3469 32.7525500611172 
3470 32.9043180342618 
3471 34.279804578745 
3472 34.603525159855 
3473 32.892722097199 
3474 33.6075513591302 
3475 32.2366891743116 
3476 32.2366891743116 
3477 33.0017234773474 
3478 30.590023748033 
3479 33.0017234773474 
3480 29.0068666277056 
3481 31.6585465980104 
3482 29.0068666277056 
3483 31.5133268122402 
3484 29.1709446896452 
3485 32.6589648483798 
3486 30.7509203264948 
3487 31.0369875892712 
3488 30.7509203264948 
3489 32.199001384865 
3490 30.7509203264948 
3491 32.199001384865 
3492 32.1839196285736 
3493 31.5494998832704 
3494 30.551247075193 
3495 29.8827898395992 
3496 28.0273160666332 
3497 30.5951267881912 
3498 28.2453364721972 
3499 30.3474284277326 
3500 29.4840759839934 
3501 31.496800305712 
3502 29.5162632667282 
3503 31.7549672007188 
3504 31.2219884064364 
3505 33.325132779959 
3506 33.3422477178768 
3507 33.26846320732 
3508 33.9373645775612 
3509 34.681205034308 
3510 34.1604115884732 
3511 34.7803963274144 
3512 33.9382718301594 
3513 35.7501327904838 
3514 34.7113042440026 
3515 34.4297185053 
3516 32.7741058366874 
3517 33.7376914482102 
3518 32.6619037698146 
3519 32.6215140611848 
3520 32.8231182347116 
3521 32.3818022286954 
3522 32.4479467949566 
3523 31.5085574951766 
3524 30.5994545166902 
3525 31.882968390522 
3526 31.028764702589 
3527 31.27021066954 
3528 30.1578496997862 
3529 31.5236272262052 
3530 30.4088786042782 
3531 31.4557066266516 
3532 30.3230967931484 
3533 31.1862465582346 
3534 30.8072746618958 
3535 30.7217699504524 
3536 30.7321837723872 
3537 30.874178988622 
3538 30.9256611844522 
3539 28.9162985003928 
3540 31.1252952131402 
3541 28.76165082681 
3542 31.5086578471056 
3543 28.764214936725 
3544 31.1426739364208 
3545 28.1510001218012 
3546 30.9185653763376 
3547 27.9574060158616 
3548 31.4443311777294 
3549 29.959654239596 
3550 30.3709134462328 
3551 31.4200072812336 
3552 31.3590406634458 
3553 32.26949253201 
3554 32.7443077236332 
3555 34.0876024087122 
3556 33.2808257276064 
3557 33.7201131070118 
3558 32.3455459709728 
3559 33.032345673962 
3560 32.4940705992876 
3561 32.9645521535966 
3562 30.8169059672982 
3563 33.3264776710792 
3564 30.3877097234828 
3565 32.4191948275132 
3566 29.8294719497194 
3567 33.4117658246866 
3568 30.436021246695 
3569 32.085922925454 
3570 31.6568309362188 
3571 30.8461856621962 
3572 30.853362791624 
3573 31.9757632988862 
3574 30.6389678184434 
3575 32.0785403755258 
3576 31.184572194687 
3577 32.3437638488952 
3578 32.373081810072 
3579 33.2204207109372 
3580 32.0858417366978 
3581 34.3684255499928 
3582 33.575914388046 
3583 32.588509704865 
3584 34.4548345166996 
3585 32.716035283924 
3586 35.1382063338188 
3587 32.8438408410118 
3588 34.701492457004 
3589 34.0809342697384 
3590 33.614722044093 
3591 32.928332307517 
3592 32.0864334695644 
3593 32.5962890685776 
3594 32.2574238807782 
3595 33.8322331466218 
3596 32.6089544560926 
3597 33.6772554169776 
3598 31.5614440048656 
3599 34.7328415086254 
3600 32.3738748297304 
3601 35.5678435675568 
3602 33.2989959847324 
3603 35.5142249480178 
3604 34.0032628078402 
3605 35.1595270410112 
3606 33.3933613800008 
3607 34.9584412644996 
3608 34.4145098760916 
3609 34.8323265945608 
3610 34.12278639221 
3611 36.0513706115958 
3612 32.5409445774532 
3613 34.6076479901468 
3614 33.7708466153678 
3615 34.8867500312074 
3616 34.5013111222536 
3617 33.8410445467108 
3618 32.4650013782784 
3619 33.1342592746258 
3620 32.176956662715 
3621 32.8114301636248 
3622 31.14742728799 
3623 30.4268471542498 
3624 30.4188688267738 
3625 29.8653136784368 
3626 29.6342223911792 
3627 30.8874632971798 
3628 31.4805776780104 
3629 32.0813528200888 
3630 31.2299229569798 
3631 31.3993946734814 
3632 31.3993946734814 
3633 32.0651406890438 
3634 32.0651406890438 
3635 31.8071138350254 
3636 31.916639653142 
3637 31.3914588460986 
3638 32.340090392003 
3639 30.6316338673082 
3640 32.3813944797954 
3641 30.7320061306522 
3642 32.3813944797954 
3643 30.4225971208638 
3644 32.3813944797954 
3645 30.4225971208638 
3646 31.6252427126496 
3647 30.7804238003656 
3648 31.3952014291732 
3649 30.8446252187678 
3650 31.0204233219916 
3651 30.2084421715532 
3652 30.8351882444578 
3653 30.1123223706256 
3654 30.2477931422012 
3655 30.5258350041604 
3656 30.7345309611486 
3657 31.389424510393 
3658 30.922769029615 
3659 31.3242426990094 
3660 31.3034660669804 
3661 32.08747631394 
3662 31.202323105417 
3663 31.0818303561366 
3664 31.4717165837544 
3665 31.3386065522362 
3666 31.4449855350438 
3667 30.8620976889138 
3668 31.7573562941816 
3669 32.1226963923936 
3670 32.7589432547508 
3671 30.843201164039 
3672 31.5199511216828 
3673 30.237362284229 
3674 31.5047239255332 
3675 29.3549270754972 
3676 30.0143508918962 
3677 28.9741931345288 
3678 29.6223773583678 
3679 27.6193543546764 
3680 28.1609384964216 
3681 29.9486833155752 
3682 29.867315831684 
3683 30.6356662272584 
3684 30.8528327921836 
3685 32.7426889275352 
3686 31.745655363655 
3687 33.0193743205118 
3688 32.831703163172 
3689 34.3386203692172 
3690 33.5716161202604 
3691 34.8933247957508 
3692 34.0998324969052 
3693 34.0655961425198 
3694 33.3555733771942 
3695 33.5097396298904 
3696 33.5056553598718 
3697 34.9983609450998 
3698 33.4086227793794 
3699 33.5437369214146 
3700 32.8739976168244 
3701 33.2291413018956 
3702 32.9011456370696 
3703 34.0854583550702 
3704 32.1715714468286 
3705 34.474022502826 
3706 32.4399400336334 
3707 33.2924432696566 
3708 31.837211258034 
3709 32.5643365303144 
3710 31.2699725607204 
3711 31.2599392362234 
3712 30.6005114025736 
3713 30.0271719000296 
3714 30.2855058291818 
3715 30.7290946766684 
3716 31.1636853903314 
3717 30.98268418074 
3718 31.398190327354 
3719 32.3427001008204 
3720 32.3426947426658 
3721 32.6999154575248 
3722 32.2662101982008 
3723 31.8242126153838 
3724 31.0028001027592 
3725 33.0317470639562 
3726 32.1221855170284 
3727 33.5157617492102 
3728 32.6534861028396 
3729 34.0909940877836 
3730 32.954117591902 
3731 33.5660137954772 
3732 33.5342329420082 
3733 33.38175967296 
3734 33.810044591745 
3735 33.2690782581904 
3736 33.3326175651214 
3737 33.7938024558462 
3738 32.6565100489034 
3739 31.73746980063 
3740 31.6158678425768 
3741 32.2906189613202 
3742 31.4928543566266 
3743 31.868465451801 
3744 31.3431910355944 
3745 30.8090044160302 
3746 31.1600846852674 
3747 30.5268076489558 
3748 31.8242648540586 
3749 31.2781775657388 
3750 31.9822079658806 
3751 30.6356409685628 
3752 30.9120441826298 
3753 31.5970973456928 
3754 31.4725410846228 
3755 31.7518865177494 
3756 31.189378136628 
3757 31.4086498430564 
3758 31.3728271663864 
3759 32.781157525341 
3760 31.6836167076712 
3761 31.180957083105 
3762 32.4145834584958 
3763 30.0054510681716 
3764 31.111595471551 
3765 28.5243983067142 
3766 29.8233529547128 
3767 27.508539625974 
3768 28.3605817718738 
3769 27.2609879276548 
3770 28.645735683982 
3771 29.7959364851522 
3772 28.837356329562 
3773 29.9037425215308 
3774 29.9781691830558 
3775 30.451488489421 
3776 30.1878913499432 
3777 30.9311880182042 
3778 31.3426489050032 
3779 31.0716216325722 
3780 32.214164677184 
3781 30.9563008547988 
3782 32.534158929591 
3783 31.5348245890582 
3784 32.2950021881516 
3785 32.0487363643496 
3786 32.952824302996 
3787 30.5217485825702 
3788 30.6452128332326 
3789 30.2146467618356 
3790 29.398357603771 
3791 30.3013318157506 
3792 29.701494015229 
3793 30.6486263015708 
3794 29.320944352525 
3795 32.4082132098242 
3796 30.3932943975828 
3797 34.3620204240458 
3798 32.7395495455716 
3799 33.4108590143238 
3800 32.5328149408128 
3801 33.0963319972568 
3802 32.1432012321186 
3803 33.22591897863 
3804 33.4780889648834 
3805 31.6436569405464 
3806 33.6152763237676 
3807 31.0752054124148 
3808 33.3957347953034 
3809 30.6990345289552 
3810 32.550383742088 
3811 31.2416515028474 
3812 33.1901020327572 
3813 31.5890073627152 
3814 32.8306985577774 
3815 32.8048974248364 
3816 32.6889109666548 
3817 33.5611163200488 
3818 32.4627642442738 
3819 34.5677665501648 
3820 33.9737279600758 
3821 35.0237067448568 
3822 32.9684668169416 
3823 33.3675865830384 
3824 31.381372511556 
3825 32.8833104588948 
3826 30.608334234041 
3827 32.0927208527856 
3828 31.3458918214654 
3829 32.2751075654094 
3830 30.648592143 
3831 31.5832294983644 
3832 30.7252589671856 
3833 32.0671304440024 
3834 31.6048666706136 
3835 31.5511788875074 
3836 31.8393633245002 
3837 31.0242900286986 
3838 31.1016627714844 
3839 30.456176766427 
3840 32.6506124313316 
3841 29.538149648186 
3842 33.166012154349 
3843 30.4080668824574 
3844 33.094871969799 
3845 30.631246192343 
3846 33.1134674267304 
3847 31.0586835926046 
3848 32.4863745205732 
3849 31.356200523643 
3850 31.3576022320462 
3851 32.0829157659616 
3852 30.8515421071276 
3853 31.3833733970492 
3854 31.1992128402612 
3855 31.493679938677 
3856 31.4186188674968 
3857 31.967454482974 
3858 32.156629947132 
3859 32.6905655381806 
3860 31.8908525740964 
3861 32.250543527681 
3862 31.8457305559892 
3863 32.7029752489094 
3864 31.8849816099416 
3865 34.3054052471154 
3866 33.2630800390848 
3867 34.9755523587912 
3868 33.6582907644162 
3869 34.414159663568 
3870 33.6207083998282 
3871 34.6274926546258 
3872 33.7292746676464 
3873 34.5519798852542 
3874 33.3020878467694 
3875 33.3444979831268 
3876 33.22622793606 
3877 32.8824835751288 
3878 32.9711956642612 
3879 33.436558494885 
3880 33.5068483110934 
3881 33.4254117833928 
3882 32.6798360216394 
3883 33.8031200605 
3884 33.1612187015594 
3885 32.9189166813644 
3886 32.0285942058944 
3887 31.984973962098 
3888 30.998290436943 
3889 30.057687383502 
3890 29.9449532092064 
3891 29.334900808859 
3892 30.128844920439 
3893 29.4056530966554 
3894 31.0873220581802 
3895 29.353997001421 
3896 29.9594364555362 
3897 29.1335433775732 
3898 30.9491287774436 
3899 30.6583094115638 
3900 31.4111966184202 
3901 30.5560020157618 
3902 31.9575861215416 
3903 31.0414990411088 
3904 32.9777680772308 
3905 31.8831224724694 
3906 35.4360537519538 
3907 32.5906751138468 
3908 35.1474882973292 
3909 33.2919689727318 
3910 36.9293970119446 
3911 33.6345409907818 
3912 35.66402576639 
3913 34.2415986948018 
3914 35.8434739310928 
3915 33.9052596846746 
3916 33.8206494549344 
3917 34.4488848317602 
3918 34.9215190399002 
3919 33.9288778714006 
3920 34.726679088497 
3921 33.349810893581 
3922 35.6088527113536 
3923 33.3729301172908 
3924 34.1248990067942 
3925 32.954169974825 
3926 34.8956556628136 
3927 32.9273581312806 
3928 34.4911602162602 
3929 32.101429270122 
3930 33.98733181281 
3931 31.6498311539714 
3932 32.3828253594962 
3933 31.1063559755862 
3934 33.1128038141722 
3935 30.6593128869812 
3936 33.3268876020256 
3937 30.1112339003996 
3938 31.9539931846756 
3939 30.3078832074536 
3940 31.3747364499252 
3941 30.4077025714866 
3942 32.1459289884446 
3943 30.4897478620858 
3944 32.4584728934976 
3945 29.9983762391984 
3946 31.6980786778054 
3947 30.294346262392 
3948 31.316897300507 
3949 30.4228597238432 
3950 30.7017217632908 
3951 30.6255626696818 
3952 30.8471576623398 
3953 30.52856219405 
3954 30.4230165200232 
3955 31.6569250166154 
3956 32.3262151943626 
3957 32.96533999922 
3958 33.0743236598046 
3959 33.389049178733 
3960 34.3349100666712 
3961 32.9099017864042 
3962 33.9136608110142 
3963 32.9177015545686 
3964 33.7818560647584 
3965 31.5915905713164 
3966 32.5208568106546 
3967 31.7546388592128 
3968 32.4296446960582 
3969 30.9768606804856 
3970 31.732121026247 
3971 30.7349437995066 
3972 31.8969157233534 
3973 30.1468536358956 
3974 31.3566012881374 
3975 30.1465222532614 
3976 31.0395289437882 
3977 30.2899183630594 
3978 31.7548640725838 
3979 30.3001513847358 
3980 31.1208488428338 
3981 31.5910063350298 
3982 30.4986353014828 
3983 33.742036489091 
3984 32.5205544499198 
3985 33.9893238873096 
3986 32.5548730549748 
3987 34.763727107341 
3988 32.2120778118444 
3989 35.5846040653792 
3990 32.696757930118 
3991 35.411140220775 
3992 31.1046161565786 
3993 31.502865328913 
3994 31.502865328913 
3995 31.8833258214272 
3996 31.8833258214272 
3997 32.1351326221102 
