0 22.29139340341628 
1 8.413056341729064 
2 14.69520005605774 
3 15.521409777705411 
4 12.718144025422315 
5 25.40785926738107 
6 24.547904156570798 
7 23.961700620422526 
8 16.09837953189889 
9 8.241416304796337 
10 9.88788880349658 
11 9.488173444088531 
12 19.423829282750443 
13 19.50004649173377 
14 10.794398849092682 
15 10.53141367829541 
16 22.834221629419932 
17 19.698966748074394 
18 10.990124278448707 
19 31.78731176439382 
20 18.53287203347517 
21 9.878271027487111 
22 7.196852420311018 
23 17.259160806356704 
24 31.34615787034961 
25 8.069740282478158 
26 15.339589657316315 
27 20.588875744292327 
28 13.101795509352392 
29 29.824040957087497 
30 14.88122844613485 
31 10.19455260484267 
32 13.348473661430354 
33 16.67450107338793 
34 10.808028386411834 
35 25.155057635332078 
36 17.150689412649864 
37 31.202511493654313 
