0 5.054882597592296 
1 4.788991370392614 
2 8.434661250427332 
3 8.53866652551948 
4 8.297698416152631 
5 11.287724614552413 
6 7.790876382204506 
7 8.426171874215251 
8 7.76224167063017 
9 8.517408247518983 
10 8.40391994213457 
11 7.7677906367311715 
12 8.8518239471546 
13 7.582662019293348 
14 8.433694530962526 
15 7.227670632349494 
16 8.054522515117938 
17 8.605059670963414 
18 6.953733008606155 
19 8.229595750901089 
20 8.808010214367314 
21 9.68596560507495 
22 4.394743873318168 
23 8.470141582876773 
24 8.756522029595484 
25 8.090957842876268 
26 4.171647780901922 
27 5.097939215674359 
28 8.299340295778606 
29 7.110448074944183 
30 8.027883100750861 
31 6.502423891962787 
32 8.071898971937078 
33 9.445545669303751 
34 8.16325323129682 
35 8.422128069717475 
36 7.656284397389677 
37 7.415593186776661 
38 9.244215621019038 
39 8.010863731600127 
40 7.860124658463545 
41 8.119919852094203 
42 7.7973505058429415 
43 5.778257197844814 
44 7.49404397116235 
45 5.952246405708293 
46 7.309136280940464 
47 9.241303030636864 
48 8.639338893363187 
49 6.89504477180108 
50 2.514267765095453 
51 11.504071663471322 
52 9.261770693942085 
53 7.243547941420282 
54 8.633683746837736 
55 7.562236990613697 
56 8.507888598146007 
57 8.246909599265422 
58 8.699799840287069 
59 7.638339719401507 
60 8.87129517021119 
61 9.030242877411604 
62 9.359193837750029 
63 11.182216392463616 
64 7.573023645476737 
65 8.840703916902564 
66 8.590836286176597 
67 8.338145543172718 
68 9.15153485469664 
69 9.260645990324939 
70 8.58059012342143 
71 8.12540972808778 
72 7.881259782745539 
73 8.981340551004065 
74 7.447933942999201 
75 8.368373273424858 
76 7.86335182480657 
77 7.422916283218417 
78 8.93092977995818 
79 7.846875415092822 
80 7.710684609162438 
81 7.3413754717113235 
82 5.2261758354858285 
83 10.73071540592884 
84 9.06813798829054 
85 8.636368128881347 
86 6.49443971323723 
87 6.7798784430363375 
88 8.364868503187953 
89 7.7371692941128725 
90 8.130118996621418 
91 8.678738218649451 
92 8.678648430548947 
93 8.605818868234232 
94 8.674322845898194 
95 8.336272878866476 
96 7.569565837275154 
97 7.46109005135576 
98 7.639550111561404 
99 8.001556699339547 
100 8.45934504325167 
101 5.7579344323958495 
102 9.52424031863246 
103 9.262138838098771 
104 7.430609269340949 
105 5.155133189203274 
106 6.610699920563871 
107 5.250900750896995 
108 8.132515099516233 
109 7.822888029274953 
110 7.434007142793843 
111 7.8209771224097455 
112 8.664825300943477 
113 8.821477921613578 
114 8.262375428207841 
115 8.071044676171361 
116 7.160814709849248 
117 6.957043288449226 
118 8.966709708314449 
119 8.493433961958491 
120 8.32518672750983 
121 9.440400816578249 
122 9.007011387868259 
123 11.050058881954197 
124 9.246008897040346 
125 8.336653972443731 
126 8.636723801365632 
127 8.483641754938825 
128 7.145979357555891 
129 10.150612162911083 
130 6.239276927059006 
131 7.914811550937763 
132 8.626226022002069 
133 9.3562292266167 
134 8.67170446392944 
135 7.741653500287938 
136 7.365664512503512 
137 8.149279946530298 
138 8.674825182056782 
139 7.92429203263952 
140 8.012899183102682 
141 6.95367536614399 
142 4.468728624852172 
143 6.271087507774747 
144 8.382773589581651 
145 8.185173693033349 
146 8.959354733973017 
147 9.157189204294877 
148 9.25610905263065 
149 8.775759401768415 
150 8.236884585927221 
151 8.696498845112357 
152 9.242810016064665 
153 7.596216293554188 
154 5.927406544829652 
155 8.33415264660707 
156 7.6325018379275456 
157 8.066853482016297 
158 8.423650385604113 
159 8.165462247694991 
160 7.910393095787276 
161 8.495274668740707 
162 8.39434973521889 
163 8.07174363198288 
164 7.924846011412161 
165 8.302182282439801 
166 10.256325987656131 
167 8.735658230168118 
168 9.095116662329778 
169 10.999866248803452 
170 5.863379460647329 
171 7.560914670969021 
172 7.508344685733926 
173 7.836027044851185 
174 7.567817634948731 
175 7.1915093530854035 
176 8.35250845844261 
177 8.921014122851796 
178 10.369850990553093 
179 8.58603529558672 
180 3.949464826980969 
181 9.829770280341416 
182 9.192733138562627 
183 8.607072719773285 
184 8.406699216714369 
185 6.9415456314793 
186 8.574766173629497 
187 8.861829706317346 
188 7.819344110096737 
189 8.091831970644638 
190 8.753689368815833 
191 7.142851790607337 
192 7.8988775894538605 
193 7.988374462671246 
194 5.869098093870777 
195 6.843809607725079 
196 8.784673803085932 
197 9.517454208796995 
198 8.570525984548016 
199 10.797789110830216 
200 8.323105162372132 
201 7.8642954240768 
202 8.641421425216123 
203 7.990870415918093 
204 9.10629317793979 
205 9.29057409548618 
206 9.161049359930631 
207 7.043260689228992 
208 5.315240353360562 
209 9.110842724452825 
210 8.962628505247054 
211 8.539327123733903 
212 7.5763751280249565 
213 6.015745366246857 
214 8.180895074069378 
215 7.512325302736946 
216 6.244069754632097 
217 8.140770386357726 
218 6.8498674710404215 
219 6.753525458333736 
220 9.458922969715148 
221 7.253983434998193 
222 3.3029604791701774 
223 10.59834087595483 
224 8.160394409931847 
225 7.177467738816608 
226 2.604373216763894 
227 8.68578339300839 
228 10.89146715138925 
229 9.262220651885876 
230 4.978006496812716 
231 9.448886445863202 
232 5.682399386551275 
233 5.789487196829678 
234 8.60179488441535 
235 8.941668052375531 
236 8.502438648627828 
237 7.872605917728409 
238 8.064371864803702 
239 8.524003267907442 
240 7.734658124859388 
241 8.86197949680113 
242 6.9822559675317 
243 8.196338296246646 
244 8.356235941960843 
245 7.646053835692853 
246 7.669878980495708 
247 7.74301121123006 
248 7.455387344535156 
249 7.18216267772167 
250 10.871029277598076 
251 9.222689602248115 
252 7.917829682724563 
253 6.920540007193936 
254 8.015563666940585 
255 7.747874291815446 
256 7.983493600724819 
257 7.941561613644712 
258 9.263325279491857 
259 8.970948126696369 
260 8.066543196342817 
261 7.739739222539203 
262 7.755782668912734 
263 8.261838352321972 
264 9.765846230502902 
265 9.29559809757676 
266 7.085834763687475 
267 7.863572960568746 
268 8.712142109373701 
269 7.398770841712355 
270 7.379037592715092 
271 5.297457051270716 
272 9.101688920137057 
273 8.351626995663203 
274 9.218270809386395 
275 9.412225132006203 
276 8.167354370113623 
277 7.6703699030209265 
278 6.038097431763216 
279 7.957472158454912 
280 8.393308252621468 
281 8.826638775892437 
282 6.955082115093789 
283 8.136759034368234 
284 8.105969070451497 
285 8.096299213206397 
286 7.297221028530867 
287 9.06063532181934 
288 8.554043195399016 
289 9.36178419013267 
290 5.7110582801619785 
291 4.937844646935556 
292 8.533559033747231 
293 7.559497439797851 
