0 0 
1 0 
2 0 
3 4 
4 0 
5 4 
6 1 
7 4 
8 1 
9 4 
10 2 
11 0 
12 2 
13 2 
14 2 
15 3 
16 2 
17 2 
18 2 
19 3 
20 2 
21 1 
22 2 
23 3 
24 2 
25 2 
26 2 
27 3 
28 2 
29 2 
30 2 
31 1 
32 0 
33 2 
34 0 
35 2 
36 2 
37 2 
38 2 
39 2 
40 2 
41 2 
42 2 
43 3 
44 2 
45 3 
46 2 
47 3 
48 2 
49 3 
50 2 
51 3 
52 2 
53 3 
54 2 
55 3 
56 2 
57 3 
58 2 
59 2 
60 2 
61 3 
62 2 
63 2 
64 2 
65 2 
66 2 
67 0 
68 2 
69 0 
70 2 
71 0 
72 2 
73 3 
74 2 
75 3 
76 2 
77 3 
78 2 
79 3 
80 2 
81 3 
82 2 
83 3 
84 2 
85 3 
86 2 
87 3 
88 2 
89 3 
90 2 
91 2 
92 2 
93 2 
94 2 
95 2 
96 2 
97 2 
98 2 
99 2 
100 2 
101 2 
102 2 
103 2 
104 2 
105 3 
106 3 
107 2 
108 3 
109 3 
110 3 
111 3 
112 3 
113 2 
114 3 
115 2 
116 3 
117 2 
118 2 
119 2 
120 2 
121 2 
122 2 
123 2 
124 2 
125 2 
126 2 
127 2 
128 2 
129 2 
130 2 
131 2 
132 2 
133 2 
134 2 
135 2 
136 2 
137 2 
138 2 
139 2 
140 2 
141 2 
142 2 
143 2 
144 2 
145 2 
146 2 
147 2 
148 2 
149 2 
150 2 
151 2 
152 2 
153 2 
154 2 
155 2 
156 2 
157 2 
158 2 
159 2 
160 2 
161 3 
162 2 
163 2 
164 2 
165 2 
166 2 
167 2 
168 2 
169 2 
170 2 
171 2 
172 2 
173 1 
174 2 
175 2 
176 2 
177 2 
178 2 
179 2 
180 2 
181 2 
182 2 
183 2 
184 2 
185 2 
186 2 
187 2 
188 2 
189 3 
190 2 
191 2 
192 2 
193 2 
194 2 
195 2 
196 2 
197 2 
198 2 
199 2 
200 2 
201 0 
202 2 
203 3 
204 2 
205 3 
206 1 
207 3 
208 2 
209 3 
210 2 
211 3 
212 2 
213 3 
214 2 
215 3 
216 2 
217 2 
218 2 
219 2 
220 2 
221 1 
222 2 
223 3 
224 2 
225 1 
226 2 
227 2 
228 2 
229 3 
230 2 
231 2 
232 2 
233 3 
234 2 
235 2 
236 2 
237 3 
238 2 
239 2 
240 2 
241 2 
242 1 
243 1 
244 1 
245 1 
246 1 
247 1 
248 1 
249 3 
