0 1.509678005755626 
1 1.6793214423059832 
2 2.499809158962542 
3 1.6861047351580607 
4 2.8237306840771046 
5 2.6366232603554876 
6 1.9460192321452663 
7 2.950363228038601 
8 1.6557855627012623 
9 2.8495708006966316 
10 2.644013089062514 
11 2.8827681697296996 
12 4.0814691559081195 
13 1.980369858181714 
14 2.6450875207105704 
15 2.7266610251689842 
16 2.8495213927210896 
17 4.090108696220884 
18 1.976721621162781 
19 1.9071230229007134 
20 2.865563145318151 
21 2.714796531458631 
22 2.676519249111336 
23 2.2837003342174196 
24 1.5352942396698699 
25 3.028097725204961 
26 2.919227275975643 
27 2.3356056366139257 
28 1.7805053096019545 
29 1.2407349384783086 
30 3.036093378014993 
31 2.0585248292229146 
32 2.1300497874991193 
33 2.2163451381038453 
34 2.3911743073532654 
35 2.907341408686881 
36 1.7990215733675297 
37 2.393117953565567 
38 2.2711678725594204 
39 2.8344291533376893 
40 2.735723320313101 
41 2.2187589370024368 
42 3.2517648839092654 
43 3.2214638774168636 
44 4.596740771979076 
45 2.0305657695003854 
46 7.4097887821394 
47 2.922472632761759 
48 2.129743991211056 
49 2.1184714587719586 
50 2.3219277911263223 
51 3.1651238697139306 
52 2.7853839496443884 
53 1.4037231791612554 
54 2.7628231083139214 
55 1.7344806095166079 
56 2.0674684197187236 
57 1.60004941957984 
58 2.4214386192127453 
59 3.6802864528176444 
60 3.4249382724746047 
61 3.6903407643631243 
62 2.65995314413168 
63 2.512280660994635 
64 4.559843372643029 
65 2.213153326494175 
66 2.1647258310548776 
67 2.9108519348914665 
68 2.541817240340044 
69 2.7188931197305566 
70 1.6436838800912157 
71 1.305887451482993 
72 4.792273966147083 
73 1.6495163408165923 
74 4.854529782137697 
75 2.5628767767434795 
76 2.07075888486331 
77 4.195874023307399 
78 2.396541529128429 
79 1.9436459661895258 
80 1.9560964467440147 
81 2.8657759261893965 
82 2.1636708789096057 
83 2.2282553194411037 
84 2.1385596934784457 
85 2.859404795489058 
86 2.6021418357952304 
87 2.7757470397637976 
88 2.0838331302296584 
89 1.9170703619999985 
90 1.381464269174568 
91 2.2715723003080814 
92 3.5156553809608098 
93 2.4869759220977796 
94 4.895951086372284 
95 2.0781265529042505 
96 3.125795099839024 
97 1.800362954673721 
98 3.5957142573009144 
99 2.3634747911816913 
100 1.9127901953967676 
101 2.0431456692820342 
102 3.398778238040231 
103 1.9737017778584378 
104 1.259889934874133 
105 2.3463607613407316 
106 1.825871533050551 
107 1.507867528131084 
108 2.156840545866677 
109 2.082790929388032 
110 1.2237356719726966 
111 1.1758073571669656 
112 1.9767230936214917 
113 2.4469055666638475 
114 3.2751959384945475 
115 5.062895440364726 
116 2.018684960012423 
117 1.1026493536114406 
118 2.406686212718803 
119 3.3275623561187375 
120 4.154779342423338 
121 3.6322465051806954 
122 1.7078682547226363 
123 2.555271641398102 
124 3.292559928378066 
125 3.8327000432407203 
126 4.215314460686866 
127 1.8171522774832085 
128 2.6115896706851203 
129 2.116356152675162 
130 2.8255189008013555 
131 4.4868775267422505 
132 3.2739916992399443 
133 3.3054182872101636 
134 3.1053295355561112 
135 4.780220090308534 
136 2.2849022286092993 
137 2.3340683649686946 
138 2.5788812511139945 
139 6.128402773633654 
140 1.5788581559789123 
141 3.337264503218437 
142 2.433185775484651 
143 2.4717189745322456 
144 2.8748182900833625 
145 1.6671212505628519 
146 2.300156373925388 
147 1.5201388557498317 
148 2.4019461677726524 
149 3.0917094911389946 
150 1.3816323977862544 
151 2.038154912425988 
152 1.3816323977862544 
153 2.076071150983887 
154 2.4792700715590317 
155 2.4704672844652746 
156 3.0663019050102474 
157 3.3851937670669496 
158 1.9152504888441133 
159 1.665083999513993 
160 2.4733144255429225 
161 3.3483196446022454 
162 1.9292086513227233 
163 3.1384170429383373 
164 1.9590831632649597 
165 2.2627279664995825 
166 2.284168233229369 
167 2.1474202047196354 
168 3.697768172089399 
169 2.74271796227114 
170 2.5900025694764093 
171 2.8552311222673863 
172 1.4978952879710938 
173 1.406888923972586 
174 2.9571026037237473 
175 2.7801673996496175 
176 3.5171811104283885 
177 3.1177122347860906 
178 4.456258398611119 
179 2.452967235895634 
180 6.587581578746736 
181 3.3296518828730286 
182 3.543573599259946 
183 3.589283060932843 
184 3.441287016196507 
185 3.249925593251324 
186 2.649764047383997 
187 3.5452706970827963 
188 3.6427005314630296 
189 2.8352080402706754 
190 3.1382003910437937 
191 2.3541375932411563 
192 2.186658715267308 
193 2.1825852999664703 
194 3.946225810466904 
195 2.796227027300402 
196 2.997467038937974 
197 2.75109210252878 
198 3.298193840322825 
199 1.6513004980599997 
200 1.2199815713549178 
201 1.8109057076498902 
202 3.3517515461020295 
203 3.9317080992433775 
204 2.63435864479787 
205 3.4142394038957806 
206 2.7645439536854712 
207 1.5683613087759962 
208 1.7495692482925556 
209 1.9899228873838442 
210 1.8510644733570478 
211 2.464140751309116 
212 2.1186906007858872 
213 3.790534011648269 
214 2.0889436886169195 
215 5.054297029733011 
216 1.775540173471694 
217 1.2052560029274448 
218 2.838357423022109 
219 3.4183168308664635 
220 2.2475005255834604 
221 2.666792184646402 
222 3.7984789662456744 
223 3.7298468499990003 
224 3.8969993569749075 
225 3.6291778401578343 
226 2.3061023402939647 
227 2.851613403851209 
228 2.95199162397096 
229 3.43482509258368 
230 2.906144537936161 
231 3.1761732822298896 
232 2.9739293690381094 
233 4.331091916958745 
234 2.6694133235785835 
235 3.7997409095536288 
236 3.477566792395512 
237 2.6116190630122045 
238 2.2293906792897102 
239 3.373360985718906 
240 1.809443060847752 
241 2.421286962599842 
242 1.809443060847752 
243 2.421286962599842 
244 1.377653822329792 
245 4.211692332936728 
246 5.023099304943542 
247 2.2254437427573115 
248 1.0619961174395622 
249 1.3988290128424838 
250 3.6868885749384877 
251 2.418884918379464 
252 3.345827591343369 
253 4.241190856924807 
254 2.3225257421610155 
255 2.814071209080649 
256 2.3833794281625327 
257 2.8269581292354387 
258 2.906850223508214 
259 2.518601691008138 
260 2.032460914707527 
261 1.6526944738071079 
262 1.7927258183246575 
263 1.9646579541482598 
264 3.2786024098924127 
265 3.039681451408885 
266 2.7353351101605607 
267 2.334568518482109 
268 3.5587341094199734 
269 1.3092164840870497 
270 4.777385891954569 
271 1.9459571122537296 
272 1.5229315947453546 
273 3.5225922928461 
274 3.9615887877233877 
275 3.2275880687459195 
276 4.360343671598425 
277 2.7571016450642 
278 2.847837986460557 
279 3.4099292280166766 
280 3.395334317950561 
281 2.2613580112306444 
282 1.9107849251320308 
283 2.4127907726118694 
284 2.482917374667217 
285 1.5732676316263374 
286 3.0323237675622297 
287 2.765589552923369 
288 3.1644929654569505 
289 3.4414731635688844 
290 2.7539402009668943 
291 1.8446280866833502 
292 3.771135218025195 
293 3.1951131335798397 
294 2.404537560888639 
295 2.1813785260902248 
296 4.698030035564698 
297 2.45930832069587 
298 1.9809823061321241 
299 2.8111584940047143 
300 1.4614118233469229 
301 1.7519591902172744 
302 1.028078702655232 
303 2.4318017638803027 
304 3.441316861973264 
305 4.352316080233966 
306 2.6149741490259077 
307 4.031265409055774 
308 1.938668021271141 
309 3.2020646063137757 
310 2.3129098842012015 
311 1.6964474494446453 
312 4.770102769409192 
313 2.6388646998539933 
314 3.1020673819190474 
315 2.553675886935002 
316 1.7878556930948435 
317 4.283377394051243 
318 1.490501149546357 
319 2.1303686629158722 
320 4.331654592516382 
321 2.7505549586980584 
322 2.745773948045001 
323 1.9625507031736198 
324 2.534942299642532 
325 1.120516155084998 
326 3.45625130889314 
327 2.0037977607340727 
328 2.904556157922305 
329 1.4337703858200972 
330 3.313992227049237 
331 3.1858288175904277 
332 3.9115457182572926 
333 4.137635984864372 
334 2.700076698751899 
335 2.0023854372256364 
336 2.6231564314735882 
337 2.1567650124001707 
338 2.913497139454116 
339 1.601260996141943 
340 2.213021638080358 
341 2.9199347397957887 
342 4.247958356315255 
343 3.1038615828317004 
344 1.8659287446475366 
345 2.552884000591642 
346 3.6911178682171557 
347 3.8564142569427036 
348 3.3936124278107345 
349 2.820849184304034 
