0 0.0 
1 0.0 
2 0.0 
3 0.0 
4 0.0 
5 0.0 
6 0.0 
7 0.0 
8 0.0 
9 0.0 
10 0.0 
11 0.0 
12 0.0 
13 0.0 
14 0.0 
15 0.0 
16 0.0 
17 0.0 
18 0.0 
19 0.0 
20 0.0 
21 0.0 
22 0.0 
23 0.0 
24 0.0 
25 0.0 
26 0.0 
27 0.0 
28 0.0 
29 0.0 
30 0.0 
31 0.0 
32 0.0 
33 0.0 
34 0.0 
35 0.0 
36 0.0 
37 0.0 
38 0.0 
39 0.0 
40 0.0 
41 0.0 
42 0.0 
43 0.0 
44 0.0 
45 0.0 
46 0.0 
47 0.0 
48 0.0 
49 0.0 
50 0.0 
51 0.0 
52 0.0 
53 0.0 
54 0.0 
55 0.0 
56 0.0 
57 0.0 
58 0.0 
59 0.0 
60 0.0 
61 0.0 
62 0.0 
63 0.0 
64 0.0 
65 0.0 
66 0.0 
67 0.0 
68 0.0 
69 0.0 
70 0.0 
71 0.0 
72 0.0 
73 0.0 
74 0.0 
75 0.0 
76 0.0 
77 0.0 
78 0.0 
79 0.0 
80 0.0 
81 0.0 
82 0.0 
83 0.0 
84 0.0 
85 0.0 
86 0.0 
87 0.0 
88 0.0 
89 0.0 
90 0.0 
91 0.0 
92 0.0 
93 0.0 
94 0.0 
95 0.0 
96 0.0 
97 0.0 
98 0.0 
99 0.0 
100 0.0 
101 0.0 
102 0.0 
103 0.0 
104 0.0 
105 0.0 
106 0.0 
107 0.0 
108 0.0 
109 0.0 
110 0.0 
111 0.0 
112 0.0 
113 0.0 
114 0.0 
115 0.0 
116 0.0 
117 0.0 
118 0.0 
119 0.0 
120 0.0 
121 0.0 
122 0.0 
123 0.0 
124 0.0 
125 0.0 
126 0.0 
127 0.0 
128 0.0 
129 0.0 
130 0.0 
131 0.0 
132 0.0 
133 0.0 
134 0.0 
135 0.0 
136 0.0 
137 0.0 
138 0.0 
139 0.0 
140 0.0 
141 0.0 
142 0.0 
143 0.0 
144 0.0 
145 0.0 
146 0.0 
147 0.0 
148 0.0 
149 0.0 
150 0.0 
151 0.0 
152 0.0 
153 0.0 
154 0.0 
155 0.0 
156 0.0 
157 0.0 
158 0.0 
159 0.0 
160 0.0 
161 0.0 
162 0.0 
163 0.0 
164 20.0 
165 0.0 
166 20.0 
167 0.0 
168 20.0 
169 0.0 
170 20.0 
171 0.0 
172 20.0 
173 0.0 
174 20.0 
175 0.0 
176 20.0 
177 0.0 
178 20.0 
179 0.0 
180 20.0 
181 20.0 
182 20.0 
183 20.0 
184 20.0 
185 20.0 
186 20.0 
187 20.0 
188 20.0 
189 20.0 
190 20.0 
191 20.0 
192 20.0 
193 40.0 
194 20.0 
195 60.0 
196 20.0 
197 60.0 
198 20.0 
199 60.0 
200 20.0 
201 60.0 
202 20.0 
203 60.0 
204 20.0 
205 60.0 
206 40.0 
207 60.0 
208 40.0 
209 60.0 
210 40.0 
211 60.0 
212 40.0 
213 60.0 
214 40.0 
215 60.0 
216 40.0 
217 60.0 
218 40.0 
219 60.0 
220 20.0 
221 60.0 
222 20.0 
223 60.0 
224 20.0 
225 60.0 
226 20.0 
227 60.0 
228 40.0 
229 60.0 
230 40.0 
231 60.0 
232 40.0 
233 60.0 
234 40.0 
235 60.0 
236 40.0 
237 60.0 
238 40.0 
239 60.0 
240 40.0 
241 60.0 
242 40.0 
243 60.0 
244 40.0 
245 60.0 
246 40.0 
247 60.0 
248 40.0 
249 60.0 
250 40.0 
251 60.0 
252 40.0 
253 60.0 
254 40.0 
255 60.0 
256 60.0 
257 60.0 
258 60.0 
259 60.0 
260 60.0 
261 60.0 
262 60.0 
263 60.0 
264 40.0 
265 60.0 
266 60.0 
267 60.0 
268 60.0 
269 60.0 
270 60.0 
271 60.0 
272 60.0 
273 60.0 
274 60.0 
275 60.0 
276 60.0 
277 60.0 
278 60.0 
279 60.0 
280 60.0 
281 60.0 
282 60.0 
283 60.0 
284 60.0 
285 60.0 
286 60.0 
287 60.0 
288 60.0 
289 60.0 
290 60.0 
291 60.0 
292 60.0 
293 60.0 
294 60.0 
295 60.0 
296 60.0 
297 60.0 
298 60.0 
299 60.0 
300 60.0 
301 60.0 
302 60.0 
303 60.0 
304 60.0 
305 60.0 
306 60.0 
307 60.0 
308 60.0 
309 60.0 
310 60.0 
311 60.0 
312 60.0 
313 60.0 
314 60.0 
315 60.0 
316 60.0 
317 60.0 
318 60.0 
319 60.0 
320 60.0 
321 60.0 
322 60.0 
323 60.0 
324 60.0 
325 60.0 
326 60.0 
327 60.0 
328 60.0 
329 60.0 
330 60.0 
331 60.0 
332 60.0 
333 60.0 
334 60.0 
335 60.0 
336 60.0 
337 60.0 
338 60.0 
339 60.0 
340 60.0 
341 60.0 
342 60.0 
343 60.0 
344 60.0 
345 60.0 
346 60.0 
347 60.0 
348 60.0 
349 60.0 
350 60.0 
351 60.0 
352 60.0 
353 60.0 
354 60.0 
355 60.0 
356 60.0 
357 60.0 
358 60.0 
359 60.0 
360 60.0 
361 60.0 
362 60.0 
363 60.0 
364 60.0 
365 60.0 
366 60.0 
367 60.0 
368 60.0 
369 60.0 
370 60.0 
371 60.0 
372 60.0 
373 60.0 
374 60.0 
375 60.0 
376 60.0 
377 60.0 
378 60.0 
379 60.0 
380 60.0 
381 60.0 
382 60.0 
383 60.0 
384 60.0 
385 60.0 
386 60.0 
387 60.0 
388 60.0 
389 60.0 
390 60.0 
391 60.0 
392 60.0 
393 60.0 
394 60.0 
395 60.0 
396 60.0 
397 60.0 
398 60.0 
399 60.0 
400 60.0 
401 60.0 
402 60.0 
403 60.0 
404 60.0 
405 60.0 
406 60.0 
407 60.0 
408 60.0 
409 60.0 
410 60.0 
411 60.0 
412 60.0 
413 60.0 
414 60.0 
415 60.0 
416 60.0 
417 60.0 
418 60.0 
419 60.0 
420 60.0 
421 60.0 
422 60.0 
423 60.0 
424 60.0 
425 60.0 
426 60.0 
427 60.0 
428 60.0 
429 60.0 
430 60.0 
431 60.0 
432 60.0 
433 60.0 
434 60.0 
435 60.0 
436 60.0 
437 60.0 
438 60.0 
439 60.0 
440 60.0 
441 60.0 
442 60.0 
443 60.0 
444 60.0 
445 60.0 
446 60.0 
447 60.0 
448 60.0 
449 60.0 
450 60.0 
451 60.0 
452 60.0 
453 60.0 
454 60.0 
455 60.0 
456 60.0 
457 60.0 
458 60.0 
459 60.0 
460 60.0 
461 60.0 
462 60.0 
463 60.0 
464 60.0 
465 60.0 
466 60.0 
467 60.0 
468 60.0 
469 60.0 
470 60.0 
471 60.0 
472 60.0 
473 60.0 
474 60.0 
475 60.0 
476 60.0 
477 60.0 
478 60.0 
479 60.0 
480 60.0 
481 60.0 
482 60.0 
483 60.0 
484 60.0 
485 60.0 
486 60.0 
487 60.0 
488 60.0 
489 60.0 
490 60.0 
491 60.0 
492 60.0 
493 60.0 
494 60.0 
495 60.0 
496 60.0 
497 60.0 
498 60.0 
499 60.0 
500 60.0 
501 60.0 
502 60.0 
503 60.0 
504 60.0 
505 60.0 
506 60.0 
507 60.0 
508 60.0 
509 60.0 
510 60.0 
511 60.0 
512 60.0 
513 60.0 
514 60.0 
515 60.0 
516 60.0 
517 60.0 
518 60.0 
519 60.0 
520 60.0 
521 60.0 
522 60.0 
523 60.0 
524 60.0 
525 60.0 
526 60.0 
527 60.0 
528 60.0 
529 60.0 
530 60.0 
531 60.0 
532 60.0 
533 60.0 
534 60.0 
535 60.0 
536 60.0 
537 60.0 
538 60.0 
539 60.0 
540 60.0 
541 60.0 
542 60.0 
543 60.0 
544 60.0 
545 60.0 
546 60.0 
547 60.0 
548 60.0 
549 60.0 
550 60.0 
551 60.0 
552 60.0 
553 60.0 
554 60.0 
555 60.0 
556 60.0 
557 60.0 
558 60.0 
559 60.0 
560 60.0 
561 60.0 
562 60.0 
563 60.0 
564 60.0 
565 60.0 
566 60.0 
567 60.0 
568 60.0 
569 60.0 
570 60.0 
571 60.0 
572 60.0 
573 60.0 
574 60.0 
575 60.0 
576 60.0 
577 60.0 
578 60.0 
579 60.0 
580 60.0 
581 60.0 
582 60.0 
583 60.0 
584 60.0 
585 60.0 
586 60.0 
587 60.0 
588 60.0 
589 60.0 
590 60.0 
591 60.0 
592 60.0 
593 60.0 
594 60.0 
595 60.0 
596 60.0 
597 60.0 
598 60.0 
599 60.0 
600 60.0 
601 60.0 
602 60.0 
603 60.0 
604 60.0 
605 60.0 
606 60.0 
607 60.0 
608 60.0 
609 60.0 
610 60.0 
611 60.0 
612 60.0 
613 60.0 
614 60.0 
615 60.0 
616 60.0 
617 60.0 
618 60.0 
619 60.0 
620 60.0 
621 60.0 
622 60.0 
623 60.0 
624 60.0 
625 60.0 
626 60.0 
627 60.0 
628 60.0 
629 60.0 
630 60.0 
631 60.0 
632 60.0 
633 60.0 
634 60.0 
635 60.0 
636 60.0 
637 60.0 
638 60.0 
639 60.0 
640 60.0 
641 60.0 
642 60.0 
643 60.0 
644 60.0 
645 60.0 
646 60.0 
647 60.0 
648 60.0 
649 60.0 
650 60.0 
651 60.0 
652 60.0 
653 60.0 
654 60.0 
655 60.0 
656 60.0 
657 60.0 
658 60.0 
659 60.0 
660 60.0 
661 60.0 
662 60.0 
663 60.0 
664 60.0 
665 60.0 
666 60.0 
667 60.0 
668 60.0 
669 60.0 
670 60.0 
671 60.0 
672 60.0 
673 60.0 
674 60.0 
675 60.0 
676 60.0 
677 60.0 
678 60.0 
679 60.0 
680 60.0 
681 60.0 
682 60.0 
683 60.0 
684 60.0 
685 60.0 
686 60.0 
687 60.0 
688 60.0 
689 60.0 
690 60.0 
691 60.0 
692 60.0 
693 60.0 
694 60.0 
695 60.0 
696 60.0 
697 60.0 
698 60.0 
699 60.0 
700 60.0 
701 60.0 
702 60.0 
703 60.0 
704 60.0 
705 60.0 
706 60.0 
707 60.0 
708 60.0 
709 60.0 
710 60.0 
711 60.0 
712 60.0 
713 60.0 
714 60.0 
715 60.0 
716 60.0 
717 60.0 
718 60.0 
719 60.0 
720 60.0 
721 60.0 
722 60.0 
723 60.0 
724 60.0 
725 60.0 
726 60.0 
727 60.0 
728 60.0 
729 60.0 
730 60.0 
731 60.0 
732 60.0 
733 60.0 
734 60.0 
735 60.0 
736 60.0 
737 60.0 
738 60.0 
739 60.0 
740 60.0 
741 60.0 
742 60.0 
743 60.0 
744 60.0 
745 60.0 
746 60.0 
747 60.0 
748 60.0 
749 60.0 
750 60.0 
751 60.0 
752 60.0 
753 60.0 
754 60.0 
755 60.0 
756 60.0 
757 60.0 
758 60.0 
759 60.0 
760 60.0 
761 60.0 
762 60.0 
763 60.0 
764 60.0 
765 60.0 
766 60.0 
767 60.0 
768 60.0 
769 60.0 
770 60.0 
771 60.0 
772 60.0 
773 60.0 
774 60.0 
775 60.0 
776 60.0 
777 60.0 
778 60.0 
779 60.0 
780 60.0 
781 60.0 
782 60.0 
783 60.0 
784 60.0 
785 60.0 
786 60.0 
787 60.0 
788 60.0 
789 60.0 
790 60.0 
791 60.0 
792 60.0 
793 60.0 
794 60.0 
795 60.0 
796 60.0 
797 60.0 
798 60.0 
799 60.0 
800 60.0 
801 60.0 
802 60.0 
803 60.0 
804 60.0 
805 60.0 
806 60.0 
807 60.0 
808 60.0 
809 60.0 
810 60.0 
811 60.0 
812 60.0 
813 60.0 
814 60.0 
815 60.0 
816 60.0 
817 60.0 
818 60.0 
819 60.0 
820 60.0 
821 60.0 
822 60.0 
823 60.0 
824 60.0 
825 60.0 
826 60.0 
827 60.0 
828 60.0 
829 60.0 
830 60.0 
831 60.0 
832 60.0 
833 60.0 
834 60.0 
835 60.0 
836 60.0 
837 60.0 
838 60.0 
839 60.0 
840 60.0 
841 60.0 
842 60.0 
843 60.0 
844 60.0 
845 60.0 
846 60.0 
847 60.0 
848 60.0 
849 60.0 
850 60.0 
851 60.0 
852 60.0 
853 60.0 
854 60.0 
855 60.0 
856 60.0 
857 60.0 
858 60.0 
859 60.0 
860 60.0 
861 60.0 
862 60.0 
863 60.0 
864 60.0 
865 60.0 
866 60.0 
867 60.0 
868 60.0 
869 60.0 
870 60.0 
871 60.0 
872 60.0 
873 60.0 
874 60.0 
875 60.0 
876 60.0 
877 60.0 
878 60.0 
879 60.0 
880 60.0 
881 60.0 
882 60.0 
883 60.0 
884 60.0 
885 60.0 
886 60.0 
887 60.0 
888 60.0 
889 60.0 
890 60.0 
891 60.0 
892 60.0 
893 60.0 
894 60.0 
895 60.0 
896 60.0 
897 60.0 
898 60.0 
899 60.0 
900 60.0 
901 60.0 
902 60.0 
903 60.0 
904 60.0 
905 60.0 
906 60.0 
907 60.0 
908 60.0 
909 60.0 
910 60.0 
911 60.0 
912 60.0 
913 60.0 
914 60.0 
915 60.0 
916 60.0 
917 60.0 
918 60.0 
919 60.0 
920 60.0 
921 60.0 
922 60.0 
923 60.0 
924 60.0 
925 60.0 
926 60.0 
927 60.0 
928 60.0 
929 60.0 
930 60.0 
931 60.0 
932 60.0 
933 60.0 
934 60.0 
935 60.0 
936 60.0 
937 60.0 
938 60.0 
939 60.0 
940 60.0 
941 60.0 
942 60.0 
943 60.0 
944 60.0 
945 60.0 
946 60.0 
947 60.0 
948 60.0 
949 60.0 
950 60.0 
951 60.0 
952 60.0 
953 60.0 
954 60.0 
955 60.0 
956 60.0 
957 60.0 
958 60.0 
959 60.0 
960 60.0 
961 60.0 
962 60.0 
963 60.0 
964 60.0 
965 60.0 
966 60.0 
967 60.0 
968 60.0 
969 60.0 
970 60.0 
971 60.0 
972 60.0 
973 60.0 
974 60.0 
975 60.0 
976 60.0 
977 60.0 
978 60.0 
979 60.0 
980 60.0 
981 60.0 
982 60.0 
983 60.0 
984 60.0 
985 60.0 
986 60.0 
987 60.0 
988 60.0 
989 60.0 
990 60.0 
991 60.0 
992 60.0 
993 60.0 
994 60.0 
995 60.0 
996 60.0 
997 60.0 
998 60.0 
999 60.0 
1000 60.0 
1001 60.0 
1002 60.0 
1003 60.0 
1004 60.0 
1005 60.0 
1006 60.0 
1007 60.0 
1008 60.0 
1009 60.0 
1010 60.0 
1011 60.0 
1012 60.0 
1013 60.0 
1014 60.0 
1015 60.0 
1016 60.0 
1017 60.0 
1018 60.0 
1019 60.0 
1020 60.0 
1021 60.0 
1022 60.0 
1023 60.0 
1024 60.0 
1025 60.0 
1026 60.0 
1027 60.0 
1028 60.0 
1029 60.0 
1030 60.0 
1031 60.0 
1032 60.0 
1033 60.0 
1034 60.0 
1035 60.0 
1036 60.0 
1037 60.0 
1038 60.0 
1039 60.0 
1040 60.0 
1041 60.0 
1042 60.0 
1043 60.0 
1044 60.0 
1045 60.0 
1046 60.0 
1047 60.0 
1048 60.0 
1049 60.0 
1050 60.0 
1051 60.0 
1052 60.0 
1053 60.0 
1054 60.0 
1055 60.0 
1056 60.0 
1057 60.0 
1058 60.0 
1059 60.0 
1060 60.0 
1061 60.0 
1062 60.0 
1063 60.0 
1064 60.0 
1065 60.0 
1066 60.0 
1067 60.0 
1068 60.0 
1069 60.0 
1070 60.0 
1071 60.0 
1072 60.0 
1073 60.0 
1074 60.0 
1075 60.0 
1076 60.0 
1077 60.0 
1078 60.0 
1079 60.0 
1080 60.0 
1081 60.0 
1082 60.0 
1083 60.0 
1084 60.0 
1085 60.0 
1086 60.0 
1087 60.0 
1088 60.0 
1089 60.0 
1090 60.0 
1091 60.0 
1092 60.0 
1093 60.0 
1094 60.0 
1095 60.0 
1096 60.0 
1097 60.0 
1098 60.0 
1099 60.0 
1100 60.0 
1101 60.0 
1102 60.0 
1103 60.0 
1104 60.0 
1105 60.0 
1106 60.0 
1107 60.0 
1108 60.0 
1109 60.0 
1110 60.0 
1111 60.0 
1112 60.0 
1113 60.0 
1114 60.0 
1115 60.0 
1116 60.0 
1117 60.0 
1118 60.0 
1119 60.0 
1120 60.0 
1121 60.0 
1122 60.0 
1123 60.0 
1124 60.0 
1125 60.0 
1126 60.0 
1127 60.0 
1128 60.0 
1129 60.0 
1130 60.0 
1131 60.0 
1132 60.0 
1133 60.0 
1134 60.0 
1135 60.0 
1136 60.0 
1137 60.0 
1138 60.0 
1139 60.0 
1140 60.0 
1141 60.0 
1142 60.0 
1143 60.0 
1144 60.0 
1145 60.0 
1146 60.0 
1147 60.0 
1148 60.0 
1149 60.0 
1150 60.0 
1151 60.0 
1152 60.0 
1153 60.0 
1154 60.0 
1155 60.0 
1156 60.0 
1157 60.0 
1158 60.0 
1159 60.0 
1160 60.0 
1161 60.0 
1162 60.0 
1163 60.0 
1164 60.0 
1165 60.0 
1166 60.0 
1167 60.0 
1168 60.0 
1169 60.0 
1170 60.0 
1171 60.0 
1172 60.0 
1173 60.0 
1174 60.0 
1175 60.0 
1176 60.0 
1177 60.0 
1178 60.0 
1179 60.0 
1180 60.0 
1181 60.0 
1182 60.0 
1183 60.0 
1184 60.0 
1185 60.0 
1186 60.0 
1187 60.0 
1188 60.0 
1189 60.0 
1190 60.0 
1191 60.0 
1192 60.0 
1193 60.0 
1194 60.0 
1195 60.0 
1196 60.0 
1197 60.0 
1198 60.0 
1199 60.0 
1200 60.0 
1201 60.0 
1202 60.0 
1203 60.0 
1204 60.0 
1205 60.0 
1206 60.0 
1207 60.0 
1208 60.0 
1209 60.0 
1210 60.0 
1211 60.0 
1212 60.0 
1213 60.0 
1214 60.0 
1215 60.0 
1216 60.0 
1217 60.0 
1218 60.0 
1219 60.0 
1220 60.0 
1221 60.0 
1222 60.0 
1223 60.0 
1224 60.0 
1225 60.0 
1226 60.0 
1227 60.0 
1228 60.0 
1229 60.0 
1230 60.0 
1231 60.0 
1232 60.0 
1233 60.0 
1234 60.0 
1235 60.0 
1236 60.0 
1237 60.0 
1238 60.0 
1239 60.0 
1240 60.0 
1241 60.0 
1242 60.0 
1243 60.0 
1244 60.0 
1245 60.0 
1246 60.0 
1247 60.0 
1248 60.0 
1249 60.0 
1250 60.0 
1251 60.0 
1252 60.0 
1253 60.0 
1254 60.0 
1255 60.0 
1256 60.0 
1257 60.0 
1258 60.0 
1259 60.0 
1260 60.0 
1261 60.0 
1262 60.0 
1263 60.0 
1264 60.0 
1265 60.0 
1266 60.0 
1267 60.0 
1268 60.0 
1269 60.0 
1270 60.0 
1271 60.0 
1272 60.0 
1273 60.0 
1274 60.0 
1275 60.0 
1276 60.0 
1277 60.0 
1278 60.0 
1279 60.0 
1280 60.0 
1281 60.0 
1282 60.0 
1283 60.0 
1284 60.0 
1285 60.0 
1286 60.0 
1287 60.0 
1288 60.0 
1289 60.0 
1290 60.0 
1291 60.0 
1292 60.0 
1293 60.0 
1294 60.0 
1295 60.0 
1296 60.0 
1297 60.0 
1298 60.0 
1299 60.0 
1300 60.0 
1301 60.0 
1302 60.0 
1303 60.0 
1304 60.0 
1305 60.0 
1306 60.0 
1307 60.0 
1308 60.0 
1309 60.0 
1310 60.0 
1311 60.0 
1312 60.0 
1313 60.0 
1314 60.0 
1315 60.0 
1316 60.0 
1317 60.0 
1318 60.0 
1319 60.0 
1320 60.0 
1321 60.0 
1322 60.0 
1323 60.0 
1324 60.0 
1325 60.0 
1326 60.0 
1327 60.0 
1328 60.0 
1329 60.0 
1330 60.0 
1331 60.0 
1332 60.0 
1333 60.0 
1334 60.0 
1335 60.0 
1336 60.0 
1337 60.0 
1338 60.0 
1339 60.0 
1340 60.0 
1341 60.0 
1342 60.0 
1343 60.0 
1344 60.0 
1345 60.0 
1346 60.0 
1347 60.0 
1348 60.0 
1349 60.0 
1350 60.0 
1351 60.0 
1352 60.0 
1353 60.0 
1354 60.0 
1355 60.0 
1356 60.0 
1357 60.0 
1358 60.0 
1359 60.0 
1360 60.0 
1361 60.0 
1362 60.0 
1363 60.0 
1364 60.0 
1365 60.0 
1366 60.0 
1367 60.0 
1368 60.0 
1369 60.0 
1370 60.0 
1371 60.0 
1372 60.0 
1373 60.0 
1374 60.0 
1375 60.0 
1376 60.0 
1377 60.0 
1378 60.0 
1379 60.0 
1380 60.0 
1381 60.0 
1382 60.0 
1383 60.0 
1384 60.0 
1385 60.0 
1386 60.0 
1387 60.0 
1388 60.0 
1389 60.0 
1390 60.0 
1391 60.0 
1392 60.0 
1393 60.0 
1394 60.0 
1395 60.0 
1396 60.0 
1397 60.0 
1398 60.0 
1399 60.0 
1400 60.0 
1401 60.0 
1402 60.0 
1403 60.0 
1404 60.0 
1405 60.0 
1406 60.0 
1407 60.0 
1408 60.0 
1409 60.0 
1410 60.0 
1411 60.0 
1412 60.0 
1413 60.0 
1414 60.0 
1415 60.0 
1416 60.0 
1417 60.0 
1418 60.0 
1419 60.0 
1420 60.0 
1421 60.0 
1422 60.0 
1423 60.0 
1424 60.0 
1425 60.0 
1426 60.0 
1427 60.0 
1428 60.0 
1429 60.0 
1430 60.0 
1431 60.0 
1432 60.0 
1433 60.0 
1434 60.0 
1435 60.0 
1436 60.0 
1437 60.0 
1438 60.0 
1439 60.0 
1440 60.0 
1441 60.0 
1442 60.0 
1443 60.0 
1444 60.0 
1445 60.0 
1446 60.0 
1447 60.0 
1448 60.0 
1449 60.0 
1450 60.0 
1451 60.0 
1452 60.0 
1453 60.0 
1454 60.0 
1455 60.0 
1456 60.0 
1457 60.0 
1458 60.0 
1459 60.0 
1460 60.0 
1461 60.0 
1462 60.0 
1463 60.0 
1464 60.0 
1465 60.0 
1466 60.0 
1467 60.0 
1468 60.0 
1469 60.0 
1470 60.0 
1471 60.0 
1472 60.0 
1473 60.0 
1474 60.0 
1475 60.0 
1476 60.0 
1477 60.0 
1478 60.0 
1479 60.0 
1480 60.0 
1481 60.0 
1482 60.0 
1483 60.0 
1484 60.0 
1485 60.0 
1486 60.0 
1487 60.0 
1488 60.0 
1489 60.0 
1490 60.0 
1491 60.0 
1492 60.0 
1493 60.0 
1494 60.0 
1495 60.0 
1496 60.0 
1497 60.0 
1498 60.0 
1499 60.0 
1500 60.0 
1501 60.0 
1502 60.0 
1503 60.0 
1504 60.0 
1505 60.0 
1506 60.0 
1507 60.0 
1508 60.0 
1509 60.0 
1510 60.0 
1511 60.0 
1512 60.0 
1513 60.0 
1514 60.0 
1515 60.0 
1516 60.0 
1517 60.0 
1518 60.0 
1519 60.0 
1520 60.0 
1521 60.0 
1522 60.0 
1523 60.0 
1524 60.0 
1525 60.0 
1526 60.0 
1527 60.0 
1528 60.0 
1529 60.0 
1530 60.0 
1531 60.0 
1532 60.0 
1533 60.0 
1534 60.0 
1535 60.0 
1536 60.0 
1537 60.0 
1538 60.0 
1539 60.0 
1540 60.0 
1541 60.0 
1542 60.0 
1543 60.0 
1544 60.0 
1545 60.0 
1546 60.0 
1547 60.0 
1548 60.0 
1549 60.0 
1550 60.0 
1551 60.0 
1552 60.0 
1553 60.0 
1554 60.0 
1555 60.0 
1556 60.0 
1557 60.0 
1558 60.0 
1559 60.0 
1560 60.0 
1561 60.0 
1562 60.0 
1563 60.0 
1564 60.0 
1565 60.0 
1566 60.0 
1567 60.0 
1568 60.0 
1569 60.0 
1570 60.0 
1571 60.0 
1572 60.0 
1573 60.0 
1574 60.0 
1575 60.0 
1576 60.0 
1577 60.0 
1578 60.0 
1579 60.0 
1580 60.0 
1581 60.0 
1582 60.0 
1583 60.0 
1584 60.0 
1585 60.0 
1586 60.0 
1587 60.0 
1588 60.0 
1589 60.0 
1590 60.0 
1591 60.0 
1592 60.0 
1593 60.0 
1594 60.0 
1595 60.0 
1596 60.0 
1597 60.0 
1598 60.0 
1599 60.0 
1600 60.0 
1601 60.0 
1602 60.0 
1603 60.0 
1604 60.0 
1605 60.0 
1606 60.0 
1607 60.0 
1608 60.0 
1609 60.0 
1610 60.0 
1611 60.0 
1612 60.0 
1613 60.0 
1614 60.0 
1615 60.0 
1616 60.0 
1617 60.0 
1618 60.0 
1619 60.0 
1620 60.0 
1621 60.0 
1622 60.0 
1623 60.0 
1624 60.0 
1625 60.0 
1626 60.0 
1627 60.0 
1628 60.0 
1629 60.0 
1630 60.0 
1631 60.0 
1632 60.0 
1633 60.0 
1634 60.0 
1635 60.0 
1636 60.0 
1637 60.0 
1638 60.0 
1639 60.0 
1640 60.0 
1641 60.0 
1642 60.0 
1643 60.0 
1644 60.0 
1645 60.0 
1646 60.0 
1647 60.0 
1648 60.0 
1649 60.0 
1650 60.0 
1651 60.0 
1652 60.0 
1653 60.0 
1654 60.0 
1655 60.0 
1656 60.0 
1657 60.0 
1658 60.0 
1659 60.0 
1660 60.0 
1661 60.0 
1662 60.0 
1663 60.0 
1664 60.0 
1665 60.0 
1666 60.0 
1667 60.0 
1668 60.0 
1669 60.0 
1670 60.0 
1671 60.0 
1672 60.0 
1673 60.0 
1674 60.0 
1675 60.0 
1676 60.0 
1677 60.0 
1678 60.0 
1679 60.0 
1680 60.0 
1681 60.0 
1682 60.0 
1683 60.0 
1684 60.0 
1685 60.0 
1686 60.0 
1687 60.0 
1688 60.0 
1689 60.0 
1690 60.0 
1691 60.0 
1692 60.0 
1693 60.0 
1694 60.0 
1695 60.0 
1696 60.0 
1697 60.0 
1698 60.0 
1699 60.0 
1700 60.0 
1701 60.0 
1702 60.0 
1703 60.0 
1704 60.0 
1705 60.0 
1706 60.0 
1707 60.0 
1708 60.0 
1709 60.0 
1710 60.0 
1711 60.0 
1712 60.0 
1713 60.0 
1714 60.0 
1715 60.0 
1716 60.0 
1717 60.0 
1718 60.0 
1719 60.0 
1720 60.0 
1721 60.0 
1722 60.0 
1723 60.0 
1724 60.0 
1725 60.0 
1726 60.0 
1727 60.0 
1728 60.0 
1729 60.0 
1730 60.0 
1731 60.0 
1732 60.0 
1733 60.0 
1734 60.0 
1735 60.0 
1736 60.0 
1737 60.0 
1738 60.0 
1739 60.0 
1740 60.0 
1741 60.0 
1742 60.0 
1743 60.0 
1744 60.0 
1745 60.0 
1746 60.0 
1747 60.0 
1748 60.0 
1749 60.0 
1750 60.0 
1751 60.0 
1752 60.0 
1753 60.0 
1754 60.0 
1755 60.0 
1756 60.0 
1757 60.0 
1758 60.0 
1759 60.0 
1760 60.0 
1761 60.0 
1762 60.0 
1763 60.0 
1764 60.0 
1765 60.0 
1766 60.0 
1767 60.0 
1768 60.0 
1769 60.0 
1770 60.0 
1771 60.0 
1772 60.0 
1773 60.0 
1774 60.0 
1775 60.0 
1776 60.0 
1777 60.0 
1778 60.0 
1779 60.0 
1780 60.0 
1781 60.0 
1782 60.0 
1783 60.0 
1784 60.0 
1785 60.0 
1786 60.0 
1787 60.0 
1788 60.0 
1789 60.0 
1790 60.0 
1791 60.0 
1792 60.0 
1793 60.0 
1794 60.0 
1795 60.0 
1796 60.0 
1797 60.0 
1798 60.0 
1799 60.0 
1800 60.0 
1801 60.0 
1802 60.0 
1803 60.0 
1804 60.0 
1805 60.0 
1806 60.0 
1807 60.0 
1808 60.0 
1809 60.0 
1810 60.0 
1811 60.0 
1812 60.0 
1813 60.0 
1814 60.0 
1815 60.0 
1816 60.0 
1817 60.0 
1818 60.0 
1819 60.0 
1820 60.0 
1821 60.0 
1822 60.0 
1823 60.0 
1824 60.0 
1825 60.0 
1826 60.0 
1827 60.0 
1828 60.0 
1829 60.0 
1830 60.0 
1831 60.0 
1832 60.0 
1833 60.0 
1834 60.0 
1835 60.0 
1836 60.0 
1837 60.0 
1838 60.0 
1839 60.0 
1840 60.0 
1841 60.0 
1842 60.0 
1843 60.0 
1844 60.0 
1845 60.0 
1846 60.0 
1847 60.0 
1848 60.0 
1849 60.0 
1850 60.0 
1851 60.0 
1852 60.0 
1853 60.0 
1854 60.0 
1855 60.0 
1856 60.0 
1857 60.0 
1858 60.0 
1859 60.0 
1860 60.0 
1861 60.0 
1862 60.0 
1863 60.0 
1864 60.0 
1865 60.0 
1866 60.0 
1867 60.0 
1868 60.0 
1869 60.0 
1870 0.0 
1871 0.0 
1872 0.0 
1873 0.0 
1874 0.0 
1875 0.0 
1876 0.0 
1877 0.0 
1878 0.0 
1879 0.0 
1880 0.0 
1881 0.0 
1882 0.0 
1883 0.0 
1884 0.0 
1885 0.0 
1886 0.0 
1887 0.0 
1888 0.0 
1889 0.0 
1890 0.0 
1891 0.0 
1892 0.0 
1893 0.0 
1894 0.0 
1895 0.0 
1896 0.0 
1897 0.0 
1898 0.0 
1899 0.0 
1900 0.0 
1901 0.0 
1902 0.0 
1903 0.0 
1904 0.0 
1905 0.0 
1906 0.0 
1907 0.0 
1908 0.0 
1909 0.0 
1910 0.0 
1911 0.0 
1912 0.0 
1913 0.0 
1914 0.0 
1915 0.0 
1916 0.0 
1917 0.0 
1918 0.0 
1919 0.0 
1920 0.0 
1921 0.0 
1922 0.0 
1923 0.0 
1924 0.0 
1925 0.0 
1926 0.0 
1927 0.0 
1928 0.0 
1929 0.0 
1930 0.0 
1931 0.0 
1932 0.0 
1933 0.0 
1934 0.0 
1935 0.0 
1936 0.0 
1937 0.0 
1938 0.0 
1939 0.0 
1940 0.0 
1941 0.0 
1942 0.0 
1943 0.0 
1944 0.0 
1945 0.0 
1946 0.0 
1947 0.0 
1948 0.0 
1949 0.0 
1950 0.0 
1951 0.0 
1952 0.0 
1953 0.0 
1954 0.0 
1955 0.0 
1956 0.0 
1957 0.0 
1958 0.0 
1959 0.0 
1960 0.0 
1961 0.0 
1962 0.0 
1963 0.0 
1964 0.0 
1965 0.0 
1966 0.0 
1967 0.0 
1968 0.0 
1969 0.0 
1970 0.0 
1971 0.0 
1972 0.0 
1973 0.0 
1974 0.0 
1975 0.0 
1976 0.0 
1977 0.0 
1978 0.0 
1979 0.0 
1980 0.0 
1981 0.0 
1982 0.0 
1983 0.0 
1984 0.0 
1985 0.0 
1986 0.0 
1987 0.0 
1988 0.0 
1989 0.0 
1990 0.0 
1991 0.0 
1992 0.0 
1993 0.0 
1994 0.0 
1995 0.0 
1996 0.0 
1997 0.0 
1998 0.0 
1999 0.0 
2000 0.0 
2001 0.0 
2002 0.0 
2003 0.0 
2004 0.0 
2005 0.0 
2006 0.0 
2007 0.0 
2008 0.0 
2009 0.0 
2010 0.0 
2011 0.0 
2012 0.0 
2013 0.0 
2014 0.0 
2015 0.0 
2016 0.0 
2017 0.0 
2018 0.0 
2019 0.0 
2020 0.0 
2021 0.0 
2022 0.0 
2023 0.0 
2024 0.0 
2025 0.0 
2026 0.0 
2027 0.0 
2028 0.0 
2029 0.0 
2030 0.0 
2031 0.0 
2032 0.0 
2033 0.0 
2034 0.0 
2035 0.0 
2036 0.0 
2037 20.0 
2038 0.0 
2039 20.0 
2040 0.0 
2041 20.0 
2042 0.0 
2043 20.0 
2044 0.0 
2045 20.0 
2046 0.0 
2047 20.0 
2048 0.0 
2049 20.0 
2050 0.0 
2051 20.0 
2052 0.0 
2053 20.0 
2054 20.0 
2055 20.0 
2056 20.0 
2057 20.0 
2058 20.0 
2059 20.0 
2060 20.0 
2061 20.0 
2062 20.0 
2063 20.0 
2064 20.0 
2065 20.0 
2066 40.0 
2067 20.0 
2068 60.0 
2069 20.0 
2070 60.0 
2071 20.0 
2072 60.0 
2073 20.0 
2074 60.0 
2075 20.0 
2076 60.0 
2077 20.0 
2078 60.0 
2079 40.0 
2080 60.0 
2081 40.0 
2082 60.0 
2083 40.0 
2084 60.0 
2085 40.0 
2086 60.0 
2087 40.0 
2088 60.0 
2089 40.0 
2090 60.0 
2091 40.0 
2092 60.0 
2093 20.0 
2094 60.0 
2095 20.0 
2096 60.0 
2097 20.0 
2098 60.0 
2099 20.0 
2100 60.0 
2101 40.0 
2102 60.0 
2103 40.0 
2104 60.0 
2105 40.0 
2106 60.0 
2107 40.0 
2108 60.0 
2109 40.0 
2110 60.0 
2111 40.0 
2112 60.0 
2113 40.0 
2114 60.0 
2115 40.0 
2116 60.0 
2117 40.0 
2118 60.0 
2119 40.0 
2120 60.0 
2121 40.0 
2122 60.0 
2123 40.0 
2124 60.0 
2125 40.0 
2126 60.0 
2127 40.0 
2128 60.0 
2129 60.0 
2130 60.0 
2131 60.0 
2132 60.0 
2133 60.0 
2134 60.0 
2135 60.0 
2136 60.0 
2137 40.0 
2138 60.0 
2139 60.0 
2140 60.0 
2141 60.0 
2142 60.0 
2143 60.0 
2144 60.0 
2145 60.0 
2146 60.0 
2147 60.0 
2148 60.0 
2149 60.0 
2150 60.0 
2151 60.0 
2152 60.0 
2153 60.0 
2154 60.0 
2155 60.0 
2156 60.0 
2157 60.0 
2158 60.0 
2159 60.0 
2160 60.0 
2161 60.0 
2162 60.0 
2163 60.0 
2164 60.0 
2165 60.0 
2166 60.0 
2167 60.0 
2168 60.0 
2169 60.0 
2170 60.0 
2171 60.0 
2172 60.0 
2173 60.0 
2174 60.0 
2175 60.0 
2176 60.0 
2177 60.0 
2178 60.0 
2179 60.0 
2180 60.0 
2181 60.0 
2182 60.0 
2183 60.0 
2184 60.0 
2185 60.0 
2186 60.0 
2187 60.0 
2188 60.0 
2189 60.0 
2190 60.0 
2191 60.0 
2192 60.0 
2193 60.0 
2194 60.0 
2195 60.0 
2196 60.0 
2197 60.0 
2198 60.0 
2199 60.0 
2200 60.0 
2201 60.0 
2202 60.0 
2203 60.0 
2204 60.0 
2205 60.0 
2206 60.0 
2207 60.0 
2208 60.0 
2209 60.0 
2210 60.0 
2211 60.0 
2212 60.0 
2213 60.0 
2214 60.0 
2215 60.0 
2216 60.0 
2217 60.0 
2218 60.0 
2219 60.0 
2220 60.0 
2221 60.0 
2222 60.0 
2223 60.0 
2224 60.0 
2225 60.0 
2226 60.0 
2227 60.0 
2228 60.0 
2229 60.0 
2230 60.0 
2231 60.0 
2232 60.0 
2233 60.0 
2234 60.0 
2235 60.0 
2236 60.0 
2237 60.0 
2238 60.0 
2239 60.0 
2240 60.0 
2241 60.0 
2242 60.0 
2243 60.0 
2244 60.0 
2245 60.0 
2246 60.0 
2247 60.0 
2248 60.0 
2249 60.0 
2250 60.0 
2251 60.0 
2252 60.0 
2253 60.0 
2254 60.0 
2255 60.0 
2256 60.0 
2257 60.0 
2258 60.0 
2259 60.0 
2260 60.0 
2261 60.0 
2262 60.0 
2263 60.0 
2264 60.0 
2265 60.0 
2266 60.0 
2267 60.0 
2268 60.0 
2269 60.0 
2270 60.0 
2271 60.0 
2272 60.0 
2273 60.0 
2274 60.0 
2275 60.0 
2276 60.0 
2277 60.0 
2278 60.0 
2279 60.0 
2280 60.0 
2281 60.0 
2282 60.0 
2283 60.0 
2284 60.0 
2285 60.0 
2286 60.0 
2287 60.0 
2288 60.0 
2289 60.0 
2290 60.0 
2291 60.0 
2292 60.0 
2293 60.0 
2294 60.0 
2295 60.0 
2296 60.0 
2297 60.0 
2298 60.0 
2299 60.0 
2300 60.0 
2301 60.0 
2302 60.0 
2303 60.0 
2304 60.0 
2305 60.0 
2306 60.0 
2307 60.0 
2308 60.0 
2309 60.0 
2310 60.0 
2311 60.0 
2312 60.0 
2313 60.0 
2314 60.0 
2315 60.0 
2316 60.0 
2317 60.0 
2318 60.0 
2319 60.0 
2320 60.0 
2321 60.0 
2322 60.0 
2323 60.0 
2324 60.0 
2325 60.0 
2326 60.0 
2327 60.0 
2328 60.0 
2329 60.0 
2330 60.0 
2331 60.0 
2332 60.0 
2333 60.0 
2334 60.0 
2335 60.0 
2336 60.0 
2337 60.0 
2338 60.0 
2339 60.0 
2340 60.0 
2341 60.0 
2342 60.0 
2343 60.0 
2344 60.0 
2345 60.0 
2346 60.0 
2347 60.0 
2348 60.0 
2349 60.0 
2350 60.0 
2351 60.0 
2352 60.0 
2353 60.0 
2354 60.0 
2355 60.0 
2356 60.0 
2357 60.0 
2358 60.0 
2359 60.0 
2360 60.0 
2361 60.0 
2362 60.0 
2363 60.0 
2364 60.0 
2365 60.0 
2366 60.0 
2367 60.0 
2368 60.0 
2369 60.0 
2370 60.0 
2371 60.0 
2372 60.0 
2373 60.0 
2374 60.0 
2375 60.0 
2376 60.0 
2377 60.0 
2378 60.0 
2379 60.0 
2380 60.0 
2381 60.0 
2382 60.0 
2383 60.0 
2384 60.0 
2385 60.0 
2386 60.0 
2387 60.0 
2388 60.0 
2389 60.0 
2390 60.0 
2391 60.0 
2392 60.0 
2393 60.0 
2394 60.0 
2395 60.0 
2396 60.0 
2397 60.0 
2398 60.0 
2399 60.0 
2400 60.0 
2401 60.0 
2402 60.0 
2403 60.0 
2404 60.0 
2405 60.0 
2406 60.0 
2407 60.0 
2408 60.0 
2409 60.0 
2410 60.0 
2411 60.0 
2412 60.0 
2413 60.0 
2414 60.0 
2415 60.0 
2416 60.0 
2417 60.0 
2418 60.0 
2419 60.0 
2420 60.0 
2421 60.0 
2422 60.0 
2423 60.0 
2424 60.0 
2425 60.0 
2426 60.0 
2427 60.0 
2428 60.0 
2429 60.0 
2430 60.0 
2431 60.0 
2432 60.0 
2433 60.0 
2434 60.0 
2435 60.0 
2436 60.0 
2437 60.0 
2438 60.0 
2439 60.0 
2440 60.0 
2441 60.0 
2442 60.0 
2443 60.0 
2444 60.0 
2445 60.0 
2446 60.0 
2447 60.0 
2448 60.0 
2449 60.0 
2450 60.0 
2451 60.0 
2452 60.0 
2453 60.0 
2454 60.0 
2455 60.0 
2456 60.0 
2457 60.0 
2458 60.0 
2459 60.0 
2460 60.0 
2461 60.0 
2462 60.0 
2463 60.0 
2464 60.0 
2465 60.0 
2466 60.0 
2467 60.0 
2468 60.0 
2469 60.0 
2470 60.0 
2471 60.0 
2472 60.0 
2473 60.0 
2474 60.0 
2475 60.0 
2476 60.0 
2477 60.0 
2478 60.0 
2479 60.0 
2480 60.0 
2481 60.0 
2482 60.0 
2483 60.0 
2484 60.0 
2485 60.0 
2486 60.0 
2487 60.0 
2488 60.0 
2489 60.0 
2490 60.0 
2491 60.0 
2492 60.0 
2493 60.0 
2494 60.0 
2495 60.0 
2496 60.0 
2497 60.0 
2498 60.0 
2499 60.0 
2500 60.0 
2501 60.0 
2502 60.0 
2503 60.0 
2504 60.0 
2505 60.0 
2506 60.0 
2507 60.0 
2508 60.0 
2509 60.0 
2510 60.0 
2511 60.0 
2512 60.0 
2513 60.0 
2514 60.0 
2515 60.0 
2516 60.0 
2517 60.0 
2518 60.0 
2519 60.0 
2520 60.0 
2521 60.0 
2522 60.0 
2523 60.0 
2524 60.0 
2525 60.0 
2526 60.0 
2527 60.0 
2528 60.0 
2529 60.0 
2530 60.0 
2531 60.0 
2532 60.0 
2533 60.0 
2534 60.0 
2535 60.0 
2536 60.0 
2537 60.0 
2538 60.0 
2539 60.0 
2540 60.0 
2541 60.0 
2542 60.0 
2543 60.0 
2544 60.0 
2545 60.0 
2546 60.0 
2547 60.0 
2548 60.0 
2549 60.0 
2550 60.0 
2551 60.0 
2552 60.0 
2553 60.0 
2554 60.0 
2555 60.0 
2556 60.0 
2557 60.0 
2558 60.0 
2559 60.0 
2560 60.0 
2561 60.0 
2562 60.0 
2563 60.0 
2564 60.0 
2565 60.0 
2566 60.0 
2567 60.0 
2568 60.0 
2569 60.0 
2570 60.0 
2571 60.0 
2572 60.0 
2573 60.0 
2574 60.0 
2575 60.0 
2576 60.0 
2577 60.0 
2578 60.0 
2579 60.0 
2580 60.0 
2581 60.0 
2582 60.0 
2583 60.0 
2584 60.0 
2585 60.0 
2586 60.0 
2587 60.0 
2588 60.0 
2589 60.0 
2590 60.0 
2591 60.0 
2592 60.0 
2593 60.0 
2594 60.0 
2595 60.0 
2596 60.0 
2597 60.0 
2598 60.0 
2599 60.0 
2600 60.0 
2601 60.0 
2602 60.0 
2603 60.0 
2604 60.0 
2605 60.0 
2606 60.0 
2607 60.0 
2608 60.0 
2609 60.0 
2610 60.0 
2611 60.0 
2612 60.0 
2613 60.0 
2614 60.0 
2615 60.0 
2616 60.0 
2617 60.0 
2618 60.0 
2619 60.0 
2620 60.0 
2621 60.0 
2622 60.0 
2623 60.0 
2624 60.0 
2625 60.0 
2626 60.0 
2627 60.0 
2628 60.0 
2629 60.0 
2630 60.0 
2631 60.0 
2632 60.0 
2633 60.0 
2634 60.0 
2635 60.0 
2636 60.0 
2637 60.0 
2638 60.0 
2639 60.0 
2640 60.0 
2641 60.0 
2642 60.0 
2643 60.0 
2644 60.0 
2645 60.0 
2646 60.0 
2647 60.0 
2648 60.0 
2649 60.0 
2650 60.0 
2651 60.0 
2652 60.0 
2653 60.0 
2654 60.0 
2655 60.0 
2656 60.0 
2657 60.0 
2658 60.0 
2659 60.0 
2660 60.0 
2661 60.0 
2662 60.0 
2663 60.0 
2664 60.0 
2665 60.0 
2666 60.0 
2667 60.0 
2668 60.0 
2669 60.0 
2670 60.0 
2671 60.0 
2672 60.0 
2673 60.0 
2674 60.0 
2675 60.0 
2676 60.0 
2677 60.0 
2678 60.0 
2679 60.0 
2680 60.0 
2681 60.0 
2682 60.0 
2683 60.0 
2684 60.0 
2685 60.0 
2686 60.0 
2687 60.0 
2688 60.0 
2689 60.0 
2690 60.0 
2691 60.0 
2692 60.0 
2693 60.0 
2694 60.0 
2695 60.0 
2696 60.0 
2697 60.0 
2698 60.0 
2699 60.0 
2700 60.0 
2701 60.0 
2702 60.0 
2703 60.0 
2704 60.0 
2705 60.0 
2706 60.0 
2707 60.0 
2708 60.0 
2709 60.0 
2710 60.0 
2711 60.0 
2712 60.0 
2713 60.0 
2714 60.0 
2715 60.0 
2716 60.0 
2717 60.0 
2718 60.0 
2719 60.0 
2720 60.0 
2721 60.0 
2722 60.0 
2723 60.0 
2724 60.0 
2725 60.0 
2726 60.0 
2727 60.0 
2728 60.0 
2729 60.0 
2730 60.0 
2731 60.0 
2732 60.0 
2733 60.0 
2734 60.0 
2735 60.0 
2736 60.0 
2737 60.0 
2738 60.0 
2739 60.0 
2740 60.0 
2741 60.0 
2742 60.0 
2743 60.0 
2744 60.0 
2745 60.0 
2746 60.0 
2747 60.0 
2748 60.0 
2749 60.0 
2750 60.0 
2751 60.0 
2752 60.0 
2753 60.0 
2754 60.0 
2755 60.0 
2756 60.0 
2757 60.0 
2758 60.0 
2759 60.0 
2760 60.0 
2761 60.0 
2762 60.0 
2763 60.0 
2764 60.0 
2765 60.0 
2766 60.0 
2767 60.0 
2768 60.0 
2769 60.0 
2770 60.0 
2771 60.0 
2772 60.0 
2773 60.0 
2774 60.0 
2775 60.0 
2776 60.0 
2777 60.0 
2778 60.0 
2779 60.0 
2780 60.0 
2781 60.0 
2782 60.0 
2783 60.0 
2784 60.0 
2785 60.0 
2786 60.0 
2787 60.0 
2788 60.0 
2789 60.0 
2790 60.0 
2791 60.0 
2792 60.0 
2793 60.0 
2794 60.0 
2795 60.0 
2796 60.0 
2797 60.0 
2798 60.0 
2799 60.0 
2800 60.0 
2801 60.0 
2802 60.0 
2803 60.0 
2804 60.0 
2805 60.0 
2806 60.0 
2807 60.0 
2808 60.0 
2809 60.0 
2810 60.0 
2811 60.0 
2812 60.0 
2813 60.0 
2814 60.0 
2815 60.0 
2816 60.0 
2817 60.0 
2818 60.0 
2819 60.0 
2820 60.0 
2821 60.0 
2822 60.0 
2823 60.0 
2824 60.0 
2825 60.0 
2826 60.0 
2827 60.0 
2828 60.0 
2829 60.0 
2830 60.0 
2831 60.0 
2832 60.0 
2833 60.0 
2834 60.0 
2835 60.0 
2836 60.0 
2837 60.0 
2838 60.0 
2839 60.0 
2840 60.0 
2841 60.0 
2842 60.0 
2843 60.0 
2844 60.0 
2845 60.0 
2846 60.0 
2847 60.0 
2848 60.0 
2849 60.0 
2850 60.0 
2851 60.0 
2852 60.0 
2853 60.0 
2854 60.0 
2855 60.0 
2856 60.0 
2857 60.0 
2858 60.0 
2859 60.0 
2860 60.0 
2861 60.0 
2862 60.0 
2863 60.0 
2864 60.0 
2865 60.0 
2866 60.0 
2867 60.0 
2868 60.0 
2869 60.0 
2870 60.0 
2871 60.0 
2872 60.0 
2873 60.0 
2874 60.0 
2875 60.0 
2876 60.0 
2877 60.0 
2878 60.0 
2879 60.0 
2880 60.0 
2881 60.0 
2882 60.0 
2883 60.0 
2884 60.0 
2885 60.0 
2886 60.0 
2887 60.0 
2888 60.0 
2889 60.0 
2890 60.0 
2891 60.0 
2892 60.0 
2893 60.0 
2894 60.0 
2895 60.0 
2896 60.0 
2897 60.0 
2898 60.0 
2899 60.0 
2900 60.0 
2901 60.0 
2902 60.0 
2903 60.0 
2904 60.0 
2905 60.0 
2906 60.0 
2907 60.0 
2908 60.0 
2909 60.0 
2910 60.0 
2911 60.0 
2912 60.0 
2913 60.0 
2914 60.0 
2915 60.0 
2916 60.0 
2917 60.0 
2918 60.0 
2919 60.0 
2920 60.0 
2921 60.0 
2922 60.0 
2923 60.0 
2924 60.0 
2925 60.0 
2926 60.0 
2927 60.0 
2928 60.0 
2929 60.0 
2930 60.0 
2931 60.0 
2932 60.0 
2933 60.0 
2934 60.0 
2935 60.0 
2936 60.0 
2937 60.0 
2938 60.0 
2939 60.0 
2940 60.0 
2941 60.0 
2942 60.0 
2943 60.0 
2944 60.0 
2945 60.0 
2946 60.0 
2947 60.0 
2948 60.0 
2949 60.0 
2950 60.0 
2951 60.0 
2952 60.0 
2953 60.0 
2954 60.0 
2955 60.0 
2956 60.0 
2957 60.0 
2958 60.0 
2959 60.0 
2960 60.0 
2961 60.0 
2962 60.0 
2963 60.0 
2964 60.0 
2965 60.0 
2966 60.0 
2967 60.0 
2968 60.0 
2969 60.0 
2970 60.0 
2971 60.0 
2972 60.0 
2973 60.0 
2974 60.0 
2975 60.0 
2976 60.0 
2977 60.0 
2978 60.0 
2979 60.0 
2980 60.0 
2981 60.0 
2982 60.0 
2983 60.0 
2984 60.0 
2985 60.0 
2986 60.0 
2987 60.0 
2988 60.0 
2989 60.0 
2990 60.0 
2991 60.0 
2992 60.0 
2993 60.0 
2994 60.0 
2995 60.0 
2996 60.0 
2997 60.0 
2998 60.0 
2999 60.0 
3000 60.0 
3001 60.0 
3002 60.0 
3003 60.0 
3004 60.0 
3005 60.0 
3006 60.0 
3007 60.0 
3008 60.0 
3009 60.0 
3010 60.0 
3011 60.0 
3012 60.0 
3013 60.0 
3014 60.0 
3015 60.0 
3016 60.0 
3017 60.0 
3018 60.0 
3019 60.0 
3020 60.0 
3021 60.0 
3022 60.0 
3023 60.0 
3024 60.0 
3025 60.0 
3026 60.0 
3027 60.0 
3028 60.0 
3029 60.0 
3030 60.0 
3031 60.0 
3032 60.0 
3033 60.0 
3034 60.0 
3035 60.0 
3036 60.0 
3037 60.0 
3038 60.0 
3039 60.0 
3040 60.0 
3041 60.0 
3042 60.0 
3043 60.0 
3044 60.0 
3045 60.0 
3046 60.0 
3047 60.0 
3048 60.0 
3049 60.0 
3050 60.0 
3051 60.0 
3052 60.0 
3053 60.0 
3054 60.0 
3055 60.0 
3056 60.0 
3057 60.0 
3058 60.0 
3059 60.0 
3060 60.0 
3061 60.0 
3062 60.0 
3063 60.0 
3064 60.0 
3065 60.0 
3066 60.0 
3067 60.0 
3068 60.0 
3069 60.0 
3070 60.0 
3071 60.0 
3072 60.0 
3073 60.0 
3074 60.0 
3075 60.0 
3076 60.0 
3077 60.0 
3078 60.0 
3079 60.0 
3080 60.0 
3081 60.0 
3082 60.0 
3083 60.0 
3084 60.0 
3085 60.0 
3086 60.0 
3087 60.0 
3088 60.0 
3089 60.0 
3090 60.0 
3091 60.0 
3092 60.0 
3093 60.0 
3094 60.0 
3095 60.0 
3096 60.0 
3097 60.0 
3098 60.0 
3099 60.0 
3100 60.0 
3101 60.0 
3102 60.0 
3103 60.0 
3104 60.0 
3105 60.0 
3106 60.0 
3107 60.0 
3108 60.0 
3109 60.0 
3110 60.0 
3111 60.0 
3112 60.0 
3113 60.0 
3114 60.0 
3115 60.0 
3116 60.0 
3117 60.0 
3118 60.0 
3119 60.0 
3120 60.0 
3121 60.0 
3122 60.0 
3123 60.0 
3124 60.0 
3125 60.0 
3126 60.0 
3127 60.0 
3128 60.0 
3129 60.0 
3130 60.0 
3131 60.0 
3132 60.0 
3133 60.0 
3134 60.0 
3135 60.0 
3136 60.0 
3137 60.0 
3138 60.0 
3139 60.0 
3140 60.0 
3141 60.0 
3142 60.0 
3143 60.0 
3144 60.0 
3145 60.0 
3146 60.0 
3147 60.0 
3148 60.0 
3149 60.0 
3150 60.0 
3151 60.0 
3152 60.0 
3153 60.0 
3154 60.0 
3155 60.0 
3156 60.0 
3157 60.0 
3158 60.0 
3159 60.0 
3160 60.0 
3161 60.0 
3162 60.0 
3163 60.0 
3164 60.0 
3165 60.0 
3166 60.0 
3167 60.0 
3168 60.0 
3169 60.0 
3170 60.0 
3171 60.0 
3172 60.0 
3173 60.0 
3174 60.0 
3175 60.0 
3176 60.0 
3177 60.0 
3178 60.0 
3179 60.0 
3180 60.0 
3181 60.0 
3182 60.0 
3183 60.0 
3184 60.0 
3185 60.0 
3186 60.0 
3187 60.0 
3188 60.0 
3189 60.0 
3190 60.0 
3191 60.0 
3192 60.0 
3193 60.0 
3194 60.0 
3195 60.0 
3196 60.0 
3197 60.0 
3198 60.0 
3199 60.0 
3200 60.0 
3201 60.0 
3202 60.0 
3203 60.0 
3204 60.0 
3205 60.0 
3206 60.0 
3207 60.0 
3208 60.0 
3209 60.0 
3210 60.0 
3211 60.0 
3212 60.0 
3213 60.0 
3214 60.0 
3215 60.0 
3216 60.0 
3217 60.0 
3218 60.0 
3219 60.0 
3220 60.0 
3221 60.0 
3222 60.0 
3223 60.0 
3224 60.0 
3225 60.0 
3226 60.0 
3227 60.0 
3228 60.0 
3229 60.0 
3230 60.0 
3231 60.0 
3232 60.0 
3233 60.0 
3234 60.0 
3235 60.0 
3236 60.0 
3237 60.0 
3238 60.0 
3239 60.0 
3240 60.0 
3241 60.0 
3242 60.0 
3243 60.0 
3244 60.0 
3245 60.0 
3246 60.0 
3247 60.0 
3248 60.0 
3249 60.0 
3250 60.0 
3251 60.0 
3252 60.0 
3253 60.0 
3254 60.0 
3255 60.0 
3256 60.0 
3257 60.0 
3258 60.0 
3259 60.0 
3260 60.0 
3261 60.0 
3262 60.0 
3263 60.0 
3264 60.0 
3265 60.0 
3266 60.0 
3267 60.0 
3268 60.0 
3269 60.0 
3270 60.0 
3271 60.0 
3272 60.0 
3273 60.0 
3274 60.0 
3275 60.0 
3276 60.0 
3277 60.0 
3278 60.0 
3279 60.0 
3280 60.0 
3281 60.0 
3282 60.0 
3283 60.0 
3284 60.0 
3285 60.0 
3286 60.0 
3287 60.0 
3288 60.0 
3289 60.0 
3290 60.0 
3291 60.0 
3292 60.0 
3293 60.0 
3294 60.0 
3295 60.0 
3296 60.0 
3297 60.0 
3298 60.0 
3299 60.0 
3300 60.0 
3301 60.0 
3302 60.0 
3303 60.0 
3304 60.0 
3305 60.0 
3306 60.0 
3307 60.0 
3308 60.0 
3309 60.0 
3310 60.0 
3311 60.0 
3312 60.0 
3313 60.0 
3314 60.0 
3315 60.0 
3316 60.0 
3317 60.0 
3318 60.0 
3319 60.0 
3320 60.0 
3321 60.0 
3322 60.0 
3323 60.0 
3324 60.0 
3325 60.0 
3326 60.0 
3327 60.0 
3328 60.0 
3329 60.0 
3330 60.0 
3331 60.0 
3332 60.0 
3333 60.0 
3334 60.0 
3335 60.0 
3336 60.0 
3337 60.0 
3338 60.0 
3339 60.0 
3340 60.0 
3341 60.0 
3342 60.0 
3343 60.0 
3344 60.0 
3345 60.0 
3346 60.0 
3347 60.0 
3348 60.0 
3349 60.0 
3350 60.0 
3351 60.0 
3352 60.0 
3353 60.0 
3354 60.0 
3355 60.0 
3356 60.0 
3357 60.0 
3358 60.0 
3359 60.0 
3360 60.0 
3361 60.0 
3362 60.0 
3363 60.0 
3364 60.0 
3365 60.0 
3366 60.0 
3367 60.0 
3368 60.0 
3369 60.0 
3370 60.0 
3371 60.0 
3372 60.0 
3373 60.0 
3374 60.0 
3375 60.0 
3376 60.0 
3377 60.0 
3378 60.0 
3379 60.0 
3380 60.0 
3381 60.0 
3382 60.0 
3383 60.0 
3384 60.0 
3385 60.0 
3386 60.0 
3387 60.0 
3388 60.0 
3389 60.0 
3390 60.0 
3391 60.0 
3392 60.0 
3393 60.0 
3394 60.0 
3395 60.0 
3396 60.0 
3397 60.0 
3398 60.0 
3399 60.0 
3400 60.0 
3401 60.0 
3402 60.0 
3403 60.0 
3404 60.0 
3405 60.0 
3406 60.0 
3407 60.0 
3408 60.0 
3409 60.0 
3410 60.0 
3411 60.0 
3412 60.0 
3413 60.0 
3414 60.0 
3415 60.0 
3416 60.0 
3417 60.0 
3418 60.0 
3419 60.0 
3420 60.0 
3421 60.0 
3422 60.0 
3423 60.0 
3424 60.0 
3425 60.0 
3426 60.0 
3427 60.0 
3428 60.0 
3429 60.0 
3430 60.0 
3431 60.0 
3432 60.0 
3433 60.0 
3434 60.0 
3435 60.0 
3436 60.0 
3437 60.0 
3438 60.0 
3439 60.0 
3440 60.0 
3441 60.0 
3442 60.0 
3443 60.0 
3444 60.0 
3445 60.0 
3446 60.0 
3447 60.0 
3448 60.0 
3449 60.0 
3450 60.0 
3451 60.0 
3452 60.0 
3453 60.0 
3454 60.0 
3455 60.0 
3456 60.0 
3457 60.0 
3458 60.0 
3459 60.0 
3460 60.0 
3461 60.0 
3462 60.0 
3463 60.0 
3464 60.0 
3465 60.0 
3466 60.0 
3467 60.0 
3468 60.0 
3469 60.0 
3470 60.0 
3471 60.0 
3472 60.0 
3473 60.0 
3474 60.0 
3475 60.0 
3476 60.0 
3477 60.0 
3478 60.0 
3479 60.0 
3480 60.0 
3481 60.0 
3482 60.0 
3483 60.0 
3484 60.0 
3485 60.0 
3486 60.0 
3487 60.0 
3488 60.0 
3489 60.0 
3490 60.0 
3491 60.0 
3492 60.0 
3493 60.0 
3494 60.0 
3495 60.0 
3496 60.0 
3497 60.0 
3498 60.0 
3499 60.0 
3500 60.0 
3501 60.0 
3502 60.0 
3503 60.0 
3504 60.0 
3505 60.0 
3506 60.0 
3507 60.0 
3508 60.0 
3509 60.0 
3510 60.0 
3511 60.0 
3512 60.0 
3513 60.0 
3514 60.0 
3515 60.0 
3516 60.0 
3517 60.0 
3518 60.0 
3519 60.0 
3520 60.0 
3521 60.0 
3522 60.0 
3523 60.0 
3524 60.0 
3525 60.0 
3526 60.0 
3527 60.0 
3528 60.0 
3529 60.0 
3530 60.0 
3531 60.0 
3532 60.0 
3533 60.0 
3534 60.0 
3535 60.0 
3536 60.0 
3537 60.0 
3538 60.0 
3539 60.0 
3540 60.0 
3541 60.0 
3542 60.0 
3543 60.0 
3544 60.0 
3545 60.0 
3546 60.0 
3547 60.0 
3548 60.0 
3549 60.0 
3550 60.0 
3551 60.0 
3552 60.0 
3553 60.0 
3554 60.0 
3555 60.0 
3556 60.0 
3557 60.0 
3558 60.0 
3559 60.0 
3560 60.0 
3561 60.0 
3562 60.0 
3563 60.0 
3564 60.0 
3565 60.0 
3566 60.0 
3567 60.0 
3568 60.0 
3569 60.0 
3570 60.0 
3571 60.0 
3572 60.0 
3573 60.0 
3574 60.0 
3575 60.0 
3576 60.0 
3577 60.0 
3578 60.0 
3579 60.0 
3580 60.0 
3581 60.0 
3582 60.0 
3583 60.0 
3584 60.0 
3585 60.0 
3586 60.0 
3587 60.0 
3588 60.0 
3589 60.0 
3590 60.0 
3591 60.0 
3592 60.0 
3593 60.0 
3594 60.0 
3595 60.0 
3596 60.0 
3597 60.0 
3598 60.0 
3599 60.0 
3600 60.0 
3601 60.0 
3602 60.0 
3603 60.0 
3604 60.0 
3605 60.0 
3606 60.0 
3607 60.0 
3608 60.0 
3609 60.0 
3610 60.0 
3611 60.0 
3612 60.0 
3613 60.0 
3614 60.0 
3615 60.0 
3616 60.0 
3617 60.0 
3618 60.0 
3619 60.0 
3620 60.0 
3621 60.0 
3622 60.0 
3623 60.0 
3624 60.0 
3625 60.0 
3626 60.0 
3627 60.0 
3628 60.0 
3629 60.0 
3630 60.0 
3631 60.0 
3632 60.0 
3633 60.0 
3634 60.0 
3635 60.0 
3636 60.0 
3637 60.0 
3638 60.0 
3639 60.0 
3640 60.0 
3641 60.0 
3642 60.0 
3643 60.0 
3644 60.0 
3645 60.0 
3646 60.0 
3647 60.0 
3648 60.0 
3649 60.0 
3650 60.0 
3651 60.0 
3652 60.0 
3653 60.0 
3654 60.0 
3655 60.0 
3656 60.0 
3657 60.0 
3658 60.0 
3659 60.0 
3660 60.0 
3661 60.0 
3662 60.0 
3663 60.0 
3664 60.0 
3665 60.0 
3666 60.0 
3667 60.0 
3668 60.0 
3669 60.0 
3670 60.0 
3671 60.0 
3672 60.0 
3673 60.0 
3674 60.0 
3675 60.0 
3676 60.0 
3677 60.0 
3678 60.0 
3679 60.0 
3680 60.0 
3681 60.0 
3682 60.0 
3683 60.0 
3684 60.0 
3685 60.0 
3686 60.0 
3687 60.0 
3688 60.0 
3689 60.0 
3690 60.0 
3691 60.0 
3692 60.0 
3693 60.0 
3694 60.0 
3695 60.0 
3696 60.0 
3697 60.0 
3698 60.0 
3699 60.0 
3700 60.0 
3701 60.0 
3702 60.0 
3703 60.0 
3704 60.0 
3705 60.0 
3706 60.0 
3707 60.0 
3708 60.0 
3709 60.0 
3710 60.0 
3711 60.0 
3712 60.0 
3713 60.0 
3714 60.0 
3715 60.0 
3716 60.0 
3717 60.0 
3718 60.0 
3719 60.0 
3720 60.0 
3721 60.0 
3722 60.0 
3723 60.0 
3724 60.0 
3725 60.0 
3726 60.0 
3727 60.0 
3728 60.0 
3729 60.0 
3730 60.0 
3731 60.0 
3732 60.0 
3733 60.0 
3734 60.0 
3735 60.0 
3736 60.0 
3737 60.0 
3738 60.0 
3739 60.0 
3740 60.0 
3741 60.0 
3742 60.0 
3743 60.0 
