0 28.6002479606392 
1 27.3047377355596 
2 25.9448421914938 
3 28.9950597528106 
4 26.3482172326738 
5 25.3846927732694 
6 21.2199780057154 
7 23.503038476621 
8 19.1236665544875 
9 20.95484014372 
10 18.83845719465286 
11 21.5303937319188 
12 25.3306542302088 
13 21.4228959527686 
14 24.49033316823 
15 21.0668632258964 
16 23.4143148994564 
17 22.9483410022162 
18 25.7554235559026 
19 25.2027731221428 
20 27.2035652878164 
21 25.3774206066932 
22 23.7002817110444 
23 24.7342409363102 
24 22.5978516726868 
25 24.7796221848172 
26 25.778615911246 
27 23.2519086272604 
28 23.160746026038 
29 21.2805291134108 
30 20.9686374795218 
31 20.0369050963904 
32 20.018115107264 
33 21.9484233842126 
34 22.3035360706488 
35 21.3035519982748 
36 19.096575089406 
37 27.1255025816048 
38 19.55749093057496 
39 30.3034447062708 
40 27.1522409412414 
41 33.7973113383286 
42 26.7943107482682 
43 33.2973851427286 
44 26.8777102946226 
45 34.9359654701724 
46 29.3630141983392 
47 29.3023846310334 
48 29.5784962343228 
49 26.5004678248036 
50 22.1862120654004 
51 24.3716046854674 
52 22.3206165302666 
53 21.1038647521378 
54 20.7349185498528 
55 20.1688308262086 
56 18.25184946683774 
57 19.78932250541376 
58 17.56589471601796 
59 19.98329853809042 
60 17.22119286779162 
61 19.65222338854794 
62 16.19203460568676 
63 24.6267826271298 
64 21.2601006342118 
65 25.9576898550326 
66 30.473969154386 
67 26.7858767063716 
68 34.3401948519748 
69 26.4207858077738 
70 32.8987964209526 
71 25.9623958762938 
72 33.9360112971046 
73 24.5220245418212 
74 30.789247086558 
75 25.91227721498 
76 23.7231288223124 
77 25.260075327134 
78 23.5851641882912 
79 43.3829734667442 
80 46.1164814544756 
81 41.7813441837806 
82 44.942300040298 
83 40.4462038554962 
84 42.2351973526656 
85 39.1522513056688 
86 42.217284948376 
87 39.0827228715626 
88 41.4056737676442 
89 18.85015802508706 
90 21.8059247282156 
91 18.46517695682792 
92 21.735775079224 
93 19.86556872627286 
94 23.0728261446366 
95 17.41341225826206 
96 20.651915235944 
97 19.71156032033442 
98 18.42347740989264 
99 19.70107960907562 
100 15.21182519858242 
101 18.62957450057472 
102 13.9563799976579 
103 16.52086585943546 
104 14.56749433704416 
105 18.2624945722122 
106 16.21964923153772 
107 18.95702949783918 
108 17.0771366128126 
109 19.7695292129711 
110 21.5708806591886 
111 23.9332296127784 
112 25.7630964127288 
113 26.0920233000182 
114 27.9083048771364 
115 26.7854791733048 
116 27.2669563969624 
117 24.1776022146758 
118 28.6360744506662 
119 27.4522696521318 
120 29.4802288714852 
121 24.578187043366 
122 25.7229467597924 
123 28.1656065825236 
124 22.9695362313014 
125 27.725784603909 
126 24.2385112508194 
127 29.6076231154502 
128 23.1131246514404 
129 27.6709553277244 
130 19.18260702108874 
131 26.7065437951082 
132 23.1493649959286 
133 21.893708361634 
134 22.7749112908228 
135 22.8929948401224 
136 20.8688599627238 
137 20.9262365290192 
138 21.160194444009 
139 20.9769959058432 
140 20.9871150700074 
141 25.7335573322804 
142 20.1559076607148 
143 26.7316704993626 
144 22.206480966324 
145 24.2619233506856 
146 21.8509916888714 
147 24.2385504414364 
148 21.1679714577486 
149 23.5671022177172 
150 21.3025370827722 
151 18.92951077396862 
152 18.00424059756454 
153 18.14924927103444 
154 18.72326527688138 
155 18.59606196528762 
156 19.3670292245026 
157 17.57253456350108 
158 20.9555892263544 
159 19.38027557280418 
160 20.9410671198562 
161 20.4435834031456 
162 21.8615801622524 
163 19.40618409470694 
164 19.84345451561938 
165 21.0602146318298 
166 21.6653365854592 
167 21.6208238025052 
168 26.679490838407 
169 19.67954608378718 
170 32.5876415724296 
171 19.37372896215128 
172 34.0174484078364 
173 22.6766300058954 
174 35.4607659564054 
175 22.1782912122224 
176 35.2803651885904 
177 21.6294481187776 
178 27.7551146615208 
179 27.8353897149724 
180 26.0881270457882 
181 28.652523651104 
182 27.216001971231 
183 26.141034753538 
184 27.344801919825 
185 29.6406403240844 
186 27.8847719917026 
187 32.5546558556596 
188 29.117108421145 
189 25.9042845359346 
190 25.3727191632786 
191 26.7444525852512 
192 24.2720630747182 
193 25.4260414090476 
194 20.3939632692828 
195 21.586763889689 
196 18.92877762805534 
197 19.2480649324725 
198 20.0127833109792 
199 18.64419936947442 
200 18.07328721949834 
201 18.35503781552858 
202 18.78694994093222 
203 23.7152602736892 
204 20.051414888846 
205 23.521162165856 
206 23.8438175499804 
207 23.1851497214858 
208 23.6107433196828 
209 23.051895395142 
210 25.0652968817604 
211 25.9928585874268 
212 26.4548801099232 
213 19.94965906681868 
214 26.0503373116724 
215 19.30428624511252 
216 24.229746502589 
217 19.64263271740254 
218 27.9091855143376 
219 19.74882769102954 
220 26.7974529901102 
221 16.1176905149729 
222 22.606942820337 
223 16.76666384231872 
224 23.9321848616778 
225 16.11549817770124 
226 23.53319723887 
227 14.4749327966635 
228 17.31797961966708 
229 14.53842970186818 
230 19.59526344707312 
231 14.77859110199548 
232 22.8395285161142 
233 16.607563248172 
234 22.1518482930902 
235 16.95835462406284 
236 19.60115285506418 
237 21.491441216859 
238 217.332223578028 
239 20.949086965034 
240 226.996400310474 
241 23.3322135439152 
242 227.753761591858 
243 22.1547377193946 
244 228.254073736576 
245 22.838369511286 
246 228.22450456538 
247 22.6611313287162 
248 32.4073772413868 
249 22.1844064230612 
250 20.1267651191634 
251 21.915050104717 
252 19.70684039337956 
253 22.3591202003574 
254 21.5487713052984 
255 23.7259977747034 
256 21.753779806393 
257 31.0992361814568 
258 20.2826829075206 
259 32.8156261946176 
260 20.7768113690576 
261 30.937429984262 
262 19.78709280829352 
263 33.4179308457052 
264 18.60788032664278 
265 31.6946104648296 
266 17.36721545246054 
267 21.5160166819898 
268 18.21948702466012 
269 20.6684017720806 
270 18.54667929300154 
271 20.1495155556356 
272 18.65126057985804 
273 16.39670465562832 
274 15.83734740430736 
275 18.46273669536222 
276 19.10141472813058 
277 17.94462345752804 
278 21.647091552187 
279 19.75212462948112 
280 22.2564067018414 
281 21.1377248881968 
282 20.1630617896848 
283 20.4939030174238 
284 20.5935373190214 
285 19.50703087757082 
286 18.79735298262646 
287 18.4983131366916 
288 17.91155303970064 
289 19.15659195520792 
290 20.3950432178804 
291 17.11459760249514 
292 19.97404086999776 
293 18.10914034781956 
294 19.12130558093214 
295 19.30087550904524 
296 21.9147593549348 
297 19.25910049300084 
298 24.1781976075786 
299 18.62342488204038 
300 25.5431701433598 
301 21.5238252957596 
302 26.9502058852758 
303 21.4181116594784 
304 24.6669856382616 
305 21.4181116594784 
306 24.6669856382616 
307 21.4181116594784 
308 24.6669856382616 
309 22.446120331454 
310 23.7536245657828 
311 24.6888331804504 
312 26.8314088236802 
313 26.3932594243976 
314 27.6456563660726 
315 27.0169839179282 
316 27.1083176745274 
317 26.91558870508 
318 26.1410754577464 
319 28.5702105308418 
320 29.4923377863772 
321 23.6129455775248 
322 23.2622454868046 
323 26.9402319257972 
324 25.7929569501576 
325 24.7036812788832 
326 23.4945968928514 
327 29.0619988226998 
328 23.5980404477616 
329 26.4868691452102 
330 19.3536283280992 
331 25.6539012393162 
332 21.6983187144752 
333 20.1040761577598 
334 17.40811504317664 
335 20.821430705798 
336 19.48065527739678 
337 17.2931870692716 
338 20.3190705741812 
339 17.52911992571588 
340 20.4081650326148 
341 21.415713423777 
342 19.50490427766482 
343 22.2275391381818 
344 22.8234147784532 
345 24.348670776847 
346 20.8301266589082 
347 26.6605110392828 
348 22.3434143345742 
349 24.8890299621998 
350 20.9610422478788 
351 21.8048846693786 
352 18.46824670726018 
353 20.8049645458462 
354 17.23123333037232 
355 20.2825892789882 
356 17.5750154042848 
357 19.56435655294134 
358 16.14970703012218 
359 19.29171986298156 
360 19.81796165575956 
361 18.6519718215521 
362 23.6666190745422 
363 16.71062803603928 
364 21.9746121627044 
365 17.8863127775941 
366 24.3990188424006 
367 17.41852295658788 
368 25.3560567358356 
369 17.94189111303686 
370 21.6597515767454 
371 18.10146686482918 
372 16.89258913123282 
373 19.1414407615804 
374 18.29059652731758 
375 18.31457042235794 
376 16.40669745099996 
377 18.7147950393464 
378 14.80956887517386 
379 18.89307557657722 
380 14.9556215513862 
381 18.09642643876962 
382 19.6065980805235 
383 19.7305987667082 
384 17.39443383899126 
385 18.5891926974879 
386 22.1878167673008 
387 16.90950687191448 
388 23.1987015224888 
389 21.9370823429082 
390 27.3480263369444 
391 27.368410134766 
392 25.8084871424494 
393 27.1266794257054 
394 29.5233496280746 
395 25.807292461251 
396 28.6484801605252 
397 24.062183669751 
398 26.357643132217 
399 21.5469472131644 
400 28.0297267056744 
401 19.6679001233427 
402 28.691996221254 
403 18.22928009885776 
404 25.785528957349 
405 17.4579361743959 
406 20.5753227842592 
407 18.70061069472954 
408 23.0706971467202 
409 17.33921599739392 
410 19.67347992648574 
411 16.64617266315918 
412 20.7966819204874 
413 16.09323380809718 
414 22.2486595005034 
415 17.35124755043534 
416 22.5291890132354 
417 18.84390600914312 
418 22.4494285644346 
419 17.73806817892556 
420 20.5627876414548 
421 17.85684303676476 
422 18.59451188313772 
423 20.493165377129 
424 18.51630189727124 
425 23.336675335016 
426 21.5960025669692 
427 22.0468580176362 
428 18.44231597753128 
429 22.4505269298354 
430 18.36935105208922 
431 22.70732084263 
432 16.68569383059194 
433 22.510042966896 
434 19.21118077816776 
435 20.0369522473312 
436 18.53034392839098 
437 22.6140557019768 
438 22.3168353440398 
439 26.1009854731896 
440 22.3909848582888 
441 25.6418576889002 
442 22.1017360102026 
443 25.4005186767998 
444 19.67284554199876 
445 25.4020671008856 
446 19.95197047004668 
447 24.3889132988564 
448 17.78318969916264 
449 20.2212339453528 
450 19.85001318953556 
451 19.58495011009356 
452 20.6428996288216 
453 18.45211264897846 
454 23.0466341759366 
455 17.98536451361844 
456 20.1618091706222 
457 17.85074135115248 
458 22.2105564396694 
459 18.74496844932264 
460 21.4125727473386 
461 18.20926038096734 
462 20.985147660869 
463 20.6664571060328 
464 15.79727687071024 
465 21.1265717716326 
466 15.89406623969114 
467 18.55059861807794 
468 16.86220104905782 
469 18.29616765447502 
470 15.2008874680496 
471 18.4162185951411 
472 17.78750308439596 
473 17.85993602642196 
474 20.5423777038962 
475 19.97665840220524 
476 22.8514801050788 
477 25.0368868910356 
478 20.6952683754882 
479 27.2323546035862 
480 26.5336891112872 
481 28.1295975204324 
482 29.0497476151894 
483 26.1021088813566 
484 33.3858861902386 
485 25.6754262204078 
486 35.143201800564 
487 24.4551428324524 
488 37.0173412721992 
489 24.4891670454034 
490 35.6842072585788 
491 26.1648335789378 
492 32.3287438829916 
493 27.8446003605482 
494 28.3799423656924 
495 25.418086724238 
496 24.544542724144 
497 21.4245505273192 
498 21.717572507164 
499 18.02110726680148 
500 18.20159963474068 
501 21.3085936368508 
502 17.11149179690168 
503 21.5784563964376 
504 16.9567637332632 
505 21.236733214575 
506 18.89859162528512 
507 22.4014828160078 
508 17.57925161824812 
509 24.0303064437318 
510 21.1601356482326 
511 17.12067198035246 
512 21.0910242988742 
513 14.09853123820246 
514 20.1346330410544 
515 18.27047158285206 
516 19.3403917661512 
517 20.7758856408698 
518 24.458205212615 
519 25.664026830937 
520 24.3332952670366 
521 26.1626867139754 
522 23.407487786162 
523 27.3081616488274 
524 21.527534054958 
525 27.8615171617206 
526 24.3810702532704 
527 25.9699904197968 
528 21.1419618773124 
529 21.3215590061022 
530 19.63770603521486 
531 21.0512307474458 
532 21.7952272611108 
533 22.7077771897014 
534 25.0174913442404 
535 17.9908986055354 
536 22.5074886465754 
537 19.1440186369959 
538 24.0903041890186 
539 18.7909059988924 
540 22.8803553353488 
541 19.88021975998064 
542 20.7331694390694 
543 21.2309078538954 
544 25.3678666911222 
545 21.6181177462608 
546 23.4437412757696 
547 20.4227020566914 
