0 3.95742191544806 
1 3.76230466020926 
2 4.0397405662542 
3 3.65354349646704 
4 4.21717998902242 
5 3.68117191663022 
6 4.09926706411194 
7 3.7322884907077603 
8 4.1749231030421 
9 3.78021538181268 
10 4.46260445223598 
11 3.8794361521356002 
12 4.6633331106289395 
13 3.81928778084556 
14 4.65803567251638 
15 3.71667512111242 
16 4.37897131446824 
17 3.4970003808217003 
18 3.9324899168089202 
19 3.4743419669940403 
20 3.69747723525834 
21 3.53695780216228 
22 3.8221277115219996 
23 3.61735637419854 
24 3.67501514253498 
25 3.80478427282222 
26 4.04932411739184 
27 3.9089761690642 
28 4.10098706871552 
29 3.99156996778864 
30 4.15604412957832 
31 4.05428543167624 
32 4.3985958692774405 
33 4.1067736643216 
34 4.21374487991396 
35 3.9936657305027197 
36 4.175720555225 
37 4.05689759988922 
38 4.3109594362406 
39 4.15307253033534 
40 4.509770614079359 
41 4.15628769522948 
42 4.47069193796592 
43 4.3275598024847195 
44 4.58873758087376 
45 4.33490010299594 
46 4.58873758087376 
47 4.3364414542133805 
48 4.50485063108022 
49 4.2728135431408605 
50 4.43494463534428 
51 4.22565977252668 
52 4.24577571012956 
53 4.06709822556948 
54 4.121874866606101 
55 3.9392410916431997 
56 4.0317608142284005 
57 4.00339278975926 
58 4.20911549117098 
59 3.9294934108705 
60 4.10491065818014 
61 3.8436072693163 
62 4.07147156986818 
63 3.81826373757376 
64 4.004331784050541 
65 3.90927937501914 
66 3.94103802438446 
67 3.77030285688902 
68 3.82160405250296 
69 3.63676745351902 
70 3.48736848789122 
71 3.4656638391584798 
72 3.4091737678831597 
73 3.26631199459324 
74 3.32173062215898 
75 3.4749986198559197 
76 3.82176867009058 
77 3.66719932456276 
78 4.0973940200865595 
79 3.87121092748056 
80 4.08242585956966 
81 3.96610483675542 
82 4.07362694691844 
83 3.8315148683530196 
84 3.89140623400816 
85 3.76771947649664 
86 3.90766319035216 
87 3.63260829032682 
88 3.8699284819613 
89 3.73902963406116 
90 4.0407387721441195 
91 3.71569610302328 
92 3.85041380255918 
93 3.72291310445406 
94 3.7967485096084603 
95 3.8178616052426597 
96 3.8600380980464997 
97 3.76639261880718 
98 3.76445913608472 
99 3.8170343658936403 
100 3.8187709651378396 
101 3.8718946721441396 
102 3.9300127146849 
103 3.84852880577978 
104 3.9353951671257805 
105 3.7712648648738005 
106 3.91128060493306 
107 4.0911917593271605 
108 4.11755337511888 
109 4.119943136074641 
110 3.98997180022074 
111 4.26009291248548 
112 3.99906545338318 
113 4.14456824963916 
114 3.92081262943562 
115 3.9710318107711204 
116 3.96616918954926 
117 3.84529781457944 
118 3.8908147169089604 
119 4.03333457182704 
120 3.9935828761562595 
121 4.01271859575268 
122 4.02038545685948 
123 3.9765105346040004 
124 3.85242308394796 
125 4.03921125084654 
126 4.19747586499724 
127 3.87168338754552 
128 4.1817336531721 
129 3.94572823856418 
130 4.29156923270886 
131 4.10035181516428 
132 4.31154206515526 
133 4.153662400071299 
134 4.253078734886779 
135 4.01545074403106 
136 4.29272032337364 
137 3.99854123362664 
138 4.36647470748722 
139 4.0044576485954 
140 4.42541630565796 
141 3.9575677982141 
142 4.37497115118492 
143 3.9449760544845196 
144 4.40809737706548 
145 4.02223051085376 
146 4.31063216201248 
147 4.05672512718864 
148 4.414582580108 
149 4.15117074469092 
150 4.414624292884239 
151 4.1099259457917 
152 4.34461937879728 
153 4.39050565472212 
154 4.38245701903914 
155 4.20648744097042 
156 4.15866041876554 
157 4.09200284319282 
158 3.99254859255836 
159 4.09500526529786 
160 3.8875848594538605 
161 3.7892965076051603 
162 3.78989598501936 
163 3.64302551836692 
164 3.8108410456355797 
165 3.97271850733936 
166 3.89289327444054 
167 3.9933837820201603 
168 3.96830207694322 
169 3.93254345587716 
170 4.00066860898554 
171 3.8813207502091798 
172 3.86932655278626 
173 3.8813207502091798 
174 3.8345668148569603 
175 3.8221325703100595 
176 3.82386862203032 
177 3.89498187599648 
178 3.8542912295224396 
179 3.9557778294170802 
180 4.2481168857229 
181 3.65551367225052 
182 4.14600550836748 
183 3.6965822997218 
184 4.15086408189608 
185 3.63509510237126 
186 4.03297219873052 
187 3.77002577077034 
188 4.0568345305861 
189 3.8668053476756596 
190 4.217156653439821 
191 4.21826416925164 
192 4.32084355549454 
193 4.57345114475144 
194 4.61899552222754 
195 4.52627624476498 
196 4.42919905266644 
197 4.65455014871634 
198 4.59867441446492 
199 4.45317463795922 
200 4.4429810799415 
201 4.362949365837 
202 4.40929868438802 
203 4.4039289808032995 
204 4.51448882999094 
205 4.2133738039868 
206 4.097343539876141 
207 4.07228663884268 
208 4.00862576829922 
209 4.06332625153788 
210 3.9585448412463995 
211 4.09453135288392 
212 3.85206357965058 
213 4.0536116727175395 
214 3.9394812622806397 
215 4.30560769871244 
216 4.24648767421022 
217 4.20957168687338 
218 4.40945096164016 
219 4.29563618845772 
220 4.32571274691226 
221 4.2881096037897795 
222 4.4732293732804 
223 4.0942872909417 
224 4.14512215314588 
225 3.9640199519052204 
226 3.9179467985717205 
227 3.7268269495495803 
228 3.7945466730888198 
229 3.80023281180424 
230 3.63735711969448 
231 3.74582447674426 
232 3.71669201600172 
233 3.9262061475498795 
234 3.63852571082142 
235 4.0044922694697 
236 3.8217584529378796 
237 3.92646878380232 
238 3.9923357710434404 
239 4.09917737978352 
240 4.06863655549928 
241 4.0714444023146 
242 4.1651030611811 
243 4.10398132719398 
244 4.348108654704459 
245 4.1703873492735 
246 4.2583676527654 
247 3.92016641066056 
248 4.3120493625032 
249 3.95742238904734 
250 4.52092451657584 
251 3.8769338835504796 
252 4.36929608492214 
253 3.9464144769258604 
254 4.37221929941752 
255 4.09923375717458 
256 4.32921865570478 
257 3.9597814921840198 
258 4.21438799448906 
259 4.0757539804282406 
260 4.1207001225185405 
261 4.12087262493998 
262 4.1394240009498 
263 4.19641603533538 
264 4.27094653975984 
265 4.24649450514344 
266 4.20031985903182 
267 4.033188484868679 
268 4.0322506078657 
269 3.89820719956816 
270 3.87200885216322 
271 3.7620916628807004 
272 3.7929791347287596 
273 3.6736021927205003 
274 3.70547929059956 
275 3.7570229281241403 
276 3.9092413410774 
277 3.95961293290676 
278 4.1096305711792 
279 4.11563664204524 
280 4.2324432315271 
281 4.31690138908988 
282 4.19335035027468 
283 4.25085028224748 
284 4.22956531112376 
285 4.52672173664868 
286 4.113250162184 
287 4.276964664981859 
288 4.019866678309841 
289 4.27643319135338 
290 3.79858464416206 
291 4.19592754018318 
292 4.1089698380906 
293 4.1496131361272 
294 4.40681878876316 
295 4.3754803958957 
296 4.43919894950314 
297 4.4349036661126595 
298 4.49069932949132 
299 4.4947989632800205 
300 4.2678388438953805 
301 4.408496717910159 
302 4.23833856580238 
303 4.49802270679636 
304 4.2930604048729 
305 4.4543490517235 
306 4.30208937577078 
307 4.48138624371532 
308 4.349723080402461 
309 4.51238717389648 
310 4.193333133094 
311 4.443842492878639 
312 4.0413611261932605 
313 4.3005584382566395 
314 3.9573396044045195 
315 4.15175458428096 
316 3.8434368810339796 
317 4.1708660240583395 
318 4.02932710643544 
319 4.188332437076459 
320 4.12294667629278 
321 4.25757128380456 
322 4.126421563503181 
323 4.26544969063196 
324 4.12055194099368 
325 4.218285041941639 
326 4.12055194099368 
327 4.0418505994003 
328 4.05862800648648 
329 4.07158671439544 
330 4.12015417362262 
331 4.0794376408239 
332 4.14064647723844 
333 3.9543669575195404 
334 3.94043331393582 
335 3.8848906713926397 
336 3.87073285360218 
337 3.91013098152274 
338 3.9053961161261803 
339 3.89204577278202 
340 3.9182389815259597 
341 4.107430932034999 
342 3.83278606214692 
343 4.40899951363974 
344 3.9889460443267195 
345 4.3634900719856 
346 3.9200686336634 
347 4.3548627587232405 
348 3.8662700752656596 
349 4.29117874523404 
350 4.15193615794732 
351 4.29117874523404 
352 4.16084528152944 
353 4.286851434374119 
354 4.11107927170292 
355 4.41322269475856 
356 4.2306637160982 
357 4.39433171378782 
358 4.11555603603864 
359 4.39433171378782 
360 4.14344984445396 
361 4.4655357772821604 
362 4.237180951249821 
363 4.44883716433576 
364 4.22716896117688 
365 4.29978844663068 
366 4.15861918082306 
367 4.23709781751988 
368 4.05528691156566 
369 4.259675274845 
370 4.01136656170462 
371 4.23523746810054 
372 3.8967005324660597 
373 4.3237131448013 
374 3.99332515269914 
375 4.18108107910674 
376 3.9973332400921997 
377 4.11207493325238 
378 4.02453017977912 
379 4.1220694697052 
380 4.05997294591698 
381 4.10565552481894 
382 4.1674752360234795 
383 4.14034199797672 
384 4.24670836492302 
385 4.16788372248792 
386 4.24572640330942 
387 4.174607894309959 
388 4.3189306021587 
389 4.275797685435 
390 4.120690822200681 
391 4.19222954104662 
392 4.02322937932744 
393 4.07192289905434 
394 3.9188954159766403 
395 3.9746684194730397 
396 3.82523231680266 
397 4.0790175969938804 
398 3.8125632201491597 
399 4.09942753125002 
400 4.00893468104962 
401 4.20776834727734 
402 4.3442903536143 
403 4.32525691754884 
404 4.65152745234062 
405 4.41900615262492 
406 4.73731872385744 
407 4.251544277704 
408 4.31963625026438 
409 4.09011533700226 
410 4.03569617496444 
411 4.21291415582812 
412 3.8843581229449398 
413 3.97498054176656 
414 3.90615985618942 
415 4.20616802967736 
416 4.3113460192161 
417 4.28001912101794 
418 4.6294122630131 
419 3.97198280667836 
420 4.4363305707575 
421 3.96875599068114 
422 4.240508429877741 
423 3.7438816405259603 
424 3.86229670947744 
425 3.75336447083576 
426 3.68598845845396 
427 3.76251308161878 
428 3.6827905606049 
429 3.90262799272016 
430 3.9614591234086602 
431 4.0555663870907 
432 4.33967084380898 
433 4.01983427613826 
434 4.512356877660499 
435 4.07778528279518 
436 4.6646336463132005 
437 3.96576050793844 
438 4.4379873275811805 
439 3.9634607073786596 
440 4.323594995719899 
441 4.06749267862744 
442 4.44362047593522 
443 4.04654633445356 
444 4.47138157691428 
445 4.2428288303868795 
446 4.38050375014676 
447 4.219097787333061 
448 4.398155855538819 
449 4.15787359185326 
450 4.14786817218766 
451 4.180440099251539 
452 4.14103997216832 
453 4.190217953115 
454 4.16040606621986 
455 4.36820616084384 
456 4.0094261385811 
457 4.03213360195644 
458 4.03213360195644 
459 4.6563243009640995 
460 3.9766155884624 
461 4.59538528830278 
462 3.9734770149726204 
463 4.6987633880507405 
464 4.0191710281485005 
465 4.5796864365758 
466 4.074245984645421 
467 4.38644736571542 
468 4.06601347553268 
469 4.2661244729601995 
470 3.9996629344628603 
471 4.19696672525182 
472 3.8881969620695997 
473 4.32305362074416 
474 3.90331479720644 
475 4.27444467588 
476 4.0222053064568595 
477 4.02820344804058 
478 3.90665378785974 
479 4.19229533190126 
480 4.0382487883345 
481 4.19229533190126 
482 4.03840667024512 
483 4.3525522686930795 
484 3.96588209702376 
485 4.483868830209341 
486 4.11641706903092 
487 4.35662043277474 
488 4.0944365795827995 
489 4.25337431882946 
490 4.06242548831788 
491 4.096933156135281 
492 4.01322036251464 
493 4.150807086245161 
494 4.05196957736384 
495 4.33961638458122 
496 4.1092735745481 
497 4.2327334547893205 
498 4.07819445207178 
499 4.28724630139922 
500 4.15645122568632 
501 4.23458337188334 
502 4.11656601055244 
503 4.05189703783436 
504 3.9500396663233404 
505 4.1342710176180395 
506 3.9931831392095396 
507 4.17441669195998 
508 3.944390149767 
509 4.26253196135002 
510 3.95055283479714 
511 4.445218295399 
512 4.19975762393 
513 4.5054887008668 
514 4.10258262723574 
515 4.4411936032560595 
516 4.12359247057572 
517 4.2956589546820805 
518 3.9833396341780998 
519 4.31338851016342 
520 3.92322828929032 
521 4.37943784065504 
522 3.98145376096942 
523 4.42501839784582 
524 4.0325112740683 
525 4.52331642862076 
526 4.117090621033499 
527 4.42348866688896 
528 4.16778494453574 
529 4.42492399488302 
530 4.16933891719886 
531 4.4802656085354 
532 4.35287525427914 
533 4.42765773475724 
534 4.2992029794859805 
535 4.3824025928346 
536 4.2992029794859805 
537 4.3824025928346 
538 4.337277631783261 
539 4.573163716517341 
540 4.3665200205810795 
541 4.8526466518269 
542 4.5006580493624195 
543 4.9799999999999995 
544 4.5006580493624195 
545 4.9515988887116995 
546 4.61166874802568 
547 4.94559624298028 
548 4.61166874802568 
549 4.9722776146321 
550 4.74735301571996 
551 4.8697383624148 
552 4.6002570793692 
553 4.73731799347108 
554 4.6002570793692 
555 4.31540578999228 
556 4.38466548642334 
557 4.0065610395096005 
558 4.110632368884859 
559 4.0349621507979005 
560 4.17154583068018 
561 4.17338516547306 
562 4.15340955437396 
563 4.30562609367302 
564 4.45229124127808 
565 4.44913210617148 
566 4.5791593352220605 
567 4.47003361554564 
568 4.56216468261498 
569 4.47003361554564 
570 4.51260534141992 
571 4.51749578200518 
572 4.6597703650144195 
573 4.37907276733004 
574 4.72746598251572 
575 4.2076361945292 
576 4.4766078046482 
577 4.05709389322422 
578 4.2025746871097 
579 4.03619238385006 
580 4.2195693397168 
581 4.17461539852522 
582 4.20143306341056 
583 4.29858980486652 
584 4.4788363447568 
585 4.44913210617148 
586 4.60570443870078 
587 4.47522132005336 
588 4.5887097860937 
589 4.47522132005336 
590 4.5391504448986195 
591 4.5226834865129 
592 4.52589791159148 
593 4.46075855181136 
594 4.52124855050052 
595 4.24614015077414 
596 4.5176220090906805 
597 4.10959890354154 
598 4.58355600630296 
599 4.06015729077928 
600 4.4062197184068195 
601 4.1409640130022805 
602 4.4820673103632 
603 4.16741663436168 
604 4.28068330885994 
605 4.30395788159428 
606 4.1287019342854006 
607 4.27830716937668 
608 4.01627240200318 
609 4.2674215084406395 
610 4.01338289785006 
611 4.2132162669343005 
612 4.0142999795299 
613 4.10349778676106 
614 3.87337832378304 
615 4.1573957627479405 
616 3.9088368532039 
617 4.41727762636404 
618 3.93796555324664 
619 4.63355943366634 
620 4.12473424520902 
621 4.6521570842362205 
622 4.18989687523142 
623 4.65101330693086 
624 4.2936093749071 
625 4.65101330693086 
626 4.35264255996594 
627 4.39243059620652 
628 4.168861495129979 
629 4.48355142580988 
630 4.2041726720538 
631 4.463066437567219 
632 4.13085892703298 
633 4.25049539366226 
634 4.04276204784336 
635 4.34049186114516 
636 4.1208129846158 
637 4.36466483786106 
638 4.31500382827998 
639 4.406292243840641 
640 4.3914724850774 
641 4.4756538421545 
642 4.53719648736444 
643 4.29136690752364 
644 4.41940420482472 
645 4.16817375413028 
646 4.0627104390241 
647 4.03657009331102 
648 3.9812841846444997 
649 3.91239778922902 
650 3.77800805304636 
651 4.0010320942743 
652 3.8611420574901403 
653 4.11250090414548 
654 3.9830809297376804 
655 4.18262900776214 
656 4.06058595458974 
657 4.149879690328801 
658 4.064639502442001 
659 4.2341894077316 
660 4.12562346207994 
661 4.02212146796992 
662 4.12334651388678 
663 4.1287311712945 
664 4.0814958720016 
665 4.15426059619862 
666 4.12970342615982 
667 4.32476552252304 
668 4.29732503751014 
669 4.39607023708212 
670 4.356443393468259 
671 4.53334391122148 
672 4.3669296213135 
673 4.76622405719452 
674 4.44742814029188 
675 4.58026361501986 
676 4.14847093463694 
677 4.55579262341808 
678 4.1521385293650805 
679 4.30932590111992 
680 4.01953443682574 
681 4.30643791609278 
682 3.9316371930262 
683 4.50182258736724 
684 4.06194215022174 
685 4.39441196578696 
686 3.9955676839467005 
687 4.5503080900157205 
688 4.2043499374877396 
689 4.35806342494986 
690 4.1922877733694 
691 4.06755141203396 
692 4.38219313723284 
693 4.05923670441462 
694 4.41945113452278 
695 3.74198588055918 
696 4.09574744691962 
697 3.62117991334578 
698 3.95968944860054 
699 3.57881405693858 
700 3.77548472874292 
701 3.6565680183204003 
702 3.8341429461169803 
703 3.76711565263468 
704 4.08150841703302 
705 3.76239907527754 
706 4.20861271636478 
707 3.90255639368502 
708 4.17066220468606 
709 3.778405710335 
710 4.05864835356996 
711 3.9095396536609797 
712 4.20058029106744 
713 4.23531887098876 
714 4.23531887098876 
715 4.2762725120494 
716 4.2762725120494 
717 4.06416035567828 
718 4.19895237857818 
719 4.20125170618012 
720 4.22791261159238 
721 4.24035177748254 
722 4.19049108505028 
723 4.44080724723462 
724 3.91649855228104 
725 4.5343221722355 
726 3.8873183960479 
727 4.5899513726493195 
728 4.09677836166534 
729 4.50893431666412 
730 4.0882729240711 
731 4.50893431666412 
732 3.9793100128228196 
733 4.37560170371726 
734 4.063975999016099 
735 4.00479036704058 
736 3.75878890952542 
737 4.11606405938284 
738 3.75991659949182 
739 3.97898090427568 
740 3.8731993964992 
741 3.9865480451623 
742 3.8459519249506995 
743 4.29211769268382 
744 3.92564366075094 
745 4.41777111726986 
746 3.9737996082861597 
747 4.46839041792018 
748 4.0763218491934605 
749 4.5036463376797595 
750 4.047440929921899 
751 4.5688880268349 
752 4.2566713165170595 
753 4.58925082577848 
754 4.38565268570728 
755 4.675714680235339 
756 4.32522700604388 
757 4.7114556010456194 
758 4.36011271026232 
759 4.50945577996498 
760 4.19476714108196 
761 4.44155989855452 
762 4.11249332239404 
763 4.4294118022419 
764 4.13403979735976 
765 4.4379926225688004 
766 4.2047970654719995 
767 4.486278240406699 
768 4.279960101288561 
769 4.43766014491258 
770 4.2196743677319395 
771 4.449808241225201 
772 4.08977974734752 
773 4.3725830937176 
774 4.01087794301904 
775 4.24482883531266 
776 3.91110167487408 
777 4.08396319064922 
778 3.8284517453750198 
779 3.80466144084956 
780 3.9044299292716196 
781 3.80785514428056 
782 3.9110977148450603 
783 4.08932360592822 
784 4.10105651635378 
785 4.09130872101952 
786 4.08904864637862 
787 4.37441105605628 
788 3.9554175190781797 
789 4.325211661508201 
790 3.92264043285694 
791 4.31757032480404 
792 3.7753911073443 
793 4.48730113852292 
794 3.9048180092961404 
795 4.45758360830288 
796 3.8970876843746405 
797 4.4060009467114805 
798 3.7974585519607205 
799 4.2373671262639805 
800 3.8884272088388 
801 4.1082978873913 
802 3.88243164342342 
803 3.83827087030498 
804 4.0352940911336 
805 3.85352429395762 
806 4.11279233467194 
807 4.02979945110928 
808 4.05889393205726 
809 4.15125291866552 
810 4.1219248990784 
811 4.4471968807348 
812 4.02948105858076 
813 4.41989183096196 
814 4.05483612006816 
815 4.41989183096196 
816 4.1650151913174 
817 4.3004838052115 
818 4.05115357464452 
819 4.20253030672228 
820 3.9887237782496796 
821 4.24165917542902 
822 3.9622537524829604 
823 4.24165917542902 
824 3.81136578582642 
825 4.19379209550796 
826 3.7797907801202 
827 4.0080477373709 
828 3.9494377355338 
829 3.91164220255324 
830 3.90477942973384 
831 3.91164220255324 
832 4.01382095976128 
833 4.11349957830422 
834 4.14121345601872 
835 4.3571754944039 
836 4.1899122374761 
837 4.55520514495056 
838 4.2991757926641 
839 4.45618256512612 
840 4.3354577371475 
841 4.28518670955918 
842 4.2057110836336795 
843 4.1483461946857 
844 4.0823610957500795 
845 4.17617533006624 
846 4.18439343133552 
847 4.1240252756757005 
848 4.04075240767114 
849 4.119581995438 
850 4.00171883607688 
851 4.008032030265619 
852 4.0159586894323 
853 3.8853881995685597 
854 3.876025850282 
855 4.03656083378356 
856 3.9747268284884596 
857 4.03897537069238 
858 3.9360580217815198 
859 4.0492151081347 
860 3.8536544875262004 
861 3.9829096114160203 
862 3.80449243845734 
863 3.81413957426754 
864 3.78604282678996 
865 3.73786181641116 
866 3.7860721873895797 
867 3.71470259966902 
868 3.8442003092335804 
869 3.67691275878496 
870 3.8588931374579998 
871 3.69765336692634 
872 3.77875075365628 
873 3.81125563757832 
874 3.7965346369587003 
875 3.8194071723196403 
876 3.85108864488896 
877 3.9053471116515803 
878 3.91520556332434 
879 3.9626364002307 
880 3.9835341079943 
881 4.0030730610661 
882 4.05563492709518 
883 4.296253426197 
884 4.03914402968906 
885 4.26919701881356 
886 4.05688597510144 
887 4.18392837287818 
888 3.92465243361086 
889 4.12717555419908 
890 3.9855343727752803 
891 4.042400394048579 
892 4.00973208133836 
893 4.10151329786694 
894 4.0620511140482005 
895 4.1560105158091805 
896 4.15829212113698 
897 4.27959961838802 
898 4.1570200171579 
899 4.250476286529841 
900 4.15993244523686 
901 4.36031397317604 
902 4.22846772378284 
903 4.36550739271118 
904 4.21187753274692 
905 4.310256129572879 
906 4.19188512583088 
907 4.38518418981212 
908 4.18941738844088 
909 4.21678820939 
910 4.01856792577124 
911 4.34873879806452 
912 3.86410051455274 
913 4.264708533430261 
914 3.77816755107252 
915 3.9905670111433205 
916 3.7561522083446 
917 4.04084665242826 
918 3.7289809808622203 
919 3.6226071808878197 
920 3.64039260667922 
921 3.5515595849744797 
922 3.69315330372144 
923 3.3686517984731 
924 3.58763844503956 
925 3.30751593483006 
926 3.5107174139126203 
927 3.38156522005964 
928 3.61013809761374 
929 3.46129669699942 
930 3.58227042837408 
931 3.5250874880186602 
932 3.70800954044594 
933 3.62050357088088 
934 3.9967144763758 
935 3.69007882218872 
936 4.09942261122064 
937 3.7395750970143 
938 4.112264527245 
939 3.8992251420219 
940 4.0629458137585 
941 3.97462719593234 
942 3.94465754638302 
943 3.9815612852423796 
944 3.9184568491978404 
945 3.88535429073832 
946 3.9234838768594997 
947 3.92555474095404 
948 4.07763872693204 
949 3.7668448967016 
950 3.96647618584512 
951 3.8621948027003397 
952 4.10291078995972 
953 3.93260272292292 
954 4.1626981107678 
955 3.9545125622983 
956 4.13611080385878 
957 4.13409603299548 
958 4.199843942112301 
959 4.02527153152816 
960 4.2638877158789 
961 3.8603969560876203 
962 4.1247507601809605 
963 3.84707372490534 
964 4.2640959821152995 
965 3.97024714572646 
966 4.30493231713714 
967 4.118482739094 
968 4.30493231713714 
969 4.3039533856408 
970 4.40440959152202 
971 4.295420166358079 
972 4.02069181994298 
973 4.12304905862598 
974 3.9646660364438397 
975 4.24033646663148 
976 3.9646660364438397 
977 4.15395818677136 
978 3.8638843961836598 
979 3.97324812797836 
980 3.9900390602069997 
981 3.83652931745448 
982 3.8671376228588796 
983 3.76628335869718 
984 3.68881680508488 
985 3.9033062295894196 
986 3.76010854857608 
987 4.02837680460202 
988 3.8167230284270195 
989 4.14922546259488 
990 3.88855266991488 
991 3.8532769400053803 
992 3.97192247561708 
993 3.76396949907704 
994 3.91438173604696 
995 3.93480172449188 
996 3.93480172449188 
997 3.93480172449188 
998 3.93480172449188 
999 3.8445097754320203 
1000 4.16290202812774 
1001 3.76531578882686 
1002 4.3506963623117 
1003 3.7636267136100003 
1004 4.36567878329208 
1005 3.98282146161594 
1006 4.45560694661976 
1007 4.13518447505398 
1008 4.33808741440092 
1009 4.19179313941312 
1010 4.2677404879034 
1011 4.279481336924 
1012 4.361785011388 
1013 4.18317264790046 
1014 4.15471878084484 
1015 4.07759865877194 
1016 4.14231481408082 
1017 4.04072344012366 
1018 4.26936911674854 
1019 4.1766198230731595 
1020 4.33982194048488 
1021 4.2057088632109 
1022 4.54391697834126 
1023 4.19073421935682 
1024 4.66692801062956 
1025 4.20187216208928 
1026 4.6236080294086 
1027 4.21022186329542 
1028 4.651127003663 
1029 4.1069035582816 
1030 4.409628109727739 
1031 4.15519816999822 
1032 4.32862112393558 
1033 4.23900864438418 
1034 4.3478180607736805 
1035 4.23900864438418 
1036 4.3941840533974 
1037 4.348637966979 
1038 4.646986990606 
1039 4.36210546362 
1040 4.49555190427646 
1041 4.39566448331926 
1042 4.49555190427646 
1043 4.32631676390236 
1044 4.46369964583114 
1045 4.25103620866642 
1046 4.38239806667614 
1047 4.12657445240248 
1048 4.576451534971261 
1049 4.11601908894556 
1050 4.3355019857398 
1051 4.09686444889916 
1052 4.29250688263322 
1053 4.17376000690548 
1054 4.37049845994576 
1055 4.29636588536314 
1056 4.32767883078926 
1057 4.12844311480464 
1058 4.56862838002072 
1059 4.21694547426792 
1060 4.5816875402208 
1061 4.18039342588308 
1062 4.47262048501106 
1063 4.12793654134508 
1064 4.6582794831472 
1065 4.28434203485228 
1066 4.55351745203896 
1067 4.28434203485228 
1068 4.5908189790481995 
1069 4.5367380779493205 
1070 4.59358017634688 
1071 4.6908023515026205 
1072 4.55669606260578 
1073 4.7574047044304 
1074 4.661458093714041 
1075 4.7574047044304 
1076 4.58947233314458 
1077 4.41314472557088 
1078 4.33563061944664 
1079 4.2258796057469805 
1080 4.42804678598638 
1081 4.0404478608739405 
1082 4.07910376896788 
1083 3.88429180139766 
1084 4.03698211945266 
1085 3.90006879056086 
1086 4.0501422163359 
1087 3.97469157356864 
1088 4.0501422163359 
1089 3.8541500020625796 
1090 4.23083279295472 
1091 4.01030606153886 
1092 4.1351124978035 
1093 4.03863188728098 
1094 4.1429113888333 
1095 4.06880331332448 
1096 4.1429113888333 
1097 4.178621433102601 
1098 4.31116382923298 
1099 3.9113770845164195 
1100 4.3451678070124204 
1101 3.97976591713554 
1102 4.43191487486682 
1103 4.15280515351608 
1104 4.21544698630448 
1105 4.314049096873481 
1106 3.8930533397606197 
1107 4.58129344545968 
1108 3.9482840945395 
1109 4.54837529655876 
1110 3.99134718290816 
1111 4.38044389203484 
1112 4.1028431092956 
1113 4.27734804085486 
1114 4.20984120066988 
1115 4.27734804085486 
1116 4.2909521993506 
1117 4.27062240468836 
1118 4.33022426109372 
1119 4.25724602039528 
1120 4.0633686576314405 
1121 4.31213226649884 
1122 3.9336196622947397 
1123 4.15805639683172 
1124 3.8269950760787403 
1125 4.0742138900235405 
1126 3.7528973397053798 
1127 4.003311474462 
1128 3.65659859264054 
1129 3.89443342035054 
1130 4.00174314314682 
1131 3.68639420538512 
1132 3.93155034721892 
1133 3.7283414817193403 
1134 3.78632975504454 
1135 3.6726803050753802 
1136 4.2147232374577595 
1137 3.8412330267634 
1138 4.2173046003194 
1139 3.77070373814536 
1140 4.29473286000238 
1141 3.85442438307426 
1142 4.68387169507718 
1143 4.1013048203737394 
1144 4.65915655162562 
1145 4.01647669311968 
1146 4.65130006401356 
1147 4.17977018097358 
1148 4.83848389505278 
1149 4.2449593802703 
1150 4.8403780726914 
1151 4.21408192344354 
1152 4.82122355928772 
1153 4.12519829118774 
1154 4.58720304136016 
1155 4.1417406851843195 
1156 4.658710188613879 
1157 4.07432975834168 
1158 4.44877018564684 
1159 3.94141557535126 
1160 4.50903601834466 
1161 3.9219990311611 
1162 4.73339605254126 
1163 3.8169004465741203 
1164 4.58743124227242 
1165 3.78772236412332 
1166 4.600305203462 
1167 4.04532540248642 
1168 4.45063558240796 
1169 4.09978847807914 
1170 4.4908964701103 
1171 4.29436789781686 
1172 4.39388036826524 
1173 4.33045924752932 
1174 4.4060600042879 
1175 4.18619730508528 
1176 4.39501838664232 
1177 4.21447141273654 
1178 4.35025093553152 
1179 4.3777990689859 
1180 4.381483022756 
1181 4.36640047687046 
1182 4.445910395350721 
1183 4.43584528783854 
1184 4.34866098599808 
1185 4.3466522786800805 
1186 4.53270887914394 
1187 4.3466522786800805 
1188 4.54522927623428 
1189 4.29637470073034 
1190 4.56688645132854 
1191 4.23247333413582 
1192 4.49611050777416 
1193 4.20360488226424 
1194 4.49108267346372 
1195 4.20360488226424 
1196 4.52995117823884 
1197 4.359554522833561 
1198 4.62714471786878 
1199 4.44009787874812 
1200 4.34387427592224 
1201 4.644131755848 
1202 4.32125267856974 
1203 4.53296668960386 
1204 4.19566816987394 
1205 4.65403774849462 
1206 4.0309675048652 
1207 4.4700147103038805 
1208 4.3850138903661 
1209 4.23379209974276 
1210 4.28565533979252 
1211 4.21936916286578 
1212 4.25541948911702 
1213 4.21936916286578 
1214 4.42012015412576 
1215 4.5868308669623605 
1216 4.2865400940275 
1217 4.65910432799346 
1218 4.28080143814698 
1219 4.48517170002716 
1220 4.28484258858052 
1221 4.48929671797358 
1222 4.20414941563954 
1223 4.31054639564982 
1224 4.17920786094128 
1225 4.2813938912923195 
1226 4.14786181254184 
1227 4.5827739248871 
1228 4.285848393464 
1229 4.431322826314441 
1230 4.39212551734332 
1231 4.4423071696745 
1232 4.36440532700378 
1233 4.28631549240324 
1234 4.3456795679059805 
1235 3.97779061411738 
1236 4.34872145969584 
1237 4.0161761614809794 
1238 4.23294303008906 
1239 3.89603555598388 
1240 4.41918483522514 
1241 3.9003827503615596 
1242 4.33251236459326 
1243 3.8562169905307995 
1244 4.22454075384054 
1245 3.6970774400059403 
1246 4.31473523250898 
1247 3.8277435693426 
1248 4.0701884673565 
1249 3.7342111277985 
1250 4.01697059587098 
1251 3.8637431939512803 
1252 4.1956166496270795 
1253 3.6582168241921402 
1254 3.80574399425504 
1255 3.53949943396806 
1256 4.0502907594075195 
1257 3.48552785140188 
1258 4.36931444809892 
1259 3.39857900511914 
1260 4.36655585216092 
1261 3.6080845895356797 
1262 4.5044187589189795 
1263 3.7292476803851202 
1264 4.438818885639099 
1265 3.95432810767662 
1266 4.3173831562601 
1267 3.9977391817448202 
1268 4.29275948977336 
1269 4.01160503362644 
1270 4.544769238387341 
1271 4.074779869080659 
1272 4.25857480330226 
1273 4.03634193389472 
1274 4.37356401454154 
1275 4.05822688817548 
1276 4.24328750648438 
1277 3.91818327962232 
1278 3.9299686556701197 
1279 3.68350646521688 
1280 3.8711274943659397 
1281 3.72522285717352 
1282 3.8706754903460996 
1283 3.67861462418988 
1284 3.9145020818880396 
1285 3.64530276598158 
1286 3.9037269654300197 
1287 3.56394923456772 
1288 4.29978840696552 
1289 3.4537847799584 
1290 4.13715693283536 
1291 3.29388941919848 
1292 4.00497159473112 
1293 3.41073592995312 
1294 4.11012885689666 
1295 3.7644060145058 
1296 4.0455363523640795 
1297 3.72116683359026 
1298 4.12005823987316 
1299 3.75104044708756 
1300 4.13340158992148 
1301 3.76722187687018 
1302 4.26913701671624 
1303 3.56296844043096 
1304 4.36917003757004 
1305 3.70880917409868 
1306 4.2530212002318795 
1307 3.7535449665265803 
1308 4.31186699689046 
1309 3.68302297241214 
1310 4.26442019860418 
1311 3.72039215557414 
1312 4.24781634243212 
1313 4.442042434797839 
