0 0 
1 1 
2 1 
3 1 
4 2 
5 1 
6 2 
7 1 
8 2 
9 1 
10 2 
11 1 
12 2 
13 2 
14 2 
15 2 
16 2 
17 2 
18 2 
19 2 
20 2 
21 2 
22 2 
23 1 
24 2 
25 2 
26 2 
27 2 
28 2 
29 2 
30 2 
31 2 
32 2 
33 2 
34 2 
35 3 
36 2 
37 3 
38 2 
39 3 
40 2 
41 3 
42 2 
43 2 
44 2 
45 2 
46 2 
47 2 
48 2 
49 3 
50 2 
51 3 
52 1 
53 3 
54 1 
55 2 
56 1 
57 1 
58 2 
59 2 
60 2 
61 2 
62 2 
63 2 
64 2 
65 2 
66 3 
67 1 
68 2 
69 2 
70 3 
71 2 
72 3 
73 3 
74 3 
75 3 
76 3 
77 3 
78 3 
79 3 
80 3 
81 2 
82 3 
83 3 
84 3 
85 3 
86 3 
87 2 
88 3 
89 2 
90 3 
91 2 
92 3 
93 2 
94 3 
95 2 
96 3 
97 3 
98 2 
99 3 
100 2 
101 2 
102 2 
103 2 
104 2 
105 3 
106 2 
107 3 
108 2 
109 2 
110 2 
111 3 
112 2 
113 3 
114 2 
115 3 
116 2 
117 2 
118 1 
119 2 
120 2 
121 3 
122 2 
123 3 
124 2 
125 3 
126 2 
127 3 
128 2 
129 3 
130 2 
131 3 
132 2 
133 3 
134 2 
135 2 
136 2 
137 2 
138 2 
139 2 
140 2 
141 2 
142 2 
143 1 
144 2 
145 1 
146 2 
147 2 
148 2 
149 2 
150 2 
151 2 
152 2 
153 3 
154 2 
155 3 
156 1 
157 3 
158 1 
159 3 
160 1 
161 3 
162 1 
163 3 
164 1 
165 3 
166 1 
167 3 
168 2 
169 3 
170 3 
171 2 
172 2 
173 2 
174 2 
175 2 
176 1 
177 2 
178 2 
179 2 
180 2 
181 2 
182 2 
183 2 
184 3 
185 2 
186 2 
187 2 
188 2 
189 2 
190 2 
191 3 
192 2 
193 2 
194 2 
195 3 
196 2 
197 3 
198 2 
199 3 
200 1 
201 3 
202 1 
203 3 
204 2 
205 2 
206 2 
207 3 
208 3 
209 3 
210 3 
211 2 
212 3 
213 2 
214 3 
215 2 
216 3 
217 3 
218 3 
219 3 
220 3 
221 3 
222 3 
223 2 
224 2 
225 2 
226 2 
227 2 
228 1 
229 2 
230 2 
231 1 
232 3 
233 2 
234 2 
235 2 
236 2 
237 2 
238 2 
239 2 
240 2 
241 2 
242 2 
243 1 
244 2 
245 2 
246 2 
247 2 
248 3 
249 2 
250 2 
251 2 
252 2 
253 2 
254 2 
255 3 
256 2 
257 3 
258 2 
259 3 
260 3 
261 3 
262 2 
263 3 
264 2 
265 3 
266 2 
267 2 
268 3 
269 2 
270 3 
271 2 
272 3 
273 1 
274 2 
275 1 
276 3 
277 2 
278 3 
279 2 
280 3 
281 2 
282 3 
283 2 
284 3 
285 2 
286 2 
287 1 
288 1 
289 2 
290 1 
291 2 
292 2 
293 2 
294 2 
295 2 
296 2 
297 2 
298 2 
299 2 
300 3 
301 2 
302 3 
303 2 
304 2 
305 2 
306 2 
307 2 
308 2 
309 2 
310 2 
311 2 
312 2 
313 2 
314 2 
315 2 
316 1 
317 2 
318 2 
319 2 
320 2 
321 3 
322 2 
323 2 
324 2 
325 2 
326 2 
327 3 
328 2 
329 2 
330 2 
331 2 
332 2 
333 2 
334 2 
335 3 
336 2 
337 3 
338 2 
339 3 
340 3 
341 3 
342 2 
343 3 
344 2 
345 2 
346 2 
347 3 
348 3 
349 3 
350 3 
351 3 
352 2 
353 3 
354 1 
355 3 
356 2 
357 3 
358 2 
359 3 
360 1 
361 3 
362 1 
363 3 
364 1 
365 3 
366 2 
367 3 
368 2 
369 3 
370 2 
371 3 
372 3 
373 3 
374 3 
375 2 
376 3 
377 2 
378 2 
379 2 
380 2 
381 2 
382 2 
383 2 
384 2 
385 2 
386 2 
387 2 
388 1 
389 2 
390 1 
391 2 
392 1 
393 2 
394 1 
395 2 
396 1 
397 2 
398 1 
399 3 
400 2 
401 3 
402 2 
403 3 
404 2 
405 3 
406 2 
407 3 
408 2 
409 3 
410 1 
411 3 
412 1 
413 3 
414 1 
415 3 
416 1 
417 3 
418 1 
419 3 
420 1 
421 3 
422 1 
423 3 
424 1 
425 3 
426 1 
427 3 
428 2 
429 3 
430 2 
431 3 
432 2 
433 3 
434 2 
435 3 
436 2 
437 3 
438 3 
439 2 
440 3 
441 2 
442 3 
443 2 
444 3 
445 2 
446 3 
447 3 
448 3 
449 3 
450 3 
451 2 
452 3 
453 2 
454 3 
455 2 
456 3 
457 3 
458 3 
459 3 
460 3 
461 3 
462 3 
463 3 
464 3 
465 3 
466 3 
467 3 
468 3 
469 3 
470 3 
471 3 
472 3 
473 3 
474 3 
475 3 
476 3 
477 3 
478 3 
479 3 
480 3 
481 3 
482 3 
483 3 
484 3 
485 3 
486 2 
487 3 
488 2 
489 3 
490 2 
491 3 
492 2 
493 3 
494 3 
495 3 
496 3 
497 3 
498 3 
499 3 
500 3 
501 3 
502 2 
503 3 
504 2 
505 3 
506 2 
507 3 
508 2 
509 2 
510 2 
511 2 
512 2 
513 2 
514 2 
515 2 
516 2 
517 2 
518 2 
519 2 
520 1 
521 2 
522 1 
523 2 
524 2 
525 2 
526 2 
527 2 
528 2 
529 2 
530 2 
531 2 
532 2 
533 3 
534 2 
535 3 
536 2 
537 3 
538 2 
539 3 
540 1 
541 3 
542 1 
543 3 
544 2 
545 3 
546 2 
547 3 
548 2 
549 3 
550 2 
551 3 
552 2 
553 3 
554 2 
555 3 
556 3 
557 3 
558 3 
559 3 
560 3 
561 3 
562 3 
563 2 
564 2 
565 2 
566 2 
567 2 
568 2 
569 2 
570 2 
571 2 
572 2 
573 2 
574 2 
575 3 
576 3 
577 3 
578 3 
579 3 
580 3 
581 3 
582 3 
583 2 
584 3 
585 2 
586 3 
587 2 
588 3 
589 2 
590 3 
591 2 
592 3 
593 2 
594 3 
595 2 
596 3 
597 2 
598 3 
599 2 
600 3 
601 2 
602 3 
603 2 
604 3 
605 2 
606 3 
607 2 
608 2 
609 2 
610 2 
611 2 
612 3 
613 2 
614 3 
615 3 
616 2 
617 3 
618 2 
619 3 
620 2 
621 3 
622 2 
623 2 
624 2 
625 2 
626 2 
627 3 
628 2 
629 3 
630 1 
631 3 
632 2 
633 3 
634 3 
635 3 
636 3 
637 3 
638 3 
639 3 
640 2 
641 3 
642 2 
643 3 
644 3 
645 2 
646 3 
647 3 
648 3 
649 3 
650 3 
651 2 
652 3 
653 2 
654 2 
655 2 
656 2 
657 2 
658 2 
659 2 
660 2 
661 2 
662 2 
663 2 
664 2 
665 2 
666 2 
667 2 
668 2 
669 2 
670 2 
671 2 
672 3 
673 2 
674 3 
675 2 
676 2 
677 2 
678 2 
679 2 
680 2 
681 2 
682 2 
683 2 
684 2 
685 3 
686 2 
687 3 
688 2 
689 2 
690 2 
691 2 
692 2 
693 2 
694 2 
695 2 
696 3 
697 2 
698 3 
699 2 
700 2 
701 1 
702 2 
703 1 
704 2 
705 1 
706 2 
707 1 
708 2 
709 1 
710 3 
711 1 
712 3 
713 3 
714 3 
715 3 
716 3 
717 1 
718 2 
719 1 
720 2 
721 1 
722 2 
723 1 
724 1 
725 1 
726 2 
727 1 
728 2 
729 2 
730 1 
731 3 
732 2 
733 3 
734 3 
735 2 
736 2 
737 2 
738 2 
739 2 
740 2 
741 2 
742 1 
743 2 
744 2 
745 2 
746 2 
747 2 
748 2 
749 2 
750 2 
751 2 
752 2 
753 2 
754 2 
755 2 
756 2 
757 2 
758 2 
759 2 
760 2 
761 2 
762 2 
763 2 
764 3 
765 2 
766 3 
767 2 
768 3 
769 3 
770 3 
771 3 
772 2 
773 3 
774 3 
775 3 
776 3 
777 2 
778 2 
779 2 
780 2 
781 2 
782 3 
783 2 
784 3 
785 1 
786 2 
787 2 
788 2 
789 2 
790 2 
791 2 
792 2 
793 2 
794 1 
795 2 
796 1 
797 1 
798 1 
799 1 
800 2 
801 1 
802 3 
803 1 
804 2 
805 1 
806 2 
807 1 
808 2 
809 1 
810 2 
811 2 
812 2 
813 2 
814 2 
815 2 
816 2 
817 2 
818 2 
819 2 
820 2 
821 2 
822 2 
823 2 
824 2 
825 3 
826 2 
827 2 
828 2 
829 2 
830 2 
831 2 
832 2 
833 2 
834 3 
835 2 
836 2 
837 2 
838 3 
839 2 
840 3 
841 2 
842 3 
843 2 
844 3 
845 2 
846 3 
847 2 
848 3 
849 2 
850 3 
851 2 
852 3 
853 2 
854 3 
855 2 
856 3 
857 2 
858 3 
859 2 
860 3 
861 1 
862 3 
863 1 
864 3 
865 2 
866 3 
867 2 
868 3 
869 2 
870 3 
871 2 
872 3 
873 2 
874 3 
875 2 
876 2 
877 2 
878 2 
879 2 
880 1 
881 2 
882 2 
883 2 
884 3 
885 2 
886 3 
887 2 
888 3 
889 2 
890 3 
891 2 
892 2 
893 3 
894 2 
895 3 
896 2 
897 3 
898 2 
899 3 
900 2 
901 2 
902 2 
903 2 
904 3 
905 2 
906 3 
907 2 
908 3 
909 2 
910 3 
911 2 
912 3 
913 2 
914 3 
915 2 
916 3 
917 2 
918 3 
919 2 
920 3 
921 2 
922 3 
923 3 
924 3 
925 3 
926 3 
927 3 
928 3 
929 3 
930 3 
931 2 
932 3 
933 2 
934 3 
935 1 
936 3 
937 1 
938 3 
939 2 
940 3 
941 3 
942 2 
943 3 
944 2 
945 3 
946 2 
947 3 
948 2 
949 3 
950 2 
951 3 
952 2 
953 3 
954 3 
955 2 
956 3 
957 2 
958 3 
959 2 
960 3 
961 2 
962 3 
963 2 
964 3 
965 2 
966 3 
967 3 
968 3 
969 3 
970 3 
971 2 
972 3 
973 2 
974 3 
975 2 
976 3 
977 2 
978 3 
979 2 
980 3 
981 2 
982 3 
983 2 
984 3 
985 2 
986 3 
987 2 
988 2 
989 2 
990 2 
991 2 
992 2 
993 2 
994 2 
995 2 
996 2 
997 2 
998 2 
999 3 
1000 2 
1001 3 
1002 2 
1003 3 
1004 2 
1005 3 
1006 2 
1007 3 
1008 2 
1009 3 
1010 2 
1011 3 
1012 3 
1013 3 
1014 3 
1015 3 
1016 3 
1017 3 
1018 3 
1019 3 
1020 2 
1021 3 
1022 3 
1023 3 
1024 2 
1025 2 
1026 2 
1027 2 
1028 2 
1029 2 
1030 3 
1031 2 
1032 3 
1033 2 
1034 3 
1035 2 
1036 3 
1037 2 
1038 3 
1039 2 
1040 3 
1041 2 
1042 3 
1043 2 
1044 2 
1045 2 
1046 2 
1047 2 
1048 2 
1049 2 
1050 2 
1051 2 
1052 2 
1053 2 
1054 2 
1055 3 
1056 2 
1057 3 
1058 2 
1059 3 
1060 2 
1061 3 
1062 2 
1063 3 
1064 2 
1065 3 
1066 2 
1067 3 
1068 2 
1069 3 
1070 2 
1071 3 
1072 2 
1073 3 
1074 2 
1075 3 
1076 3 
1077 3 
1078 3 
1079 3 
1080 3 
1081 3 
1082 3 
1083 3 
1084 3 
1085 3 
1086 3 
1087 2 
1088 3 
1089 2 
1090 3 
1091 2 
1092 3 
1093 2 
1094 3 
1095 3 
1096 2 
1097 3 
1098 2 
1099 3 
1100 2 
1101 3 
1102 2 
1103 3 
1104 2 
1105 3 
1106 2 
1107 3 
1108 2 
1109 3 
1110 2 
1111 3 
1112 2 
1113 3 
1114 2 
1115 3 
1116 2 
1117 2 
1118 2 
1119 2 
1120 2 
1121 2 
1122 2 
1123 2 
1124 2 
1125 2 
1126 1 
1127 2 
1128 1 
1129 2 
1130 2 
1131 2 
1132 2 
1133 2 
1134 2 
1135 2 
1136 2 
1137 2 
1138 2 
1139 2 
1140 2 
1141 2 
1142 2 
1143 2 
1144 2 
1145 2 
1146 2 
1147 2 
1148 2 
1149 2 
1150 2 
1151 2 
1152 2 
1153 2 
1154 2 
1155 2 
1156 2 
1157 3 
1158 3 
1159 3 
1160 3 
1161 3 
1162 3 
1163 3 
1164 3 
1165 3 
1166 2 
1167 3 
1168 2 
1169 3 
1170 3 
1171 3 
1172 2 
1173 3 
1174 2 
1175 3 
1176 2 
1177 3 
1178 2 
1179 3 
1180 3 
1181 2 
1182 3 
1183 3 
1184 3 
1185 3 
1186 3 
1187 3 
1188 2 
1189 3 
1190 2 
1191 3 
1192 2 
1193 2 
1194 2 
1195 2 
1196 2 
1197 2 
1198 2 
1199 2 
1200 2 
1201 2 
1202 2 
1203 2 
1204 2 
1205 2 
1206 2 
1207 2 
1208 2 
1209 2 
1210 3 
1211 2 
1212 3 
1213 2 
1214 3 
1215 2 
1216 3 
1217 2 
1218 2 
1219 2 
1220 2 
1221 2 
1222 2 
1223 2 
1224 2 
1225 2 
1226 2 
1227 2 
1228 2 
1229 1 
1230 2 
1231 1 
1232 2 
1233 1 
1234 2 
1235 1 
1236 2 
1237 1 
1238 2 
1239 1 
1240 2 
1241 1 
1242 2 
1243 1 
1244 2 
1245 1 
1246 2 
1247 1 
1248 2 
1249 1 
1250 2 
1251 1 
1252 2 
1253 1 
1254 2 
1255 1 
1256 2 
1257 1 
1258 2 
1259 1 
1260 2 
1261 1 
1262 2 
1263 1 
1264 2 
1265 1 
1266 2 
1267 2 
1268 1 
1269 2 
1270 1 
1271 2 
1272 1 
1273 2 
1274 2 
1275 2 
1276 2 
1277 2 
1278 2 
1279 2 
1280 2 
1281 2 
1282 2 
1283 2 
1284 3 
1285 2 
1286 3 
1287 2 
1288 3 
1289 2 
1290 3 
1291 2 
1292 3 
1293 2 
1294 3 
1295 2 
1296 3 
1297 2 
1298 2 
1299 2 
1300 2 
1301 2 
1302 2 
1303 2 
1304 2 
1305 2 
1306 2 
1307 2 
1308 2 
1309 2 
1310 2 
1311 3 
1312 2 
1313 2 
