0 17.031945781102163 
1 13.898594666958271 
2 13.114905006691432 
3 11.178252758381749 
4 15.503509660344719 
5 20.03460184473115 
6 16.238990886072028 
7 10.94967015008367 
8 17.85190040434135 
9 24.538425535898156 
10 17.299309150151576 
11 15.205568445475638 
12 13.858870488098228 
13 21.674309485052838 
14 26.288006417970315 
15 15.584039592629885 
16 5.570309771240745 
17 9.83002369440545 
18 18.828717773757525 
19 15.039600694195435 
20 7.80860075325009 
21 19.243016080563393 
22 13.383314507431445 
23 16.595396832305262 
24 13.144167972422439 
25 12.328899679895121 
26 13.462396928972868 
27 22.72867376908821 
28 18.22493167232262 
29 18.515773023847153 
30 18.033114205744898 
31 18.86920727181116 
32 11.65586294098848 
33 17.719466342213547 
34 16.844797326875423 
35 12.49360769221604 
36 23.12236212485391 
37 12.174941872784853 
38 12.09440681436114 
39 18.736616396254735 
40 14.913186938218228 
41 13.742489523503721 
42 11.876296132696805 
43 19.049778359130876 
44 22.019077617660184 
45 6.484860478923411 
46 29.626230805091332 
47 21.43735369580995 
48 17.20231972504532 
49 24.750267016788126 
50 17.238518762073074 
51 7.34325201600902 
52 28.116291385401233 
53 13.524385013978055 
54 17.814217212366266 
55 20.93122738727949 
56 20.759256601252197 
57 9.18745742292317 
58 8.347288919846758 
59 6.785164957826316 
60 18.37245995277998 
61 10.699946172508183 
62 20.046858644999404 
63 11.692384889649617 
