0 11.413134221138618 
1 11.224019909550696 
2 16.386688441072362 
3 12.947101004145612 
4 17.163462561483627 
5 21.031143291230638 
6 8.321338301173315 
7 19.921743714941176 
8 12.189519632887812 
9 22.485104831749197 
10 18.968365736406763 
11 12.48929226518021 
12 13.049659159145145 
13 27.39047867824724 
14 15.210476117946989 
15 13.22631954036037 
16 22.641439359996546 
17 10.219889572764531 
18 9.606610994809966 
19 14.141042801031675 
20 9.55059009442877 
21 24.128214273387254 
22 18.593009286965003 
23 15.650037685723454 
24 10.449318003462922 
25 10.0159852517307 
26 19.114977782841517 
27 17.620608820588654 
28 9.248414609407385 
29 24.64048877922688 
30 13.95710016837818 
31 19.497145832171213 
32 18.131728657640366 
33 13.345627984968962 
34 28.178058448102117 
35 13.843135701743963 
36 16.776343630131233 
37 38.294703589069364 
38 21.60419896674101 
39 17.836261885726923 
40 16.693215738404348 
41 22.711443702011067 
42 12.813334188715674 
43 19.40854950811176 
44 17.294316049891762 
45 18.40810003028295 
46 22.0121441129392 
47 7.849239648325654 
48 12.976783327558042 
49 12.331509515507351 
50 14.319722502936116 
51 12.891944809016945 
52 10.313676310755051 
53 13.723289948107867 
54 6.392216508828667 
55 13.138815274253673 
56 17.239156435855175 
57 11.538155129347814 
58 9.482660468943937 
59 10.241450205351343 
60 14.778667268012176 
61 15.470172099645179 
62 16.93101736171381 
63 22.911556004697786 
64 17.43427911114067 
65 18.98648318319678 
66 22.94991765111431 
67 17.834138376760325 
68 12.916042569964524 
69 7.328548165025405 
70 22.04245255750645 
71 19.11428089667461 
72 12.638470717273133 
73 12.639994213869835 
74 22.370456497042557 
75 10.275648673743627 
76 18.934627451865563 
77 25.83081243533527 
78 18.04552788163267 
79 14.250829029627615 
80 14.023082581076563 
81 17.490040073224332 
82 22.2857082133407 
83 23.774268515264538 
84 13.151751558404094 
85 12.383427368520504 
86 20.991461888794355 
87 11.153284050417486 
88 21.40770192675769 
89 20.950360136262375 
90 21.095243603735913 
91 21.6675913728529 
92 23.81868671667812 
93 19.234809087490483 
94 13.13354918304849 
95 4.385214304757623 
96 13.634958096835645 
97 10.89539979374534 
98 29.309071597277544 
99 22.871950354996674 
100 13.092716182722862 
101 9.836132621043202 
102 13.092716182722862 
103 8.935210571501003 
104 8.845924610514372 
105 18.05446077291941 
106 12.453692486757404 
107 22.61616771633164 
108 30.684341439147865 
109 12.841776531318315 
110 20.37909957534473 
111 8.107394900481886 
112 10.011012747959873 
113 26.937676617171043 
114 17.052997068593292 
115 5.857148442954895 
116 15.29104842178944 
117 31.92036469075107 
118 15.625317587452967 
119 3.816337727778541 
120 3.010930162107527 
121 16.929855577890258 
122 15.88522864133193 
123 23.900938531059282 
124 10.061998915666697 
125 16.526997261461474 
126 7.764483303127967 
127 20.226965403497264 
128 26.666225864491476 
129 23.091555731730146 
130 15.745921148460436 
131 34.83872682570271 
132 18.12593021547291 
133 24.48070693569757 
134 22.20653652906389 
135 15.298522052494128 
136 18.671058840288104 
137 16.210559675966902 
138 19.009889502261622 
139 21.837144404181764 
140 21.639197436916046 
141 15.549432787128346 
142 25.510935941415468 
143 14.637556535819979 
144 10.513858286270057 
145 14.41673512458195 
146 12.624737756186246 
147 31.29960822357375 
148 14.82065271162245 
149 31.370071202058277 
150 13.224985022859846 
151 13.487592250180883 
152 19.802761043228646 
153 12.672072703542122 
154 13.858504156589087 
155 15.189159043666573 
156 9.375281360993698 
157 18.323419424737008 
158 18.35115813054017 
159 34.25151891291566 
160 10.717690829551495 
161 35.72082882668052 
162 18.912002885742627 
163 39.9229392727965 
164 11.152038542735747 
165 15.019835202022554 
166 9.533484106329057 
167 21.229028110986263 
168 28.47920910399522 
169 15.309522679738802 
170 23.61444914872534 
171 14.405247883502481 
172 18.61107709237418 
173 11.370930049720492 
174 8.808935149598229 
175 11.722678412717933 
176 14.92156960404141 
177 17.726281089533632 
178 21.311870573051635 
179 16.21225146108414 
180 21.110745365686704 
181 23.154528993507927 
182 23.241261608706253 
183 31.92279414562863 
184 18.833875168387966 
185 20.059226384053257 
186 14.683162147213062 
187 26.56539528520578 
188 17.96183493781904 
189 42.171186116892386 
190 20.112321620377475 
191 18.894197460234516 
192 26.592006492189086 
193 35.600159569501855 
194 20.12911647550031 
195 10.93890410244373 
196 35.47580140404297 
197 25.211608280637638 
198 24.68224937033637 
199 29.885454519544552 
200 9.593844281737564 
201 25.17060641521889 
202 14.38148988842638 
203 24.448884899215408 
204 24.712061133467273 
205 17.92460587101544 
206 10.344429235569038 
207 22.212651926386865 
208 5.633552803006493 
209 38.02598344529968 
210 18.849703163410677 
211 26.256738991623994 
212 14.404159526352482 
213 14.03922933765347 
214 15.575301160079022 
215 11.989069413795864 
216 19.76049788699548 
217 11.82710110395195 
218 16.54407686876536 
219 32.91560592029884 
220 25.301795850902753 
221 34.92372126329112 
222 21.984684169973217 
223 9.701020221714925 
224 27.95755345811337 
225 17.306018707630354 
226 7.280324240819975 
227 40.58467105963405 
228 8.972157097629845 
229 11.122524529302572 
230 14.947360168207979 
231 20.75062954845668 
232 6.572269352629814 
233 17.91358198692241 
234 9.913456175016309 
235 11.975616511105338 
236 9.785828608758544 
237 14.570132351408622 
238 8.57648446877294 
239 19.113845368623483 
240 16.795220476350647 
241 24.949759086312532 
