0 2.5251665229028415 
1 2.569265857268977 
2 5.174688878670296 
3 3.7225670967385964 
4 2.045483230497456 
5 4.9182973765639195 
6 3.71092865418633 
7 2.6698087131618466 
8 0.8039195379616588 
9 1.2403406142643 
10 2.1856956998573507 
11 3.448498264193756 
12 2.2775564209391086 
13 1.80367585068782 
14 3.6716710961282026 
15 4.055156517629745 
16 3.409842524912266 
17 2.7625567006666722 
18 2.2174544211699296 
19 1.6875087571749894 
20 1.023674435298242 
21 3.4958398433539593 
22 2.539037531925101 
23 2.098410163545819 
24 2.8403639317221216 
25 3.076560272041844 
26 2.298855771484575 
27 1.8913637182089833 
28 1.3768790684792198 
29 1.5677625443042285 
30 3.631312981659422 
31 3.629112413477946 
32 2.2774452243862786 
33 2.7459234700586377 
34 1.4879608971220517 
35 1.7891803585154162 
36 2.1465452349565863 
37 2.012653954069323 
38 2.5752880048201066 
39 2.609418173050514 
40 1.8809349387831578 
41 4.124622583155165 
42 1.347446801305682 
43 1.5456972936398665 
44 3.509524253077662 
45 4.06217239383488 
46 2.5407571333715078 
47 2.7345608016977776 
48 2.538057384429015 
49 3.2720753116496915 
50 2.071185111147476 
51 1.7962239461105554 
52 2.8750197448855355 
53 2.6888719908314527 
54 2.052027346521879 
55 2.0046615796330025 
56 1.4712731715966194 
57 1.582570896739047 
58 2.33472448164589 
59 3.1425437434635297 
60 1.047906114819955 
61 1.5716686394466315 
62 2.5113971774425004 
63 2.5445262086733504 
64 4.407967858371066 
65 4.648383268977584 
66 1.4624045302715425 
67 5.763276828808209 
68 5.254540763219914 
69 2.7452794877394564 
70 1.2966114291932689 
71 1.269876083246933 
72 1.8635634158509984 
73 2.5824131116841444 
74 2.539554529549489 
75 2.532488924473748 
76 2.4582050049400133 
77 2.322363028220981 
78 2.558636305711544 
79 2.3112283190106657 
80 1.3718044130253944 
81 2.5906432462245057 
82 1.006348613704489 
83 1.685597572523068 
84 2.969718380365864 
85 2.059952501004557 
86 3.6500013018911903 
87 3.910943793244169 
88 2.6933497208665402 
89 2.6812074922658957 
90 2.6166620847657294 
91 2.130907426960298 
92 4.080991954615749 
93 3.4634396248297157 
94 1.9499605843769459 
95 1.730322350079453 
96 1.080876719441474 
97 1.5865683507830508 
98 1.0107779802177124 
99 2.6323242302750343 
100 3.2327556390261494 
101 3.1598210699535794 
102 2.2475437941578544 
103 2.2565696202283245 
104 4.547054249587341 
105 2.942016858662889 
106 2.8653691506880503 
107 2.7958503105870545 
108 2.318634925463413 
109 3.3657763244234498 
110 5.291559869298558 
111 6.030107306992978 
112 2.088388198021312 
113 2.0151319968255677 
114 3.032549465245617 
115 2.941361205093049 
116 1.4981524762985685 
117 0.7773776005644604 
118 1.7394569578604901 
119 1.820375042086599 
120 2.2662537169997523 
121 3.9172358717808384 
122 2.5950817502550088 
123 2.620220222161809 
124 2.400391676435644 
125 2.1343100842936025 
126 3.1975527167711117 
127 2.525667784383697 
128 3.0604875673139906 
129 4.671190915406952 
130 2.868686158031 
131 3.9115361481360593 
132 2.6363216951419717 
133 6.244543899735726 
134 3.2761704022673666 
135 2.719058141227949 
136 2.707103073136164 
137 2.066062844189021 
138 3.5563896173284997 
139 5.585174437329093 
140 3.144447344003309 
141 1.8401063201991654 
142 2.3836401667533225 
143 2.097974126876651 
144 2.3864249780188436 
145 1.8797066852268138 
146 3.855783836402596 
147 2.4581441794414713 
148 3.7536754630022626 
149 1.6222536044431903 
150 2.267536085856278 
151 2.169094496730324 
152 3.8941414309649254 
153 2.0993302304010655 
154 2.169385535733551 
155 2.3626513772290068 
156 5.005612051222702 
157 5.924172286196215 
158 1.4613497963859696 
159 1.3987033412258636 
160 2.6471147439749765 
161 2.2344097787180655 
162 5.811613523391796 
163 6.256741255519974 
164 3.192857270531701 
165 3.104823700577273 
166 2.254073049818204 
167 3.9325016266628965 
168 1.960175641438777 
169 1.5232585255278621 
170 1.9284908620892731 
171 2.0203126226417787 
172 5.422575080321028 
173 2.2920491300581904 
174 2.5260344096752525 
175 2.6935531970742668 
176 2.2788059956589075 
177 1.6911613028765837 
178 1.8461327032351358 
179 3.184863147637524 
180 3.208079053134366 
181 2.3323090747563846 
182 2.75218278455308 
183 2.6602736530186597 
184 2.3497713130199127 
185 1.7098059788646316 
186 2.4869857622485414 
187 2.591844922129177 
188 2.8301099878264564 
189 3.000933449864444 
190 1.8304518915547496 
191 3.8744417243914047 
192 2.5684600757042606 
193 3.0188519733911265 
194 1.5114567444354456 
195 2.685388522222698 
196 3.307820543274734 
197 3.0067762796459956 
198 1.9607137037657365 
199 1.9392630432702822 
200 1.8470411474964947 
201 2.2399787403743296 
202 2.9161384292119115 
203 2.8378235093787025 
204 2.0572075670126635 
205 1.9311758692941485 
206 2.84086889437499 
207 2.46589642498667 
208 1.1011783971065743 
209 2.810249861567887 
210 3.3246514608309843 
211 2.8736251038689336 
212 3.0041589640070487 
213 3.7761575883145855 
214 2.746383636880414 
215 3.5607840372592423 
216 2.8418835037231003 
217 2.6965434827383206 
218 2.5981893803258465 
219 0.9051631425686018 
220 2.3435355843332175 
221 1.6926277205556486 
