0 13.011645726694587 
1 24.15127714950365 
2 10.251112045283461 
3 11.91817574767351 
4 25.6613968968724 
5 14.777730017686892 
6 24.255046985687436 
7 17.73302610717683 
8 26.101023678396963 
9 16.444123827745194 
10 7.372915201800028 
11 7.056769734473372 
12 17.9877174323258 
13 31.147363730877768 
14 19.83750880893711 
15 27.329085056752284 
16 21.345818935025676 
17 21.324222642507067 
18 13.073698647216508 
19 15.82439738467401 
20 17.863152784047838 
21 10.832452646966152 
22 7.497982627536016 
23 8.52731327777631 
24 8.077993012676561 
25 7.9794839014070575 
26 9.89159652569294 
27 9.969703236234416 
28 11.479324208561522 
29 15.386633601619991 
30 13.475069394469005 
31 20.901812455461037 
32 11.596501947816758 
33 14.213402463613413 
34 11.720549154834725 
35 17.950457930326113 
36 14.99148971152231 
37 9.334282865688648 
38 7.8183821185646085 
39 9.571425637421243 
40 14.655252657251273 
41 13.91579464244242 
42 21.674085480862146 
43 14.504078760361159 
44 23.33968070247681 
45 11.623819065118045 
46 18.987428643859865 
47 9.855153373512376 
48 8.689094257616908 
49 12.153246136104173 
50 10.234128368733758 
51 14.797698302656972 
52 20.664649948268217 
53 26.01473689433597 
54 13.206122108418372 
55 13.062501751817997 
56 38.24302712559836 
57 10.503589843759782 
58 46.82606171571473 
59 7.945984859392405 
60 19.768973351055305 
61 21.006811443224617 
62 20.726942083415693 
63 33.15471871121756 
64 19.65567109832278 
65 18.676878684787063 
66 10.661271176747201 
67 14.840527200353826 
68 34.61332277018551 
69 21.90351454384041 
70 22.076910930279073 
71 27.572156375516858 
72 8.765031022282963 
73 10.354797696138094 
74 13.875513181443756 
75 11.666789056154522 
76 15.59354145521736 
77 14.191664946692066 
78 8.975171348296575 
79 15.81341969634704 
80 15.404773885034507 
81 21.38074750728952 
82 21.548923402571916 
83 15.75301779503782 
84 24.850275205441307 
85 9.397884396923166 
86 23.82288057616067 
87 17.237385236267393 
88 19.89188779018757 
89 21.290559027019892 
90 10.247480460590127 
91 11.975958449805413 
92 10.00399272055965 
93 10.339584129371017 
94 9.574091109340795 
95 26.65351668742533 
96 22.647062952543966 
97 18.595399812020077 
98 27.614998189419627 
99 19.025583336357368 
100 21.68529136528847 
101 38.082951986634704 
102 14.397089211547042 
103 12.458390388071228 
104 15.299693955344473 
105 11.365907458844251 
106 20.137621109841465 
107 30.49094570329822 
108 24.374151557415157 
109 36.02456432675708 
110 14.938363238761424 
111 22.668482608037703 
112 21.465769339031194 
113 13.178860051530195 
114 14.961382882336574 
115 11.352371672553558 
116 10.39965089062562 
117 13.566555075768603 
118 16.121149692129112 
119 16.05899357150788 
120 13.619638914144694 
121 9.607161099543957 
122 10.802628088403084 
123 22.823784207347266 
124 16.378369935334728 
125 15.144789436245924 
126 25.125673174267522 
127 35.110530721580446 
128 7.744369398479304 
129 18.812165574527825 
130 17.620756873025474 
131 4.3831841723551275 
132 12.516574156968069 
133 10.07159099913795 
134 26.24277500046926 
135 12.356176167329503 
136 24.54072271110279 
137 18.290897514728904 
138 29.14411184301954 
139 13.136757704835881 
140 10.40979452445777 
141 18.11520504459369 
142 27.025851181731486 
143 28.227173920358567 
144 14.746037772996386 
145 28.295345840669757 
146 16.47435152162642 
147 25.959670730952528 
148 10.813740757164808 
149 14.069416164902806 
150 33.132195303057834 
151 18.844452431764573 
152 20.266156425606756 
153 28.886391184573004 
154 28.00197615264444 
155 23.32644083444099 
156 11.129844076719774 
157 9.698418167145695 
158 8.81593395044602 
159 9.14371420661029 
160 13.990386892551342 
161 21.010389220057107 
162 19.454912310810748 
163 20.458422757248215 
164 24.93863305288819 
165 22.508997043023736 
166 9.020124990860097 
167 18.205155583334417 
168 18.66017715650901 
169 13.917687853599455 
170 12.955619254719778 
171 19.844642003813455 
172 16.9975036472686 
173 18.798253870080046 
174 18.521660028085176 
175 8.304648008632723 
176 19.53273848331874 
177 12.612930775245083 
178 21.89391044713792 
179 18.754461351350145 
180 12.35541180248092 
181 7.603776594973242 
182 12.371191429869219 
183 10.883864555789387 
184 11.760906931814677 
185 12.13798212714729 
186 15.875908899933004 
187 11.547303621967469 
188 14.402626211291885 
189 23.80908698712563 
190 20.721412550515282 
191 17.766226284823556 
192 13.553972829388726 
193 11.508775010701232 
194 11.068108530322942 
195 11.256854535695116 
196 8.965272241091487 
197 8.940715034830877 
198 8.048432933627309 
199 8.167258947991533 
200 26.429136735979835 
201 24.194604198272927 
202 6.770029376634277 
203 10.620480798934484 
204 8.947504949143287 
205 20.184039691438524 
206 21.032619760403975 
207 8.875011902318466 
208 12.187252836657901 
209 8.056317143115075 
210 15.623338697181 
211 17.018884155001015 
212 37.08688347746123 
213 26.358713958925115 
214 30.48651320332318 
215 18.60859997515484 
216 16.806728615448726 
217 13.745056529575619 
218 11.216725991019782 
219 15.724905334982942 
220 16.670458384505626 
221 15.57767287772376 
222 19.727503621620606 
223 19.536195701789524 
224 9.621022497889676 
225 11.049302026612294 
226 19.980678169570975 
227 22.174720324825003 
228 14.987311376881765 
229 13.898042022459252 
230 16.779699395510537 
231 14.510401134732144 
232 7.92070053650642 
233 14.55819733014932 
234 32.36720299417371 
235 21.866060536550272 
236 20.04973350223476 
237 27.456461685497704 
238 18.839120006467898 
239 13.59703311807879 
240 14.457184810370917 
241 12.662088036492186 
242 13.683488677847992 
243 18.170611145046767 
244 11.619793773305778 
245 9.517389419989607 
246 21.920571126940906 
247 18.246179412110166 
248 10.660593737291581 
249 11.354615151383896 
250 8.507112071151136 
251 12.536776661884266 
252 14.09954349565346 
253 12.879712085293503 
254 19.537742748408075 
255 10.906363924758304 
256 11.46902848455184 
257 13.55546219030567 
258 12.615851989544701 
259 32.18391227949019 
260 8.74363453672936 
261 14.498363262413799 
262 17.96321961163884 
263 20.859089507554284 
264 15.503796195672264 
265 20.666890040798627 
266 15.00865601036288 
267 9.16014903272867 
268 18.962620033636544 
269 18.25253162628975 
270 16.8867094239046 
271 12.88331219034221 
272 17.006187305886456 
273 15.756272563007375 
274 17.66037608737758 
275 9.734409595380551 
276 14.281350126493491 
277 13.87220897427841 
278 18.038775826179705 
279 20.65711865408483 
280 19.313993111197068 
281 25.898758876196357 
282 16.57591805118639 
283 9.180821048253822 
284 14.790705875300183 
285 22.97166266855071 
286 21.38042054288263 
287 13.645781956599539 
288 13.609651314465939 
289 14.874526117193124 
290 17.33226443630834 
291 28.49236454540514 
292 16.400272145018885 
293 12.24896837518727 
294 12.119183560250573 
295 11.049127382410664 
296 25.002706343812964 
297 17.5439571011486 
298 9.722968790929595 
299 9.147203915085905 
300 18.404545953180193 
301 16.793875524520324 
302 13.27189593360103 
303 12.613992878452507 
