0 1 
1 1 
2 1 
3 1 
4 1 
5 1 
6 1 
7 1 
8 1 
9 1 
10 1 
11 2 
12 1 
13 3 
14 1 
15 3 
16 1 
17 3 
18 1 
19 3 
20 1 
21 3 
22 1 
23 3 
24 1 
25 3 
26 1 
27 3 
28 2 
29 3 
30 2 
31 3 
32 2 
33 3 
34 2 
35 3 
36 3 
37 3 
38 2 
39 3 
40 2 
41 2 
42 2 
43 2 
44 2 
45 3 
46 2 
47 3 
48 2 
49 3 
50 2 
51 3 
52 2 
53 3 
54 2 
55 3 
56 2 
57 3 
58 2 
59 2 
60 2 
61 2 
62 2 
63 2 
64 2 
65 2 
66 2 
67 2 
68 2 
69 2 
70 2 
71 2 
72 2 
73 2 
74 1 
75 2 
76 1 
77 2 
78 1 
79 2 
80 1 
81 2 
82 1 
83 2 
84 1 
85 2 
86 1 
87 2 
88 1 
89 2 
90 1 
91 2 
92 2 
93 2 
94 2 
95 2 
96 2 
97 2 
98 2 
99 2 
100 2 
101 2 
102 1 
103 2 
104 2 
105 2 
106 2 
107 2 
108 2 
109 2 
110 2 
111 2 
112 2 
113 2 
114 2 
115 2 
116 2 
117 2 
118 2 
119 2 
120 2 
121 2 
122 2 
123 2 
124 2 
125 2 
126 2 
127 2 
128 2 
129 2 
130 2 
131 2 
132 2 
133 2 
134 2 
135 2 
136 2 
137 2 
138 2 
139 2 
140 2 
141 2 
142 2 
143 2 
144 2 
145 2 
146 2 
147 1 
148 2 
149 2 
150 2 
151 2 
152 2 
153 2 
154 2 
155 2 
156 2 
157 2 
158 2 
159 2 
160 2 
161 2 
162 2 
163 2 
164 2 
165 2 
166 2 
167 2 
168 2 
169 2 
170 2 
171 2 
172 2 
173 2 
174 2 
175 2 
176 2 
177 2 
178 2 
179 2 
180 2 
181 2 
182 2 
183 2 
184 2 
185 2 
186 2 
187 2 
188 2 
189 2 
190 2 
191 2 
192 2 
193 2 
194 2 
195 2 
196 2 
197 2 
198 2 
199 2 
200 2 
201 2 
202 2 
203 2 
204 2 
205 2 
206 2 
207 2 
208 2 
209 2 
210 2 
211 2 
212 2 
213 2 
214 2 
215 2 
216 3 
217 2 
218 3 
219 2 
220 3 
221 2 
222 3 
223 2 
224 3 
225 2 
226 3 
227 2 
228 2 
229 2 
230 2 
231 2 
232 2 
233 2 
234 2 
235 2 
236 2 
237 2 
238 2 
239 2 
240 2 
241 2 
242 2 
243 2 
244 2 
245 2 
246 2 
247 2 
248 2 
249 2 
250 2 
251 2 
252 2 
253 2 
254 2 
255 2 
256 2 
257 2 
258 2 
259 2 
260 2 
261 2 
262 2 
263 2 
264 2 
265 2 
266 2 
267 2 
268 2 
269 2 
270 2 
271 2 
272 2 
273 2 
274 2 
275 2 
276 2 
277 2 
278 2 
279 2 
280 2 
281 2 
282 2 
283 2 
284 2 
285 2 
286 2 
287 2 
288 2 
289 1 
290 2 
291 1 
292 2 
293 1 
294 2 
295 1 
296 2 
297 1 
298 2 
299 1 
300 2 
301 1 
302 2 
303 1 
304 2 
305 1 
306 2 
307 1 
308 2 
309 1 
310 2 
311 1 
312 2 
313 1 
314 2 
315 1 
316 2 
317 1 
318 2 
319 2 
320 2 
321 2 
322 2 
323 2 
324 2 
325 2 
326 2 
327 2 
328 2 
329 2 
330 2 
331 2 
332 2 
333 1 
334 3 
335 1 
336 3 
337 1 
338 3 
339 1 
340 3 
341 2 
342 3 
343 2 
344 3 
345 2 
346 3 
347 2 
348 3 
349 2 
350 3 
351 2 
352 3 
353 2 
354 3 
355 2 
356 3 
357 2 
358 3 
359 2 
360 3 
361 2 
362 3 
363 2 
364 3 
365 2 
366 3 
367 2 
368 3 
369 2 
370 3 
371 2 
372 3 
373 2 
374 2 
375 2 
376 2 
377 2 
378 2 
379 2 
380 2 
381 2 
382 2 
383 2 
384 2 
385 2 
386 2 
387 2 
388 2 
389 2 
390 2 
391 2 
392 3 
393 2 
394 3 
395 2 
396 2 
397 2 
398 2 
399 2 
400 2 
401 2 
402 2 
403 2 
404 2 
405 3 
406 2 
407 3 
408 2 
409 3 
410 2 
411 3 
412 2 
413 3 
414 2 
415 3 
416 2 
417 3 
418 2 
419 3 
420 2 
421 3 
422 2 
423 3 
424 2 
425 2 
426 2 
427 2 
428 2 
429 2 
430 2 
431 2 
432 2 
433 2 
434 2 
435 2 
436 2 
437 2 
438 1 
439 2 
440 1 
441 2 
442 1 
443 2 
444 2 
445 2 
446 2 
447 2 
448 2 
449 2 
450 2 
451 2 
452 2 
453 2 
454 2 
455 2 
456 2 
457 2 
458 2 
459 2 
460 2 
461 2 
462 2 
463 2 
464 2 
465 2 
466 2 
467 2 
468 2 
469 2 
470 2 
471 2 
472 2 
473 2 
474 2 
475 2 
476 2 
477 2 
478 2 
479 2 
480 2 
481 2 
482 2 
483 2 
484 2 
485 2 
486 2 
487 3 
488 2 
489 3 
490 2 
491 3 
492 2 
493 3 
494 2 
495 3 
496 2 
497 3 
498 2 
499 3 
500 2 
501 3 
502 2 
503 3 
504 2 
505 2 
506 2 
507 2 
508 2 
509 2 
510 2 
511 3 
512 2 
513 3 
514 2 
515 3 
516 2 
517 3 
518 2 
519 3 
520 2 
521 3 
522 2 
523 3 
524 2 
525 3 
526 2 
527 3 
528 2 
529 3 
530 2 
531 3 
532 2 
533 2 
534 2 
535 2 
536 2 
537 2 
538 2 
539 2 
540 2 
541 2 
542 2 
543 2 
544 2 
545 2 
546 2 
547 2 
548 2 
549 2 
550 2 
551 2 
552 3 
553 2 
554 3 
555 2 
556 3 
557 2 
558 3 
559 2 
560 3 
561 2 
562 3 
563 2 
564 3 
565 2 
566 3 
567 2 
568 3 
569 3 
570 3 
571 3 
572 3 
573 3 
574 3 
575 3 
576 3 
577 3 
578 3 
579 3 
580 3 
581 3 
582 2 
583 3 
584 2 
585 3 
586 2 
587 3 
588 2 
589 2 
590 2 
591 2 
592 2 
593 2 
594 2 
595 2 
596 2 
597 2 
598 2 
599 2 
600 2 
601 2 
602 2 
603 2 
604 2 
605 2 
606 2 
607 2 
608 2 
609 2 
610 2 
611 2 
612 2 
613 2 
614 2 
615 2 
616 2 
617 2 
618 2 
619 2 
620 2 
621 2 
622 2 
623 2 
624 2 
625 2 
626 2 
627 2 
628 2 
629 2 
630 3 
631 2 
632 3 
633 3 
634 3 
635 2 
636 2 
637 2 
638 2 
639 2 
640 2 
641 2 
642 2 
643 2 
644 3 
645 3 
646 3 
647 3 
648 3 
649 3 
650 3 
651 3 
652 3 
653 3 
654 3 
655 3 
656 3 
657 3 
658 3 
659 3 
660 3 
661 3 
662 3 
663 3 
664 3 
665 3 
666 3 
667 3 
668 3 
669 3 
670 3 
671 3 
672 3 
673 3 
674 3 
675 3 
676 3 
677 3 
678 3 
679 3 
680 3 
681 3 
682 3 
683 3 
684 3 
685 3 
686 3 
687 3 
688 3 
689 3 
690 3 
691 3 
692 3 
693 3 
694 3 
695 3 
696 3 
697 3 
698 3 
699 3 
700 3 
701 3 
702 3 
703 3 
704 3 
705 3 
706 3 
707 3 
708 3 
709 3 
710 3 
711 3 
712 3 
713 3 
714 3 
715 3 
716 3 
717 3 
718 3 
719 3 
720 3 
721 3 
722 3 
723 3 
724 3 
725 3 
726 3 
727 3 
728 3 
729 3 
730 3 
731 3 
732 3 
733 3 
734 3 
735 3 
736 2 
737 3 
738 2 
739 3 
740 3 
741 3 
742 3 
743 3 
744 3 
745 3 
746 3 
747 3 
748 3 
749 3 
750 3 
751 3 
752 3 
753 3 
754 3 
755 2 
756 3 
757 2 
758 3 
759 2 
760 3 
761 2 
762 3 
763 2 
764 3 
765 2 
766 3 
767 2 
768 3 
769 2 
770 3 
771 2 
772 3 
773 2 
774 3 
775 2 
776 3 
777 2 
778 3 
779 2 
780 3 
781 2 
782 2 
783 2 
784 2 
785 2 
786 3 
787 2 
788 3 
789 3 
790 3 
791 3 
792 3 
793 3 
794 3 
795 3 
796 3 
797 3 
798 3 
799 3 
800 3 
801 3 
802 3 
803 3 
804 3 
805 3 
806 3 
807 3 
808 3 
809 3 
810 3 
811 3 
812 2 
813 3 
814 2 
815 3 
816 3 
817 3 
818 3 
819 3 
820 3 
821 3 
822 3 
823 3 
824 3 
825 3 
826 3 
827 3 
828 3 
829 2 
830 3 
831 2 
832 3 
833 2 
834 3 
835 2 
836 3 
837 2 
838 3 
839 2 
840 3 
841 2 
842 3 
843 2 
844 3 
845 2 
846 3 
847 2 
848 3 
849 2 
850 3 
851 2 
852 3 
853 2 
854 1 
855 1 
856 1 
857 1 
858 1 
859 1 
860 2 
861 1 
862 3 
863 1 
864 3 
865 1 
866 3 
867 1 
868 3 
869 1 
870 3 
871 1 
872 3 
873 1 
874 3 
875 1 
876 3 
877 2 
878 3 
879 2 
880 3 
881 2 
882 3 
883 2 
884 3 
885 3 
886 3 
887 2 
888 3 
889 2 
890 2 
891 2 
892 2 
893 2 
894 3 
895 2 
896 3 
897 2 
898 3 
899 2 
900 3 
901 2 
902 3 
903 2 
904 3 
905 2 
906 3 
907 2 
908 2 
909 2 
910 2 
911 2 
912 2 
913 2 
914 2 
915 2 
916 2 
917 2 
918 2 
919 2 
920 2 
921 2 
922 2 
923 1 
924 2 
925 1 
926 2 
927 1 
928 2 
929 1 
930 2 
931 1 
932 2 
933 1 
934 2 
935 1 
936 2 
937 1 
938 2 
939 1 
940 2 
941 2 
942 2 
943 2 
944 2 
945 2 
946 2 
947 2 
948 2 
949 2 
950 2 
951 1 
952 2 
953 2 
954 2 
955 2 
956 2 
957 2 
958 2 
959 2 
960 2 
961 2 
962 2 
963 2 
964 2 
965 2 
966 2 
967 2 
968 2 
969 2 
970 2 
971 2 
972 2 
973 2 
974 2 
975 2 
976 2 
977 2 
978 2 
979 2 
980 2 
981 2 
982 2 
983 2 
984 2 
985 2 
986 2 
987 2 
988 2 
989 2 
990 2 
991 2 
992 2 
993 2 
994 2 
995 2 
996 1 
997 2 
998 2 
999 2 
1000 2 
1001 2 
1002 2 
1003 2 
1004 2 
1005 2 
1006 2 
1007 2 
1008 2 
1009 2 
1010 2 
1011 2 
1012 2 
1013 2 
1014 2 
1015 2 
1016 2 
1017 2 
1018 2 
1019 2 
1020 2 
1021 2 
1022 2 
1023 2 
1024 2 
1025 2 
1026 2 
1027 2 
1028 2 
1029 2 
1030 2 
1031 2 
1032 2 
1033 2 
1034 2 
1035 2 
1036 2 
1037 2 
1038 2 
1039 2 
1040 2 
1041 2 
1042 2 
1043 2 
1044 2 
1045 2 
1046 2 
1047 2 
1048 2 
1049 2 
1050 2 
1051 2 
1052 2 
1053 2 
1054 2 
1055 2 
1056 2 
1057 2 
1058 2 
1059 2 
1060 2 
1061 2 
1062 2 
1063 2 
1064 2 
1065 3 
1066 2 
1067 3 
1068 2 
1069 3 
1070 2 
1071 3 
1072 2 
1073 3 
1074 2 
1075 3 
1076 2 
1077 2 
1078 2 
1079 2 
1080 2 
1081 2 
1082 2 
1083 2 
1084 2 
1085 2 
1086 2 
1087 2 
1088 2 
1089 2 
1090 2 
1091 2 
1092 2 
1093 2 
1094 2 
1095 2 
1096 2 
1097 2 
1098 2 
1099 2 
1100 2 
1101 2 
1102 2 
1103 2 
1104 2 
1105 2 
1106 2 
1107 2 
1108 2 
1109 2 
1110 2 
1111 2 
1112 2 
1113 2 
1114 2 
1115 2 
1116 2 
1117 2 
1118 2 
1119 2 
1120 2 
1121 2 
1122 2 
1123 2 
1124 2 
1125 2 
1126 2 
1127 2 
1128 2 
1129 2 
1130 2 
1131 2 
1132 2 
1133 2 
1134 2 
1135 2 
1136 2 
1137 2 
1138 1 
1139 2 
1140 1 
1141 2 
1142 1 
1143 2 
1144 1 
1145 2 
1146 1 
1147 2 
1148 1 
1149 2 
1150 1 
1151 2 
1152 1 
1153 2 
1154 1 
1155 2 
1156 1 
1157 2 
1158 1 
1159 2 
1160 1 
1161 2 
1162 1 
1163 2 
1164 1 
1165 2 
1166 1 
1167 2 
1168 2 
1169 2 
1170 2 
1171 2 
1172 2 
1173 2 
1174 2 
1175 2 
1176 2 
1177 2 
1178 2 
1179 2 
1180 2 
1181 2 
1182 1 
1183 3 
1184 1 
1185 3 
1186 1 
1187 3 
1188 1 
1189 3 
1190 2 
1191 3 
1192 2 
1193 3 
1194 2 
1195 3 
1196 2 
1197 3 
1198 2 
1199 3 
1200 2 
1201 3 
1202 2 
1203 3 
1204 2 
1205 3 
1206 2 
1207 3 
1208 2 
1209 3 
1210 2 
1211 3 
1212 2 
1213 3 
1214 2 
1215 3 
1216 2 
1217 3 
1218 2 
1219 3 
1220 2 
1221 3 
1222 2 
1223 2 
1224 2 
1225 2 
1226 2 
1227 2 
1228 2 
1229 2 
1230 2 
1231 2 
1232 2 
1233 2 
1234 2 
1235 2 
1236 2 
1237 2 
1238 2 
1239 2 
1240 2 
1241 3 
1242 2 
1243 3 
1244 2 
1245 2 
1246 2 
1247 2 
1248 2 
1249 2 
1250 2 
1251 2 
1252 2 
1253 2 
1254 2 
1255 2 
1256 3 
1257 2 
1258 3 
1259 2 
1260 3 
1261 2 
1262 3 
1263 2 
1264 3 
1265 2 
1266 3 
1267 2 
1268 3 
1269 2 
1270 3 
1271 2 
1272 3 
1273 2 
1274 3 
1275 2 
1276 2 
1277 2 
1278 2 
1279 2 
1280 2 
1281 2 
1282 2 
1283 2 
1284 2 
1285 2 
1286 2 
1287 2 
1288 2 
1289 1 
1290 2 
1291 1 
1292 2 
1293 1 
1294 2 
1295 2 
1296 2 
1297 2 
1298 2 
1299 2 
1300 2 
1301 2 
1302 2 
1303 2 
1304 2 
1305 2 
1306 2 
1307 2 
1308 2 
1309 2 
1310 2 
1311 2 
1312 2 
1313 2 
1314 2 
1315 2 
1316 2 
1317 2 
1318 2 
1319 2 
1320 2 
1321 2 
1322 2 
1323 2 
1324 2 
1325 2 
1326 2 
1327 2 
1328 2 
1329 2 
1330 2 
1331 2 
1332 2 
1333 2 
1334 2 
1335 2 
1336 2 
1337 2 
1338 3 
1339 2 
1340 3 
1341 2 
1342 3 
1343 2 
1344 3 
1345 2 
1346 3 
1347 2 
1348 3 
1349 2 
1350 3 
1351 2 
1352 3 
1353 2 
1354 3 
1355 2 
1356 2 
1357 2 
1358 2 
1359 2 
1360 2 
1361 2 
1362 3 
1363 2 
1364 3 
1365 2 
1366 3 
1367 2 
1368 3 
1369 2 
1370 3 
1371 2 
1372 3 
1373 2 
1374 3 
1375 2 
1376 3 
1377 2 
1378 3 
1379 2 
1380 3 
1381 2 
1382 2 
1383 2 
1384 2 
1385 2 
1386 2 
1387 2 
1388 2 
1389 2 
1390 2 
1391 2 
1392 2 
1393 2 
1394 2 
1395 2 
1396 2 
1397 2 
1398 2 
1399 2 
1400 2 
1401 3 
1402 2 
1403 3 
1404 2 
1405 3 
1406 2 
1407 3 
1408 2 
1409 3 
1410 2 
1411 3 
1412 2 
1413 3 
1414 2 
1415 3 
1416 2 
1417 3 
1418 3 
1419 3 
1420 3 
1421 3 
1422 3 
1423 3 
1424 3 
1425 3 
1426 3 
1427 3 
1428 3 
1429 3 
1430 3 
1431 2 
1432 3 
1433 2 
1434 3 
1435 2 
1436 3 
1437 2 
1438 2 
1439 2 
1440 2 
1441 2 
1442 2 
1443 2 
1444 2 
1445 2 
1446 2 
1447 2 
1448 2 
1449 2 
1450 2 
1451 2 
1452 2 
1453 2 
1454 2 
1455 2 
1456 2 
1457 2 
1458 2 
1459 2 
1460 2 
1461 2 
1462 2 
1463 2 
1464 2 
1465 2 
1466 2 
1467 2 
1468 2 
1469 2 
1470 2 
1471 2 
1472 2 
1473 2 
1474 2 
1475 2 
1476 2 
1477 2 
1478 2 
1479 3 
1480 2 
1481 3 
1482 2 
1483 2 
1484 2 
1485 2 
1486 2 
1487 2 
1488 2 
1489 2 
1490 2 
1491 3 
1492 3 
1493 3 
1494 3 
1495 3 
1496 3 
1497 3 
1498 3 
1499 3 
1500 3 
1501 3 
1502 3 
1503 3 
1504 3 
1505 3 
1506 3 
1507 3 
1508 3 
1509 3 
1510 3 
1511 3 
1512 3 
1513 3 
1514 3 
1515 3 
1516 3 
1517 3 
1518 3 
1519 3 
1520 3 
1521 3 
1522 3 
1523 3 
1524 3 
1525 3 
1526 3 
1527 3 
1528 3 
1529 3 
1530 3 
1531 3 
1532 3 
1533 3 
1534 3 
1535 3 
1536 3 
1537 3 
1538 3 
1539 3 
1540 3 
1541 3 
1542 3 
1543 3 
1544 3 
1545 3 
1546 3 
1547 3 
1548 3 
1549 3 
1550 3 
1551 3 
1552 3 
1553 3 
1554 3 
1555 3 
1556 3 
1557 3 
1558 3 
1559 3 
1560 3 
1561 3 
1562 3 
1563 3 
1564 3 
1565 3 
1566 3 
1567 3 
1568 3 
1569 3 
1570 3 
1571 3 
1572 3 
1573 3 
1574 3 
1575 3 
1576 3 
1577 3 
1578 3 
1579 3 
1580 3 
1581 3 
1582 3 
1583 2 
1584 3 
1585 2 
1586 3 
1587 3 
1588 3 
1589 3 
1590 3 
1591 3 
1592 3 
1593 3 
1594 3 
1595 3 
1596 3 
1597 3 
1598 3 
1599 3 
1600 3 
1601 3 
1602 2 
1603 3 
1604 2 
1605 3 
1606 2 
1607 3 
1608 2 
1609 3 
1610 2 
1611 3 
1612 2 
1613 3 
1614 2 
1615 3 
1616 2 
1617 3 
1618 2 
1619 3 
1620 2 
1621 3 
1622 2 
1623 3 
1624 2 
1625 3 
1626 2 
1627 3 
1628 2 
1629 2 
1630 2 
1631 2 
1632 2 
1633 3 
1634 2 
1635 3 
1636 3 
1637 3 
1638 3 
1639 3 
1640 3 
1641 3 
1642 3 
1643 3 
1644 3 
1645 3 
1646 3 
1647 3 
1648 3 
1649 3 
1650 3 
1651 3 
1652 3 
1653 3 
1654 3 
1655 3 
1656 3 
1657 3 
1658 3 
1659 2 
1660 3 
1661 2 
1662 3 
1663 3 
1664 3 
1665 3 
1666 3 
1667 3 
1668 3 
1669 3 
1670 3 
1671 3 
1672 3 
1673 3 
1674 3 
1675 3 
1676 2 
1677 3 
1678 2 
1679 3 
1680 2 
1681 3 
1682 2 
1683 3 
1684 2 
1685 3 
1686 2 
1687 3 
1688 2 
1689 3 
1690 2 
1691 3 
1692 2 
1693 3 
1694 2 
1695 3 
1696 2 
1697 3 
1698 2 
1699 3 
