0 10.375217431679934 
1 11.7673531896934 
2 10.714136980051201 
3 12.001624195846667 
4 11.1950789983092 
5 11.684099422297267 
6 11.452411855899733 
7 11.365049050455065 
8 11.100675098094534 
9 10.749908558577667 
10 10.881810836279334 
11 4.4014433301102285 
12 11.225235830667799 
13 0.8351894060868756 
14 11.208660623730532 
15 0.8716772720728055 
16 11.3924166041796 
17 0.9341109349674865 
18 12.030180097243333 
19 1.0075425362545838 
20 12.350234052193999 
21 1.0719255588817729 
22 12.2631374699276 
23 1.0951918279405028 
24 12.285698050540468 
25 1.0883681488276162 
26 12.428027521925133 
27 1.0719216146484216 
28 5.301416248435258 
29 1.0598112451935784 
30 5.411047732407285 
31 1.0594816634776918 
32 5.485543036939943 
33 1.0730946907059569 
34 5.5493423506427435 
35 1.0823790929218757 
36 1.0388893597124271 
37 1.0866607373606434 
38 1.177512638049412 
39 1.0877912626360757 
40 1.1575978939274423 
41 1.2020625068578121 
42 1.129724726449394 
43 1.1849975136555757 
44 1.1259583956473576 
45 1.0533324687991297 
46 1.1856081996616183 
47 1.0738339310051512 
48 1.1703938409874728 
49 1.051448555810065 
50 1.2087485988038302 
51 1.0705744286644217 
52 1.169794167478794 
53 1.0971549745187459 
54 1.179098852243182 
55 1.117836090917708 
56 1.141892452567691 
57 1.1534813595987947 
58 1.1580562706600426 
59 1.303983405893491 
60 1.1471542071844545 
61 1.2989035578636121 
62 1.2094856743517939 
63 1.2774170393165394 
64 1.2506835163080303 
65 1.2714226795470849 
66 1.2464268337553455 
67 1.2585382371138363 
68 1.285427937899909 
69 1.3012808332501757 
70 1.3376346103089274 
71 1.3268442891173151 
72 1.3004995750024122 
73 1.3181885916425817 
74 1.3227729749610388 
75 1.2853192063095575 
76 1.331033429449142 
77 1.288145114011194 
78 1.3368674842639547 
79 1.3189922434122605 
80 1.3340495907773613 
81 1.343590761547006 
82 1.3337947530074452 
83 1.373732977568812 
84 1.402458808182329 
85 1.4650349739144242 
86 1.402458808182329 
87 1.4682034259822423 
88 1.4262907921170387 
89 1.4682034259822423 
90 1.4262907921170387 
91 1.4696969696969697 
92 1.3588760123116546 
93 1.4696969696969697 
94 1.3393472063955334 
95 1.4382288519031938 
96 1.342312385311994 
97 1.4144486547157515 
98 1.3253652999673515 
99 1.3830942679282243 
100 1.3157631168432666 
101 1.3830942679282243 
102 1.4010061174564452 
103 1.3830942679282243 
104 1.314677355193103 
105 1.3626001037010365 
106 1.3216423054495576 
107 1.3631589786555758 
108 1.3379288594303274 
109 1.3443854562160302 
110 1.340073322778103 
111 1.327584437259212 
112 1.3624278926059272 
113 1.327584437259212 
114 1.3315223876665514 
115 1.3163951359663575 
116 1.259001544355903 
117 1.2645243248699514 
118 1.2239864129898668 
119 1.2221901782952729 
120 1.2314441327661696 
121 1.2389911972520908 
122 1.257770063549679 
123 1.2389911972520908 
124 1.3073832811114485 
125 1.277685282745594 
126 1.3565810569717878 
127 1.3013877198502122 
128 1.397303347809273 
129 1.3050358247901819 
130 1.397303347809273 
131 1.3050358247901819 
132 1.413338508736576 
133 1.3050358247901819 
134 1.406926292657715 
135 1.3169599677940305 
136 1.3756465347194304 
137 1.2988301649510787 
138 1.3749538380400304 
139 1.312317949099497 
140 1.3838907578795818 
141 1.3150494457174848 
142 1.3838907578795818 
143 1.3183612400966667 
144 1.3775105306494666 
145 1.3104290932810847 
146 1.3634405488096364 
147 1.3666495156533485 
148 1.3584260860175879 
149 1.3116330442117818 
150 1.3484011935301516 
151 1.2968263738846242 
152 1.3484011935301516 
153 1.2629548768482182 
154 1.323168923002709 
155 1.2408185729759453 
156 1.3370137085258484 
157 1.2385042503145516 
158 1.3092351282041819 
159 1.1972532056021334 
160 1.3103231008520726 
161 1.2093283793113092 
162 1.2822699593335758 
163 1.198566751220491 
164 1.3275619049294727 
165 1.2241486861626545 
166 1.3444192592947697 
167 1.2619234641528363 
168 1.3360946567141454 
169 1.265264140587212 
170 1.3421076671060241 
171 1.265264140587212 
172 1.2930875318459758 
173 1.3065854713352485 
174 1.2483232429313333 
175 1.2686965682883578 
176 1.2155480291093517 
177 1.2318754590441514 
178 1.200446088060309 
179 1.1970115299477697 
180 1.1944330776684364 
181 1.1970115299477697 
182 1.2715063544469758 
183 1.1970115299477697 
184 1.2653826568427273 
185 1.1956453974496486 
186 1.2827030972407878 
187 1.2149545180035635 
188 1.3339082211921214 
189 1.2721934456533395 
190 1.3339082211921214 
191 1.2721934456533395 
192 1.3339082211921214 
193 1.2376532354971153 
194 1.357155124877115 
195 1.262645590060206 
196 1.371944320945091 
197 1.2626347779325273 
198 1.3177450635917696 
199 1.2527931466600486 
200 1.298732317234812 
201 1.2452617407275577 
202 1.2699792938734908 
203 1.2649482745658243 
204 1.2986532501924606 
205 1.2646596105191819 
206 1.299944263024194 
207 1.273854723682206 
208 1.2964615029817697 
209 1.2800779497037273 
210 1.2759757459149577 
211 1.293984735255315 
212 1.3047287692762788 
213 1.2554678942976547 
214 1.2936930560900304 
215 1.2590040431902607 
216 1.1200871203926595 
217 1.2196709636186485 
218 1.096776137922092 
219 1.1828977912989698 
220 1.0950581192701028 
221 1.1139355123003456 
222 1.0950581192701028 
223 1.1673060295759636 
224 1.1210527965315893 
225 1.1346600633953818 
226 1.1445878962929783 
227 1.1476510813073575 
228 1.3092629432523757 
229 1.1875854677744546 
230 1.3506877100132242 
231 1.2470157781458666 
232 1.3545933525101153 
233 1.2470157781458666 
234 1.3527279813251212 
235 1.2895640225351455 
236 1.3453290884388183 
237 1.2845477858717271 
238 1.3326344178221332 
239 1.2878961542776242 
240 1.2953368269476606 
241 1.2571576925017758 
242 1.2914311844507695 
243 1.2390107444421938 
244 1.2620217263048907 
245 1.200901430887497 
246 1.335596617370988 
247 1.242241004003315 
248 1.3953492896352304 
249 1.2604385453079576 
250 1.4379998220092425 
251 1.2943335960919211 
252 1.4379998220092425 
253 1.295739598983994 
254 1.4642264594809637 
255 1.329095736122309 
256 1.414834396176588 
257 1.3083040789113758 
258 1.3895329272561878 
259 1.303356529460703 
260 1.3453134858338789 
261 1.2887129666460062 
262 1.3492759891658725 
263 1.3054539118135091 
264 1.3241246058176244 
265 1.2726754225307757 
266 1.3201299992753697 
267 1.2576623446998971 
268 1.308583023710273 
269 1.2574733947028667 
270 1.3474495236330364 
271 1.2721169575175637 
272 1.3434870203010425 
273 1.226555352702291 
274 1.368638403649291 
275 1.2593913741444667 
276 1.4108658666480547 
277 1.2977390192822362 
278 1.437918833209291 
279 1.3152221824061212 
280 1.4127795447704727 
281 1.3072866410255697 
282 1.369892922543824 
283 1.3528482458408486 
284 1.369892922543824 
285 1.3309149467418544 
286 1.3274186988423515 
287 1.2880809490013334 
288 1.2735954956893758 
289 1.310513716548084 
290 1.298734784128194 
291 1.3189612283402838 
292 1.3416214063548426 
293 1.326154719562271 
294 1.301229481152103 
295 1.3018907299378453 
296 1.2952878912623877 
297 1.3082740330989742 
298 1.2849497142108486 
299 1.301488836611084 
300 1.248822501555988 
301 1.2525646025097097 
302 1.2410728154291577 
303 1.2405053956750194 
304 1.2748874195410607 
305 1.3087569131146 
306 1.2817793808310969 
307 1.319265133311942 
308 1.3524511638466303 
309 1.3629216469231678 
310 1.388578376501497 
311 1.4118458810245353 
312 1.3963280626283272 
313 1.375523929065987 
314 1.3875141542513334 
315 1.3579981096085032 
316 1.41804026942437 
317 1.4116944123667485 
318 1.4321487962531514 
319 1.295241455622382 
320 1.4321487962531514 
321 1.295241455622382 
322 1.4175921232244546 
323 1.2526849042246304 
324 1.3876053196271516 
325 1.2369294353890183 
326 1.3979682266452484 
327 1.222740352332206 
328 1.3845071098200243 
329 1.2100485499276605 
330 1.3920239825557756 
331 1.1614807758795151 
332 1.4065806555844729 
333 1.2533180660482 
334 1.2362203117227946 
335 1.2452171271665033 
336 1.2241884486650325 
337 1.2608982831919033 
338 1.2361943096172594 
339 1.2910372739752258 
340 1.2190639356925297 
341 1.2177642362659333 
342 1.2176768471172488 
343 1.218720969358 
344 1.2198746257389892 
345 1.262182485579806 
346 1.212147858771319 
347 1.2340222701303334 
348 1.181630840116827 
349 1.225104083259018 
350 1.146399770239854 
351 1.1859006823127878 
352 1.091818046352227 
353 1.2274012237664544 
354 1.082506264216465 
355 1.260202501854503 
356 1.065690429512508 
357 1.2938927714580182 
358 1.0962074481669999 
359 1.3476043376417697 
360 1.1418646541233026 
361 1.3846867449212061 
362 1.1978334665862163 
363 1.2970242663505394 
364 1.2083473821144217 
365 1.2882530305378668 
366 1.2104987059103458 
367 1.2821812765076788 
368 1.1711730211764055 
369 1.2735970093860607 
370 1.1711730211764055 
371 1.275901196661715 
372 1.074962147333638 
373 1.331873503354497 
374 1.1837670420563575 
375 1.3467761806866787 
376 1.1777702764700364 
377 1.3555876284116 
378 1.226173120546303 
379 1.3866246495390424 
380 1.1960201631152425 
381 1.4022668387697756 
382 1.2292947682287758 
383 1.4170521737741697 
384 1.2313933725941333 
385 1.3702699605067699 
386 1.2465697426784 
387 1.3517261015877455 
388 1.2422593330007938 
389 1.3517261015877455 
390 1.2545159960136787 
391 1.3199069658402 
392 1.1208075178011243 
393 1.2570306873478485 
394 1.1643725263880378 
395 1.2976814590957393 
396 1.2501383982957515 
397 1.2648191569499938 
398 1.2508752638810425 
399 1.2675337140215999 
400 1.2687715582992243 
401 1.2661539205294605 
402 1.3046238911738606 
403 1.2842472365257331 
404 1.323620203651085 
405 1.1454096974418702 
406 1.360745063090491 
407 1.1833995769071406 
408 1.3287380437896061 
409 1.1509624493602704 
410 1.3287380437896061 
411 1.1459447223550108 
412 1.3304562224479515 
413 1.1645868955660108 
414 1.2984099301741212 
415 1.1603605967414812 
416 1.2664528956603456 
417 1.1644037474359135 
418 1.2649068355490969 
419 1.1924743768075137 
420 1.2649068355490969 
421 1.193061906988973 
422 1.2331615191748848 
423 1.1527101026654865 
424 1.2788422943921152 
425 1.2241218040775332 
426 1.2697570857479454 
427 1.1731008264353455 
428 1.2243817716887817 
429 1.150634838840606 
430 1.2243817716887817 
431 1.1370121925852787 
432 1.2078320406330607 
433 1.1221760671512546 
434 1.1825041763773092 
435 1.1046268526179819 
436 1.1891932541872121 
437 1.1597111266716063 
438 1.2627947227625806 
439 1.1787389153574424 
440 1.2627947227625806 
441 1.1998849973666847 
442 1.2910269587834773 
443 1.2428656909440423 
444 1.2381107649311396 
445 1.2856100987774002 
446 1.2405740539365757 
447 1.2556327009039758 
448 1.2498635031694667 
449 1.2612521134226304 
450 1.244069066216291 
451 1.2748282434457212 
452 1.2485580642286909 
453 1.3176622324339031 
454 1.2429004774782364 
455 1.3200336735340605 
456 1.272840070233915 
457 1.3417384583230727 
458 1.3337976336373454 
459 1.3417384583230727 
460 1.3252738324505213 
461 1.3286958665575939 
462 1.3012678740907637 
463 1.3275733252625213 
464 1.2597153688315272 
465 1.3375279924262122 
466 1.2355830021094 
467 1.3372040795327091 
468 1.2199757768920303 
469 1.2838461406298425 
470 1.2342940150320303 
471 1.3131225249661513 
472 1.2253023718396727 
473 1.3071370400464908 
474 1.217944624155109 
475 1.308823325721988 
476 1.2210275094713332 
477 1.308823325721988 
478 1.247510794863782 
479 1.3621812646248483 
480 1.247510794863782 
481 1.3596233408031333 
482 1.2840108837763757 
483 1.3732094152062364 
484 1.268129094676491 
485 1.3505281932216544 
486 1.226996301797006 
487 1.134840986745773 
488 1.226996301797006 
489 1.134840986745773 
490 1.2004547265601637 
491 1.158835829585 
492 1.1999405753545211 
493 1.154776967453854 
494 1.219229193635891 
495 1.168797696895081 
496 1.2851242057013454 
497 1.2384818554551136 
498 1.2851242057013454 
499 1.2384818554551136 
500 1.2556083377236666 
501 1.2467617447782486 
502 1.1942351802697273 
503 1.1887509925433242 
504 1.1614675846886242 
505 1.2748332034430667 
506 1.1215200699732606 
507 1.3049950144977698 
508 1.0823981309401394 
509 1.2633394838724787 
510 1.0787876375101395 
511 1.0706872145957136 
512 1.120759051119909 
513 1.1026764397194053 
514 1.134620176034606 
515 1.1026764397194053 
516 1.1681178068401272 
517 1.0752210506686595 
518 1.1940135637093758 
519 1.0824628305335946 
520 1.2419252269894059 
521 1.1213129098597945 
522 1.3015931636339273 
523 1.1665038066981999 
524 1.325327768710206 
525 1.1895676899433891 
526 1.331877451543612 
527 1.2363640008525187 
528 1.3396754090572667 
529 1.249447856985146 
530 1.3308856848103636 
531 1.247750007676092 
532 1.3308856848103636 
533 1.4061704622152789 
534 1.2737398341888726 
535 1.3485529300612786 
536 1.2316717016181273 
537 1.3083245382232183 
538 1.2369245930226909 
539 1.268333440385103 
540 1.1894038389867756 
541 1.2356575004589272 
542 1.1708642347655878 
543 1.1635932743418 
544 1.2184060656213576 
545 1.2112140459848486 
546 1.1923556053939697 
547 1.1624638440244364 
548 1.1590985188804304 
549 1.1600038827773698 
550 1.148259862669212 
551 1.1565539275148848 
552 0.9549418417072001 
553 1.120697538410418 
554 0.9498337187531081 
555 1.1036566306358122 
556 1.016411228269238 
557 1.2193896859798001 
558 1.040759163909054 
559 1.2592614011813819 
560 1.0892780284962593 
561 1.2690363562763758 
562 1.171777782366265 
563 1.326708059502406 
564 1.1557233471307244 
565 1.3294386868433878 
566 1.1471878232551675 
567 1.256121168789212 
568 1.1573360736658054 
569 1.1261715706467137 
570 1.1608674938936163 
571 1.1278460045049892 
572 1.164084882299746 
573 1.149294757997054 
574 1.1376522788191945 
575 1.1742166204376216 
576 1.1273169928479676 
577 1.1731063237437134 
578 1.095910385436584 
579 1.1672590387738595 
580 1.0810998208935947 
581 1.178355727926973 
582 1.1442723509363393 
583 1.1543451665802542 
584 1.1750804419325696 
585 1.186199742388973 
586 1.1300578219800061 
587 1.1363474152999027 
588 1.1160026310495272 
589 1.203479067190497 
590 1.0545736654948605 
591 1.1881866310662728 
592 1.0610837980749455 
593 1.2036521837527152 
594 1.0956073799165396 
595 1.1688871550256 
596 1.1632357275116425 
597 1.2112243902050122 
598 1.2095132522768606 
599 1.229059437122503 
600 1.2875480023191153 
601 1.2563836754185393 
602 1.3135551649244 
603 1.2477568273233757 
604 1.3283024395118908 
605 1.2825218560504907 
606 1.334976396757988 
607 1.3018704820063332 
608 1.3081099160208667 
609 1.3190074530365332 
610 1.315993960012594 
611 1.326026375850085 
612 1.2965089566678363 
613 1.3022079774084667 
614 1.2743855297975093 
615 1.2982137181626727 
616 1.263379617103709 
617 1.2802560782494545 
618 1.2147918227068788 
619 1.2120044085763153 
620 1.1330440710063394 
621 1.118491837489794 
622 1.1878816516555395 
623 1.1077818538824968 
624 1.1600548789183698 
625 1.1117761131282848 
626 1.1380075428887757 
627 1.1087276488667395 
628 1.1908659380806728 
629 1.1691485483303272 
630 1.1280021165149514 
631 1.255642196603297 
632 1.1280021165149514 
633 1.1136051667066433 
634 1.1136051667066433 
635 1.2942789320607515 
636 1.224416195139503 
637 1.2503781468123272 
638 1.246379751975315 
639 1.2467449062358666 
640 1.249263616434297 
641 1.2453484300545272 
642 1.2323296919398605 
643 1.1758736456628969 
644 1.0991048603787945 
645 1.060252428773627 
646 1.111357192672135 
647 1.0690469533596378 
648 1.0908250663460055 
649 1.0549096476376973 
650 1.1010630817409675 
651 1.0522749727736431 
652 1.0878222499161296 
653 1.075107167251638 
654 1.087238985036216 
655 1.0922611172665135 
656 1.0747661203242649 
657 1.0908101441580649 
658 1.1365502148539999 
659 1.1187765976435406 
660 1.1438246178377134 
661 1.126882438205427 
662 1.0965143679636216 
663 1.096324205890135 
664 1.0818638064830866 
665 1.1000429354740486 
666 1.0936020062034162 
667 1.131002920910016 
668 1.0531295601028432 
669 1.1516724073127351 
670 1.0506040229776 
671 1.142954617632692 
672 1.0674149489146434 
673 1.141790644430308 
674 1.068658348809773 
675 1.1477392142386649 
676 1.0935861776530433 
677 1.1406679227000378 
678 1.0769387207693892 
679 1.1410423824898703 
680 1.0985362825045621 
681 1.1229729957578216 
682 1.1147697264023135 
683 1.1535431344125677 
684 1.1357592623679027 
685 1.1498575865773242 
686 1.1064765781709243 
687 1.1577800956131785 
688 1.1253514625363297 
689 1.1718543199145621 
690 1.131752864360362 
691 1.1834520840175513 
692 1.1258162105701135 
693 1.1949753130416163 
694 1.1332140508781459 
695 1.1482337746666758 
696 1.1570019053130054 
697 1.1482337746666758 
698 1.1484178119361081 
699 1.1117698191977028 
700 1.1484178119361081 
701 1.117178619297227 
702 1.1278971154932595 
703 1.0710309110379568 
704 1.1150854353984323 
705 1.1207513022932378 
706 1.1150619578978378 
707 1.1207513022932378 
708 1.0697988307853998 
709 1.1191149985459405 
710 1.1052658194057514 
711 1.159870245447984 
712 1.1193094158741677 
713 1.1650903422103784 
714 1.1217578380812487 
715 1.1657178928910648 
716 1.1138725776082432 
717 1.1217794566633892 
718 1.1121573080646323 
719 1.0993433917621243 
720 1.0659705056109405 
721 1.056338646550281 
722 1.0615853278092486 
723 1.069127304443892 
724 1.0391309367579622 
725 1.0483188429926324 
726 1.0408002061647839 
727 1.046428881687843 
728 1.090454723730243 
729 1.0824897105474163 
730 1.092217567403 
731 1.0814420887698268 
732 1.101928266531973 
733 1.0874966150826109 
734 1.0980587907276758 
735 1.0751250639957945 
736 5.639479252365971 
737 1.0575400380090487 
738 5.5113360932046 
739 1.0200713036648972 
740 1.0429332357155676 
741 1.0229766555075568 
742 1.036670914686654 
743 1.0183707264897783 
744 1.0723713270761188 
745 1.050923188347173 
746 1.092308679708854 
747 1.1143366118663784 
748 1.1073139793808595 
749 1.1240045885209784 
750 1.1275928105304702 
751 1.1520631165923352 
752 1.105526353360665 
753 1.113494811081411 
754 1.0548703427146 
755 1.1847014139292547 
756 1.073323321199481 
757 1.1847014139292547 
758 1.0459632977045135 
759 1.217003171431691 
760 1.0164301488296323 
761 1.1844533518933515 
762 1.0235649833169567 
763 1.191862498893212 
764 1.034040698582919 
765 1.220255857305109 
766 1.0236071579139567 
767 1.220255857305109 
768 1.0003178399184378 
769 1.2144746640469999 
770 1.0120744570547893 
771 1.2222340819048667 
772 1.0156456457541243 
773 1.242644661504194 
774 1.0568126534881026 
775 1.2780137682543273 
776 1.0540664261821568 
777 1.2365427351427576 
778 1.063605286949227 
779 1.2260771164289759 
780 1.080366475828854 
781 1.2283782825164 
782 5.721251450575401 
783 1.2680561871269151 
784 5.6061087594838 
785 1.2680561871269151 
786 1.0525703195967622 
787 1.309527220238485 
788 1.0919970075543783 
789 1.1401333619351999 
790 1.1104916536874594 
791 1.1630397414728215 
792 1.1237638363499027 
793 1.154208261923308 
794 1.1344403623501784 
795 1.1386904184631135 
796 1.122946831216227 
797 1.1129933346584702 
798 1.0978088531296055 
799 1.1261705082364704 
800 1.100639482842773 
801 1.1367743160541892 
802 1.0854588483236163 
803 1.0958020480601676 
804 1.058979358283627 
805 1.0755121472279838 
806 1.0805769763847568 
807 1.1012092310326271 
808 1.076775014206373 
809 1.1356329836018326 
810 1.0552299639844054 
811 1.1107574145432757 
812 5.699206809274971 
813 1.1746654556059892 
814 5.691601036587029 
815 1.1732221557805622 
816 1.0566937028090486 
817 1.1303533686605136 
818 1.015960860965 
819 1.0654801307964108 
820 0.9819247794921676 
821 1.0473409445564703 
822 0.943969412610427 
823 0.9817991198451513 
824 0.9386140008403405 
825 1.0190501639629512 
826 0.9505790886994 
827 1.0603619805342162 
828 1.0284975433747188 
829 1.228087845085988 
830 1.0760467412776755 
831 1.282265385639812 
832 1.0626353436262432 
833 1.2930539409683455 
834 1.1070164017727135 
835 1.2506610113876364 
836 1.113772830802027 
837 1.2524067056393091 
838 1.0963788311604161 
839 1.2748475622513455 
840 1.0768256087336758 
841 1.2482079997881637 
842 1.0933347634913082 
843 1.2378175424663393 
844 1.0550420845339297 
845 1.2537596149082486 
846 1.060169988246562 
847 1.2537596149082486 
848 1.0358455523612866 
849 1.240528424377903 
850 1.0414662140979567 
851 1.2301062339448667 
852 1.062462901183692 
853 1.2606230971972243 
854 11.684099422297267 
855 11.452411855899733 
856 11.365049050455065 
857 11.100675098094534 
858 10.749908558577667 
859 10.881810836279334 
860 4.4014433301102285 
861 11.225235830667799 
862 0.8351894060868756 
863 11.208660623730532 
864 0.8716772720728055 
865 11.3924166041796 
866 0.9341109349674865 
867 12.030180097243333 
868 1.0075425362545838 
869 12.350234052193999 
870 1.0719255588817729 
871 12.2631374699276 
872 1.0951918279405028 
873 12.285698050540468 
874 1.0883681488276162 
875 12.428027521925133 
876 1.0719216146484216 
877 5.301416248435258 
878 1.0598112451935784 
879 5.411047732407285 
880 1.0594816634776918 
881 5.485543036939943 
882 1.0730946907059569 
883 5.5493423506427435 
884 1.0823790929218757 
885 1.0388893597124271 
886 1.0866607373606434 
887 1.177512638049412 
888 1.0877912626360757 
889 1.1575978939274423 
890 1.2020625068578121 
891 1.129724726449394 
892 1.1849975136555757 
893 1.1259583956473576 
894 1.0533324687991297 
895 1.1856081996616183 
896 1.0738339310051512 
897 1.1703938409874728 
898 1.051448555810065 
899 1.2087485988038302 
900 1.0705744286644217 
901 1.169794167478794 
902 1.0971549745187459 
903 1.179098852243182 
904 1.117836090917708 
905 1.141892452567691 
906 1.1534813595987947 
907 1.1580562706600426 
908 1.303983405893491 
909 1.1471542071844545 
910 1.2989035578636121 
911 1.2094856743517939 
912 1.2774170393165394 
913 1.2506835163080303 
914 1.2714226795470849 
915 1.2464268337553455 
916 1.2585382371138363 
917 1.285427937899909 
918 1.3012808332501757 
919 1.3376346103089274 
920 1.3268442891173151 
921 1.3004995750024122 
922 1.3181885916425817 
923 1.3227729749610388 
924 1.2853192063095575 
925 1.331033429449142 
926 1.288145114011194 
927 1.3368674842639547 
928 1.3189922434122605 
929 1.3340495907773613 
930 1.343590761547006 
931 1.3337947530074452 
932 1.373732977568812 
933 1.402458808182329 
934 1.4650349739144242 
935 1.402458808182329 
936 1.4682034259822423 
937 1.4262907921170387 
938 1.4682034259822423 
939 1.4262907921170387 
940 1.4696969696969697 
941 1.3588760123116546 
942 1.4696969696969697 
943 1.3393472063955334 
944 1.4382288519031938 
945 1.342312385311994 
946 1.4144486547157515 
947 1.3253652999673515 
948 1.3830942679282243 
949 1.3157631168432666 
950 1.3830942679282243 
951 1.4010061174564452 
952 1.3830942679282243 
953 1.314677355193103 
954 1.3626001037010365 
955 1.3216423054495576 
956 1.3631589786555758 
957 1.3379288594303274 
958 1.3443854562160302 
959 1.340073322778103 
960 1.327584437259212 
961 1.3624278926059272 
962 1.327584437259212 
963 1.3315223876665514 
964 1.3163951359663575 
965 1.259001544355903 
966 1.2645243248699514 
967 1.2239864129898668 
968 1.2221901782952729 
969 1.2314441327661696 
970 1.2389911972520908 
971 1.257770063549679 
972 1.2389911972520908 
973 1.3073832811114485 
974 1.277685282745594 
975 1.3565810569717878 
976 1.3013877198502122 
977 1.397303347809273 
978 1.3050358247901819 
979 1.397303347809273 
980 1.3050358247901819 
981 1.413338508736576 
982 1.3050358247901819 
983 1.406926292657715 
984 1.3169599677940305 
985 1.3756465347194304 
986 1.2988301649510787 
987 1.3749538380400304 
988 1.312317949099497 
989 1.3838907578795818 
990 1.3150494457174848 
991 1.3838907578795818 
992 1.3183612400966667 
993 1.3775105306494666 
994 1.3104290932810847 
995 1.3634405488096364 
996 1.3666495156533485 
997 1.3584260860175879 
998 1.3116330442117818 
999 1.3484011935301516 
1000 1.2968263738846242 
1001 1.3484011935301516 
1002 1.2629548768482182 
1003 1.323168923002709 
1004 1.2408185729759453 
1005 1.3370137085258484 
1006 1.2385042503145516 
1007 1.3092351282041819 
1008 1.1972532056021334 
1009 1.3103231008520726 
1010 1.2093283793113092 
1011 1.2822699593335758 
1012 1.198566751220491 
1013 1.3275619049294727 
1014 1.2241486861626545 
1015 1.3444192592947697 
1016 1.2619234641528363 
1017 1.3360946567141454 
1018 1.265264140587212 
1019 1.3421076671060241 
1020 1.265264140587212 
1021 1.2930875318459758 
1022 1.3065854713352485 
1023 1.2483232429313333 
1024 1.2686965682883578 
1025 1.2155480291093517 
1026 1.2318754590441514 
1027 1.200446088060309 
1028 1.1970115299477697 
1029 1.1944330776684364 
1030 1.1970115299477697 
1031 1.2715063544469758 
1032 1.1970115299477697 
1033 1.2653826568427273 
1034 1.1956453974496486 
1035 1.2827030972407878 
1036 1.2149545180035635 
1037 1.3339082211921214 
1038 1.2721934456533395 
1039 1.3339082211921214 
1040 1.2721934456533395 
1041 1.3339082211921214 
1042 1.2376532354971153 
1043 1.357155124877115 
1044 1.262645590060206 
1045 1.371944320945091 
1046 1.2626347779325273 
1047 1.3177450635917696 
1048 1.2527931466600486 
1049 1.298732317234812 
1050 1.2452617407275577 
1051 1.2699792938734908 
1052 1.2649482745658243 
1053 1.2986532501924606 
1054 1.2646596105191819 
1055 1.299944263024194 
1056 1.273854723682206 
1057 1.2964615029817697 
1058 1.2800779497037273 
1059 1.2759757459149577 
1060 1.293984735255315 
1061 1.3047287692762788 
1062 1.2554678942976547 
1063 1.2936930560900304 
1064 1.2590040431902607 
1065 1.1200871203926595 
1066 1.2196709636186485 
1067 1.096776137922092 
1068 1.1828977912989698 
1069 1.0950581192701028 
1070 1.1139355123003456 
1071 1.0950581192701028 
1072 1.1673060295759636 
1073 1.1210527965315893 
1074 1.1346600633953818 
1075 1.1445878962929783 
1076 1.1476510813073575 
1077 1.3092629432523757 
1078 1.1875854677744546 
1079 1.3506877100132242 
1080 1.2470157781458666 
1081 1.3545933525101153 
1082 1.2470157781458666 
1083 1.3527279813251212 
1084 1.2895640225351455 
1085 1.3453290884388183 
1086 1.2845477858717271 
1087 1.3326344178221332 
1088 1.2878961542776242 
1089 1.2953368269476606 
1090 1.2571576925017758 
1091 1.2914311844507695 
1092 1.2390107444421938 
1093 1.2620217263048907 
1094 1.200901430887497 
1095 1.335596617370988 
1096 1.242241004003315 
1097 1.3953492896352304 
1098 1.2604385453079576 
1099 1.4379998220092425 
1100 1.2943335960919211 
1101 1.4379998220092425 
1102 1.295739598983994 
1103 1.4642264594809637 
1104 1.329095736122309 
1105 1.414834396176588 
1106 1.3083040789113758 
1107 1.3895329272561878 
1108 1.303356529460703 
1109 1.3453134858338789 
1110 1.2887129666460062 
1111 1.3492759891658725 
1112 1.3054539118135091 
1113 1.3241246058176244 
1114 1.2726754225307757 
1115 1.3201299992753697 
1116 1.2576623446998971 
1117 1.308583023710273 
1118 1.2574733947028667 
1119 1.3474495236330364 
1120 1.2721169575175637 
1121 1.3434870203010425 
1122 1.226555352702291 
1123 1.368638403649291 
1124 1.2593913741444667 
1125 1.4108658666480547 
1126 1.2977390192822362 
1127 1.437918833209291 
1128 1.3152221824061212 
1129 1.4127795447704727 
1130 1.3072866410255697 
1131 1.369892922543824 
1132 1.3528482458408486 
1133 1.369892922543824 
1134 1.3309149467418544 
1135 1.3274186988423515 
1136 1.2880809490013334 
1137 1.2735954956893758 
1138 1.310513716548084 
1139 1.298734784128194 
1140 1.3189612283402838 
1141 1.3416214063548426 
1142 1.326154719562271 
1143 1.301229481152103 
1144 1.3018907299378453 
1145 1.2952878912623877 
1146 1.3082740330989742 
1147 1.2849497142108486 
1148 1.301488836611084 
1149 1.248822501555988 
1150 1.2525646025097097 
1151 1.2410728154291577 
1152 1.2405053956750194 
1153 1.2748874195410607 
1154 1.3087569131146 
1155 1.2817793808310969 
1156 1.319265133311942 
1157 1.3524511638466303 
1158 1.3629216469231678 
1159 1.388578376501497 
1160 1.4118458810245353 
1161 1.3963280626283272 
1162 1.375523929065987 
1163 1.3875141542513334 
1164 1.3579981096085032 
1165 1.41804026942437 
1166 1.4116944123667485 
1167 1.4321487962531514 
1168 1.295241455622382 
1169 1.4321487962531514 
1170 1.295241455622382 
1171 1.4175921232244546 
1172 1.2526849042246304 
1173 1.3876053196271516 
1174 1.2369294353890183 
1175 1.3979682266452484 
1176 1.222740352332206 
1177 1.3845071098200243 
1178 1.2100485499276605 
1179 1.3920239825557756 
1180 1.1614807758795151 
1181 1.4065806555844729 
1182 1.2533180660482 
1183 1.2362203117227946 
1184 1.2452171271665033 
1185 1.2241884486650325 
1186 1.2608982831919033 
1187 1.2361943096172594 
1188 1.2910372739752258 
1189 1.2190639356925297 
1190 1.2177642362659333 
1191 1.2176768471172488 
1192 1.218720969358 
1193 1.2198746257389892 
1194 1.262182485579806 
1195 1.212147858771319 
1196 1.2340222701303334 
1197 1.181630840116827 
1198 1.225104083259018 
1199 1.146399770239854 
1200 1.1859006823127878 
1201 1.091818046352227 
1202 1.2274012237664544 
1203 1.082506264216465 
1204 1.260202501854503 
1205 1.065690429512508 
1206 1.2938927714580182 
1207 1.0962074481669999 
1208 1.3476043376417697 
1209 1.1418646541233026 
1210 1.3846867449212061 
1211 1.1978334665862163 
1212 1.2970242663505394 
1213 1.2083473821144217 
1214 1.2882530305378668 
1215 1.2104987059103458 
1216 1.2821812765076788 
1217 1.1711730211764055 
1218 1.2735970093860607 
1219 1.1711730211764055 
1220 1.275901196661715 
1221 1.074962147333638 
1222 1.331873503354497 
1223 1.1837670420563575 
1224 1.3467761806866787 
1225 1.1777702764700364 
1226 1.3555876284116 
1227 1.226173120546303 
1228 1.3866246495390424 
1229 1.1960201631152425 
1230 1.4022668387697756 
1231 1.2292947682287758 
1232 1.4170521737741697 
1233 1.2313933725941333 
1234 1.3702699605067699 
1235 1.2465697426784 
1236 1.3517261015877455 
1237 1.2422593330007938 
1238 1.3517261015877455 
1239 1.2545159960136787 
1240 1.3199069658402 
1241 1.1208075178011243 
1242 1.2570306873478485 
1243 1.1643725263880378 
1244 1.2976814590957393 
1245 1.2501383982957515 
1246 1.2648191569499938 
1247 1.2508752638810425 
1248 1.2675337140215999 
1249 1.274150710656703 
1250 1.274150710656703 
1251 1.2687715582992243 
1252 1.2661539205294605 
1253 1.3046238911738606 
1254 1.2842472365257331 
1255 1.323620203651085 
1256 1.1454096974418702 
1257 1.360745063090491 
1258 1.1833995769071406 
1259 1.3287380437896061 
1260 1.1509624493602704 
1261 1.3287380437896061 
1262 1.1459447223550108 
1263 1.3304562224479515 
1264 1.1645868955660108 
1265 1.2984099301741212 
1266 1.1603605967414812 
1267 1.2664528956603456 
1268 1.1644037474359135 
1269 1.2649068355490969 
1270 1.1924743768075137 
1271 1.2649068355490969 
1272 1.193061906988973 
1273 1.2331615191748848 
1274 1.1527101026654865 
1275 1.2788422943921152 
1276 1.2241218040775332 
1277 1.2697570857479454 
1278 1.1731008264353455 
1279 1.2243817716887817 
1280 1.150634838840606 
1281 1.2243817716887817 
1282 1.1370121925852787 
1283 1.2078320406330607 
1284 1.1221760671512546 
1285 1.1825041763773092 
1286 1.1046268526179819 
1287 1.1891932541872121 
1288 1.1597111266716063 
1289 1.2627947227625806 
1290 1.1787389153574424 
1291 1.2627947227625806 
1292 1.1998849973666847 
1293 1.2910269587834773 
1294 1.2428656909440423 
1295 1.2381107649311396 
1296 1.2856100987774002 
1297 1.2405740539365757 
1298 1.2556327009039758 
1299 1.2498635031694667 
1300 1.2612521134226304 
1301 1.244069066216291 
1302 1.2748282434457212 
1303 1.2485580642286909 
1304 1.3176622324339031 
1305 1.2429004774782364 
1306 1.3200336735340605 
1307 1.272840070233915 
1308 1.3417384583230727 
1309 1.3337976336373454 
1310 1.3417384583230727 
1311 1.3252738324505213 
1312 1.3286958665575939 
1313 1.3012678740907637 
1314 1.3275733252625213 
1315 1.2597153688315272 
1316 1.3375279924262122 
1317 1.2355830021094 
1318 1.3372040795327091 
1319 1.2199757768920303 
1320 1.2838461406298425 
1321 1.2342940150320303 
1322 1.3131225249661513 
1323 1.2253023718396727 
1324 1.3071370400464908 
1325 1.217944624155109 
1326 1.308823325721988 
1327 1.2210275094713332 
1328 1.308823325721988 
1329 1.247510794863782 
1330 1.3621812646248483 
1331 1.247510794863782 
1332 1.3596233408031333 
1333 1.2840108837763757 
1334 1.3732094152062364 
1335 1.268129094676491 
1336 1.3505281932216544 
1337 1.226996301797006 
1338 1.134840986745773 
1339 1.226996301797006 
1340 1.134840986745773 
1341 1.2004547265601637 
1342 1.158835829585 
1343 1.1999405753545211 
1344 1.154776967453854 
1345 1.219229193635891 
1346 1.168797696895081 
1347 1.2851242057013454 
1348 1.2384818554551136 
1349 1.2851242057013454 
1350 1.2384818554551136 
1351 1.2556083377236666 
1352 1.2467617447782486 
1353 1.1942351802697273 
1354 1.1887509925433242 
1355 1.1614675846886242 
1356 1.2748332034430667 
1357 1.1215200699732606 
1358 1.3049950144977698 
1359 1.0823981309401394 
1360 1.2633394838724787 
1361 1.0787876375101395 
1362 1.1026764397194053 
1363 1.134620176034606 
1364 1.1026764397194053 
1365 1.1681178068401272 
1366 1.0752210506686595 
1367 1.1940135637093758 
1368 1.0824628305335946 
1369 1.2419252269894059 
1370 1.1213129098597945 
1371 1.3015931636339273 
1372 1.1665038066981999 
1373 1.325327768710206 
1374 1.1895676899433891 
1375 1.331877451543612 
1376 1.2363640008525187 
1377 1.3396754090572667 
1378 1.249447856985146 
1379 1.3308856848103636 
1380 1.247750007676092 
1381 1.3308856848103636 
1382 1.4061704622152789 
1383 1.2737398341888726 
1384 1.3485529300612786 
1385 1.2316717016181273 
1386 1.3083245382232183 
1387 1.2369245930226909 
1388 1.268333440385103 
1389 1.1894038389867756 
1390 1.2356575004589272 
1391 1.1708642347655878 
1392 1.1635932743418 
1393 1.2184060656213576 
1394 1.2112140459848486 
1395 1.1923556053939697 
1396 1.1624638440244364 
1397 1.1590985188804304 
1398 1.1600038827773698 
1399 1.148259862669212 
1400 1.1565539275148848 
1401 0.9549418417072001 
1402 1.120697538410418 
1403 0.9498337187531081 
1404 1.1036566306358122 
1405 1.016411228269238 
1406 1.2193896859798001 
1407 1.040759163909054 
1408 1.2592614011813819 
1409 1.0892780284962593 
1410 1.2690363562763758 
1411 1.171777782366265 
1412 1.326708059502406 
1413 1.1557233471307244 
1414 1.3294386868433878 
1415 1.1471878232551675 
1416 1.256121168789212 
1417 1.1573360736658054 
1418 1.1261715706467137 
1419 1.1608674938936163 
1420 1.1278460045049892 
1421 1.164084882299746 
1422 1.149294757997054 
1423 1.1376522788191945 
1424 1.1742166204376216 
1425 1.1273169928479676 
1426 1.1731063237437134 
1427 1.095910385436584 
1428 1.1672590387738595 
1429 1.0810998208935947 
1430 1.178355727926973 
1431 1.1442723509363393 
1432 1.1543451665802542 
1433 1.1750804419325696 
1434 1.186199742388973 
1435 1.1300578219800061 
1436 1.1363474152999027 
1437 1.1160026310495272 
1438 1.203479067190497 
1439 1.0545736654948605 
1440 1.1881866310662728 
1441 1.0610837980749455 
1442 1.2036521837527152 
1443 1.0956073799165396 
1444 1.1688871550256 
1445 1.1632357275116425 
1446 1.2112243902050122 
1447 1.2095132522768606 
1448 1.229059437122503 
1449 1.2875480023191153 
1450 1.2563836754185393 
1451 1.3135551649244 
1452 1.2477568273233757 
1453 1.3283024395118908 
1454 1.2825218560504907 
1455 1.334976396757988 
1456 1.3018704820063332 
1457 1.3081099160208667 
1458 1.3190074530365332 
1459 1.315993960012594 
1460 1.326026375850085 
1461 1.2965089566678363 
1462 1.3022079774084667 
1463 1.2743855297975093 
1464 1.2982137181626727 
1465 1.263379617103709 
1466 1.2802560782494545 
1467 1.2147918227068788 
1468 1.2120044085763153 
1469 1.1330440710063394 
1470 1.118491837489794 
1471 1.1878816516555395 
1472 1.1077818538824968 
1473 1.1600548789183698 
1474 1.1117761131282848 
1475 1.1380075428887757 
1476 1.1087276488667395 
1477 1.1908659380806728 
1478 1.1691485483303272 
1479 1.1280021165149514 
1480 1.255642196603297 
1481 1.1280021165149514 
1482 1.2942789320607515 
1483 1.224416195139503 
1484 1.2503781468123272 
1485 1.246379751975315 
1486 1.2467449062358666 
1487 1.249263616434297 
1488 1.2453484300545272 
1489 1.2323296919398605 
1490 1.1758736456628969 
1491 1.0991048603787945 
1492 1.060252428773627 
1493 1.111357192672135 
1494 1.0690469533596378 
1495 1.0908250663460055 
1496 1.0549096476376973 
1497 1.1010630817409675 
1498 1.0522749727736431 
1499 1.0878222499161296 
1500 1.075107167251638 
1501 1.087238985036216 
1502 1.0922611172665135 
1503 1.0747661203242649 
1504 1.0908101441580649 
1505 1.1365502148539999 
1506 1.1187765976435406 
1507 1.1438246178377134 
1508 1.126882438205427 
1509 1.0965143679636216 
1510 1.096324205890135 
1511 1.0818638064830866 
1512 1.1000429354740486 
1513 1.0936020062034162 
1514 1.131002920910016 
1515 1.0531295601028432 
1516 1.1516724073127351 
1517 1.0506040229776 
1518 1.142954617632692 
1519 1.0674149489146434 
1520 1.141790644430308 
1521 1.068658348809773 
1522 1.1477392142386649 
1523 1.0935861776530433 
1524 1.1406679227000378 
1525 1.0769387207693892 
1526 1.1410423824898703 
1527 1.0985362825045621 
1528 1.1229729957578216 
1529 1.1147697264023135 
1530 1.1535431344125677 
1531 1.1357592623679027 
1532 1.1498575865773242 
1533 1.1064765781709243 
1534 1.1577800956131785 
1535 1.1253514625363297 
1536 1.1718543199145621 
1537 1.131752864360362 
1538 1.1834520840175513 
1539 1.1258162105701135 
1540 1.1949753130416163 
1541 1.1332140508781459 
1542 1.1482337746666758 
1543 1.1570019053130054 
1544 1.1482337746666758 
1545 1.1484178119361081 
1546 1.1117698191977028 
1547 1.1484178119361081 
1548 1.117178619297227 
1549 1.1278971154932595 
1550 1.0710309110379568 
1551 1.1150854353984323 
1552 1.1207513022932378 
1553 1.1150619578978378 
1554 1.1207513022932378 
1555 1.0697988307853998 
1556 1.1191149985459405 
1557 1.1052658194057514 
1558 1.159870245447984 
1559 1.1193094158741677 
1560 1.1650903422103784 
1561 1.1217578380812487 
1562 1.1657178928910648 
1563 1.1138725776082432 
1564 1.1217794566633892 
1565 1.1121573080646323 
1566 1.0993433917621243 
1567 1.0659705056109405 
1568 1.056338646550281 
1569 1.0615853278092486 
1570 1.069127304443892 
1571 1.0391309367579622 
1572 1.0483188429926324 
1573 1.0408002061647839 
1574 1.046428881687843 
1575 1.090454723730243 
1576 1.0824897105474163 
1577 1.092217567403 
1578 1.0814420887698268 
1579 1.101928266531973 
1580 1.0874966150826109 
1581 1.0980587907276758 
1582 1.0751250639957945 
1583 5.639479252365971 
1584 1.0575400380090487 
1585 5.5113360932046 
1586 1.0200713036648972 
1587 1.0429332357155676 
1588 1.0229766555075568 
1589 1.036670914686654 
1590 1.0183707264897783 
1591 1.0723713270761188 
1592 1.050923188347173 
1593 1.092308679708854 
1594 1.1143366118663784 
1595 1.1073139793808595 
1596 1.1240045885209784 
1597 1.1275928105304702 
1598 1.1520631165923352 
1599 1.105526353360665 
1600 1.113494811081411 
1601 1.0548703427146 
1602 1.1847014139292547 
1603 1.073323321199481 
1604 1.1847014139292547 
1605 1.0459632977045135 
1606 1.217003171431691 
1607 1.0164301488296323 
1608 1.1844533518933515 
1609 1.0235649833169567 
1610 1.191862498893212 
1611 1.034040698582919 
1612 1.220255857305109 
1613 1.0236071579139567 
1614 1.220255857305109 
1615 1.0003178399184378 
1616 1.2144746640469999 
1617 1.0120744570547893 
1618 1.2222340819048667 
1619 1.0156456457541243 
1620 1.242644661504194 
1621 1.0568126534881026 
1622 1.2780137682543273 
1623 1.0540664261821568 
1624 1.2365427351427576 
1625 1.063605286949227 
1626 1.2260771164289759 
1627 1.080366475828854 
1628 1.2283782825164 
1629 5.721251450575401 
1630 1.2680561871269151 
1631 5.6061087594838 
1632 1.2680561871269151 
1633 1.0525703195967622 
1634 1.309527220238485 
1635 1.0919970075543783 
1636 1.1401333619351999 
1637 1.1104916536874594 
1638 1.1630397414728215 
1639 1.1237638363499027 
1640 1.154208261923308 
1641 1.1344403623501784 
1642 1.1386904184631135 
1643 1.122946831216227 
1644 1.1129933346584702 
1645 1.0978088531296055 
1646 1.1261705082364704 
1647 1.100639482842773 
1648 1.1367743160541892 
1649 1.0854588483236163 
1650 1.0958020480601676 
1651 1.058979358283627 
1652 1.0755121472279838 
1653 1.0805769763847568 
1654 1.1012092310326271 
1655 1.076775014206373 
1656 1.1356329836018326 
1657 1.0552299639844054 
1658 1.1107574145432757 
1659 5.699206809274971 
1660 1.1746654556059892 
1661 5.691601036587029 
1662 1.1732221557805622 
1663 1.0566937028090486 
1664 1.1303533686605136 
1665 1.015960860965 
1666 1.0654801307964108 
1667 0.9819247794921676 
1668 1.0473409445564703 
1669 0.943969412610427 
1670 0.9817991198451513 
1671 0.9386140008403405 
1672 1.0190501639629512 
1673 0.9505790886994 
1674 1.0603619805342162 
1675 1.0284975433747188 
1676 1.228087845085988 
1677 1.0760467412776755 
1678 1.282265385639812 
1679 1.0626353436262432 
1680 1.2930539409683455 
1681 1.1070164017727135 
1682 1.2506610113876364 
1683 1.113772830802027 
1684 1.2524067056393091 
1685 1.0963788311604161 
1686 1.2748475622513455 
1687 1.0768256087336758 
1688 1.2482079997881637 
1689 1.0933347634913082 
1690 1.2378175424663393 
1691 1.0550420845339297 
1692 1.2537596149082486 
1693 1.060169988246562 
1694 1.2537596149082486 
1695 1.0358455523612866 
1696 1.240528424377903 
1697 1.0414662140979567 
1698 1.2301062339448667 
1699 1.062462901183692 
