0 3.13390654709752 
1 3.52060191831656 
2 3.29309519011572 
3 3.469123225211 
4 3.46538570363104 
5 3.5103488936494203 
6 3.50047407818072 
7 3.51082237959186 
8 3.6486403879013403 
9 3.47684539959756 
10 3.6121066822975996 
11 3.42179945213638 
12 3.58245523889628 
13 3.51962725534176 
14 3.4700270473856003 
15 3.4592160742304 
16 3.5557662665542997 
17 3.60355703277098 
18 3.61639727566826 
19 3.71981349214116 
20 3.66955955927696 
21 3.6565506483253003 
22 3.61723533620954 
23 3.64665180975974 
24 3.7419726764986203 
25 3.98986858296358 
26 3.79652945983482 
27 3.96513278255768 
28 3.9145898754552597 
29 4.009115165130821 
30 4.00186521294054 
31 4.1288268454260395 
32 4.0873257571303805 
33 4.17490040323746 
34 4.03848063261234 
35 4.128020566261339 
36 4.11596282725644 
37 4.12097023368756 
38 3.88613394725362 
39 4.07739157834906 
40 3.89062305871104 
41 4.07422682915898 
42 3.8553190317373 
43 4.05623083707118 
44 3.9753760521166397 
45 3.8612957588358596 
46 3.7324949570725403 
47 3.8645730320886598 
48 3.73560679666884 
49 3.8059755217949998 
50 3.7796006037332397 
51 3.8567211538924604 
52 3.86544854653964 
53 3.8168076739289196 
54 3.87730170932768 
55 4.03681482321222 
56 4.11220189471074 
57 4.02747900536924 
58 4.2137508587139205 
59 4.15242060712968 
60 4.36467728223618 
61 4.127319498345701 
62 4.33197833147882 
63 4.17003479045794 
64 4.43431361053578 
65 3.91475622970228 
66 4.21487658365338 
67 3.8962199930890202 
68 4.15670698205596 
69 3.9421210967632803 
70 4.09707394178118 
71 3.88389570407452 
72 4.0798475346544 
73 3.88807234314176 
74 3.93392619293072 
75 3.8299489269047795 
76 3.89413552069684 
77 3.9106621784124798 
78 4.0774731986976 
79 3.8491940241223803 
80 4.14539239379138 
81 3.94100931768224 
82 4.1579335884001205 
83 4.034520813951319 
84 4.30385493012382 
85 4.21238452094606 
86 4.4517876567477 
87 4.1978588581995 
88 4.4517876567477 
89 4.24303833702006 
90 4.44350150192872 
91 4.22543540525262 
92 4.40320651389284 
93 4.18761719881038 
94 4.40299641213516 
95 4.12486318996176 
96 4.35692468179246 
97 4.06110978183144 
98 4.1543998277203595 
99 3.93244594519118 
100 4.18013583213912 
101 3.7727830926870602 
102 4.0866010598454405 
103 3.5739957651323 
104 3.8209757888435805 
105 3.67941938678264 
106 3.7742004133712 
107 3.74230272687286 
108 3.97672526744332 
109 3.76405553877508 
110 3.9339732313760996 
111 3.8143755473161 
112 3.95391424748392 
113 3.8978343930824204 
114 4.15850840010636 
115 3.90472710199728 
116 4.2504403397432196 
117 3.93682476811538 
118 4.2325267736112995 
119 3.96860913075072 
120 4.24954280525976 
121 4.04506012889392 
122 4.31081128003856 
123 4.07333119231762 
124 4.37205250017566 
125 4.02255209833698 
126 4.28628998633028 
127 3.8862108234258996 
128 4.14032655851994 
129 3.8382751177505803 
130 4.14032655851994 
131 3.7564279635916398 
132 4.10409819327562 
133 3.58495623659634 
134 3.78065540970264 
135 3.7217112788582805 
136 3.96031046884332 
137 3.73887187528696 
138 3.98762871133218 
139 3.76973999606032 
140 3.9862609501289 
141 3.9144360739469 
142 4.11226217706686 
143 4.03632870063468 
144 4.35028663092692 
145 3.9999151093573198 
146 4.30898507346066 
147 4.08042186910276 
148 4.47446557098164 
149 4.18160438326326 
150 4.47583333218492 
151 4.24046545954226 
152 4.53332216164782 
153 4.3294252723652 
154 4.56902988613514 
155 4.359338235819299 
156 4.54253481109264 
157 4.293897285462 
158 4.51361306502506 
159 4.27081827063262 
160 4.51361306502506 
161 4.16513383660204 
162 4.43609002188936 
163 4.20471262306614 
164 4.48580062711496 
165 4.2112132508894 
166 4.52589334445548 
167 4.19035089124406 
168 4.340651302786339 
169 4.13859750350172 
170 4.340651302786339 
171 4.15399425191048 
172 4.31145645972586 
173 4.11669104995362 
174 4.31145645972586 
175 4.12578315821236 
176 4.29925621397686 
177 4.0890233323623795 
178 4.41224961320186 
179 4.11825182511178 
180 4.4235732162243995 
181 4.04429967765656 
182 4.36764957179102 
183 4.06712402289926 
184 4.36764957179102 
185 3.9473729257428802 
186 4.3128021197991995 
187 3.94516941759654 
188 4.26452485723992 
189 3.90867583097764 
190 4.25320125421738 
191 3.9890382683967203 
192 4.34702012553592 
193 3.9656857762686997 
194 4.34702012553592 
195 4.076344765166359 
196 4.3802456939513 
197 4.247059684686461 
198 4.5007715989547 
199 4.26027008156436 
200 4.46098316132454 
201 4.2898688679645405 
202 4.446860499859239 
203 4.24372124207758 
204 4.41738811563738 
205 4.24372124207758 
206 4.4193860987294595 
207 4.18759318237206 
208 4.4193860987294595 
209 4.16134807654606 
210 4.33930176534954 
211 4.088793674665419 
212 4.27980413913094 
213 4.02192036043844 
214 4.1344181493238 
215 3.7902222318206 
216 4.0858270904861005 
217 3.77182290684636 
218 4.0858270904861005 
219 3.76069690406142 
220 4.21748761013002 
221 3.83648383468498 
222 4.30867252730014 
223 3.88646838559292 
224 4.48353090132912 
225 4.11816651421074 
226 4.4919586436135 
227 4.1483497787177 
228 4.4919586436135 
229 4.14212678493788 
230 4.4598469023654 
231 4.1182530030135 
232 4.44051979664334 
233 4.184137055711981 
234 4.44051979664334 
235 4.184137055711981 
236 4.4724139972987 
237 4.09287214684918 
238 4.2888100813772 
239 4.13503984604886 
240 4.30913407399148 
241 4.1027160193857 
242 4.29904815614658 
243 4.15159320556906 
244 4.29904815614658 
245 4.04989380717118 
246 4.22182552859874 
247 4.12265853947416 
248 4.40728491200736 
249 4.02475932261322 
250 4.40728491200736 
251 3.85985240675006 
252 4.32197800130672 
253 3.84743709660074 
254 4.26674691259692 
255 3.6451315795260797 
256 4.186337226970521 
257 3.5051365213009396 
258 3.92976058096876 
259 3.5336487322279195 
260 3.94216053792154 
261 3.55760608470828 
262 4.0274674486221995 
263 3.6580057210117403 
264 4.27955324249644 
265 3.6873418031811602 
266 4.2516541098999605 
267 3.75474872467458 
268 4.2516541098999605 
269 3.7220504544716198 
270 4.22843165224208 
271 4.02605536994416 
272 4.40151198735214 
273 4.00402865788618 
274 4.28190352897228 
275 4.02214561693468 
276 4.199548217209999 
277 4.09916616185842 
278 4.27941454856488 
279 4.11497801228166 
280 4.29487658537848 
281 4.04451430806584 
282 4.2257311588316195 
283 4.04877693641456 
284 4.2097524630355 
285 4.11879471059188 
286 4.30760695044148 
287 4.03998779578664 
288 4.1520558820487405 
289 4.03017214256594 
290 4.13849479593938 
291 3.9139559613810198 
292 4.054654694920179 
293 3.93797313412324 
294 4.09621169738438 
295 3.90365261639012 
296 4.07933813882024 
297 3.88767807029354 
298 4.0842744714652195 
299 3.8373999786724804 
300 4.13909764386388 
301 3.9164542017194597 
302 4.20073328832168 
303 4.0040441816087995 
304 4.29739882467386 
305 3.89631961024984 
306 4.18967766377862 
307 3.8226325501673 
308 4.15292481960552 
309 3.8574114871654204 
310 4.21821406656462 
311 3.9650371495192 
312 4.33759400030208 
313 3.88871282154532 
314 4.2802629583163 
315 4.03246377113764 
316 4.40389325569494 
317 4.111880301802961 
318 4.4238698679163 
319 4.2545833574042 
320 4.49293289966934 
321 4.0857577952228805 
322 4.3885947248165404 
323 4.06685791443466 
324 4.40723778411044 
325 3.92353276936768 
326 4.2653308152782206 
327 3.83432775423124 
328 4.15090926463606 
329 3.82172907594486 
330 4.14586957194304 
331 3.99055463812618 
332 4.2600051120856 
333 4.02760189755646 
334 4.298693094777461 
335 4.15224768809216 
336 4.45781830216726 
337 4.1726882169671 
338 4.47270437331746 
339 4.24419938635236 
340 4.58712592395964 
341 4.24419938635236 
342 4.6330952347412 
343 4.329458695540319 
344 4.6330952347412 
345 4.33683856166914 
346 4.61684141826436 
347 4.21887698739166 
348 4.5198184775555 
349 4.2969322418661005 
350 4.5198184775555 
351 4.16497987540874 
352 4.38208996297592 
353 4.10989175475458 
354 4.3815051088641805 
355 4.0728090473379 
356 4.3815051088641805 
357 4.20218958187804 
358 4.479515967452381 
359 4.14961353411074 
360 4.4804544830659 
361 4.13034659556742 
362 4.5854376758647595 
363 4.03243667539214 
364 4.50496684266352 
365 3.9450047035605005 
366 4.50496684266352 
367 3.8590889563635202 
368 4.44037637652586 
369 3.7896169810086198 
370 4.43943786091236 
371 3.63515707490388 
372 4.18566971182738 
373 3.5898862476915605 
374 4.1513844972044 
375 3.5807121061659997 
376 3.99218562193332 
377 3.57721037582382 
378 4.00825660699208 
379 3.6081228179298597 
380 4.00825660699208 
381 3.8728258984583803 
382 4.20628554649438 
383 4.0122313214624805 
384 4.32162644843034 
385 4.16381670320542 
386 4.48082532370144 
387 4.2531260342476 
388 4.53606047952426 
389 4.3683335834083 
390 4.53606047952426 
391 4.19155798799102 
392 4.48502787750462 
393 4.21407738806342 
394 4.48502787750462 
395 4.03337344159984 
396 4.46339485882042 
397 4.0322156787234595 
398 4.482423617752341 
399 3.8917372724140398 
400 4.482423617752341 
401 4.1094889984082 
402 4.52989922110662 
403 4.09675174858726 
404 4.52989922110662 
405 4.26639511087068 
406 4.55153223979082 
407 4.259515122805 
408 4.530614391633501 
409 4.26774215308824 
410 4.48112329500234 
411 4.26774215308824 
412 4.44335854996114 
413 4.18513076757972 
414 4.44335854996114 
415 4.03841102495926 
416 4.37905138854188 
417 4.01223807016922 
418 4.36003737866694 
419 4.05365804430006 
420 4.4095284752981 
421 3.99851706341236 
422 4.4003916101852 
423 3.99096976894064 
424 4.23121325908728 
425 4.13662510819708 
426 4.29552042050654 
427 4.1322592048577 
428 4.3197692507218 
429 4.15099780530418 
430 4.3197692507218 
431 4.23376265676262 
432 4.34939240368602 
433 4.28082933808054 
434 4.53225812096016 
435 4.2498364464925 
436 4.53225812096016 
437 4.18148932925702 
438 4.41970839152536 
439 4.177721243257681 
440 4.3793857709355795 
441 4.15009737268696 
442 4.3528442273285 
443 4.19269222499976 
444 4.30831885004294 
445 4.20199541541238 
446 4.30831885004294 
447 4.18544899894244 
448 4.33727378223034 
449 4.18246645307316 
450 4.35897690063026 
451 4.18246645307316 
452 4.40147568390198 
453 4.2466058888333 
454 4.43231369501132 
455 4.43231369501132 
456 4.43231369501132 
457 4.1923851103684004 
458 4.4047439848705405 
459 4.1263274880039 
460 4.4047439848705405 
461 4.1702388791358995 
462 4.4047439848705405 
463 4.20484855357146 
464 4.4233634870604 
465 4.26305548970816 
466 4.4997848306709 
467 4.26305548970816 
468 4.574974698194341 
469 4.0514764896451805 
470 4.33094117273216 
471 3.9644062963430997 
472 4.28276281515056 
473 3.89790891443144 
474 4.22986962846022 
475 3.78024115793552 
476 4.22986962846022 
477 3.78024115793552 
478 4.1727150205566605 
479 3.98606236185928 
480 4.3586993849536 
481 3.9414118661840596 
482 4.17828136574296 
483 3.9572825034793397 
484 4.1398011427689605 
485 4.08781600052594 
486 4.1398011427689605 
487 3.86418509577506 
488 4.121602750150879 
489 3.8164437234448796 
490 4.1324807436399 
491 3.9751992004535404 
492 4.340500592601201 
493 4.06721724211122 
494 4.44227097077478 
495 4.04733816428688 
496 4.44227097077478 
497 4.09996983130892 
498 4.498647521521621 
499 4.08622130691346 
500 4.36901657495512 
501 3.9398170022653405 
502 4.2251434002789 
503 3.9376888674254196 
504 4.0907733912844595 
505 3.82450612718632 
506 4.07235495530426 
507 3.81194562148508 
508 4.065238596889619 
509 3.81194562148508 
510 4.065238596889619 
511 4.02892684422614 
512 4.19769748746004 
513 4.05169828358634 
514 4.3667602262053 
515 4.17919094657268 
516 4.31358457415466 
517 4.2984962179025 
518 4.44795458314912 
519 4.3108472009102 
520 4.40891528673038 
521 4.3108472009102 
522 4.45325851030268 
523 4.36174855073782 
524 4.4486454740645796 
525 4.38452272954906 
526 4.35713803761786 
527 4.28473017058634 
528 4.20160913004412 
529 4.19943732708298 
530 4.18768886412346 
531 4.21199083191986 
532 4.18768886412346 
533 4.08531140070472 
534 3.96093077629074 
535 4.0478063498219 
536 3.8943478019342 
537 3.8364099697518803 
538 3.67871575140054 
539 3.9392638138572997 
540 3.73772271315048 
541 3.9267103090204403 
542 3.73772271315048 
543 4.08348651519446 
544 3.9644808009831998 
545 4.2010303893474 
546 4.2094978015761795 
547 4.39782549292456 
548 4.47530743087206 
549 4.2975108249401 
550 4.38668004516048 
551 4.27814762325608 
552 4.1397014221484 
553 4.2364262276354605 
554 4.1397014221484 
555 4.2364262276354605 
556 4.06437620908064 
557 4.2996116521842 
558 4.07544755354882 
559 4.33105116397204 
560 4.13567304438378 
561 4.29620213532806 
562 4.38265166739586 
563 4.31895345057128 
564 4.38265166739586 
565 4.05151969683046 
566 4.229090506159141 
567 4.1219038029910795 
568 4.210931122263981 
569 4.19329747198472 
570 4.18632141930408 
571 4.2475097023127395 
572 4.18632141930408 
573 4.14898450406424 
574 3.99016338530474 
575 4.241064618386639 
576 4.06498473264916 
577 4.0293278863278 
578 4.06069962451636 
579 4.02577093844808 
580 4.09425030131068 
581 4.02577093844808 
582 4.09425030131068 
583 4.1068721892169 
584 4.29040833531002 
585 4.27182719222788 
586 4.39573694256876 
587 4.48356392428672 
588 4.5124614189401 
589 4.4466535375281 
590 4.5006191853969595 
591 4.2926197283410605 
592 4.30614165464374 
593 4.3151810785071 
594 4.30614165464374 
595 4.1791427631023605 
596 4.35722533077214 
597 3.91063153795388 
598 4.2787304880304 
599 3.97936676534182 
600 4.29672199460018 
601 4.00768097498062 
602 4.34933045412156 
603 4.0768231917337605 
604 4.34933045412156 
605 4.22326014354596 
606 4.27760033337892 
607 4.37824007474484 
608 4.3560951761206805 
609 4.45202264488916 
610 4.4114769284756 
611 4.44568498924246 
612 4.57018290192634 
613 4.39294130832804 
614 4.57018290192634 
615 4.2825193553364 
616 4.55630464088786 
617 4.39605064928598 
618 4.55630464088786 
619 4.17298730206742 
620 4.39123965189196 
621 4.1179602887591 
622 4.37440274967304 
623 4.20192949216354 
624 4.37440274967304 
625 4.0758193547562795 
626 4.24782388521352 
627 4.0758193547562795 
628 4.17354725067978 
629 4.13416831477876 
630 4.19631989722688 
631 4.13515892172734 
632 4.19631989722688 
633 3.9642781833943 
634 4.03883382636218 
635 4.20081027379322 
636 4.10475004455388 
637 4.13343346963908 
638 4.1886180098965 
639 4.17970072621982 
640 4.24629722598828 
641 4.3657943877745 
642 4.24629722598828 
643 4.371185123089139 
644 4.376950389233 
645 4.371185123089139 
646 4.45787592587908 
647 4.4385619272432795 
648 4.4482845950702 
649 4.35306681156098 
650 4.4114884900960805 
651 4.35306681156098 
652 4.4114884900960805 
653 4.39420183874652 
654 4.3184318515840605 
655 4.37839827046834 
656 4.29739252341472 
657 4.37839827046834 
658 4.29739252341472 
659 4.43506153685148 
660 4.31139281344444 
661 4.43506153685148 
662 4.31139281344444 
663 4.47728987551532 
664 4.43128235957644 
665 4.4930934437935 
666 4.439486119094321 
667 4.4930934437935 
668 4.36337384826868 
669 4.57014899080742 
670 4.48116492439876 
671 4.59203129149534 
672 4.48116492439876 
673 4.6433540810358 
674 4.48116492439876 
675 4.6433540810358 
676 4.48116492439876 
677 4.5019245812009405 
678 4.438878988787041 
679 4.422798861026 
680 4.35095089108738 
681 4.43659005214682 
682 4.42706316191302 
683 4.40519705936438 
684 4.37259308827746 
685 4.3527986754853405 
686 4.37259308827746 
687 4.5035802336285204 
688 4.4148790238891795 
689 4.58270595380344 
690 4.52626053662588 
691 4.56891476268264 
692 4.52626053662588 
693 4.57406671914784 
694 4.514338033162479 
695 4.60458280233896 
696 4.4825239388923 
697 4.520084562637 
698 4.4825239388923 
699 4.48610860243388 
700 4.43807220975288 
701 4.48610860243388 
702 4.43807220975288 
703 4.5484341187153 
704 4.4740971421218605 
705 4.417940809526501 
706 4.28854524629996 
707 4.4672125013543 
708 4.28854524629996 
709 4.45090193277626 
710 4.31397702399614 
711 4.45090193277626 
712 4.31397702399614 
713 4.3096254917043195 
714 4.21259412053112 
715 4.44011880089312 
716 4.4299601106232 
717 4.41434559427956 
718 4.4536160913507 
719 4.46463212306072 
720 4.44162063826076 
721 4.4569001873433205 
722 4.44162063826076 
723 4.525802829336341 
724 4.50586375978402 
725 4.525802829336341 
726 4.50586375978402 
727 4.44198868002576 
728 4.30571894921856 
729 4.44198868002576 
730 4.3566395284188 
731 4.44972061574316 
732 4.3566395284188 
733 4.46622360050754 
734 4.3687477449502 
735 4.46622360050754 
736 4.2541226228384605 
737 4.57721834510846 
738 4.430611452676439 
739 4.57721834510846 
740 4.40792110556062 
741 4.57721834510846 
742 4.40792110556062 
743 4.5295595650522005 
744 4.36209141010494 
745 4.5295595650522005 
746 4.47671653221666 
747 4.55095812622556 
748 4.47671653221666 
749 4.55095812622556 
750 4.4974425301724406 
751 4.5344730475851796 
752 4.4974425301724406 
753 4.51960111489596 
754 4.45758279222458 
755 4.4584799925994 
756 4.379357510289 
757 4.34831247762292 
758 4.26038071591734 
759 4.13519791018906 
760 4.13096817430258 
761 3.98387452379486 
762 3.94647878838652 
763 4.0751410359789 
764 4.0213152114348 
765 4.0860597676707595 
766 4.09954049337038 
767 4.1657262707611995 
768 4.21851728774202 
769 4.359788400446719 
770 4.27128068455034 
771 4.45269444884082 
772 4.3596742141649205 
773 4.3600792795175405 
774 4.29162656563862 
775 4.28636844748266 
776 4.21094606805468 
777 4.1524529891573 
778 4.18475343334738 
779 4.17150542690564 
780 4.2181399256473 
781 4.24640784354612 
782 4.31423578194876 
783 4.32728778898916 
784 4.41975362872866 
785 4.45120101162874 
786 4.48102850980448 
787 4.5798326595279395 
788 4.50722114451178 
789 4.5798326595279395 
790 4.48855941997362 
791 4.5798326595279395 
792 4.48855941997362 
793 4.56724790971428 
794 4.48855941997362 
795 4.6167869602585805 
796 4.53048203294986 
797 4.53458243548072 
798 4.4588807247624205 
799 4.428706239405679 
800 4.43265464606312 
801 4.42578110752804 
802 4.438213225855661 
803 4.32696712759868 
804 4.3366965466306 
805 4.26965560082674 
806 4.23194643502824 
807 4.3518601256046 
808 4.25367245056196 
809 4.41015120101816 
810 4.27989852926126 
811 4.4130763328958 
812 4.33696960383402 
813 4.52447506263882 
814 4.39829327328032 
815 4.5528676709938605 
816 4.46721754399696 
817 4.5528676709938605 
818 4.5364984531588 
819 4.60952179248866 
820 4.5443362319151 
821 4.60000135646652 
822 4.53502888392976 
823 4.60000135646652 
824 4.57522189370854 
825 4.6169221742854 
826 4.5951469654400805 
827 4.6169221742854 
828 4.563212195731181 
829 4.57148301930856 
830 4.52384261266204 
831 4.5810034553307 
832 4.47735655123832 
833 4.52451684009836 
834 4.40585334353492 
835 4.4445696213172 
836 4.28349587103244 
837 4.33490506853264 
838 4.2773413870795 
839 4.43614854837698 
840 4.3088731913923395 
841 4.28955254077048 
842 4.27931270140276 
843 4.34603915600282 
844 4.26651177630466 
845 4.4170165725596 
846 4.3984888432144995 
847 4.45993363383144 
848 4.436578096876341 
849 4.4382993805131 
850 4.46471738105096 
851 4.508804640864961 
852 4.52500099159416 
853 4.534994454456 
854 4.60930512439564 
855 4.53387727866974 
856 4.57320769131566 
857 4.49859201695316 
858 4.4206681224915005 
859 4.51036248754114 
860 4.41344942117314 
861 4.586453234795799 
862 4.40496117280512 
863 4.46248099583024 
864 4.31430610864942 
865 4.4375188099147795 
866 4.2970661130844805 
867 4.47709469131878 
868 4.40930632982868 
869 4.33553922991104 
870 4.23134361960574 
871 4.33553922991104 
872 4.32085195863504 
873 4.43644094960592 
874 4.41150702279072 
875 4.41448859693218 
876 4.37808714621624 
877 4.4769454687575 
878 4.4183864982962 
879 4.50204604304794 
880 4.479387637113939 
881 4.50204604304794 
882 4.4478190036830805 
883 4.52360192501114 
884 4.40621583404266 
885 4.43724277429624 
886 4.33671167751496 
887 4.43724277429624 
888 4.34217388384718 
889 4.41197337052676 
890 4.295568218778699 
891 4.43477411857644 
892 4.169644840841 
893 4.361018080090821 
894 4.21124801048144 
895 4.42323985186232 
896 4.246035492182299 
897 4.42323985186232 
898 4.164908447807759 
899 4.572202993731301 
900 4.30755510142518 
901 4.54940224568162 
902 4.3608953337123 
903 4.54582427154184 
904 4.31613175013492 
905 4.63336753252952 
906 4.42643955395046 
907 4.63336753252952 
908 4.50210439199278 
909 4.585959255420439 
910 4.50210439199278 
911 4.585959255420439 
912 4.51218519251916 
913 4.63861809176226 
914 4.55694877609656 
915 4.64437791598474 
916 4.5223332485492005 
917 4.64437791598474 
918 4.5223332485492005 
919 4.60763108400222 
920 4.5223332485492005 
921 4.50924276248924 
922 4.43925918011076 
923 4.50924276248924 
924 4.302316682869639 
925 4.4797039470539 
926 4.3255466843957 
927 4.4797039470539 
928 4.24534755235814 
929 4.5003745357934 
930 4.25129128963938 
931 4.5216242419402 
932 4.3427098941149 
933 4.5452572136823 
934 4.479652391356 
935 4.5024038657145 
936 4.44196247694912 
937 4.5024038657145 
938 4.5221616089867 
939 4.4508967229578404 
940 4.43246687991872 
941 4.54889496375542 
942 4.4746400783914 
943 4.5252619920133 
944 4.4746400783914 
945 4.501780669119 
946 4.53292261983622 
947 4.5139776333073005 
948 4.53292261983622 
949 4.49473016874252 
950 4.54769252843958 
951 4.3481896126757595 
952 4.396573060165339 
953 4.2847494323448405 
954 4.34743103726988 
955 4.32732631513038 
956 4.3137827887094 
957 4.09871493215756 
958 4.05925206009066 
959 4.01532603201876 
960 4.0949419759759795 
961 4.05691438821354 
962 4.08599120243224 
963 3.91769956119654 
964 4.08453019391518 
965 3.8515489750499596 
966 3.97287334417508 
967 4.06796339383448 
968 4.256641085296041 
969 4.1708406417143795 
970 4.289932252594101 
971 4.16156045995512 
972 4.3212022207167795 
973 4.3745354505681595 
974 4.37180525212932 
975 4.3975173828018 
976 4.423043686378881 
977 4.3975173828018 
978 4.42097594758874 
979 4.48981131709148 
980 4.42097594758876 
981 4.58318407329132 
982 4.49139264275102 
983 4.57286409002618 
984 4.351399724248219 
985 4.51396944462212 
986 4.25610184106408 
987 4.27773621016392 
988 4.04018432791814 
989 4.1623706013124195 
990 3.9104399510775005 
991 4.04482606869784 
992 3.7608930047313995 
993 3.7254281312377002 
994 3.6494179809108602 
995 3.82347017881852 
996 3.79932340598316 
997 4.05970341327672 
998 3.9515383206943198 
999 4.05668430226796 
1000 3.96204643794468 
1001 4.170838623421821 
1002 4.1268026335174195 
1003 4.49023656088196 
1004 4.40391284894904 
1005 4.452320985766599 
1006 4.35561986779048 
1007 4.452320985766599 
1008 4.2221316338658195 
1009 4.56678269299556 
1010 4.34136789345608 
1011 4.44920035460164 
1012 4.2230290943008795 
1013 4.33836851795542 
1014 4.107853483665179 
1015 4.421363414714699 
1016 4.17522471061886 
1017 4.421363414714699 
1018 4.34524626926624 
1019 4.26843348762662 
1020 4.14529427054386 
1021 4.10461325090864 
1022 4.15349921605894 
1023 4.21544508755486 
1024 4.23947093875876 
1025 4.12774712345602 
1026 4.13458574323182 
1027 4.15324185977048 
1028 4.13458574323182 
1029 4.25628193748322 
1030 4.3345377419541995 
1031 4.54107472405586 
1032 4.43516874057884 
1033 4.54107472405586 
1034 4.43873035540644 
1035 4.39687520130814 
1036 4.38881614866386 
1037 4.371380464993679 
1038 4.38881614866386 
1039 4.33574586292234 
1040 4.34025570064734 
1041 4.3253110941054 
1042 4.3754307841825995 
1043 4.3360194580166 
1044 4.3754307841825995 
1045 4.50606617002758 
1046 4.49296023960098 
1047 4.4900103110478 
1048 4.466860121301201 
1049 4.57274129015434 
1050 4.51542056931772 
1051 4.58317605897128 
1052 4.54594158035458 
1053 4.57246769506008 
1054 4.54594158035458 
1055 4.57378942615672 
1056 4.56021581274984 
1057 4.4035537843891 
1058 4.58631593104962 
1059 4.2249477071521 
1060 4.49526733914122 
1061 4.2249477071521 
1062 4.49526733914122 
1063 4.22547540144728 
1064 4.41425005085854 
1065 4.1591215948707205 
1066 4.35743537580536 
1067 4.3454130956181 
1068 4.35743537580536 
1069 4.5831326343007195 
1070 4.46141670819786 
1071 4.57634548165088 
1072 4.46200747140624 
1073 4.35771956901524 
1074 4.35771956901524 
1075 4.5864222921715205 
1076 4.35771956901524 
1077 4.5864222921715205 
1078 4.35771956901524 
1079 4.64959802793362 
1080 4.35480381433812 
1081 4.46392648316222 
1082 4.1387399753054 
1083 4.31651073163298 
1084 4.1187992349333395 
1085 4.309561045048779 
1086 4.1793702859096795 
1087 4.29893359868772 
1088 4.28365818830068 
1089 4.2830646561157 
1090 4.31796920924104 
1091 4.4687362008871 
1092 4.53403304827376 
1093 4.448719670307019 
1094 4.4637149307128 
1095 4.4505870233927 
1096 4.44014658072606 
1097 4.47163273795088 
1098 4.44014658072606 
1099 4.4260011536329795 
1100 4.38384873014258 
1101 4.4260011536329795 
1102 4.38384873014258 
1103 4.520791398070839 
1104 4.4611748475915 
1105 4.5321331899239805 
1106 4.4475249853372 
1107 4.4486005121967604 
1108 4.369188824931561 
1109 4.53368974504926 
1110 4.37605662996436 
1111 4.53368974504926 
1112 4.26702861675244 
1113 4.5488195933946 
1114 4.25603741144654 
1115 4.5488195933946 
1116 4.22751719823658 
1117 4.51685917860076 
1118 4.30585335864222 
1119 4.35982718201886 
1120 4.231309152302559 
1121 4.37671798886946 
1122 4.31236441627888 
1123 4.27810443845666 
1124 4.27760178968716 
1125 4.06385361719658 
1126 4.13572736333482 
1127 3.9676273755973597 
1128 3.91490630401272 
1129 4.20074418450734 
1130 4.131039818833321 
1131 4.18385337765672 
1132 4.15901256806892 
1133 4.2703993430147005 
1134 4.20476639996654 
1135 4.484650164274781 
1136 4.44011132814694 
1137 4.59560268207138 
1138 4.50307751473602 
1139 4.53352699428416 
1140 4.42689489688396 
1141 4.53352699428416 
1142 4.41059476702436 
1143 4.50436369226494 
1144 4.41059476702436 
1145 4.50436369226494 
1146 4.3650258234938395 
1147 4.584635429870881 
1148 4.5228806962268795 
1149 4.4313771899162395 
1150 4.4399991264845395 
1151 4.4313771899162395 
1152 4.45629925634412 
1153 4.35620297592868 
1154 4.3579510421059 
1155 4.35620297592868 
1156 4.34028190571232 
1157 4.35620297592868 
1158 4.34028190571232 
1159 4.32499201739204 
1160 4.274575163943799 
1161 4.2255879743651805 
1162 4.13804972493094 
1163 4.37036486883626 
1164 4.23639793916918 
1165 4.23164709854848 
1166 4.1546386042291 
1167 4.03407998917516 
1168 4.15427986965004 
1169 4.1990486051329805 
1170 4.27171451447136 
1171 4.26058331528672 
1172 4.4082399534842205 
1173 4.15146033012144 
1174 4.29671482302998 
1175 4.29017810040924 
1176 4.43466866818724 
1177 4.31277330010896 
1178 4.35306753648522 
1179 4.11728012135724 
1180 4.2397070443974005 
1181 3.84281494856558 
1182 3.9815993615246397 
1183 3.71584412226494 
1184 4.0715859737719 
1185 3.50253092636446 
1186 3.8648601701948 
1187 3.67750283603806 
1188 3.9468200364759 
1189 3.7130711928843 
1190 3.9196896394239196 
1191 3.9490929197956803 
1192 4.1777973222966995 
1193 4.092650142164819 
1194 4.1993358405036805 
1195 4.24981858154458 
1196 4.30679512843146 
1197 4.24981858154458 
1198 4.3046819336293805 
1199 4.22459402452542 
1200 4.36613900246982 
1201 4.30090680327882 
1202 4.36613900246982 
1203 4.36764958355118 
1204 4.36613900246982 
1205 4.43374047227238 
1206 4.38361643644608 
1207 4.340761300772121 
1208 4.16845248995018 
1209 4.44477354853492 
1210 4.21245562161788 
1211 4.44477354853492 
1212 4.21245562161788 
1213 4.42462632521218 
1214 4.21245562161788 
1215 4.19580468782102 
