0 3.811948652868555 
1 4.071065572511232 
2 3.9145604270212124 
3 3.9574928271874033 
4 3.4371979386250153 
5 3.5705417866580027 
6 3.537633215427542 
7 4.022204137498748 
8 3.436135420322138 
9 3.2617425090058627 
10 4.086260995706293 
11 3.5049040187056315 
12 4.471960933726469 
13 3.78853427716788 
14 3.475647956475759 
15 4.594561854025951 
16 3.901689392185013 
17 4.976130799169819 
18 3.1954482524874854 
19 2.8474723494108396 
20 4.009158885369601 
21 3.5776059258857855 
22 4.158052966744136 
23 4.046952281976258 
24 3.8739082032029852 
25 3.5617168695133747 
26 3.684093328011599 
27 3.4194732407349453 
28 3.7347735781818137 
29 3.8550360736485327 
30 3.4982687660789393 
31 3.046889790277161 
32 4.248599896441009 
33 3.711751750589395 
34 4.228217996905871 
35 4.512289612246094 
36 3.2735809813742534 
37 3.8057895143157716 
38 4.141005566276601 
39 4.85 
40 4.156957102569441 
41 4.438986776733714 
42 3.78652577847742 
43 3.9408368756961942 
44 4.0753693352086815 
45 3.125385992475411 
46 4.102019338958822 
47 4.85 
48 3.8101840870351245 
49 4.043611691894637 
50 3.7151840135656773 
51 3.870230964894858 
52 3.9418422335819896 
53 3.394644228880903 
54 3.846180698522674 
55 3.781804008717299 
56 4.210749756211209 
57 2.8497779401156222 
58 4.1184153238254675 
59 3.553385471479354 
60 3.8749119545514947 
61 3.6055013085576033 
62 3.166625549020763 
63 4.396995938214541 
64 3.476762281642755 
65 3.2497797142038385 
66 3.248898083806595 
67 3.659523147211849 
68 3.1135505652165714 
69 4.85 
70 3.5443899697490435 
71 4.411071550024212 
72 3.500562927397652 
73 3.3790122154915574 
74 3.361916725562034 
75 3.9792991085123255 
76 3.1403584994540923 
77 4.925226924705153 
78 3.589750374312163 
79 4.310488883382522 
80 2.801706371921557 
81 3.652155388657479 
82 3.2327616541401474 
83 4.871984644371251 
84 3.869263282453883 
85 4.85 
86 3.5244900996549737 
87 3.655872441962854 
88 4.010993254156732 
89 4.57937315823193 
90 2.8781746549104175 
91 3.68259877842235 
92 3.696480826876829 
93 4.85 
94 3.8993995222204205 
95 4.2607858807521435 
96 3.6722149845436185 
97 4.85 
98 4.1027063893877544 
99 4.280899780748276 
100 2.982463634232344 
101 2.7746871953291965 
102 4.009055328448649 
103 3.7675008112364523 
104 4.5509853994012825 
105 4.409433874320708 
106 4.397836935467895 
107 3.9583041032064945 
108 3.7218040356125264 
109 4.85 
110 3.2885960465991144 
111 3.425291022744782 
112 4.163817395031668 
113 4.108476126978919 
114 4.971421367081564 
115 3.0727886877424617 
116 3.9308606838957205 
117 3.643673578038132 
118 3.7465954528147143 
119 3.738258078192888 
120 3.1842944367519044 
121 3.268040907664883 
122 3.746271041867844 
123 3.4066866005931304 
124 3.886884689264453 
125 3.3476126728852926 
126 4.128967278391014 
127 3.2650301516656586 
128 4.520489179371001 
129 3.2744646412137577 
130 4.096194209236469 
131 4.3320680041653 
132 3.1786792241259585 
133 3.18859595968784 
134 4.071066110535994 
135 3.6971346984790183 
136 4.226793756833137 
137 3.7356644142642494 
138 3.9683666634925596 
139 3.7588104445261226 
140 3.5574881768210855 
141 4.618772226774167 
142 4.284926768343044 
143 4.1701065375278885 
144 3.8663165096742476 
145 4.227942669823692 
146 3.2803418920642256 
147 3.7583421846321405 
148 3.301657601039624 
149 3.218025095133699 
150 3.785668005666685 
151 3.7969458371306786 
152 3.935337498900019 
153 3.2640596234718298 
154 3.4030894487119783 
155 3.4716665855916253 
156 3.5547269772717547 
157 2.4124561725342364 
158 4.060590848272477 
159 3.0659706093008054 
160 3.566606849161562 
161 4.2164790745823435 
162 4.476547631321965 
163 4.221665190695909 
164 4.224568145275589 
165 3.904232480035356 
166 4.385426422628139 
167 3.1659713798784526 
168 4.012934212144086 
169 4.1652277582513015 
170 3.416679146417133 
171 4.231166616190932 
172 4.525640661855817 
173 4.051275763095435 
174 3.475413784885159 
175 3.416181980738836 
176 3.8786839624243545 
177 3.9948821906234158 
178 4.1367689572838 
179 3.6686237882349912 
180 4.103781174251643 
181 4.068374124076325 
182 3.3422118680033224 
183 3.1819645129453273 
184 3.731758603193369 
185 4.343936230585188 
186 4.173935548109543 
187 4.123480413019356 
188 3.7494982303098188 
189 3.196203659882123 
190 4.354990614543188 
191 3.938034021689933 
192 3.837459178760135 
193 3.60728480725831 
194 3.487057647083973 
195 3.8947274370684593 
196 4.039959017077063 
197 3.9384072503613923 
198 3.2743965712213776 
199 3.4726796159141085 
200 3.4684382802473364 
201 2.96285216028326 
202 2.8738245828562614 
203 3.9434533415703497 
204 4.2921235539050615 
205 3.521917423303795 
206 4.333679801199242 
207 3.4648857972265 
208 4.2805226841602675 
209 3.616717358532637 
210 3.661686743940439 
211 4.401534138389969 
212 4.106812052232551 
213 4.441073354081252 
214 3.9394216316422526 
215 4.0597660723361795 
216 3.77779974199083 
217 3.146332898122847 
218 4.85 
219 2.974016336687686 
220 3.4885057549651526 
221 4.079881597943985 
222 3.7459476829162344 
223 4.0236474107619 
224 3.5030895989651025 
225 3.786530766976156 
226 3.536154743423876 
227 3.5980222118036824 
228 4.244952472541776 
229 4.032325403351001 
230 4.473674614246521 
231 3.9823949393836093 
232 4.577867479790327 
233 3.2948879310813073 
234 4.85 
235 3.688853789270974 
236 2.956572183157953 
237 4.407836842783199 
238 4.537905681828255 
239 3.216986963202608 
