0 3.15354349646704 
1 3.71717998902242 
2 3.18117191663022 
3 3.5992670641119404 
4 3.2322884907077603 
5 3.6749231030421 
6 3.28021538181268 
7 3.96260445223598 
8 3.3794361521356002 
9 4.1633331106289395 
10 3.31928778084556 
11 4.15803567251638 
12 3.21667512111242 
13 3.8789713144682403 
14 2.9970003808217003 
15 3.4324899168089202 
16 2.9743419669940403 
17 3.19747723525834 
18 3.03695780216228 
19 3.3221277115219996 
20 3.11735637419854 
21 3.17501514253498 
22 3.30478427282222 
23 3.5493241173918397 
24 3.4089761690642 
25 3.60098706871552 
26 3.49156996778864 
27 3.65604412957832 
28 3.5542854316762402 
29 3.8985958692774405 
30 3.6067736643216 
31 3.7137448799139596 
32 3.4936657305027197 
33 3.675720555225 
34 3.55689759988922 
35 3.8109594362406 
36 3.65307253033534 
37 4.009770614079359 
38 3.65628769522948 
39 3.9706919379659196 
40 3.82755980248472 
41 4.08873758087376 
42 3.8349001029959404 
43 4.08873758087376 
44 3.83644145421338 
45 4.00485063108022 
46 3.7728135431408605 
47 3.93494463534428 
48 3.7256597725266802 
49 3.7457757101295597 
50 3.56709822556948 
51 3.6218748666061003 
52 3.4392410916431997 
53 3.5317608142284 
54 3.5033927897592596 
55 3.70911549117098 
56 3.4294934108705 
57 3.6049106581801396 
58 3.3436072693163 
59 3.57147156986818 
60 3.31826373757376 
61 3.50433178405054 
62 3.40927937501914 
63 3.44103802438446 
64 3.27030285688902 
65 3.32160405250296 
66 3.13676745351902 
67 2.98736848789122 
68 2.9656638391584798 
69 2.9091737678831597 
70 2.76631199459324 
71 2.82173062215898 
72 2.9749986198559197 
73 3.32176867009058 
74 3.16719932456276 
75 3.59739402008656 
76 3.37121092748056 
77 3.5824258595696596 
78 3.46610483675542 
79 3.57362694691844 
80 3.3315148683530196 
81 3.39140623400816 
82 3.26771947649664 
83 3.40766319035216 
84 3.13260829032682 
85 3.3699284819613 
86 3.23902963406116 
87 3.5407387721441195 
88 3.21569610302328 
89 3.35041380255918 
90 3.22291310445406 
91 3.2967485096084603 
92 3.3178616052426597 
93 3.3600380980464997 
94 3.26639261880718 
95 3.26445913608472 
96 3.3170343658936403 
97 3.3187709651378396 
98 3.3718946721441396 
99 3.4300127146849 
100 3.34852880577978 
101 3.4353951671257805 
102 3.2712648648738005 
103 3.41128060493306 
104 3.5911917593271605 
105 3.61755337511888 
106 3.61994313607464 
107 3.48997180022074 
108 3.7600929124854803 
109 3.49906545338318 
110 3.6445682496391596 
111 3.42081262943562 
112 3.4710318107711204 
113 3.46616918954926 
114 3.34529781457944 
115 3.3908147169089604 
116 3.53333457182704 
117 3.4935828761562595 
118 3.5127185957526796 
119 3.52038545685948 
120 3.4765105346040004 
121 3.35242308394796 
122 3.5392112508465403 
123 3.69747586499724 
124 3.37168338754552 
125 3.6817336531721 
126 3.44572823856418 
127 3.79156923270886 
128 3.60035181516428 
129 3.8115420651552596 
130 3.6536624000713 
131 3.75307873488678 
132 3.5154507440310603 
133 3.79272032337364 
134 3.49854123362664 
135 3.86647470748722 
136 3.5044576485954004 
137 3.92541630565796 
138 3.4575677982141 
139 3.87497115118492 
140 3.4449760544845196 
141 3.90809737706548 
142 3.5222305108537597 
143 3.8106321620124803 
144 3.5567251271886398 
145 3.914582580108 
146 3.65117074469092 
147 3.91462429288424 
148 3.6099259457917 
149 3.8446193787972804 
150 3.89050565472212 
151 3.8824570190391396 
152 3.7064874409704203 
153 3.65866041876554 
154 3.5920028431928204 
155 3.49254859255836 
156 3.5950052652978597 
157 3.3875848594538605 
158 3.2892965076051603 
159 3.28989598501936 
160 3.14302551836692 
161 3.3108410456355797 
162 3.47271850733936 
163 3.39289327444054 
164 3.4933837820201603 
165 3.46830207694322 
166 3.43254345587716 
167 3.50066860898554 
168 3.3813207502091798 
169 3.36932655278626 
170 3.3813207502091798 
171 3.3345668148569603 
172 3.3221325703100595 
173 3.32386862203032 
174 3.39498187599648 
175 3.3542912295224396 
176 3.4557778294170802 
177 3.7481168857229 
178 3.15551367225052 
179 3.6460055083674803 
180 3.1965822997218 
181 3.65086408189608 
182 3.13509510237126 
183 3.53297219873052 
184 3.27002577077034 
185 3.5568345305861 
186 3.3668053476756596 
187 3.71715665343982 
188 3.71826416925164 
189 3.82084355549454 
190 4.07345114475144 
191 4.11899552222754 
192 4.02627624476498 
193 3.9291990526664398 
194 4.15455014871634 
195 4.09867441446492 
196 3.95317463795922 
197 3.9429810799415 
198 3.862949365837 
199 3.9092986843880198 
200 3.9039289808032995 
201 4.01448882999094 
202 3.7133738039868 
203 3.59734353987614 
204 3.57228663884268 
205 3.5086257682992197 
206 3.5633262515378803 
207 3.4585448412463995 
208 3.5945313528839202 
209 3.35206357965058 
210 3.5536116727175395 
211 3.4394812622806397 
212 3.80560769871244 
213 3.7464876742102198 
214 3.7095716868733803 
215 3.90945096164016 
216 3.7956361884577197 
217 3.8257127469122603 
218 3.78810960378978 
219 3.9732293732804003 
220 3.5942872909416996 
221 3.6451221531458797 
222 3.4640199519052204 
223 3.4179467985717205 
224 3.2268269495495803 
225 3.2945466730888198 
226 3.30023281180424 
227 3.13735711969448 
228 3.24582447674426 
229 3.21669201600172 
230 3.4262061475498795 
231 3.13852571082142 
232 3.5044922694697 
233 3.3217584529378796 
234 3.42646878380232 
235 3.4923357710434404 
236 3.5991773797835203 
237 3.5686365554992796 
238 3.5714444023146 
239 3.6651030611811004 
240 3.60398132719398 
241 3.84810865470446 
242 3.6703873492734997 
243 3.7583676527653997 
244 3.42016641066056 
245 3.8120493625032 
246 3.45742238904734 
247 4.02092451657584 
248 3.3769338835504796 
249 3.86929608492214 
250 3.4464144769258604 
251 3.8722192994175204 
252 3.59923375717458 
253 3.82921865570478 
254 3.4597814921840198 
255 3.71438799448906 
256 3.57575398042824 
257 3.62070012251854 
258 3.62087262493998 
259 3.6394240009498 
260 3.6964160353353797 
261 3.77094653975984 
262 3.7464945051434397 
263 3.70031985903182 
264 3.53318848486868 
265 3.5322506078657 
266 3.39820719956816 
267 3.37200885216322 
268 3.2620916628807004 
269 3.2929791347287596 
270 3.1736021927205003 
271 3.20547929059956 
272 3.2570229281241403 
273 3.4092413410774 
274 3.45961293290676 
275 3.6096305711792 
276 3.61563664204524 
277 3.7324432315270997 
278 3.8169013890898804 
279 3.69335035027468 
280 3.7508502822474803 
281 3.7295653111237597 
282 4.02672173664868 
283 3.613250162184 
284 3.77696466498186 
285 3.5198666783098402 
286 3.77643319135338 
287 3.29858464416206 
288 3.69592754018318 
289 3.6089698380906 
290 3.6496131361271997 
291 3.90681878876316 
292 3.8754803958957 
293 3.9391989495031403 
294 3.9349036661126595 
295 3.99069932949132 
296 3.99479896328002 
297 3.7678388438953805 
298 3.9084967179101597 
299 3.7383385658023798 
300 3.99802270679636 
301 3.7930604048729 
302 3.9543490517235 
303 3.8020893757707803 
304 3.9813862437153196 
305 3.8497230804024603 
306 4.01238717389648 
307 3.693333133094 
308 3.9438424928786397 
309 3.54136112619326 
310 3.8005584382566395 
311 3.4573396044045195 
312 3.6517545842809596 
313 3.3434368810339796 
314 3.67086602405834 
315 3.52932710643544 
316 3.68833243707646 
317 3.6229466762927798 
318 3.75757128380456 
319 3.6264215635031802 
320 3.76544969063196 
321 3.6205519409936797 
322 3.71828504194164 
323 3.6205519409936797 
324 3.5418505994003 
325 3.5586280064864804 
326 3.5715867143954396 
327 3.6201541736226197 
328 3.5794376408239 
329 3.64064647723844 
330 3.4543669575195404 
331 3.44043331393582 
332 3.3848906713926397 
333 3.37073285360218 
334 3.41013098152274 
335 3.4053961161261803 
336 3.39204577278202 
337 3.4182389815259597 
338 3.6074309320349998 
339 3.33278606214692 
340 3.9089995136397397 
341 3.4889460443267195 
342 3.8634900719856 
343 3.4200686336634 
344 3.8548627587232405 
345 3.3662700752656596 
346 3.7911787452340397 
347 3.6519361579473197 
348 3.7911787452340397 
349 3.66084528152944 
350 3.7868514343741198 
351 3.61107927170292 
352 3.91322269475856 
353 3.7306637160982 
354 3.89433171378782 
355 3.6155560360386403 
356 3.89433171378782 
357 3.64344984445396 
358 3.9655357772821604 
359 3.73718095124982 
360 3.9488371643357603 
361 3.72716896117688 
362 3.79978844663068 
363 3.6586191808230604 
364 3.73709781751988 
365 3.55528691156566 
366 3.759675274845 
367 3.5113665617046204 
368 3.7352374681005402 
369 3.3967005324660597 
370 3.8237131448013004 
371 3.49332515269914 
372 3.6810810791067397 
373 3.4973332400921997 
374 3.61207493325238 
375 3.52453017977912 
376 3.6220694697052 
377 3.55997294591698 
378 3.60565552481894 
379 3.66747523602348 
380 3.64034199797672 
381 3.7467083649230197 
382 3.6678837224879204 
383 3.74572640330942 
384 3.67460789430996 
385 3.8189306021587 
386 3.7757976854349997 
387 3.62069082220068 
388 3.6922295410466197 
389 3.5232293793274403 
390 3.57192289905434 
391 3.4188954159766403 
392 3.4746684194730397 
393 3.32523231680266 
394 3.57901759699388 
395 3.3125632201491597 
396 3.59942753125002 
397 3.5089346810496203 
398 3.70776834727734 
399 3.8442903536143 
400 3.8252569175488396 
401 4.15152745234062 
402 3.9190061526249202 
403 4.23731872385744 
404 3.7515442777040002 
405 3.81963625026438 
406 3.59011533700226 
407 3.53569617496444 
408 3.71291415582812 
409 3.3843581229449398 
410 3.47498054176656 
411 3.40615985618942 
412 3.70616802967736 
413 3.8113460192161 
414 3.78001912101794 
415 4.1294122630131 
416 3.47198280667836 
417 3.9363305707575003 
418 3.46875599068114 
419 3.7405084298777402 
420 3.2438816405259603 
421 3.36229670947744 
422 3.25336447083576 
423 3.18598845845396 
424 3.26251308161878 
425 3.1827905606049 
426 3.40262799272016 
427 3.4614591234086602 
428 3.5555663870906997 
429 3.8396708438089804 
430 3.5198342761382597 
431 4.012356877660499 
432 3.5777852827951797 
433 4.1646336463132005 
434 3.46576050793844 
435 3.9379873275811805 
436 3.4634607073786596 
437 3.8235949957199 
438 3.5674926786274397 
439 3.9436204759352202 
440 3.54654633445356 
441 3.97138157691428 
442 3.7428288303868795 
443 3.8805037501467603 
444 3.71909778733306 
445 3.89815585553882 
446 3.65787359185326 
447 3.6478681721876596 
448 3.68044009925154 
449 3.6410399721683198 
450 3.690217953115 
451 3.66040606621986 
452 3.8682061608438403 
453 3.5094261385811003 
454 4.1563243009640995 
455 3.4766155884624 
456 4.09538528830278 
457 3.4734770149726204 
458 4.1987633880507405 
459 3.5191710281485 
460 4.0796864365758 
461 3.57424598464542 
462 3.88644736571542 
463 3.56601347553268 
464 3.7661244729601995 
465 3.4996629344628603 
466 3.69696672525182 
467 3.3881969620695997 
468 3.8230536207441603 
469 3.40331479720644 
470 3.7744446758800003 
471 3.52220530645686 
472 3.5282034480405797 
473 3.40665378785974 
474 3.69229533190126 
475 3.5382487883345 
476 3.69229533190126 
477 3.53840667024512 
478 3.85255226869308 
479 3.46588209702376 
480 3.98386883020934 
481 3.61641706903092 
482 3.85662043277474 
483 3.5944365795828 
484 3.75337431882946 
485 3.56242548831788 
486 3.59693315613528 
487 3.51322036251464 
488 3.6508070862451603 
489 3.5519695773638396 
490 3.8396163845812197 
491 3.6092735745481 
492 3.73273345478932 
493 3.57819445207178 
494 3.7872463013992204 
495 3.6564512256863204 
496 3.73458337188334 
497 3.6165660105524404 
498 3.5518970378343604 
499 3.4500396663233404 
500 3.6342710176180395 
501 3.4931831392095396 
502 3.67441669195998 
503 3.444390149767 
504 3.76253196135002 
505 3.45055283479714 
506 3.9452182953989996 
507 3.69975762393 
508 4.0054887008668 
509 3.6025826272357397 
510 3.9411936032560595 
511 3.62359247057572 
512 3.79565895468208 
513 3.4833396341780998 
514 3.8133885101634197 
515 3.42322828929032 
516 3.87943784065504 
517 3.48145376096942 
518 3.9250183978458204 
519 3.5325112740682996 
520 4.02331642862076 
521 3.6170906210335 
522 3.92348866688896 
523 3.6677849445357404 
524 3.92492399488302 
525 3.6693389171988597 
526 3.9802656085354 
527 3.85287525427914 
528 3.92765773475724 
529 3.7992029794859805 
530 3.8824025928346004 
531 3.7992029794859805 
532 3.8824025928346004 
533 3.83727763178326 
534 4.073163716517341 
535 3.86652002058108 
536 4.3526466518269 
537 4.0006580493624195 
538 4.4799999999999995 
539 4.0006580493624195 
540 4.4515988887116995 
541 4.11166874802568 
542 4.44559624298028 
543 4.11166874802568 
544 4.4722776146321 
545 4.24735301571996 
546 4.3697383624148 
547 4.1002570793692 
548 4.23731799347108 
549 4.1002570793692 
550 3.8154057899922798 
551 3.88466548642334 
552 3.5065610395096 
553 3.61063236888486 
554 3.5349621507979 
555 3.67154583068018 
556 3.67338516547306 
557 3.6534095543739604 
558 3.8056260936730197 
559 3.95229124127808 
560 3.94913210617148 
561 4.0791593352220605 
562 3.9700336155456397 
563 4.06216468261498 
564 3.9700336155456397 
565 4.01260534141992 
566 4.01749578200518 
567 4.1597703650144195 
568 3.8790727673300403 
569 4.22746598251572 
570 3.7076361945292 
571 3.9766078046482 
572 3.55709389322422 
573 3.7025746871097 
574 3.53619238385006 
575 3.7195693397168 
576 3.67461539852522 
577 3.7014330634105597 
578 3.79858980486652 
579 3.9788363447568003 
580 3.94913210617148 
581 4.10570443870078 
582 3.97522132005336 
583 4.0887097860937 
584 3.97522132005336 
585 4.0391504448986195 
586 4.0226834865129 
587 4.02589791159148 
588 3.9607585518113604 
589 4.02124855050052 
590 3.74614015077414 
591 4.0176220090906805 
592 3.60959890354154 
593 4.08355600630296 
594 3.56015729077928 
595 3.9062197184068195 
596 3.64096401300228 
597 3.9820673103632 
598 3.66741663436168 
599 3.7806833088599396 
600 3.80395788159428 
601 3.6287019342854 
602 3.77830716937668 
603 3.5162724020031804 
604 3.76742150844064 
605 3.51338289785006 
606 3.7132162669343005 
607 3.5142999795298997 
608 3.60349778676106 
609 3.37337832378304 
610 3.65739576274794 
611 3.4088368532039 
612 3.91727762636404 
613 3.43796555324664 
614 4.13355943366634 
615 3.6247342452090203 
616 4.1521570842362205 
617 3.68989687523142 
618 4.15101330693086 
619 3.7936093749071 
620 4.15101330693086 
621 3.8526425599659397 
622 3.8924305962065198 
623 3.66886149512998 
624 3.9835514258098796 
625 3.7041726720538 
626 3.9630664375672198 
627 3.6308589270329796 
628 3.75049539366226 
629 3.54276204784336 
630 3.8404918611451597 
631 3.6208129846158004 
632 3.86466483786106 
633 3.8150038282799796 
634 3.90629224384064 
635 3.8914724850774 
636 3.9756538421545002 
637 4.03719648736444 
638 3.79136690752364 
639 3.91940420482472 
640 3.6681737541302804 
641 3.5627104390241002 
642 3.5365700933110196 
643 3.4812841846444997 
644 3.41239778922902 
645 3.27800805304636 
646 3.5010320942743 
647 3.3611420574901403 
648 3.61250090414548 
649 3.4830809297376804 
650 3.68262900776214 
651 3.5605859545897403 
652 3.6498796903288 
653 3.564639502442 
654 3.7341894077316 
655 3.6256234620799397 
656 3.52212146796992 
657 3.62334651388678 
658 3.6287311712944996 
659 3.5814958720016 
660 3.6542605961986196 
661 3.62970342615982 
662 3.82476552252304 
663 3.79732503751014 
664 3.89607023708212 
665 3.85644339346826 
666 4.03334391122148 
667 3.8669296213135 
668 4.26622405719452 
669 3.94742814029188 
670 4.08026361501986 
671 3.64847093463694 
672 4.05579262341808 
673 3.65213852936508 
674 3.8093259011199203 
675 3.51953443682574 
676 3.80643791609278 
677 3.4316371930262 
678 4.00182258736724 
679 3.56194215022174 
680 3.89441196578696 
681 3.4955676839467005 
682 4.0503080900157205 
683 3.70434993748774 
684 3.85806342494986 
685 3.6922877733694 
686 3.5675514120339598 
687 3.88219313723284 
688 3.5592367044146203 
689 3.91945113452278 
690 3.24198588055918 
691 3.59574744691962 
692 3.12117991334578 
693 3.45968944860054 
694 3.07881405693858 
695 3.27548472874292 
696 3.1565680183204003 
697 3.3341429461169803 
698 3.26711565263468 
699 3.58150841703302 
700 3.26239907527754 
701 3.7086127163647804 
702 3.40255639368502 
703 3.67066220468606 
704 3.278405710335 
705 3.55864835356996 
706 3.4095396536609797 
707 3.70058029106744 
708 3.56416035567828 
709 3.6989523785781797 
710 3.70125170618012 
711 3.72791261159238 
712 3.74035177748254 
713 3.6904910850502803 
714 3.94080724723462 
715 3.41649855228104 
716 4.0343221722355 
717 3.3873183960479 
718 4.0899513726493195 
719 3.59677836166534 
720 4.00893431666412 
721 3.5882729240711 
722 4.00893431666412 
723 3.4793100128228196 
724 3.8756017037172596 
725 3.5639759990160997 
726 3.50479036704058 
727 3.25878890952542 
728 3.6160640593828397 
729 3.25991659949182 
730 3.47898090427568 
731 3.3731993964992 
732 3.4865480451623 
733 3.3459519249506995 
734 3.79211769268382 
735 3.42564366075094 
736 3.91777111726986 
737 3.4737996082861597 
738 3.9683904179201797 
739 3.57632184919346 
740 4.0036463376797595 
741 3.5474409299219 
742 4.0688880268349 
743 3.7566713165170595 
744 4.08925082577848 
745 3.88565268570728 
746 4.175714680235339 
747 3.8252270060438804 
748 4.2114556010456194 
749 3.86011271026232 
750 4.00945577996498 
751 3.69476714108196 
752 3.9415598985545204 
753 3.61249332239404 
754 3.9294118022419 
755 3.6340397973597596 
756 3.9379926225688004 
757 3.7047970654719995 
758 3.9862782404067 
759 3.77996010128856 
760 3.93766014491258 
761 3.7196743677319395 
762 3.9498082412252002 
763 3.58977974734752 
764 3.8725830937176 
765 3.5108779430190404 
766 3.74482883531266 
767 3.41110167487408 
768 3.58396319064922 
769 3.3284517453750198 
770 3.30466144084956 
771 3.4044299292716196 
772 3.30785514428056 
773 3.4110977148450603 
774 3.5893236059282203 
775 3.60105651635378 
776 3.5913087210195203 
777 3.5890486463786204 
778 3.8744110560562803 
779 3.4554175190781797 
780 3.8252116615082 
781 3.42264043285694 
782 3.81757032480404 
783 3.2753911073443 
784 3.98730113852292 
785 3.4048180092961404 
786 3.9575836083028797 
787 3.3970876843746405 
788 3.9060009467114805 
789 3.2974585519607205 
790 3.7373671262639805 
791 3.3884272088388 
792 3.6082978873913 
793 3.38243164342342 
794 3.33827087030498 
795 3.5352940911335997 
796 3.35352429395762 
797 3.6127923346719397 
798 3.5297994511092803 
799 3.55889393205726 
800 3.65125291866552 
801 3.6219248990784 
802 3.9471968807347997 
803 3.5294810585807603 
804 3.91989183096196 
805 3.5548361200681597 
806 3.91989183096196 
807 3.6650151913174 
808 3.8004838052115 
809 3.5511535746445198 
810 3.70253030672228 
811 3.4887237782496796 
812 3.74165917542902 
813 3.4622537524829604 
814 3.74165917542902 
815 3.31136578582642 
816 3.69379209550796 
817 3.2797907801202 
818 3.5080477373709003 
819 3.4494377355338 
820 3.41164220255324 
821 3.40477942973384 
822 3.41164220255324 
823 3.51382095976128 
824 3.61349957830422 
825 3.6412134560187197 
826 3.8571754944039 
827 3.6899122374760998 
828 4.05520514495056 
829 3.7991757926641 
830 3.95618256512612 
831 3.8354577371475003 
832 3.78518670955918 
833 3.7057110836336795 
834 3.6483461946856997 
835 3.5823610957500795 
836 3.67617533006624 
837 3.6843934313355198 
838 3.6240252756757 
839 3.54075240767114 
840 3.6195819954379997 
841 3.50171883607688 
842 3.50803203026562 
843 3.5159586894323 
844 3.3853881995685597 
845 3.376025850282 
846 3.53656083378356 
847 3.4747268284884596 
848 3.5389753706923797 
849 3.4360580217815198 
850 3.5492151081346996 
851 3.3536544875262004 
852 3.4829096114160203 
853 3.30449243845734 
854 3.31413957426754 
855 3.28604282678996 
856 3.23786181641116 
857 3.2860721873895797 
858 3.21470259966902 
859 3.3442003092335804 
860 3.17691275878496 
861 3.3588931374579998 
862 3.19765336692634 
863 3.27875075365628 
864 3.31125563757832 
865 3.2965346369587003 
866 3.3194071723196403 
867 3.35108864488896 
868 3.4053471116515803 
869 3.41520556332434 
870 3.4626364002307 
871 3.4835341079943 
872 3.5030730610661003 
873 3.5556349270951797 
874 3.796253426197 
875 3.53914402968906 
876 3.7691970188135597 
877 3.55688597510144 
878 3.68392837287818 
879 3.42465243361086 
880 3.6271755541990798 
881 3.4855343727752803 
882 3.5424003940485798 
883 3.5097320813383597 
884 3.6015132978669397 
885 3.5620511140482 
886 3.65601051580918 
887 3.65829212113698 
888 3.77959961838802 
889 3.6570200171579 
890 3.75047628652984 
891 3.65993244523686 
892 3.86031397317604 
893 3.7284677237828396 
894 3.86550739271118 
895 3.7118775327469202 
896 3.81025612957288 
897 3.69188512583088 
898 3.88518418981212 
899 3.68941738844088 
900 3.7167882093899998 
901 3.51856792577124 
902 3.8487387980645202 
903 3.36410051455274 
904 3.76470853343026 
905 3.27816755107252 
906 3.4905670111433205 
907 3.2561522083446 
908 3.54084665242826 
909 3.2289809808622203 
910 3.1226071808878197 
911 3.14039260667922 
912 3.0515595849744797 
913 3.19315330372144 
914 2.8686517984731 
915 3.08763844503956 
916 2.80751593483006 
917 3.0107174139126203 
918 2.88156522005964 
919 3.11013809761374 
920 2.96129669699942 
921 3.08227042837408 
922 3.0250874880186602 
923 3.20800954044594 
924 3.12050357088088 
925 3.4967144763758 
926 3.19007882218872 
927 3.59942261122064 
928 3.2395750970143 
929 3.6122645272450002 
930 3.3992251420219 
931 3.5629458137584997 
932 3.47462719593234 
933 3.44465754638302 
934 3.4815612852423796 
935 3.4184568491978404 
936 3.38535429073832 
937 3.4234838768594997 
938 3.42555474095404 
939 3.57763872693204 
940 3.2668448967016 
941 3.46647618584512 
942 3.3621948027003397 
943 3.60291078995972 
944 3.43260272292292 
945 3.6626981107678 
946 3.4545125622983 
947 3.63611080385878 
948 3.6340960329954797 
949 3.6998439421123 
950 3.5252715315281598 
951 3.7638877158789 
952 3.3603969560876203 
953 3.62475076018096 
954 3.34707372490534 
955 3.7640959821152995 
956 3.47024714572646 
957 3.8049323171371396 
958 3.618482739094 
959 3.8049323171371396 
960 3.8039533856408 
961 3.9044095915220196 
962 3.7954201663580798 
963 3.52069181994298 
964 3.6230490586259796 
965 3.4646660364438397 
966 3.7403364666314802 
967 3.4646660364438397 
968 3.65395818677136 
969 3.3638843961836598 
970 3.47324812797836 
971 3.4900390602069997 
972 3.33652931745448 
973 3.3671376228588796 
974 3.26628335869718 
975 3.18881680508488 
976 3.4033062295894196 
977 3.26010854857608 
978 3.52837680460202 
979 3.3167230284270195 
980 3.64922546259488 
981 3.38855266991488 
982 3.3532769400053803 
983 3.47192247561708 
984 3.26396949907704 
985 3.41438173604696 
986 3.3445097754320203 
987 3.66290202812774 
988 3.26531578882686 
989 3.8506963623117003 
990 3.2636267136100003 
991 3.86567878329208 
992 3.48282146161594 
993 3.95560694661976 
994 3.63518447505398 
995 3.8380874144009196 
996 3.6917931394131203 
997 3.7677404879034 
998 3.7794813369240003 
999 3.861785011388 
1000 3.6831726479004603 
1001 3.65471878084484 
1002 3.57759865877194 
1003 3.6423148140808204 
1004 3.54072344012366 
1005 3.76936911674854 
1006 3.6766198230731595 
1007 3.8398219404848803 
1008 3.7057088632109 
1009 4.04391697834126 
1010 3.69073421935682 
1011 4.16692801062956 
1012 3.7018721620892796 
1013 4.1236080294086 
1014 3.71022186329542 
1015 4.151127003663 
1016 3.6069035582816 
1017 3.90962810972774 
1018 3.65519816999822 
1019 3.82862112393558 
1020 3.7390086443841803 
1021 3.8478180607736805 
1022 3.7390086443841803 
1023 3.8941840533974004 
1024 3.8486379669789996 
1025 4.146986990606 
1026 3.86210546362 
1027 3.99555190427646 
1028 3.8956644833192597 
1029 3.99555190427646 
1030 3.82631676390236 
1031 3.96369964583114 
1032 3.75103620866642 
1033 3.88239806667614 
1034 3.6265744524024797 
1035 4.076451534971261 
1036 3.61601908894556 
1037 3.8355019857398 
1038 3.59686444889916 
1039 3.7925068826332202 
1040 3.67376000690548 
1041 3.87049845994576 
1042 3.79636588536314 
1043 3.82767883078926 
1044 3.6284431148046403 
1045 4.06862838002072 
1046 3.71694547426792 
1047 4.0816875402208 
1048 3.68039342588308 
1049 3.97262048501106 
1050 3.62793654134508 
1051 4.1582794831472 
1052 3.78434203485228 
1053 4.05351745203896 
1054 3.78434203485228 
1055 4.0908189790481995 
1056 4.0367380779493205 
1057 4.09358017634688 
1058 4.1908023515026205 
1059 4.05669606260578 
1060 4.2574047044304 
1061 4.161458093714041 
1062 4.2574047044304 
1063 4.08947233314458 
1064 3.91314472557088 
1065 3.83563061944664 
1066 3.72587960574698 
1067 3.9280467859863797 
1068 3.5404478608739405 
1069 3.5791037689678804 
1070 3.38429180139766 
1071 3.5369821194526603 
1072 3.40006879056086 
1073 3.5501422163359004 
1074 3.47469157356864 
1075 3.5501422163359004 
1076 3.3541500020625796 
1077 3.7308327929547196 
1078 3.51030606153886 
1079 3.6351124978035 
1080 3.5386318872809803 
1081 3.6429113888333 
1082 3.56880331332448 
1083 3.6429113888333 
1084 3.6786214331026 
1085 3.81116382923298 
1086 3.4113770845164195 
1087 3.8451678070124204 
1088 3.47976591713554 
1089 3.93191487486682 
1090 3.6528051535160797 
1091 3.7154469863044803 
1092 3.81404909687348 
1093 3.3930533397606197 
1094 4.08129344545968 
1095 3.4482840945395 
1096 4.04837529655876 
1097 3.49134718290816 
1098 3.8804438920348403 
1099 3.6028431092955997 
1100 3.77734804085486 
1101 3.70984120066988 
1102 3.77734804085486 
1103 3.7909521993506 
1104 3.7706224046883596 
1105 3.83022426109372 
1106 3.75724602039528 
1107 3.5633686576314405 
1108 3.81213226649884 
1109 3.4336196622947397 
1110 3.65805639683172 
1111 3.3269950760787403 
1112 3.5742138900235405 
1113 3.2528973397053798 
1114 3.503311474462 
1115 3.15659859264054 
1116 3.39443342035054 
1117 3.5017431431468196 
1118 3.18639420538512 
1119 3.43155034721892 
1120 3.2283414817193403 
1121 3.28632975504454 
1122 3.1726803050753802 
1123 3.71472323745776 
1124 3.3412330267634 
1125 3.7173046003194004 
1126 3.27070373814536 
1127 3.79473286000238 
1128 3.35442438307426 
1129 4.18387169507718 
1130 3.60130482037374 
1131 4.15915655162562 
1132 3.5164766931196803 
1133 4.15130006401356 
1134 3.6797701809735797 
1135 4.33848389505278 
1136 3.7449593802703 
1137 4.3403780726914 
1138 3.7140819234435396 
1139 4.32122355928772 
1140 3.62519829118774 
1141 4.08720304136016 
1142 3.6417406851843195 
1143 4.158710188613879 
1144 3.5743297583416798 
1145 3.94877018564684 
1146 3.44141557535126 
1147 4.00903601834466 
1148 3.4219990311611 
1149 4.23339605254126 
1150 3.3169004465741203 
1151 4.08743124227242 
1152 3.28772236412332 
1153 4.100305203462 
1154 3.5453254024864203 
1155 3.9506355824079598 
1156 3.59978847807914 
1157 3.9908964701103002 
1158 3.79436789781686 
1159 3.89388036826524 
1160 3.83045924752932 
1161 3.9060600042879003 
1162 3.6861973050852797 
1163 3.8950183866423203 
1164 3.7144714127365397 
1165 3.8502509355315198 
1166 3.8777990689859 
1167 3.881483022756 
1168 3.86640047687046 
1169 3.94591039535072 
1170 3.93584528783854 
1171 3.8486609859980803 
1172 3.84665227868008 
1173 4.03270887914394 
1174 3.84665227868008 
1175 4.04522927623428 
1176 3.7963747007303397 
1177 4.06688645132854 
1178 3.7324733341358196 
1179 3.99611050777416 
1180 3.70360488226424 
1181 3.99108267346372 
1182 3.70360488226424 
1183 4.02995117823884 
1184 3.85955452283356 
1185 4.12714471786878 
1186 3.9400978787481202 
1187 3.84387427592224 
1188 4.144131755848 
1189 3.82125267856974 
1190 4.03296668960386 
1191 3.69566816987394 
1192 4.15403774849462 
1193 3.5309675048652 
1194 3.97001471030388 
1195 3.8850138903661 
1196 3.73379209974276 
1197 3.7856553397925197 
1198 3.7193691628657803 
1199 3.7554194891170196 
1200 3.7193691628657803 
1201 3.9201201541257604 
1202 4.0868308669623605 
1203 3.7865400940275 
1204 4.15910432799346 
1205 3.7808014381469803 
1206 3.98517170002716 
1207 3.7848425885805197 
1208 3.9892967179735797 
1209 3.7041494156395403 
1210 3.81054639564982 
1211 3.67920786094128 
1212 3.78139389129232 
1213 3.64786181254184 
1214 4.0827739248871 
1215 3.7858483934639997 
1216 3.93132282631444 
1217 3.8921255173433202 
1218 3.9423071696745 
1219 3.86440532700378 
1220 3.78631549240324 
1221 3.84567956790598 
1222 3.47779061411738 
1223 3.8487214596958403 
1224 3.51617616148098 
1225 3.73294303008906 
1226 3.39603555598388 
1227 3.9191848352251397 
1228 3.4003827503615596 
1229 3.83251236459326 
1230 3.3562169905307995 
1231 3.7245407538405404 
1232 3.1970774400059403 
1233 3.81473523250898 
1234 3.3277435693426 
1235 3.5701884673564996 
1236 3.2342111277985 
1237 3.51697059587098 
1238 3.3637431939512803 
1239 3.6956166496270795 
1240 3.1582168241921402 
1241 3.30574399425504 
1242 3.03949943396806 
1243 3.5502907594075195 
1244 2.98552785140188 
1245 3.86931444809892 
1246 2.89857900511914 
1247 3.86655585216092 
1248 3.1080845895356797 
1249 4.0044187589189795 
1250 3.2292476803851202 
1251 3.9388188856390998 
1252 3.45432810767662 
1253 3.8173831562601004 
1254 3.4977391817448202 
1255 3.79275948977336 
1256 3.51160503362644 
1257 4.044769238387341 
1258 3.57477986908066 
1259 3.7585748033022597 
1260 3.5363419338947204 
1261 3.8735640145415404 
1262 3.55822688817548 
1263 3.74328750648438 
1264 3.41818327962232 
1265 3.4299686556701197 
1266 3.18350646521688 
1267 3.3711274943659397 
1268 3.22522285717352 
1269 3.3706754903460996 
1270 3.17861462418988 
1271 3.4145020818880396 
1272 3.14530276598158 
1273 3.4037269654300197 
1274 3.06394923456772 
1275 3.79978840696552 
1276 2.9537847799584 
1277 3.63715693283536 
1278 2.79388941919848 
1279 3.5049715947311197 
1280 2.91073592995312 
1281 3.6101288568966603 
1282 3.2644060145058 
1283 3.54553635236408 
1284 3.22116683359026 
1285 3.6200582398731598 
1286 3.25104044708756 
1287 3.6334015899214798 
1288 3.26722187687018 
1289 3.7691370167162397 
1290 3.06296844043096 
1291 3.86917003757004 
1292 3.20880917409868 
1293 3.75302120023188 
1294 3.2535449665265803 
1295 3.8118669968904597 
1296 3.18302297241214 
1297 3.76442019860418 
1298 3.22039215557414 
1299 3.7478163424321203 
1300 3.45742191544806 
1301 3.26230466020926 
1302 3.5397405662542 
1303 3.15354349646704 
1304 3.71717998902242 
1305 3.18117191663022 
1306 3.5992670641119404 
1307 3.2322884907077603 
1308 3.6749231030421 
1309 3.28021538181268 
1310 3.96260445223598 
1311 3.3794361521356002 
1312 4.1633331106289395 
1313 3.31928778084556 
1314 4.15803567251638 
1315 3.21667512111242 
1316 3.8789713144682403 
1317 2.9970003808217003 
1318 3.4324899168089202 
1319 2.9743419669940403 
1320 3.19747723525834 
1321 3.03695780216228 
1322 3.3221277115219996 
1323 3.11735637419854 
1324 3.17501514253498 
1325 3.30478427282222 
1326 3.5493241173918397 
1327 3.4089761690642 
1328 3.60098706871552 
1329 3.49156996778864 
1330 3.65604412957832 
1331 3.5542854316762402 
1332 3.8985958692774405 
1333 3.6067736643216 
1334 3.7137448799139596 
1335 3.4936657305027197 
1336 3.675720555225 
1337 3.55689759988922 
1338 3.8109594362406 
1339 3.65307253033534 
1340 4.009770614079359 
1341 3.65628769522948 
1342 3.9706919379659196 
1343 3.82755980248472 
1344 4.08873758087376 
1345 3.8349001029959404 
1346 4.08873758087376 
1347 3.83644145421338 
1348 4.00485063108022 
1349 3.7728135431408605 
1350 3.93494463534428 
1351 3.7256597725266802 
1352 3.7457757101295597 
1353 3.56709822556948 
1354 3.6218748666061003 
1355 3.4392410916431997 
1356 3.5317608142284 
1357 3.5033927897592596 
1358 3.70911549117098 
1359 3.4294934108705 
1360 3.6049106581801396 
1361 3.3436072693163 
1362 3.57147156986818 
1363 3.31826373757376 
1364 3.50433178405054 
1365 3.40927937501914 
1366 3.44103802438446 
1367 3.27030285688902 
1368 3.32160405250296 
1369 3.13676745351902 
1370 2.98736848789122 
1371 2.9656638391584798 
1372 2.9091737678831597 
1373 2.76631199459324 
1374 2.82173062215898 
1375 2.9749986198559197 
1376 3.32176867009058 
1377 3.16719932456276 
1378 3.59739402008656 
1379 3.37121092748056 
1380 3.5824258595696596 
1381 3.46610483675542 
1382 3.57362694691844 
1383 3.3315148683530196 
1384 3.39140623400816 
1385 3.26771947649664 
1386 3.40766319035216 
1387 3.13260829032682 
1388 3.3699284819613 
1389 3.23902963406116 
1390 3.5407387721441195 
1391 3.21569610302328 
1392 3.35041380255918 
1393 3.22291310445406 
1394 3.2967485096084603 
1395 3.3178616052426597 
1396 3.3600380980464997 
1397 3.26639261880718 
1398 3.26445913608472 
1399 3.3170343658936403 
1400 3.3187709651378396 
1401 3.3718946721441396 
1402 3.4300127146849 
1403 3.34852880577978 
1404 3.4353951671257805 
1405 3.2712648648738005 
1406 3.41128060493306 
1407 3.5911917593271605 
1408 3.61755337511888 
1409 3.61994313607464 
1410 3.48997180022074 
1411 3.7600929124854803 
1412 3.49906545338318 
1413 3.6445682496391596 
1414 3.42081262943562 
1415 3.4710318107711204 
1416 3.46616918954926 
1417 3.34529781457944 
1418 3.3908147169089604 
1419 3.53333457182704 
1420 3.4935828761562595 
1421 3.5127185957526796 
1422 3.52038545685948 
1423 3.4765105346040004 
1424 3.35242308394796 
1425 3.5392112508465403 
1426 3.69747586499724 
1427 3.37168338754552 
1428 3.6817336531721 
1429 3.44572823856418 
1430 3.79156923270886 
1431 3.60035181516428 
1432 3.8115420651552596 
1433 3.6536624000713 
1434 3.75307873488678 
1435 3.5154507440310603 
1436 3.79272032337364 
1437 3.49854123362664 
1438 3.86647470748722 
1439 3.5044576485954004 
1440 3.92541630565796 
1441 3.4575677982141 
1442 3.87497115118492 
1443 3.4449760544845196 
1444 3.90809737706548 
1445 3.5222305108537597 
1446 3.8106321620124803 
1447 3.5567251271886398 
1448 3.914582580108 
1449 3.65117074469092 
1450 3.91462429288424 
1451 3.6099259457917 
1452 3.8446193787972804 
1453 3.89050565472212 
1454 3.8824570190391396 
1455 3.7064874409704203 
1456 3.65866041876554 
1457 3.5920028431928204 
1458 3.49254859255836 
1459 3.5950052652978597 
1460 3.3875848594538605 
1461 3.2892965076051603 
1462 3.28989598501936 
1463 3.14302551836692 
1464 3.3108410456355797 
1465 3.47271850733936 
1466 3.39289327444054 
1467 3.4933837820201603 
1468 3.46830207694322 
1469 3.43254345587716 
1470 3.50066860898554 
1471 3.3813207502091798 
1472 3.36932655278626 
1473 3.3813207502091798 
1474 3.3345668148569603 
1475 3.3221325703100595 
1476 3.32386862203032 
1477 3.39498187599648 
1478 3.3542912295224396 
1479 3.4557778294170802 
1480 3.7481168857229 
1481 3.15551367225052 
1482 3.6460055083674803 
1483 3.1965822997218 
1484 3.65086408189608 
1485 3.13509510237126 
1486 3.53297219873052 
1487 3.27002577077034 
1488 3.5568345305861 
1489 3.3668053476756596 
1490 3.71715665343982 
1491 3.71826416925164 
1492 3.82084355549454 
1493 4.07345114475144 
1494 4.11899552222754 
1495 4.02627624476498 
1496 3.9291990526664398 
1497 4.15455014871634 
1498 4.09867441446492 
1499 3.95317463795922 
1500 3.9429810799415 
1501 3.862949365837 
1502 3.9092986843880198 
1503 3.9039289808032995 
1504 4.01448882999094 
1505 3.7133738039868 
1506 3.59734353987614 
1507 3.57228663884268 
1508 3.5086257682992197 
1509 3.5633262515378803 
1510 3.4585448412463995 
1511 3.5945313528839202 
1512 3.35206357965058 
1513 3.5536116727175395 
1514 3.4394812622806397 
1515 3.80560769871244 
1516 3.7464876742102198 
1517 3.7095716868733803 
1518 3.90945096164016 
1519 3.7956361884577197 
1520 3.8257127469122603 
1521 3.78810960378978 
1522 3.9732293732804003 
1523 3.5942872909416996 
1524 3.6451221531458797 
1525 3.4640199519052204 
1526 3.4179467985717205 
1527 3.2268269495495803 
1528 3.2945466730888198 
1529 3.30023281180424 
1530 3.13735711969448 
1531 3.24582447674426 
1532 3.21669201600172 
1533 3.4262061475498795 
1534 3.13852571082142 
1535 3.5044922694697 
1536 3.3217584529378796 
1537 3.42646878380232 
1538 3.4923357710434404 
1539 3.5991773797835203 
1540 3.5686365554992796 
1541 3.5714444023146 
1542 3.6651030611811004 
1543 3.60398132719398 
1544 3.84810865470446 
1545 3.6703873492734997 
1546 3.7583676527653997 
1547 3.42016641066056 
1548 3.8120493625032 
1549 3.45742238904734 
1550 4.02092451657584 
1551 3.3769338835504796 
1552 3.86929608492214 
1553 3.4464144769258604 
1554 3.8722192994175204 
1555 3.59923375717458 
1556 3.82921865570478 
1557 3.4597814921840198 
1558 3.71438799448906 
1559 3.57575398042824 
1560 3.62070012251854 
1561 3.62087262493998 
1562 3.6394240009498 
1563 3.6964160353353797 
1564 3.77094653975984 
1565 3.7464945051434397 
1566 3.70031985903182 
1567 3.53318848486868 
1568 3.5322506078657 
1569 3.39820719956816 
1570 3.37200885216322 
1571 3.2620916628807004 
1572 3.2929791347287596 
1573 3.1736021927205003 
1574 3.20547929059956 
1575 3.2570229281241403 
1576 3.4092413410774 
1577 3.45961293290676 
1578 3.6096305711792 
1579 3.61563664204524 
1580 3.7324432315270997 
1581 3.8169013890898804 
1582 3.69335035027468 
1583 3.7508502822474803 
1584 3.7295653111237597 
1585 4.02672173664868 
1586 3.613250162184 
1587 3.77696466498186 
1588 3.5198666783098402 
1589 3.77643319135338 
1590 3.29858464416206 
1591 3.69592754018318 
1592 3.6089698380906 
1593 3.6496131361271997 
1594 3.90681878876316 
1595 3.8754803958957 
1596 3.9391989495031403 
1597 3.9349036661126595 
1598 3.99069932949132 
1599 3.99479896328002 
1600 3.7678388438953805 
1601 3.9084967179101597 
1602 3.7383385658023798 
1603 3.99802270679636 
1604 3.7930604048729 
1605 3.9543490517235 
1606 3.8020893757707803 
1607 3.9813862437153196 
1608 3.8497230804024603 
1609 4.01238717389648 
1610 3.693333133094 
1611 3.9438424928786397 
1612 3.54136112619326 
1613 3.8005584382566395 
1614 3.4573396044045195 
1615 3.6517545842809596 
1616 3.3434368810339796 
1617 3.67086602405834 
1618 3.52932710643544 
1619 3.68833243707646 
1620 3.6229466762927798 
1621 3.75757128380456 
1622 3.6264215635031802 
1623 3.76544969063196 
1624 3.6205519409936797 
1625 3.71828504194164 
1626 3.6205519409936797 
1627 3.5418505994003 
1628 3.5586280064864804 
1629 3.5715867143954396 
1630 3.6201541736226197 
1631 3.5794376408239 
1632 3.64064647723844 
1633 3.4543669575195404 
1634 3.44043331393582 
1635 3.3848906713926397 
1636 3.37073285360218 
1637 3.41013098152274 
1638 3.4053961161261803 
1639 3.39204577278202 
1640 3.4182389815259597 
1641 3.6074309320349998 
1642 3.33278606214692 
1643 3.9089995136397397 
1644 3.4889460443267195 
1645 3.8634900719856 
1646 3.4200686336634 
1647 3.8548627587232405 
1648 3.3662700752656596 
1649 3.7911787452340397 
1650 3.6519361579473197 
1651 3.7911787452340397 
1652 3.66084528152944 
1653 3.7868514343741198 
1654 3.61107927170292 
1655 3.91322269475856 
1656 3.7306637160982 
1657 3.89433171378782 
1658 3.6155560360386403 
1659 3.89433171378782 
1660 3.64344984445396 
1661 3.9655357772821604 
1662 3.73718095124982 
1663 3.9488371643357603 
1664 3.72716896117688 
1665 3.79978844663068 
1666 3.6586191808230604 
1667 3.73709781751988 
1668 3.55528691156566 
1669 3.759675274845 
1670 3.5113665617046204 
1671 3.7352374681005402 
1672 3.3967005324660597 
1673 3.8237131448013004 
1674 3.49332515269914 
1675 3.6810810791067397 
1676 3.4973332400921997 
1677 3.61207493325238 
1678 3.52453017977912 
1679 3.6220694697052 
1680 3.55997294591698 
1681 3.60565552481894 
1682 3.66747523602348 
1683 3.64034199797672 
1684 3.7467083649230197 
1685 3.6678837224879204 
1686 3.74572640330942 
1687 3.67460789430996 
1688 3.8189306021587 
1689 3.7757976854349997 
1690 3.62069082220068 
1691 3.6922295410466197 
1692 3.5232293793274403 
1693 3.57192289905434 
1694 3.4188954159766403 
1695 3.4746684194730397 
1696 3.32523231680266 
1697 3.57901759699388 
1698 3.3125632201491597 
1699 3.59942753125002 
1700 3.5089346810496203 
1701 3.70776834727734 
1702 3.8442903536143 
1703 3.8252569175488396 
1704 4.15152745234062 
1705 3.9190061526249202 
1706 4.23731872385744 
1707 3.7515442777040002 
1708 3.81963625026438 
1709 3.59011533700226 
1710 3.53569617496444 
1711 3.71291415582812 
1712 3.3843581229449398 
1713 3.47498054176656 
1714 3.40615985618942 
1715 3.70616802967736 
1716 3.8113460192161 
1717 3.78001912101794 
1718 4.1294122630131 
1719 3.47198280667836 
1720 3.9363305707575003 
1721 3.46875599068114 
1722 3.7405084298777402 
1723 3.2438816405259603 
1724 3.36229670947744 
1725 3.25336447083576 
1726 3.18598845845396 
1727 3.26251308161878 
1728 3.1827905606049 
1729 3.40262799272016 
1730 3.4614591234086602 
1731 3.5555663870906997 
1732 3.8396708438089804 
1733 3.5198342761382597 
1734 4.012356877660499 
1735 3.5777852827951797 
1736 4.1646336463132005 
1737 3.46576050793844 
1738 3.9379873275811805 
1739 3.4634607073786596 
1740 3.8235949957199 
1741 3.5674926786274397 
1742 3.9436204759352202 
1743 3.54654633445356 
1744 3.97138157691428 
1745 3.7428288303868795 
1746 3.8805037501467603 
1747 3.71909778733306 
1748 3.89815585553882 
1749 3.65787359185326 
1750 3.6478681721876596 
1751 3.68044009925154 
1752 3.6410399721683198 
1753 3.690217953115 
1754 3.66040606621986 
1755 3.8682061608438403 
1756 3.5094261385811003 
1757 3.5321336019564398 
1758 3.5321336019564398 
1759 4.1563243009640995 
1760 3.4766155884624 
1761 4.09538528830278 
1762 3.4734770149726204 
1763 4.1987633880507405 
1764 3.5191710281485 
1765 4.0796864365758 
1766 3.57424598464542 
1767 3.88644736571542 
1768 3.56601347553268 
1769 3.7661244729601995 
1770 3.4996629344628603 
1771 3.69696672525182 
1772 3.3881969620695997 
1773 3.8230536207441603 
1774 3.40331479720644 
1775 3.7744446758800003 
1776 3.52220530645686 
1777 3.5282034480405797 
1778 3.40665378785974 
1779 3.69229533190126 
1780 3.5382487883345 
1781 3.69229533190126 
1782 3.53840667024512 
1783 3.85255226869308 
1784 3.46588209702376 
1785 3.98386883020934 
1786 3.61641706903092 
1787 3.85662043277474 
1788 3.5944365795828 
1789 3.75337431882946 
1790 3.56242548831788 
1791 3.59693315613528 
1792 3.51322036251464 
1793 3.6508070862451603 
1794 3.5519695773638396 
1795 3.8396163845812197 
1796 3.6092735745481 
1797 3.73273345478932 
1798 3.57819445207178 
1799 3.7872463013992204 
1800 3.6564512256863204 
1801 3.73458337188334 
1802 3.6165660105524404 
1803 3.5518970378343604 
1804 3.4500396663233404 
1805 3.6342710176180395 
1806 3.4931831392095396 
1807 3.67441669195998 
1808 3.444390149767 
1809 3.76253196135002 
1810 3.45055283479714 
1811 3.9452182953989996 
1812 3.69975762393 
1813 4.0054887008668 
1814 3.6025826272357397 
1815 3.9411936032560595 
1816 3.62359247057572 
1817 3.79565895468208 
1818 3.4833396341780998 
1819 3.8133885101634197 
1820 3.42322828929032 
1821 3.87943784065504 
1822 3.48145376096942 
1823 3.9250183978458204 
1824 3.5325112740682996 
1825 4.02331642862076 
1826 3.6170906210335 
1827 3.92348866688896 
1828 3.6677849445357404 
1829 3.92492399488302 
1830 3.6693389171988597 
1831 3.9802656085354 
1832 3.85287525427914 
1833 3.92765773475724 
1834 3.7992029794859805 
1835 3.8824025928346004 
1836 3.7992029794859805 
1837 3.8824025928346004 
1838 3.83727763178326 
1839 4.073163716517341 
1840 3.86652002058108 
1841 4.3526466518269 
1842 4.0006580493624195 
1843 4.4799999999999995 
1844 4.0006580493624195 
1845 4.4515988887116995 
1846 4.11166874802568 
1847 4.44559624298028 
1848 4.11166874802568 
1849 4.4722776146321 
1850 4.24735301571996 
1851 4.3697383624148 
1852 4.1002570793692 
1853 4.23731799347108 
1854 4.1002570793692 
1855 3.8154057899922798 
1856 3.88466548642334 
1857 3.5065610395096 
1858 3.61063236888486 
1859 3.5349621507979 
1860 3.67154583068018 
1861 3.67338516547306 
1862 3.6534095543739604 
1863 3.8056260936730197 
1864 3.95229124127808 
1865 3.94913210617148 
1866 4.0791593352220605 
1867 3.9700336155456397 
1868 4.06216468261498 
1869 3.9700336155456397 
1870 4.01260534141992 
1871 4.01749578200518 
1872 4.1597703650144195 
1873 3.8790727673300403 
1874 4.22746598251572 
1875 3.7076361945292 
1876 3.9766078046482 
1877 3.55709389322422 
1878 3.7025746871097 
1879 3.53619238385006 
1880 3.7195693397168 
1881 3.67461539852522 
1882 3.7014330634105597 
1883 3.79858980486652 
1884 3.9788363447568003 
1885 3.94913210617148 
1886 4.10570443870078 
1887 3.97522132005336 
1888 4.0887097860937 
1889 3.97522132005336 
1890 4.0391504448986195 
1891 4.0226834865129 
1892 4.02589791159148 
1893 3.9607585518113604 
1894 4.02124855050052 
1895 3.74614015077414 
1896 4.0176220090906805 
1897 3.60959890354154 
1898 4.08355600630296 
1899 3.56015729077928 
1900 3.9062197184068195 
1901 3.64096401300228 
1902 3.9820673103632 
1903 3.66741663436168 
1904 3.7806833088599396 
1905 3.80395788159428 
1906 3.6287019342854 
1907 3.77830716937668 
1908 3.5162724020031804 
1909 3.76742150844064 
1910 3.51338289785006 
1911 3.7132162669343005 
1912 3.5142999795298997 
1913 3.60349778676106 
1914 3.37337832378304 
1915 3.65739576274794 
1916 3.4088368532039 
1917 3.91727762636404 
1918 3.43796555324664 
1919 4.13355943366634 
1920 3.6247342452090203 
1921 4.1521570842362205 
1922 3.68989687523142 
1923 4.15101330693086 
1924 3.7936093749071 
1925 4.15101330693086 
1926 3.8526425599659397 
1927 3.8924305962065198 
1928 3.66886149512998 
1929 3.9835514258098796 
1930 3.7041726720538 
1931 3.9630664375672198 
1932 3.6308589270329796 
1933 3.75049539366226 
1934 3.54276204784336 
1935 3.8404918611451597 
1936 3.6208129846158004 
1937 3.86466483786106 
1938 3.8150038282799796 
1939 3.90629224384064 
1940 3.8914724850774 
1941 3.9756538421545002 
1942 4.03719648736444 
1943 3.79136690752364 
1944 3.91940420482472 
1945 3.6681737541302804 
1946 3.5627104390241002 
1947 3.5365700933110196 
1948 3.4812841846444997 
1949 3.41239778922902 
1950 3.27800805304636 
1951 3.5010320942743 
1952 3.3611420574901403 
1953 3.61250090414548 
1954 3.4830809297376804 
1955 3.68262900776214 
1956 3.5605859545897403 
1957 3.6498796903288 
1958 3.564639502442 
1959 3.7341894077316 
1960 3.6256234620799397 
1961 3.52212146796992 
1962 3.62334651388678 
1963 3.6287311712944996 
1964 3.5814958720016 
1965 3.6542605961986196 
1966 3.62970342615982 
1967 3.82476552252304 
1968 3.79732503751014 
1969 3.89607023708212 
1970 3.85644339346826 
1971 4.03334391122148 
1972 3.8669296213135 
1973 4.26622405719452 
1974 3.94742814029188 
1975 4.08026361501986 
1976 3.64847093463694 
1977 4.05579262341808 
1978 3.65213852936508 
1979 3.8093259011199203 
1980 3.51953443682574 
1981 3.80643791609278 
1982 3.4316371930262 
1983 4.00182258736724 
1984 3.56194215022174 
1985 3.89441196578696 
1986 3.4955676839467005 
1987 4.0503080900157205 
1988 3.70434993748774 
1989 3.85806342494986 
1990 3.6922877733694 
1991 3.5675514120339598 
1992 3.88219313723284 
1993 3.5592367044146203 
1994 3.91945113452278 
1995 3.24198588055918 
1996 3.59574744691962 
1997 3.12117991334578 
1998 3.45968944860054 
1999 3.07881405693858 
2000 3.27548472874292 
2001 3.1565680183204003 
2002 3.3341429461169803 
2003 3.26711565263468 
2004 3.58150841703302 
2005 3.26239907527754 
2006 3.7086127163647804 
2007 3.40255639368502 
2008 3.67066220468606 
2009 3.278405710335 
2010 3.55864835356996 
2011 3.4095396536609797 
2012 3.70058029106744 
2013 3.7353188709887597 
2014 3.7353188709887597 
2015 3.7762725120494 
2016 3.7762725120494 
2017 3.56416035567828 
2018 3.6989523785781797 
2019 3.70125170618012 
2020 3.72791261159238 
2021 3.74035177748254 
2022 3.6904910850502803 
2023 3.94080724723462 
2024 3.41649855228104 
2025 4.0343221722355 
2026 3.3873183960479 
2027 4.0899513726493195 
2028 3.59677836166534 
2029 4.00893431666412 
2030 3.5882729240711 
2031 4.00893431666412 
2032 3.4793100128228196 
2033 3.8756017037172596 
2034 3.5639759990160997 
2035 3.50479036704058 
2036 3.25878890952542 
2037 3.6160640593828397 
2038 3.25991659949182 
2039 3.47898090427568 
2040 3.3731993964992 
2041 3.4865480451623 
2042 3.3459519249506995 
2043 3.79211769268382 
2044 3.42564366075094 
2045 3.91777111726986 
2046 3.4737996082861597 
2047 3.9683904179201797 
2048 3.57632184919346 
2049 4.0036463376797595 
2050 3.5474409299219 
2051 4.0688880268349 
2052 3.7566713165170595 
2053 4.08925082577848 
2054 3.88565268570728 
2055 4.175714680235339 
2056 3.8252270060438804 
2057 4.2114556010456194 
2058 3.86011271026232 
2059 4.00945577996498 
2060 3.69476714108196 
2061 3.9415598985545204 
2062 3.61249332239404 
2063 3.9294118022419 
2064 3.6340397973597596 
2065 3.9379926225688004 
2066 3.7047970654719995 
2067 3.9862782404067 
2068 3.77996010128856 
2069 3.93766014491258 
2070 3.7196743677319395 
2071 3.9498082412252002 
2072 3.58977974734752 
2073 3.8725830937176 
2074 3.5108779430190404 
2075 3.74482883531266 
2076 3.41110167487408 
2077 3.58396319064922 
2078 3.3284517453750198 
2079 3.30466144084956 
2080 3.4044299292716196 
2081 3.30785514428056 
2082 3.4110977148450603 
2083 3.5893236059282203 
2084 3.60105651635378 
2085 3.5913087210195203 
2086 3.5890486463786204 
2087 3.8744110560562803 
2088 3.4554175190781797 
2089 3.8252116615082 
2090 3.42264043285694 
2091 3.81757032480404 
2092 3.2753911073443 
2093 3.98730113852292 
2094 3.4048180092961404 
2095 3.9575836083028797 
2096 3.3970876843746405 
2097 3.9060009467114805 
2098 3.2974585519607205 
2099 3.7373671262639805 
2100 3.3884272088388 
2101 3.6082978873913 
2102 3.38243164342342 
2103 3.33827087030498 
2104 3.5352940911335997 
2105 3.35352429395762 
2106 3.6127923346719397 
2107 3.5297994511092803 
2108 3.55889393205726 
2109 3.65125291866552 
2110 3.6219248990784 
2111 3.9471968807347997 
2112 3.5294810585807603 
2113 3.91989183096196 
2114 3.5548361200681597 
2115 3.91989183096196 
2116 3.6650151913174 
2117 3.8004838052115 
2118 3.5511535746445198 
2119 3.70253030672228 
2120 3.4887237782496796 
2121 3.74165917542902 
2122 3.4622537524829604 
2123 3.74165917542902 
2124 3.31136578582642 
2125 3.69379209550796 
2126 3.2797907801202 
2127 3.5080477373709003 
2128 3.4494377355338 
2129 3.41164220255324 
2130 3.40477942973384 
2131 3.41164220255324 
2132 3.51382095976128 
2133 3.61349957830422 
2134 3.6412134560187197 
2135 3.8571754944039 
2136 3.6899122374760998 
2137 4.05520514495056 
2138 3.7991757926641 
2139 3.95618256512612 
2140 3.8354577371475003 
2141 3.78518670955918 
2142 3.7057110836336795 
2143 3.6483461946856997 
2144 3.5823610957500795 
2145 3.67617533006624 
2146 3.6843934313355198 
2147 3.6240252756757 
2148 3.54075240767114 
2149 3.6195819954379997 
2150 3.50171883607688 
2151 3.50803203026562 
2152 3.5159586894323 
2153 3.3853881995685597 
2154 3.376025850282 
2155 3.53656083378356 
2156 3.4747268284884596 
2157 3.5389753706923797 
2158 3.4360580217815198 
2159 3.5492151081346996 
2160 3.3536544875262004 
2161 3.4829096114160203 
2162 3.30449243845734 
2163 3.31413957426754 
2164 3.28604282678996 
2165 3.23786181641116 
2166 3.2860721873895797 
2167 3.21470259966902 
2168 3.3442003092335804 
2169 3.17691275878496 
2170 3.3588931374579998 
2171 3.19765336692634 
2172 3.27875075365628 
2173 3.31125563757832 
2174 3.2965346369587003 
2175 3.3194071723196403 
2176 3.35108864488896 
2177 3.4053471116515803 
2178 3.41520556332434 
2179 3.4626364002307 
2180 3.4835341079943 
2181 3.5030730610661003 
2182 3.5556349270951797 
2183 3.796253426197 
2184 3.53914402968906 
2185 3.7691970188135597 
2186 3.55688597510144 
2187 3.68392837287818 
2188 3.42465243361086 
2189 3.6271755541990798 
2190 3.4855343727752803 
2191 3.5424003940485798 
2192 3.5097320813383597 
2193 3.6015132978669397 
2194 3.5620511140482 
2195 3.65601051580918 
2196 3.65829212113698 
2197 3.77959961838802 
2198 3.6570200171579 
2199 3.75047628652984 
2200 3.65993244523686 
2201 3.86031397317604 
2202 3.7284677237828396 
2203 3.86550739271118 
2204 3.7118775327469202 
2205 3.81025612957288 
2206 3.69188512583088 
2207 3.88518418981212 
2208 3.68941738844088 
2209 3.7167882093899998 
2210 3.51856792577124 
2211 3.8487387980645202 
2212 3.36410051455274 
2213 3.76470853343026 
2214 3.27816755107252 
2215 3.4905670111433205 
2216 3.2561522083446 
2217 3.54084665242826 
2218 3.2289809808622203 
2219 3.1226071808878197 
2220 3.14039260667922 
2221 3.0515595849744797 
2222 3.19315330372144 
2223 2.8686517984731 
2224 3.08763844503956 
2225 2.80751593483006 
2226 3.0107174139126203 
2227 2.88156522005964 
2228 3.11013809761374 
2229 2.96129669699942 
2230 3.08227042837408 
2231 3.0250874880186602 
2232 3.20800954044594 
2233 3.12050357088088 
2234 3.4967144763758 
2235 3.19007882218872 
2236 3.59942261122064 
2237 3.2395750970143 
2238 3.6122645272450002 
2239 3.3992251420219 
2240 3.5629458137584997 
2241 3.47462719593234 
2242 3.44465754638302 
2243 3.4815612852423796 
2244 3.4184568491978404 
2245 3.38535429073832 
2246 3.4234838768594997 
2247 3.42555474095404 
2248 3.57763872693204 
2249 3.2668448967016 
2250 3.46647618584512 
2251 3.3621948027003397 
2252 3.60291078995972 
2253 3.43260272292292 
2254 3.6626981107678 
2255 3.4545125622983 
2256 3.63611080385878 
2257 3.6340960329954797 
2258 3.6998439421123 
2259 3.5252715315281598 
2260 3.7638877158789 
2261 3.3603969560876203 
2262 3.62475076018096 
2263 3.34707372490534 
2264 3.7640959821152995 
2265 3.47024714572646 
2266 3.8049323171371396 
2267 3.618482739094 
2268 3.8049323171371396 
2269 3.8039533856408 
2270 3.9044095915220196 
2271 3.7954201663580798 
2272 3.52069181994298 
2273 3.6230490586259796 
2274 3.4646660364438397 
2275 3.7403364666314802 
2276 3.4646660364438397 
2277 3.65395818677136 
2278 3.3638843961836598 
2279 3.47324812797836 
2280 3.4900390602069997 
2281 3.33652931745448 
2282 3.3671376228588796 
2283 3.26628335869718 
2284 3.18881680508488 
2285 3.4033062295894196 
2286 3.26010854857608 
2287 3.52837680460202 
2288 3.3167230284270195 
2289 3.64922546259488 
2290 3.38855266991488 
2291 3.3532769400053803 
2292 3.47192247561708 
2293 3.26396949907704 
2294 3.41438173604696 
2295 3.43480172449188 
2296 3.43480172449188 
2297 3.43480172449188 
2298 3.43480172449188 
2299 3.3445097754320203 
2300 3.66290202812774 
2301 3.26531578882686 
2302 3.8506963623117003 
2303 3.2636267136100003 
2304 3.86567878329208 
2305 3.48282146161594 
2306 3.95560694661976 
2307 3.63518447505398 
2308 3.8380874144009196 
2309 3.6917931394131203 
2310 3.7677404879034 
2311 3.7794813369240003 
2312 3.861785011388 
2313 3.6831726479004603 
2314 3.65471878084484 
2315 3.57759865877194 
2316 3.6423148140808204 
2317 3.54072344012366 
2318 3.76936911674854 
2319 3.6766198230731595 
2320 3.8398219404848803 
2321 3.7057088632109 
2322 4.04391697834126 
2323 3.69073421935682 
2324 4.16692801062956 
2325 3.7018721620892796 
2326 4.1236080294086 
2327 3.71022186329542 
2328 4.151127003663 
2329 3.6069035582816 
2330 3.90962810972774 
2331 3.65519816999822 
2332 3.82862112393558 
2333 3.7390086443841803 
2334 3.8478180607736805 
2335 3.7390086443841803 
2336 3.8941840533974004 
2337 3.8486379669789996 
2338 4.146986990606 
2339 3.86210546362 
2340 3.99555190427646 
2341 3.8956644833192597 
2342 3.99555190427646 
2343 3.82631676390236 
2344 3.96369964583114 
2345 3.75103620866642 
2346 3.88239806667614 
2347 3.6265744524024797 
2348 4.076451534971261 
2349 3.61601908894556 
2350 3.8355019857398 
2351 3.59686444889916 
2352 3.7925068826332202 
2353 3.67376000690548 
2354 3.87049845994576 
2355 3.79636588536314 
2356 3.82767883078926 
2357 3.6284431148046403 
2358 4.06862838002072 
2359 3.71694547426792 
2360 4.0816875402208 
2361 3.68039342588308 
2362 3.97262048501106 
2363 3.62793654134508 
2364 4.1582794831472 
2365 3.78434203485228 
2366 4.05351745203896 
2367 3.78434203485228 
2368 4.0908189790481995 
2369 4.0367380779493205 
2370 4.09358017634688 
2371 4.1908023515026205 
2372 4.05669606260578 
2373 4.2574047044304 
2374 4.161458093714041 
2375 4.2574047044304 
2376 4.08947233314458 
2377 3.91314472557088 
2378 3.83563061944664 
2379 3.72587960574698 
2380 3.9280467859863797 
2381 3.5404478608739405 
2382 3.5791037689678804 
2383 3.38429180139766 
2384 3.5369821194526603 
2385 3.40006879056086 
2386 3.5501422163359004 
2387 3.47469157356864 
2388 3.5501422163359004 
2389 3.3541500020625796 
2390 3.7308327929547196 
2391 3.51030606153886 
2392 3.6351124978035 
2393 3.5386318872809803 
2394 3.6429113888333 
2395 3.56880331332448 
2396 3.6429113888333 
2397 3.6786214331026 
2398 3.81116382923298 
2399 3.4113770845164195 
2400 3.8451678070124204 
2401 3.47976591713554 
2402 3.93191487486682 
2403 3.6528051535160797 
2404 3.7154469863044803 
2405 3.81404909687348 
2406 3.3930533397606197 
2407 4.08129344545968 
2408 3.4482840945395 
2409 4.04837529655876 
2410 3.49134718290816 
2411 3.8804438920348403 
2412 3.6028431092955997 
2413 3.77734804085486 
2414 3.70984120066988 
2415 3.77734804085486 
2416 3.7909521993506 
2417 3.7706224046883596 
2418 3.83022426109372 
2419 3.75724602039528 
2420 3.5633686576314405 
2421 3.81213226649884 
2422 3.4336196622947397 
2423 3.65805639683172 
2424 3.3269950760787403 
2425 3.5742138900235405 
2426 3.2528973397053798 
2427 3.503311474462 
2428 3.15659859264054 
2429 3.39443342035054 
2430 3.5017431431468196 
2431 3.18639420538512 
2432 3.43155034721892 
2433 3.2283414817193403 
2434 3.28632975504454 
2435 3.1726803050753802 
2436 3.71472323745776 
2437 3.3412330267634 
2438 3.7173046003194004 
2439 3.27070373814536 
2440 3.79473286000238 
2441 3.35442438307426 
2442 4.18387169507718 
2443 3.60130482037374 
2444 4.15915655162562 
2445 3.5164766931196803 
2446 4.15130006401356 
2447 3.6797701809735797 
2448 4.33848389505278 
2449 3.7449593802703 
2450 4.3403780726914 
2451 3.7140819234435396 
2452 4.32122355928772 
2453 3.62519829118774 
2454 4.08720304136016 
2455 3.6417406851843195 
2456 4.158710188613879 
2457 3.5743297583416798 
2458 3.94877018564684 
2459 3.44141557535126 
2460 4.00903601834466 
2461 3.4219990311611 
2462 4.23339605254126 
2463 3.3169004465741203 
2464 4.08743124227242 
2465 3.28772236412332 
2466 4.100305203462 
2467 3.5453254024864203 
2468 3.9506355824079598 
2469 3.59978847807914 
2470 3.9908964701103002 
2471 3.79436789781686 
2472 3.89388036826524 
2473 3.83045924752932 
2474 3.9060600042879003 
2475 3.6861973050852797 
2476 3.8950183866423203 
2477 3.7144714127365397 
2478 3.8502509355315198 
2479 3.8777990689859 
2480 3.881483022756 
2481 3.86640047687046 
2482 3.94591039535072 
2483 3.93584528783854 
2484 3.8486609859980803 
2485 3.84665227868008 
2486 4.03270887914394 
2487 3.84665227868008 
2488 4.04522927623428 
2489 3.7963747007303397 
2490 4.06688645132854 
2491 3.7324733341358196 
2492 3.99611050777416 
2493 3.70360488226424 
2494 3.99108267346372 
2495 3.70360488226424 
2496 4.02995117823884 
2497 3.85955452283356 
2498 4.12714471786878 
2499 3.9400978787481202 
2500 3.84387427592224 
2501 4.144131755848 
2502 3.82125267856974 
2503 4.03296668960386 
2504 3.69566816987394 
2505 4.15403774849462 
2506 3.5309675048652 
2507 3.97001471030388 
2508 3.8850138903661 
2509 3.73379209974276 
2510 3.7856553397925197 
2511 3.7193691628657803 
2512 3.7554194891170196 
2513 3.7193691628657803 
2514 3.9201201541257604 
2515 4.0868308669623605 
2516 3.7865400940275 
2517 4.15910432799346 
2518 3.7808014381469803 
2519 3.98517170002716 
2520 3.7848425885805197 
2521 3.9892967179735797 
2522 3.7041494156395403 
2523 3.81054639564982 
2524 3.67920786094128 
2525 3.78139389129232 
2526 3.64786181254184 
2527 4.0827739248871 
2528 3.7858483934639997 
2529 3.93132282631444 
2530 3.8921255173433202 
2531 3.9423071696745 
2532 3.86440532700378 
2533 3.78631549240324 
2534 3.84567956790598 
2535 3.47779061411738 
2536 3.8487214596958403 
2537 3.51617616148098 
2538 3.73294303008906 
2539 3.39603555598388 
2540 3.9191848352251397 
2541 3.4003827503615596 
2542 3.83251236459326 
2543 3.3562169905307995 
2544 3.7245407538405404 
2545 3.1970774400059403 
2546 3.81473523250898 
2547 3.3277435693426 
2548 3.5701884673564996 
2549 3.2342111277985 
2550 3.51697059587098 
2551 3.3637431939512803 
2552 3.6956166496270795 
2553 3.1582168241921402 
2554 3.30574399425504 
2555 3.03949943396806 
2556 3.5502907594075195 
2557 2.98552785140188 
2558 3.86931444809892 
2559 2.89857900511914 
2560 3.86655585216092 
2561 3.1080845895356797 
2562 4.0044187589189795 
2563 3.2292476803851202 
2564 3.9388188856390998 
2565 3.45432810767662 
2566 3.8173831562601004 
2567 3.4977391817448202 
2568 3.79275948977336 
2569 3.51160503362644 
2570 4.044769238387341 
2571 3.57477986908066 
2572 3.7585748033022597 
2573 3.5363419338947204 
2574 3.8735640145415404 
2575 3.55822688817548 
2576 3.74328750648438 
2577 3.41818327962232 
2578 3.4299686556701197 
2579 3.18350646521688 
2580 3.3711274943659397 
2581 3.22522285717352 
2582 3.3706754903460996 
2583 3.17861462418988 
2584 3.4145020818880396 
2585 3.14530276598158 
2586 3.4037269654300197 
2587 3.06394923456772 
2588 3.79978840696552 
2589 2.9537847799584 
2590 3.63715693283536 
2591 2.79388941919848 
2592 3.5049715947311197 
2593 2.91073592995312 
2594 3.6101288568966603 
2595 3.2644060145058 
2596 3.54553635236408 
2597 3.22116683359026 
2598 3.6200582398731598 
2599 3.25104044708756 
2600 3.6334015899214798 
2601 3.26722187687018 
2602 3.7691370167162397 
2603 3.06296844043096 
2604 3.86917003757004 
2605 3.20880917409868 
2606 3.75302120023188 
2607 3.2535449665265803 
2608 3.8118669968904597 
2609 3.18302297241214 
2610 3.76442019860418 
2611 3.22039215557414 
2612 3.7478163424321203 
2613 3.94204243479784 
