0 1.5 
1 16.5 
2 1.5 
3 16.5 
4 1.5 
5 16.5 
6 1.5 
7 16.5 
8 1.5 
9 16.5 
10 16.5 
11 16.5 
12 16.5 
13 16.5 
14 16.5 
15 16.5 
16 16.5 
17 16.5 
18 3.5 
19 16.5 
20 1.5 
21 16.5 
22 3.5 
23 16.5 
24 3.5 
25 16.5 
26 3.5 
27 16.5 
28 3.5 
29 16.5 
30 3.5 
31 16.5 
32 18.5 
33 16.5 
34 18.5 
35 16.5 
36 18.5 
37 16.5 
38 18.5 
39 16.5 
40 3.5 
41 16.5 
42 3.5 
43 16.5 
44 3.5 
45 16.5 
46 18.5 
47 16.5 
48 18.5 
49 15.5 
50 18.5 
51 15.5 
52 16.5 
53 15.5 
54 1.5 
55 16.5 
56 3.5 
57 16.5 
58 3.5 
59 16.5 
60 3.5 
61 16.5 
62 3.5 
63 18.5 
64 1.5 
65 3.5 
66 3.5 
67 18.5 
68 3.5 
69 18.5 
70 18.5 
71 18.5 
72 18.5 
73 18.5 
74 18.5 
75 18.5 
76 18.5 
77 18.5 
78 3.5 
79 18.5 
80 18.5 
81 18.5 
82 18.5 
83 18.5 
84 16.5 
85 18.5 
86 16.5 
87 18.5 
88 16.5 
89 18.5 
90 16.5 
91 18.5 
92 16.5 
93 18.5 
94 18.5 
95 16.5 
96 18.5 
97 16.5 
98 16.5 
99 16.5 
100 16.5 
101 16.5 
102 18.5 
103 16.5 
104 18.5 
105 16.5 
106 16.5 
107 16.5 
108 18.5 
109 16.5 
110 18.5 
111 16.5 
112 18.5 
113 16.5 
114 16.5 
115 1.5 
116 16.5 
117 3.5 
118 18.5 
119 3.5 
120 18.5 
121 3.5 
122 18.5 
123 3.5 
124 18.5 
125 3.5 
126 18.5 
127 3.5 
128 18.5 
129 3.5 
130 18.5 
131 3.5 
132 16.5 
133 3.5 
134 16.5 
135 3.5 
136 16.5 
137 3.5 
138 16.5 
139 3.5 
140 15.5 
141 3.5 
142 15.5 
143 3.5 
144 16.5 
145 3.5 
146 16.5 
147 3.5 
148 16.5 
149 3.5 
150 18.5 
151 3.5 
152 18.5 
153 1.5 
154 18.5 
155 1.5 
156 18.5 
157 1.5 
158 18.5 
159 1.5 
160 18.5 
161 15.5 
162 18.5 
163 15.5 
164 18.5 
165 16.5 
166 18.5 
167 18.5 
168 16.5 
169 3.5 
170 16.5 
171 3.5 
172 16.5 
173 1.5 
174 16.5 
175 16.5 
176 16.5 
177 16.5 
178 16.5 
179 16.5 
180 16.5 
181 18.5 
182 16.5 
183 3.5 
184 16.5 
185 3.5 
186 16.5 
187 3.5 
188 18.5 
189 3.5 
190 3.5 
191 3.5 
192 18.5 
193 3.5 
194 18.5 
195 3.5 
196 18.5 
197 1.5 
198 18.5 
199 1.5 
200 18.5 
201 3.5 
202 16.5 
203 3.5 
204 18.5 
205 18.5 
206 18.5 
207 18.5 
208 3.5 
209 18.5 
210 3.5 
211 18.5 
212 3.5 
213 18.5 
214 18.5 
215 18.5 
216 18.5 
217 18.5 
218 18.5 
219 18.5 
220 16.5 
221 3.5 
222 3.5 
223 3.5 
224 3.5 
225 1.5 
226 3.5 
227 3.5 
228 1.5 
229 18.5 
230 3.5 
231 16.5 
232 3.5 
233 16.5 
234 3.5 
235 16.5 
236 3.5 
237 16.5 
238 3.5 
239 16.5 
240 1.5 
241 16.5 
242 16.5 
243 16.5 
244 16.5 
245 18.5 
246 16.5 
247 3.5 
248 16.5 
249 3.5 
250 16.5 
251 3.5 
252 18.5 
253 3.5 
254 18.5 
255 3.5 
256 18.5 
257 18.5 
258 18.5 
259 16.5 
260 18.5 
261 16.5 
262 18.5 
263 16.5 
264 16.5 
265 18.5 
266 16.5 
267 18.5 
268 16.5 
269 18.5 
270 1.5 
271 3.5 
272 1.5 
273 18.5 
274 16.5 
275 18.5 
276 16.5 
277 18.5 
278 16.5 
279 18.5 
280 16.5 
281 18.5 
282 16.5 
283 3.5 
284 1.5 
285 1.5 
286 16.5 
287 1.5 
288 16.5 
289 3.5 
290 16.5 
291 3.5 
292 16.5 
293 3.5 
294 16.5 
295 3.5 
296 16.5 
297 18.5 
298 16.5 
299 18.5 
300 16.5 
301 16.5 
302 16.5 
303 16.5 
304 16.5 
305 16.5 
306 16.5 
307 16.5 
308 16.5 
309 16.5 
310 16.5 
311 16.5 
312 16.5 
313 1.5 
314 16.5 
315 16.5 
316 16.5 
317 16.5 
318 18.5 
319 16.5 
320 16.5 
321 16.5 
322 16.5 
323 16.5 
324 18.5 
325 16.5 
326 16.5 
327 16.5 
328 16.5 
329 16.5 
330 16.5 
331 16.5 
332 18.5 
333 16.5 
334 18.5 
335 16.5 
336 18.5 
337 18.5 
338 18.5 
339 3.5 
340 18.5 
341 3.5 
342 16.5 
343 16.5 
344 18.5 
345 18.5 
346 18.5 
347 18.5 
348 18.5 
349 16.5 
350 18.5 
351 1.5 
352 18.5 
353 16.5 
354 18.5 
355 16.5 
356 18.5 
357 15.5 
358 18.5 
359 15.5 
360 18.5 
361 15.5 
362 18.5 
363 16.5 
364 18.5 
365 3.5 
366 18.5 
367 3.5 
368 18.5 
369 18.5 
370 18.5 
371 18.5 
372 16.5 
373 18.5 
374 16.5 
375 16.5 
376 16.5 
377 3.5 
378 16.5 
379 3.5 
380 16.5 
381 3.5 
382 16.5 
383 3.5 
384 16.5 
385 1.5 
386 16.5 
387 1.5 
388 16.5 
389 1.5 
390 16.5 
391 1.5 
392 16.5 
393 1.5 
394 16.5 
395 1.5 
396 18.5 
397 16.5 
398 18.5 
399 16.5 
400 18.5 
401 16.5 
402 18.5 
403 16.5 
404 18.5 
405 16.5 
406 18.5 
407 1.5 
408 18.5 
409 1.5 
410 18.5 
411 1.5 
412 18.5 
413 1.5 
414 18.5 
415 1.5 
416 18.5 
417 1.5 
418 18.5 
419 1.5 
420 18.5 
421 1.5 
422 18.5 
423 1.5 
424 18.5 
425 3.5 
426 18.5 
427 3.5 
428 18.5 
429 3.5 
430 18.5 
431 3.5 
432 18.5 
433 16.5 
434 18.5 
435 18.5 
436 16.5 
437 18.5 
438 16.5 
439 18.5 
440 16.5 
441 18.5 
442 16.5 
443 18.5 
444 18.5 
445 18.5 
446 18.5 
447 18.5 
448 16.5 
449 18.5 
450 16.5 
451 18.5 
452 16.5 
453 18.5 
454 18.5 
455 18.5 
456 18.5 
457 18.5 
458 18.5 
459 18.5 
460 18.5 
461 18.5 
462 18.5 
463 18.5 
464 18.5 
465 18.5 
466 18.5 
467 18.5 
468 18.5 
469 18.5 
470 18.5 
471 18.5 
472 18.5 
473 18.5 
474 18.5 
475 18.5 
476 18.5 
477 18.5 
478 18.5 
479 18.5 
480 18.5 
481 16.5 
482 18.5 
483 16.5 
484 18.5 
485 16.5 
486 18.5 
487 16.5 
488 18.5 
489 18.5 
490 18.5 
491 18.5 
492 18.5 
493 18.5 
494 18.5 
495 18.5 
496 18.5 
497 16.5 
498 18.5 
499 16.5 
500 18.5 
501 16.5 
502 18.5 
503 16.5 
504 16.5 
505 16.5 
506 16.5 
507 16.5 
508 16.5 
509 16.5 
510 16.5 
511 16.5 
512 16.5 
513 16.5 
514 16.5 
515 1.5 
516 16.5 
517 1.5 
518 16.5 
519 16.5 
520 16.5 
521 16.5 
522 16.5 
523 16.5 
524 16.5 
525 16.5 
526 16.5 
527 16.5 
528 18.5 
529 16.5 
530 18.5 
531 16.5 
532 18.5 
533 16.5 
534 18.5 
535 1.5 
536 18.5 
537 1.5 
538 18.5 
539 3.5 
540 18.5 
541 3.5 
542 18.5 
543 3.5 
544 18.5 
545 3.5 
546 18.5 
547 3.5 
548 18.5 
549 3.5 
550 18.5 
551 18.5 
552 18.5 
553 18.5 
554 18.5 
555 18.5 
556 18.5 
557 18.5 
558 16.5 
559 3.5 
560 16.5 
561 3.5 
562 16.5 
563 3.5 
564 16.5 
565 3.5 
566 16.5 
567 3.5 
568 16.5 
569 3.5 
570 18.5 
571 18.5 
572 18.5 
573 18.5 
574 18.5 
575 18.5 
576 18.5 
577 18.5 
578 16.5 
579 18.5 
580 16.5 
581 18.5 
582 16.5 
583 18.5 
584 16.5 
585 18.5 
586 16.5 
587 18.5 
588 16.5 
589 18.5 
590 16.5 
591 18.5 
592 16.5 
593 18.5 
594 16.5 
595 18.5 
596 16.5 
597 18.5 
598 16.5 
599 18.5 
600 16.5 
601 18.5 
602 16.5 
603 3.5 
604 16.5 
605 3.5 
606 16.5 
607 18.5 
608 16.5 
609 18.5 
610 18.5 
611 16.5 
612 18.5 
613 16.5 
614 18.5 
615 16.5 
616 18.5 
617 16.5 
618 16.5 
619 16.5 
620 16.5 
621 16.5 
622 18.5 
623 16.5 
624 18.5 
625 1.5 
626 18.5 
627 16.5 
628 18.5 
629 18.5 
630 18.5 
631 18.5 
632 18.5 
633 18.5 
634 18.5 
635 3.5 
636 18.5 
637 3.5 
638 18.5 
639 18.5 
640 3.5 
641 18.5 
642 18.5 
643 18.5 
644 18.5 
645 18.5 
646 16.5 
647 18.5 
648 16.5 
649 16.5 
650 16.5 
651 16.5 
652 16.5 
653 16.5 
654 16.5 
655 3.5 
656 16.5 
657 3.5 
658 16.5 
659 3.5 
660 16.5 
661 3.5 
662 16.5 
663 3.5 
664 16.5 
665 3.5 
666 16.5 
667 18.5 
668 16.5 
669 18.5 
670 16.5 
671 16.5 
672 16.5 
673 16.5 
674 16.5 
675 16.5 
676 3.5 
677 16.5 
678 3.5 
679 3.5 
680 18.5 
681 3.5 
682 18.5 
683 3.5 
684 16.5 
685 3.5 
686 16.5 
687 3.5 
688 16.5 
689 3.5 
690 16.5 
691 18.5 
692 16.5 
693 18.5 
694 16.5 
695 16.5 
696 15.5 
697 16.5 
698 15.5 
699 16.5 
700 15.5 
701 16.5 
702 15.5 
703 16.5 
704 15.5 
705 18.5 
706 15.5 
707 18.5 
708 15.5 
709 16.5 
710 15.5 
711 16.5 
712 15.5 
713 16.5 
714 15.5 
715 15.5 
716 15.5 
717 16.5 
718 15.5 
719 16.5 
720 16.5 
721 1.5 
722 18.5 
723 3.5 
724 18.5 
725 18.5 
726 3.5 
727 16.5 
728 3.5 
729 16.5 
730 3.5 
731 16.5 
732 16.5 
733 1.5 
734 16.5 
735 3.5 
736 16.5 
737 3.5 
738 16.5 
739 3.5 
740 16.5 
741 3.5 
742 16.5 
743 3.5 
744 16.5 
745 3.5 
746 16.5 
747 3.5 
748 3.5 
749 3.5 
750 3.5 
751 3.5 
752 3.5 
753 3.5 
754 3.5 
755 18.5 
756 3.5 
757 18.5 
758 3.5 
759 18.5 
760 18.5 
761 18.5 
762 18.5 
763 3.5 
764 18.5 
765 18.5 
766 18.5 
767 18.5 
768 3.5 
769 16.5 
770 3.5 
771 16.5 
772 16.5 
773 18.5 
774 16.5 
775 18.5 
776 15.5 
777 3.5 
778 16.5 
779 3.5 
780 3.5 
781 3.5 
782 3.5 
783 3.5 
784 3.5 
785 1.5 
786 3.5 
787 1.5 
788 1.5 
789 1.5 
790 1.5 
791 16.5 
792 1.5 
793 18.5 
794 1.5 
795 16.5 
796 1.5 
797 16.5 
798 1.5 
799 16.5 
800 1.5 
801 16.5 
802 3.5 
803 16.5 
804 3.5 
805 16.5 
806 3.5 
807 16.5 
808 3.5 
809 16.5 
810 3.5 
811 16.5 
812 3.5 
813 16.5 
814 3.5 
815 16.5 
816 18.5 
817 16.5 
818 16.5 
819 16.5 
820 16.5 
821 16.5 
822 16.5 
823 16.5 
824 16.5 
825 18.5 
826 16.5 
827 16.5 
828 16.5 
829 18.5 
830 16.5 
831 18.5 
832 3.5 
833 18.5 
834 3.5 
835 18.5 
836 3.5 
837 18.5 
838 3.5 
839 18.5 
840 3.5 
841 18.5 
842 3.5 
843 18.5 
844 16.5 
845 18.5 
846 16.5 
847 18.5 
848 16.5 
849 18.5 
850 16.5 
851 18.5 
852 1.5 
853 18.5 
854 1.5 
855 18.5 
856 3.5 
857 18.5 
858 3.5 
859 18.5 
860 3.5 
861 18.5 
862 3.5 
863 18.5 
864 3.5 
865 18.5 
866 3.5 
867 16.5 
868 3.5 
869 16.5 
870 3.5 
871 1.5 
872 16.5 
873 3.5 
874 16.5 
875 18.5 
876 16.5 
877 18.5 
878 16.5 
879 18.5 
880 3.5 
881 18.5 
882 3.5 
883 3.5 
884 18.5 
885 3.5 
886 18.5 
887 3.5 
888 18.5 
889 3.5 
890 18.5 
891 3.5 
892 3.5 
893 3.5 
894 3.5 
895 18.5 
896 3.5 
897 18.5 
898 3.5 
899 18.5 
900 3.5 
901 18.5 
902 3.5 
903 18.5 
904 3.5 
905 18.5 
906 3.5 
907 18.5 
908 3.5 
909 18.5 
910 3.5 
911 18.5 
912 3.5 
913 18.5 
914 18.5 
915 18.5 
916 18.5 
917 18.5 
918 18.5 
919 18.5 
920 18.5 
921 18.5 
922 3.5 
923 18.5 
924 3.5 
925 18.5 
926 1.5 
927 18.5 
928 1.5 
929 18.5 
930 3.5 
931 18.5 
932 18.5 
933 16.5 
934 18.5 
935 16.5 
936 18.5 
937 16.5 
938 18.5 
939 16.5 
940 18.5 
941 16.5 
942 18.5 
943 16.5 
944 18.5 
945 18.5 
946 16.5 
947 18.5 
948 16.5 
949 18.5 
950 16.5 
951 18.5 
952 16.5 
953 18.5 
954 16.5 
955 18.5 
956 16.5 
957 18.5 
958 18.5 
959 18.5 
960 18.5 
961 18.5 
962 16.5 
963 18.5 
964 16.5 
965 18.5 
966 16.5 
967 18.5 
968 16.5 
969 18.5 
970 16.5 
971 18.5 
972 16.5 
973 18.5 
974 16.5 
975 18.5 
976 16.5 
977 18.5 
978 16.5 
979 16.5 
980 16.5 
981 16.5 
982 16.5 
983 16.5 
984 16.5 
985 16.5 
986 18.5 
987 16.5 
988 18.5 
989 16.5 
990 18.5 
991 16.5 
992 18.5 
993 16.5 
994 18.5 
995 16.5 
996 18.5 
997 16.5 
998 18.5 
999 18.5 
1000 18.5 
1001 18.5 
1002 18.5 
1003 18.5 
1004 18.5 
1005 18.5 
1006 18.5 
1007 16.5 
1008 18.5 
1009 18.5 
1010 18.5 
1011 16.5 
1012 16.5 
1013 16.5 
1014 16.5 
1015 16.5 
1016 16.5 
1017 18.5 
1018 16.5 
1019 18.5 
1020 16.5 
1021 18.5 
1022 16.5 
1023 18.5 
1024 16.5 
1025 18.5 
1026 16.5 
1027 18.5 
1028 16.5 
1029 18.5 
1030 16.5 
1031 16.5 
1032 16.5 
1033 16.5 
1034 16.5 
1035 16.5 
1036 16.5 
1037 16.5 
1038 16.5 
1039 16.5 
1040 16.5 
1041 16.5 
1042 18.5 
1043 16.5 
1044 18.5 
1045 16.5 
1046 18.5 
1047 16.5 
1048 18.5 
1049 16.5 
1050 18.5 
1051 16.5 
1052 18.5 
1053 16.5 
1054 18.5 
1055 16.5 
1056 18.5 
1057 16.5 
1058 18.5 
1059 16.5 
1060 18.5 
1061 16.5 
1062 18.5 
1063 18.5 
1064 18.5 
1065 18.5 
1066 18.5 
1067 18.5 
1068 18.5 
1069 18.5 
1070 18.5 
1071 18.5 
1072 18.5 
1073 18.5 
1074 16.5 
1075 18.5 
1076 16.5 
1077 18.5 
1078 16.5 
1079 18.5 
1080 16.5 
1081 18.5 
1082 18.5 
1083 3.5 
1084 18.5 
1085 3.5 
1086 18.5 
1087 3.5 
1088 18.5 
1089 3.5 
1090 18.5 
1091 3.5 
1092 18.5 
1093 3.5 
1094 18.5 
1095 3.5 
1096 18.5 
1097 3.5 
1098 18.5 
1099 3.5 
1100 18.5 
1101 3.5 
1102 18.5 
1103 3.5 
1104 16.5 
1105 3.5 
1106 16.5 
1107 3.5 
1108 16.5 
1109 3.5 
1110 16.5 
1111 3.5 
1112 16.5 
1113 1.5 
1114 16.5 
1115 1.5 
1116 16.5 
1117 16.5 
1118 16.5 
1119 16.5 
1120 16.5 
1121 16.5 
1122 16.5 
1123 16.5 
1124 16.5 
1125 16.5 
1126 16.5 
1127 16.5 
1128 16.5 
1129 16.5 
1130 16.5 
1131 16.5 
1132 16.5 
1133 16.5 
1134 16.5 
1135 16.5 
1136 16.5 
1137 16.5 
1138 16.5 
1139 16.5 
1140 16.5 
1141 16.5 
1142 16.5 
1143 16.5 
1144 18.5 
1145 18.5 
1146 18.5 
1147 18.5 
1148 18.5 
1149 18.5 
1150 18.5 
1151 18.5 
1152 18.5 
1153 16.5 
1154 18.5 
1155 16.5 
1156 18.5 
1157 18.5 
1158 18.5 
1159 16.5 
1160 18.5 
1161 16.5 
1162 18.5 
1163 16.5 
1164 18.5 
1165 16.5 
1166 18.5 
1167 18.5 
1168 16.5 
1169 18.5 
1170 18.5 
1171 18.5 
1172 18.5 
1173 18.5 
1174 18.5 
1175 16.5 
1176 18.5 
1177 16.5 
1178 18.5 
1179 16.5 
1180 16.5 
1181 16.5 
1182 16.5 
1183 16.5 
1184 16.5 
1185 16.5 
1186 16.5 
1187 16.5 
1188 16.5 
1189 16.5 
1190 16.5 
1191 16.5 
1192 16.5 
1193 16.5 
1194 16.5 
1195 16.5 
1196 16.5 
1197 18.5 
1198 16.5 
1199 18.5 
1200 16.5 
1201 18.5 
1202 16.5 
1203 18.5 
1204 16.5 
1205 16.5 
1206 16.5 
1207 16.5 
1208 16.5 
1209 16.5 
1210 16.5 
1211 16.5 
1212 16.5 
1213 16.5 
1214 16.5 
1215 16.5 
1216 1.5 
1217 16.5 
1218 1.5 
1219 16.5 
1220 1.5 
1221 16.5 
1222 1.5 
1223 16.5 
1224 1.5 
1225 16.5 
1226 1.5 
1227 16.5 
1228 1.5 
1229 16.5 
1230 1.5 
1231 16.5 
1232 1.5 
1233 16.5 
1234 1.5 
1235 16.5 
1236 1.5 
1237 16.5 
1238 1.5 
1239 16.5 
1240 1.5 
1241 16.5 
1242 1.5 
1243 16.5 
1244 1.5 
1245 16.5 
1246 1.5 
1247 16.5 
1248 1.5 
1249 16.5 
1250 1.5 
1251 16.5 
1252 1.5 
1253 16.5 
1254 16.5 
1255 15.5 
1256 16.5 
1257 15.5 
1258 16.5 
1259 15.5 
1260 16.5 
1261 16.5 
1262 16.5 
1263 16.5 
1264 16.5 
1265 16.5 
1266 16.5 
1267 16.5 
1268 16.5 
1269 16.5 
1270 16.5 
1271 18.5 
1272 16.5 
1273 18.5 
1274 16.5 
1275 18.5 
1276 16.5 
1277 18.5 
1278 16.5 
1279 18.5 
1280 16.5 
1281 18.5 
1282 16.5 
1283 18.5 
1284 16.5 
1285 16.5 
1286 16.5 
1287 16.5 
1288 16.5 
1289 16.5 
1290 16.5 
1291 16.5 
1292 16.5 
1293 16.5 
1294 16.5 
1295 16.5 
1296 16.5 
1297 16.5 
1298 18.5 
1299 16.5 
1300 0.5 
1301 1.5 
1302 1.5 
1303 1.5 
1304 16.5 
1305 1.5 
1306 16.5 
1307 1.5 
1308 16.5 
1309 1.5 
1310 16.5 
1311 1.5 
1312 16.5 
1313 16.5 
1314 16.5 
1315 16.5 
1316 16.5 
1317 16.5 
1318 16.5 
1319 16.5 
1320 16.5 
1321 3.5 
1322 16.5 
1323 1.5 
1324 16.5 
1325 3.5 
1326 16.5 
1327 3.5 
1328 16.5 
1329 3.5 
1330 16.5 
1331 3.5 
1332 16.5 
1333 3.5 
1334 16.5 
1335 18.5 
1336 16.5 
1337 18.5 
1338 16.5 
1339 18.5 
1340 16.5 
1341 18.5 
1342 16.5 
1343 3.5 
1344 16.5 
1345 3.5 
1346 16.5 
1347 3.5 
1348 16.5 
1349 18.5 
1350 16.5 
1351 18.5 
1352 15.5 
1353 18.5 
1354 15.5 
1355 16.5 
1356 15.5 
1357 1.5 
1358 16.5 
1359 3.5 
1360 16.5 
1361 3.5 
1362 16.5 
1363 3.5 
1364 16.5 
1365 3.5 
1366 18.5 
1367 1.5 
1368 3.5 
1369 3.5 
1370 18.5 
1371 3.5 
1372 18.5 
1373 18.5 
1374 18.5 
1375 18.5 
1376 18.5 
1377 18.5 
1378 18.5 
1379 18.5 
1380 18.5 
1381 3.5 
1382 18.5 
1383 18.5 
1384 18.5 
1385 18.5 
1386 18.5 
1387 16.5 
1388 18.5 
1389 16.5 
1390 18.5 
1391 16.5 
1392 18.5 
1393 16.5 
1394 18.5 
1395 16.5 
1396 18.5 
1397 18.5 
1398 16.5 
1399 18.5 
1400 16.5 
1401 16.5 
1402 16.5 
1403 16.5 
1404 16.5 
1405 18.5 
1406 16.5 
1407 18.5 
1408 16.5 
1409 16.5 
1410 16.5 
1411 18.5 
1412 16.5 
1413 18.5 
1414 16.5 
1415 18.5 
1416 16.5 
1417 16.5 
1418 1.5 
1419 16.5 
1420 3.5 
1421 18.5 
1422 3.5 
1423 18.5 
1424 3.5 
1425 18.5 
1426 3.5 
1427 18.5 
1428 3.5 
1429 18.5 
1430 3.5 
1431 18.5 
1432 3.5 
1433 18.5 
1434 3.5 
1435 16.5 
1436 3.5 
1437 16.5 
1438 3.5 
1439 16.5 
1440 3.5 
1441 16.5 
1442 3.5 
1443 15.5 
1444 3.5 
1445 15.5 
1446 3.5 
1447 16.5 
1448 3.5 
1449 16.5 
1450 3.5 
1451 16.5 
1452 3.5 
1453 18.5 
1454 3.5 
1455 18.5 
1456 1.5 
1457 18.5 
1458 1.5 
1459 18.5 
1460 1.5 
1461 18.5 
1462 1.5 
1463 18.5 
1464 15.5 
1465 18.5 
1466 15.5 
1467 18.5 
1468 16.5 
1469 18.5 
1470 18.5 
1471 16.5 
1472 3.5 
1473 16.5 
1474 3.5 
1475 16.5 
1476 1.5 
1477 16.5 
1478 16.5 
1479 16.5 
1480 16.5 
1481 16.5 
1482 16.5 
1483 16.5 
1484 18.5 
1485 16.5 
1486 3.5 
1487 16.5 
1488 3.5 
1489 16.5 
1490 3.5 
1491 18.5 
1492 3.5 
1493 3.5 
1494 3.5 
1495 18.5 
1496 3.5 
1497 18.5 
1498 3.5 
1499 18.5 
1500 1.5 
1501 18.5 
1502 1.5 
1503 18.5 
1504 3.5 
1505 16.5 
1506 3.5 
1507 18.5 
1508 18.5 
1509 18.5 
1510 18.5 
1511 3.5 
1512 18.5 
1513 3.5 
1514 18.5 
1515 3.5 
1516 18.5 
1517 18.5 
1518 18.5 
1519 18.5 
1520 18.5 
1521 18.5 
1522 18.5 
1523 16.5 
1524 3.5 
1525 3.5 
1526 3.5 
1527 3.5 
1528 1.5 
1529 3.5 
1530 3.5 
1531 1.5 
1532 18.5 
1533 3.5 
1534 16.5 
1535 3.5 
1536 16.5 
1537 3.5 
1538 16.5 
1539 3.5 
1540 16.5 
1541 3.5 
1542 16.5 
1543 1.5 
1544 16.5 
1545 16.5 
1546 16.5 
1547 16.5 
1548 18.5 
1549 16.5 
1550 3.5 
1551 16.5 
1552 3.5 
1553 16.5 
1554 3.5 
1555 18.5 
1556 3.5 
1557 18.5 
1558 3.5 
1559 18.5 
1560 18.5 
1561 18.5 
1562 16.5 
1563 18.5 
1564 16.5 
1565 18.5 
1566 16.5 
1567 16.5 
1568 18.5 
1569 16.5 
1570 18.5 
1571 16.5 
1572 18.5 
1573 1.5 
1574 3.5 
1575 1.5 
1576 18.5 
1577 16.5 
1578 18.5 
1579 16.5 
1580 18.5 
1581 16.5 
1582 18.5 
1583 16.5 
1584 18.5 
1585 16.5 
1586 3.5 
1587 1.5 
1588 1.5 
1589 16.5 
1590 1.5 
1591 16.5 
1592 3.5 
1593 16.5 
1594 3.5 
1595 16.5 
1596 3.5 
1597 16.5 
1598 3.5 
1599 16.5 
1600 18.5 
1601 16.5 
1602 18.5 
1603 16.5 
1604 16.5 
1605 16.5 
1606 16.5 
1607 16.5 
1608 16.5 
1609 16.5 
1610 16.5 
1611 16.5 
1612 16.5 
1613 16.5 
1614 16.5 
1615 16.5 
1616 1.5 
1617 16.5 
1618 16.5 
1619 16.5 
1620 16.5 
1621 18.5 
1622 16.5 
1623 16.5 
1624 16.5 
1625 16.5 
1626 16.5 
1627 18.5 
1628 16.5 
1629 16.5 
1630 16.5 
1631 16.5 
1632 16.5 
1633 16.5 
1634 16.5 
1635 18.5 
1636 16.5 
1637 18.5 
1638 16.5 
1639 18.5 
1640 18.5 
1641 18.5 
1642 3.5 
1643 18.5 
1644 3.5 
1645 16.5 
1646 16.5 
1647 18.5 
1648 18.5 
1649 18.5 
1650 18.5 
1651 18.5 
1652 16.5 
1653 18.5 
1654 1.5 
1655 18.5 
1656 16.5 
1657 18.5 
1658 16.5 
1659 18.5 
1660 15.5 
1661 18.5 
1662 15.5 
1663 18.5 
1664 15.5 
1665 18.5 
1666 16.5 
1667 18.5 
1668 3.5 
1669 18.5 
1670 3.5 
1671 18.5 
1672 18.5 
1673 18.5 
1674 18.5 
1675 16.5 
1676 18.5 
1677 16.5 
1678 16.5 
1679 16.5 
1680 3.5 
1681 16.5 
1682 3.5 
1683 16.5 
1684 3.5 
1685 16.5 
1686 3.5 
1687 16.5 
1688 1.5 
1689 16.5 
1690 1.5 
1691 16.5 
1692 1.5 
1693 16.5 
1694 1.5 
1695 16.5 
1696 1.5 
1697 16.5 
1698 1.5 
1699 18.5 
1700 16.5 
1701 18.5 
1702 16.5 
1703 18.5 
1704 16.5 
1705 18.5 
1706 16.5 
1707 18.5 
1708 16.5 
1709 18.5 
1710 1.5 
1711 18.5 
1712 1.5 
1713 18.5 
1714 1.5 
1715 18.5 
1716 1.5 
1717 18.5 
1718 1.5 
1719 18.5 
1720 1.5 
1721 18.5 
1722 1.5 
1723 18.5 
1724 1.5 
1725 18.5 
1726 1.5 
1727 18.5 
1728 3.5 
1729 18.5 
1730 3.5 
1731 18.5 
1732 3.5 
1733 18.5 
1734 3.5 
1735 18.5 
1736 16.5 
1737 18.5 
1738 18.5 
1739 16.5 
1740 18.5 
1741 16.5 
1742 18.5 
1743 16.5 
1744 18.5 
1745 16.5 
1746 18.5 
1747 18.5 
1748 18.5 
1749 18.5 
1750 18.5 
1751 16.5 
1752 18.5 
1753 16.5 
1754 18.5 
1755 16.5 
1756 18.5 
1757 18.5 
1758 18.5 
1759 18.5 
1760 18.5 
1761 18.5 
1762 18.5 
1763 18.5 
1764 18.5 
1765 18.5 
1766 18.5 
1767 18.5 
1768 18.5 
1769 18.5 
1770 18.5 
1771 18.5 
1772 18.5 
1773 18.5 
1774 18.5 
1775 18.5 
1776 18.5 
1777 18.5 
1778 18.5 
1779 18.5 
1780 18.5 
1781 18.5 
1782 18.5 
1783 18.5 
1784 18.5 
1785 18.5 
1786 16.5 
1787 18.5 
1788 16.5 
1789 18.5 
1790 16.5 
1791 18.5 
1792 16.5 
1793 18.5 
1794 18.5 
1795 18.5 
1796 18.5 
1797 18.5 
1798 18.5 
1799 18.5 
1800 18.5 
1801 18.5 
1802 16.5 
1803 18.5 
1804 16.5 
1805 18.5 
1806 16.5 
1807 18.5 
1808 16.5 
1809 16.5 
1810 16.5 
1811 16.5 
1812 16.5 
1813 16.5 
1814 16.5 
1815 16.5 
1816 16.5 
1817 16.5 
1818 16.5 
1819 16.5 
1820 1.5 
1821 16.5 
1822 1.5 
1823 16.5 
1824 16.5 
1825 16.5 
1826 16.5 
1827 16.5 
1828 16.5 
1829 16.5 
1830 16.5 
1831 16.5 
1832 16.5 
1833 18.5 
1834 16.5 
1835 18.5 
1836 16.5 
1837 18.5 
1838 16.5 
1839 18.5 
1840 1.5 
1841 18.5 
1842 1.5 
1843 18.5 
1844 3.5 
1845 18.5 
1846 3.5 
1847 18.5 
1848 3.5 
1849 18.5 
1850 3.5 
1851 18.5 
1852 3.5 
1853 18.5 
1854 3.5 
1855 18.5 
1856 18.5 
1857 18.5 
1858 18.5 
1859 18.5 
1860 18.5 
1861 18.5 
1862 18.5 
1863 16.5 
1864 3.5 
1865 16.5 
1866 3.5 
1867 16.5 
1868 3.5 
1869 16.5 
1870 3.5 
1871 16.5 
1872 3.5 
1873 16.5 
1874 3.5 
1875 18.5 
1876 18.5 
1877 18.5 
1878 18.5 
1879 18.5 
1880 18.5 
1881 18.5 
1882 18.5 
1883 16.5 
1884 18.5 
1885 16.5 
1886 18.5 
1887 16.5 
1888 18.5 
1889 16.5 
1890 18.5 
1891 16.5 
1892 18.5 
1893 16.5 
1894 18.5 
1895 16.5 
1896 18.5 
1897 16.5 
1898 18.5 
1899 16.5 
1900 18.5 
1901 16.5 
1902 18.5 
1903 16.5 
1904 18.5 
1905 16.5 
1906 18.5 
1907 16.5 
1908 3.5 
1909 16.5 
1910 3.5 
1911 16.5 
1912 18.5 
1913 16.5 
1914 18.5 
1915 18.5 
1916 16.5 
1917 18.5 
1918 16.5 
1919 18.5 
1920 16.5 
1921 18.5 
1922 16.5 
1923 16.5 
1924 16.5 
1925 16.5 
1926 16.5 
1927 18.5 
1928 16.5 
1929 18.5 
1930 1.5 
1931 18.5 
1932 16.5 
1933 18.5 
1934 18.5 
1935 18.5 
1936 18.5 
1937 18.5 
1938 18.5 
1939 18.5 
1940 3.5 
1941 18.5 
1942 3.5 
1943 18.5 
1944 18.5 
1945 3.5 
1946 18.5 
1947 18.5 
1948 18.5 
1949 18.5 
1950 18.5 
1951 16.5 
1952 18.5 
1953 16.5 
1954 16.5 
1955 16.5 
1956 16.5 
1957 16.5 
1958 16.5 
1959 16.5 
1960 3.5 
1961 16.5 
1962 3.5 
1963 16.5 
1964 3.5 
1965 16.5 
1966 3.5 
1967 16.5 
1968 3.5 
1969 16.5 
1970 3.5 
1971 16.5 
1972 18.5 
1973 16.5 
1974 18.5 
1975 16.5 
1976 16.5 
1977 16.5 
1978 16.5 
1979 16.5 
1980 16.5 
1981 3.5 
1982 16.5 
1983 3.5 
1984 3.5 
1985 18.5 
1986 3.5 
1987 18.5 
1988 3.5 
1989 16.5 
1990 3.5 
1991 16.5 
1992 3.5 
1993 16.5 
1994 3.5 
1995 16.5 
1996 18.5 
1997 16.5 
1998 18.5 
1999 16.5 
2000 16.5 
2001 15.5 
2002 16.5 
2003 15.5 
2004 16.5 
2005 15.5 
2006 16.5 
2007 15.5 
2008 16.5 
2009 15.5 
2010 18.5 
2011 15.5 
2012 18.5 
2013 18.5 
2014 18.5 
2015 18.5 
2016 18.5 
2017 15.5 
2018 16.5 
2019 15.5 
2020 16.5 
2021 15.5 
2022 16.5 
2023 15.5 
2024 15.5 
2025 15.5 
2026 16.5 
2027 15.5 
2028 16.5 
2029 16.5 
2030 1.5 
2031 18.5 
2032 3.5 
2033 18.5 
2034 18.5 
2035 3.5 
2036 16.5 
2037 3.5 
2038 16.5 
2039 3.5 
2040 16.5 
2041 16.5 
2042 1.5 
2043 16.5 
2044 3.5 
2045 16.5 
2046 3.5 
2047 16.5 
2048 3.5 
2049 16.5 
2050 3.5 
2051 16.5 
2052 3.5 
2053 16.5 
2054 3.5 
2055 16.5 
2056 3.5 
2057 3.5 
2058 3.5 
2059 3.5 
2060 3.5 
2061 3.5 
2062 3.5 
2063 3.5 
2064 18.5 
2065 3.5 
2066 18.5 
2067 3.5 
2068 18.5 
2069 18.5 
2070 18.5 
2071 18.5 
2072 3.5 
2073 18.5 
2074 18.5 
2075 18.5 
2076 18.5 
2077 3.5 
2078 16.5 
2079 3.5 
2080 16.5 
2081 16.5 
2082 18.5 
2083 16.5 
2084 18.5 
2085 15.5 
2086 3.5 
2087 16.5 
2088 3.5 
2089 3.5 
2090 3.5 
2091 3.5 
2092 3.5 
2093 3.5 
2094 1.5 
2095 3.5 
2096 1.5 
2097 1.5 
2098 1.5 
2099 1.5 
2100 16.5 
2101 1.5 
2102 18.5 
2103 1.5 
2104 16.5 
2105 1.5 
2106 16.5 
2107 1.5 
2108 16.5 
2109 1.5 
2110 16.5 
2111 3.5 
2112 16.5 
2113 3.5 
2114 16.5 
2115 3.5 
2116 16.5 
2117 3.5 
2118 16.5 
2119 3.5 
2120 16.5 
2121 3.5 
2122 16.5 
2123 3.5 
2124 16.5 
2125 18.5 
2126 16.5 
2127 16.5 
2128 16.5 
2129 16.5 
2130 16.5 
2131 16.5 
2132 16.5 
2133 16.5 
2134 18.5 
2135 16.5 
2136 16.5 
2137 16.5 
2138 18.5 
2139 16.5 
2140 18.5 
2141 3.5 
2142 18.5 
2143 3.5 
2144 18.5 
2145 3.5 
2146 18.5 
2147 3.5 
2148 18.5 
2149 3.5 
2150 18.5 
2151 3.5 
2152 18.5 
2153 16.5 
2154 18.5 
2155 16.5 
2156 18.5 
2157 16.5 
2158 18.5 
2159 16.5 
2160 18.5 
2161 1.5 
2162 18.5 
2163 1.5 
2164 18.5 
2165 3.5 
2166 18.5 
2167 3.5 
2168 18.5 
2169 3.5 
2170 18.5 
2171 3.5 
2172 18.5 
2173 3.5 
2174 18.5 
2175 3.5 
2176 16.5 
2177 3.5 
2178 16.5 
2179 3.5 
2180 1.5 
2181 16.5 
2182 3.5 
2183 16.5 
2184 18.5 
2185 16.5 
2186 18.5 
2187 16.5 
2188 18.5 
2189 3.5 
2190 18.5 
2191 3.5 
2192 3.5 
2193 18.5 
2194 3.5 
2195 18.5 
2196 3.5 
2197 18.5 
2198 3.5 
2199 18.5 
2200 3.5 
2201 3.5 
2202 3.5 
2203 3.5 
2204 18.5 
2205 3.5 
2206 18.5 
2207 3.5 
2208 18.5 
2209 3.5 
2210 18.5 
2211 3.5 
2212 18.5 
2213 3.5 
2214 18.5 
2215 3.5 
2216 18.5 
2217 3.5 
2218 18.5 
2219 3.5 
2220 18.5 
2221 3.5 
2222 18.5 
2223 18.5 
2224 18.5 
2225 18.5 
2226 18.5 
2227 18.5 
2228 18.5 
2229 18.5 
2230 18.5 
2231 3.5 
2232 18.5 
2233 3.5 
2234 18.5 
2235 1.5 
2236 18.5 
2237 1.5 
2238 18.5 
2239 3.5 
2240 18.5 
2241 18.5 
2242 16.5 
2243 18.5 
2244 16.5 
2245 18.5 
2246 16.5 
2247 18.5 
2248 16.5 
2249 18.5 
2250 16.5 
2251 18.5 
2252 16.5 
2253 18.5 
2254 18.5 
2255 16.5 
2256 18.5 
2257 16.5 
2258 18.5 
2259 16.5 
2260 18.5 
2261 16.5 
2262 18.5 
2263 16.5 
2264 18.5 
2265 16.5 
2266 18.5 
2267 18.5 
2268 18.5 
2269 18.5 
2270 18.5 
2271 16.5 
2272 18.5 
2273 16.5 
2274 18.5 
2275 16.5 
2276 18.5 
2277 16.5 
2278 18.5 
2279 16.5 
2280 18.5 
2281 16.5 
2282 18.5 
2283 16.5 
2284 18.5 
2285 16.5 
2286 18.5 
2287 16.5 
2288 16.5 
2289 16.5 
2290 16.5 
2291 16.5 
2292 16.5 
2293 16.5 
2294 16.5 
2295 16.5 
2296 16.5 
2297 16.5 
2298 16.5 
2299 18.5 
2300 16.5 
2301 18.5 
2302 16.5 
2303 18.5 
2304 16.5 
2305 18.5 
2306 16.5 
2307 18.5 
2308 16.5 
2309 18.5 
2310 16.5 
2311 18.5 
2312 18.5 
2313 18.5 
2314 18.5 
2315 18.5 
2316 18.5 
2317 18.5 
2318 18.5 
2319 18.5 
2320 16.5 
2321 18.5 
2322 18.5 
2323 18.5 
2324 16.5 
2325 16.5 
2326 16.5 
2327 16.5 
2328 16.5 
2329 16.5 
2330 18.5 
2331 16.5 
2332 18.5 
2333 16.5 
2334 18.5 
2335 16.5 
2336 18.5 
2337 16.5 
2338 18.5 
2339 16.5 
2340 18.5 
2341 16.5 
2342 18.5 
2343 16.5 
2344 16.5 
2345 16.5 
2346 16.5 
2347 16.5 
2348 16.5 
2349 16.5 
2350 16.5 
2351 16.5 
2352 16.5 
2353 16.5 
2354 16.5 
2355 18.5 
2356 16.5 
2357 18.5 
2358 16.5 
2359 18.5 
2360 16.5 
2361 18.5 
2362 16.5 
2363 18.5 
2364 16.5 
2365 18.5 
2366 16.5 
2367 18.5 
2368 16.5 
2369 18.5 
2370 16.5 
2371 18.5 
2372 16.5 
2373 18.5 
2374 16.5 
2375 18.5 
2376 18.5 
2377 18.5 
2378 18.5 
2379 18.5 
2380 18.5 
2381 18.5 
2382 18.5 
2383 18.5 
2384 18.5 
2385 18.5 
2386 18.5 
2387 16.5 
2388 18.5 
2389 16.5 
2390 18.5 
2391 16.5 
2392 18.5 
2393 16.5 
2394 18.5 
2395 18.5 
2396 3.5 
2397 18.5 
2398 3.5 
2399 18.5 
2400 3.5 
2401 18.5 
2402 3.5 
2403 18.5 
2404 3.5 
2405 18.5 
2406 3.5 
2407 18.5 
2408 3.5 
2409 18.5 
2410 3.5 
2411 18.5 
2412 3.5 
2413 18.5 
2414 3.5 
2415 18.5 
2416 3.5 
2417 16.5 
2418 3.5 
2419 16.5 
2420 3.5 
2421 16.5 
2422 3.5 
2423 16.5 
2424 3.5 
2425 16.5 
2426 1.5 
2427 16.5 
2428 1.5 
2429 16.5 
2430 16.5 
2431 16.5 
2432 16.5 
2433 16.5 
2434 16.5 
2435 16.5 
2436 16.5 
2437 16.5 
2438 16.5 
2439 16.5 
2440 16.5 
2441 16.5 
2442 16.5 
2443 16.5 
2444 16.5 
2445 16.5 
2446 16.5 
2447 16.5 
2448 16.5 
2449 16.5 
2450 16.5 
2451 16.5 
2452 16.5 
2453 16.5 
2454 16.5 
2455 16.5 
2456 16.5 
2457 18.5 
2458 18.5 
2459 18.5 
2460 18.5 
2461 18.5 
2462 18.5 
2463 18.5 
2464 18.5 
2465 18.5 
2466 16.5 
2467 18.5 
2468 16.5 
2469 18.5 
2470 18.5 
2471 18.5 
2472 16.5 
2473 18.5 
2474 16.5 
2475 18.5 
2476 16.5 
2477 18.5 
2478 16.5 
2479 18.5 
2480 18.5 
2481 16.5 
2482 18.5 
2483 18.5 
2484 18.5 
2485 18.5 
2486 18.5 
2487 18.5 
2488 16.5 
2489 18.5 
2490 16.5 
2491 18.5 
2492 16.5 
2493 16.5 
2494 16.5 
2495 16.5 
2496 16.5 
2497 16.5 
2498 16.5 
2499 16.5 
2500 16.5 
2501 16.5 
2502 16.5 
2503 16.5 
2504 16.5 
2505 16.5 
2506 16.5 
2507 16.5 
2508 16.5 
2509 16.5 
2510 18.5 
2511 16.5 
2512 18.5 
2513 16.5 
2514 18.5 
2515 16.5 
2516 18.5 
2517 16.5 
2518 16.5 
2519 16.5 
2520 16.5 
2521 16.5 
2522 16.5 
2523 16.5 
2524 16.5 
2525 16.5 
2526 16.5 
2527 16.5 
2528 16.5 
2529 1.5 
2530 16.5 
2531 1.5 
2532 16.5 
2533 1.5 
2534 16.5 
2535 1.5 
2536 16.5 
2537 1.5 
2538 16.5 
2539 1.5 
2540 16.5 
2541 1.5 
2542 16.5 
2543 1.5 
2544 16.5 
2545 1.5 
2546 16.5 
2547 1.5 
2548 16.5 
2549 1.5 
2550 16.5 
2551 1.5 
2552 16.5 
2553 1.5 
2554 16.5 
2555 1.5 
2556 16.5 
2557 1.5 
2558 16.5 
2559 1.5 
2560 16.5 
2561 1.5 
2562 16.5 
2563 1.5 
2564 16.5 
2565 1.5 
2566 16.5 
2567 16.5 
2568 15.5 
2569 16.5 
2570 15.5 
2571 16.5 
2572 15.5 
2573 16.5 
2574 16.5 
2575 16.5 
2576 16.5 
2577 16.5 
2578 16.5 
2579 16.5 
2580 16.5 
2581 16.5 
2582 16.5 
2583 16.5 
2584 18.5 
2585 16.5 
2586 18.5 
2587 16.5 
2588 18.5 
2589 16.5 
2590 18.5 
2591 16.5 
2592 18.5 
2593 16.5 
2594 18.5 
2595 16.5 
2596 18.5 
2597 16.5 
2598 16.5 
2599 16.5 
2600 16.5 
2601 16.5 
2602 16.5 
2603 16.5 
2604 16.5 
2605 16.5 
2606 16.5 
2607 16.5 
2608 16.5 
2609 16.5 
2610 16.5 
2611 18.5 
2612 16.5 
2613 16.5 
