0 19.666546319002585 
1 19.321733762674075 
2 11.804433236893358 
3 11.996750757965792 
4 7.106279808547588 
5 10.365391886715516 
6 14.344453982400761 
7 16.297293306704177 
8 7.598941225706982 
9 14.442897185319863 
10 13.874136237186208 
11 8.407423814496845 
12 19.36562550499804 
13 18.520842164759078 
14 9.503178825352661 
15 12.051004752245392 
16 12.028885587606041 
17 11.343283905008912 
18 19.31906387173145 
19 13.099626778268814 
20 15.71282896585311 
21 13.461792015303093 
22 9.238514367778116 
23 12.09008390959325 
24 22.587545976918644 
25 14.525124496990601 
26 14.083446937391292 
27 13.401659589288396 
28 27.02410989265879 
29 7.012807394180159 
30 7.8908678384841 
31 8.27050518594471 
32 11.351265625803448 
33 9.696938310765042 
34 14.654330994773177 
35 12.655593071006791 
36 14.586397448782643 
37 12.62766444278523 
38 10.090271796919732 
39 6.177833290127967 
40 14.514920492101119 
41 18.56650745660825 
42 40.487123054944206 
43 8.398736876673269 
44 43.4584356511558 
45 13.86505525455441 
46 22.237265131272004 
47 8.00053409327176 
48 1.6973531869603837 
49 13.932805825178217 
50 26.789366784614796 
51 23.68579350692621 
52 11.557230874362112 
53 23.250408820545797 
54 38.84406082720554 
55 21.940178898362714 
56 28.544719541575358 
57 14.01216705141097 
58 17.305161878592088 
59 16.604594634183034 
60 19.2279311988851 
61 15.443741577253613 
62 19.6820504638602 
63 13.323540996937776 
64 11.70475132694465 
65 6.675968414803213 
66 19.64582006220257 
67 18.636215798313355 
68 10.38276299112801 
69 12.075777642140661 
70 11.963456201350283 
71 17.54160916079061 
72 21.24171460983713 
73 18.814190810692 
74 19.965175337131868 
75 23.3780572091053 
76 15.161705911696874 
77 24.255046985687436 
78 17.728304055996077 
79 17.981625259908682 
80 16.665225683407503 
81 28.19738080512007 
82 14.436385038738612 
83 16.938265023846736 
84 13.45017957927142 
85 19.528100454877713 
86 10.468356357555564 
87 9.978289159091505 
88 13.696402097742249 
89 11.894584301080757 
90 15.056445012420488 
91 14.397978799362882 
92 15.802278618361566 
93 14.364792711954381 
94 19.701187434240193 
95 18.190469994839034 
96 14.346514706335062 
97 15.162528061657925 
98 25.63520459615561 
99 14.142425550280535 
100 53.3382165929091 
101 21.400056123880713 
102 17.27928284226485 
103 26.127363221269146 
104 23.01110970906278 
105 15.82218869063337 
106 9.666811865762284 
107 8.661318266953291 
108 11.955749261014939 
109 10.428766789495407 
110 26.227841768906565 
111 26.570780594726774 
112 16.873326467559217 
113 20.33611799329936 
114 11.222998790551316 
115 9.172408665264152 
116 24.473707550472636 
117 22.35054886496856 
118 12.543300257785912 
119 12.152506671225217 
120 9.315893396945123 
121 8.19244802450134 
122 10.054955434412593 
123 13.927161641652278 
124 13.87633947919527 
125 28.45525101763908 
126 22.247526905674988 
127 23.63334347566404 
128 10.449370068735629 
129 8.099535575316938 
130 12.757679450796461 
131 12.369622597550437 
132 10.20080063428135 
133 9.07286535969768 
134 12.884222425646161 
135 12.989482812016105 
136 11.777518195704914 
137 9.493091187274658 
138 20.332174764529373 
139 21.678566444590313 
140 26.363850075113298 
141 26.363850075113298 
142 26.363850075113298 
143 30.844099305800682 
144 15.951320433248144 
145 20.389501674695808 
146 19.12508834566753 
147 11.632168351923855 
148 15.698420540459615 
149 17.186530408201733 
150 16.3093338310547 
151 17.352054873861277 
152 16.668537137861147 
153 7.675493271162806 
154 25.312484535398095 
155 20.24385464479292 
156 21.03441289455472 
157 22.2086530162714 
158 25.525219084712756 
159 21.530229454340127 
160 14.527086515449064 
161 23.042967569676026 
162 16.232517638134752 
163 16.70664712255433 
164 10.35712451354181 
165 9.217035116248407 
166 10.69705355025134 
167 13.776297551714851 
168 14.84231274173629 
169 14.780958824939034 
170 20.23897046405358 
171 14.802137225700351 
172 18.95387952460572 
173 16.980162907065242 
174 14.174878420531469 
175 22.628613356064612 
176 27.60082388476142 
177 19.585640106092868 
178 11.927835286088044 
179 12.899279734775094 
180 14.785648314614663 
181 17.555853201178678 
182 20.051842254975547 
183 18.853685506998822 
184 29.75928934802506 
185 21.53642030458938 
186 19.25220209215968 
187 24.803983488864446 
188 27.353502416246567 
189 16.57460799190693 
190 10.972012148386101 
191 11.899409895596913 
192 18.066359121471738 
193 14.925923817115526 
194 7.025105310319993 
195 6.680785453062681 
196 20.039004906668197 
197 21.3147947697671 
198 18.50948133961157 
199 17.952839758762824 
200 11.558664098260815 
201 8.57381965212521 
202 16.281856789049943 
203 29.51698123830033 
204 23.54300468692992 
205 15.063745120081023 
206 12.769253719529088 
207 15.979092297904277 
208 13.388740100424233 
209 12.220275329594289 
210 12.497479231970251 
211 18.305026752904414 
212 13.93262069744421 
213 17.820499311704424 
214 13.178777233851354 
215 22.06100261409719 
216 23.045119887475 
217 10.817980171053039 
218 23.045119887475 
219 10.817980171053039 
220 15.1280197941238 
221 16.489766392250292 
222 12.442387673614201 
223 8.496685843934852 
224 17.193646108754024 
225 15.11199504229899 
226 20.779723155276795 
227 23.183837713843516 
228 22.41025860226544 
229 20.59150379741864 
230 20.321634140196515 
231 20.00956038451447 
232 20.22218686569179 
233 11.488505479515842 
234 11.674095351018556 
235 12.01186780457071 
236 13.665343889486202 
237 13.86753070704733 
238 18.147104634661314 
239 13.99239381363509 
240 19.258389924285208 
241 13.97859037766787 
242 14.442847452024228 
243 10.116653883075973 
244 10.204672301456384 
245 9.168378599923493 
246 19.237896919132385 
247 21.073515816552113 
248 11.292799948305664 
249 9.901520767135189 
250 19.133725651202045 
251 3.7453222583174237 
252 15.954232852534842 
253 13.405128991843727 
254 9.018980632315026 
255 12.488548527327513 
256 13.294401795279784 
257 17.772323963356243 
258 18.847246811837767 
259 16.33391358529509 
260 14.2121984277582 
261 13.774759271179539 
262 24.552789940759126 
263 17.563204529085642 
264 17.71168447278409 
265 20.26135935462055 
266 23.078595796192364 
267 11.518952439017692 
268 14.66017014910766 
269 14.334796101108696 
270 19.08757622644944 
271 20.116180025323256 
272 24.220451343173263 
273 31.41118408735181 
274 12.719378208802238 
275 21.157494375561182 
276 20.476200704947324 
277 23.693018579086807 
278 13.7083093656853 
279 11.482246787448739 
280 37.56182834216936 
281 20.21322101367209 
282 19.6395647206458 
283 18.732097717833057 
284 16.21525995113352 
285 18.828295161739224 
286 12.454506042699766 
287 10.094667350185441 
288 13.37767996682933 
289 7.8151626270756935 
290 12.836392237514193 
291 25.0750523106355 
292 16.096402557430903 
293 19.941539485570296 
294 19.173873490864043 
295 8.76759610942605 
296 13.257632701054781 
297 15.085959277336373 
