0 3.6433099758253373 
1 3.615075856159349 
2 2.903879736017779 
3 3.392349294156228 
4 3.5566252278993002 
5 3.668799427009755 
6 3.3939901948744566 
7 3.5505990666111864 
8 3.7204824230972573 
9 3.6920230342881895 
10 3.6621376606195324 
11 3.5231734825335086 
12 3.56270029448286 
13 3.5076764535687444 
14 3.4012571288008417 
15 3.6465559747762155 
16 4.072761259976614 
17 3.7018782095823335 
18 3.662844527826374 
19 3.430598769845048 
20 4.071227085665592 
21 3.852615010568133 
22 2.9839470626095843 
23 2.891352620379826 
24 3.7771126339739998 
25 3.6133341035008617 
26 3.9085820527789163 
27 3.7770943265425854 
28 3.7003211648536936 
29 3.612201413481209 
30 3.2072252640634917 
31 3.119624891301827 
32 3.9317048992123533 
33 3.664118638216652 
34 3.5123991809411774 
35 3.6183278630519067 
36 2.839343245592807 
37 2.8375708549380216 
38 3.535462315826613 
39 3.240289373701331 
40 4.0536723040066835 
41 4.004487340438524 
42 3.9472175367838935 
43 3.906353622178958 
44 2.9457179201808414 
45 2.734932219303156 
46 4.040943110812967 
47 3.6109785065412483 
48 3.3871354979369475 
49 3.2809719361562224 
50 4.045147938213358 
51 3.8609226631298936 
52 4.195007954441179 
53 3.9462335226650636 
54 3.9336531991441843 
55 3.738686794827668 
56 4.4993649061747965 
57 4.079889135395509 
58 4.448320875006327 
59 3.944921397473547 
60 4.362382150919388 
61 4.0517188769220525 
62 4.228201711237246 
63 3.684470203665583 
64 3.894908846870213 
65 3.655276273111584 
66 2.9192861052664743 
67 2.6693268959482066 
68 4.307633193766155 
69 4.084327322059093 
70 4.205083184522017 
71 3.5934797305866675 
72 4.377495377462859 
73 4.130799485553459 
74 4.228486549206728 
75 3.8904862060186503 
76 4.144681146576192 
77 3.9671774315684423 
78 3.9215996632186134 
79 3.6558610415184436 
80 4.180143641404182 
81 3.9236852514958667 
82 3.959207161977911 
83 3.756030030297659 
84 3.85003267673875 
85 3.865820293985931 
86 3.4868138951966876 
87 3.3660272626567282 
88 3.2479592735564515 
89 3.369811199061618 
90 3.947450967292207 
91 3.5543720247297568 
92 4.0304768535314714 
93 3.9805280224434125 
94 3.399343928471788 
95 3.3565233945637494 
96 4.0448035886960785 
97 3.75204470860574 
98 3.61702767260124 
99 3.356881095883548 
100 4.265808788998997 
101 3.966541965601875 
102 4.208920369035493 
103 3.9309310268552595 
104 4.045381890618602 
105 4.020478887340731 
106 3.617198205298378 
107 3.5901314453362847 
108 2.9343591995883287 
109 3.058767476262671 
110 4.116117639302198 
111 4.436042846435012 
112 4.314198238611308 
113 4.70593431209492 
114 4.094015255829215 
115 4.203715334333279 
116 4.3763697846673635 
117 4.62208687068424 
118 3.7267546072123863 
119 3.8610706791114247 
120 4.119425521956987 
121 4.4467071870471635 
122 3.393208780927029 
123 3.549398354524648 
124 3.1829070090616898 
125 3.4753742728303365 
126 4.111512703498077 
127 4.4857446944561294 
128 3.786122727966036 
129 3.7636705343189805 
130 3.826519267755442 
131 4.186630884155636 
132 4.10522548798457 
133 4.220021364436412 
134 3.674604761936257 
135 3.8242725525423253 
136 3.119735862829266 
137 3.28782999261069 
138 3.9243402904286078 
139 4.213631739315197 
140 4.2060818421700805 
141 4.2060818421700805 
142 4.2060818421700805 
143 4.20850686866377 
144 3.3193837091494878 
145 3.3114962096523346 
146 4.259505868961409 
147 4.600864093668975 
148 4.5066529058605385 
149 4.083944167995742 
150 4.341133694573716 
151 4.333140111058409 
152 3.3771777882028373 
153 3.3027908007522813 
154 3.3112594015143704 
155 3.47243444394475 
156 3.47218781881282 
157 3.6129901239000177 
158 4.12928560859144 
159 4.16676837917656 
160 4.039591244688831 
161 3.944916806346515 
162 3.2360158333769036 
163 3.4473823321746084 
164 3.813980054305916 
165 3.8105573586274795 
166 3.4553797826075296 
167 3.7602165554023443 
168 3.4680955481008113 
169 3.509292174603539 
170 3.9321968092867667 
171 4.108074934976322 
172 4.027781887089417 
173 4.111538786579203 
174 3.5886521983704447 
175 3.8568833884025104 
176 4.192154595180242 
177 4.1470000592821545 
178 3.4166002178920927 
179 3.4737865075542906 
180 3.967260422028547 
181 4.176038423956812 
182 4.357677558107649 
183 4.4483289355281945 
184 4.349025813447827 
185 4.312863751718637 
186 4.407866824568569 
187 4.458084579367858 
188 4.485501121224952 
189 4.3911237483064145 
190 3.537516148646924 
191 3.973601960501888 
192 4.097590837120568 
193 4.230481322751546 
194 4.054867745978159 
195 4.192229085648307 
196 3.9992686204634493 
197 4.127532793875983 
198 4.063678449117338 
199 4.196813540708457 
200 3.1262887635661416 
201 3.5503497012411 
202 3.5804886930865005 
203 3.5998829298183224 
204 3.9092950428471025 
205 3.7944401924644144 
206 4.484653276996539 
207 4.456406559328917 
208 3.595317731444996 
209 3.6839053666020263 
210 4.373543174648356 
211 4.228719836256907 
212 4.521861104756643 
213 3.990763195296929 
214 3.9094203731645165 
215 3.723010655251677 
216 4.351972986654156 
217 4.417555651144332 
218 4.351972986654156 
219 4.417555651144332 
220 3.855180984174151 
221 3.6531501754826428 
222 4.26955511169467 
223 3.82650631846323 
224 3.8266023780562826 
225 3.748151688461819 
226 3.9676117804763944 
227 3.719931551872581 
228 4.420704477621078 
229 4.3000494996501155 
230 3.4660898202791777 
231 3.4735930389559195 
232 3.631314601143848 
233 3.461322453028733 
234 3.9802300579010055 
235 4.009438101499074 
236 3.957920432642473 
237 4.072589690390275 
238 3.772248403687284 
239 3.7656128712797736 
240 4.05902028691072 
241 3.994733633772124 
242 3.9716722893902237 
243 3.976702573225779 
244 3.606211489675449 
245 3.6948947766857705 
246 3.3885494158858958 
247 3.6500468664337213 
248 4.2203441583696355 
249 4.103381963802041 
250 3.121537453484449 
251 3.140223910887825 
252 4.052224652718667 
253 3.995474643962434 
254 4.248181225936397 
255 4.232847521484326 
256 4.0595290849965435 
257 4.057691739415243 
258 3.4409747090389082 
259 3.56700999829475 
260 4.088641739347523 
261 4.02523023438008 
262 3.834411885691807 
263 3.650829177495328 
264 4.105852331552662 
265 4.0309757609403665 
266 3.7673109450252826 
267 3.701319517100353 
268 3.9313801785722453 
269 3.7007491814868696 
270 3.7566354623173535 
271 3.5362268957406027 
272 4.098361223096909 
273 3.9399029348969763 
274 3.982300367643633 
275 4.095387380582164 
276 4.086490102389437 
277 3.9970647986753907 
278 3.259517039811146 
279 3.206614975979061 
280 3.656672377465081 
281 3.732979290916404 
282 4.091204073207216 
283 4.177232747155182 
284 4.118917119640955 
285 3.9735119672618304 
286 3.692130563489824 
287 3.6644471413844952 
288 3.705883959244456 
289 3.9983358740799946 
290 4.024515485673625 
291 4.07812011486976 
292 4.027748747632528 
293 4.111264976499751 
294 3.6719716588091713 
295 3.654573531354447 
296 4.014070356327278 
297 3.624273789789509 
