0 3.1020955042544474 
1 2.3707237067172775 
2 2.1612683559302464 
3 1.3225679811032893 
4 3.1020072440900854 
5 2.493122309326398 
6 2.3381504653116845 
7 1.1841873667223646 
8 5.249125756976634 
9 1.4146452873068436 
10 2.432335337407178 
11 1.5223863052987057 
12 2.2425811770098107 
13 1.179408929888818 
14 2.6566746026793675 
15 3.1125217786832273 
16 2.3305736587564403 
17 3.0435394616725766 
18 2.2958094417032773 
19 2.6377338713066525 
20 3.4448834727394484 
21 1.52351495828096 
22 3.792150935552942 
23 1.9522586489184044 
24 2.488212456238388 
25 2.636817675770274 
26 3.4291317120089952 
27 2.074124376080808 
28 2.445752556457437 
29 2.21979161672337 
30 2.4340661018329 
31 1.8782815011620264 
32 1.922302400939629 
33 2.672561502087929 
34 2.2026069862772815 
35 5.179638628561892 
36 1.9281854395549094 
37 1.4170133650270047 
38 3.3851932053424996 
39 2.033181579748207 
40 2.215843726734213 
41 2.57518442121013 
42 2.0478375045491584 
43 2.458647306061322 
44 2.21701074069417 
45 4.298366811935556 
46 1.3967280501752912 
47 1.1907580023341042 
48 3.663271346573385 
49 100.05629336381581 
50 3.5746522552884215 
51 2.147729701819246 
52 7.261271458665054 
53 1.4121812523830177 
54 2.1719745672451793 
55 1.838317038482805 
56 1.9129179483280865 
57 3.111155450510999 
58 1.408559077888476 
59 2.668255479048091 
60 2.8587592847481185 
61 3.3717733500061113 
62 3.9801157092463546 
63 4.910665478954843 
64 1.5014832325877887 
65 1.7956193291685891 
66 1.0849992796407495 
67 2.967964522356628 
68 3.0282960286712806 
69 2.516334144881596 
70 1.4862233822606676 
71 1.2699363745722794 
72 1.1663493615459295 
73 3.194265083963609 
74 1.2461372374420887 
75 0.8106838612073255 
76 0.8478126685382965 
77 3.136172125775974 
78 3.5634765644671207 
79 2.3664025285284547 
80 2.623953019556266 
81 2.697537286318222 
82 2.2774313524388954 
83 3.259138283319039 
84 2.3368187813585024 
85 2.275000404160511 
86 2.4652157377558215 
87 1.4331717934118717 
88 2.235651845611108 
89 1.288547369368735 
90 1.917509927981522 
91 1.68499058901171 
92 1.649655893803867 
93 1.4712780457769128 
94 1.7096813641369073 
95 2.7645858539500923 
96 2.1583028225599956 
97 4.022615105901187 
98 2.996136089327247 
99 2.3448834181076785 
100 4.639879274351861 
101 1.799829499188179 
102 1.1850620426622331 
103 1.7652738245090225 
104 1.4343919841814277 
105 1.3023700840716548 
106 1.2992278548531981 
107 2.3811306970195716 
108 1.8438847353973133 
109 1.3075377488799274 
