0 18.04917764714995 
1 17.870763777044935 
2 18.349151074226867 
3 9.87589857334925 
4 21.802296508454663 
5 20.061145229485927 
6 20.585642138120924 
7 14.963357770999448 
8 31.258320788183212 
9 28.80090090708709 
10 13.906612954029276 
11 11.800248704429977 
12 13.829853039610391 
13 13.527569213303403 
14 18.52525948500508 
15 22.3871728768688 
16 8.414558498409093 
17 20.743035464360073 
18 8.962590201697084 
19 20.59039184691363 
20 14.77861519543073 
21 17.84886165368739 
22 24.29916980957181 
23 23.217718141610067 
24 5.984049398357002 
25 9.442738691035002 
26 20.823568545484335 
27 25.19010726340192 
28 11.861249837393316 
29 15.644667248543444 
30 9.010145883323416 
31 6.320568538689202 
32 12.139246807673162 
33 9.443525327257253 
34 18.176359444608156 
35 12.61645916491952 
36 19.618528202513648 
37 19.671250351749368 
38 28.63240675004096 
39 21.784178789751685 
40 26.28174697662761 
41 24.935964281255387 
42 12.654982123191576 
43 15.743557020276713 
44 23.35852797362471 
45 25.22859273873397 
46 16.626381467328397 
47 14.617202719703913 
48 12.262899377835993 
49 11.80167642565117 
50 22.195960141188674 
51 17.27472817133443 
52 7.772555269351222 
53 16.85163281049113 
54 22.024396263370424 
55 27.341733864396392 
56 13.603471650136544 
57 22.30395847956948 
58 20.990936616370142 
59 53.571890207298225 
60 10.810396197820552 
61 19.180186483384322 
62 15.602184296278661 
63 22.745929999240772 
64 24.592234717450193 
65 13.88773405294439 
66 12.215363915156846 
67 22.41984177891811 
68 22.096333875955516 
69 31.988773471224395 
70 15.17410242681215 
71 14.214124983055443 
72 33.62949302843948 
73 4.009988871509918 
74 10.1572491687594 
75 14.255381917301666 
76 34.19594798418328 
77 20.988415674618068 
78 31.43896680183793 
79 35.87144005610386 
80 14.68434448641779 
81 18.405595878568732 
82 16.212752798565155 
83 23.186529127555364 
84 50.23479531463339 
85 38.972914208193565 
86 25.18965341212787 
87 21.0814598129244 
88 19.39625328912381 
89 20.697689567028217 
90 12.698506504712396 
91 10.830634478377743 
92 27.794518369294387 
93 29.9910190773103 
94 17.703759982441035 
95 35.456907847463505 
96 17.877162025079066 
97 20.455429513377485 
98 14.608853145343025 
99 19.00920025742592 
100 14.765036786707501 
101 11.861719457013574 
102 18.193705104625742 
103 14.738058259250149 
104 30.56983761406373 
105 31.901184989123657 
106 30.847275134220784 
107 17.331977950230993 
108 30.460830095500928 
109 27.52926659578099 
110 32.31234544123878 
111 21.896082065203206 
112 52.388199145662114 
113 25.41340135601025 
114 11.877876863040505 
115 19.304836905742704 
116 8.627556813506887 
117 16.57146469435489 
118 19.154784467207687 
119 28.624981231999783 
120 19.154784467207687 
121 28.624981231999783 
122 13.961095503747986 
123 11.758862663410833 
124 20.842401323799066 
125 20.034219061220785 
126 14.601529672655621 
127 17.912357947872582 
128 11.912759702912648 
129 19.703408621143222 
130 12.604705535871522 
131 9.126444534865756 
132 5.019583814032753 
133 9.329216971983238 
134 15.886251472420755 
135 12.761522265629754 
136 12.464684467822702 
137 17.813838914088645 
138 9.984156002437539 
139 13.024615795471837 
140 16.849804959766676 
141 26.771583583328013 
142 21.112764393794485 
143 19.054538185815982 
144 13.875054169657714 
145 17.490623553500164 
146 14.295612103695321 
147 9.315045128278019 
148 19.182730391035903 
149 18.284598282401152 
150 16.648093387685115 
151 17.44080369914507 
152 12.598723397864319 
153 8.43006706984952 
154 28.667828606970275 
155 16.704850587256008 
156 11.359566233604438 
157 9.269057205871304 
158 24.830561755181538 
159 11.368618490419774 
160 12.496995158286778 
161 11.13806051400256 
162 13.29840614586603 
163 22.93034469562365 
164 31.245280769975714 
165 34.19594798418328 
166 13.131493262535692 
167 10.972930690323643 
168 22.64425080712211 
169 16.57984947188666 
170 46.72694458679619 
171 7.2335416088203495 
172 23.313993496567633 
173 20.737292283656103 
174 16.216576516665828 
175 13.807362734673589 
176 16.46671953642124 
177 15.610952928609446 
178 16.54172796075075 
179 14.091301251125476 
180 20.81240913218445 
181 22.79884763820188 
182 24.145020810186917 
183 16.731572270845135 
184 17.20486000016408 
185 21.96545692589683 
186 18.941125998582002 
187 16.647762994951258 
188 19.061725701924214 
189 30.067126410414485 
190 20.242096068183024 
191 17.518310612135792 
192 20.819744065760606 
193 19.265024159914752 
194 10.152332035136045 
195 10.117630031310759 
196 16.709509069251393 
197 16.361183817878974 
198 21.995636851820777 
199 18.05912492357505 
200 17.43522124997402 
201 24.410182393817 
202 10.59290725690358 
203 10.786875633303673 
204 40.43521098246392 
205 24.4269573927831 
206 18.21488005280803 
207 32.94249226370933 
208 23.87508894163721 
209 12.851810429618917 
210 15.488395623386742 
211 14.416784678206591 
212 14.67658564920114 
213 15.27267430851916 
214 11.022211009849368 
215 12.813647347791685 
216 18.810984388104284 
217 18.804659128610243 
218 22.507668365978 
219 13.24507293104156 
220 22.49969959660115 
221 7.511195239314693 
222 10.790511007118546 
223 18.60076011902914 
