0 3.771708750211231 
1 3.3157426535545547 
2 3.132319829870226 
3 2.7896345934169897 
4 4.036982897570124 
5 4.408895611996481 
6 4.510976241106102 
7 4.214923118120891 
8 3.9932718349402148 
9 3.425682782174804 
10 2.9267974432736903 
11 3.0041199563908547 
12 3.7007589394072964 
13 3.650621037450429 
14 3.847671161600076 
15 3.9947195015283294 
16 3.5471380760410467 
17 3.220609453006359 
18 3.0811076310612515 
19 4.542356954066826 
20 3.70218236393734 
21 3.6240599875343715 
22 3.642423909865503 
23 3.703121676149905 
24 3.9542630418736655 
25 2.646384793379504 
26 2.632306809172196 
27 2.722600627624721 
28 3.6178259884273145 
29 3.5248882344044725 
30 3.5059301930996964 
31 3.8551573148230482 
32 3.5660183104989507 
33 2.9860225012887303 
34 3.0171184312904495 
35 3.726978929638833 
36 3.8355079804734995 
37 3.1875534496933255 
38 3.4918885137187994 
39 3.656787117369644 
40 3.382543232313263 
41 4.09129241800058 
42 3.5912069692310484 
43 4.593617711302931 
44 3.5392284672932712 
45 4.175608086749111 
46 3.5933044522474766 
47 4.222268700803987 
48 3.510433621969028 
49 3.7713673129954453 
50 3.109443171984778 
51 3.7406749622222977 
52 3.736645323471628 
53 4.263692266346208 
54 3.447713748049139 
55 4.396000721216705 
56 3.8504140113571776 
57 4.85 
58 3.1967175709907156 
59 3.977696242775081 
60 3.75559183315444 
61 3.010217840565696 
62 3.6288478599975473 
63 3.967685893849785 
64 3.723458304193667 
65 4.649021077848819 
66 3.9698053718797377 
67 3.0008900776275294 
68 3.6802443438615797 
69 3.58788477835524 
70 3.7379277185845243 
71 3.5907577812900593 
72 3.9285462321098876 
73 4.176024927034934 
74 3.7723507642386864 
75 3.5898775652612716 
76 3.8877736751317227 
77 3.820279225992129 
78 3.6301901161416654 
79 3.942082640561455 
80 4.074057700911881 
81 4.267767976429072 
82 4.002095776387786 
83 3.8424651148097873 
84 3.392976752680042 
85 4.438934315328623 
86 2.6127124314978474 
87 4.22939905604945 
88 3.862374792011249 
89 4.1064631804977845 
90 3.5393485781864684 
91 3.5381541774862857 
92 3.3763629310790826 
93 4.063619794783411 
94 3.072937582384755 
95 3.735142955202394 
96 3.4833649707652303 
97 4.1684307883035165 
98 3.86816246256424 
99 3.719656605045913 
100 3.2477881394056825 
101 3.8833868586674365 
102 4.053967415542319 
103 3.708901374970747 
104 3.829722212845931 
105 4.2832526815584275 
106 3.8393690267484963 
107 4.305145240888474 
108 3.244796497747381 
109 4.100027831298033 
110 3.670686706537042 
111 3.37254987241789 
112 2.9435202031988146 
113 3.5083745841701557 
114 3.2062424396415263 
115 3.820733239014236 
116 2.7316496767983147 
117 3.529860094317444 
118 3.094896699178004 
119 3.783053451793125 
120 3.8852143952225227 
121 4.313136870947162 
122 3.2831808180429625 
123 4.269841328518907 
124 3.487514383430064 
125 4.135270536401296 
126 3.545869511815756 
127 3.2992383335400985 
128 2.895482365076731 
129 3.7861237148482285 
130 3.589801085911164 
131 4.109887103255493 
132 3.4333197878572186 
133 3.8446295105222714 
134 3.8865308788734425 
135 4.305092979671579 
136 2.911558662540606 
137 3.23266343793346 
138 2.8241125145531516 
139 3.4119959692665667 
140 3.1092666692510793 
141 3.716642733649973 
142 3.419763776094242 
143 4.1924654447034415 
144 3.7740516762226735 
145 4.241991041362903 
146 3.9074551411144545 
147 4.85 
148 3.9245774189003906 
149 4.0431588544498505 
150 3.494390917494746 
151 3.5792582665791 
152 3.772538367220652 
153 3.8668145059192542 
154 4.000116343204879 
155 3.766577563277879 
156 3.390191426572945 
157 4.198596202637869 
158 3.523558787614862 
159 3.784332161732725 
160 3.8732788209694053 
161 3.210625877139287 
162 3.576320837504 
163 3.6581899508434224 
164 3.42456582367732 
165 4.085214715416502 
166 3.6102538973697804 
167 3.6964971626183596 
168 3.3343558081238767 
169 4.0901491108862205 
170 3.5250481173616492 
171 3.933279848794938 
172 3.1603747477706428 
173 4.037333357454254 
174 3.275935699604551 
175 3.073619933915378 
176 3.2593245294400104 
177 3.587691070205131 
178 3.6715518885563694 
179 3.877582889030276 
180 4.013168571213385 
181 3.4223506549162876 
182 3.6139990040506405 
183 3.8468678417531406 
184 4.795703748348926 
185 3.628072928567188 
186 4.395135248425958 
187 3.7821143491313216 
188 4.85 
189 3.7821143491313216 
190 4.142833171792374 
191 3.7821143491313216 
192 3.7650153901462438 
193 3.7821143491313216 
194 4.5251661515556885 
195 3.7821143491313216 
196 4.109190006556213 
197 3.689405668320381 
198 3.912238075216371 
199 3.7457744883924784 
200 3.752042775237413 
201 3.7032307952093553 
202 3.8777572545068124 
203 3.3787813405303 
204 4.136591901768131 
205 3.8599424699276224 
206 3.143346590203285 
207 3.703905612870482 
208 4.101783626127932 
209 3.980313038189354 
210 3.973750694783786 
211 3.5124657987524337 
212 3.9710552683000078 
213 4.317004827335688 
214 3.965725983151146 
215 3.5256030974232364 
216 4.21109153404258 
217 3.2565803216272036 
218 4.074330770048153 
219 3.8607282907904272 
220 3.7033118524875897 
221 3.7821143491313216 
222 2.9187597662232267 
223 2.8725124255013714 
224 3.689956760708788 
225 3.7821143491313216 
226 3.677918483987568 
227 3.7821143491313216 
228 3.677918483987568 
229 3.7821143491313216 
230 4.283908786501737 
231 3.7821143491313216 
232 3.708517958093639 
233 3.7821143491313216 
234 3.8951605685904416 
235 3.7821143491313216 
236 3.880162632574065 
237 3.7821143491313216 
238 3.6862068139251107 
239 3.7821143491313216 
240 3.5501499075919685 
241 3.7821143491313216 
242 3.919495917116505 
243 3.7821143491313216 
244 4.559693377230159 
245 3.7821143491313216 
246 3.9681143286909166 
247 3.7821143491313216 
248 4.3871469839405925 
249 3.7821143491313216 
250 4.411287364839421 
251 3.7821143491313216 
252 3.4513540398046487 
253 3.8441130322501422 
254 3.7452121510643286 
255 3.691129203714147 
256 3.2876325001649187 
257 3.647164922882648 
258 3.66090956914269 
259 3.8649424992269417 
260 4.85 
261 3.5114043282252734 
262 4.333749257424774 
263 4.489914409669434 
264 4.687248398464285 
265 4.973940995685111 
266 3.7959593255417667 
267 4.918577449416478 
268 4.85 
269 4.159477892519739 
270 4.288459749021439 
271 4.85 
272 4.85 
273 3.4517582597268475 
274 4.537808604403812 
275 4.2954511004498315 
276 3.955210072575503 
277 4.418546789815291 
278 3.9605770056327665 
279 4.012957007326968 
280 4.85 
281 3.5339012625389397 
282 4.85 
283 3.3429129799772603 
284 4.85 
285 3.6109677437227705 
286 4.85 
287 4.279631122677967 
288 4.85 
289 4.255674402096113 
290 4.8490213268946345 
291 4.344639217664033 
292 4.8490213268946345 
293 4.149153346604374 
294 4.989725085314861 
295 3.8427845435679315 
296 4.85 
297 3.761110878245694 
298 4.85 
299 3.094123088664407 
300 3.8042777187689634 
301 3.2055892481623554 
302 4.85 
303 3.8782903820468526 
304 3.801085239799151 
305 3.917218194945798 
306 4.005013278102535 
307 4.193693116839979 
