0 3.40727970332886 
1 3.2634024736979397 
2 3.40727970332886 
3 3.2634024736979397 
4 3.40727970332886 
5 3.18836951629734 
6 3.35613480815762 
7 3.1515255207496398 
8 3.26641200057806 
9 3.08450213598864 
10 3.1430837102733 
11 3.11864696155452 
12 3.03081859290592 
13 3.24817171890066 
14 2.89485919658204 
15 3.3266512950274603 
16 2.98327213672686 
17 3.33243558547674 
18 2.9465054504465003 
19 3.41426803468386 
20 3.11783418361568 
21 3.4334379080755197 
22 3.2125154064122805 
23 3.36211357032658 
24 3.15106991694234 
25 3.1430714938898 
26 2.91651183854872 
27 3.10488432294514 
28 3.01126829477038 
29 3.10155517792378 
30 2.84754369025026 
31 3.0609029345733 
32 2.96599205672042 
33 2.9858641462345 
34 3.10182098675384 
35 3.08130426046294 
36 3.22978706385884 
37 3.2296667682553197 
38 3.2236568230766203 
39 3.2510170559311597 
40 3.30473172987744 
41 3.33059351296928 
42 3.37455021074384 
43 3.5500497661896198 
44 3.4739524475613 
45 3.62871533310746 
46 3.64029440779062 
47 3.5392535950048 
48 3.55953355715628 
49 3.6699227111673 
50 3.75580419959554 
51 3.600347018298 
52 3.65890046164954 
53 3.61563764330426 
54 3.51680343466386 
55 3.66283892751634 
56 3.3951614015430005 
57 3.67629170377352 
58 3.5157120852913204 
59 3.6844820109000205 
60 3.4498700636192803 
61 3.8200602386602 
62 3.4457744149261003 
63 3.7152471858947202 
64 3.6604384601228803 
65 3.73444075863298 
66 3.73914169931666 
67 3.7200554269090396 
68 3.71317938519474 
69 3.6514945908720002 
70 3.7189926085648204 
71 3.74460379452918 
72 3.7867712567093 
73 3.8672257202833 
74 3.8030951128656 
75 3.9058344160497804 
76 3.80410840726172 
77 3.835386420754 
78 3.9014199660310602 
79 3.87610235637706 
80 3.85361683480778 
81 3.82856302567048 
82 3.8869482304269605 
83 3.8982585482445797 
84 3.78692413749542 
85 4.02850582826002 
86 3.98116609481184 
87 4.14296771839734 
88 3.7859861148966205 
89 4.01153806046028 
90 3.68822482008906 
91 4.123510225178579 
92 3.6784529967698605 
93 4.02895093839934 
94 3.50011986432634 
95 3.89524675584106 
96 3.3134035441231804 
97 3.80973609813784 
98 3.37679532684756 
99 3.88747603325468 
100 3.4440122044616404 
101 3.74703427097378 
102 3.4205692923061 
103 3.61198923040926 
104 3.5277248821024 
105 3.50844226463778 
106 3.4243049137457198 
107 3.49513103630656 
108 3.47392229965208 
109 3.3664782047724997 
110 3.3608984712515997 
111 3.3871124019877596 
112 3.24507846375924 
113 3.4743934409536004 
114 3.37486352537924 
115 3.5434845407527398 
116 3.4597414908142197 
117 3.60257823089904 
118 3.3506460225158596 
119 3.8034644717427804 
120 3.58164424676038 
121 3.6487824596162803 
122 3.58369371069534 
123 3.75459357983772 
124 3.4807458365860198 
125 3.6618060446796 
126 3.3845310282927 
127 3.54693548982274 
128 3.5075787089973196 
129 3.51205418228812 
130 3.40329286725382 
131 3.5448341448780396 
132 3.6269304346704 
133 3.42527585714004 
134 3.7172996300187995 
135 3.45441629246478 
136 3.75066488309698 
137 3.5886614436191797 
138 3.860926983722 
139 3.65678852622286 
140 3.90072171052996 
141 3.7990250020997998 
142 3.85728683086316 
143 3.9093179444065003 
144 3.79407775364986 
145 3.9168134597182998 
146 3.8856835742822597 
147 4.0068098129417 
148 3.6102815720982 
149 3.97895246182658 
150 3.62612536321448 
151 4.0683216058366805 
152 3.3953915375319603 
153 3.98605684344412 
154 3.3110249644084804 
155 3.9996131662009 
156 3.2370633912001403 
157 3.7550616688837004 
158 3.33362982738682 
159 3.6517132443726403 
160 3.2485909261695602 
161 3.39041689319518 
162 3.23883081897894 
163 3.30498250213502 
164 3.3116978082599204 
165 3.2914093401769398 
166 3.3262675659522203 
167 3.3143916834141995 
168 3.32596641670764 
169 3.23842239622344 
170 3.2579441652000396 
171 3.3390266664304797 
172 3.3954077152547795 
173 3.3580470833343 
174 3.22966372057632 
175 3.41990303147402 
176 3.2290987158009203 
177 3.45098721539292 
178 3.06393605924466 
179 3.5443142204821796 
180 3.05181021673388 
181 3.5408027865311396 
182 3.2035551398284396 
183 3.4773992295445404 
184 3.51070041483214 
185 3.45977056103744 
186 3.54753746389978 
187 3.3117721164616 
188 3.73111975695032 
189 3.32640846889378 
190 3.80782091442284 
191 3.45065582052766 
192 3.67230635550976 
193 3.7164847044181797 
194 3.52620794168826 
195 3.7716044014845798 
196 3.5846848969378597 
197 3.9600091712871803 
198 3.49730658628366 
199 4.07180282016124 
200 3.69068832016168 
201 3.9670855129685 
202 3.6135230686221598 
203 3.8307419708939796 
204 3.4709503113639997 
205 3.7290793651421197 
206 3.35893313424004 
207 3.61921600232566 
208 3.3437361240671004 
209 3.4938461438556403 
210 3.16755178260332 
211 3.35928864111668 
212 3.34331850106364 
213 3.26157769224082 
214 3.43812394234918 
215 3.28928110102132 
216 3.42890084202268 
217 3.24316130704518 
218 3.56448617105882 
219 3.21023179808068 
220 3.57438063904126 
221 3.37328161763638 
222 3.5633993978920997 
223 3.4206816373933 
224 3.5412112633315 
225 3.33339095450608 
226 3.5878128130430804 
227 3.52640025055224 
228 3.5339239727417797 
229 3.5641394919667397 
230 3.47525771518148 
231 3.62633986334806 
232 3.44131160796846 
233 3.66417707866402 
234 3.5857631296715 
235 3.8782184378070803 
236 3.5857454106628603 
237 3.83734220515662 
238 3.74073164828114 
239 3.83026303068648 
240 3.89037580999576 
241 3.86799055547988 
242 3.9520504011398003 
243 3.9611112931542998 
244 3.90446618719548 
245 3.9609005586185395 
246 3.9415762413020197 
247 4.02566586849778 
248 3.84355587522652 
249 4.01245864644346 
250 3.70890202923432 
251 4.01128848228014 
252 3.5460047588023995 
253 4.01112771319986 
254 3.4391533052533196 
255 3.9723898422028596 
256 3.4813915079461197 
257 3.9059946759157 
258 3.3666231204720196 
259 3.9784358366964 
260 3.4432221224434203 
261 3.82442361280168 
262 3.5322603015853 
263 3.67967242378998 
264 3.5821026088907404 
265 3.7474083894539603 
266 3.7122470175079 
267 3.67837607274614 
268 3.7195382692092203 
269 3.65058858001074 
270 3.76679595519868 
271 3.7059952297318 
272 3.8815289543004803 
273 3.71580425538154 
274 3.9609534661601002 
275 3.61083053636168 
276 3.77148348523908 
277 3.6300010144248196 
278 3.89026383233116 
279 3.6687090510108398 
280 3.8353065579948398 
281 3.7578526256089604 
282 3.7838844927932 
283 3.81150787888608 
284 3.4800942364261402 
285 3.83557351788156 
286 3.55464718423774 
287 3.88831052914882 
288 3.3333873027394803 
289 3.89121024532734 
290 3.4103597121117404 
291 3.8253518853209 
292 3.31942721445766 
293 3.58630628863198 
294 3.6310475560582396 
295 3.51900201884258 
296 3.5811610303049797 
297 3.35070741774368 
298 3.8086490269945203 
299 3.2879882369084 
300 3.6004686061496 
301 3.2464038628713197 
302 3.6790750042644 
303 3.5854895395915003 
304 3.6701137588640997 
305 3.73765953448696 
306 3.81750960722382 
307 3.9581945016942597 
308 3.7681014121778604 
309 3.96821265770114 
310 3.9762497932537797 
311 3.98141342890174 
312 3.90139875147988 
313 3.92856062919804 
314 3.9327331409068798 
315 3.80175207304044 
316 3.76450638533518 
317 3.7398683358697604 
