0 3.5629950363535063 
1 4.125266040864088 
2 3.8004225480614315 
3 3.6784044474303657 
4 3.6416194100014176 
5 3.713492401650773 
6 3.111285678758017 
7 3.954040220191355 
8 3.110610944273331 
9 4.195936864223119 
10 4.060129148250306 
11 4.188336917675936 
12 3.358375054480277 
13 3.4866637285174527 
14 4.85 
15 3.2366099368692165 
16 4.976130799169819 
17 4.363493573857541 
18 2.8654423407965703 
19 2.7554854189702125 
20 4.053928859691789 
21 3.676387077290151 
22 4.046952281976258 
23 4.42743211545929 
24 3.7817324829221786 
25 3.5438169750475566 
26 3.4194732407349453 
27 3.279233333859704 
28 4.103147458431412 
29 3.3634050765918833 
30 3.046889790277161 
31 2.5268010634894704 
32 3.751055012139779 
33 4.383672549038218 
34 3.770574700389305 
35 4.789970539629045 
36 3.8057895143157716 
37 3.8669357366128447 
38 4.85 
39 4.363577549489085 
40 4.438986776733714 
41 4.445377399933953 
42 3.9408368756961942 
43 4.07331659853562 
44 3.125385992475411 
45 2.8067750140523424 
46 4.85 
47 4.0233413280796455 
48 4.043611691894637 
49 3.7882442991099694 
50 3.870230964894858 
51 3.485106616307986 
52 3.394644228880903 
53 3.445736924570222 
54 3.6294691636779426 
55 4.035993492172415 
56 2.553066907135298 
57 2.603057099391994 
58 3.553385471479354 
59 3.4639972576780744 
60 3.6055013085576033 
61 3.447461668885084 
62 4.396995938214541 
63 4.11978716783608 
64 3.2497797142038385 
65 3.2670077056729436 
66 3.659523147211849 
67 3.1479077512480167 
68 4.85 
69 4.85 
70 4.411071550024212 
71 4.163927510503498 
72 3.3790122154915574 
73 3.334356455097909 
74 3.9792991085123255 
75 4.2705226279506405 
76 4.925226924705153 
77 4.177995599660932 
78 4.310488883382522 
79 4.870515292303536 
80 3.652155388657479 
81 4.380084297072191 
82 4.871984644371251 
83 4.910145814559646 
84 4.85 
85 4.85 
86 3.655872441962854 
87 3.8336991227070256 
88 4.57937315823193 
89 4.5777287270086005 
90 3.68259877842235 
91 4.411966603912699 
92 4.85 
93 4.85 
94 4.2607858807521435 
95 3.666308276821384 
96 4.85 
97 4.943212473033984 
98 4.280899780748276 
99 4.272067258086788 
100 2.7746871953291965 
101 2.7576680462590675 
102 3.7675008112364523 
103 4.057290424365181 
104 3.3516693185631334 
105 3.7307544460952777 
106 3.9583041032064945 
107 3.7614913395206657 
108 3.1504671327982248 
109 3.092136660446692 
110 3.4844219592411734 
111 3.6648844988763063 
112 4.036160826465108 
113 4.01963133634887 
114 3.4044086550203887 
115 3.080846155276699 
116 4.211615557046664 
117 3.8554942790300673 
118 3.2470871750021235 
119 3.257711487958459 
120 3.420026531295089 
121 3.8497251026688617 
122 2.5539504840914917 
123 2.7105951921967346 
124 3.3845388491463027 
125 4.336138066736412 
126 4.00531168338082 
127 4.119818121052369 
128 4.48974102171748 
129 4.450429277412759 
130 3.6345549183748957 
131 4.3695014093725515 
132 2.95021852256337 
133 3.018911775564288 
134 3.9791601006098847 
135 4.483793701609677 
136 4.67547242392016 
137 4.1675811635973705 
138 3.5602605701445325 
139 3.315273116610063 
140 4.194515300141497 
141 4.17906802251957 
142 3.8657799198472818 
143 4.377117091959139 
144 2.93595444106096 
145 3.87888030360586 
146 3.9055395443773557 
147 3.2119343922823806 
148 3.405254138684121 
149 3.27515157825995 
150 4.033800486937043 
151 4.4622641357470165 
152 3.523090618289868 
153 3.2578651872717037 
154 4.230610009164592 
155 4.106613494658286 
156 4.494940570120198 
157 2.925587711277988 
158 3.333465701569826 
159 2.6410667868347217 
160 4.85 
161 4.0045506940130915 
162 4.266631963090381 
163 4.147687625391845 
164 3.168252635208341 
165 3.7138983120146842 
166 3.220594057526796 
167 3.090861020059986 
168 3.1918558523987426 
169 3.6443557142228378 
170 3.7766294797278177 
171 3.901858845619867 
172 3.955697285915403 
173 4.101768727077375 
174 3.175327668721837 
175 3.523322307706761 
176 2.8636412642090767 
177 3.0265259744838593 
178 4.0873422309189635 
179 4.243655135596205 
180 3.9696219428617185 
181 4.2976970285554845 
182 3.0858410681181274 
183 3.106677515048725 
184 3.655160370927743 
185 3.605541239696464 
186 3.1029331151507105 
187 3.2033607233082586 
188 2.965295001235573 
189 3.1379999864845933 
190 3.342473548506628 
191 3.760817155103229 
192 3.3204041368383095 
193 3.200592864986758 
194 3.307673563483715 
195 3.816297144818738 
196 3.4717719739700623 
197 3.5309473939022293 
198 2.912087269502928 
199 3.1162111987442174 
200 4.040953463024495 
201 4.318417666136635 
202 3.743428047528571 
203 3.4149465838490443 
204 3.7310479491392416 
205 3.980061980587779 
206 4.027129399933803 
207 3.9694747659593084 
208 3.9503621601588055 
209 3.9683000093897127 
210 3.9336665633986625 
211 3.5228649867738815 
212 3.945761065390717 
213 3.9560493022266967 
214 3.111445711938161 
215 3.4662170893716517 
216 3.976119766146354 
217 4.194204952246904 
218 3.79701666471906 
219 3.816742712790265 
220 3.736125630151154 
221 3.735371551571091 
222 4.064482661125215 
223 4.0269801777437335 
224 3.4041823402635143 
225 3.534259845843876 
226 2.9103726659265217 
227 2.947434407252876 
228 4.107784075925821 
229 3.8383360247747405 
230 3.819964603034122 
231 3.8665340830947645 
232 4.087315657801005 
233 3.888338163054492 
234 3.0595644794974164 
235 3.864042792573367 
236 2.922952591177499 
237 2.6699178037400624 
238 3.1498810843501106 
239 3.9166002079766873 
