0 11.044879407822494 
1 11.706613450186305 
2 18.351318714013196 
3 18.075702138846154 
4 11.429898163010037 
5 7.503965506445178 
6 19.653644844923644 
7 7.083285906566172 
8 20.87248008201086 
9 32.09279762496844 
10 21.310896019104234 
11 21.841465573804637 
12 10.021321839355089 
13 8.66675896213062 
14 23.180890691839192 
15 20.85203782327265 
16 24.04287736957656 
17 12.991172589807285 
18 19.468186628543844 
19 16.453283749539075 
20 14.480843791537916 
21 20.221796880649904 
22 20.398227807471027 
23 9.110882305663804 
24 23.02437310614378 
25 12.42200970824905 
26 12.299146101154172 
27 21.95855714360505 
28 16.840265955738285 
29 22.98261360336221 
30 17.296812239679987 
31 12.478553854118012 
32 12.772442270857251 
33 11.230782000990722 
34 19.77139624776091 
35 20.527811357507478 
36 11.763050879781023 
37 16.717167932785436 
38 20.079104213242438 
39 21.89562484665299 
40 20.29459382303274 
41 13.059573368372218 
42 12.921454097350585 
43 20.72223155440056 
44 19.60037571673575 
45 8.461956236659363 
46 7.81844041434358 
47 20.395351325066862 
48 16.69740241644937 
49 10.652552338235928 
50 9.045335541667205 
51 22.437232193008263 
52 19.56435384938312 
53 13.112035062929456 
54 23.349425492117216 
55 21.999097861091588 
56 10.272301573306686 
57 11.782911241273721 
58 20.669436190081953 
59 15.580624071322436 
60 20.34657495039851 
61 9.227944961960038 
62 11.710339474720175 
63 16.964298281447807 
64 8.146161928678666 
65 21.400820458395412 
66 5.433310750154477 
67 12.720882693695826 
68 19.5701961077076 
69 12.377726428986687 
70 24.308887111543857 
71 23.802736492046467 
72 26.429969438230568 
73 12.506758348416492 
74 26.665717264705133 
75 6.282123904939213 
76 23.009468637196495 
77 11.552328752031288 
78 23.036386504314205 
79 15.282468336904085 
80 12.199198413113916 
81 20.68635854742376 
82 20.223844469946094 
83 15.28653431931744 
84 17.200415010928893 
85 20.440775270111555 
86 16.52094313016488 
87 21.31511973004838 
88 7.00076278414544 
89 23.346046377005198 
90 16.217391640567605 
91 20.743548403050475 
92 25.04480749020732 
93 21.8855708672716 
94 13.575380950531454 
95 10.145922331506199 
96 16.96320053061769 
97 9.55196035563329 
98 11.643890454312007 
99 33.28495698822334 
100 21.581965905641056 
101 34.28960104643558 
102 14.171190712697737 
103 27.290320901543346 
104 22.405111029203592 
105 19.182204009951704 
106 11.816205678354303 
107 11.250604200028432 
108 23.757973978011023 
109 25.00121599389619 
110 12.522665456488832 
111 23.795174366160428 
112 29.258775601317037 
113 18.251181410730602 
114 25.159282586527503 
115 15.41949833280027 
116 21.014599929856207 
117 20.73052761645867 
118 26.96330581912623 
119 25.84975686719217 
120 16.267080359913123 
121 11.566090702022402 
122 9.290224264909464 
123 25.84975686719217 
124 26.96330581912623 
125 9.555616308527895 
126 16.267080359913123 
127 11.566090702022402 
128 9.290224264909464 
129 7.671323875036351 
130 18.21234910985671 
131 8.130938557124718 
132 14.058664020942338 
133 15.467490752999053 
134 20.621571924442215 
135 14.905290390444817 
136 11.608698419903295 
137 15.304718430376607 
138 11.608698419903295 
139 15.304718430376607 
140 18.36087849166291 
141 10.751510459789856 
142 20.61913891592681 
143 11.475209980575087 
144 9.323410422612856 
145 10.160226347815977 
146 27.05095064881459 
147 15.50706344716926 
148 12.878842032216266 
149 9.20712106245198 
150 13.799458458218044 
151 8.22122388176722 
152 18.89879469213959 
153 10.508458269862905 
154 15.010965728519484 
155 17.114369070692646 
156 22.269261196209083 
157 15.115099228443444 
158 18.127340305990145 
159 16.080480922586187 
160 12.884895290933612 
161 8.834484429138627 
162 13.794874493501027 
163 11.56960014123047 
164 16.807738853758426 
165 29.428136423274186 
166 20.43798636591772 
167 18.2597626489974 
168 10.598019521784503 
169 23.141498295134788 
170 13.206704262427225 
171 10.32154423128033 
172 16.04418908890606 
173 11.581484222268857 
174 15.863779572230943 
175 20.569590207348412 
176 23.38926870615527 
177 34.139167663744615 
178 21.945803967120305 
179 47.76078069666018 
180 18.666571723573185 
181 15.061094633123389 
182 21.412292031467764 
183 17.608033450319894 
184 14.93559713131975 
185 14.915573446940467 
186 15.344640374625008 
187 8.889420152554623 
188 12.848975740661885 
189 22.055086394564977 
190 16.560276379429475 
191 44.427891999533934 
192 17.461933329725184 
193 17.951226193023754 
194 19.548032288734365 
195 15.118858634138604 
196 17.05154119474099 
197 19.215510566848547 
198 16.072963050959174 
199 16.931085706904348 
