0 1.658164494841707 
1 1.4676115970963863 
2 2.744479850759486 
3 2.7038564715171804 
4 1.72069063597525 
5 0.9059749611046084 
6 2.9353207070985214 
7 1.175031824680782 
8 3.1120238580578414 
9 4.408628312202146 
10 3.2086459205269584 
11 2.9970194350223323 
12 1.562839292192376 
13 1.0417879989990988 
14 3.4733093689797165 
15 2.851269998483402 
16 3.593424614774587 
17 1.6604498445951366 
18 2.9428671687160075 
19 2.188705728068749 
20 2.206972477002668 
21 2.7577057562664944 
22 3.077582309630465 
23 1.099264298984259 
24 3.4513680531017243 
25 1.5745490048889208 
26 1.8854331867076897 
27 3.014171631014283 
28 2.557030110021348 
29 3.1632737977618213 
30 2.624506942596568 
31 1.583054929829262 
32 1.9546234401961986 
33 1.397354488219123 
34 2.9869083479021636 
35 2.803203972363951 
36 1.8077021349029476 
37 2.228951623092998 
38 3.0314839845990127 
39 3.004955563275212 
40 3.062626976092427 
41 1.67081074362749 
42 1.976495001733787 
43 3.124244665381905 
44 2.962081656573285 
45 1.0161598995369743 
46 1.2892120628435717 
47 3.077167402200886 
48 2.535886643547971 
49 1.6498338303963973 
50 1.4343229206067154 
51 3.368709803638037 
52 2.956847790515791 
53 1.6787620008181965 
54 3.4968907218080734 
55 3.0201053846382138 
56 1.5971311759447826 
57 1.8105673727733584 
58 3.1166510490051644 
59 2.3702697158180577 
60 3.070130135829406 
61 1.457680854407539 
62 1.800103444818031 
63 2.26660485704616 
64 1.3255695605108482 
65 2.932286625781402 
66 1.1336159951154503 
67 1.6195820184708067 
68 2.957696761559059 
69 1.8968880960229209 
70 3.630241197800254 
71 3.2814686373543465 
72 3.919408039543562 
73 1.9157270648776878 
74 3.951052679610457 
75 0.8019202755709052 
76 3.4492766111237296 
77 1.7773789493824388 
78 3.453053549691728 
79 2.325993721322384 
80 1.870884332251438 
81 2.826726570431495 
82 3.052408927444391 
83 2.010428183153386 
84 2.610271967069094 
85 2.7902763388322094 
86 2.5097545832249413 
87 3.2092497041868056 
88 1.2094310252583313 
89 3.2157874046823935 
90 2.4647635765672504 
91 2.83520290872173 
92 3.731463665392418 
93 3.257315488818366 
94 2.0728586329361045 
95 1.5399465047058278 
96 2.5752138162389056 
97 1.1585067714383488 
98 1.790536978333623 
99 4.7699308296707965 
100 3.2473424609726242 
101 4.891377074612643 
102 2.1610476368800553 
103 4.004215877109059 
104 3.3641720050465382 
105 2.60223406291391 
106 1.815373432840009 
107 1.4002644660129402 
108 3.5538607631451358 
109 3.6940143827541556 
110 1.9180519806694059 
111 3.280383871526637 
112 4.292341575753001 
113 2.4619218437491095 
114 3.7471248193155553 
115 2.0307607196643653 
116 3.166225555037343 
117 3.0915475147849705 
118 3.9908537778349644 
119 3.841098290522082 
120 2.472131166793753 
121 1.446780143710635 
122 1.4657280816960223 
123 3.841098290522082 
124 3.9908537778349644 
125 1.5004454645615484 
126 2.472131166793753 
127 1.446780143710635 
128 1.4657280816960223 
129 1.273607727317874 
130 2.759317682919977 
131 0.9761136889398472 
132 2.1443715899403806 
133 2.038099209240225 
134 3.109763336732044 
135 1.952129056286908 
136 1.7854763235966196 
137 2.013208922638166 
138 1.7854763235966196 
139 2.013208922638166 
140 2.7811150149189983 
141 1.32751453809492 
142 3.109413139938038 
143 1.4333433343888005 
144 1.4700322083814712 
145 1.24299192190449 
146 4.002544996351855 
147 2.3593469921511816 
148 1.9702367024576202 
149 1.1120225472400498 
150 2.1059917356952065 
151 1.3341785737716134 
152 2.8598640144561642 
153 1.2925259675108771 
154 2.2856723039287146 
155 2.2894502126308005 
156 3.3449624945052774 
157 2.3011371246136694 
158 2.746832443584358 
159 2.4444578315115812 
160 1.971125543615645 
161 1.063206979965806 
162 2.1053134748255493 
163 1.7798587994341273 
164 2.552217280858428 
165 4.314192061424062 
166 3.0833159862114465 
167 2.766278221703849 
168 1.6422250755085717 
169 3.467790914891137 
170 2.0184606136280756 
171 1.603907775679907 
172 2.439074029339719 
173 1.7815657227745478 
174 2.4123039937414648 
175 3.1022795361945033 
176 3.502458781143315 
177 4.899642343947512 
178 3.29910982744958 
179 6.339150221921548 
180 2.8259054895828957 
181 2.2931168354600544 
182 3.2231333679065024 
183 2.670415252693451 
184 2.2744799414029995 
185 1.9537013686471825 
186 2.3352269466912694 
187 1.070300936461961 
188 1.9658521264074378 
189 3.0282960286712806 
190 2.515580988759395 
191 5.834795407807387 
192 2.6488737228442707 
193 2.4165250596567063 
194 2.9544757907314128 
195 2.301695443875415 
196 2.588274383111615 
197 2.607235670267456 
198 2.4433426143422263 
199 2.2615468123522495 
