0 15.5 
1 15.5 
2 15.5 
3 15.5 
4 15.5 
5 15.5 
6 15.5 
7 16.5 
8 16.5 
9 16.5 
10 16.5 
11 16.5 
12 16.5 
13 16.5 
14 3.5 
15 16.5 
16 18.5 
17 18.5 
18 18.5 
19 18.5 
20 18.5 
21 18.5 
22 18.5 
23 18.5 
24 18.5 
25 18.5 
26 18.5 
27 18.5 
28 18.5 
29 18.5 
30 18.5 
31 18.5 
32 16.5 
33 16.5 
34 15.5 
35 18.5 
36 1.5 
37 18.5 
38 3.5 
39 18.5 
40 3.5 
41 18.5 
42 3.5 
43 3.5 
44 3.5 
45 3.5 
46 1.5 
47 18.5 
48 1.5 
49 16.5 
50 3.5 
51 16.5 
52 3.5 
53 16.5 
54 3.5 
55 16.5 
56 18.5 
57 1.5 
58 16.5 
59 1.5 
60 16.5 
61 1.5 
62 16.5 
63 1.5 
64 16.5 
65 3.5 
66 16.5 
67 3.5 
68 16.5 
69 3.5 
70 16.5 
71 3.5 
72 16.5 
73 3.5 
74 16.5 
75 3.5 
76 3.5 
77 3.5 
78 18.5 
79 3.5 
80 18.5 
81 3.5 
82 16.5 
83 3.5 
84 16.5 
85 18.5 
86 16.5 
87 18.5 
88 3.5 
89 18.5 
90 3.5 
91 18.5 
92 3.5 
93 16.5 
94 3.5 
95 16.5 
96 1.5 
97 16.5 
98 3.5 
99 16.5 
100 3.5 
101 16.5 
102 3.5 
103 16.5 
104 3.5 
105 16.5 
106 3.5 
107 16.5 
108 18.5 
109 16.5 
110 18.5 
111 16.5 
112 18.5 
113 16.5 
114 16.5 
115 16.5 
116 16.5 
117 16.5 
118 16.5 
119 16.5 
120 15.5 
121 16.5 
122 16.5 
123 16.5 
124 16.5 
125 16.5 
126 16.5 
127 16.5 
128 16.5 
129 16.5 
130 16.5 
131 16.5 
132 16.5 
133 16.5 
134 16.5 
135 3.5 
136 16.5 
137 3.5 
138 3.5 
139 3.5 
140 3.5 
141 3.5 
142 3.5 
143 3.5 
144 3.5 
145 3.5 
146 3.5 
147 18.5 
148 3.5 
149 16.5 
150 3.5 
151 18.5 
152 3.5 
153 18.5 
154 3.5 
155 18.5 
156 3.5 
157 3.5 
158 3.5 
159 18.5 
160 3.5 
161 18.5 
162 3.5 
163 18.5 
164 18.5 
165 18.5 
166 18.5 
167 18.5 
168 18.5 
169 3.5 
170 18.5 
171 3.5 
172 3.5 
173 3.5 
174 3.5 
175 3.5 
176 3.5 
177 3.5 
178 3.5 
179 3.5 
180 1.5 
181 3.5 
182 3.5 
183 3.5 
184 3.5 
185 3.5 
186 3.5 
187 3.5 
188 3.5 
189 18.5 
190 3.5 
191 18.5 
192 3.5 
193 16.5 
194 18.5 
195 18.5 
196 16.5 
197 18.5 
198 15.5 
199 3.5 
200 15.5 
201 16.5 
202 15.5 
203 16.5 
204 15.5 
205 16.5 
206 15.5 
207 16.5 
208 16.5 
209 16.5 
210 16.5 
211 16.5 
212 16.5 
213 18.5 
214 16.5 
215 18.5 
216 16.5 
217 18.5 
218 15.5 
219 16.5 
220 15.5 
221 16.5 
222 16.5 
223 16.5 
224 16.5 
225 16.5 
226 16.5 
227 16.5 
228 16.5 
229 16.5 
230 16.5 
231 16.5 
232 16.5 
233 16.5 
234 16.5 
235 15.5 
236 16.5 
237 16.5 
238 16.5 
239 18.5 
240 16.5 
241 18.5 
242 16.5 
243 18.5 
244 16.5 
245 18.5 
246 16.5 
247 18.5 
248 16.5 
249 18.5 
250 16.5 
251 18.5 
252 16.5 
253 18.5 
254 16.5 
255 18.5 
256 16.5 
257 18.5 
258 16.5 
259 18.5 
260 16.5 
261 18.5 
262 16.5 
263 18.5 
264 18.5 
265 18.5 
266 18.5 
267 18.5 
268 18.5 
269 18.5 
270 18.5 
271 18.5 
272 18.5 
273 18.5 
274 18.5 
275 18.5 
276 18.5 
277 18.5 
278 18.5 
279 18.5 
280 18.5 
281 18.5 
282 16.5 
283 18.5 
284 16.5 
285 18.5 
286 16.5 
287 18.5 
288 16.5 
289 16.5 
290 16.5 
291 16.5 
292 16.5 
293 16.5 
294 16.5 
295 16.5 
296 16.5 
297 16.5 
298 16.5 
299 16.5 
300 16.5 
301 16.5 
302 16.5 
303 16.5 
304 16.5 
305 16.5 
306 16.5 
307 18.5 
308 16.5 
309 18.5 
310 16.5 
311 18.5 
312 16.5 
313 18.5 
314 16.5 
315 18.5 
316 16.5 
317 18.5 
318 16.5 
319 18.5 
320 16.5 
321 18.5 
322 16.5 
323 18.5 
324 16.5 
325 18.5 
326 16.5 
327 18.5 
328 16.5 
329 18.5 
330 16.5 
331 18.5 
332 16.5 
333 18.5 
334 16.5 
335 18.5 
336 16.5 
337 18.5 
338 16.5 
339 18.5 
340 16.5 
341 18.5 
342 16.5 
343 18.5 
344 16.5 
345 18.5 
346 16.5 
347 16.5 
348 16.5 
349 16.5 
350 16.5 
351 16.5 
352 16.5 
353 16.5 
354 16.5 
355 16.5 
356 16.5 
357 16.5 
358 16.5 
359 16.5 
360 16.5 
361 16.5 
362 16.5 
363 16.5 
364 16.5 
365 16.5 
366 16.5 
367 16.5 
368 16.5 
369 16.5 
370 16.5 
371 16.5 
372 16.5 
373 16.5 
374 16.5 
375 16.5 
376 18.5 
377 16.5 
378 18.5 
379 16.5 
380 18.5 
381 16.5 
382 18.5 
383 16.5 
384 18.5 
385 16.5 
386 18.5 
387 16.5 
388 18.5 
389 16.5 
390 18.5 
391 16.5 
392 18.5 
393 16.5 
394 18.5 
395 16.5 
396 16.5 
397 16.5 
398 16.5 
399 16.5 
400 16.5 
401 16.5 
402 16.5 
403 16.5 
404 16.5 
405 16.5 
406 16.5 
407 16.5 
408 16.5 
409 16.5 
410 18.5 
411 16.5 
412 16.5 
413 16.5 
414 16.5 
415 16.5 
416 16.5 
417 16.5 
418 16.5 
419 16.5 
420 16.5 
421 16.5 
422 16.5 
423 16.5 
424 16.5 
425 16.5 
426 18.5 
427 16.5 
428 18.5 
429 16.5 
430 18.5 
431 16.5 
432 18.5 
433 16.5 
434 18.5 
435 16.5 
436 18.5 
437 16.5 
438 18.5 
439 16.5 
440 18.5 
441 16.5 
442 18.5 
443 16.5 
444 18.5 
445 16.5 
446 18.5 
447 16.5 
448 16.5 
449 16.5 
450 16.5 
451 16.5 
452 16.5 
453 1.5 
454 16.5 
455 1.5 
456 16.5 
457 1.5 
458 16.5 
459 3.5 
460 16.5 
461 3.5 
462 18.5 
463 3.5 
464 18.5 
465 3.5 
466 18.5 
467 3.5 
468 18.5 
469 3.5 
470 18.5 
471 3.5 
472 18.5 
473 18.5 
474 18.5 
475 18.5 
476 18.5 
477 18.5 
478 18.5 
479 18.5 
480 18.5 
481 18.5 
482 18.5 
483 18.5 
484 18.5 
485 18.5 
486 18.5 
487 18.5 
488 18.5 
489 18.5 
490 18.5 
491 18.5 
492 16.5 
493 18.5 
494 16.5 
495 18.5 
496 16.5 
497 18.5 
498 15.5 
499 16.5 
500 16.5 
501 16.5 
502 16.5 
503 16.5 
504 18.5 
505 18.5 
506 18.5 
507 18.5 
508 18.5 
509 18.5 
510 16.5 
511 18.5 
512 16.5 
513 18.5 
514 16.5 
515 18.5 
516 16.5 
517 18.5 
518 16.5 
519 18.5 
520 18.5 
521 18.5 
522 18.5 
523 18.5 
524 18.5 
525 18.5 
526 18.5 
527 18.5 
528 18.5 
529 18.5 
530 18.5 
531 18.5 
532 18.5 
533 18.5 
534 16.5 
535 18.5 
536 18.5 
537 18.5 
538 18.5 
539 18.5 
540 18.5 
541 18.5 
542 18.5 
543 16.5 
544 18.5 
545 16.5 
546 18.5 
547 18.5 
548 18.5 
549 18.5 
550 18.5 
551 18.5 
552 18.5 
553 18.5 
554 18.5 
555 18.5 
556 16.5 
557 18.5 
558 16.5 
559 3.5 
560 16.5 
561 3.5 
562 16.5 
563 1.5 
564 16.5 
565 16.5 
566 16.5 
567 16.5 
568 16.5 
569 16.5 
570 16.5 
571 16.5 
572 16.5 
573 16.5 
574 16.5 
575 16.5 
576 16.5 
577 16.5 
578 16.5 
579 16.5 
580 16.5 
581 16.5 
582 16.5 
583 16.5 
584 16.5 
585 16.5 
586 18.5 
587 16.5 
588 18.5 
589 16.5 
590 18.5 
591 16.5 
592 18.5 
593 16.5 
594 18.5 
595 16.5 
596 18.5 
597 16.5 
598 18.5 
599 16.5 
600 18.5 
601 16.5 
602 18.5 
603 16.5 
604 18.5 
605 16.5 
606 18.5 
607 15.5 
608 18.5 
609 16.5 
610 18.5 
611 16.5 
612 18.5 
613 16.5 
614 18.5 
615 16.5 
616 18.5 
617 16.5 
618 18.5 
619 16.5 
620 18.5 
621 16.5 
622 18.5 
623 16.5 
624 18.5 
625 16.5 
626 16.5 
627 16.5 
628 16.5 
629 16.5 
630 16.5 
631 16.5 
632 16.5 
633 16.5 
634 16.5 
635 16.5 
636 16.5 
637 16.5 
638 16.5 
639 16.5 
640 16.5 
641 16.5 
642 16.5 
643 18.5 
644 16.5 
645 18.5 
646 16.5 
647 16.5 
648 16.5 
649 16.5 
650 16.5 
651 16.5 
652 16.5 
653 16.5 
654 16.5 
655 16.5 
656 16.5 
657 16.5 
658 16.5 
659 16.5 
660 16.5 
661 16.5 
662 16.5 
663 16.5 
664 18.5 
665 16.5 
666 18.5 
667 18.5 
668 18.5 
669 18.5 
670 18.5 
671 18.5 
672 18.5 
673 18.5 
674 16.5 
675 18.5 
676 18.5 
677 16.5 
678 18.5 
679 18.5 
680 18.5 
681 16.5 
682 18.5 
683 18.5 
684 18.5 
685 18.5 
686 18.5 
687 16.5 
688 18.5 
689 16.5 
690 18.5 
691 16.5 
692 18.5 
693 16.5 
694 18.5 
695 16.5 
696 18.5 
697 16.5 
698 18.5 
699 16.5 
700 18.5 
701 16.5 
702 18.5 
703 15.5 
704 18.5 
705 15.5 
706 18.5 
707 15.5 
708 18.5 
709 15.5 
710 18.5 
711 15.5 
712 18.5 
713 15.5 
714 18.5 
715 15.5 
716 18.5 
717 16.5 
718 18.5 
719 16.5 
720 18.5 
721 16.5 
722 18.5 
723 16.5 
724 18.5 
725 16.5 
726 16.5 
727 16.5 
728 18.5 
729 1.5 
730 18.5 
731 1.5 
732 18.5 
733 1.5 
734 18.5 
735 1.5 
736 18.5 
737 1.5 
738 16.5 
739 1.5 
740 16.5 
741 3.5 
742 16.5 
743 3.5 
744 16.5 
745 3.5 
746 16.5 
747 3.5 
748 16.5 
749 18.5 
750 16.5 
751 18.5 
752 16.5 
753 18.5 
754 16.5 
755 18.5 
756 16.5 
757 16.5 
758 16.5 
759 16.5 
760 16.5 
761 16.5 
762 16.5 
763 16.5 
764 16.5 
765 16.5 
766 18.5 
767 16.5 
768 18.5 
769 16.5 
770 18.5 
771 16.5 
772 18.5 
773 16.5 
774 3.5 
775 16.5 
776 16.5 
777 16.5 
778 16.5 
779 16.5 
780 16.5 
781 16.5 
782 16.5 
783 16.5 
784 16.5 
785 16.5 
786 16.5 
787 16.5 
788 3.5 
789 16.5 
790 3.5 
791 16.5 
792 3.5 
793 16.5 
794 18.5 
795 16.5 
796 16.5 
797 16.5 
798 16.5 
799 16.5 
800 16.5 
801 16.5 
802 16.5 
803 18.5 
804 16.5 
805 18.5 
806 18.5 
807 18.5 
808 18.5 
809 18.5 
810 18.5 
811 18.5 
812 18.5 
813 18.5 
814 18.5 
815 18.5 
816 18.5 
817 18.5 
818 16.5 
819 18.5 
820 16.5 
821 18.5 
822 16.5 
823 16.5 
824 16.5 
825 18.5 
826 16.5 
827 18.5 
828 15.5 
829 18.5 
830 16.5 
831 18.5 
832 16.5 
833 18.5 
834 16.5 
835 18.5 
836 18.5 
837 16.5 
838 18.5 
839 16.5 
840 18.5 
841 16.5 
842 18.5 
843 16.5 
844 18.5 
845 16.5 
846 18.5 
847 18.5 
848 18.5 
849 18.5 
850 18.5 
851 18.5 
852 18.5 
853 18.5 
854 18.5 
855 3.5 
856 16.5 
857 16.5 
858 16.5 
859 16.5 
860 16.5 
861 16.5 
862 16.5 
863 16.5 
864 16.5 
865 16.5 
866 16.5 
867 16.5 
868 16.5 
869 16.5 
870 16.5 
871 16.5 
872 16.5 
873 16.5 
874 16.5 
875 16.5 
876 16.5 
877 1.5 
878 16.5 
879 1.5 
880 16.5 
881 3.5 
882 16.5 
883 18.5 
884 16.5 
885 18.5 
886 16.5 
887 18.5 
888 16.5 
889 18.5 
890 16.5 
891 16.5 
892 1.5 
893 18.5 
894 1.5 
895 18.5 
896 3.5 
897 18.5 
898 3.5 
899 18.5 
900 3.5 
901 3.5 
902 3.5 
903 16.5 
904 3.5 
905 16.5 
906 1.5 
907 16.5 
908 1.5 
909 16.5 
910 3.5 
911 16.5 
912 3.5 
913 1.5 
914 3.5 
915 3.5 
916 18.5 
917 3.5 
918 18.5 
919 3.5 
920 16.5 
921 3.5 
922 16.5 
923 18.5 
924 16.5 
925 18.5 
926 16.5 
927 18.5 
928 15.5 
929 18.5 
930 15.5 
931 18.5 
932 15.5 
933 18.5 
934 15.5 
935 16.5 
936 15.5 
937 16.5 
938 15.5 
939 16.5 
940 15.5 
941 16.5 
942 15.5 
943 16.5 
944 15.5 
945 18.5 
946 15.5 
947 3.5 
948 16.5 
949 3.5 
950 16.5 
951 3.5 
952 16.5 
953 3.5 
954 16.5 
955 16.5 
956 16.5 
957 16.5 
958 16.5 
959 16.5 
960 18.5 
961 16.5 
962 18.5 
963 16.5 
964 18.5 
965 16.5 
966 18.5 
967 16.5 
968 16.5 
969 16.5 
970 16.5 
971 16.5 
972 15.5 
973 16.5 
974 15.5 
975 18.5 
976 15.5 
977 18.5 
978 15.5 
979 3.5 
980 15.5 
981 18.5 
982 15.5 
983 18.5 
984 15.5 
985 18.5 
986 15.5 
987 18.5 
988 15.5 
989 18.5 
990 15.5 
991 3.5 
992 15.5 
993 3.5 
994 15.5 
995 3.5 
996 16.5 
997 3.5 
998 16.5 
999 3.5 
1000 16.5 
1001 18.5 
1002 1.5 
1003 18.5 
1004 1.5 
1005 18.5 
1006 1.5 
1007 18.5 
1008 1.5 
1009 18.5 
1010 1.5 
1011 3.5 
1012 1.5 
1013 16.5 
1014 3.5 
1015 16.5 
1016 3.5 
1017 16.5 
1018 3.5 
1019 18.5 
1020 18.5 
1021 18.5 
1022 18.5 
1023 18.5 
1024 18.5 
1025 18.5 
1026 18.5 
1027 18.5 
1028 18.5 
1029 18.5 
1030 3.5 
1031 18.5 
1032 3.5 
1033 18.5 
1034 3.5 
1035 18.5 
1036 18.5 
1037 18.5 
1038 18.5 
1039 18.5 
1040 18.5 
1041 18.5 
1042 18.5 
1043 18.5 
1044 18.5 
1045 16.5 
1046 18.5 
1047 16.5 
1048 18.5 
1049 16.5 
1050 18.5 
1051 16.5 
1052 18.5 
1053 18.5 
1054 18.5 
1055 18.5 
1056 3.5 
1057 18.5 
1058 18.5 
1059 18.5 
1060 16.5 
1061 3.5 
1062 16.5 
1063 3.5 
1064 16.5 
1065 3.5 
1066 18.5 
1067 3.5 
1068 3.5 
1069 3.5 
1070 3.5 
1071 18.5 
1072 18.5 
1073 18.5 
1074 18.5 
1075 18.5 
1076 18.5 
1077 18.5 
1078 18.5 
1079 18.5 
1080 18.5 
1081 18.5 
1082 18.5 
1083 18.5 
1084 18.5 
1085 18.5 
1086 18.5 
1087 18.5 
1088 18.5 
1089 18.5 
1090 18.5 
1091 18.5 
1092 3.5 
1093 18.5 
1094 3.5 
1095 16.5 
1096 18.5 
1097 16.5 
1098 18.5 
1099 16.5 
1100 18.5 
1101 16.5 
1102 18.5 
1103 16.5 
1104 18.5 
1105 16.5 
1106 3.5 
1107 16.5 
1108 1.5 
1109 18.5 
1110 3.5 
1111 18.5 
1112 3.5 
1113 18.5 
1114 3.5 
1115 18.5 
1116 3.5 
1117 18.5 
1118 3.5 
1119 18.5 
1120 16.5 
1121 18.5 
1122 16.5 
1123 18.5 
1124 16.5 
1125 18.5 
1126 16.5 
1127 18.5 
1128 16.5 
1129 16.5 
1130 3.5 
1131 16.5 
1132 3.5 
1133 16.5 
1134 3.5 
1135 16.5 
1136 3.5 
1137 16.5 
1138 3.5 
1139 16.5 
1140 3.5 
1141 18.5 
1142 18.5 
1143 18.5 
1144 18.5 
1145 18.5 
1146 18.5 
1147 18.5 
1148 18.5 
1149 18.5 
1150 16.5 
1151 18.5 
1152 18.5 
1153 18.5 
1154 18.5 
1155 18.5 
1156 18.5 
1157 18.5 
1158 18.5 
1159 18.5 
1160 3.5 
1161 18.5 
1162 18.5 
1163 18.5 
1164 18.5 
1165 18.5 
1166 18.5 
1167 18.5 
1168 18.5 
1169 18.5 
1170 18.5 
1171 16.5 
1172 18.5 
1173 1.5 
1174 18.5 
1175 3.5 
1176 18.5 
1177 3.5 
1178 18.5 
1179 3.5 
1180 18.5 
1181 3.5 
1182 3.5 
1183 3.5 
1184 3.5 
1185 18.5 
1186 3.5 
1187 18.5 
1188 18.5 
1189 18.5 
1190 16.5 
1191 18.5 
1192 16.5 
1193 18.5 
1194 16.5 
1195 18.5 
1196 16.5 
1197 18.5 
1198 1.5 
1199 18.5 
1200 3.5 
1201 18.5 
1202 3.5 
1203 18.5 
1204 3.5 
1205 18.5 
1206 3.5 
1207 3.5 
1208 3.5 
1209 3.5 
1210 3.5 
1211 3.5 
1212 3.5 
1213 3.5 
1214 18.5 
1215 3.5 
1216 18.5 
1217 3.5 
1218 18.5 
1219 3.5 
1220 18.5 
1221 3.5 
1222 18.5 
1223 3.5 
1224 3.5 
1225 3.5 
1226 18.5 
1227 3.5 
1228 18.5 
1229 3.5 
1230 18.5 
1231 18.5 
1232 18.5 
1233 18.5 
1234 18.5 
1235 18.5 
1236 18.5 
1237 18.5 
1238 3.5 
1239 18.5 
1240 18.5 
1241 18.5 
1242 18.5 
1243 18.5 
1244 18.5 
1245 18.5 
1246 18.5 
1247 18.5 
1248 16.5 
1249 18.5 
1250 16.5 
1251 3.5 
1252 16.5 
1253 3.5 
1254 16.5 
1255 3.5 
1256 18.5 
1257 3.5 
1258 18.5 
1259 3.5 
1260 18.5 
1261 3.5 
1262 18.5 
1263 18.5 
1264 18.5 
1265 18.5 
1266 18.5 
1267 18.5 
1268 18.5 
1269 18.5 
1270 18.5 
1271 18.5 
1272 18.5 
1273 18.5 
1274 18.5 
1275 18.5 
1276 16.5 
1277 18.5 
1278 16.5 
1279 18.5 
1280 18.5 
1281 18.5 
1282 18.5 
1283 18.5 
1284 18.5 
1285 18.5 
1286 18.5 
1287 18.5 
1288 18.5 
1289 16.5 
1290 18.5 
1291 16.5 
1292 18.5 
1293 16.5 
1294 18.5 
1295 16.5 
1296 18.5 
1297 16.5 
1298 18.5 
1299 16.5 
1300 18.5 
1301 16.5 
1302 18.5 
1303 15.5 
1304 18.5 
1305 15.5 
1306 3.5 
1307 15.5 
1308 18.5 
1309 15.5 
1310 16.5 
1311 16.5 
1312 16.5 
1313 16.5 
1314 18.5 
1315 18.5 
1316 18.5 
1317 18.5 
1318 18.5 
1319 18.5 
1320 3.5 
1321 18.5 
1322 3.5 
1323 3.5 
1324 3.5 
1325 3.5 
1326 18.5 
1327 3.5 
1328 3.5 
1329 18.5 
1330 18.5 
1331 18.5 
1332 18.5 
1333 18.5 
1334 18.5 
1335 18.5 
1336 18.5 
1337 18.5 
1338 18.5 
1339 3.5 
1340 3.5 
1341 3.5 
1342 3.5 
1343 3.5 
1344 3.5 
1345 3.5 
1346 3.5 
1347 3.5 
1348 18.5 
1349 3.5 
1350 18.5 
1351 3.5 
1352 18.5 
1353 3.5 
1354 18.5 
1355 16.5 
1356 18.5 
1357 16.5 
1358 3.5 
1359 16.5 
1360 3.5 
1361 16.5 
1362 3.5 
1363 16.5 
1364 3.5 
1365 16.5 
1366 3.5 
1367 16.5 
1368 3.5 
1369 16.5 
1370 3.5 
1371 16.5 
1372 3.5 
1373 18.5 
1374 3.5 
1375 18.5 
1376 18.5 
1377 18.5 
1378 18.5 
1379 18.5 
1380 18.5 
1381 18.5 
1382 18.5 
1383 18.5 
1384 18.5 
1385 18.5 
1386 3.5 
1387 18.5 
1388 3.5 
1389 18.5 
1390 3.5 
1391 18.5 
1392 3.5 
1393 16.5 
1394 3.5 
1395 16.5 
1396 3.5 
1397 3.5 
1398 18.5 
1399 3.5 
1400 18.5 
1401 3.5 
1402 18.5 
1403 3.5 
1404 18.5 
1405 3.5 
1406 16.5 
1407 1.5 
1408 16.5 
1409 3.5 
1410 16.5 
1411 3.5 
1412 16.5 
1413 18.5 
1414 16.5 
1415 18.5 
1416 16.5 
1417 16.5 
1418 16.5 
1419 18.5 
1420 1.5 
1421 18.5 
1422 3.5 
1423 18.5 
1424 3.5 
1425 18.5 
1426 3.5 
1427 16.5 
1428 3.5 
1429 16.5 
1430 3.5 
1431 16.5 
1432 3.5 
1433 16.5 
1434 3.5 
1435 16.5 
1436 3.5 
1437 16.5 
1438 3.5 
1439 16.5 
1440 3.5 
1441 18.5 
1442 3.5 
1443 3.5 
1444 3.5 
1445 3.5 
1446 3.5 
1447 3.5 
1448 3.5 
1449 3.5 
1450 18.5 
1451 3.5 
1452 16.5 
1453 18.5 
1454 16.5 
1455 18.5 
1456 16.5 
1457 18.5 
1458 16.5 
1459 16.5 
1460 16.5 
1461 16.5 
1462 16.5 
1463 16.5 
1464 16.5 
1465 18.5 
1466 18.5 
1467 18.5 
1468 18.5 
1469 18.5 
1470 18.5 
1471 18.5 
1472 18.5 
1473 3.5 
1474 18.5 
1475 1.5 
1476 18.5 
1477 3.5 
1478 18.5 
1479 3.5 
1480 3.5 
1481 3.5 
1482 3.5 
1483 3.5 
1484 3.5 
1485 3.5 
1486 18.5 
1487 3.5 
1488 18.5 
1489 3.5 
1490 18.5 
1491 3.5 
1492 18.5 
1493 3.5 
1494 18.5 
1495 3.5 
1496 3.5 
1497 3.5 
1498 3.5 
1499 18.5 
1500 18.5 
1501 18.5 
1502 18.5 
1503 18.5 
1504 18.5 
1505 18.5 
1506 18.5 
1507 18.5 
1508 18.5 
1509 3.5 
1510 18.5 
1511 3.5 
1512 18.5 
1513 3.5 
1514 18.5 
1515 3.5 
1516 18.5 
1517 3.5 
1518 16.5 
1519 3.5 
1520 16.5 
1521 18.5 
1522 16.5 
1523 16.5 
1524 16.5 
1525 18.5 
1526 16.5 
1527 18.5 
1528 16.5 
1529 18.5 
1530 16.5 
1531 3.5 
1532 16.5 
1533 3.5 
1534 16.5 
1535 3.5 
1536 16.5 
1537 3.5 
1538 18.5 
1539 3.5 
1540 18.5 
1541 3.5 
1542 3.5 
1543 3.5 
1544 3.5 
1545 3.5 
1546 3.5 
1547 3.5 
1548 3.5 
1549 3.5 
1550 3.5 
1551 3.5 
1552 3.5 
1553 3.5 
1554 18.5 
1555 18.5 
1556 18.5 
1557 16.5 
