0 2.5998680674172467 
1 3.2110800402711077 
2 3.324044156626737 
3 3.72193578256105 
4 3.3693188397914544 
5 3.3864259483219437 
6 2.9479181229665787 
7 2.3992393946635886 
8 3.3478332832901883 
9 2.789162740713273 
10 3.300680177193484 
11 3.1261205529721723 
12 2.911688636453996 
13 3.476500879510922 
14 3.0098504926885536 
15 3.212739678347271 
16 3.038925273396706 
17 3.5704666519432378 
18 2.895268850446312 
19 4.124960046383277 
20 3.963970377826299 
21 2.886283831005354 
22 3.387924986568887 
23 3.616296642680126 
24 2.849735038420315 
25 3.5522700096024433 
26 2.9310905706275054 
27 3.504305239100784 
28 3.4640091166672753 
29 2.9917895098840184 
30 4.0156799215830175 
31 4.078235964396656 
32 3.6508392279774835 
33 3.842513534378278 
34 3.7284035184487916 
35 3.745385716668601 
36 4.0272201790099365 
37 3.9924768959367243 
38 3.6368648445622878 
39 3.9923336307698216 
40 3.994790943115646 
41 3.7525432460415056 
42 3.994294184361998 
43 3.6198919748973957 
44 3.7786553343270186 
45 4.341744432678585 
46 4.131424881691214 
47 4.786474905756439 
48 4.118002196653873 
49 4.418882671510967 
50 4.517984304545341 
51 4.2281813043776335 
52 4.457332074050199 
53 4.85 
54 4.524580204020731 
55 4.85 
56 4.316527315364239 
57 4.429713671318706 
58 4.207519395954729 
59 4.61350369595929 
60 4.015598974122433 
61 4.8437376233734595 
62 4.548469774121806 
63 4.921711271142568 
64 4.443123606095873 
65 4.400732382031188 
66 4.093315364425071 
67 4.9209825852313305 
68 3.3525616453561073 
69 4.85 
70 3.6032525013097447 
71 4.85 
72 4.360907026740063 
73 4.329560472066077 
74 4.173248054064904 
75 4.412761189232527 
76 4.1977596024101524 
77 4.6117076829637424 
78 4.015497006539817 
79 4.85 
80 3.8212257263349407 
81 4.160242974614154 
82 4.082889547993353 
83 4.88555666550984 
84 4.205620598325279 
85 4.750888716701236 
86 3.681150473421817 
87 3.1542049315100567 
88 4.296330912107007 
89 4.514903964696755 
90 3.678457816570342 
91 4.285447830385338 
92 3.8856470044335594 
93 3.9242771560169705 
94 3.7658369419503925 
95 4.320942834462914 
96 3.3522183045278475 
97 4.85 
98 3.8963906679417075 
99 4.840356743453033 
100 3.4328969544908694 
101 4.447038389347841 
102 2.9570659163227955 
103 4.499256291540101 
104 3.379343945755367 
105 4.724511016874154 
106 3.277920354425115 
107 4.53303389665688 
108 3.6956796109389556 
109 4.394162444979741 
110 4.371675435130806 
111 4.85 
112 4.244144573267132 
113 4.147003455398469 
114 4.240907957977197 
115 4.85 
116 4.85 
117 4.217117157684935 
118 4.967674613612504 
119 4.85 
120 4.698151056475035 
121 3.670526075175011 
122 4.74547456757772 
123 4.413986532475253 
124 4.313058644201996 
125 4.85 
126 4.85 
127 4.926664708269315 
128 3.984546229930756 
129 4.4532928896694255 
130 2.6002976528191066 
131 4.078975541173739 
132 3.7818111184422496 
133 4.753290437892431 
134 3.1604795605649114 
135 3.9473347555490657 
136 3.973687392731406 
137 4.85 
138 3.607788944043767 
139 4.570436949495193 
140 3.7963082476680485 
141 4.241762711167554 
142 3.5343525203854638 
143 4.087684103700898 
144 3.7089042513656465 
145 4.85 
146 3.6176256626741634 
147 4.778086922099098 
148 4.01023923037757 
149 4.85 
150 3.6714298240389005 
151 3.8581204618652194 
152 3.615788879785543 
153 3.5745361669810065 
154 3.22934356222481 
155 4.029300056258745 
156 3.8951620485968 
157 3.7761176418872946 
158 3.6296719302635725 
159 3.758316793142351 
160 3.7099029049584558 
161 3.758316793142351 
162 3.7274304630157746 
163 3.758316793142351 
164 3.7650130156138633 
165 3.758316793142351 
166 3.3528860382593466 
167 3.758316793142351 
168 4.778632985103729 
169 3.758316793142351 
170 4.85 
171 3.9917275342279686 
172 4.419063436720917 
173 3.9917275342279686 
174 4.85 
175 3.9917275342279686 
176 3.6420217550093716 
177 3.9917275342279686 
178 4.85 
179 3.9917275342279686 
180 4.724494019288445 
181 3.758316793142351 
182 4.647284666946009 
183 3.758316793142351 
184 4.459965256487542 
185 3.758316793142351 
186 4.85 
187 3.758316793142351 
188 4.937977758325485 
189 3.758316793142351 
190 4.995286814714097 
191 3.758316793142351 
192 4.85 
193 3.758316793142351 
194 4.534398462291595 
195 3.758316793142351 
196 3.7954704694511974 
197 3.758316793142351 
198 4.466096296908995 
199 3.758316793142351 
200 4.049994819342892 
201 3.758316793142351 
202 3.4036482803596035 
203 3.758316793142351 
204 4.311896417669003 
205 3.758316793142351 
206 4.85 
207 3.276102780379456 
208 3.757977471955224 
209 3.758316793142351 
210 3.7081112104864884 
211 3.758316793142351 
212 4.139747981174124 
213 3.758316793142351 
214 4.85 
215 3.5329420895824497 
216 4.860190006078257 
217 2.98291523002856 
218 4.399539010976518 
219 3.9686205314504184 
220 4.329740160294838 
221 3.758316793142351 
222 4.85 
223 3.509803522491289 
224 4.23365040488565 
225 3.445050372817055 
226 4.484292067778438 
227 3.262076836442899 
228 4.214097193366193 
229 4.003719893560165 
230 4.425384327395582 
231 4.514576597931413 
232 3.6615320635208253 
233 3.389669318023998 
234 4.279036919738488 
235 3.629687584790082 
236 4.160246500154082 
237 3.0729926100200826 
238 3.3619326751701766 
239 3.9917275342279686 
240 4.0675257677202845 
241 3.9917275342279686 
242 3.8740517064717985 
243 3.9917275342279686 
244 4.18641813188809 
245 4.285614832746174 
246 3.9529313615986688 
247 3.463189849709561 
248 4.133171435616999 
249 3.250407231934046 
250 4.077421540064936 
251 3.9917275342279686 
252 4.2241300928742085 
253 3.6696307834705166 
254 4.542056953710873 
255 3.9917275342279686 
256 4.056253661900374 
257 3.437697838211179 
258 3.507115449656203 
259 3.9917275342279686 
260 4.532440513393713 
261 3.9917275342279686 
262 4.022700260708287 
263 3.9917275342279686 
264 4.7459599553309895 
265 3.182694671931138 
266 4.120991648048694 
267 3.9917275342279686 
268 4.471598596250285 
269 3.7111738108890293 
270 4.100619427448876 
271 3.6001443795377353 
272 3.86136185500677 
273 2.822440576537978 
274 3.619949911633253 
275 3.6720134286088966 
276 4.118049847480671 
277 3.536172124767345 
278 4.689927284789491 
279 3.9917275342279686 
280 3.586052463844942 
281 3.9917275342279686 
282 4.070251283978071 
283 4.080158853463657 
284 4.373764238706112 
285 3.5551598985583177 
286 4.292091222774859 
287 3.9917275342279686 
288 3.9453548999749315 
289 4.742982569955369 
290 4.2497223682704375 
291 3.218888338596895 
292 4.107914233957713 
293 3.105855635288649 
294 4.045845332199089 
295 3.9917275342279686 
296 3.8339313532817134 
297 3.6215753574190357 
298 4.261285260507187 
299 3.4258249493677786 
300 4.130077797516226 
301 3.7310032459676954 
302 3.752232650549635 
303 3.4240970511615485 
304 3.5239720782248876 
305 3.019552925845318 
306 3.3986161691103285 
307 3.6514075637863783 
308 3.992221360084902 
309 3.778015362700179 
310 3.302831464695165 
311 3.941967251015796 
312 3.293991550004678 
313 3.460000128837215 
314 3.354266293376913 
315 3.6709153232855756 
316 3.4766226510698215 
317 3.725000160785539 
318 3.232174139570778 
319 3.7077153487662264 
