0 4.32126766551364 
1 2.6962805443945332 
2 2.8854493305776 
3 2.9651450520659135 
4 3.1142655137222133 
5 3.2363882837748132 
6 3.3536567407376 
7 3.5142957995768467 
8 3.58316896583436 
9 3.7654635103437397 
10 3.80412067644256 
11 4.0371140273008335 
12 4.04872596902854 
13 4.497631299389414 
14 4.482185909714047 
15 4.790880416399333 
16 4.7713232952504 
17 5.0308460466658 
18 5.0235175724374 
19 5.225993326893133 
20 5.20527580310606 
21 5.391223616223233 
22 5.374060485177413 
23 5.325362910811993 
24 5.304956455360133 
25 5.3821436398592075 
26 5.373662680391487 
27 5.6059116975388 
28 5.574956694069393 
29 5.8447103066408 
30 5.836409912306181 
31 6.058376662282407 
32 6.05536926058554 
33 6.09708154434636 
34 6.14962520830328 
35 6.2001978091972925 
36 6.24277674211514 
37 6.180384938957547 
38 6.22815485585376 
39 6.25088450714692 
40 6.2684864672310665 
41 6.295907058409033 
42 6.33884441998142 
43 6.3245472720561935 
44 6.361110032672433 
45 6.324838772597233 
46 6.383429585515393 
47 6.306468353725947 
48 6.385522318702933 
49 6.237925287130434 
50 6.354803220871734 
51 6.2657878547918 
52 6.370129271404287 
53 6.196084198740681 
54 6.257318729170033 
55 6.172034714009367 
56 6.223922347102021 
57 6.169286651068201 
58 6.182321631184567 
59 6.136060637317333 
60 6.112139877917187 
61 6.107121168785841 
62 6.052262367327473 
63 6.1652673473208 
64 6.14177759290424 
65 6.192183403989353 
66 6.143979169558659 
67 6.198663825027807 
68 6.182530335528966 
69 6.281954862589781 
70 6.29372241290034 
71 6.31201530837122 
72 6.312944324591373 
73 6.266520611665246 
74 6.280841670875873 
75 6.209881720173327 
76 6.2422673047104995 
77 6.217021778049086 
78 6.21156864560086 
79 6.132407335592287 
80 6.10879384552682 
81 6.0730629923543935 
82 6.09839960375104 
83 6.130704627081627 
84 6.134131936277433 
85 6.134865179784693 
86 6.2050690090660865 
87 6.105512348206953 
88 6.2136653205026064 
89 6.1480259637543995 
90 6.2774151869680805 
91 6.171123819233954 
92 6.326396282505713 
93 6.195777507060286 
94 6.338243830527847 
95 6.260030727605026 
96 6.315134854003027 
97 6.281570926677154 
98 6.349157141046294 
99 6.293832769551454 
100 6.366617451784067 
101 6.312040473858687 
102 6.3296377894420734 
103 6.280841065586934 
104 6.302515129439047 
105 6.243930516285933 
106 6.290645248025826 
107 6.2496034738695 
108 6.287332367388307 
109 6.20962123972422 
110 6.23155373062628 
111 6.2611910895759 
112 6.246695069933627 
113 6.337329012439554 
114 6.300133943380594 
115 6.29518883186612 
116 6.256072828651447 
117 6.26605531660028 
118 6.227669487502314 
119 6.294729865039013 
120 6.2362774883162535 
121 6.182592698133766 
122 6.201172136829107 
123 6.1118789194575465 
124 6.182164830212167 
125 6.147769451331333 
126 6.204123340463513 
127 6.181955624439634 
128 6.253900319864713 
129 6.1687777152080265 
130 6.27466756645234 
131 6.206094418765967 
132 6.299346352436074 
133 6.283631405805007 
134 6.299679127026786 
135 6.2482382527668605 
136 6.250910990992993 
137 6.1910337844144125 
138 6.155786853274794 
139 6.178030320525306 
140 6.127955483781281 
141 6.244631592431387 
142 6.181845550047453 
143 6.15328539107896 
144 6.17110527030858 
145 6.180495695607867 
146 6.20621095276384 
147 6.166477524620141 
148 6.199569171716266 
149 6.13169553721816 
150 6.162909829833847 
151 5.999273490308067 
152 6.0381895235106064 
153 6.007607676396834 
154 6.027209882882627 
155 6.059251093623341 
156 6.0800754043421135 
157 6.1430842027243875 
158 6.184233073678647 
159 6.228746544004713 
160 6.231784612128593 
161 6.29970283191768 
162 6.284494738392627 
163 6.32293856834934 
164 6.260899751504 
165 6.2842697132405005 
166 6.284053757422494 
167 6.322453918229367 
168 6.287582845977247 
169 6.363533365044254 
170 6.3337181625597525 
171 6.432143105565566 
172 6.348473559827734 
173 6.334335913907927 
174 6.30034457487224 
175 6.321335352204167 
176 6.255069624855587 
177 6.247348142390094 
178 6.196498277539227 
179 6.153858582865013 
180 6.11931882714942 
181 6.0670500585188405 
182 6.079650549176487 
183 6.126808186186794 
184 6.1296037038027675 
185 6.12872587946734 
186 6.116202338637527 
187 6.17061334165182 
188 6.165694467564154 
189 6.23424638707884 
190 6.239984927797187 
191 6.259216558833679 
192 6.30808492608728 
193 6.286651328505013 
194 6.344443801831866 
195 6.296000698320687 
196 6.392709681032907 
197 6.23379625480264 
198 6.34839435054732 
199 6.201508291549559 
200 6.361219671435953 
201 6.166303234918227 
202 6.301969145319053 
203 6.120591103752166 
204 6.264516139204001 
205 6.133186929553113 
206 6.2461656056879535 
207 6.18218391984628 
208 6.25039494731116 
209 6.17947807734802 
210 6.237155048314327 
211 6.239777752597306 
212 6.286872519270087 
213 6.260866155857973 
214 6.2743582005095995 
215 6.28509934142178 
216 6.300278357579827 
217 6.25241505926824 
218 6.31803136075514 
219 6.2408100810326665 
220 6.275452834757654 
221 6.2499173529467535 
222 6.2870416979937795 
223 6.24660465955382 
224 6.3072597098132865 
225 6.227775624510553 
226 6.243995923458627 
227 6.2649077841393 
228 6.248153138780807 
229 6.29710983191454 
230 6.27951268814024 
231 6.282710338885047 
232 6.236114686849306 
233 6.278526743069693 
234 6.195873101622767 
235 6.259662512243513 
236 6.231516459174833 
237 6.266517561720914 
238 6.242319461334334 
239 6.251726257490847 
240 6.2412950365858935 
241 6.2656208365162405 
242 6.289195589421553 
243 6.22291247628842 
244 6.2432748570201335 
245 6.229028937266134 
246 6.238219290656713 
247 6.157872071663654 
248 6.169571693586914 
249 6.115596494876546 
250 6.09021375648702 
251 6.094636728723859 
252 6.041599650928234 
253 6.110202818602587 
254 6.0958927419977735 
255 6.08949143809532 
256 6.063515823263426 
257 6.057666486633053 
258 6.046005085568513 
259 6.086249341010354 
260 6.08434945790344 
261 6.10857910526088 
262 6.1351831558234196 
263 6.074619145221679 
264 6.08210058523596 
265 6.108680962964693 
266 6.10057613618292 
267 6.163235914014646 
268 6.145503689630967 
269 6.215700919430053 
270 6.20030474567594 
271 6.19383994871912 
272 6.169282213413894 
273 6.265500771418466 
274 6.2269302531094795 
275 6.334349558513747 
276 6.258473585510013 
277 6.320644125234793 
278 6.2720361742298065 
279 6.273934634744593 
280 6.241403164102787 
281 6.28559202183568 
282 6.24951284807502 
283 6.304529523835247 
284 6.2812039936749535 
285 6.25024822490278 
286 6.263019762773773 
287 6.230421910049027 
288 6.219927146335087 
289 6.2443300233536405 
290 6.258148152089366 
291 6.20100177066308 
292 6.19246180144158 
293 6.201437722179906 
294 6.20352699643282 
295 6.14698086588016 
296 6.166913436641946 
297 6.084806891869234 
298 6.111163944032754 
299 6.063058643675721 
300 6.111320993904247 
301 6.073032941548633 
302 6.073032941548633 
303 6.034836880833939 
304 6.056719852394834 
305 6.0409956285482735 
306 6.031289149881907 
307 6.049602540264993 
308 6.02794173774842 
309 6.120157887826573 
310 6.0720759457811795 
311 6.1758506962371404 
312 6.113019778493513 
313 6.172667185659559 
314 6.151379434322254 
315 6.230377205464326 
316 6.209239732471381 
317 6.2653233984389525 
318 6.27564179005834 
319 6.26280367700246 
320 6.259439240430759 
321 6.332044920879301 
322 6.3193965913870676 
323 6.278271683126493 
324 6.25720802847022 
325 6.267719132652086 
326 6.254990058950266 
327 6.256986050685501 
328 6.2217926993261194 
329 6.246033138466459 
330 6.21822840962156 
331 6.197130713749666 
332 6.197892933292334 
333 6.285238304010327 
334 6.306506896974613 
335 6.301357176942706 
336 6.303041440355407 
337 6.309075930447007 
338 6.324580630146907 
339 6.3083433437689065 
340 6.30923823383664 
341 6.295999289387807 
342 6.298634077548987 
343 6.296660504867226 
344 6.271868017841814 
345 6.2829369268077535 
346 6.264998545358613 
347 6.28362927966106 
348 6.270662807364054 
349 6.305862461133613 
350 6.29980122634682 
351 6.323458690446113 
352 6.295350574122554 
353 6.3494858447069795 
354 6.303482690121393 
355 6.36201266032872 
356 6.324963842913246 
357 6.3768245700809665 
358 6.326579072863386 
359 6.3539055003119325 
360 6.303898097020394 
361 6.3290198336565595 
362 6.300060774073679 
363 6.309561693036653 
364 6.301486207206946 
365 6.323682670932513 
366 6.32519302379832 
367 6.348824919791833 
368 6.34505258825736 
369 6.3553986004985665 
370 6.330666522228307 
371 6.3687191406591666 
372 6.334367610003899 
373 6.3839449285090595 
374 6.304414420883113 
375 6.364535632099746 
376 6.3029941480407 
377 6.340657998264973 
378 6.243261986282594 
379 6.283996455918927 
380 6.247985244348367 
381 6.31204919976994 
382 6.28052097192596 
383 6.211747738226787 
384 6.249089821309039 
385 6.2368395556757 
386 6.256624859740214 
387 6.231156921708734 
388 6.301479634058826 
389 6.253727947728294 
390 6.285775174842013 
391 6.16255873956102 
392 6.13933803868722 
393 6.195844362551406 
394 6.157466584781001 
395 6.192710624963699 
396 6.139498540166154 
397 6.178240058315487 
398 6.1159971788085405 
399 6.197948918203093 
400 6.135438756033939 
401 6.28226577877766 
402 6.273023571592474 
403 6.230393384222347 
404 6.240319383002734 
405 6.10871792210762 
406 6.14698860538866 
407 6.042096648259147 
408 6.064623850397607 
409 5.978455940863459 
410 6.002472639423513 
411 5.958659619419713 
412 5.982437609706939 
413 6.029943853308473 
414 6.0134481590460735 
415 6.111354638945514 
416 6.110996188801294 
417 6.1854406408188725 
418 6.230600758639273 
419 6.2080033668736005 
420 6.274136924586227 
421 6.2142366192500935 
422 6.32936947107748 
423 6.210544127468626 
424 6.351478172669167 
425 6.1959726373852275 
426 6.315156707235446 
427 6.202146685986 
428 6.282922682203154 
429 6.15497304401642 
430 6.24486480119482 
431 6.15497304401642 
432 6.24486480119482 
433 6.15497304401642 
434 6.24486480119482 
435 6.15497304401642 
436 6.24486480119482 
437 6.143131402961333 
438 6.187308931178474 
439 6.165932459401507 
440 6.224733914582707 
441 6.171530868081393 
442 6.227515589632593 
443 6.14305655399576 
444 6.20418949298022 
445 6.2145516613571665 
446 6.292458757010746 
447 6.258843145106034 
448 6.362618011199994 
449 6.257309626871507 
450 6.357667400914839 
451 6.2772402175797 
452 6.374497868541259 
453 6.281821577516446 
454 6.3897526165217675 
455 6.239375070629634 
456 6.3227983681946265 
457 6.20776600649402 
458 6.2594065123619735 
459 6.23337382140074 
460 6.237875597545167 
461 6.282836193022093 
462 6.240936390758706 
463 6.30076694922644 
464 6.210771905434573 
465 6.380332975470433 
466 6.20774152784742 
467 6.462618121563193 
468 6.28644448809766 
469 6.3499694620489135 
470 6.211920598053253 
471 6.260931197677247 
472 6.138960853960607 
473 6.1569234114259395 
474 6.0873207189250875 
475 6.01450679694122 
476 6.0230968486296925 
477 5.938296140550061 
478 5.973719610135533 
479 5.988765998920553 
480 6.008484542265321 
481 6.0497275578274925 
482 6.117049540303166 
483 6.186843312237106 
484 6.226172939318221 
485 6.228198563753346 
486 6.29253217117812 
487 6.251477027732666 
488 6.291024790499733 
489 6.247074477123206 
490 6.314255391293307 
491 6.1755484071960725 
492 6.223226982765354 
493 6.112005476043393 
494 6.171604957445253 
495 6.121207808654479 
496 6.146998904591953 
497 6.1060735270285065 
498 6.1821293346307735 
499 6.119007309509933 
500 6.198890052981014 
501 6.14795450376162 
502 6.197230218784033 
503 6.1747686067494065 
504 6.217712296014347 
505 6.2203457146143135 
506 6.231344044192234 
507 6.26282209057792 
508 6.217389219673474 
509 6.2610643609183265 
510 6.186350677612173 
511 6.289068392039693 
512 6.2342745250586065 
513 6.2316775063092935 
514 6.18075575662816 
515 6.186003087788553 
516 6.167478105322027 
517 6.162379246706287 
518 6.143399898178314 
519 6.127147287610754 
520 6.117321406391407 
521 6.1723852809881 
522 6.13658315734094 
523 6.16876130209688 
524 6.153427964654654 
525 6.2171148894601 
526 6.1572599246668736 
527 6.1613958632515 
528 6.097310257916727 
529 6.169665642429913 
530 6.0998812686254995 
531 6.1108671143048 
532 6.094004734363747 
533 6.21296661185822 
534 6.154855958366934 
535 6.1387369785353805 
536 6.119843035105107 
537 6.16027689412818 
538 6.1392993968003795 
539 6.245129408470106 
540 6.182710657907627 
541 6.17158768892346 
542 6.067182492135953 
543 6.06340520876972 
544 5.982283940228007 
545 6.109874876073939 
546 6.008047373519333 
547 6.025710947950067 
548 5.95806608437372 
549 5.923133890548507 
550 5.9028073036137805 
551 5.98995420133086 
552 6.029387043729226 
553 6.076122300021833 
554 6.1223597232981275 
555 6.119719801317239 
556 6.200031449967834 
557 6.18547581922904 
558 6.267871625171767 
559 6.235129513353553 
560 6.280395621916074 
561 6.249303414936507 
562 6.261278350142507 
563 6.175070353120421 
564 6.1646134940664865 
565 6.077703448500613 
566 6.062723094282 
567 6.041538414734113 
568 6.035906987102987 
569 6.0577080065221525 
570 6.111485779193099 
571 6.050691612525487 
572 6.105687284243619 
573 6.1516809007576265 
574 6.206371948934319 
575 6.226862129846274 
576 6.2345382789116135 
577 6.280801623035367 
578 6.26597178450136 
579 6.277322555280887 
580 6.270847463775193 
581 6.247101591854213 
582 6.235232980134686 
583 6.174970738187473 
584 6.17274197622386 
585 6.217271934359747 
586 6.260485833315407 
587 6.227054266644327 
588 6.26672631249714 
589 6.236370215803473 
590 6.263781549138233 
591 6.28311879546978 
592 6.289752933056341 
593 6.339082489343034 
594 6.345525540225847 
595 6.25993098675578 
596 6.256468768041686 
597 6.275296209555613 
598 6.27902148931112 
599 6.2999098181599935 
600 6.295770260460793 
601 6.293051358983127 
602 6.3078990510607795 
603 6.194119871860707 
604 6.226550204005687 
605 6.150508930469587 
606 6.191032307007807 
607 6.13607721280042 
608 6.193824766681374 
609 6.111391497598714 
610 6.1816222632525735 
611 6.076659632495507 
612 6.1081015112106 
613 6.145451370266273 
614 6.13254160769472 
615 6.232609224637513 
616 6.226498944639981 
617 6.212576324855173 
618 6.201468584589594 
619 6.12899323635694 
620 6.120913748623167 
621 6.031862749951681 
622 6.04071260323472 
623 5.9714982660251605 
624 6.002230757719393 
625 5.945278511858899 
626 5.937240331052006 
627 5.954246536787013 
628 5.936818748483454 
629 6.029520353292813 
630 6.015699871904527 
631 6.1686506398517595 
632 6.168299238750699 
633 6.2690330368434 
634 6.284822559898941 
635 6.275810901939081 
636 6.311200515822353 
637 6.325888203107094 
638 6.350310989271713 
639 6.3320193637347595 
640 6.391170565341773 
641 6.27283684799112 
642 6.350804764726033 
643 6.164009654543474 
644 6.277295169673587 
645 6.12429591337872 
646 6.26518883523334 
647 6.1149401924298665 
648 6.263534226445773 
649 6.0701757395178 
650 6.191303132471833 
651 6.092662943047866 
652 6.22169552476544 
653 6.146047114849207 
654 6.288604480722113 
655 6.162272825183099 
656 6.29564103285128 
657 6.095690928309453 
658 6.29509070981998 
659 6.153357009227847 
660 6.3556522987035065 
661 6.095104040157767 
662 6.3198816103074735 
663 6.077082145517566 
664 6.291268188556313 
665 6.0573751964283 
666 6.294846483132207 
667 6.0947783704713 
668 6.284358621083446 
669 6.027376122435066 
670 6.211001641214666 
671 6.0342900789228 
672 6.13279744954312 
673 6.012763025877841 
674 6.085949479400774 
675 5.97971585115788 
676 5.99884434242874 
677 5.899724354059853 
678 5.883829044510434 
679 5.9336607274531135 
680 5.9021743054252935 
681 5.990587597045106 
682 6.010054051436447 
683 6.042990766483527 
684 5.9970177089099 
685 6.147578386812273 
686 6.1192901510489675 
687 6.2229220817572 
688 6.197944140816873 
689 6.230850651204314 
690 6.202603485317414 
691 6.197135346530467 
692 6.144639429778294 
693 6.17779154064302 
694 6.142522537897807 
695 6.10821249797574 
696 6.061011696438253 
697 6.1193395983625125 
698 6.020405243295261 
699 6.165227206318253 
700 6.07944743875382 
701 6.192869573768294 
702 6.12146605680104 
703 6.167104604194914 
704 6.10975782020786 
705 6.1768867330976995 
706 6.12522294856742 
707 6.13417384510974 
708 6.145500256742987 
709 6.0932490406901065 
710 6.11217043890208 
711 6.05596627755666 
712 6.071959938022833 
713 6.085790272275073 
714 6.12162796562992 
715 6.131782632368826 
716 6.154980511093286 
717 6.196075272534774 
718 6.216931370508013 
719 6.168975796736141 
720 6.201795204760287 
721 6.188915623402193 
722 6.212123207526293 
723 6.130948732203806 
724 6.141948342063287 
725 6.0955415428098005 
726 6.12864785482472 
727 5.9819400820832 
728 6.014134299659034 
729 5.9496863821483394 
730 5.947864806612146 
731 6.00417131107406 
732 6.0302338688886 
733 5.951533349717167 
734 6.003792575582787 
735 5.986989965269827 
736 6.036683216092594 
737 6.069766362183767 
738 6.111076217845127 
739 6.068090948497647 
740 6.109826697965961 
741 6.12276547476516 
742 6.142913057304614 
743 6.205125026389894 
744 6.209607252152587 
745 6.164533470792133 
746 6.1553583652497394 
747 6.1808351662380465 
748 6.162848602426799 
749 6.219689185037066 
750 6.21048641344958 
751 6.2972312290199 
752 6.314845136246813 
753 6.267035910731047 
754 6.274753149911473 
755 6.31509570849432 
756 6.3314648168632734 
757 6.307467409258507 
758 6.353586466380707 
759 6.329971275242753 
760 6.3791650396911 
761 6.3366325723305 
762 6.386079349064926 
763 6.343639544356001 
764 6.4300513389054395 
765 6.340261069018247 
766 6.4435846738407605 
767 6.382623797424993 
768 6.492624282557206 
769 6.22505709821744 
770 6.339404429365366 
771 6.131011306821173 
772 6.241370463503727 
773 6.014683253124653 
774 6.093768433562 
775 5.862184237975174 
776 5.932867685715787 
777 5.884694236883093 
778 5.910806267453986 
779 5.953767040678033 
780 5.967503456582233 
781 6.09725251976398 
782 6.09073504927954 
783 6.217355164457341 
784 6.1936553474124665 
785 6.281833303968626 
786 6.263705447254114 
787 6.234966869556054 
788 6.226818600272914 
789 6.154040851738433 
790 6.17169097096346 
791 6.123990931690887 
792 6.1039392031667665 
793 6.07676172886218 
794 6.086374959108407 
795 6.144506205362827 
796 6.139466038176327 
797 6.114040511867194 
798 6.13095239339044 
799 6.193934373852353 
800 6.174169755136487 
801 6.237759994436267 
802 6.255128427028754 
803 6.318998478204527 
804 6.31049475008476 
805 6.318745780872834 
806 6.311056136189314 
807 6.37992423072832 
808 6.356319284702306 
809 6.3433103790999334 
810 6.306549042248246 
811 6.321484495192586 
812 6.294470218804981 
813 6.2623054993203136 
814 6.272197028126926 
815 6.23818030956354 
816 6.265656075026193 
817 6.1901645632128535 
818 6.213140663643227 
819 6.252280758289594 
820 6.28055545837164 
821 6.271635298091494 
822 6.2839497498815335 
823 6.286169645445894 
824 6.263651049234894 
825 6.2955752660696405 
826 6.247395994607913 
827 6.3153574732476265 
828 6.280551893801487 
829 6.22635846401582 
830 6.17198331941312 
831 6.207118734436907 
832 6.157682542196853 
833 6.216194478980733 
834 6.184288319252279 
835 6.231618738140093 
836 6.21695251793692 
837 6.263931384174253 
838 6.287121903233687 
839 6.310054318838307 
840 6.340842339915653 
841 6.272527510175514 
842 6.3409850675049 
843 6.26079064516738 
844 6.280372405159106 
845 6.25383656562992 
846 6.285368755404654 
847 6.19321605250176 
848 6.193263075960174 
849 6.157389957523979 
850 6.157227892203619 
851 6.097829134891193 
852 6.086290254767206 
853 6.094992465742513 
854 6.150764505563353 
855 6.141407440953841 
856 6.173496043057753 
857 6.133281203656014 
858 6.212251164496827 
859 6.235542886025047 
860 6.31267708356238 
861 6.303228684813507 
862 6.377820944412093 
863 6.336262708681847 
864 6.3799118112048925 
865 6.295002832442914 
866 6.360427144403854 
867 6.342548551391786 
868 6.367111185084153 
869 6.274243461458634 
870 6.290723640362373 
871 6.23698222149374 
872 6.252617670936253 
873 6.191755832790933 
874 6.186152255647859 
875 6.1706772513016865 
876 6.174417295823219 
877 6.1566165052516135 
878 6.116831003978247 
879 6.1208489468101 
880 6.0850092193075405 
881 6.09084182471942 
882 6.108085705067974 
883 6.122826754112786 
884 6.153784614455273 
885 6.114921213103667 
886 6.1430984554560135 
887 6.055938939055687 
888 6.106832405301606 
889 6.042739894166093 
890 6.117372527626993 
891 6.086801448765587 
892 6.10958465355568 
893 6.03151729227854 
894 6.05488008743984 
895 6.085096720883313 
896 6.08271181504766 
897 6.01494453106424 
898 6.049303776226466 
899 6.067382646529873 
900 6.11779026567752 
901 6.103487497257913 
902 6.167279301580127 
903 6.181826552489633 
904 6.268228531287227 
905 6.184496517614093 
906 6.288828481986813 
907 6.273222285565414 
908 6.371496558071693 
909 6.27294383728708 
910 6.31690134025452 
911 6.2648553222999865 
912 6.29563229235018 
913 6.197809582891034 
914 6.2444313350345935 
915 6.189106422652447 
916 6.216246115743107 
917 6.223445102181127 
918 6.22599754969806 
919 6.214325123229166 
920 6.23161132984632 
921 6.196574222154047 
922 6.2333239558597 
923 6.2436975320308 
924 6.29026608704442 
925 6.206684439825341 
926 6.252717422782973 
927 6.1958324686906066 
928 6.2343574685292396 
929 6.2235372982217205 
930 6.228741500830593 
931 6.2069783480844265 
932 6.19802748408826 
933 6.190815301806727 
934 6.17309283769374 
935 6.147778765448906 
936 6.1795583952910995 
937 6.187154031217833 
938 6.261583119440626 
939 6.1741403878904535 
940 6.246655342913893 
941 6.191268918116701 
942 6.24759274185568 
943 6.24946830238856 
944 6.26783893999118 
945 6.351264233884973 
946 6.298874515750486 
947 6.322694079314773 
948 6.228932991023427 
949 6.341415044270501 
950 6.266481902523626 
951 6.364537651291613 
952 6.301148250695873 
953 6.373947332839826 
954 6.3265671108478125 
955 6.395081573345453 
956 6.35502804176226 
957 6.403535832168206 
958 6.40959749137804 
959 6.398311448157053 
960 6.433979757553247 
961 6.34880782312736 
962 6.431441459965767 
963 6.2920430147463335 
964 6.389690591703514 
965 6.2477366571763335 
966 6.361787155559953 
967 6.17673705035266 
968 6.284872000038614 
969 6.0808922676494 
970 6.167459914599193 
971 6.06888361170192 
972 6.142906704424367 
973 6.073400097440214 
974 6.139803847407393 
975 6.034728037342013 
976 6.088443898598659 
977 6.010720329839607 
978 6.069889428312607 
979 6.01212774373974 
980 6.03914024361016 
981 6.087215257264966 
982 6.10773924680418 
983 6.037514597743587 
984 6.066922964007573 
985 6.083467936667373 
986 6.164409029754114 
987 6.168101026027146 
988 6.169997944174727 
989 6.1555076607197465 
990 6.223730067601873 
991 6.172554878112726 
992 6.241130285710327 
993 6.1957964749562064 
994 6.2337932254255675 
995 6.17053230913056 
996 6.164025473436927 
997 6.1363339818950395 
998 6.165098955610913 
999 6.16465882058488 
1000 6.21249737320976 
1001 6.222128750023454 
1002 6.215091679986373 
1003 6.259392491631694 
1004 6.282417422300654 
1005 6.293226604503347 
1006 6.321917745525127 
1007 6.369658506047407 
1008 6.395713302019701 
1009 6.356627755464594 
1010 6.379579334384553 
1011 6.307888882257 
1012 6.352034546298434 
1013 6.308016533988533 
1014 6.349089797990714 
1015 6.2853950103919525 
1016 6.332524655509659 
1017 6.305264031431733 
1018 6.353734373952606 
1019 6.3124701966987935 
1020 6.351900032284593 
1021 6.322418313085 
1022 6.360487095198393 
1023 6.298181675711554 
1024 6.321597082855433 
1025 6.3136219678630665 
1026 6.337707981992899 
1027 6.2490811130813535 
1028 6.297420198782067 
1029 6.244149967827067 
1030 6.250082264048434 
1031 6.177374814301974 
1032 6.2116009195774735 
1033 6.2039509238171995 
1034 6.251747663315533 
1035 6.146929791130127 
1036 6.1936458602298465 
1037 6.1685588724976474 
1038 6.201576485351313 
1039 6.147142730877447 
1040 6.119705623956746 
1041 6.190998958721033 
1042 6.15584394271632 
1043 6.1357190854504795 
1044 6.09201217420236 
1045 6.130246852880361 
1046 6.0372847629349 
1047 6.173399088503807 
1048 6.075775212870006 
1049 6.223309691406667 
1050 6.1431252387394535 
1051 6.1322174479013265 
1052 6.073170052588506 
1053 6.188804503762113 
1054 6.135896966718181 
1055 6.155069019615773 
1056 6.152249159437107 
1057 5.962147565232766 
1058 5.980978973166287 
1059 5.981051641778106 
1060 6.020547899549246 
1061 5.9814355043512535 
1062 6.040929789900207 
1063 5.964045172228847 
1064 6.049479597413153 
1065 6.035135294912493 
1066 6.130894375972541 
1067 6.16339982369736 
1068 6.22507912169884 
1069 6.205915432458686 
1070 6.243636017463573 
1071 6.269882912018353 
1072 6.2688019341033465 
1073 6.245793570646433 
1074 6.231762398767073 
1075 6.236662341169546 
1076 6.175239290009287 
1077 6.247022241778414 
1078 6.143784285734546 
1079 6.26963231971796 
1080 6.1813023935834535 
1081 6.27890689587758 
1082 6.218882015005793 
1083 6.33857711797468 
1084 6.252164624808493 
1085 6.324409336562733 
1086 6.269027802271267 
1087 6.3100574137842536 
1088 6.294606722912833 
1089 6.185761486597407 
1090 6.211543993963087 
1091 6.1224895597444595 
1092 6.160948210018099 
1093 6.068453401307154 
1094 6.1081150507296735 
1095 6.078549443056307 
1096 6.136465339048467 
1097 5.986675929150533 
1098 6.05468640385514 
1099 6.07490607012532 
1100 6.0878382465406995 
1101 6.121001178386201 
1102 6.117499413592167 
1103 6.1706501329396595 
1104 6.15741030129534 
1105 6.21397969243116 
1106 6.189079483774787 
1107 6.300907365073326 
1108 6.27125594620822 
1109 6.267599971236099 
1110 6.260492504848586 
1111 6.251270048243793 
1112 6.287339864040553 
1113 6.205746819378587 
1114 6.269691997642799 
1115 6.146436198867947 
1116 6.192478909197299 
1117 6.137101813377527 
1118 6.186192563307887 
1119 5.849462464610354 
1120 6.294981778083773 
1121 5.5205063169145 
1122 6.3728122449416205 
1123 5.244656079541893 
1124 6.513475636075353 
1125 4.871880573378567 
1126 6.596246622202653 
1127 4.509043535344107 
1128 6.7041900834165995 
1129 4.438595625053433 
1130 6.821556496470801 
1131 4.311453300066247 
1132 6.909802639308867 
1133 4.119961730037587 
1134 7.090253996430133 
1135 4.062012115173727 
1136 7.241463429964334 
1137 3.96254092800238 
1138 7.3498128479892 
1139 4.026084462641246 
1140 7.3039964801562 
1141 4.043746730116147 
1142 7.2122642076795325 
1143 4.1501620633014396 
1144 6.758201138529134 
1145 4.21492390178142 
1146 6.757478803028866 
1147 4.27375606057452 
1148 6.634877596854774 
1149 4.254603993758066 
1150 6.667209001653467 
1151 4.16132356065576 
1152 6.694390328853133 
1153 4.117082845894027 
1154 6.679094600068534 
1155 4.113415594147887 
1156 6.733717029897067 
1157 4.111575467545014 
1158 6.7781949765882 
1159 4.398092059484426 
1160 6.6822532925408 
1161 4.6980098836399735 
1162 6.585274525785727 
1163 4.9907559258005 
1164 6.547779539561261 
1165 5.283944080800054 
1166 6.3639591494346925 
1167 5.622511500206826 
1168 6.325469994022714 
1169 5.53971278850766 
1170 6.258240512613334 
1171 5.48981224529744 
1172 6.260460010114319 
1173 5.511244487009987 
1174 6.396977002917921 
1175 5.4346141291577075 
1176 6.288130854409514 
1177 5.278661246158073 
1178 6.148272647004201 
1179 5.503179965606186 
1180 6.1871257321224205 
1181 5.663379518139794 
1182 6.162484803469546 
1183 5.780415850982447 
1184 6.140126910732087 
1185 5.970952715963814 
1186 6.159842661861373 
1187 6.163858664193074 
1188 6.1443156494161135 
1189 6.161857364224166 
1190 6.112314201166293 
1191 6.17609193735176 
1192 6.112112722817106 
1193 6.2074147514387406 
1194 6.14568707750568 
1195 6.183929710390693 
1196 6.171722597092207 
1197 6.265864679919127 
1198 6.292465342208719 
1199 6.2622072824349795 
1200 6.2933156588093135 
1201 6.21147973631986 
1202 6.17542281339508 
1203 6.24962350017226 
1204 6.2083267746395 
1205 6.19435090810202 
1206 6.156033891017354 
1207 6.161474899523454 
1208 6.139260902141253 
1209 6.15582709365048 
1210 6.15650738845592 
1211 6.1885134195939395 
1212 6.2815844610335 
1213 6.203609907088033 
1214 6.309460315482366 
1215 6.245941693049733 
1216 6.35018078243666 
1217 6.22461463843504 
1218 6.31294053845026 
1219 6.217430748335807 
1220 6.256277144060206 
1221 6.195341808571601 
1222 6.21229575537546 
1223 6.202545096317053 
1224 6.184179763233121 
1225 6.238869860717166 
1226 6.181063777831199 
1227 6.205446064333734 
1228 6.171031273018806 
1229 6.21457534898628 
1230 6.204773325782753 
1231 6.215722505348513 
1232 6.217669829231187 
1233 6.147288868132267 
1234 6.155888281609593 
1235 6.095445849361901 
1236 6.14984251974698 
1237 6.123939888237566 
1238 6.137482456039287 
1239 6.11582835415528 
1240 6.09014579688884 
1241 6.09827242878296 
1242 6.125093091266259 
1243 6.085173653051807 
1244 6.130483422101573 
1245 6.1428915886343205 
1246 6.166141564279293 
1247 6.17975967839154 
1248 6.223147961050846 
1249 6.129892841831413 
1250 6.181976823660867 
1251 6.131927113731007 
1252 6.1579955818062535 
1253 6.153822817424026 
1254 6.16065063159938 
1255 6.102540245687474 
1256 6.1040030027423535 
1257 6.071575896639453 
1258 6.0638199842791325 
1259 6.12880444770126 
1260 6.109970941736306 
1261 6.1237418893645925 
1262 6.0818996610197 
1263 6.134258367519473 
1264 6.126182693727146 
1265 6.158349376269119 
1266 6.154743453688553 
1267 6.110841205210186 
1268 6.134841570220273 
1269 6.148922349303227 
1270 6.174117297667354 
1271 6.1857864314446465 
1272 6.217823567850626 
1273 6.157538822969166 
1274 6.158623829566133 
1275 6.13934189782638 
1276 6.124649383761073 
1277 6.17989583966624 
1278 6.150579748024853 
1279 6.193591431682346 
1280 6.152892938440967 
1281 6.215700687730419 
1282 6.1724215313447 
1283 6.2220436000956925 
1284 6.21099947993962 
1285 6.199217170124606 
1286 6.194960975576753 
1287 6.21326551162536 
1288 6.162473007524067 
1289 6.12004814574748 
1290 6.11330461115952 
1291 6.051675744239474 
1292 6.087875090696307 
1293 6.05950208930476 
1294 6.076038570288859 
1295 6.08460652216376 
1296 6.152969371707306 
1297 6.04423351704592 
1298 6.16386161667634 
1299 6.076787842803619 
1300 6.183932149626259 
1301 6.138570290980806 
1302 6.194956647020047 
1303 6.16713247080618 
1304 6.20753036521824 
1305 6.23960696055162 
1306 6.24146778721392 
1307 6.244704386696566 
1308 6.255497928214886 
1309 6.290808502244953 
1310 6.316618526782507 
1311 6.272219835634494 
1312 6.303499286438967 
1313 6.275742320572746 
1314 6.277187793285361 
1315 6.2583850601115065 
1316 6.244187689912793 
1317 6.29648049881424 
1318 6.252905318192966 
1319 6.26874062926532 
1320 6.201386925995254 
1321 6.264045253010074 
1322 6.245712347697367 
1323 6.278546824226133 
1324 6.295137430845201 
1325 6.24939775559326 
1326 6.295268326927707 
1327 6.234955509350847 
1328 6.2871144255654805 
1329 6.174183906147079 
1330 6.234080726964013 
1331 6.115627321264566 
1332 6.155025730576093 
1333 6.054879724012779 
1334 6.140131556891521 
1335 6.051184263357393 
1336 6.09841919676266 
1337 6.069084021978547 
1338 6.09706256468752 
1339 6.13487352624148 
1340 6.142663441446067 
1341 6.2071254752832665 
1342 6.1946438126540935 
1343 6.2475858913214735 
1344 6.18191366923486 
1345 6.27983470715688 
1346 6.230681560639421 
1347 6.281628281509827 
1348 6.237190161066894 
1349 6.217747775019753 
1350 6.176575205961773 
1351 6.207572930990193 
1352 6.191431916666127 
1353 6.184383956137867 
1354 6.17728403927962 
1355 6.183128067032619 
1356 6.195964293752013 
1357 6.213799996883787 
1358 6.21221496064096 
1359 6.289417621940227 
1360 6.273302151106833 
1361 6.339712529762241 
1362 6.33227858689154 
1363 6.367692636315007 
1364 6.351784843476881 
1365 6.360823868317694 
1366 6.317307693222273 
1367 6.352039050731867 
1368 6.317359607594973 
1369 6.307107158371713 
1370 6.3024087662992265 
1371 6.220311388625414 
1372 6.22394698864096 
1373 6.122094408979627 
1374 6.111834599981534 
1375 6.07306184720964 
1376 6.135251488131673 
1377 6.024831307324334 
1378 6.090648238432467 
1379 6.0555366634494865 
1380 6.127782846578353 
1381 6.101586952676193 
1382 6.204192314123527 
1383 6.12167057723842 
1384 6.272639615627514 
1385 6.167379749693566 
1386 6.231601332266873 
1387 6.188914449350533 
1388 6.273111752023319 
1389 6.05071731305686 
1390 6.197125806322113 
1391 5.91043763043882 
1392 6.0250121441638465 
1393 5.91082726902026 
1394 5.992303249154433 
1395 5.767849519470926 
1396 5.872755387885967 
1397 5.725119010242614 
1398 5.851649831102267 
1399 5.8029568030595735 
1400 5.85494745068502 
1401 5.930318808562706 
1402 5.971107716765066 
1403 5.898381807619246 
1404 5.922201248088933 
1405 5.9816830851444935 
1406 5.978987784627074 
1407 5.990838876328213 
1408 5.955305310177174 
1409 6.065904349476766 
1410 6.027756535491119 
1411 6.117365743975566 
1412 6.066053744755219 
1413 6.174379730068513 
1414 6.144659105875114 
1415 6.260128213080047 
1416 6.260436902991707 
1417 6.261621331856806 
1418 6.287422093873453 
1419 6.29149285928542 
1420 6.305812568854054 
1421 6.300366477719634 
1422 6.304386637677087 
1423 6.32768587062402 
1424 6.33053604761174 
1425 6.309425017384753 
1426 6.296181872322933 
1427 6.348187591557454 
1428 6.338307147014473 
1429 6.271371937143726 
1430 6.25962521335968 
1431 6.236972985617601 
1432 6.238577650627346 
1433 6.3065838610916805 
1434 6.2692474464687535 
1435 6.312479391079386 
1436 6.278339773415227 
1437 6.33948150047296 
1438 6.25705985758368 
1439 6.344013369221893 
1440 6.2765162074257 
1441 6.284545533652946 
1442 6.23538735464014 
1443 6.233480678847953 
1444 6.208581967185027 
1445 6.132199456419699 
1446 6.153979384314887 
1447 6.140500129873494 
1448 6.175836822903066 
1449 6.15392277072118 
1450 6.161771988117319 
1451 6.201430238009313 
1452 6.186652165944333 
1453 6.149409823783354 
1454 6.123603222458886 
1455 6.195665302183786 
1456 6.149269358281679 
1457 6.12689032465174 
1458 6.1135853087391725 
1459 6.172332053101706 
1460 6.168594835454307 
1461 6.145700095403506 
1462 6.15288845828076 
1463 6.1900356449996 
1464 6.182575832709333 
1465 6.229498577758879 
1466 6.2127006640463 
1467 6.263805697332587 
1468 6.223745261230774 
1469 6.199294831673826 
1470 6.174097765373514 
1471 6.1354157517813865 
1472 6.130086492294054 
1473 6.158537630126286 
1474 6.178301240954774 
1475 6.132588376208613 
1476 6.157974834490987 
1477 6.157921934566353 
1478 6.157921934566353 
1479 6.114596628238339 
