0 7.885586440932891 
1 22.695836151619275 
2 16.87590630004265 
3 17.06021077635823 
4 21.31446981939405 
5 27.59283454051458 
6 15.605899599648762 
7 19.296222005483887 
8 21.203164572959583 
9 21.745440217334952 
10 22.363061501959425 
11 22.23985916837227 
12 24.561848153895706 
13 45.03031864639698 
14 25.93446981641903 
15 39.63059479378278 
16 33.927361558248265 
17 25.84752666835109 
18 21.429139269091447 
19 18.44558200080919 
20 28.301646423751688 
21 15.192074904467827 
22 33.02341547909614 
23 14.319624726021317 
24 17.701294371362614 
25 25.8091956286305 
26 10.253668219843835 
27 14.018536282115129 
28 15.61153398072707 
29 39.166890781413414 
30 52.858939621167245 
31 27.087812659437745 
32 43.98020300310377 
33 12.583226580664517 
34 15.04391615615271 
35 10.986122970700556 
36 18.249910802085054 
37 18.978235884998597 
38 14.049387016815167 
39 23.155679465591962 
40 23.14698984012406 
41 11.51168101176884 
42 44.27406977357893 
43 49.03840712724042 
44 14.756517517256908 
45 21.219469501120596 
46 24.743696537077458 
47 25.38586870997809 
48 31.533986421971445 
49 17.577999337834385 
50 12.972288202692003 
51 9.898436283139894 
52 23.245641065431126 
53 19.061032693164158 
54 14.556530008086375 
55 16.951340166187073 
56 19.27591420679893 
57 44.06985100972955 
58 30.155974318232474 
59 19.6359788954275 
60 13.849260699875188 
61 16.087450473498286 
62 32.239821056596234 
63 13.683399396460322 
64 16.878486921529174 
65 19.538652890290543 
66 13.025991086818118 
67 14.231873829365618 
68 21.204879701110723 
69 13.333706336389415 
70 19.664333434914084 
71 6.787207187380658 
72 19.191419851659337 
73 16.607290206606006 
74 29.40399876615911 
75 9.433988236484891 
76 16.132683046909857 
77 10.721087878942795 
78 22.584626982203915 
79 13.545787190890037 
80 17.3015213015213 
81 14.671811106252733 
82 22.42247858952838 
83 15.750947279084002 
84 20.929034060856463 
85 17.479689772580464 
86 35.26848013453858 
87 13.923971463570904 
88 22.432072222400496 
89 46.960801657056486 
90 37.171682796270694 
91 30.90341357028654 
92 22.609584388981727 
93 13.883826547500828 
94 43.12642921773464 
95 29.99852664554382 
96 31.668508954728036 
97 20.725713043306385 
98 18.16478781133203 
99 12.840872283299198 
100 22.27836913336308 
101 18.454265864722522 
102 49.185622984462036 
103 35.11229427227217 
104 19.29977360990963 
105 40.15340283561657 
106 62.22818313996617 
107 18.809044189529764 
108 24.926924356962868 
109 38.95481606003474 
110 12.64540559444776 
111 26.61934681339883 
112 35.03837735786009 
113 14.569626233152702 
114 14.448021549897865 
115 13.118925039253833 
116 23.40741236808474 
117 18.726243414590588 
118 14.42208888506834 
119 27.22760733806785 
120 23.978687156267508 
121 24.899843867804115 
122 35.47130111209776 
123 31.91866429234586 
124 12.055022562009599 
125 26.005704223605566 
126 15.791331586398 
127 19.00386030411222 
128 45.782847412485125 
129 39.3690889635623 
130 15.420121910868302 
131 23.25685484094551 
132 27.392804195484498 
133 11.091435567766826 
134 23.07935774263484 
135 41.40232562730736 
136 29.272865587683118 
137 9.699337699337699 
138 14.948265784709253 
139 28.229833688928974 
140 16.87692487214463 
141 22.222537763390044 
142 14.113871914286483 
143 33.9465829259607 
144 11.833741493527745 
145 12.030438187132322 
146 19.197392932173212 
147 16.31428193579002 
148 31.898516225691882 
149 13.180599463261036 
150 32.67889893960997 
151 16.722366637429232 
152 31.690522243713733 
153 16.423712022429232 
154 18.52951519274777 
155 23.867073337278644 
156 12.889013173866147 
157 31.659186461659232 
158 32.95491616512406 
159 20.2563688961224 
160 21.68069555148921 
161 19.45689779142641 
162 26.850934977305755 
163 14.042613598317955 
164 17.635871301949308 
165 18.417395580847998 
166 57.275761300013656 
167 9.658219599192213 
168 33.88761503098464 
169 16.687968743161573 
170 19.52973715456429 
171 14.120286425106299 
172 36.35839112343967 
173 38.59812636887343 
174 19.45157400708628 
175 33.56812779614083 
176 26.125898518767674 
177 17.7763914082764 
178 36.93274395505697 
179 23.961700620422526 
180 32.67711676898626 
181 25.29081118889552 
182 23.424014296883726 
183 22.250477443449476 
184 21.889340027346645 
185 16.07912472110836 
186 12.643499650324355 
187 16.877196512137903 
188 23.42571503571688 
189 17.895086247722745 
190 9.554789121906992 
191 22.353526794041624 
192 13.164258834385288 
193 10.942043201502662 
194 13.95064742410686 
195 26.65927667959067 
196 14.816883098531843 
197 15.775176771475854 
198 10.077761813000668 
199 19.004204726692766 
200 17.98933756513907 
201 6.894976763606893 
202 4.346492073460133 
203 5.379678499647922 
204 10.489116517285531 
205 15.068399251305006 
206 11.807723166402509 
207 28.004967617012753 
208 19.058001372222044 
209 21.6783423524 
210 16.481537222233136 
211 31.969024154147515 
212 13.544168744106743 
213 30.25232970774069 
214 8.607461311301142 
215 2.405457020913457 
216 26.16109676534062 
217 8.460778440094002 
218 7.4543008411694975 
219 43.71024521400211 
220 6.586718845696015 
221 14.988061162866321 
222 17.726955360388157 
223 12.511309774162468 
224 42.551095149689054 
225 12.00581641649206 
226 26.360370551931318 
227 9.458368380580405 
228 11.855818370946588 
229 10.982153330540427 
230 22.48474321861263 
231 18.997146558205685 
232 16.824931505750307 
233 14.648496490063913 
234 12.288120001171887 
235 34.939722101895974 
236 22.451885040120334 
237 21.61121187139324 
238 17.759080015920194 
239 9.369396416923559 
240 22.865591251301566 
241 18.916864736630842 
242 17.18498123473786 
243 7.361773156574654 
244 22.308347738212376 
245 16.132620995503657 
246 47.61871459225031 
247 12.289848277963678 
248 35.487207255990256 
249 20.83856992388561 
250 23.950344039971448 
251 18.922070539830912 
252 19.91200235470609 
253 15.492343037815715 
254 10.1828952383727 
255 10.675299950623318 
256 25.527083282615575 
257 11.3749698289539 
258 23.245769897967666 
259 34.6410525359476 
260 20.541785840222545 
261 31.49397047560408 
262 37.20267513437761 
263 40.70163998059195 
264 18.844875769420856 
265 10.01890411547897 
266 39.636587002334174 
267 13.091163324926965 
268 36.66798384417673 
269 24.501299748228547 
270 11.358735626580874 
271 21.481380567776167 
272 16.605383491628626 
273 13.338116135597533 
274 23.4479782196705 
275 34.98110123267335 
276 25.121008121511224 
277 49.166019997890025 
278 33.61628596617777 
279 26.7427361816895 
280 46.156175719693636 
281 34.6714060162185 
282 27.887288732862594 
283 20.503627226687 
284 27.69687524762936 
285 22.473418562534157 
286 22.760865436272567 
287 11.786089825188482 
288 25.94329259240932 
289 18.53246259753802 
290 39.61113262251268 
291 22.062163029356224 
292 13.848254731309183 
293 11.9008617142922 
294 19.461953571246283 
295 38.580374553883516 
296 34.87696657242641 
297 22.584383766698796 
298 12.773920432223031 
299 39.904327888192256 
300 21.383363582600893 
301 42.71881365599283 
302 33.827760303250265 
303 49.54468029814428 
304 39.265891516411095 
305 33.145024655455806 
306 15.854724698162135 
307 21.75367332437801 
308 16.689163970889588 
309 31.3639721827563 
310 38.996466956748115 
311 45.262110567947595 
312 10.848843675717061 
313 29.73123325346981 
314 11.22344926132365 
315 7.765748385030263 
316 23.251182154320336 
317 36.62060174271395 
318 12.962746394862254 
319 9.86514380333236 
320 7.0028199584269 
321 17.097346719984998 
322 26.69864670460477 
323 18.70436403528331 
324 14.137753898218246 
325 17.705105150739982 
326 23.444570521455763 
327 34.936811768037714 
328 18.844367766515706 
329 34.14917401463895 
330 37.98087510866416 
331 25.381413728207395 
332 30.40165841566217 
333 24.068401179805583 
334 20.438783118028585 
335 15.56229848209946 
336 13.224734830808814 
337 18.38131675015229 
338 18.412625386860995 
339 6.776044847251168 
340 14.981101749097235 
341 15.378960877057896 
342 28.335105556493836 
343 23.75555190557371 
344 18.86411535330548 
345 24.855723987531555 
346 28.76731984005597 
347 19.26051238250056 
348 16.270109235352532 
349 36.388672959466966 
350 15.7844379882886 
351 15.842687546978814 
352 18.037534618891165 
353 11.966835380919502 
354 20.73770240537935 
355 18.10777533134741 
356 5.5644126282050435 
357 10.343791462181558 
358 15.245971596712575 
359 12.921732754557246 
360 15.391263503992485 
361 20.609716428104623 
362 14.039887260579363 
363 26.629656201390432 
364 20.690032113101257 
365 15.031515872617673 
366 24.80662408327419 
367 28.71827456350565 
368 15.221958097284272 
369 12.507019406242918 
370 14.375574947046605 
371 3.0855467252833915 
372 7.582853940303364 
373 7.6804828428545004 
374 36.363434595644335 
375 17.30416235194132 
376 8.796022154135235 
377 14.769508141303735 
378 21.756945741259468 
379 12.362148747664213 
380 14.017224496616258 
381 11.727988546886184 
382 19.136955738161177 
383 12.908370751764231 
384 19.150586484154196 
385 11.849588373893242 
386 17.227756282294568 
387 6.055418802777148 
388 15.170754467886557 
389 27.50886398069141 
390 22.796741074097625 
391 5.9733369791688915 
392 24.429518317898538 
393 16.066190665890357 
394 8.003694332176947 
395 8.999918461584677 
396 13.523076873474572 
397 11.522370018735543 
398 23.707079956138863 
399 51.51821554032476 
400 40.42001387711048 
401 9.923588700137227 
402 38.248258252781326 
403 43.88173505471742 
404 24.91522665035077 
405 17.100832147560432 
406 15.872724658083754 
407 33.539138153002234 
408 53.12338830204929 
409 8.78138163789999 
410 7.718843913615577 
411 11.0191415465613 
412 28.45718162697605 
413 47.55878084179971 
414 20.266646050368195 
415 29.401319248266823 
416 26.33438604642402 
417 14.16429936714418 
418 16.554720555730977 
419 12.683415383498845 
420 17.61838833254923 
421 10.159807961088381 
422 38.75254312455536 
423 13.390706361241918 
424 30.834575742872687 
425 33.52466210005515 
426 13.210447906922541 
427 16.12951903368341 
428 15.450113086336076 
429 41.495716179584086 
430 12.478182613326352 
431 21.99748258789964 
432 9.803921751955851 
433 6.989691202693019 
434 31.197637660569907 
435 26.838392628615306 
436 15.780993445756296 
437 28.87883336316942 
438 20.639736239942916 
439 17.298024934735 
440 13.58457029035967 
441 14.115296857437086 
442 30.254075420525695 
443 14.301266357976282 
444 23.784244788713227 
445 20.783635931182115 
446 12.061470507039662 
447 34.87203704781463 
448 28.902116165131165 
449 26.517528497638633 
450 19.54065550094342 
451 12.019199523164081 
452 18.903053383509477 
453 9.61204879468511 
454 10.242875807416633 
455 19.469994058229354 
456 10.981722020762696 
457 46.83808864420597 
458 16.289002031123175 
459 15.902333234756629 
460 11.890369328812637 
461 17.07521261047806 
462 15.24065333115314 
463 23.61085998322478 
464 45.774353377714725 
465 23.995423236229662 
466 8.953368583510688 
467 15.851489040060468 
468 32.31010522747932 
469 10.976893664797188 
470 9.620139819079249 
471 24.64903238697469 
472 13.12532936118013 
473 30.883844222400576 
474 19.43372902245327 
475 15.165433705752612 
476 36.953894679342035 
477 27.32410001172623 
478 25.43543966040024 
479 19.44363885849914 
480 16.779699395510537 
481 35.147602527360185 
482 11.619375302998822 
483 17.083419205845576 
484 14.301461412039089 
485 12.75197772061998 
486 15.533538753259066 
487 23.674296003206013 
488 15.717657286970729 
489 11.898464715694395 
490 17.483624358584237 
491 35.59381523786894 
492 25.425725768808764 
493 36.049954016863346 
494 14.21865444461771 
495 14.298536159652006 
496 13.841445425294943 
497 7.103944825623836 
498 17.523067860410514 
499 26.44580075662043 
500 13.110559580892604 
501 11.723235423182597 
502 13.446859260636645 
503 21.860704140932427 
504 15.555949515441704 
505 37.78720337303375 
506 8.602147714874032 
507 19.800143509951283 
508 15.434080572278074 
509 47.17896110323727 
510 17.51889598021853 
511 17.40310112900348 
512 10.785627405954036 
513 9.847563996309193 
514 20.241021532878417 
515 41.11659641211646 
516 13.206163689145534 
517 8.97472964356173 
518 15.745684703691746 
519 13.884883655491812 
520 47.86269855760453 
521 10.614003699701644 
522 15.449543987859322 
523 45.509135888199296 
524 24.445465036310015 
525 10.720402816649415 
526 15.456091152637184 
527 16.502807319884955 
