0 12.614068749812036 
1 15.874707149156173 
2 24.526229000134492 
3 18.07546844563962 
4 11.534125502209585 
5 13.15521654037236 
6 9.038357439619356 
7 17.143889508814524 
8 12.118308182587768 
9 23.592665091686353 
10 10.101839586514515 
11 18.976604456509445 
12 19.204073129524236 
13 9.067373441050131 
14 18.254994298447958 
15 12.299434630633167 
16 12.31293851022481 
17 0.7998742873358221 
18 18.567164971956494 
19 11.979139415195325 
20 35.32194197650428 
21 10.545023029425371 
22 12.633369678495912 
23 14.866828533451484 
24 10.87593413717101 
25 17.64165720294427 
26 10.12031541052591 
27 11.747434461124804 
28 7.388409458028808 
29 20.26909452909424 
30 20.145939403254626 
31 11.672730814722048 
32 12.34584704504112 
33 9.333701254194743 
34 8.49954404892659 
35 21.105964997031087 
36 24.97858453036042 
37 11.606224957386049 
38 13.295244616038088 
39 8.856926864908925 
40 28.57058002111645 
41 6.5197887828588925 
42 14.455590365016835 
43 13.824929875044086 
44 19.03680909198188 
45 11.441684102558506 
46 12.34214150354877 
47 12.096499652474353 
48 25.48783733691458 
49 13.748570829181308 
50 15.42448836995495 
51 16.52055269335602 
52 21.117016241906736 
53 12.328972160411993 
54 13.203627743866928 
55 18.029238433796568 
56 18.56116687023171 
57 10.532286375061835 
58 20.07785468784406 
59 22.31143311576741 
60 20.715885967165182 
61 11.992051624413522 
62 10.641147354240294 
63 16.94579274623959 
64 10.02798259455841 
65 26.36534158054864 
66 14.65223208515425 
67 22.13166170666329 
68 17.421606376659895 
69 25.834949183862026 
70 16.838372970629326 
71 15.3834168955918 
72 13.041462876189707 
73 10.08461906513653 
74 9.62926128210956 
75 15.804541309639545 
76 23.461750162217797 
77 11.838551251510054 
78 10.302833196594465 
79 11.717667699408013 
80 14.729932185413718 
81 17.993736539996053 
82 23.71378171785246 
83 17.135344704320293 
84 20.57352515585989 
85 12.409697443089359 
86 9.624576918752338 
87 6.16749550778895 
88 14.97746401419792 
89 13.073250402860072 
90 24.980667294016747 
91 17.955068493150684 
92 16.27433892715103 
93 27.040835536071175 
94 13.689071077487451 
95 21.54195085873942 
96 20.654473826759247 
97 7.7071566254876345 
98 12.284844810366087 
99 25.671920235523103 
100 10.611801674387538 
101 21.715605212610086 
102 11.834409281748002 
103 12.622078308992805 
104 16.600257257633626 
105 9.281651368025988 
106 11.867760737932205 
107 7.318012101586326 
108 7.579647393036049 
109 11.60763823545691 
110 11.003271360251006 
111 16.913061711668117 
112 20.37593152162296 
113 8.341296168134342 
114 9.835948089469216 
115 15.18585941969167 
116 10.1179229125155 
117 17.088987487726076 
118 13.040327570179175 
119 35.24032935641069 
120 13.808408230452676 
121 38.59599528857479 
122 11.06743681014943 
123 50.24081261079967 
124 11.268225584594223 
125 20.597267646856615 
126 18.944975925273493 
127 11.550324536739982 
128 20.715374395598424 
129 11.905658609971757 
130 11.466551480920538 
131 14.447772710362788 
132 12.769292594712423 
133 22.42823378428961 
134 19.66479441136481 
135 13.302919198711036 
136 12.523861990713785 
137 7.936948035113813 
138 17.324818875001032 
139 26.703236116151295 
140 8.557760697955795 
141 18.119196143145963 
142 12.75108607423306 
143 19.944099703760763 
144 10.868550343083397 
145 7.583155550091483 
146 30.35479388605836 
147 13.320663634746818 
148 13.94484968980444 
149 10.907526792238897 
150 6.57259891874951 
151 11.470690871698382 
152 27.608272666236623 
153 11.637881137954666 
154 7.703716764746938 
155 8.649636737463164 
156 18.192442485860024 
157 26.55143730731979 
158 17.002395729035346 
159 24.259816878842738 
160 12.23456934170303 
161 26.266275894892413 
162 18.448340473446695 
163 18.881694097309754 
164 6.501426055901391 
165 22.227955165743662 
166 9.078697991748811 
167 14.368680328598932 
168 8.016666730377409 
169 11.842762998142113 
170 20.959782521787798 
171 16.16626067651321 
172 19.286639199529134 
173 24.440906707068354 
174 10.181263851365292 
175 16.00067141489244 
176 13.81709651171601 
177 7.120152781903832 
178 15.106933053835709 
179 16.734709837013984 
180 8.487229608045489 
181 7.882992839288064 
182 14.299657364948946 
183 10.991218668518494 
184 11.42090358558794 
185 14.632858398805453 
186 10.43091944103874 
187 12.275568589231414 
188 23.038157959782268 
189 24.93062845119146 
190 24.214438703345554 
191 18.70611584106752 
192 16.53357720628814 
193 13.190755189906062 
194 10.815525368485112 
195 9.77014567969103 
196 8.728513783767474 
197 17.899210084966008 
198 9.616963515967496 
199 9.573435527790394 
200 18.724069890985064 
201 11.558727805351243 
202 12.862451661969585 
203 19.02808639594968 
204 9.754263401837687 
205 14.330535084032896 
206 12.051143252825808 
207 11.832539664627953 
208 18.61372007775125 
209 13.628046918153167 
210 14.306778683967268 
211 18.220023196917502 
212 16.61005243232112 
213 15.14019730643863 
214 14.26711657777294 
215 14.759113813585564 
216 7.085643236522373 
217 15.706003722135472 
218 15.06758727718184 
219 15.591686523499213 
220 17.577778336560304 
221 22.150596237734614 
222 13.028985372187586 
223 11.613552038454296 
224 16.30648052033886 
225 20.64471417461583 
226 15.639300495917073 
227 16.19922756063649 
228 9.483196469268893 
229 14.053953351226196 
230 13.49097611105929 
231 13.07121331583983 
232 17.793585610045817 
233 17.121355240330647 
234 27.877650311723183 
235 17.62660693498296 
236 15.49955655412996 
237 16.157977664004683 
238 19.885946197100296 
239 22.865341946738628 
240 24.38718980393981 
241 28.832578314578164 
242 6.7511882936377 
243 9.802890638146701 
244 7.692145740374969 
245 10.403494368282804 
246 14.501270584330497 
247 13.738303308221422 
248 11.406957358912365 
249 12.457206330914739 
250 8.024841915949986 
251 7.94216312634206 
252 7.706703464090357 
253 9.29862747662764 
254 28.121381159906136 
255 18.19812565081569 
256 9.51505761024666 
257 9.106194325215643 
258 21.808077866977246 
259 16.222535080526633 
260 27.75846459298478 
261 18.805333620279953 
262 17.56386645058898 
263 12.419913060987598 
264 22.70148680172549 
265 14.156745737082991 
266 19.020147923761673 
267 18.146162498918404 
268 25.80173352444343 
269 18.15134545643387 
270 18.993705451350838 
271 12.462388243299054 
272 14.15378385492242 
273 10.37100483153902 
274 11.25223405311292 
275 12.971566062360443 
276 3.6852235355724816 
277 7.839512841552014 
278 8.91894639025749 
279 8.192496030033068 
280 15.715537170883776 
281 9.64862147893399 
282 8.779359743462008 
283 8.906522270000531 
284 9.794763894175643 
285 17.6454423451508 
286 8.511047935601564 
287 13.821558618735192 
288 9.833987869011585 
289 8.9223425301538 
290 23.0306943849592 
291 24.67223133981565 
292 16.26922569684181 
293 17.24780511475086 
294 11.751548688062984 
295 9.875759052711635 
296 17.78174217918661 
297 15.112158388729755 
298 27.004448908375664 
299 18.611572594959178 
300 32.82929845571027 
301 15.840653219075387 
302 13.260985996983772 
303 15.677179657773358 
304 26.676232271195065 
305 5.793245570781175 
306 17.992115614771855 
307 12.434457017666084 
308 17.63105261609211 
309 24.13737857373049 
310 11.04645019581403 
311 11.136167885343486 
312 12.702313749242883 
313 11.364336884544105 
314 23.543797607620586 
315 16.170311855441568 
316 10.457707200434834 
317 19.351776321860292 
318 10.727586621413208 
319 16.149703134986947 
320 17.492301276169822 
321 7.397348505558191 
322 8.351593736559568 
323 8.562058174499 
324 14.179622580274376 
325 14.595178442180279 
326 10.850246919648285 
327 15.864559614497205 
328 12.82959953995424 
329 22.013530464538952 
330 0.7204520551921779 
331 0.9843842998094272 
332 18.454753052469474 
333 14.337442145059512 
334 15.622349439997617 
335 16.703985726574697 
336 21.127227667912514 
337 11.684176804383616 
338 10.183488599641151 
339 8.882774511631059 
340 13.130958828630554 
341 32.36021078132595 
342 24.10062459418616 
343 32.178233317478096 
344 21.9050016451062 
345 21.212064815002122 
346 15.739126192825971 
347 38.61767224314296 
348 13.314194111578447 
349 23.125931807154515 
350 25.970279373885475 
351 15.145500371929774 
352 11.690364370664161 
353 13.036679710689986 
354 25.83654059381545 
355 21.168279154743338 
356 34.14694987421742 
357 37.74639572346514 
358 30.60798493793466 
359 20.816540853346833 
360 24.14390891141543 
361 17.293816898388666 
362 15.20286782002907 
363 19.27874940821195 
364 9.602586145713376 
365 8.925722262891776 
366 10.81457722038583 
367 10.699891580249748 
368 21.28818170282959 
369 18.472471670109268 
370 9.18522411723999 
371 9.414908326898558 
372 20.63151267117897 
373 23.41512214729132 
374 10.427729684306833 
375 12.089038509760744 
376 15.62328050211387 
377 17.48253124036113 
378 11.729726857561547 
379 15.812763903969115 
380 9.77014567969103 
381 9.925279468418413 
382 28.087484095627133 
383 17.541315712433608 
384 20.28360165003893 
385 43.646111261420636 
386 19.519194344776878 
387 29.446110643077787 
388 13.41674956896138 
389 19.003257594635617 
390 14.673196943830288 
391 21.901227089969193 
392 11.64356721493511 
393 16.007022123505415 
394 23.261756207399518 
395 18.349311622575804 
396 12.38251340308448 
397 29.268984382632482 
398 15.486051010914032 
399 17.20380146102764 
400 11.19113738967096 
401 16.819264160401 
402 12.856301245996107 
403 11.207764167682079 
404 13.16806113254699 
405 11.171196701619627 
406 13.576215831296834 
407 25.465089734560557 
408 20.81013738458256 
409 24.4748500338445 
410 12.688710467881194 
411 18.9854518789437 
412 12.688710467881194 
413 18.9854518789437 
414 9.653240413627712 
415 11.662636665962252 
416 11.668931287940753 
417 16.05161863138679 
418 17.83573096107806 
419 15.649512154170475 
420 14.006224537500835 
421 15.156172422390773 
422 9.365588756749032 
423 9.043580256496503 
424 12.941508252159077 
425 9.034463744141163 
426 17.30430513439363 
427 52.581944914563664 
428 10.58619653967012 
429 11.478507409586623 
430 7.971431123578635 
431 10.204448856157867 
432 15.180912670836229 
433 30.173546465620188 
434 9.672630331207078 
435 12.82250042035432 
436 12.452768120373971 
437 18.942751332309637 
438 19.456085500375735 
439 19.870589963094737 
440 13.847340341239237 
441 13.108756664853951 
442 17.312233256560752 
443 15.549663374558827 
444 11.03534791451251 
445 10.863201951815842 
446 16.309460668040597 
447 13.509443685742998 
448 13.6515557870069 
449 13.773492709838434 
450 11.707299644954558 
451 14.38390655596594 
452 17.71235763362486 
453 18.16101250914696 
454 18.155588260756645 
455 21.007232294901332 
456 20.044846735421466 
457 19.705537728624517 
458 26.799123373096755 
459 47.383628188617 
460 11.476465920595398 
461 12.731810524079105 
462 11.194841244421669 
463 10.679513065796208 
464 27.580677827899574 
465 19.255383909101344 
466 12.243676456421918 
467 10.866832654097566 
468 11.379969557938947 
469 12.248181449175483 
470 26.456810526448585 
471 26.524739451583528 
472 11.320322473556791 
473 9.593383469652888 
474 25.63755501222494 
475 11.402429840991944 
476 13.940446633629472 
477 16.329017137606964 
478 36.38393809800571 
479 15.563857657055921 
480 15.673547480605672 
481 12.240389189315387 
482 9.201283786600094 
483 10.426951990772046 
484 33.71437298544294 
485 18.262545337379773 
486 15.249574613516383 
487 13.887228251872356 
488 35.05448345605135 
489 18.37036777491142 
490 9.555594538623994 
491 10.762048695125612 
492 14.141996392265286 
493 11.079979289284317 
494 8.831433751150172 
495 13.714988277379756 
496 29.111140416021765 
497 12.654409413184492 
498 10.016965991593427 
499 16.00518967102828 
500 21.64958500227113 
501 50.720164459761776 
502 16.18678676592608 
503 13.769604013052927 
504 21.13042076414638 
505 24.961637802773314 
506 17.123102674015104 
507 15.356606999674144 
508 13.835372973828829 
509 24.574224128334475 
510 14.043648003428626 
511 11.394437939587233 
512 16.45993430631154 
513 16.54211939909999 
514 23.513572301517 
515 14.992936600989447 
516 6.82313516116333 
517 12.433277505224622 
518 12.377068966026021 
519 17.20747162039639 
520 21.40049287977509 
521 12.39773936484665 
522 20.00879674463203 
523 31.636500776901144 
