0 1.287985734552508 
1 0.8548113564221239 
2 0.856579500355226 
3 0.92397539973666 
4 0.921105348428236 
5 0.99678156855421 
6 0.990559506042084 
7 1.070770927477984 
8 1.060343322180454 
9 1.141833975058844 
10 1.1263561852933361 
11 1.206164632751358 
12 1.212252538229484 
13 1.217775334601612 
14 1.284046176031358 
15 1.284776316529542 
16 1.36523826330367 
17 1.38549339222685 
18 1.470936306143472 
19 1.4851447050439641 
20 1.546004088240028 
21 1.5512661475499239 
22 1.61273057410872 
23 1.6319648971515441 
24 1.6742647285515377 
25 1.678491000594212 
26 1.739866823160676 
27 1.7489060927939062 
28 1.760407321250072 
29 1.7850260265317999 
30 1.8348867148987877 
31 1.861818146805718 
32 1.89736926159976 
33 1.906349031863818 
34 1.888355547836138 
35 1.8869723786116679 
36 1.894777689828802 
37 1.879109580504848 
38 1.894707294847576 
39 1.8774686303009058 
40 1.8979671092836419 
41 1.8794268566293781 
42 1.879708441391342 
43 1.8612956519728439 
44 1.872276795430824 
45 1.848936849400412 
46 1.8734613808012122 
47 1.846067099425748 
48 1.8752642045892958 
49 1.850700958164202 
50 1.8691996141236182 
51 1.8450357508441961 
52 1.875755612355912 
53 1.87219780017418 
54 1.876838444000816 
55 1.8829864364122302 
56 1.874084877389078 
57 1.8859131672758298 
58 1.87270263635225 
59 1.8870298815624138 
60 1.8629167685990642 
61 1.889457263548742 
62 1.865699000909352 
63 1.87419330563672 
64 1.877880971678768 
65 1.8906183560088898 
66 1.8764200335287178 
67 1.88550179499418 
68 1.882191815504786 
69 1.89048339068108 
70 1.8730495581832423 
71 1.879058891597844 
72 1.8600710778155558 
73 1.8708098965310618 
74 1.8396526381168261 
75 1.840765115540972 
76 1.8236219435610341 
77 1.827471904987172 
78 1.8085269382407638 
79 1.80574435899639 
80 1.807018662070682 
81 1.8046401786041142 
82 1.8190761685753682 
83 1.806327976314328 
84 1.819361584293406 
85 1.813338417326286 
86 1.811395313599704 
87 1.821099842709654 
88 1.80875755625527 
89 1.83380151994543 
90 1.80608167674154 
91 1.829474436899292 
92 1.810386029749732 
93 1.8521655083529018 
94 1.8489695637249 
95 1.869540251241844 
96 1.879149729837902 
97 1.895075348895174 
98 1.8966590586820882 
99 1.908628690991706 
100 1.920027149263004 
101 1.9326148945405461 
102 1.9265924795442722 
103 1.9179944917151321 
104 1.89674043448121 
105 1.8964650355363422 
106 1.885651119934994 
107 1.88256614612378 
108 1.8667314260202659 
109 1.854582966448366 
110 1.8406910114761739 
111 1.82737809048039 
112 1.827273653870774 
113 1.8307029390446719 
114 1.808505517441428 
115 1.8371868163064982 
116 1.80044539622574 
117 1.848162660766476 
118 1.780468422633018 
119 1.8583383427122118 
120 1.7813299594631542 
121 1.886404374131216 
122 1.74210167906269 
123 1.870717075081 
124 1.783871038607444 
125 1.887532279859244 
126 1.800793216523552 
127 1.8762233031956779 
128 1.8254564392230042 
129 1.8772890227972021 
130 1.8413343334886079 
131 1.861230060733322 
132 1.8880364244702161 
133 1.877534967644134 
134 1.8680557167593679 
135 1.85377523498038 
136 1.8419765096017962 
137 1.847531117052214 
138 1.8589296930020058 
139 1.861170674104234 
140 1.856578940332716 
141 1.8568561454253618 
142 1.8584620210795801 
143 1.860359839623284 
144 1.8675544996110323 
145 1.878556907245854 
146 1.8929214527344862 
147 1.898947225491798 
148 1.8958606295732419 
149 1.8958739772446918 
150 1.8964529814953799 
151 1.9021316893651938 
152 1.883659341549142 
153 1.88623571478919 
154 1.871412483194184 
155 1.8608863222744478 
156 1.8345767662574861 
157 1.825720043815678 
158 1.809530385936504 
159 1.803755334527714 
160 1.821057393311864 
161 1.8137530562096942 
162 1.840629666596324 
163 1.838780244333206 
164 1.835084560103848 
165 1.844636769222068 
166 1.8395202923923102 
167 1.857197145258286 
168 1.8454532447400862 
169 1.8584590224910742 
170 1.8532640721185938 
171 1.858160313807856 
172 1.8313066670403182 
173 1.826284210619842 
174 1.835406847688328 
175 1.8171586770722399 
176 1.874742185417348 
177 1.830926053879748 
178 1.881508812519024 
179 1.841450410194622 
180 1.8727714759226881 
181 1.846410011216682 
182 1.8776200947674782 
183 1.859949926046046 
184 1.8892639676622198 
185 1.8818888266741118 
186 1.855884689099194 
187 1.8665432026561242 
188 1.8481393823637742 
189 1.8626973158863538 
190 1.8393047674018739 
191 1.8544536153759001 
192 1.8407694882553258 
193 1.8621806521384658 
194 1.8538665918891422 
195 1.864274992534344 
196 1.84099203218023 
197 1.851571822471876 
198 1.834475298727784 
199 1.845472166593174 
200 1.809906222117668 
201 1.82195803826149 
202 1.818612476148082 
203 1.82195803826149 
204 1.7992407499806142 
205 1.807022830784136 
206 1.805271222256394 
207 1.806467846571908 
208 1.79480401194565 
209 1.80420142068606 
210 1.792692383200776 
211 1.811629486634282 
212 1.7703156920905918 
213 1.785647465148714 
214 1.7937856894431399 
215 1.8041313194417579 
216 1.801363649066366 
217 1.815164889740234 
218 1.8290032896025021 
219 1.847081874981924 
220 1.8505182999748961 
221 1.8568284229460001 
222 1.854095787745998 
223 1.876440237565872 
224 1.861719200300556 
225 1.8967374733270659 
226 1.8813975446105822 
227 1.908612749243812 
228 1.851493587945022 
229 1.8724825553829159 
230 1.8714118248944938 
231 1.896238785026696 
232 1.87093792585956 
233 1.8805459814504282 
234 1.8611309628247799 
235 1.8517373169561 
236 1.8521288136701082 
237 1.8436517416887561 
238 1.8514935227311842 
239 1.853693508482948 
240 1.83321017549085 
241 1.829030980344348 
242 1.8377069322135 
243 1.8352506299955522 
244 1.8660907446642843 
245 1.8550693860880039 
246 1.865946457157048 
247 1.8589423276624661 
248 1.879170801875788 
249 1.8665909597609762 
250 1.876027809742808 
251 1.861798023650304 
252 1.8811425368564598 
253 1.8697314320392882 
254 1.876898277545692 
255 1.865643943613528 
256 1.8692605143269598 
257 1.8541738274567858 
258 1.8691056098138918 
259 1.835743478777474 
260 1.8810859503568562 
261 1.83034278726807 
262 1.8729814339843682 
263 1.81548393907588 
264 1.860991401455004 
265 1.8197766741885382 
266 1.863836523393782 
267 1.8361444531004298 
268 1.8423479247089698 
269 1.8388713836941442 
270 1.837778671063988 
271 1.857843782378256 
272 1.834983112434016 
273 1.852233600997414 
274 1.8430041434665299 
275 1.862365393897642 
276 1.855216158258194 
277 1.863833158786002 
278 1.8646536374302278 
279 1.869530590238222 
280 1.8577147856422598 
281 1.862327335998756 
282 1.8726523963619002 
283 1.8812496019556442 
284 1.872979216076304 
285 1.87403624887645 
286 1.8374710601963637 
287 1.841791932498126 
288 1.8490898996015581 
289 1.853234408453338 
290 1.851815502503484 
291 1.8557073273867382 
292 1.8297005532659782 
293 1.8369299066218658 
294 1.8112047755785021 
295 1.818600608888858 
296 1.802730762666966 
297 1.81335402355881 
298 1.8159459184208782 
299 1.824509361933838 
300 1.807379910803436 
301 1.80971379920795 
302 1.8274810554541439 
303 1.8359039850536678 
304 1.8231570227851919 
305 1.8382081365972902 
306 1.8190053097836798 
307 1.8390584925580602 
308 1.8316399807516182 
309 1.852971410231986 
310 1.8540806861678942 
311 1.867687208042306 
312 1.857817910074322 
313 1.862727461202386 
314 1.8735013637052742 
315 1.876520516113888 
316 1.846117529924486 
317 1.8438303478068518 
318 1.807630494972542 
319 1.81421916329218 
320 1.805635240295126 
321 1.8324700879812201 
322 1.799066066158708 
323 1.826852161956292 
324 1.7905052747494001 
325 1.8139332031056319 
326 1.815127376561676 
327 1.837055898955742 
328 1.8719010407751242 
329 1.89661081050642 
330 1.8689698863826798 
331 1.884752534124424 
332 1.874639003477964 
333 1.8893533822642339 
334 1.870279879193244 
335 1.888293583422774 
336 1.856449465241552 
337 1.886863641976604 
338 1.8761397593622617 
339 1.892922157674768 
340 1.8674623418835778 
341 1.893731370511442 
342 1.86637079437116 
343 1.89257411451465 
344 1.8502854442341001 
345 1.877827273824496 
346 1.8371519815909578 
347 1.8635861332905201 
348 1.836222970220756 
349 1.8493564074192779 
350 1.837885905639388 
351 1.8396611933715898 
352 1.8411969334027378 
353 1.823787125690608 
354 1.859211471825936 
355 1.8329321068454139 
356 1.857140577545452 
357 1.8249890684739398 
358 1.860498069618438 
359 1.8323325232499499 
360 1.8707633988691739 
361 1.842927521378654 
362 1.8716521740651662 
363 1.8681798989261718 
364 1.8648042607623658 
365 1.8670278593301362 
366 1.862538324680682 
367 1.875336742807328 
368 1.860359127858136 
369 1.864895602229808 
370 1.849754976276376 
371 1.8514074691003721 
372 1.8356117041494262 
373 1.82886899172812 
374 1.8522739797430758 
375 1.841872436128036 
376 1.860521458494858 
377 1.836423846686802 
378 1.8421828850308142 
379 1.822544498897346 
380 1.833359521761152 
381 1.815416960575758 
382 1.8193121558699221 
383 1.813819469803948 
384 1.805183755793474 
385 1.806864353100332 
386 1.8121900802698299 
387 1.8229825611997381 
388 1.8114753760190159 
389 1.82752378030081 
390 1.811611373737522 
391 1.8277328359615659 
392 1.833988130896468 
393 1.8452501778956019 
394 1.846763136780734 
395 1.8534552583931259 
396 1.8758791105964838 
397 1.884482397380862 
398 1.8655418537047619 
399 1.8731972530928442 
400 1.8902986143863418 
401 1.886439742955142 
402 1.906905864470692 
403 1.9002593725311923 
404 1.903430313630026 
405 1.891758985105272 
406 1.894286683865668 
407 1.8656745351594601 
408 1.9039802048488 
409 1.8755587910962401 
410 1.8793771045101182 
411 1.865570037331172 
412 1.854414177803326 
413 1.844572266750276 
414 1.8415463689647378 
415 1.83748965994119 
416 1.83778229839213 
417 1.838553126712022 
418 1.805333885865132 
419 1.8109768726376898 
420 1.8064608951166878 
421 1.8002566802478381 
422 1.7980741165240162 
423 1.791164867801498 
424 1.812466895384596 
425 1.810021225653984 
426 1.8253310854584779 
427 1.8288686372902159 
428 1.8613159312643681 
429 1.8698961383154782 
430 1.8741308908955119 
431 1.8997620189791238 
432 1.897716868901148 
433 1.9238869770333138 
434 1.893054397860888 
435 1.9026170138002763 
436 1.894386808909586 
437 1.89423707515991 
438 1.87919899255655 
439 1.863475254258336 
440 1.867163237773974 
441 1.846722726088614 
442 1.858815319342034 
443 1.836867441636534 
444 1.853751852266252 
445 1.83846589922507 
446 1.8480759103884001 
447 1.848422515661198 
448 1.857924481735378 
449 1.867260932728044 
450 1.869472343877766 
451 1.870270323665612 
452 1.8734211137826542 
453 1.8765051160520279 
454 1.8781326836563679 
455 1.8865398078691222 
456 1.876027895176972 
457 1.8807810237247178 
458 1.873157769567504 
459 1.877153799666086 
460 1.8856014635457221 
461 1.892998731217596 
462 1.8758750382497902 
463 1.878170909220114 
464 1.86457373443382 
465 1.8683992422170679 
466 1.849777642960706 
467 1.85369378245083 
468 1.84008135727426 
469 1.8479079508815162 
470 1.8043158025063541 
471 1.8206134213325018 
472 1.807687755239808 
473 1.82746822933007 
474 1.823826417840106 
475 1.84431827893219 
476 1.8401335485024362 
477 1.846350712830382 
478 1.856727755137922 
479 1.8643991468118362 
480 1.8945383547372738 
481 1.8869915354877063 
482 1.8891036461332358 
483 1.875283125012206 
484 1.852727228802212 
485 1.8449337736241642 
486 1.8290985626911318 
487 1.8299149961580319 
488 1.80383098963537 
489 1.802391702823304 
490 1.7763717876774439 
491 1.7908498169351261 
492 1.761400469159728 
493 1.7898305587258139 
494 1.7866496569602 
495 1.806923076508318 
496 1.793967936561502 
497 1.8042023367556321 
498 1.813042112997352 
499 1.823670488097704 
500 1.8111510573539882 
501 1.8138451923765238 
502 1.837712275889808 
503 1.834575219845918 
504 1.824865097348632 
505 1.8192901044206242 
506 1.854536101625292 
507 1.8533266577784862 
508 1.829939302462296 
509 1.8253612683258058 
510 1.8496885474084799 
511 1.83559895427659 
512 1.82048428873969 
513 1.807665544865608 
514 1.820404882140912 
515 1.8110658137556581 
516 1.7957317614340742 
517 1.801091635452248 
518 1.8039777882107242 
519 1.808455530084106 
520 1.7952797764036958 
521 1.7991938349387582 
522 1.812259510224256 
523 1.8221243915671401 
524 1.8352254037042979 
525 1.8341780823754639 
526 1.8392581418226999 
527 1.8174647916074398 
528 1.8567761387344022 
529 1.83600934581486 
530 1.8605805390390622 
531 1.8447066971634982 
532 1.859296000651812 
533 1.829901655241842 
534 1.869505007387266 
535 1.838700510440382 
536 1.87563252923981 
537 1.854609350941118 
538 1.881763559602748 
539 1.858740821259092 
540 1.874731256527646 
541 1.862945351842178 
542 1.882734513818134 
543 1.8723664512469942 
544 1.8681009461037839 
545 1.875584369030122 
546 1.860708027904972 
547 1.8762945042982981 
548 1.8371539471298899 
549 1.86087595587759 
550 1.842499263103726 
551 1.8648671575974418 
552 1.841074962775584 
553 1.871127760464726 
554 1.848607269792224 
555 1.8775847592634762 
556 1.844550635419792 
557 1.871684762724484 
558 1.843474542511388 
559 1.886755915108488 
560 1.8494510788601541 
561 1.8907376182269178 
562 1.8465414399446778 
563 1.89057908895673 
564 1.827091257090918 
565 1.88789599758408 
566 1.7961722191253202 
567 1.845512795759192 
568 1.798515901329278 
569 1.84970594975856 
570 1.7553110561726442 
571 1.8035399645687078 
572 1.7606670201260481 
573 1.804904390267992 
574 1.752858530713946 
575 1.7771631539347361 
576 1.752858530713946 
577 1.7771631539347361 
578 1.7750221139197642 
579 1.79334371501158 
580 1.77643662560871 
581 1.768301993136652 
582 1.816925675361422 
583 1.807445651389426 
584 1.8087218997478982 
585 1.800065669769254 
586 1.839887843074956 
587 1.829685757499322 
588 1.8589586549065942 
589 1.858461080176096 
590 1.88482608338645 
591 1.891972561829898 
592 1.884917791741542 
593 1.8959748541684722 
594 1.893801359157838 
595 1.9026031770698542 
596 1.8815891918795082 
597 1.9117632090903602 
598 1.866873152947522 
599 1.8911072751032658 
600 1.8426233381992598 
601 1.868846206620216 
602 1.843812289097436 
603 1.867349486488298 
604 1.8360210521970441 
605 1.8447567421003501 
606 1.84965991040731 
607 1.833325393481036 
608 1.865166026344978 
609 1.852135995905074 
610 1.877440819015152 
611 1.85512694195369 
612 1.860177899175838 
613 1.8475293710399299 
614 1.8678053424133558 
615 1.8582091400601322 
616 1.8606136333800483 
617 1.856401784255188 
618 1.8662549168936842 
619 1.857793509544748 
620 1.8786387673723741 
621 1.873843945700956 
622 1.8935712345449178 
623 1.881618133584762 
624 1.8835597341579198 
625 1.8831192295541879 
626 1.882445290272208 
627 1.8777479262986478 
628 1.8587337566701319 
629 1.8776790896447981 
630 1.844569428493988 
631 1.86417861925908 
632 1.8329236884385502 
633 1.84803953282116 
634 1.8313555272501698 
635 1.8445997076854521 
636 1.829151500904814 
637 1.84377619623634 
638 1.848167679066948 
639 1.8464609521973199 
640 1.852600114368156 
641 1.8538112050321343 
642 1.853055391716088 
643 1.8596803879593882 
644 1.873164155371684 
645 1.876743203022048 
646 1.878947337735768 
647 1.881792318077638 
648 1.864094796828676 
649 1.8652638406967061 
650 1.86179189543155 
651 1.849358525719128 
652 1.8510454311816058 
653 1.8473049917650322 
654 1.8364717081157038 
655 1.82933288282103 
656 1.8384524984170358 
657 1.828135051287208 
658 1.8543366681430982 
659 1.843802540912812 
660 1.8535436343973761 
661 1.8518938051107419 
662 1.8682491935211178 
663 1.862594818719518 
664 1.869760924347918 
665 1.8702805601037842 
666 1.8568474814869098 
667 1.8622916008430699 
668 1.8425986679196122 
669 1.8594171613575798 
670 1.8419094188603602 
671 1.8717499420700299 
672 1.8432205840989841 
673 1.86999251635984 
674 1.853801565365566 
675 1.874558654284662 
676 1.878146191832964 
677 1.8993684047583401 
678 1.8796742990484259 
679 1.8933983270396262 
680 1.865844458396896 
681 1.867711612558482 
682 1.8582328896686 
683 1.850221002243306 
684 1.854023985227278 
685 1.8475989909509738 
686 1.804723304994398 
687 1.8139983304562761 
688 1.813513641501968 
689 1.819082096533426 
690 1.817869834586188 
691 1.821574732608012 
692 1.824019048367624 
693 1.839850928026958 
694 1.8289931161989919 
695 1.847999153574952 
696 1.8585288361001218 
697 1.8695814985730241 
698 1.870155337294974 
699 1.887347343023522 
700 1.8772038218518918 
701 1.9113413837794462 
702 1.895005862487272 
703 1.9269902968408519 
704 1.901262649748594 
705 1.935724505371304 
706 1.9073574292434319 
707 1.9412745194656178 
708 1.9065717678262 
709 1.932973851845808 
710 1.9087515402425321 
711 1.9272694106984019 
712 1.899980271401898 
713 1.9121781288335922 
714 1.8969364701398959 
715 1.898931087879454 
716 1.872263864799794 
717 1.8643113354968222 
718 1.8664385501002658 
719 1.866820406417252 
720 1.8618509602087978 
721 1.8676820986725802 
722 1.8379690111056242 
723 1.8582679500424462 
724 1.81267903484289 
725 1.8419756362420419 
726 1.827959693205702 
727 1.858638369441548 
728 1.8425339751069298 
729 1.8615003064527802 
730 1.846338391730784 
731 1.8580676568726582 
732 1.869572432793936 
733 1.87292456102168 
734 1.901761238870574 
735 1.898969116353824 
736 1.886092374784266 
737 1.8798743864185041 
738 1.871250598821554 
739 1.8654973699122 
740 1.8535790016441598 
741 1.8584916856702658 
742 1.8440173371647242 
743 1.8416942756674342 
744 1.819072430276512 
745 1.8220147331188439 
746 1.8334646621773238 
747 1.840110359743162 
748 1.840115419863596 
749 1.85470211667957 
750 1.8408870944844717 
751 1.8430402827286638 
752 1.837303608131668 
753 1.8599960221257419 
754 1.857660536638918 
755 1.8690065225701278 
756 1.8544023574901503 
757 1.871255560719522 
758 1.8557906504721 
759 1.866270140093836 
760 1.853885109095882 
761 1.8723580264323558 
762 1.8659435894712 
763 1.8648126919916561 
764 1.863036165740382 
765 1.871296721047612 
766 1.8762560363509 
767 1.878908863816486 
768 1.879953805581168 
769 1.8746660147822218 
770 1.8829905175273 
771 1.877549847844572 
772 1.88244554732406 
773 1.8850198950202082 
774 1.862756959967816 
775 1.861213452113126 
776 1.875785867994558 
777 1.8747589248373981 
778 1.8734024480738678 
779 1.868229701640944 
780 1.87643463707052 
781 1.867623629799486 
782 1.8856656462786918 
783 1.867904513512786 
784 1.9012311386972978 
785 1.883317273055534 
786 1.883446791414172 
787 1.86061402302157 
788 1.8748260526830378 
789 1.8644903628909741 
790 1.888383442242548 
791 1.8843329429942581 
792 1.8741324411938258 
793 1.8689895386270698 
794 1.8877453849641999 
795 1.878882568167846 
796 1.8843634015403499 
797 1.880228233541296 
798 1.8961771149169842 
799 1.897828817400064 
800 1.886011390670788 
801 1.889523122012712 
802 1.8892827468838622 
803 1.897619713927838 
804 1.8682693458324682 
805 1.8864160266390162 
806 1.8815129965231019 
807 1.89875717463777 
808 1.8793764888003182 
809 1.882589273273188 
810 1.884708237908096 
811 1.8772859781584281 
812 1.885182534438022 
813 1.8813878382563238 
814 1.8929688639157622 
815 1.886772598983498 
816 1.8819772722884678 
817 1.888986682724354 
818 1.872737266279642 
819 1.8862308115282922 
820 1.847958795068744 
821 1.8691423106158378 
822 1.8363255295322962 
823 1.853402521417064 
824 1.818743380116182 
825 1.833086453525856 
826 1.840329683764504 
827 1.8184060787036198 
828 1.8571670862372318 
829 1.818624153080684 
830 1.8575546445582478 
831 1.7990988307220441 
832 1.8462294023649641 
833 1.794388311808774 
834 1.832411237037388 
835 1.7699487624355499 
836 1.854847013410146 
837 1.7934595144934442 
838 1.853934494228848 
839 1.7947652536976642 
840 1.84230113226258 
841 1.825888966318702 
842 1.85042101840485 
843 1.841123711122822 
844 1.8737353829805599 
845 1.8748163273090999 
846 1.8565388625730381 
847 1.8664147556274902 
848 1.880546290348784 
849 1.893252777738816 
850 1.8609710869607359 
851 1.880659634133906 
852 1.856847907376212 
853 1.8650303114984659 
854 1.8566737611574158 
855 1.860448255982178 
856 1.85718230932603 
857 1.8549683072600178 
858 1.8610983812052377 
859 1.8612173960308962 
860 1.876636039336044 
861 1.855553691571408 
862 1.8843294281488958 
863 1.876061604439014 
864 1.866309652161704 
865 1.862318661326166 
866 1.84083568457838 
867 1.8424828320983182 
868 1.827454813096224 
869 1.828034907347228 
870 1.830564201614226 
871 1.8376675624189762 
872 1.837997249348782 
873 1.8472949883596979 
874 1.844919551686078 
875 1.854197081423002 
876 1.8617634355829282 
877 1.8596595087053243 
878 1.871383480943424 
879 1.87246732430128 
880 1.8680553200191738 
881 1.877693490528366 
882 1.8692064336702738 
883 1.870710152536954 
884 1.881497341088102 
885 1.8869181735665521 
886 1.90022830302217 
887 1.9078915486073922 
888 1.896932489460146 
889 1.890965962755974 
890 1.863092387896612 
891 1.8621698386943 
892 1.8417863404742358 
893 1.8410598715230582 
894 1.8485895695508698 
895 1.849158352138422 
896 1.846365596504048 
897 1.8501627661475262 
898 1.83498367738901 
899 1.846644557383224 
900 1.8584390439534861 
901 1.864257175830648 
902 1.8902359500601338 
903 1.89380337800099 
904 1.879085211872446 
905 1.87836483539769 
906 1.8855923828854462 
907 1.880645817571334 
908 1.89350187699628 
909 1.892202416711502 
910 1.894919224125474 
911 1.898187306189784 
912 1.876517170368872 
913 1.8887601834611503 
914 1.876016327906192 
915 1.886447890488268 
916 1.8662703198753838 
917 1.88389777185728 
918 1.8801733752892058 
919 1.8918359197271102 
920 1.895265818883266 
921 1.896728782255702 
922 1.88689151529475 
923 1.8805705392911762 
924 1.8848526012837818 
925 1.880894185397148 
926 1.88956960598142 
927 1.887127672620372 
928 1.867254747336062 
929 1.8689360632939358 
930 1.86164846352801 
931 1.872727397829626 
932 1.8616595067506179 
933 1.875559233064782 
934 1.8759307003043681 
935 1.884834723528836 
936 1.869768150843838 
937 1.867808866857058 
938 1.8907897002082639 
939 1.8801433801678278 
940 1.8947017448795118 
941 1.88323773915227 
942 1.9045910450561099 
943 1.8909971655321058 
944 1.8570728898020221 
945 1.84849632209859 
946 1.83096845920225 
947 1.81950987221617 
948 1.7831170943721901 
949 1.778042961376542 
950 1.75092079429263 
951 1.753670605187598 
952 1.72331788351766 
953 1.719688402338536 
954 1.72331788351766 
955 1.719688402338536 
956 1.7616881041733918 
957 1.763875384985822 
958 1.7855630708996197 
959 1.8043756652493521 
960 1.8127120808110981 
961 1.8318207459291522 
962 1.849957479585266 
963 1.87239220033897 
964 1.8795809430345698 
965 1.904500196948288 
966 1.86691611063237 
967 1.8785317404493358 
968 1.867684970027882 
969 1.875133510612308 
970 1.8839281542183262 
971 1.8924164210192402 
972 1.864966728589036 
973 1.8644932535241179 
974 1.8715658270203162 
975 1.8755816797803138 
976 1.8751779987703903 
977 1.875074911798034 
978 1.8782050446070317 
979 1.883183936866954 
980 1.8583239075875881 
981 1.8575198369713182 
982 1.855305165695448 
983 1.8463142872278582 
984 1.824949450658226 
985 1.809752370136372 
986 1.84101406947303 
987 1.8450345453414658 
988 1.8460039534692239 
989 1.841112277103584 
990 1.857176406993656 
991 1.864650279763664 
992 1.876358262481606 
993 1.8886270190727958 
994 1.897725987943288 
995 1.912678856761642 
996 1.904725023976662 
997 1.9049599912885502 
998 1.911454996962156 
999 1.9141907598000418 
1000 1.898207434441882 
1001 1.8909738262695281 
1002 1.87190654238304 
1003 1.862033428841928 
1004 1.855511916434104 
1005 1.8466755828139299 
1006 1.8300358683774678 
1007 1.8336580215476481 
1008 1.8239708556087462 
1009 1.8242345006721319 
1010 1.832707514301844 
1011 1.83071786624306 
1012 1.8475599652831178 
1013 1.8478052498348259 
1014 1.870350075155964 
1015 1.87820533476209 
1016 1.8957521282713958 
1017 1.889621047124514 
1018 1.90555697112136 
1019 1.9016358944615899 
1020 1.9187685503335299 
1021 1.92134405061738 
1022 1.922812201327772 
1023 1.927575937330256 
1024 1.9273391384116738 
1025 1.9334212755875761 
1026 1.8980930692385702 
1027 1.9189374467840898 
1028 1.87194451292832 
1029 1.89530610932032 
1030 1.8654803835860339 
1031 1.88727168569751 
1032 1.855828909319078 
1033 1.8664202432456078 
1034 1.8350851452819619 
1035 1.842096144533108 
1036 1.8457116713540518 
1037 1.8479177588783842 
1038 1.8604374031323119 
1039 1.843865297972188 
1040 1.8456567732649218 
1041 1.818980415803788 
1042 1.84008942261458 
1043 1.8329514701854641 
1044 1.8464182333614119 
1045 1.829329090058692 
1046 1.846068005261132 
1047 1.823757076117812 
1048 1.837184910401082 
1049 1.824364760898126 
1050 1.871879203087722 
1051 1.864095955946306 
1052 1.881686272690234 
1053 1.856099660278676 
1054 1.880871747615064 
1055 1.85245411559143 
1056 1.877185838568932 
1057 1.8468870301534281 
1058 1.8787567282189659 
1059 1.8521986881746142 
1060 1.863411785863336 
1061 1.840894287223292 
1062 1.857394095813494 
1063 1.844059916132086 
1064 1.856981895262622 
1065 1.8527424175916358 
1066 1.8502734935064278 
1067 1.85090696725028 
1068 1.853774312680314 
1069 1.8410449642190059 
1070 1.8311954698435742 
1071 1.817125481258562 
1072 1.8325091692091242 
1073 1.826519763290396 
1074 1.824723648019998 
1075 1.8134889335754898 
1076 1.8118961829297517 
1077 1.8047489170816 
1078 1.79232953050088 
1079 1.8009130851764379 
1080 1.790613356060112 
1081 1.8003233770923501 
1082 1.7955847465388999 
1083 1.809209652301132 
1084 1.8059807021937337 
1085 1.836527393515274 
1086 1.80714605890841 
1087 1.8465342310847859 
1088 1.80128778483595 
1089 1.8508124792179501 
1090 1.813725791845442 
1091 1.862647817752184 
1092 1.8136407174933702 
1093 1.847073591536034 
1094 1.8079198259521518 
1095 1.8233896464168802 
1096 1.823595311451718 
1097 1.837939267207122 
1098 1.849735137029312 
1099 1.8686366730797779 
1100 1.8591702502428098 
1101 1.878529809865288 
1102 1.853738622046082 
1103 1.8799389364810999 
1104 1.8701069263339338 
1105 1.9189931520502541 
1106 1.8795704380039322 
1107 1.930048431393498 
1108 1.879659151193906 
1109 1.9145969154862439 
1110 1.8811096131711078 
1111 1.9176377877516402 
1112 1.8790613585570999 
1113 1.9122456296332722 
1114 1.854856976629246 
1115 1.8723351940259039 
1116 1.852720772018182 
1117 1.857579735827746 
1118 1.8493865817679438 
1119 1.8526677774200722 
1120 1.843109708235914 
1121 1.8348750174964081 
1122 1.85599725296312 
1123 1.83976857426688 
1124 1.8735914712528199 
1125 1.8654096424582458 
1126 1.872462505870408 
1127 1.8664815692267323 
1128 1.8769134351788381 
1129 1.873715984170028 
1130 1.880567347239084 
1131 1.882272674562048 
1132 1.8857188818073058 
1133 1.893205826569654 
1134 1.8932770620948962 
1135 1.889744642979902 
1136 1.891469342957708 
1137 1.8917305726053641 
1138 1.893754686085406 
1139 1.8882277427332521 
1140 1.8991325968820039 
1141 1.886091765708068 
1142 1.889533231624196 
1143 1.8771170961551777 
1144 1.884605342486416 
1145 1.8736092747822781 
1146 1.8906680044512019 
1147 1.880675578977288 
1148 1.883880310374184 
1149 1.868267793438918 
1150 1.86076739702293 
1151 1.859153251529026 
1152 1.848283877727996 
1153 1.845382131247694 
1154 1.85322442561346 
1155 1.8370953423598881 
1156 1.852153272315962 
1157 1.836856189124766 
1158 1.859593658259928 
1159 1.841886449000656 
1160 1.819389572595052 
1161 1.808396752273854 
1162 1.822431600866994 
1163 1.7945475118652219 
1164 1.8023923668522102 
1165 1.768087241130272 
1166 1.7861115353187142 
1167 1.7546229714511679 
1168 1.7675031493154179 
1169 1.7349763068855162 
1170 1.778319040781146 
1171 1.7340650998523341 
1172 1.756213290313104 
1173 1.7355644420095442 
1174 1.7773057435913358 
1175 1.7685298168175858 
1176 1.803254670994874 
1177 1.7836934498928858 
1178 1.8319224402220962 
1179 1.803392032713728 
1180 1.8320471052610259 
1181 1.813156981413902 
1182 1.875954235348378 
1183 1.842805562436712 
1184 1.8548079723299018 
1185 1.827959820185552 
1186 1.8099763992650062 
1187 1.8455444056674981 
1188 1.796715322149178 
1189 1.89618588345052 
1190 1.7595853738373919 
1191 1.9363907064823462 
1192 1.7189132467424142 
1193 1.9582793038334638 
1194 1.69472869851722 
1195 1.99576279528134 
1196 1.69963503534762 
1197 1.959021710453334 
1198 1.6974752608439398 
1199 1.9088513286666298 
1200 1.709155060666824 
1201 1.893459056043466 
1202 1.71554585866738 
1203 1.86941338794468 
1204 1.73504845414441 
1205 1.8630032606603462 
1206 1.778775410116852 
1207 1.877281047621312 
1208 1.812344357765662 
1209 1.881102510231258 
1210 1.869248504099018 
1211 1.9190064180699182 
1212 1.885437617521682 
1213 1.909326200957522 
1214 1.91034683093174 
1215 1.9053014093524339 
1216 1.885247745062332 
1217 1.887368316739576 
1218 1.852835594529924 
1219 1.859878933126946 
1220 1.8330150634949782 
1221 1.8298262313534082 
1222 1.8503880050485542 
1223 1.8559714472696338 
1224 1.8472041530050578 
1225 1.84922308336554 
1226 1.8595507383257441 
1227 1.854407555508822 
1228 1.854547661200122 
1229 1.8559867324348978 
1230 1.855527001054314 
1231 1.86187193458198 
1232 1.833841283244422 
1233 1.84033273378989 
1234 1.8156457323120818 
1235 1.8239562175224262 
1236 1.81259040697685 
1237 1.8148307598546338 
1238 1.822636541159482 
1239 1.83458736621715 
1240 1.8133246728462002 
1241 1.8098698530730442 
1242 1.821292498158056 
1243 1.802701479757086 
1244 1.8192691048463019 
1245 1.776411869456556 
1246 1.82053913245464 
1247 1.7963242734312341 
1248 1.811600641465244 
1249 1.7923878729154499 
1250 1.8171936871742322 
1251 1.813242850025348 
1252 1.820474617826792 
1253 1.8295709153364221 
1254 1.8288859498919259 
1255 1.853054646966152 
1256 1.852384760122402 
1257 1.859841726620844 
1258 1.870087574544702 
1259 1.86364282278038 
1260 1.877151621423224 
1261 1.866121108127834 
1262 1.86893924485353 
1263 1.8442605781109598 
1264 1.863694697979924 
1265 1.848483251818008 
1266 1.85420070311624 
1267 1.84788961816353 
1268 1.848701031465676 
1269 1.8461123406576079 
1270 1.844935304338896 
1271 1.85281466149813 
1272 1.8408879648119338 
1273 1.861157198361866 
1274 1.8542368665009221 
1275 1.86646750172889 
1276 1.857203044646284 
1277 1.856693534657834 
1278 1.8533890757907638 
1279 1.85716232361897 
1280 1.8695342088466582 
1281 1.862094641121566 
1282 1.8914654157361959 
1283 1.87430174863731 
1284 1.884469180507542 
1285 1.8747625500221758 
1286 1.890600358893866 
1287 1.894270842656762 
1288 1.875747978367576 
1289 1.8851889350161681 
1290 1.880778230349394 
1291 1.890204102030562 
1292 1.8676418633122878 
1293 1.888013322070814 
1294 1.8754905474762658 
1295 1.9022916848969562 
1296 1.868807341023152 
1297 1.8972514389483242 
1298 1.87475160544034 
1299 1.9042075282659379 
1300 1.8761742070704082 
1301 1.9073797909960402 
1302 1.8763081386674638 
1303 1.9084372366437499 
1304 1.861550952869034 
1305 1.8954764412467782 
1306 1.8567115866567399 
1307 1.8753846408225718 
1308 1.8441454876807222 
1309 1.859818221999014 
1310 1.8320290979555778 
1311 1.8414810394903198 
1312 1.8464527194627902 
1313 1.83315315916328 
1314 1.8595105061449062 
1315 1.829913099711962 
1316 1.869732359356054 
1317 1.840645891243054 
1318 1.874189377593082 
1319 1.861917667610428 
1320 1.89020588255327 
1321 1.871207381377232 
1322 1.8825751277877578 
1323 1.879518408100148 
1324 1.8868006971955062 
1325 1.887477564870262 
1326 1.891937679129542 
1327 1.886219614681264 
1328 1.884159482913016 
1329 1.8796577309941402 
1330 1.876030017999278 
1331 1.868923492518378 
1332 1.8655593036711562 
1333 1.858003070906858 
1334 1.8456207260163702 
1335 1.851479928140148 
1336 1.795311130570628 
1337 1.7868721613602179 
1338 1.8092882859221517 
1339 1.7909380951317762 
1340 1.8108407832957538 
1341 1.8031079196171098 
1342 1.835750754581256 
1343 1.8219350684057338 
1344 1.809452524620498 
1345 1.780191110535874 
1346 1.8544781469082579 
1347 1.837185634037752 
1348 1.84575194262191 
1349 1.842059970373254 
1350 1.8488304529245698 
1351 1.8365508409203 
1352 1.8106445595183183 
1353 1.807823220066858 
1354 1.8396110754757298 
1355 1.8421520187708658 
1356 1.83108724062962 
1357 1.830262371348368 
1358 1.840513793425632 
1359 1.840139754518504 
1360 1.842939879488106 
1361 1.8373883247255018 
1362 1.8520117886873941 
1363 1.848924841261774 
1364 1.8613967988699962 
1365 1.849717571931982 
1366 1.851424829084212 
1367 1.845458363354212 
1368 1.835615484109152 
1369 1.840378991654002 
1370 1.8495100874048318 
1371 1.85115102416243 
