0 2 2 
1 2 2 
2 2 2 
3 2 2 
4 2 2 
5 2 1 
6 1 2 
7 2 2 
8 2 2 
9 2 2 
10 2 2 
11 2 2 
12 2 2 
13 2 2 
14 2 2 
15 2 2 
16 2 2 
17 2 2 
18 2 2 
19 2 2 
20 2 2 
21 2 2 
22 2 2 
23 2 2 
24 2 2 
25 2 2 
26 2 2 
27 2 2 
28 2 2 
29 2 2 
30 2 2 
31 2 2 
32 2 2 
33 2 2 
34 2 2 
35 2 2 
36 2 2 
37 2 2 
38 2 2 
39 2 2 
40 2 2 
41 2 2 
42 2 2 
43 2 2 
44 2 2 
45 2 2 
46 2 2 
47 2 3 
48 3 3 
49 3 3 
50 3 3 
51 3 3 
52 3 3 
53 3 2 
54 2 3 
55 3 3 
56 3 3 
57 3 3 
58 3 3 
59 3 3 
60 3 3 
61 3 3 
62 3 3 
63 3 3 
64 3 3 
65 3 3 
66 3 3 
67 3 3 
68 3 3 
69 3 3 
70 3 3 
71 3 3 
72 3 3 
73 3 3 
74 3 3 
75 3 3 
76 3 3 
77 3 3 
78 3 3 
79 3 3 
80 3 3 
81 3 3 
82 3 3 
83 3 3 
84 3 3 
85 3 3 
86 3 3 
87 3 3 
88 3 3 
89 3 3 
90 3 3 
91 3 3 
92 3 3 
93 3 3 
94 3 3 
95 3 3 
96 3 3 
97 3 3 
98 3 3 
99 3 3 
100 3 3 
101 3 3 
102 3 3 
103 3 3 
104 3 3 
105 3 3 
106 3 3 
107 3 2 
108 2 2 
109 2 2 
110 2 2 
111 2 3 
112 3 3 
113 3 3 
114 3 3 
115 3 3 
116 3 3 
117 3 3 
118 3 3 
119 3 3 
120 3 3 
121 3 3 
122 3 3 
123 3 3 
124 3 3 
125 3 3 
126 3 3 
127 3 3 
128 3 3 
129 3 3 
130 3 3 
131 3 3 
132 3 2 
133 2 3 
134 3 3 
135 3 3 
136 3 3 
137 3 3 
138 3 3 
139 3 3 
140 3 3 
141 3 3 
142 3 3 
143 3 3 
144 3 3 
145 3 3 
146 3 3 
147 3 3 
148 3 3 
149 3 3 
150 3 3 
151 3 3 
152 3 3 
153 3 3 
154 3 3 
155 3 3 
156 3 3 
157 3 3 
158 3 3 
159 3 2 
160 2 3 
161 3 2 
162 2 3 
163 3 2 
164 2 3 
165 3 2 
166 2 3 
167 3 3 
168 3 3 
169 3 3 
170 3 3 
171 3 2 
172 2 3 
173 3 2 
174 2 3 
175 3 2 
176 2 3 
177 3 2 
178 2 3 
179 3 2 
180 2 3 
181 3 2 
182 2 3 
183 3 2 
184 2 2 
185 2 2 
186 2 2 
187 2 2 
188 2 2 
189 2 2 
190 2 2 
191 2 2 
192 2 3 
193 3 2 
194 2 3 
195 3 1 
196 1 2 
197 2 1 
198 1 2 
199 2 1 
200 1 2 
201 2 1 
202 1 2 
203 2 2 
204 2 2 
205 2 2 
206 2 2 
207 2 2 
208 2 2 
209 2 2 
210 2 3 
211 3 2 
212 2 3 
213 3 2 
214 2 3 
215 3 2 
216 2 3 
217 3 2 
218 2 3 
219 3 2 
220 2 2 
221 2 2 
222 2 2 
223 2 2 
224 2 2 
225 2 2 
226 2 2 
227 2 2 
228 2 1 
229 1 2 
230 2 2 
231 2 2 
232 2 2 
233 2 2 
234 2 2 
235 2 2 
236 2 2 
237 2 2 
238 2 2 
239 2 2 
240 2 2 
241 2 2 
242 2 2 
243 2 2 
244 2 2 
245 2 2 
246 2 2 
247 2 2 
248 2 2 
249 2 2 
250 2 2 
251 2 2 
252 2 2 
253 2 2 
254 2 2 
255 2 2 
256 2 2 
257 2 2 
258 2 2 
259 2 2 
260 2 2 
261 2 2 
262 2 2 
263 2 2 
264 2 2 
265 2 2 
266 2 2 
267 2 3 
268 3 2 
269 2 3 
270 3 2 
271 2 3 
272 3 2 
273 2 3 
274 3 2 
275 2 3 
276 3 2 
277 2 2 
278 2 2 
279 2 2 
280 2 2 
281 2 2 
282 2 2 
283 2 2 
284 2 2 
285 2 2 
286 2 2 
287 2 2 
288 2 2 
289 2 2 
290 2 2 
291 2 2 
292 2 2 
293 2 1 
294 1 2 
295 2 1 
296 1 2 
297 2 2 
298 2 2 
299 2 2 
300 2 2 
301 2 2 
302 2 3 
303 3 2 
304 2 3 
305 3 2 
306 2 3 
307 3 2 
308 2 3 
309 3 2 
310 2 3 
311 3 2 
312 2 2 
313 2 2 
314 2 2 
315 2 2 
316 2 2 
317 2 2 
318 2 2 
319 2 2 
320 2 2 
321 2 2 
322 2 2 
323 2 2 
324 2 2 
325 2 2 
326 2 2 
327 2 2 
328 2 2 
329 2 2 
330 2 2 
331 2 2 
332 2 2 
333 2 2 
334 2 2 
335 2 2 
336 2 2 
337 2 2 
338 2 2 
339 2 2 
340 2 2 
341 2 2 
342 2 2 
343 2 2 
344 2 2 
345 2 2 
346 2 2 
347 2 1 
348 1 2 
349 2 1 
350 1 2 
351 2 1 
352 1 2 
353 2 1 
354 1 2 
355 2 1 
356 1 2 
357 2 1 
358 1 2 
359 2 1 
360 1 2 
361 2 1 
362 1 2 
363 2 1 
364 1 2 
365 2 2 
366 2 2 
367 2 2 
368 2 2 
369 2 2 
370 2 2 
371 2 2 
372 2 2 
373 2 2 
374 2 2 
375 2 1 
376 1 2 
377 2 2 
378 2 2 
379 2 2 
380 2 2 
381 2 2 
382 2 1 
383 1 2 
384 2 2 
385 2 2 
386 2 2 
387 2 2 
388 2 2 
389 2 2 
390 2 2 
391 2 2 
392 2 2 
393 2 2 
394 2 1 
395 1 2 
396 2 1 
397 1 2 
398 2 1 
399 1 2 
400 2 1 
401 1 2 
402 2 1 
403 1 2 
404 2 2 
405 2 2 
406 2 2 
407 2 2 
408 2 2 
409 2 2 
410 2 2 
411 2 2 
412 2 2 
413 2 2 
414 2 1 
415 1 2 
416 2 1 
417 1 2 
418 2 2 
419 2 2 
420 2 2 
421 2 2 
422 2 2 
423 2 2 
424 2 2 
425 2 2 
426 2 2 
427 2 2 
428 2 2 
429 2 2 
430 2 2 
431 2 2 
432 2 2 
433 2 2 
434 2 2 
435 2 2 
436 2 2 
437 2 2 
438 2 2 
439 2 2 
440 2 2 
441 2 2 
442 2 2 
443 2 2 
444 2 2 
445 2 2 
446 2 2 
447 2 2 
448 2 2 
449 2 2 
450 2 2 
451 2 2 
452 2 2 
453 2 2 
454 2 2 
455 2 2 
456 2 2 
457 2 2 
458 2 1 
459 1 2 
460 2 1 
461 1 2 
462 2 2 
463 2 2 
464 2 2 
465 2 2 
466 2 2 
467 2 2 
468 2 2 
469 2 2 
470 2 2 
471 2 2 
472 2 2 
473 2 2 
474 2 2 
475 2 2 
476 2 2 
477 2 2 
478 2 2 
479 2 2 
480 2 2 
481 2 2 
482 2 2 
483 2 2 
484 2 2 
485 2 2 
486 2 2 
487 2 2 
488 2 2 
489 2 2 
490 2 2 
491 2 2 
492 2 2 
493 2 2 
494 2 2 
495 2 1 
496 2 2 
497 2 1 
498 2 2 
499 2 1 
500 1 2 
501 2 1 
502 1 2 
503 2 1 
504 1 2 
505 2 1 
506 1 2 
507 2 2 
508 1 2 
509 2 2 
510 1 2 
511 2 2 
512 2 2 
513 2 2 
514 2 2 
515 2 2 
516 2 2 
517 2 2 
518 2 2 
519 2 2 
520 2 2 
521 2 2 
522 2 2 
523 2 2 
524 2 2 
525 2 2 
526 2 2 
527 2 2 
528 2 2 
529 2 2 
530 2 2 
531 2 2 
532 2 2 
533 2 2 
534 2 2 
535 2 2 
536 2 2 
537 2 2 
538 2 2 
539 2 1 
540 2 2 
541 2 1 
542 2 2 
543 2 1 
544 1 2 
545 2 1 
546 1 2 
547 2 1 
548 1 2 
549 2 1 
550 1 2 
551 2 1 
552 1 2 
553 2 1 
554 1 2 
555 2 1 
556 1 2 
557 2 1 
558 1 2 
559 2 1 
560 1 1 
561 2 1 
562 1 1 
563 2 1 
564 1 1 
565 1 1 
566 1 1 
567 1 1 
568 1 1 
569 1 1 
570 1 1 
571 1 1 
572 1 1 
573 1 1 
574 1 2 
575 1 1 
576 1 2 
577 1 1 
578 1 2 
579 2 1 
580 1 2 
581 2 1 
582 1 2 
583 2 1 
584 1 2 
585 2 1 
586 1 2 
587 2 1 
588 1 2 
589 2 1 
590 1 2 
591 2 1 
592 1 2 
593 2 1 
594 1 2 
595 2 2 
596 1 2 
597 2 2 
598 1 2 
599 2 2 
600 2 2 
601 2 2 
602 2 2 
603 2 2 
604 2 2 
605 2 1 
606 2 2 
607 2 1 
608 2 2 
609 2 1 
610 1 2 
611 2 1 
612 1 2 
613 2 1 
614 1 2 
615 2 1 
616 1 2 
617 2 1 
618 1 2 
619 2 1 
620 1 2 
621 2 1 
622 1 1 
623 2 1 
624 1 1 
625 2 1 
626 1 1 
627 1 1 
628 1 1 
629 1 1 
630 1 1 
631 1 1 
632 1 1 
633 1 1 
634 1 1 
635 1 1 
636 1 1 
637 1 1 
638 1 1 
639 1 1 
640 1 1 
641 1 1 
642 1 1 
643 1 1 
644 1 1 
645 1 1 
646 1 1 
647 1 1 
648 1 1 
649 1 1 
650 1 1 
651 1 1 
652 1 1 
653 1 1 
654 1 1 
655 1 1 
656 1 1 
657 1 1 
658 1 1 
659 1 1 
660 1 1 
661 1 1 
662 1 1 
663 1 1 
664 1 1 
665 1 1 
666 1 1 
667 1 1 
668 1 1 
669 1 1 
670 1 1 
671 1 1 
672 1 1 
673 1 1 
674 1 1 
675 1 1 
676 1 1 
677 1 1 
678 1 2 
679 1 1 
680 1 2 
681 1 1 
682 1 2 
683 2 2 
684 1 2 
685 2 2 
686 1 2 
687 2 2 
688 2 2 
689 2 2 
690 2 1 
691 2 2 
692 2 1 
693 2 2 
694 2 1 
695 1 2 
696 2 2 
697 1 2 
698 2 2 
699 1 2 
700 2 2 
701 2 2 
702 2 2 
703 2 2 
704 2 2 
705 2 2 
706 2 2 
707 2 2 
708 2 2 
709 2 2 
710 2 2 
711 2 2 
712 2 2 
713 2 2 
714 2 2 
715 2 2 
716 2 2 
717 2 2 
718 2 2 
719 2 2 
720 2 2 
721 2 2 
722 2 2 
723 2 2 
724 2 2 
725 2 2 
726 2 2 
727 2 2 
728 2 2 
729 2 2 
730 2 2 
731 2 2 
732 2 2 
733 2 2 
734 2 2 
735 2 2 
736 2 2 
737 2 2 
738 2 2 
739 2 2 
740 2 2 
741 2 2 
742 2 2 
743 2 2 
744 2 2 
745 2 1 
746 2 2 
747 2 1 
748 2 2 
749 2 1 
750 1 2 
751 2 1 
752 1 2 
753 2 2 
754 1 2 
755 2 2 
756 1 2 
757 2 2 
758 2 2 
759 2 2 
760 2 2 
761 2 2 
762 2 2 
763 2 2 
764 2 2 
765 2 2 
766 2 2 
767 2 2 
768 2 2 
769 2 2 
770 2 2 
771 2 2 
772 2 2 
773 2 2 
774 2 2 
775 2 2 
776 2 2 
777 2 2 
778 2 2 
779 2 2 
780 2 2 
781 2 2 
782 2 2 
783 2 2 
784 2 2 
785 2 2 
786 2 2 
787 2 2 
788 2 2 
789 2 2 
790 2 2 
791 2 2 
792 2 2 
793 2 2 
794 2 2 
795 2 2 
796 2 2 
797 2 2 
798 2 2 
799 2 2 
800 2 2 
801 2 2 
802 2 2 
803 2 2 
804 2 2 
805 2 2 
806 2 2 
807 2 2 
808 2 2 
809 2 2 
810 2 2 
811 2 2 
812 2 2 
813 2 2 
814 2 2 
815 2 2 
816 2 2 
817 2 2 
818 2 2 
819 2 1 
820 2 2 
821 2 2 
822 2 2 
823 2 2 
824 2 2 
825 2 2 
826 1 2 
827 2 2 
828 2 2 
829 2 2 
830 2 2 
831 2 2 
832 2 2 
833 2 2 
834 2 2 
835 2 2 
836 2 2 
837 2 2 
838 2 2 
839 2 2 
840 2 2 
841 2 2 
842 2 2 
843 2 2 
844 2 2 
845 2 2 
846 2 2 
847 2 2 
848 2 2 
849 2 2 
850 2 2 
851 2 2 
852 2 2 
853 2 2 
854 2 2 
855 2 2 
856 2 2 
857 2 2 
858 2 2 
859 2 1 
860 2 2 
861 2 1 
862 2 2 
863 2 2 
864 2 2 
865 2 2 
866 1 2 
867 2 2 
868 1 2 
869 2 2 
870 2 2 
871 2 2 
872 2 2 
873 2 2 
874 2 2 
875 2 2 
876 2 2 
877 2 2 
878 2 2 
879 2 2 
880 2 2 
881 2 2 
882 2 2 
883 2 2 
884 2 2 
885 2 2 
886 2 2 
887 2 2 
888 2 1 
889 2 2 
890 2 1 
891 2 2 
892 2 2 
893 2 2 
894 2 2 
895 1 2 
896 2 2 
897 1 2 
898 2 2 
899 2 2 
900 2 2 
901 2 2 
902 2 2 
903 2 1 
904 2 2 
905 2 2 
906 2 2 
907 2 2 
908 2 2 
909 2 2 
910 1 2 
911 2 2 
912 2 2 
913 2 2 
914 2 2 
915 2 2 
916 2 2 
917 2 2 
918 2 2 
919 2 2 
920 2 2 
921 2 2 
922 2 2 
923 2 2 
924 2 2 
925 2 2 
926 2 2 
927 2 2 
928 2 2 
929 2 2 
930 2 2 
931 2 3 
932 2 2 
933 2 3 
934 2 2 
935 2 2 
936 2 2 
937 2 2 
938 3 2 
939 2 2 
940 3 2 
941 2 2 
942 2 2 
943 2 2 
944 2 2 
945 2 1 
946 2 2 
947 2 1 
948 2 2 
949 2 2 
950 2 2 
951 2 2 
952 1 2 
953 2 2 
954 1 2 
955 2 2 
956 2 2 
957 2 2 
958 2 2 
959 2 2 
960 2 2 
961 2 2 
962 2 2 
963 2 2 
964 2 2 
965 2 2 
966 2 2 
967 2 2 
968 2 2 
969 2 2 
970 2 2 
971 2 2 
972 2 2 
973 2 1 
974 2 2 
975 2 2 
976 2 2 
977 2 2 
978 2 2 
979 2 2 
980 1 2 
981 2 2 
982 2 2 
983 2 2 
984 2 2 
985 2 2 
986 2 2 
987 2 2 
988 2 2 
989 2 2 
990 2 2 
991 2 2 
992 2 2 
993 2 2 
994 2 2 
995 2 2 
996 2 2 
997 2 2 
998 2 2 
999 2 2 
1000 2 2 
1001 2 2 
1002 2 2 
1003 2 2 
1004 2 2 
1005 2 2 
1006 2 2 
1007 2 2 
1008 2 2 
1009 2 2 
1010 2 2 
1011 2 2 
1012 2 2 
1013 2 2 
1014 2 2 
1015 2 2 
1016 2 2 
1017 2 2 
1018 2 2 
1019 2 2 
1020 2 2 
1021 2 2 
1022 2 2 
1023 2 2 
1024 2 2 
1025 2 2 
1026 2 2 
1027 2 1 
1028 2 2 
1029 2 1 
1030 2 2 
1031 2 1 
1032 2 2 
1033 2 1 
1034 1 2 
1035 2 2 
1036 1 2 
1037 2 2 
1038 1 2 
1039 2 2 
1040 1 2 
1041 2 2 
1042 2 1 
1043 2 3 
1044 2 1 
1045 2 3 
1046 2 1 
1047 2 2 
1048 2 1 
1049 1 2 
1050 3 2 
1051 1 2 
1052 3 2 
1053 1 2 
1054 2 2 
1055 1 2 
1056 2 2 
1057 2 2 
1058 2 2 
1059 2 2 
1060 2 2 
1061 2 2 
1062 2 2 
1063 2 2 
1064 2 2 
1065 2 2 
1066 2 2 
1067 2 2 
1068 2 2 
1069 2 2 
1070 2 2 
1071 2 2 
1072 2 2 
1073 2 2 
1074 2 2 
1075 2 2 
1076 2 2 
1077 2 2 
1078 2 2 
1079 2 2 
1080 2 2 
1081 2 3 
1082 2 2 
1083 2 3 
1084 2 2 
1085 2 3 
1086 2 2 
1087 2 3 
1088 3 2 
1089 2 3 
1090 3 1 
1091 2 3 
1092 3 1 
1093 2 3 
1094 3 1 
1095 2 3 
1096 3 1 
1097 1 3 
1098 3 1 
1099 1 3 
1100 3 1 
1101 1 2 
1102 3 1 
1103 1 1 
1104 3 1 
1105 1 1 
1106 3 1 
1107 1 1 
1108 2 1 
1109 1 1 
1110 1 1 
1111 1 1 
1112 1 2 
1113 1 2 
1114 1 2 
1115 1 2 
1116 1 2 
1117 1 2 
1118 1 2 
1119 2 2 
1120 2 2 
1121 2 2 
1122 2 1 
1123 2 2 
1124 2 1 
1125 2 2 
1126 2 1 
1127 2 2 
1128 2 1 
1129 1 2 
1130 2 1 
1131 1 2 
1132 2 1 
1133 1 2 
1134 2 2 
1135 1 2 
1136 2 2 
1137 1 2 
1138 2 2 
1139 1 2 
1140 2 2 
1141 2 2 
1142 2 2 
1143 2 2 
1144 2 2 
1145 2 2 
1146 2 2 
1147 2 2 
1148 2 2 
1149 2 2 
1150 2 2 
1151 2 1 
1152 2 2 
1153 2 1 
1154 2 1 
1155 2 2 
1156 2 1 
1157 2 2 
1158 1 1 
1159 2 2 
1160 1 1 
1161 1 2 
1162 2 1 
1163 1 2 
1164 2 1 
1165 1 2 
1166 2 1 
1167 1 1 
1168 2 1 
1169 1 1 
1170 2 1 
1171 1 1 
1172 2 1 
1173 1 1 
1174 1 1 
1175 1 1 
1176 1 1 
1177 1 1 
1178 1 1 
1179 1 1 
1180 1 1 
1181 1 1 
1182 1 1 
1183 1 2 
1184 1 1 
1185 1 2 
1186 1 1 
1187 1 2 
1188 1 1 
1189 1 3 
1190 2 2 
1191 1 3 
1192 2 2 
1193 1 2 
1194 2 2 
1195 1 2 
1196 3 2 
1197 2 2 
1198 3 2 
1199 2 1 
1200 2 2 
1201 2 1 
1202 2 2 
1203 2 2 
1204 2 2 
1205 2 2 
1206 1 2 
1207 2 2 
1208 1 2 
1209 2 2 
1210 2 2 
1211 2 2 
1212 2 2 
1213 2 2 
1214 2 2 
1215 2 2 
1216 2 2 
1217 2 2 
1218 2 2 
1219 2 2 
1220 2 2 
1221 2 2 
1222 2 2 
1223 2 2 
1224 2 2 
1225 2 2 
1226 2 2 
1227 2 2 
1228 2 2 
1229 2 2 
1230 2 2 
1231 2 2 
1232 2 2 
1233 2 2 
1234 2 2 
1235 2 2 
1236 2 2 
1237 2 1 
1238 2 2 
1239 2 1 
1240 2 2 
1241 2 1 
1242 2 2 
1243 2 1 
1244 1 2 
1245 2 1 
1246 1 2 
1247 2 2 
1248 1 2 
1249 2 2 
1250 1 2 
1251 2 2 
1252 1 2 
1253 2 2 
1254 2 1 
1255 2 2 
1256 2 1 
1257 2 2 
1258 2 1 
1259 2 2 
1260 2 1 
1261 1 2 
1262 2 1 
1263 1 2 
1264 2 1 
1265 1 2 
1266 2 1 
1267 1 1 
1268 2 1 
1269 1 1 
1270 2 2 
1271 1 1 
1272 2 2 
1273 1 1 
1274 1 2 
1275 1 1 
1276 1 2 
1277 2 1 
1278 1 2 
1279 2 2 
1280 1 2 
1281 2 2 
1282 1 2 
1283 2 2 
1284 1 2 
1285 2 2 
1286 2 2 
1287 2 2 
1288 2 2 
1289 2 1 
1290 2 2 
1291 2 1 
1292 2 2 
1293 2 1 
1294 2 2 
1295 2 1 
1296 1 2 
1297 2 1 
1298 1 2 
1299 2 1 
1300 1 2 
1301 2 1 
1302 1 2 
1303 2 1 
1304 1 2 
1305 2 1 
1306 1 2 
1307 2 1 
1308 1 2 
1309 2 1 
1310 1 2 
1311 2 1 
1312 1 2 
1313 2 1 
1314 1 2 
1315 2 1 
1316 1 2 
1317 2 2 
1318 1 2 
1319 2 2 
1320 1 2 
1321 2 2 
1322 1 2 
1323 2 2 
1324 2 2 
1325 2 2 
1326 2 2 
1327 2 2 
1328 2 2 
1329 2 2 
1330 2 2 
1331 2 2 
1332 2 2 
1333 2 3 
1334 2 2 
1335 2 3 
1336 2 2 
1337 2 3 
1338 2 2 
1339 2 3 
1340 3 1 
1341 2 3 
1342 3 2 
1343 2 3 
1344 3 2 
1345 2 3 
1346 3 2 
1347 1 3 
1348 3 2 
1349 2 3 
1350 3 2 
1351 2 3 
1352 3 2 
1353 2 3 
1354 3 2 
1355 2 3 
1356 3 2 
1357 2 3 
1358 3 2 
1359 2 3 
1360 3 2 
1361 2 3 
1362 3 1 
1363 2 3 
1364 3 1 
1365 2 3 
1366 3 1 
1367 2 2 
1368 3 1 
1369 1 2 
1370 3 1 
1371 1 2 
1372 3 1 
1373 1 2 
1374 2 2 
1375 1 2 
1376 2 2 
1377 1 2 
1378 2 2 
1379 1 2 
1380 2 2 
1381 2 2 
1382 2 2 
1383 2 2 
1384 2 2 
1385 2 2 
1386 2 2 
1387 2 2 
1388 2 2 
1389 2 2 
1390 2 2 
1391 2 2 
1392 2 2 
1393 2 2 
1394 2 2 
1395 2 2 
1396 2 2 
1397 2 2 
1398 2 2 
1399 2 2 
1400 2 2 
1401 2 2 
1402 2 2 
1403 2 2 
1404 2 2 
1405 2 2 
1406 2 2 
1407 2 2 
1408 2 2 
1409 2 2 
1410 2 2 
1411 2 2 
1412 2 2 
1413 2 2 
1414 2 2 
1415 2 2 
1416 2 2 
1417 2 2 
1418 2 2 
1419 2 2 
1420 2 2 
1421 2 2 
1422 2 2 
1423 2 2 
1424 2 2 
1425 2 2 
1426 2 2 
1427 2 2 
1428 2 2 
1429 2 2 
1430 2 2 
1431 2 2 
1432 2 2 
1433 2 2 
1434 2 2 
1435 2 2 
1436 2 2 
1437 2 2 
1438 2 2 
1439 2 2 
1440 2 2 
1441 2 2 
1442 2 2 
1443 2 2 
1444 2 2 
1445 2 2 
1446 2 2 
1447 2 2 
1448 2 2 
1449 2 2 
1450 2 2 
1451 2 2 
1452 2 2 
1453 2 2 
1454 2 2 
1455 2 2 
1456 2 2 
1457 2 2 
1458 2 2 
1459 2 2 
1460 2 2 
1461 2 2 
1462 2 2 
1463 2 2 
1464 2 2 
1465 2 2 
1466 2 2 
1467 2 2 
1468 2 2 
1469 2 2 
1470 2 2 
1471 2 2 
1472 2 2 
1473 2 2 
1474 2 2 
1475 2 2 
1476 2 2 
1477 2 2 
1478 2 2 
1479 2 2 
1480 2 2 
1481 2 2 
1482 2 2 
1483 2 2 
1484 2 2 
1485 2 2 
1486 2 2 
1487 2 2 
1488 2 2 
1489 2 2 
1490 2 2 
1491 2 2 
1492 2 2 
1493 2 2 
1494 2 2 
1495 2 2 
1496 2 2 
1497 2 1 
1498 2 2 
1499 2 1 
1500 2 2 
1501 2 1 
1502 2 2 
1503 2 1 
1504 1 2 
1505 2 1 
1506 1 2 
1507 2 1 
1508 1 2 
1509 2 1 
1510 1 2 
1511 2 1 
1512 1 2 
1513 2 1 
1514 1 2 
1515 2 1 
1516 1 1 
1517 2 1 
1518 1 1 
1519 2 1 
1520 1 1 
1521 2 2 
1522 1 1 
1523 1 2 
1524 1 1 
1525 1 2 
1526 1 2 
1527 1 2 
1528 2 2 
1529 1 2 
1530 2 2 
1531 1 2 
1532 2 2 
1533 2 2 
1534 2 2 
1535 2 2 
1536 2 2 
1537 2 2 
1538 2 2 
1539 2 2 
1540 2 2 
1541 2 2 
1542 2 2 
1543 2 2 
1544 2 2 
1545 2 2 
1546 2 2 
1547 2 2 
1548 2 2 
1549 2 2 
1550 2 2 
1551 2 1 
1552 2 2 
1553 2 1 
1554 2 2 
1555 2 2 
1556 2 1 
1557 2 2 
1558 1 1 
1559 2 2 
1560 1 1 
1561 2 2 
1562 2 1 
1563 1 2 
1564 2 2 
1565 1 2 
1566 2 2 
1567 1 2 
1568 2 2 
1569 1 2 
1570 2 2 
1571 2 2 
1572 2 2 
1573 2 2 
1574 2 2 
1575 2 2 
1576 2 2 
1577 2 2 
1578 2 2 
1579 2 2 
1580 2 2 
1581 2 2 
1582 2 2 
1583 2 2 
1584 2 2 
1585 2 2 
1586 2 2 
1587 2 2 
1588 2 2 
1589 2 2 
1590 2 2 
1591 2 2 
1592 2 3 
1593 2 2 
1594 2 3 
1595 2 2 
1596 2 3 
1597 2 2 
1598 2 3 
1599 3 2 
