0 7.5439293217070995 
1 9.06231891260055 
2 15.38544834290116 
3 10.753853569487319 
4 9.470413312710974 
5 16.914766884303152 
6 10.479079586763438 
7 9.917792800781259 
8 18.932832587028745 
9 16.695541411415356 
10 14.50613543612091 
11 13.135153248005913 
12 7.115526466686346 
13 7.978254460099255 
14 9.335612535612535 
15 20.056444710101612 
16 12.694624697336561 
17 13.983064182746803 
18 14.365087900157203 
19 16.645582731757262 
20 11.819968493640957 
21 23.605544706021398 
22 13.294106833258848 
23 11.15494516015787 
24 9.775952526902898 
25 12.52883753718949 
26 14.968804759406574 
27 15.11008959482389 
28 15.915487827090036 
29 19.55714712026261 
30 12.32078725123008 
31 16.977894715537655 
32 11.65126518457611 
33 13.884561909932337 
34 12.545889081321022 
35 14.697414297578291 
36 11.766680880669703 
37 16.62032017752417 
38 13.554279435764029 
39 16.606238171783318 
40 21.606647400332783 
41 15.781230952148034 
42 10.795399032757054 
43 10.353034102802077 
44 14.469753369648839 
45 14.154357025708173 
46 7.341105636699368 
47 13.713284312603601 
48 7.900752344247411 
49 10.408012149245138 
50 14.9829212792787 
51 11.388559590106736 
52 10.05095565822518 
53 9.58713396557202 
54 8.278650957976161 
55 12.907179059512123 
56 15.535264791507707 
57 17.93441627577832 
58 15.836406747919593 
59 19.566909408136894 
60 12.486169161337953 
61 16.61353940973529 
62 19.988962546048963 
63 17.441093794181732 
64 11.793380552173632 
65 13.363699507420554 
66 11.720647411249217 
67 13.893576425694297 
68 15.625725068269112 
69 12.87619304907887 
70 18.42637671609006 
71 11.50243113164859 
72 16.730637904075056 
73 13.469487111142511 
74 13.252354697546565 
75 14.713448815362057 
76 13.988007337001834 
77 15.131567269985462 
78 18.323899728263243 
79 15.74113452552964 
80 18.324700290098214 
81 13.781186134384754 
82 17.79411402850076 
83 13.694434468032311 
84 23.036639552701967 
85 18.26803369367329 
86 16.117680513392 
87 16.95408097270728 
88 18.40503051924402 
89 18.029780941572955 
90 2.9381094348927395 
91 15.24026568608927 
92 20.32577027825969 
93 18.993791463828824 
94 14.871150852884135 
95 11.774410339619676 
96 20.9427237548371 
97 18.579419712070877 
98 3.436342960513595 
99 3.132695984703633 
100 9.69613130670982 
101 9.2402240052168 
102 12.278227777696463 
103 11.701583812029384 
104 13.648845919798504 
105 12.499527651039912 
106 10.0069045977368 
107 21.56787165115442 
108 8.300062928676875 
109 11.589036251105217 
110 18.591113790291125 
111 16.15287507269037 
112 9.792431377401527 
113 8.463014826353298 
114 14.704524977299737 
115 14.104142497335069 
116 11.22552189273097 
117 11.26795313687932 
118 11.785924231610064 
119 10.531916122406447 
120 12.3106617161474 
121 18.824999438971297 
122 16.903723466422708 
123 18.125303578991037 
124 18.197888781385178 
125 20.231843791001005 
126 7.817901211556384 
127 8.213319338674019 
128 14.685475597757774 
129 18.380189047182917 
130 3.1304607429566005 
131 13.238425896701049 
132 13.044099170263848 
133 12.517508020592405 
134 12.440948338509271 
135 15.78325004515624 
136 9.85378734840974 
137 16.724033573237104 
138 9.66206864777701 
139 8.503559112077058 
140 7.850664750000468 
141 12.036099943468292 
142 8.32971690150635 
143 14.712571426567 
144 9.004690945080519 
145 10.446038936942276 
146 10.537446173480923 
147 10.10473567937015 
148 14.874315118287273 
149 10.471806318081157 
150 10.055148275118068 
151 9.638776602956689 
152 8.25279992444336 
153 8.112616777238351 
154 12.688787240736707 
155 11.797991617676015 
156 3.3262177206195482 
157 15.326249323998422 
158 13.396095164788134 
159 16.19685045451386 
160 10.663412451441006 
161 8.803831929104273 
162 8.64044233221473 
163 10.369363890331034 
164 11.020241723594324 
165 14.535947349998441 
166 13.593067195571717 
167 16.03676642081799 
168 13.31859101171405 
169 13.254783732622924 
170 19.386033269087665 
171 8.96588550406471 
172 8.832382211852307 
173 12.249540748528789 
174 11.297788552188551 
175 15.344864928147043 
176 13.456911487275574 
177 13.142561705087752 
178 23.961289954011825 
179 18.01483517663481 
180 11.968781835251415 
181 15.226876356850871 
182 14.034719526722258 
183 15.142055690133828 
184 11.305462563140502 
185 21.00575938780212 
186 20.108368291104345 
187 11.657223536212872 
188 15.785923168698414 
189 7.205841221846169 
190 18.327262558115148 
191 19.17571435102638 
192 22.308347738212376 
193 10.27801560949312 
194 15.90064522977307 
195 11.42388983309365 
196 9.248333039336744 
197 16.377858303136325 
198 13.700697071255448 
199 18.229842793127577 
200 18.93890230962003 
201 17.94853756124698 
202 18.18116560827066 
203 15.97732709625318 
204 20.542892547006705 
205 19.256179527674735 
206 13.210863998437741 
207 9.83650170496386 
208 8.83932519151537 
209 11.771799686220358 
210 13.236796510838932 
211 10.367697840837463 
212 14.820181405094466 
213 10.611076817211265 
214 14.361989028975284 
215 11.038194014963906 
216 17.354711375739093 
217 18.35437033406559 
218 13.716468379847344 
219 9.191927293925309 
220 13.016652908207282 
221 10.358173201589421 
222 14.365678312960027 
223 6.89631450439415 
224 10.137388639406785 
225 9.004671613080516 
226 16.0853528051451 
227 15.755917432054243 
228 15.136154165388572 
229 17.123661928129923 
230 8.091691473086561 
231 7.460930787716861 
232 8.97807231597784 
233 9.648843441953554 
234 15.385617654395258 
235 14.044071213080063 
236 2.8029315710582536 
237 15.224831301204032 
238 14.91286879475492 
239 16.456898919432174 
240 12.791451026078152 
241 10.853784704880743 
242 14.863456761248667 
243 11.133271043914041 
244 13.607134630794535 
245 14.48009390319685 
246 11.549052379995208 
247 9.706453143260475 
248 13.39074911245626 
249 12.572891405549777 
250 15.298745258243361 
251 20.739548153898642 
252 10.972040850493888 
253 15.826965020187917 
254 9.822564969660919 
255 10.623412872292732 
256 10.260741929486365 
257 11.068400608005405 
258 12.641784791775297 
259 13.332392441075033 
260 15.466121913176226 
261 9.710902789193295 
262 11.82613403108294 
263 11.43968689058899 
264 15.678761938582884 
265 16.807200044880066 
266 15.971060738179645 
267 17.337996147391223 
268 13.335147680666392 
269 13.872621914111079 
270 21.560000205612184 
271 10.844383771317469 
272 17.583157612318217 
273 11.362766744237078 
274 13.45578903467967 
275 15.299805574503631 
276 12.260999459198738 
277 7.712570357852773 
278 14.535645098127553 
279 3.0798552851963983 
280 12.944463818926435 
281 8.306950674866066 
282 8.406244300542538 
283 8.014506849288892 
284 15.216601364098098 
285 22.561666236337036 
286 14.40945444551326 
287 14.270368845626486 
288 12.645748725416595 
289 15.981162341447803 
290 20.02627960275019 
291 16.00470108788974 
292 16.233083055964084 
293 15.178001092852671 
294 11.672341005796786 
295 12.500011920940324 
296 11.656834762308408 
297 13.662762062360743 
298 16.281856789049943 
299 16.832561462087344 
300 18.583782682091478 
301 16.18866103925678 
302 12.096604313392975 
303 12.866713090640252 
304 8.705361275365448 
305 9.172208080755066 
306 17.255113627013774 
307 18.27726793386845 
308 11.118986267960342 
309 9.771215442713006 
310 11.156962887299965 
311 6.3832665223915575 
312 13.580831498510555 
313 8.148630822283744 
314 15.208931789585138 
315 18.03071103086579 
316 5.975302732427273 
317 8.022677628030284 
318 8.08021838511375 
319 11.433699435989281 
320 16.397194617543803 
321 17.224289662479315 
322 14.297902512689577 
323 14.848039875107087 
324 17.60485546512653 
325 18.684449908900977 
326 15.318804533219382 
327 15.13571719839921 
328 16.235345121233703 
329 10.307669244625975 
330 12.791841141361862 
331 12.234605029417512 
332 16.10171677774024 
333 14.887936817818796 
334 15.685328885614597 
335 14.759840940282226 
336 14.668065522402674 
337 8.068824353232682 
338 11.149489085244612 
339 10.423557421089647 
340 9.171405830439689 
341 8.015119463251411 
342 17.923150553808288 
343 15.287760108180217 
344 18.561906152777226 
345 16.952436382448994 
346 19.68454448178115 
347 16.0130110601647 
348 11.90211123723042 
349 16.47583993589265 
350 7.509299111267071 
351 7.741367727074736 
352 17.245606677357017 
353 12.598647710991028 
354 15.033186023089357 
355 18.272012825204314 
356 19.390783341963164 
357 8.179762308733418 
358 15.884627037508332 
359 16.76092438150118 
360 15.303713271378584 
361 13.528092786830257 
362 10.350939019273957 
363 12.922847503581718 
364 13.972769399387694 
365 9.968163129500677 
366 9.89406988566266 
367 13.661249031014064 
368 10.178941262980606 
369 13.474420054035127 
370 13.956357102452333 
371 13.231535081216304 
372 12.838238895146677 
373 9.645825619608537 
374 13.84135407075937 
375 11.76885995678891 
376 15.848614008040869 
377 9.802111718213219 
378 10.346496161664003 
379 15.249962732286928 
380 14.419213223185954 
381 11.058711861546737 
382 11.024181000042054 
383 11.084166435432936 
384 21.613884651853073 
385 12.080264283430731 
386 9.938849935191262 
387 8.97298245538971 
388 13.968581295979911 
389 13.780959734520543 
390 18.719975006136885 
391 10.190119167648595 
392 11.88986373287448 
393 17.893788395904437 
394 10.240950088142943 
395 14.101534447746742 
396 21.19491439775231 
397 9.290821050579693 
398 10.189252745117093 
399 12.001110179603025 
400 6.6004009681145375 
401 10.307542588642374 
402 9.138375125550953 
403 11.21921626320717 
404 10.35853133883081 
405 14.32510229034748 
406 10.078633595893868 
407 16.69653832680488 
408 14.892853084876718 
409 9.513654756936253 
410 13.432819951127808 
411 11.214236824093087 
412 7.127218598075417 
413 13.787165782432334 
414 9.512877970007349 
415 11.061978457870472 
416 16.98215666665317 
417 16.905971881852185 
418 14.350981640012865 
419 13.846746052444793 
420 12.875955879869961 
421 15.49932745037175 
422 9.021405464932204 
423 8.411251087928704 
424 13.308617609635832 
425 11.83040368255974 
426 16.355696977495974 
427 18.808959842148926 
428 7.926688173384209 
429 8.787581788354888 
430 15.983963842427984 
431 13.749472221129512 
432 11.045053917760603 
433 17.54168252441396 
434 9.93696619923192 
435 19.822039905859224 
436 7.2016469525711315 
437 8.696697194823829 
438 11.805031269525863 
439 18.075078970389875 
440 10.82582626763199 
441 11.560448162286566 
442 13.142149904903352 
443 16.324886057129067 
444 21.35233896544878 
445 15.815268131188585 
446 15.553930475929127 
447 15.407942927884738 
448 18.63605019016813 
449 13.93775981869598 
450 13.995008341675009 
451 15.101058869698901 
452 12.591801812079328 
453 14.405792123755813 
454 20.460817983140807 
455 15.692429718424735 
456 16.8956885682405 
457 17.38441898635542 
458 12.53093368706605 
459 17.563204529085642 
460 16.738984160178152 
461 19.62954608209741 
462 14.007066476980517 
463 20.223941984541426 
464 17.557029000066976 
465 14.410543602993219 
466 20.00097279511695 
467 11.994246381826345 
