0 2.150035301594806 
1 2.1044643565882266 
2 2.492449261142332 
3 2.5640860083650527 
4 2.7980489610222943 
5 2.9260193218346293 
6 3.275450433329188 
7 3.26702716717295 
8 3.1414692582677164 
9 3.258539797951693 
10 3.6518835918735393 
11 3.2019960323429637 
12 3.0814560816761922 
13 3.335907042956397 
14 3.307531251121313 
15 3.1341947477448797 
16 3.0105592271037303 
17 3.198010595384738 
18 2.974380458258397 
19 2.8962171543664845 
20 2.89921401692086 
21 3.602358099752068 
22 3.3899892667014697 
23 3.215528410615435 
24 2.9028139225684253 
25 3.166263732881629 
26 3.1065250366772004 
27 3.411294767215229 
28 3.0708248793406523 
29 3.3516229135943156 
30 3.612804107867985 
31 3.521446063834388 
32 2.9767251989088135 
33 3.379241365049775 
34 3.166274316155553 
35 3.488066621021513 
36 2.892477349327174 
37 2.8149381138504737 
38 3.3119705480516264 
39 3.7512941703919487 
40 3.0823263717345903 
41 3.1648925214715686 
42 3.26469162476376 
43 3.1711387463185474 
44 2.959996313377551 
45 3.407911729368756 
46 2.9355855617481525 
47 3.0127960181246447 
48 3.3012435273697456 
49 3.219587188434661 
50 3.217023472619279 
51 2.7105909817869143 
52 3.2986375714469354 
53 3.1341123649702514 
54 3.1250342997594576 
55 3.4509460328716965 
56 3.122454516564803 
57 3.589615932110445 
58 3.3458486013792723 
59 3.2918649991875437 
60 3.0651978616071047 
61 2.9142829754573967 
62 3.002041015471617 
63 3.150711976068023 
64 2.9681284574713938 
65 2.956033932544287 
66 3.0799354292679246 
67 3.2337899839873927 
68 3.214149418145574 
69 3.144168692301256 
70 3.0690077539972007 
71 2.9516537276364176 
72 3.314395789991876 
73 3.0598643121456153 
74 3.968122882908253 
75 3.0876112236182083 
76 3.6798758204738986 
77 3.6057365621588384 
78 2.9201667688369626 
79 3.3451809402217454 
80 3.8061087069512745 
81 3.985343100594934 
82 3.189248728413075 
83 2.9018183618749673 
84 2.95137799369536 
85 2.9686152620201467 
86 3.1848561972044007 
87 2.959181067064585 
88 3.1275229288700865 
89 2.9043167144126953 
90 3.327128230807514 
91 2.8456861954024544 
92 3.0121217242994778 
93 3.279969112871159 
94 3.031714387084617 
95 3.0118116411009366 
96 3.4391525323613688 
97 3.2916353491085237 
98 3.8526090785496474 
99 3.5853008511603983 
100 3.041472504045737 
101 3.052628636539029 
102 3.285304848932383 
103 3.1765585429931535 
104 3.0190564138446643 
105 2.894331214468492 
106 2.63342953810343 
107 2.7175514788482014 
108 3.178294907877157 
109 2.787867062771451 
110 2.4901676690100807 
111 2.7911755460853724 
112 3.6207802061790173 
113 3.612786473539535 
114 3.292499079276823 
115 3.0556290564903246 
116 2.8589831717934193 
117 2.881588547415853 
118 2.622776536575871 
119 2.669256154943723 
120 3.2214783552241935 
121 3.0437742076205048 
122 2.9356797648785515 
123 3.0629247889668028 
124 3.0340297709715847 
125 3.2371455017588664 
126 3.045952552352968 
127 2.9433479114604872 
128 2.7713776490707422 
129 2.8127276480876784 
130 3.093501791216309 
131 3.6065182430050844 
132 3.2099276957479406 
133 3.587082500623328 
134 3.206482360902201 
135 3.1417369198352256 
136 2.748077811022151 
137 2.931718544306018 
138 2.9083628102633745 
139 3.3873679003130874 
140 3.059400323716536 
141 3.0083295130041274 
142 2.910181707913158 
143 2.794362714902069 
144 3.1056633963785605 
145 3.046444023331411 
146 2.8240189203804693 
147 2.8675831722577203 
148 2.5470451386644903 
149 2.536429948952289 
150 3.143961055035844 
151 3.071950497860973 
152 2.732134381876834 
153 2.580093613762639 
154 3.332311198541344 
155 2.871375157378538 
156 2.8191734094764294 
157 2.969019842333649 
158 2.7648829786926727 
159 2.9152035822673152 
160 2.987448639118514 
161 2.9368161321546307 
162 3.1331443073436627 
163 3.0889298770101243 
164 2.7036185671230153 
165 2.85269796393812 
166 3.227426803390706 
167 3.7939014287429336 
168 3.2276156610914404 
169 3.1120934789639683 
170 3.094256195291342 
171 3.211984664778113 
172 3.0989851301646545 
173 3.055102593908937 
174 3.2517622198308698 
175 3.017657384868441 
176 3.0169786482679775 
177 2.9548273764714557 
178 2.841086102142662 
179 2.8424975672762183 
180 3.459387393554489 
181 3.23678808539389 
182 3.1697572667958225 
183 3.2791580739317165 
184 3.331401890179947 
185 3.4486851738852438 
186 3.3794528159951818 
187 3.5076673968325065 
188 3.1735803013769033 
189 3.456768714329817 
190 2.8579587244930793 
191 2.991035978580235 
192 3.375378519661583 
193 3.6081301419421656 
194 3.1907221505264918 
195 2.9246443567496243 
196 2.994473703148742 
197 3.2046761338829626 
198 2.942983396405686 
199 3.3820575046173644 
200 2.793508370801617 
201 3.0538222370598485 
202 2.7539206535649043 
203 2.8243002999905884 
204 3.0884453299272465 
205 3.199948819490861 
206 3.739952795858496 
207 3.760813958697432 
208 3.284904764885879 
209 3.2472406472155755 
210 2.9608209611773026 
211 2.8489250188584188 
212 2.746534459016549 
213 2.795009869304737 
214 2.9009671614582073 
215 2.7810797734932953 
216 2.628821584607746 
217 2.786152165706171 
218 3.1506962119922868 
219 3.1130244381884493 
220 3.369226097472777 
221 2.879750352101266 
222 3.518871085369411 
223 3.16197892343951 
224 3.211738877227646 
225 3.1204997018227205 
226 3.1377879416097176 
227 3.1130619053408477 
228 2.879306453639944 
229 3.068695442836009 
230 3.4868318158226907 
231 3.406463041780697 
232 2.652480586505765 
233 2.8300762733090075 
234 2.91969202568729 
235 3.124521688471252 
236 2.67296231613588 
237 3.0333709128440867 
238 3.0542136592165363 
239 3.3504187625452757 
240 3.1129335048100275 
241 3.0582208703399907 
242 2.776302334532067 
243 2.7086160642342065 
244 2.9815176883218357 
245 2.9003359696323425 
246 3.1999784239285693 
247 3.1209104131007406 
248 2.8011705713529267 
249 2.8009404001529012 
250 3.214079207993561 
251 3.773996473005012 
252 3.3094454113851675 
253 3.341661583508227 
254 2.814057486805067 
255 2.8335923151343136 
256 2.689437448368312 
257 2.584929373994255 
258 2.5364262061207548 
259 2.6182264782764033 
260 2.437159946113061 
261 2.509198389705828 
262 2.760508052844495 
263 2.9476299814664944 
264 3.266783952972746 
265 3.1594382425681204 
266 3.375617526007713 
267 3.1858685838135656 
268 3.313168584816925 
269 3.288282838438407 
270 3.226193062488738 
271 3.3612344889269155 
272 3.6323180069199537 
273 2.9563035104495827 
274 3.270237039273092 
275 3.174124110323837 
276 2.8645922771668166 
277 3.136365868652569 
278 2.9925641735444204 
279 2.710349724185477 
280 3.2192623399115985 
281 3.1253689398692686 
282 3.3386933636570344 
283 3.2749920284968175 
284 3.173364291070992 
285 3.3137887417322323 
286 3.170842206400332 
287 3.301383472108882 
288 2.9562666593783256 
289 3.0243060566653788 
290 3.5863706356430605 
291 3.2198245979250206 
292 3.239528173271518 
293 3.6677501651467 
294 2.9041794447731366 
295 3.030084865140263 
296 3.2841054538102363 
297 3.3913089840375896 
298 2.9070823752331107 
299 2.9717176420074973 
300 3.608091622804104 
301 3.1335233614095293 
302 3.378151226025146 
303 2.891864945746101 
304 2.724800149014743 
305 2.566255027946423 
306 3.164355234948477 
307 3.222555914222103 
308 2.953363740867061 
309 2.97248618688395 
310 2.7582394132608115 
311 2.740710252669714 
312 2.665133873114473 
313 2.688722270616034 
314 3.0295883924131344 
315 3.079803189214996 
316 2.412547509516448 
317 2.6381621982884162 
318 2.7344922320700933 
319 3.1192120049303194 
320 2.827370064897125 
321 2.7141193690250263 
322 3.117901114135146 
323 3.035872298286357 
324 3.0455539740595468 
325 3.595757105553177 
326 3.188598795502627 
327 3.392906642373803 
328 3.0842007388555 
329 3.272472685004499 
330 2.753898458872711 
331 2.8627298942891324 
332 2.723679570116658 
333 2.642988852112611 
334 3.313542827137731 
335 3.1633943921157237 
336 3.1795433558782715 
337 3.2844302793562274 
338 3.0293236277847426 
339 3.037406415461138 
340 3.4389590338866536 
341 3.2881105923347804 
342 3.4332987760265126 
343 3.0648116046575384 
344 3.839781435818608 
345 3.498738974702007 
346 3.290940156379135 
347 3.306173264176045 
348 3.382544147941571 
349 3.180285099445495 
350 3.041312227846825 
351 3.1113052557213168 
352 3.3723418753918253 
353 3.2336626356693254 
354 2.973429084095684 
355 3.372989037273814 
356 2.809052009216818 
357 3.1275220846305967 
358 3.112098014649538 
359 2.978983685319946 
360 3.1955953133699087 
361 2.903286416632147 
362 2.9295716451878047 
363 3.300972021639418 
364 3.1598618820952353 
365 2.8978974131566213 
366 2.9780123046680043 
367 2.875494521413624 
368 3.0368041005850652 
369 2.809309547256053 
370 3.058805196840288 
371 2.893549054453331 
372 2.761073933760839 
373 3.1798634659042246 
374 2.86621680146135 
375 2.8546776484581815 
376 3.139578192795205 
377 3.207802801874223 
378 2.920002007692942 
379 3.3784480792453078 
380 3.0612753486281905 
381 3.0634193412090465 
382 3.449754999492072 
383 3.4686794911356644 
384 2.917294268304295 
385 2.887821661128264 
386 2.8446586944144054 
387 2.9342710005904378 
388 3.0743623939600355 
389 3.1179764533496286 
390 3.443434272604389 
391 3.2248949313470963 
392 2.6990830741413174 
393 2.931902331975183 
394 3.1677261147319804 
395 2.8915529392709574 
396 3.455214389887629 
397 2.7251204435717766 
398 3.1580440499214704 
399 3.0749080951489276 
400 2.9211026515914407 
401 2.8252223826135743 
402 2.796578797441121 
403 2.9362775917271877 
404 3.0182896748662795 
405 3.1474269170895086 
406 3.643523792250753 
407 3.4458682299690104 
408 2.710012463609738 
409 2.6561813435437194 
410 3.1250630182887624 
411 3.1577389700544907 
412 3.2748753895868727 
413 3.4905972790393727 
414 3.19571632546116 
415 3.104939355567753 
416 3.4373530892425506 
417 3.432888165066052 
418 3.05347520075306 
419 2.876393361456615 
420 3.2769642504041205 
421 3.239287015522678 
422 2.8292486319828423 
423 2.6874677911932583 
424 2.9171899766280016 
425 3.0261472321711063 
426 3.5055904144497974 
427 3.0366430633017423 
428 2.8952826247315917 
429 3.28754821335294 
430 2.890921808477689 
431 2.8876612928515613 
432 3.3949403306478123 
433 3.3398234515655005 
434 3.128368119472914 
435 3.6359952560465785 
436 3.1576344844198716 
437 3.339213751424195 
438 2.731047660466638 
439 3.0230713825784292 
440 3.3423887773178445 
441 3.3069357362513747 
442 2.846390461796145 
443 3.0815258640083454 
444 3.016344989089637 
445 3.6553066837422157 
446 3.1477920655654685 
447 3.093777511282174 
448 3.487581253116608 
449 3.342960157963243 
450 3.268353086612053 
451 3.0323482691093298 
452 3.106617548476291 
453 3.518784325739297 
454 3.5217159260160003 
455 3.251246519470838 
456 3.0307564963703126 
457 2.818220655023857 
458 3.2215117049798563 
459 3.316537946561521 
460 3.04836320478272 
461 2.8588881251074625 
462 3.4845690402372176 
463 3.069038761396162 
464 3.3069592740151452 
465 3.260032531275033 
466 3.279841040352661 
467 2.9920906752959984 
