0 3.546937919182049 
1 2.7658760167971637 
2 3.7593164903652134 
3 2.9563737543134603 
4 3.6186836643652005 
5 3.54595820541717 
6 4.081923581249578 
7 3.8344788662278364 
8 4.016349348017099 
9 4.102334702497847 
10 3.795349521785045 
11 3.561927019726575 
12 3.743734859559578 
13 3.419598004984925 
14 3.868430598418082 
15 2.8596234154247013 
16 4.392968609956565 
17 3.359813442382846 
18 3.7121351002712455 
19 3.634661977827586 
20 4.400514829570775 
21 3.5677198697812678 
22 3.7205221002980755 
23 2.4900677916755725 
24 3.6095709012035417 
25 3.3080665466558967 
26 3.09113819735557 
27 3.005446612441425 
28 3.1718156915394395 
29 3.5897182078946015 
30 3.983683617624717 
31 3.8915011451547583 
32 3.5520848529440125 
33 3.367660003959644 
34 3.3512177378068824 
35 3.344173552036824 
36 3.7091681469309052 
37 3.690655683385151 
38 3.9508982803391053 
39 3.745144322884828 
40 3.762447754737644 
41 3.4318824186931978 
42 3.761202121569835 
43 3.3253731885351954 
44 4.211733103588768 
45 4.02815297574334 
46 3.4149933873301954 
47 3.7478945618949373 
48 3.526289217441198 
49 3.059209850424563 
50 3.7318116408255375 
51 3.8009786363201186 
52 3.225559056293082 
53 3.5068325545458516 
54 2.989823286947236 
55 3.777283912365639 
56 3.7894335673038073 
57 2.8760396116977 
58 3.144583533633601 
59 3.8308927044607417 
60 4.039108863190834 
61 3.203902600767395 
62 2.7202384996819533 
63 3.2613221732886637 
64 3.9433839187354853 
65 3.471901864741995 
66 3.2183741043685874 
67 3.4684429546507434 
68 3.169326647486452 
69 3.082475174565563 
70 3.0875195677783127 
71 3.493071705732701 
72 3.226028471799722 
73 3.618732696342929 
74 2.7814409068201464 
75 3.802980992515644 
76 3.628577762191219 
77 3.8850981106419202 
78 3.423526991826043 
79 3.3874424737866473 
80 2.8905203821526193 
81 3.16171135590759 
82 3.336497686148168 
83 3.5311963655257 
84 3.0693694609653495 
85 3.4770818103072694 
86 3.9750922367284374 
87 3.711231208826355 
88 3.978540920348775 
89 3.575413925380059 
90 3.9737445508125453 
91 3.4847157176276378 
92 3.4889276727325775 
93 3.432871740382522 
94 3.6775757706067913 
95 3.524321250548457 
96 3.8275544675333135 
97 3.578403007296151 
98 4.4880199333126365 
99 4.269029132336014 
100 3.9158963815439707 
101 3.875619922447248 
102 2.9294629066542397 
103 3.1458812186840013 
104 3.4648745864364106 
105 4.162144067423584 
106 3.6780856103103585 
107 3.928812396609673 
108 3.310202894315792 
109 3.4755922835736 
110 3.3445464376126486 
111 3.456317362652276 
112 3.282453512910872 
113 3.3668601741010935 
114 3.52241356197928 
115 3.857034896698996 
116 3.2417428820190417 
117 3.647093340567406 
118 3.590859541337642 
119 4.236285679154215 
120 2.5843690706244757 
121 2.8925681555752916 
122 2.8651954909723756 
123 3.3157421174892394 
124 3.1134855072564402 
125 2.860014265414568 
126 2.570988460903907 
127 4.008096398271208 
128 3.2492351670971282 
129 3.6904242362184414 
130 3.626275976535465 
131 3.4700222698216105 
132 3.164350167796406 
133 3.4488119766709393 
134 3.364794162629667 
135 3.492402838876531 
136 3.2857772616639105 
137 3.931234569926231 
138 3.8187962091809142 
139 4.319033657952983 
140 3.2760419403200824 
141 3.4414287912972314 
142 3.443494695863575 
143 3.6423832793278015 
144 3.218773127244677 
145 3.3938955933203223 
146 3.0308875553289374 
147 3.735714830751775 
148 3.384883511335539 
149 3.6824494123175855 
150 2.811751025081189 
151 3.5352115274347176 
152 2.7810296567812354 
153 3.665038279727278 
154 3.8062982722986733 
155 3.6352954069924412 
156 3.8503654366493496 
157 3.081578151614328 
158 3.76654976132324 
159 3.4090787980327333 
160 3.5101112322675485 
161 3.781181157167077 
162 2.6493751154288665 
163 3.08893043988689 
164 3.3714205376724284 
165 3.460646586911649 
166 4.085579076866159 
167 4.236623805100513 
168 3.508818422008668 
169 4.065434544191317 
170 3.5535360182185225 
171 3.8859245669583755 
172 3.1782042835374704 
173 3.9434329533767407 
174 3.5243046278668935 
175 4.491005598909045 
176 3.563207126463276 
177 4.166208850346016 
178 2.98553665401319 
179 3.7240916085925932 
180 3.1797952538893353 
181 3.7750078010907204 
182 3.1727099164194867 
183 3.8719762521074337 
184 2.6874411494671895 
185 4.2803143506921355 
186 3.514213793330874 
187 4.243149218197196 
188 3.0805135191804958 
189 3.8766480160677896 
190 3.534746773043795 
191 3.8543950773181708 
192 3.1931543538810265 
193 3.787496933160863 
194 3.4786510751240085 
195 3.4061156867792217 
196 3.6481447820686137 
197 3.6864543025754206 
198 3.61103973127917 
199 4.190350503950849 
200 3.5599965542351253 
201 4.0287099414207095 
202 3.2645801251411948 
203 3.292019713710142 
204 3.8206557591140773 
205 3.4844008548355005 
206 3.2707506790583296 
207 3.546608225220243 
208 2.920846786118776 
209 3.627559038879729 
210 3.2221627472672463 
211 4.112750589416708 
212 3.2221627472672463 
213 4.112750589416708 
214 2.9309232017108826 
215 3.272829877556503 
216 2.5749626576161555 
217 2.971916207462362 
218 2.652631504647969 
219 3.8799497716488784 
220 2.937922496511942 
221 2.48842360081305 
222 3.44170288210843 
223 3.9228865650663924 
224 2.793289108000165 
225 3.379407314426019 
226 2.8612554122009533 
227 2.9711896488909044 
228 2.471010122380246 
229 3.052374939252131 
230 2.9748487475782124 
231 3.365801184575628 
232 2.5444595035277704 
233 3.0971650488836 
234 3.6230929001523586 
235 3.7086334265556657 
236 3.154946678684024 
237 3.661038112007562 
238 3.1424020043186265 
239 4.1710292117053935 
240 3.676758896246725 
241 4.066193186229316 
242 3.9184920977036137 
243 4.237419140670237 
244 3.7095358236343063 
245 4.369564244296101 
246 3.913755444410154 
247 3.763012248592796 
248 3.1936786680665388 
249 3.7527954345108885 
250 3.5954559574869087 
251 3.129632291561058 
252 3.895693262308005 
253 3.8601862243747016 
254 3.7951241976262917 
255 2.94455247836842 
256 2.966677023726763 
257 2.9907821356097117 
258 2.490120624776227 
259 3.534085775373484 
260 4.034164341311662 
261 2.9767545015080725 
262 3.0307769855667805 
263 2.901562385646821 
264 3.5013623448911133 
265 3.238549185405773 
266 3.288487308253427 
267 3.0089826396685506 
268 3.341491557299315 
269 3.157432458415667 
270 3.4799521386929353 
271 3.701107558370979 
272 3.449161711098933 
273 3.346387191516226 
274 3.5268240627983705 
275 3.2974567879535335 
276 3.5268240627983705 
277 3.2974567879535335 
278 3.632337686725324 
279 2.661582773527749 
280 3.1153014934211356 
281 3.684347888276425 
282 2.6917865320138796 
283 3.5977839224153825 
284 3.2691350345569945 
285 3.4759631069046213 
286 3.159770128593747 
287 2.8969096026531487 
288 2.596132777630717 
289 3.04602411879966 
290 3.8152561691940137 
291 3.0250884583202726 
292 3.7198896501983034 
293 3.0031270256857843 
294 2.9536131203034977 
295 3.3505998058925663 
296 2.788917014057325 
297 2.458056093937346 
298 3.070672279374 
299 3.1697523268050354 
300 3.2837990572247016 
301 3.5873612792719163 
302 3.4449497577000083 
303 3.559086730395325 
304 3.38570424270169 
305 3.263592324167573 
306 3.2825506465029965 
307 3.2848154410585946 
308 3.9316308738011463 
309 3.0532793930379265 
310 3.1073410612589067 
311 3.126205886434019 
312 3.0386857884140674 
313 2.8452268962776843 
314 3.1657494477311343 
315 3.3266385430457417 
316 2.8061005889398407 
317 3.175454775542514 
318 2.4580989221370197 
319 3.095898123853613 
320 3.7236793309355027 
321 3.4105342248998065 
322 3.566661161459113 
323 2.915019099382043 
324 3.96694985025929 
325 3.981268688531736 
326 3.6656684918316245 
327 2.9240391790228526 
328 3.4372605246833476 
329 3.134304483111938 
330 2.50736393208702 
331 2.7891441937078922 
332 3.9745688206187983 
333 3.00931930957889 
334 3.5802004414020696 
335 2.767561732127729 
336 3.212380689264699 
337 3.726495628626095 
338 3.3195809157265135 
339 3.682043800090044 
340 2.9232924998685528 
341 3.1923033761296598 
342 2.971793631764119 
343 3.571912680804078 
344 2.824859387005212 
345 3.2127045354547943 
346 3.096310604486053 
347 3.4178659392252597 
348 3.3639540089529 
349 4.041295131500639 
350 3.7235822477231513 
351 3.823410704346744 
352 2.983090096466376 
353 2.582235657973613 
354 3.5404184132508747 
355 3.0208882005672644 
356 3.438324030361899 
357 3.5788907629915454 
358 3.295931649656685 
359 3.1516655637190327 
360 3.0308870999890787 
361 2.6836800256621127 
362 3.347877194590734 
363 3.8790143892911964 
364 2.7725512595654154 
365 3.437751280754126 
366 2.7725512595654154 
367 2.5038531641827158 
368 3.3457551213437364 
369 2.635310880664247 
370 3.892356183158387 
371 3.104583388242583 
372 2.8199728721744464 
373 2.779527445555018 
374 3.673245241063287 
375 3.5780997542505104 
376 2.5242066294925936 
377 3.461224806730614 
378 2.8382749988654057 
379 3.5559614281946343 
380 2.8253350117795493 
381 3.775303281864253 
382 3.6605667204850025 
383 3.779895847508473 
384 3.615557326090849 
385 2.8676726114040094 
386 3.7345835979165463 
387 2.267956700673847 
388 3.725128321090528 
389 3.8323678534652768 
390 3.084626605081805 
391 3.367628665030481 
392 3.194231019207176 
393 3.729470972971928 
394 3.1989308858672025 
395 3.171061137610853 
396 3.6749732233377435 
397 3.345249559161258 
398 3.0844064045480515 
399 3.5562456584316897 
400 2.5485793689061653 
401 2.78415421928829 
402 3.212952702526151 
403 3.588547465406066 
404 3.026810658771894 
405 3.19002240805385 
406 2.9371103111548327 
407 3.701975647061838 
408 2.8008929158435745 
409 3.285717822079488 
410 3.608847258743378 
411 3.827961821989107 
412 3.139044057804516 
413 2.6522624419550147 
414 3.5221824641291586 
415 2.6259080206674565 
416 2.139348970641328 
417 2.3700772941361334 
418 3.380841518276515 
419 3.5338892999121665 
420 3.52694921704019 
421 3.0392153721800685 
422 2.9690152027682637 
423 2.9994836990127105 
424 3.048323288907457 
425 3.564466702033823 
426 3.3636093374171914 
427 3.287514842433766 
428 3.6566419097403995 
429 3.367792329310292 
430 3.1233421595419033 
431 3.4034807246594694 
432 3.2001142808328615 
433 3.3399862311191275 
434 3.4486234390470916 
435 3.5409648351916454 
436 3.716953617727384 
437 3.6290792887172683 
438 3.4865526448063724 
439 2.756315879090634 
440 3.6197637027221092 
441 2.2733250917183154 
442 3.7363089567172114 
443 2.655004903333345 
444 3.127193914991264 
445 2.909331401920688 
446 3.655732458002211 
447 3.1764995959060056 
448 2.880363367284969 
449 2.962952379110936 
450 2.9870535323475877 
451 2.7501439597624135 
452 3.4169574950829573 
453 3.035849901482563 
454 2.75600926833455 
455 3.6135582864098494 
456 3.12477028396947 
457 2.9962405933611227 
458 3.860268979386102 
459 3.334039854605462 
460 3.419345150040687 
461 3.970684846577435 
462 3.1230194528761115 
463 3.4893712694398915 
464 3.6394599089892354 
465 2.806302203880028 
466 2.9432614770473995 
467 3.035929297734082 
468 2.3634374329256893 
469 2.7850619572493134 
470 2.723747027599626 
471 3.0658505314390117 
472 3.533357710277581 
473 3.9640077179141042 
474 3.2649204011161714 
475 3.5524163994874023 
476 3.519848204557687 
477 3.609559378719614 
478 2.9242509884932084 
479 3.079656204034876 
480 3.123476796088062 
481 3.317008374590427 
482 3.054940084899275 
483 2.578723492235019 
484 2.279258301435991 
485 2.308288984428237 
486 2.778200313986976 
487 3.4360280475267393 
488 3.6655108891426793 
489 2.707709263322699 
490 3.0245790612284735 
491 3.609691884662234 
492 3.587918714967987 
493 3.21405470632142 
494 3.253195933302962 
495 2.805574479249394 
496 2.5170342414918583 
497 3.2886966945959677 
498 2.934300581407008 
499 2.390714198422781 
500 2.789233558051331 
501 3.5040461071813667 
502 2.8978218009138708 
503 3.2527784783610185 
504 3.0081973835947178 
505 2.8028717742973743 
506 3.446021452686731 
507 2.981823169709079 
508 3.508140860184579 
509 3.3935876601698722 
510 3.2070810766109794 
511 3.2741300356792875 
512 3.9105620460366772 
513 3.9033917780984497 
514 3.254441808273163 
515 3.7545966771756585 
516 2.4473878481284754 
517 2.4561804343541205 
518 3.435713118779393 
519 2.9940385736523925 
520 3.7866773408084793 
521 3.66490746635407 
522 3.011236108011536 
523 2.966172657859651 
