0 18.353085317720776 
1 10.090757305284633 
2 23.24783141278261 
3 17.25766951942067 
4 28.025925777439227 
5 6.85253095587022 
6 9.303309378049862 
7 4.555411466988151 
8 8.23743460021682 
9 10.974165223261242 
10 3.1838731887055842 
11 9.67434822822795 
12 30.316179021626 
13 13.462958683203656 
14 9.794352192827803 
15 9.09186365360646 
16 15.446642237648922 
17 9.939509411516578 
18 22.137385402207244 
19 11.8228671616464 
20 15.39578316790979 
21 19.68131161695079 
22 13.310391444393316 
23 24.320727365503483 
24 16.642742639473056 
25 11.749836819649996 
26 30.816678299842035 
27 17.303519860063698 
28 9.256027346775742 
29 20.407159990463725 
30 5.582067344611113 
31 5.80822342729584 
32 8.533350694479767 
33 4.691268877241725 
34 12.53748867851773 
35 12.849526832242192 
36 14.000053405965446 
37 11.290246515459033 
38 13.955614115642863 
39 19.279369719701776 
40 13.985815129861253 
41 12.57172316638192 
42 19.160997359500772 
43 11.101651892887675 
44 11.817504078349389 
45 3.3996522782260516 
46 14.31859814902689 
47 13.019481245111065 
48 9.227782544606516 
49 42.41040263706041 
50 2.7909445271774644 
51 18.97042474569985 
52 9.373416646553496 
53 11.59618133410009 
54 41.370880719647275 
55 10.627935203180547 
56 8.324162335200874 
57 6.319368651332938 
58 10.346189898272307 
59 17.38045689801635 
60 25.433743049281127 
61 21.642882206031086 
62 18.173366725304817 
63 5.656954960738669 
64 13.524341405217166 
65 24.677021556998966 
66 19.732793865117262 
67 28.259885863669744 
68 9.329777271604966 
69 17.565926081038636 
70 9.56365618024156 
71 27.984974345630082 
72 60.988541848426685 
73 33.96445085066928 
74 10.918089030380491 
75 20.16928662451011 
76 23.572113412201084 
77 22.57198671825809 
78 5.733260066650811 
79 37.56889370583019 
80 30.010761305094448 
81 11.069978093905883 
82 28.94000593385818 
83 12.780732172566992 
84 15.663830899652687 
85 9.842988259203372 
86 24.9349265798704 
87 16.853731943021316 
88 3.2096260375622996 
89 3.0612653918887456 
90 17.513848466501035 
91 15.405962123326917 
92 13.727646733456178 
93 25.870962966618144 
94 20.67198296681091 
95 14.831605933626832 
96 24.492429152870965 
97 20.990621465533636 
98 16.495019211332522 
99 15.24065333115314 
100 14.0735705154231 
101 22.690311063024073 
102 16.63594356722711 
103 15.0014091861771 
104 24.02924090518476 
105 14.1542137286597 
106 16.106539687416 
107 14.589086456855052 
108 35.255436290126 
109 20.769947657979312 
110 3.4410312828931446 
111 5.238191818322601 
112 30.25625784484873 
113 31.228996038955238 
114 44.29885300268266 
115 11.312933408495683 
116 21.47027447607932 
117 40.89450489450489 
118 24.29762139240653 
119 26.733190987603173 
120 13.635578673602081 
121 22.142293783819454 
122 11.392240583205675 
123 7.471496720546374 
124 12.583868373996424 
125 21.819422768795388 
126 9.950521451143016 
127 25.292793825001507 
128 31.58646865680634 
129 15.224057639607267 
130 41.08357168044509 
131 7.732647511591678 
132 18.327502807479036 
133 17.92636788703018 
134 33.581028174314056 
135 32.88489552706888 
136 28.147424368507235 
137 13.247122733876571 
138 26.081871490488954 
139 11.80190887808392 
140 22.735696358974636 
141 12.416751037614642 
142 19.95244868349071 
143 11.510417352741005 
144 25.487527573026743 
145 24.32129147482807 
146 42.436148040227444 
147 21.42147814850944 
148 20.732064653254906 
149 29.88694518273609 
150 19.377972436670408 
151 13.508442970096137 
152 14.76311389722886 
153 28.1964330131157 
154 14.55324700559326 
155 2.6435266652884852 
156 19.384958103979777 
157 9.249067221776292 
158 7.622126917205786 
159 11.8043003489812 
160 15.082758571089519 
161 16.141250721570138 
162 10.902480043461196 
163 7.370518306344618 
164 12.283981314706615 
165 9.679371555695045 
166 11.920648454463809 
167 9.148820053527842 
168 34.60732526382666 
169 34.44758908992354 
170 11.944785712861785 
171 16.3847040302513 
172 24.392437380416514 
173 6.3818582125093 
174 8.615505965096789 
175 14.711023348637207 
176 52.103155279503106 
177 17.0183317238637 
178 20.987575495253868 
179 19.17106905015472 
180 34.277551220548695 
181 13.779103536183129 
182 47.56795009923448 
183 23.6718909614245 
184 7.069651414249186 
185 5.209377192927982 
186 42.06249749287978 
187 20.93958712962732 
188 13.544299955113942 
189 8.615063560758086 
190 36.75474079007326 
191 25.06561168448543 
192 14.127801187673258 
193 10.72371933197656 
194 10.386748321624118 
195 10.527871485943775 
196 12.698468059339994 
197 6.727592357341751 
198 31.76805095850154 
199 18.948656206658203 
200 17.95091888005341 
201 12.049862243915893 
202 17.040180058665324 
203 11.296571413181072 
204 2.297541250310863 
205 1.9616720615753882 
206 16.373958158473123 
207 14.706587330250105 
208 14.68912719147714 
209 21.33040404810944 
210 23.27673106058504 
211 20.56807716638143 
212 8.21600614294893 
213 12.938913259419673 
214 19.70044714988915 
215 5.418612372505829 
216 21.295747759640527 
217 10.792648973563272 
218 39.93320194605505 
219 15.931447324440123 
220 15.687792909212638 
221 8.980436742183368 
222 9.638532953396451 
223 19.32039872496453 
224 11.769322288818552 
225 12.724703369647987 
226 20.04800848895623 
227 21.855692020697308 
228 45.31100716237968 
229 6.160556495581877 
230 15.846518287914222 
231 17.443124729680274 
232 13.821558618735192 
233 12.606524019488502 
234 18.488105260837944 
235 27.07207724729073 
236 19.722772649685183 
237 21.599637457257035 
238 24.950798022640882 
239 2.6901601407966504 
240 16.34766476074662 
241 8.902892487428813 
242 7.253431468341603 
243 24.16992635448961 
244 39.31926541861577 
245 17.68972265335043 
246 20.33187908401683 
247 21.55368503273415 
248 17.39379110716685 
249 19.45563425687554 
250 29.769639156233143 
251 8.933592901354212 
252 27.295471258533283 
253 26.213416996862616 
254 19.675956635345663 
255 11.85370747712943 
256 12.011007860712189 
257 14.975806221257391 
258 42.74014367962501 
259 9.936165827657684 
260 12.822147630489676 
261 11.762259177206316 
262 11.759522027178956 
263 17.6155765176269 
264 30.472116474383192 
265 16.860371351505627 
266 13.122249579987047 
267 11.894651764926081 
268 30.1529392312061 
269 5.167008932586138 
270 26.796897560726286 
271 20.760797901301785 
272 24.657581921435373 
273 9.761732314251933 
274 18.28762775122955 
275 22.04198920577864 
276 5.973881473906399 
277 11.601120751888434 
278 11.360243114333615 
279 10.23058366688863 
280 12.846142301908404 
281 19.20046876144437 
282 14.121997946162523 
283 12.208075257299864 
284 14.450161923792463 
285 18.281490134202738 
286 14.973346946643915 
287 15.81413516825337 
288 14.494555432299713 
289 10.499015006445637 
290 15.656931254852774 
291 12.048270017953321 
292 25.99232804724634 
293 33.27518663376941 
294 23.615379851246278 
295 21.3783500005097 
296 41.016477767238094 
297 12.544838415409233 
298 16.946135074421836 
299 9.767324450074751 
300 16.32742801309525 
301 10.235776742506143 
302 22.960847858456688 
303 29.00986291516233 
304 25.766703526231723 
305 18.141453287197233 
306 22.71784039084419 
307 25.28806651352639 
308 39.18079402148529 
309 9.518944594861413 
310 13.771412436056552 
311 33.838949890680844 
312 18.835312978539 
313 20.37157705570936 
314 12.745351504930337 
315 13.790248232779879 
316 31.736561743341404 
317 10.454110181425733 
318 12.07598624922983 
319 52.978451433623846 
320 14.114299367022584 
321 29.1202354999514 
322 11.141314973012028 
323 20.263904456383102 
324 24.123357240221086 
325 19.753704139782414 
326 41.507214250371106 
327 41.0586369598841 
328 18.488675735482108 
329 42.937471847999674 
330 13.618931345299634 
331 12.639080071839254 
332 8.810804111410572 
333 18.205155583334417 
334 26.417817192381335 
335 12.667556613290003 
336 18.850635050471457 
337 19.685191182199194 
338 19.20143565421609 
339 32.31234544123878 
340 22.4630676949443 
341 9.691762368001479 
342 17.764420368731127 
343 25.031803722867767 
344 37.54972247090421 
345 12.728564968939576 
346 14.567247948264665 
347 10.150071751982557 
348 14.906190916198735 
349 17.925678361248465 
350 10.716732374501442 
351 28.383041786499746 
352 17.153986151838993 
353 30.90500751569454 
354 15.134133404536303 
355 26.970414429476257 
356 36.39183021847398 
357 22.660277154974473 
358 12.663120203368134 
359 25.437445038117012 
360 25.4146332596116 
361 9.680756678407061 
362 14.335041064147564 
363 19.008683356597718 
364 26.97024100414105 
365 22.9029235423242 
366 12.696238625975457 
367 15.005004883249203 
368 17.27992353549461 
369 12.264656430290394 
370 23.946925492435057 
371 15.435330139033026 
372 23.601294207016853 
373 10.329093474722152 
374 12.671230476420652 
375 10.952071838712794 
376 14.178855632255404 
377 12.065981232056247 
378 23.368679102315525 
379 15.402567642997738 
380 11.551787863514805 
381 28.4272865905317 
382 27.65870289162188 
383 44.67110434217673 
384 10.864580769997902 
385 16.26537711300787 
386 48.82775320139697 
387 15.333645297145532 
388 15.826248386926368 
389 14.798377024309353 
390 22.89667219844528 
391 26.637435776932406 
392 27.879503336789767 
393 13.570373821494897 
394 20.70065196898582 
395 28.65314041343881 
396 10.497963883014004 
397 26.673348299172638 
398 20.10162229517625 
399 17.65041745219499 
400 19.81529739689139 
401 16.294887334887335 
402 24.938484772811055 
403 9.393275135379668 
404 22.710459915748892 
405 21.51686494195382 
406 17.861555299097617 
407 12.532618601551972 
408 11.083404900761302 
409 51.4278847922312 
410 14.653819010152816 
411 10.430815678413955 
412 10.827754629988176 
413 12.178759854237141 
414 18.95002597872004 
415 51.62029709672258 
416 21.90374331550802 
417 13.727467017519743 
418 17.9928874475031 
419 16.460967884993504 
420 9.70039201174879 
421 13.570417727621273 
422 10.648847093232861 
423 9.785760114602217 
424 26.556480666586467 
425 7.983615169672836 
426 13.027366668633778 
427 19.417175130780983 
428 7.785308846840627 
429 3.2648171009840445 
430 15.60572540527669 
431 23.775750945235842 
432 7.976646133775054 
433 25.23344964504873 
434 48.00183112453936 
435 12.237603540886797 
436 12.821716469239588 
437 14.698856488019933 
438 22.738531264569712 
439 9.993052544303135 
440 29.657443874845324 
441 16.762933980248828 
442 41.42686130810106 
443 29.842714536774174 
444 18.929756467423683 
445 19.735207901039388 
446 24.78287895439666 
447 10.576693119091388 
448 30.83616259493159 
449 26.569938996192803 
450 30.83616259493159 
451 20.603945610312035 
452 22.706279774794282 
453 31.58480364471554 
454 47.797791478159795 
455 12.494984792018565 
456 15.695542025753193 
457 12.20597915763313 
458 5.501823314286914 
459 26.486549293995807 
460 24.017545165631173 
461 10.383611224578212 
462 11.89873475177305 
463 13.433680414319253 
464 21.64355229888023 
465 17.670271522760306 
466 16.016251842460992 
467 20.572112437034967 
468 12.463573285788575 
469 17.38845496907285 
