0 0 
1 2 
2 0 
3 2 
4 2 
5 2 
6 2 
7 2 
8 2 
9 2 
10 2 
11 2 
12 2 
13 2 
14 2 
15 2 
16 2 
17 2 
18 2 
19 2 
20 2 
21 2 
22 2 
23 2 
24 2 
25 2 
26 2 
27 2 
28 2 
29 2 
30 2 
31 2 
32 2 
33 2 
34 2 
35 2 
36 2 
37 2 
38 2 
39 2 
40 1 
41 2 
42 1 
43 2 
44 1 
45 1 
46 3 
47 2 
48 3 
49 1 
50 3 
51 1 
52 3 
53 3 
54 3 
55 3 
56 3 
57 1 
58 3 
59 3 
60 3 
61 3 
62 3 
63 3 
64 3 
65 3 
66 3 
67 3 
68 3 
69 3 
70 3 
71 3 
72 3 
73 3 
74 3 
75 3 
76 3 
77 3 
78 3 
79 3 
80 3 
81 1 
82 3 
83 1 
84 3 
85 1 
86 3 
87 1 
88 3 
89 1 
90 3 
91 3 
92 3 
93 3 
94 3 
95 3 
96 3 
97 3 
98 3 
99 3 
100 3 
101 3 
102 3 
103 1 
104 3 
105 3 
106 3 
107 3 
108 3 
109 3 
110 3 
111 3 
112 3 
113 3 
114 3 
115 3 
116 3 
117 3 
118 3 
119 3 
120 3 
121 3 
122 3 
123 3 
124 3 
125 3 
126 3 
127 1 
128 3 
129 3 
130 3 
131 3 
132 3 
133 3 
134 3 
135 3 
136 3 
137 3 
138 3 
139 3 
140 3 
141 3 
142 3 
143 1 
144 3 
145 1 
146 3 
147 1 
148 3 
149 1 
150 3 
151 1 
152 3 
153 3 
154 3 
155 1 
156 3 
157 1 
158 3 
159 3 
160 3 
161 1 
162 3 
163 1 
164 3 
165 1 
166 3 
167 3 
168 3 
169 3 
170 3 
171 1 
172 3 
173 3 
174 3 
175 1 
176 3 
177 1 
178 3 
179 1 
180 3 
181 1 
182 3 
183 1 
184 3 
185 1 
186 3 
187 1 
188 3 
189 1 
190 3 
191 1 
192 3 
193 1 
194 3 
195 1 
196 3 
197 1 
198 3 
199 1 
200 3 
201 1 
202 3 
203 1 
204 3 
205 3 
206 3 
207 1 
208 3 
209 1 
210 3 
211 1 
212 3 
213 1 
214 3 
215 1 
216 3 
217 1 
218 3 
219 1 
220 3 
221 1 
222 3 
223 1 
224 3 
225 1 
226 3 
227 1 
228 3 
229 1 
230 3 
231 1 
232 3 
233 1 
234 3 
235 1 
236 3 
237 1 
238 3 
239 1 
240 3 
241 1 
242 3 
243 1 
244 3 
245 1 
246 3 
247 1 
248 3 
249 1 
250 3 
251 1 
252 3 
253 1 
254 3 
255 1 
256 3 
257 1 
258 3 
259 1 
260 3 
261 1 
262 3 
263 1 
264 3 
265 1 
266 3 
267 1 
268 3 
269 1 
270 3 
271 1 
272 3 
273 1 
274 3 
275 1 
276 3 
277 1 
278 3 
279 1 
280 3 
281 1 
282 3 
283 1 
284 3 
285 3 
286 3 
287 1 
288 3 
289 3 
290 3 
291 3 
292 3 
293 3 
294 3 
295 1 
296 3 
297 1 
298 3 
299 1 
300 3 
301 3 
302 3 
303 3 
304 3 
305 1 
306 3 
307 3 
308 3 
309 3 
310 3 
311 3 
312 3 
313 3 
314 3 
315 3 
316 3 
317 3 
318 3 
319 3 
320 3 
321 3 
322 3 
323 3 
324 3 
325 3 
326 3 
327 3 
328 3 
329 3 
330 3 
331 3 
332 3 
333 3 
334 3 
335 3 
336 3 
337 3 
338 3 
339 3 
340 3 
341 3 
342 3 
343 3 
344 3 
345 3 
346 3 
347 3 
348 3 
349 1 
350 3 
351 1 
352 3 
353 3 
354 3 
355 3 
356 3 
357 1 
358 3 
359 3 
360 3 
361 1 
362 3 
363 3 
364 3 
365 1 
366 3 
367 3 
368 3 
369 1 
370 3 
371 1 
372 3 
373 1 
374 3 
375 1 
376 3 
377 1 
378 3 
379 1 
380 3 
381 1 
382 3 
383 1 
384 3 
385 1 
386 3 
387 3 
388 3 
389 1 
390 3 
391 3 
392 3 
393 1 
394 3 
395 1 
396 3 
397 1 
398 3 
399 1 
400 3 
401 3 
402 3 
403 1 
404 3 
405 3 
406 3 
407 1 
408 3 
409 3 
410 3 
411 3 
412 3 
413 3 
414 3 
415 3 
416 3 
417 3 
418 3 
419 3 
420 3 
421 1 
422 3 
423 3 
424 3 
425 3 
426 3 
427 3 
428 3 
429 3 
430 3 
431 3 
432 3 
433 3 
434 3 
435 3 
436 3 
437 3 
438 3 
439 3 
440 3 
441 3 
442 3 
443 3 
444 3 
445 3 
446 3 
447 1 
448 3 
449 3 
450 3 
451 1 
452 3 
453 1 
454 3 
455 1 
456 3 
457 1 
458 3 
459 1 
460 3 
461 1 
462 3 
463 1 
464 3 
465 1 
466 3 
467 1 
468 3 
469 3 
