0 0.0 
1 0.0 
2 0.0 
3 0.0 
4 0.0 
5 0.0 
6 0.0 
7 20.0 
8 0.0 
9 40.0 
10 0.0 
11 40.0 
12 0.0 
13 40.0 
14 20.0 
15 60.0 
16 20.0 
17 40.0 
18 20.0 
19 20.0 
20 20.0 
21 20.0 
22 20.0 
23 20.0 
24 0.0 
25 0.0 
26 20.0 
27 20.0 
28 20.0 
29 20.0 
30 20.0 
31 20.0 
32 20.0 
33 20.0 
34 20.0 
35 20.0 
36 0.0 
37 20.0 
38 0.0 
39 20.0 
40 0.0 
41 40.0 
42 0.0 
43 40.0 
44 0.0 
45 40.0 
46 0.0 
47 20.0 
48 20.0 
49 20.0 
50 20.0 
51 0.0 
52 20.0 
53 20.0 
54 20.0 
55 20.0 
56 20.0 
57 20.0 
58 0.0 
59 20.0 
60 0.0 
61 20.0 
62 0.0 
63 20.0 
64 20.0 
65 20.0 
66 20.0 
67 20.0 
68 20.0 
69 20.0 
70 20.0 
71 20.0 
72 40.0 
73 0.0 
74 20.0 
75 0.0 
76 20.0 
77 0.0 
78 20.0 
79 0.0 
80 20.0 
81 0.0 
82 0.0 
83 0.0 
84 20.0 
85 0.0 
86 20.0 
87 0.0 
88 20.0 
89 20.0 
90 20.0 
91 20.0 
92 20.0 
93 20.0 
94 20.0 
95 20.0 
96 0.0 
97 20.0 
98 0.0 
99 0.0 
100 0.0 
101 0.0 
102 0.0 
103 0.0 
104 0.0 
105 0.0 
106 0.0 
107 0.0 
108 20.0 
109 0.0 
110 20.0 
111 20.0 
112 40.0 
113 20.0 
114 40.0 
115 20.0 
116 40.0 
117 20.0 
118 40.0 
119 20.0 
120 40.0 
121 0.0 
122 20.0 
123 0.0 
124 20.0 
125 0.0 
126 20.0 
127 0.0 
128 0.0 
129 0.0 
130 0.0 
131 20.0 
132 20.0 
133 20.0 
134 20.0 
135 20.0 
136 20.0 
137 20.0 
138 20.0 
139 20.0 
140 20.0 
141 20.0 
142 0.0 
143 20.0 
144 20.0 
145 20.0 
146 20.0 
147 40.0 
148 20.0 
149 40.0 
150 20.0 
151 20.0 
152 20.0 
153 20.0 
154 20.0 
155 20.0 
156 0.0 
157 0.0 
158 0.0 
159 0.0 
160 0.0 
161 0.0 
162 20.0 
163 0.0 
164 20.0 
165 0.0 
166 20.0 
167 0.0 
168 20.0 
169 20.0 
170 20.0 
171 20.0 
172 0.0 
173 40.0 
174 0.0 
175 40.0 
176 20.0 
177 40.0 
178 40.0 
179 40.0 
180 60.0 
181 40.0 
182 60.0 
183 40.0 
184 40.0 
185 20.0 
186 40.0 
187 20.0 
188 40.0 
189 0.0 
190 40.0 
191 0.0 
192 40.0 
193 0.0 
194 60.0 
195 20.0 
196 60.0 
197 20.0 
198 60.0 
199 40.0 
200 60.0 
201 40.0 
202 60.0 
203 60.0 
204 60.0 
205 60.0 
206 60.0 
207 60.0 
208 60.0 
209 60.0 
210 60.0 
211 60.0 
212 60.0 
213 60.0 
214 40.0 
215 60.0 
216 40.0 
217 80.0 
218 20.0 
219 80.0 
220 20.0 
221 80.0 
222 20.0 
223 80.0 
224 20.0 
225 80.0 
226 20.0 
227 80.0 
228 20.0 
229 80.0 
230 0.0 
231 80.0 
232 20.0 
233 80.0 
234 20.0 
235 80.0 
236 20.0 
237 60.0 
238 20.0 
239 60.0 
240 20.0 
241 60.0 
242 0.0 
243 40.0 
244 0.0 
245 20.0 
246 0.0 
247 40.0 
248 0.0 
249 40.0 
250 0.0 
251 40.0 
252 0.0 
253 40.0 
254 0.0 
255 40.0 
256 0.0 
257 20.0 
258 0.0 
259 0.0 
260 0.0 
261 20.0 
262 0.0 
263 40.0 
264 0.0 
265 40.0 
266 0.0 
267 40.0 
268 0.0 
269 40.0 
270 0.0 
271 20.0 
272 0.0 
273 0.0 
274 20.0 
275 0.0 
276 20.0 
277 20.0 
278 20.0 
279 20.0 
280 20.0 
281 20.0 
282 20.0 
283 20.0 
284 0.0 
285 20.0 
286 0.0 
287 0.0 
288 0.0 
289 0.0 
290 0.0 
291 0.0 
292 0.0 
293 0.0 
294 20.0 
295 0.0 
296 20.0 
297 0.0 
298 40.0 
299 0.0 
300 40.0 
301 0.0 
302 40.0 
303 20.0 
304 20.0 
305 20.0 
306 20.0 
307 20.0 
308 0.0 
309 20.0 
310 0.0 
311 20.0 
312 0.0 
313 0.0 
314 20.0 
315 20.0 
316 20.0 
317 20.0 
318 20.0 
319 20.0 
320 20.0 
321 20.0 
322 20.0 
323 20.0 
324 0.0 
325 20.0 
326 20.0 
327 20.0 
328 20.0 
329 20.0 
330 20.0 
331 20.0 
332 20.0 
333 20.0 
334 20.0 
335 0.0 
336 0.0 
337 0.0 
338 0.0 
339 0.0 
340 0.0 
341 0.0 
342 0.0 
343 20.0 
344 0.0 
345 20.0 
346 0.0 
347 20.0 
348 20.0 
349 20.0 
350 20.0 
351 20.0 
352 20.0 
353 0.0 
354 20.0 
355 0.0 
356 20.0 
357 0.0 
358 20.0 
359 0.0 
360 20.0 
361 0.0 
362 20.0 
363 0.0 
364 20.0 
365 20.0 
366 20.0 
367 20.0 
368 20.0 
369 20.0 
370 20.0 
371 20.0 
372 20.0 
373 20.0 
374 20.0 
375 20.0 
376 20.0 
377 20.0 
378 0.0 
379 20.0 
380 0.0 
381 20.0 
382 0.0 
383 40.0 
384 0.0 
385 40.0 
386 0.0 
387 40.0 
388 0.0 
389 40.0 
390 0.0 
391 40.0 
392 0.0 
393 20.0 
394 0.0 
395 0.0 
396 0.0 
397 0.0 
398 0.0 
399 0.0 
400 0.0 
401 0.0 
402 0.0 
403 0.0 
404 0.0 
405 0.0 
406 0.0 
407 0.0 
408 0.0 
409 0.0 
410 0.0 
411 0.0 
412 20.0 
413 20.0 
414 20.0 
415 20.0 
416 20.0 
417 20.0 
418 20.0 
419 20.0 
420 20.0 
421 20.0 
422 0.0 
423 0.0 
424 0.0 
425 0.0 
426 0.0 
427 0.0 
428 0.0 
429 0.0 
430 20.0 
431 20.0 
432 20.0 
433 40.0 
434 20.0 
435 40.0 
436 20.0 
437 60.0 
438 20.0 
439 60.0 
440 0.0 
441 60.0 
442 0.0 
443 40.0 
444 0.0 
445 40.0 
446 20.0 
447 20.0 
448 20.0 
449 20.0 
450 20.0 
451 20.0 
452 20.0 
453 40.0 
454 20.0 
455 40.0 
456 0.0 
457 40.0 
458 0.0 
459 40.0 
460 20.0 
461 20.0 
462 20.0 
463 0.0 
464 20.0 
465 0.0 
466 20.0 
467 0.0 
468 20.0 
469 0.0 
470 0.0 
471 20.0 
472 20.0 
473 20.0 
474 20.0 
475 20.0 
476 20.0 
477 40.0 
478 20.0 
479 40.0 
480 20.0 
481 20.0 
482 20.0 
483 20.0 
484 20.0 
485 20.0 
486 20.0 
487 0.0 
488 20.0 
489 0.0 
490 20.0 
491 0.0 
492 0.0 
493 0.0 
494 0.0 
495 0.0 
496 0.0 
497 0.0 
498 0.0 
499 0.0 
500 0.0 
501 0.0 
502 0.0 
503 20.0 
504 0.0 
505 20.0 
506 0.0 
507 20.0 
508 0.0 
509 20.0 
510 0.0 
511 20.0 
512 0.0 
513 0.0 
514 0.0 
515 20.0 
516 0.0 
517 40.0 
518 20.0 
519 40.0 
520 20.0 
521 20.0 
522 20.0 
523 20.0 
524 20.0 
525 20.0 
526 20.0 
527 20.0 
528 0.0 
529 20.0 
530 0.0 
531 20.0 
532 0.0 
533 20.0 
534 20.0 
535 20.0 
536 20.0 
537 0.0 
538 20.0 
539 0.0 
540 20.0 
541 20.0 
542 20.0 
543 20.0 
544 0.0 
545 20.0 
546 0.0 
547 20.0 
548 20.0 
549 20.0 
550 40.0 
551 0.0 
552 40.0 
553 20.0 
554 40.0 
555 20.0 
556 40.0 
557 20.0 
558 20.0 
559 40.0 
560 0.0 
561 20.0 
562 0.0 
563 20.0 
564 0.0 
565 20.0 
566 0.0 
567 20.0 
568 0.0 
569 0.0 
570 20.0 
571 0.0 
572 20.0 
573 0.0 
574 20.0 
575 0.0 
576 20.0 
577 20.0 
578 20.0 
579 20.0 
580 20.0 
581 20.0 
582 20.0 
583 20.0 
584 20.0 
585 20.0 
586 20.0 
587 20.0 
588 20.0 
589 20.0 
590 20.0 
591 20.0 
592 20.0 
593 20.0 
594 20.0 
595 20.0 
596 20.0 
597 0.0 
598 20.0 
599 0.0 
600 20.0 
601 20.0 
602 20.0 
603 20.0 
604 20.0 
605 40.0 
606 20.0 
607 60.0 
608 20.0 
609 60.0 
610 0.0 
611 40.0 
612 0.0 
613 40.0 
614 0.0 
615 20.0 
616 20.0 
617 0.0 
618 20.0 
619 20.0 
620 40.0 
621 20.0 
622 40.0 
623 40.0 
624 40.0 
625 40.0 
626 40.0 
627 60.0 
628 20.0 
629 40.0 
630 0.0 
631 40.0 
632 20.0 
633 20.0 
634 20.0 
635 20.0 
636 20.0 
637 20.0 
638 20.0 
639 20.0 
640 20.0 
641 20.0 
642 0.0 
643 20.0 
644 0.0 
645 20.0 
646 0.0 
647 0.0 
648 0.0 
649 0.0 
650 0.0 
651 0.0 
652 0.0 
653 0.0 
654 0.0 
655 0.0 
656 0.0 
657 0.0 
658 0.0 
659 0.0 
660 0.0 
661 0.0 
662 0.0 
663 0.0 
664 0.0 
665 0.0 
666 0.0 
667 0.0 
668 0.0 
669 0.0 
670 0.0 
671 0.0 
672 0.0 
673 20.0 
674 0.0 
675 20.0 
676 0.0 
677 20.0 
678 0.0 
679 20.0 
680 0.0 
681 20.0 
682 0.0 
683 0.0 
684 0.0 
685 0.0 
686 0.0 
687 0.0 
688 0.0 
689 0.0 
690 0.0 
691 0.0 
692 0.0 
693 0.0 
694 0.0 
695 0.0 
696 0.0 
697 0.0 
698 0.0 
699 20.0 
700 0.0 
701 20.0 
702 0.0 
703 20.0 
704 0.0 
705 20.0 
706 0.0 
707 20.0 
708 0.0 
709 0.0 
710 20.0 
711 0.0 
712 20.0 
713 0.0 
714 20.0 
715 0.0 
716 20.0 
717 0.0 
718 20.0 
719 0.0 
720 20.0 
721 0.0 
722 20.0 
723 0.0 
724 20.0 
725 0.0 
726 20.0 
727 0.0 
728 20.0 
729 20.0 
730 40.0 
731 20.0 
732 40.0 
733 20.0 
734 40.0 
735 20.0 
736 40.0 
737 20.0 
738 20.0 
739 0.0 
740 0.0 
741 0.0 
742 0.0 
743 0.0 
744 0.0 
745 0.0 
746 20.0 
747 0.0 
748 20.0 
749 0.0 
750 20.0 
751 0.0 
752 20.0 
753 0.0 
754 20.0 
755 0.0 
756 20.0 
757 0.0 
758 20.0 
759 0.0 
760 20.0 
761 0.0 
762 20.0 
763 0.0 
764 20.0 
765 20.0 
766 0.0 
767 20.0 
768 0.0 
769 20.0 
770 0.0 
771 20.0 
772 0.0 
773 20.0 
774 0.0 
775 20.0 
776 0.0 
777 40.0 
778 20.0 
779 40.0 
780 20.0 
781 40.0 
782 20.0 
783 40.0 
784 40.0 
785 40.0 
786 40.0 
787 20.0 
788 20.0 
789 20.0 
790 20.0 
791 20.0 
792 20.0 
793 20.0 
794 0.0 
795 0.0 
796 0.0 
797 0.0 
798 0.0 
799 0.0 
800 0.0 
801 0.0 
802 0.0 
803 0.0 
804 0.0 
805 0.0 
806 0.0 
807 0.0 
808 0.0 
809 0.0 
810 0.0 
811 0.0 
812 0.0 
813 0.0 
814 0.0 
815 20.0 
816 0.0 
817 20.0 
818 20.0 
819 20.0 
820 20.0 
821 20.0 
822 20.0 
823 20.0 
824 20.0 
825 20.0 
826 20.0 
827 20.0 
828 0.0 
829 20.0 
830 20.0 
831 20.0 
832 20.0 
833 20.0 
834 20.0 
835 0.0 
836 20.0 
837 0.0 
838 20.0 
839 0.0 
840 20.0 
841 0.0 
842 20.0 
843 0.0 
844 20.0 
845 0.0 
846 20.0 
847 0.0 
848 20.0 
849 0.0 
850 20.0 
851 0.0 
852 20.0 
853 20.0 
854 20.0 
855 20.0 
856 20.0 
857 20.0 
858 20.0 
859 20.0 
860 0.0 
861 20.0 
862 0.0 
863 0.0 
864 0.0 
865 0.0 
866 0.0 
867 0.0 
868 0.0 
869 0.0 
870 0.0 
871 20.0 
872 0.0 
873 20.0 
874 0.0 
875 20.0 
876 0.0 
877 20.0 
878 0.0 
879 20.0 
880 20.0 
881 0.0 
882 20.0 
883 20.0 
884 20.0 
885 20.0 
886 20.0 
887 20.0 
888 20.0 
889 20.0 
890 0.0 
891 20.0 
892 0.0 
893 0.0 
894 0.0 
895 20.0 
896 0.0 
897 20.0 
898 0.0 
899 20.0 
900 0.0 
901 20.0 
902 0.0 
903 20.0 
904 0.0 
905 0.0 
906 0.0 
907 0.0 
908 20.0 
909 20.0 
910 20.0 
911 20.0 
912 20.0 
913 20.0 
914 20.0 
915 20.0 
916 20.0 
917 20.0 
918 20.0 
919 20.0 
920 20.0 
921 20.0 
922 20.0 
923 20.0 
924 20.0 
925 20.0 
926 20.0 
927 20.0 
928 0.0 
929 0.0 
930 0.0 
931 0.0 
932 0.0 
933 0.0 
934 0.0 
935 0.0 
936 0.0 
937 0.0 
938 0.0 
939 0.0 
940 20.0 
941 0.0 
942 20.0 
943 0.0 
944 20.0 
945 0.0 
946 20.0 
947 0.0 
948 20.0 
949 0.0 
950 0.0 
951 0.0 
952 0.0 
953 0.0 
954 0.0 
955 0.0 
956 20.0 
957 0.0 
958 20.0 
959 0.0 
960 20.0 
961 0.0 
962 20.0 
963 0.0 
964 20.0 
965 0.0 
966 0.0 
967 0.0 
968 20.0 
969 0.0 
970 20.0 
971 20.0 
972 20.0 
973 20.0 
974 20.0 
975 20.0 
976 20.0 
977 20.0 
978 20.0 
979 20.0 
980 20.0 
981 0.0 
982 20.0 
983 0.0 
984 20.0 
985 0.0 
986 20.0 
987 0.0 
988 20.0 
989 0.0 
990 20.0 
991 20.0 
992 20.0 
993 20.0 
994 20.0 
995 20.0 
996 0.0 
997 20.0 
998 0.0 
999 20.0 
1000 0.0 
1001 0.0 
1002 0.0 
1003 0.0 
1004 0.0 
1005 20.0 
1006 0.0 
1007 20.0 
1008 0.0 
1009 20.0 
1010 0.0 
1011 20.0 
1012 0.0 
1013 20.0 
1014 0.0 
1015 20.0 
1016 20.0 
1017 20.0 
1018 20.0 
1019 0.0 
1020 40.0 
1021 0.0 
1022 40.0 
1023 0.0 
1024 60.0 
1025 0.0 
1026 60.0 
1027 0.0 
1028 40.0 
1029 20.0 
1030 20.0 
1031 20.0 
1032 20.0 
1033 20.0 
1034 0.0 
1035 20.0 
1036 0.0 
1037 20.0 
1038 20.0 
1039 20.0 
1040 20.0 
1041 20.0 
1042 20.0 
1043 20.0 
1044 20.0 
1045 20.0 
1046 20.0 
1047 20.0 
1048 0.0 
1049 0.0 
1050 0.0 
1051 0.0 
1052 20.0 
1053 20.0 
1054 20.0 
1055 20.0 
1056 20.0 
1057 20.0 
1058 40.0 
1059 20.0 
1060 40.0 
1061 20.0 
1062 40.0 
1063 20.0 
1064 40.0 
1065 0.0 
1066 60.0 
1067 20.0 
1068 60.0 
1069 20.0 
1070 60.0 
1071 20.0 
1072 60.0 
1073 20.0 
1074 80.0 
1075 20.0 
1076 60.0 
1077 0.0 
1078 60.0 
1079 0.0 
1080 60.0 
1081 0.0 
1082 40.0 
1083 0.0 
1084 20.0 
1085 0.0 
1086 20.0 
1087 20.0 
1088 20.0 
1089 20.0 
1090 20.0 
1091 20.0 
1092 20.0 
1093 20.0 
1094 20.0 
1095 20.0 
1096 20.0 
1097 0.0 
1098 0.0 
1099 0.0 
1100 0.0 
1101 0.0 
1102 0.0 
1103 0.0 
1104 0.0 
1105 20.0 
1106 20.0 
1107 20.0 
1108 20.0 
1109 20.0 
1110 40.0 
1111 40.0 
1112 40.0 
1113 40.0 
1114 40.0 
1115 20.0 
1116 20.0 
1117 20.0 
1118 20.0 
1119 20.0 
1120 0.0 
1121 0.0 
1122 20.0 
1123 0.0 
1124 20.0 
1125 20.0 
1126 20.0 
1127 20.0 
1128 20.0 
1129 20.0 
1130 20.0 
1131 20.0 
1132 20.0 
1133 20.0 
1134 20.0 
1135 0.0 
1136 20.0 
1137 0.0 
1138 20.0 
1139 0.0 
1140 20.0 
1141 0.0 
1142 20.0 
1143 0.0 
1144 40.0 
1145 0.0 
1146 60.0 
1147 0.0 
1148 60.0 
1149 0.0 
1150 60.0 
1151 20.0 
1152 60.0 
1153 20.0 
1154 40.0 
1155 20.0 
1156 40.0 
1157 20.0 
1158 20.0 
1159 20.0 
1160 20.0 
1161 0.0 
1162 20.0 
1163 0.0 
1164 20.0 
1165 0.0 
1166 20.0 
1167 0.0 
1168 20.0 
1169 0.0 
1170 20.0 
1171 20.0 
1172 0.0 
1173 40.0 
1174 20.0 
1175 40.0 
1176 20.0 
1177 40.0 
1178 20.0 
1179 60.0 
1180 20.0 
1181 40.0 
1182 20.0 
1183 40.0 
1184 0.0 
1185 40.0 
1186 0.0 
1187 60.0 
1188 0.0 
1189 60.0 
1190 0.0 
1191 60.0 
1192 0.0 
1193 60.0 
1194 0.0 
1195 60.0 
1196 0.0 
1197 60.0 
1198 0.0 
1199 60.0 
