0 11.033315884034945 
1 10.62300927989626 
2 22.480525257939167 
3 19.113671162960262 
4 16.09053627397197 
5 15.433342287015812 
6 16.603608667769798 
7 12.546864857265078 
8 12.07960325094608 
9 11.835811882361574 
10 15.624211675215777 
11 18.540163021376664 
12 10.150784123910938 
13 17.675186157548072 
14 13.213569232320177 
15 19.048913191574396 
16 18.733269017758246 
17 23.46831391770459 
18 20.374347864103136 
19 16.486007169360416 
20 19.769346065742216 
21 38.81997315933176 
22 16.054875061244488 
23 23.752861293117608 
24 12.710743951924504 
25 20.41580187301649 
26 12.507466959301494 
27 19.773260418630965 
28 13.136757704835881 
29 14.707670297147747 
30 20.218775006507716 
31 12.042527656471169 
32 7.05469261161131 
33 19.98505755889304 
34 17.923073964711964 
35 20.449645058116857 
36 10.202413471852964 
37 15.492800839224898 
38 13.339558433462882 
39 14.31859814902689 
40 16.016618806134293 
41 8.263466069838367 
42 24.62052853402834 
43 10.184576608252454 
44 11.27758762082734 
45 10.659510013215412 
46 10.31727883659835 
47 8.742796157950908 
48 14.399115654899429 
49 28.489461565108712 
50 24.24439165091531 
51 13.110764489095473 
52 25.989751089024246 
53 16.82020845280537 
54 27.388153555826907 
55 14.465262090585846 
56 13.696357372606005 
57 28.64648672276254 
58 10.782910043524424 
59 12.37385570781644 
60 24.357024639810454 
61 15.171632478106902 
62 21.493929967869057 
63 16.362971025517986 
64 17.218491500166262 
65 21.48149058652408 
66 8.549108971837272 
67 19.533830104321908 
68 27.086238295124314 
69 13.43789827793352 
70 22.245874946298724 
71 21.297045337991197 
72 10.760723384276732 
73 11.658292798176612 
74 10.806886636400645 
75 11.746677757146498 
76 16.645780913903817 
77 21.47423176563348 
78 21.25764794128976 
79 8.94334585680596 
80 16.937854613151124 
81 10.676848903245842 
82 11.662409667364582 
83 12.720226848833153 
84 8.094393003122503 
85 18.04715844549241 
86 16.267143449982353 
87 26.067606789267934 
88 14.131942479009151 
89 15.487309007392309 
90 10.564545095046308 
91 21.24472719168507 
92 14.459228207585546 
93 28.086543676967892 
94 7.953699700383055 
95 16.478558603863576 
96 17.912663941952484 
97 22.99433132682039 
98 18.503765335968552 
99 23.28500130462058 
100 10.645117407591647 
101 12.3857677349626 
102 18.161641617195585 
103 8.0611635371221 
104 9.048691982758248 
105 18.34586045209602 
106 13.19465582816103 
107 14.46192039279508 
108 15.960971897178302 
109 14.429481622149748 
110 20.10152595659842 
111 17.55056405449737 
112 11.487183981551725 
113 43.53105280637662 
114 17.281632283078494 
115 19.482926965222198 
116 9.409290159322689 
117 49.78284195033946 
118 13.835829363875071 
119 14.426851122523036 
120 14.778354838027722 
121 20.566967744466346 
122 14.99036454610436 
123 28.717291431310123 
124 18.634228694809984 
125 7.527047131261542 
126 16.02622700265556 
127 17.16486736456125 
128 19.794350005191276 
129 15.11079727636272 
130 54.31207106414938 
131 14.057438943053736 
132 15.392675613882497 
133 34.4009710967488 
134 22.986896117063548 
135 12.510526096008494 
136 10.20695697035476 
137 34.63904993145368 
138 13.798505105800611 
139 10.834607267495176 
140 9.982136269845615 
141 10.987360474041164 
142 10.20695697035476 
143 34.63904993145368 
144 13.798505105800611 
145 10.834607267495176 
146 9.982136269845615 
147 10.987360474041164 
148 17.72126312943105 
149 9.775679108738974 
150 10.856144510331225 
151 14.925764471853414 
152 22.581465589180635 
153 27.369030995106037 
154 14.165447459252805 
155 20.67840362856509 
156 18.30279016590883 
157 9.122712690178679 
158 24.08470955738797 
159 22.008448028880714 
160 18.645245895809346 
161 22.59789015441311 
162 34.39166263519109 
163 13.372732316050579 
164 10.965471985694155 
165 20.962191824638037 
166 18.501969606740335 
167 9.93063737096316 
168 9.905917140198483 
169 9.518685363755818 
170 22.997861584182303 
171 14.077396575218328 
172 10.06873804213968 
173 10.389578477246888 
174 16.22021385617882 
175 18.796316296578457 
176 12.44006275933456 
177 19.887077655448397 
178 15.459851162722122 
179 22.74543660047071 
180 22.737298610057028 
181 27.194242551949948 
182 13.6252578508477 
183 10.402797688434733 
184 13.966627706795334 
185 5.207126567207909 
186 18.481099444373456 
187 15.687206166712171 
188 11.8849111671531 
189 15.889681926323286 
190 28.420159640064508 
191 21.707962632300806 
192 12.510190263995394 
193 7.854354787363532 
194 12.534716016914961 
195 13.120279278405661 
196 15.52112259095888 
197 18.705782138476977 
198 11.743092963614169 
199 8.097987427212209 
200 16.16439158618457 
201 19.606056214912424 
202 13.065105862050705 
203 12.107184403243359 
204 15.626423656258499 
205 18.172421860783516 
206 13.891919820882077 
207 19.87963125340664 
208 22.085048126540155 
209 32.17675217871609 
210 22.37224634357098 
211 12.180740491201984 
212 15.04111082422469 
213 10.819180082182664 
214 8.119856973878568 
215 16.949285142769394 
216 10.31200275360181 
217 13.704860396346943 
218 8.97519055383654 
219 4.838139400755544 
220 14.314835292350958 
221 12.943624939822987 
222 8.46171723692705 
223 10.950985230034961 
224 13.515233341603858 
225 15.52836293899432 
226 21.805810302160666 
227 48.98743284279374 
228 11.811281011517558 
229 9.61127788191405 
230 10.61962031405871 
231 6.584847157527204 
232 13.390492609264758 
233 11.684307001440235 
234 17.771947442236883 
235 13.069054696604287 
236 17.235472749462716 
237 18.834805491066017 
238 13.57076898686054 
239 13.334299793355587 
240 17.385355743922407 
241 9.988626079998475 
242 9.259725981428906 
243 23.911703001003374 
244 15.599921150606061 
245 17.86056652302032 
246 18.36714997000337 
247 15.153598809188326 
248 12.667633130375954 
249 11.86739137200755 
250 11.410215673899323 
251 15.816162690287378 
252 12.349918438734829 
253 16.007694127884342 
254 12.619951557822208 
255 22.879810603374445 
256 24.916706765755972 
257 14.65986270918674 
258 18.25523265682737 
259 18.05446077291941 
260 11.536790452168699 
261 19.591312065019384 
262 19.200556656763425 
263 10.72915078557067 
264 17.903488664933647 
265 13.805317657281662 
266 18.799770510613882 
267 13.575380950531454 
268 14.298243700229083 
269 12.297270989456896 
270 12.956980012974576 
271 7.689861082846106 
272 16.430209965528046 
273 10.622740235334641 
274 20.090356944417834 
275 12.225725212200354 
276 7.369417552490556 
277 37.58875824490966 
278 13.005755110140901 
279 14.380454422337802 
280 18.067682128334138 
281 13.196274855273094 
282 10.515492555199828 
283 7.526398805625189 
284 28.66391028313298 
285 18.69344350701733 
286 17.1836435369356 
287 11.169411770971754 
288 20.70167368353512 
289 21.903857703133895 
290 13.824747602928234 
291 7.835543964789311 
292 12.491784432564442 
293 18.68877907935249 
294 15.947560131708022 
295 16.434265742485806 
296 12.303403284189777 
297 21.231714663197486 
298 14.737902899930779 
299 11.553697107928611 
300 12.372176714029928 
301 26.66046286938337 
302 16.826483944990933 
303 9.42580469727921 
304 20.664751760121003 
305 13.100076833221936 
306 10.410388785195186 
307 10.573200367035383 
308 30.330209418026147 
309 10.17839783148377 
310 10.961775082978335 
311 14.984955394943212 
312 12.68656120504522 
313 12.444824230340146 
314 9.73206056921699 
315 20.284778813276525 
316 10.821245668848475 
317 17.70577781154887 
318 19.098179566337915 
319 15.708591909575404 
320 9.704881011603828 
321 10.110630337888493 
322 16.657482019245663 
323 11.955204013282597 
324 24.557102542184335 
325 10.403984680411963 
326 10.820324431419492 
327 11.814741159304349 
