0 0 
1 1 
2 0 
3 1 
4 0 
5 1 
6 0 
7 1 
8 0 
9 1 
10 5 
11 1 
12 5 
13 1 
14 5 
15 1 
16 5 
17 1 
18 5 
19 1 
20 5 
21 0 
22 5 
23 1 
24 2 
25 1 
26 2 
27 1 
28 2 
29 1 
30 2 
31 1 
32 0 
33 1 
34 0 
35 4 
36 1 
37 1 
38 1 
39 1 
40 1 
41 1 
42 1 
43 1 
44 1 
45 1 
46 1 
47 1 
48 1 
49 1 
50 1 
51 1 
52 1 
53 1 
54 1 
55 1 
56 1 
57 1 
58 1 
59 1 
60 1 
61 1 
62 1 
63 0 
64 0 
65 0 
66 3 
67 0 
68 3 
69 0 
70 3 
71 0 
72 3 
73 0 
74 3 
75 0 
76 2 
77 4 
78 3 
79 4 
80 3 
81 4 
82 3 
83 4 
84 3 
85 4 
86 0 
87 4 
88 0 
89 4 
90 0 
91 4 
92 0 
93 0 
94 0 
95 0 
96 0 
97 0 
98 0 
99 0 
100 0 
101 0 
102 0 
103 0 
104 0 
105 0 
106 0 
107 0 
108 0 
109 0 
110 0 
111 0 
112 0 
113 0 
114 0 
115 0 
116 0 
117 0 
118 0 
119 0 
120 0 
121 0 
122 0 
123 0 
124 0 
125 0 
126 0 
127 0 
128 0 
129 0 
130 0 
131 0 
132 0 
133 0 
134 0 
135 0 
136 0 
137 5 
138 0 
139 0 
140 0 
141 0 
142 0 
143 0 
144 0 
145 0 
146 0 
147 0 
148 0 
149 0 
150 0 
151 0 
152 0 
153 0 
154 0 
155 0 
156 0 
157 0 
158 0 
159 0 
160 0 
161 0 
162 0 
163 3 
164 3 
165 3 
166 2 
167 3 
168 2 
169 2 
170 2 
171 2 
172 2 
173 2 
174 2 
175 2 
176 2 
177 2 
178 2 
179 2 
180 2 
181 2 
182 2 
183 3 
184 3 
185 2 
186 3 
187 2 
188 3 
189 4 
190 3 
191 2 
192 3 
193 2 
194 3 
195 3 
196 3 
197 2 
198 3 
199 2 
200 3 
201 2 
202 3 
203 3 
204 3 
205 3 
206 3 
207 3 
208 3 
209 3 
210 3 
211 3 
212 2 
213 3 
214 2 
215 2 
216 2 
217 3 
218 2 
219 3 
220 2 
221 0 
222 0 
223 3 
224 4 
225 0 
226 0 
227 0 
228 0 
229 0 
230 0 
231 0 
232 0 
233 0 
234 0 
235 0 
236 0 
237 0 
238 0 
239 0 
240 0 
241 0 
242 0 
243 0 
244 0 
245 0 
246 0 
247 0 
248 0 
249 0 
250 0 
251 0 
252 0 
253 0 
254 0 
255 0 
256 0 
257 0 
258 4 
259 0 
260 4 
261 0 
262 4 
263 0 
264 4 
265 0 
266 4 
267 0 
268 4 
269 4 
270 4 
271 4 
272 4 
273 4 
274 2 
275 4 
276 2 
277 4 
278 4 
279 4 
280 4 
281 4 
282 4 
283 4 
284 4 
285 4 
286 4 
287 4 
288 2 
289 4 
290 4 
291 0 
292 4 
293 0 
294 4 
295 0 
296 4 
297 0 
298 4 
299 0 
300 4 
301 0 
302 0 
303 2 
304 4 
305 2 
306 4 
307 4 
308 4 
309 4 
310 1 
311 4 
312 1 
313 4 
314 1 
315 4 
316 1 
317 4 
318 1 
319 4 
320 1 
321 4 
322 1 
323 4 
324 1 
325 2 
326 1 
327 2 
328 1 
329 0 
330 1 
331 0 
332 4 
333 0 
334 4 
335 4 
336 2 
337 4 
338 2 
339 1 
340 2 
341 1 
342 0 
343 1 
344 0 
345 1 
346 0 
347 1 
348 0 
349 1 
350 0 
351 1 
352 0 
353 4 
354 0 
355 4 
356 0 
357 4 
358 4 
359 4 
360 2 
361 0 
362 2 
363 0 
364 2 
365 0 
366 2 
367 0 
368 4 
369 0 
370 4 
371 0 
372 4 
373 4 
374 4 
375 4 
376 4 
377 4 
378 4 
379 4 
380 4 
381 1 
382 4 
383 1 
384 4 
385 0 
386 4 
387 2 
388 4 
389 2 
390 4 
391 2 
392 4 
393 4 
394 4 
395 4 
396 4 
397 4 
398 4 
399 2 
400 4 
401 2 
402 4 
403 2 
404 4 
405 2 
406 4 
407 2 
408 4 
409 4 
410 4 
411 4 
412 4 
413 4 
414 4 
415 4 
416 4 
417 0 
418 4 
419 0 
420 4 
421 0 
422 4 
423 0 
424 4 
425 0 
426 4 
427 0 
428 4 
429 0 
430 4 
431 0 
432 4 
433 0 
434 4 
435 0 
436 4 
437 4 
438 4 
439 0 
440 4 
441 4 
442 4 
443 4 
444 4 
445 4 
446 4 
447 4 
448 4 
449 4 
450 4 
451 4 
452 4 
453 4 
454 4 
455 4 
456 4 
457 4 
458 4 
459 4 
460 1 
461 4 
462 2 
463 4 
464 2 
465 4 
466 2 
467 4 
468 2 
469 4 
470 2 
471 4 
472 2 
473 4 
474 4 
475 0 
476 4 
477 4 
478 4 
479 4 
480 4 
481 4 
482 1 
483 2 
484 1 
485 2 
486 1 
487 4 
488 1 
489 0 
490 1 
491 0 
492 1 
493 0 
494 1 
495 0 
496 4 
497 4 
498 4 
499 4 
500 4 
501 1 
502 4 
503 1 
504 4 
505 1 
506 4 
507 1 
508 4 
509 1 
510 4 
511 1 
512 4 
513 1 
514 2 
515 1 
516 2 
517 1 
518 2 
519 1 
520 2 
521 1 
522 2 
523 4 
524 2 
525 4 
526 2 
527 4 
528 2 
529 4 
530 2 
531 4 
532 2 
533 4 
534 2 
535 4 
536 2 
537 4 
538 4 
539 4 
540 4 
541 2 
542 4 
543 2 
544 4 
545 2 
546 4 
547 2 
548 4 
549 4 
550 4 
551 4 
552 4 
553 4 
554 4 
555 4 
556 1 
557 4 
558 1 
559 1 
560 1 
561 1 
562 1 
563 1 
564 1 
565 1 
566 1 
567 2 
568 1 
569 2 
570 4 
571 2 
572 4 
573 2 
574 4 
575 2 
576 4 
577 2 
578 4 
579 2 
580 4 
581 2 
582 4 
583 2 
584 4 
585 2 
586 4 
587 4 
588 4 
589 4 
590 4 
591 4 
592 4 
593 4 
594 4 
595 1 
596 4 
597 1 
598 4 
599 1 
600 4 
601 1 
602 4 
603 1 
604 4 
605 1 
606 4 
607 1 
608 4 
609 4 
610 4 
611 4 
612 4 
613 4 
614 4 
615 4 
616 4 
617 4 
618 4 
619 1 
620 4 
621 1 
622 4 
623 1 
624 4 
625 1 
626 4 
627 1 
628 4 
629 1 
630 4 
631 1 
632 4 
633 1 
634 4 
635 1 
636 4 
637 1 
638 4 
639 1 
640 4 
641 3 
642 4 
643 2 
644 4 
645 2 
646 4 
647 2 
648 4 
649 1 
650 1 
651 0 
652 1 
653 0 
654 0 
655 3 
656 0 
657 3 
658 0 
659 3 
660 0 
661 3 
662 0 
663 3 
664 0 
665 3 
666 0 
667 2 
668 0 
669 2 
670 0 
671 2 
672 0 
673 2 
674 0 
675 3 
676 0 
677 0 
678 0 
679 1 
680 0 
681 0 
682 0 
683 0 
684 0 
685 0 
