0 0 
1 1 
2 4 
3 1 
4 4 
5 1 
6 4 
7 2 
8 4 
9 4 
10 2 
11 0 
12 4 
13 2 
14 2 
15 2 
16 2 
17 3 
18 2 
19 3 
20 2 
21 3 
22 2 
23 2 
24 2 
25 3 
26 2 
27 2 
28 2 
29 3 
30 2 
31 2 
32 2 
33 3 
34 0 
35 2 
36 0 
37 1 
38 0 
39 2 
40 0 
41 2 
42 0 
43 2 
44 0 
45 2 
46 3 
47 2 
48 3 
49 2 
50 3 
51 3 
52 3 
53 2 
54 3 
55 2 
56 3 
57 2 
58 3 
59 3 
60 3 
61 2 
62 3 
63 3 
64 3 
65 3 
66 3 
67 3 
68 3 
69 3 
70 3 
71 3 
72 3 
73 2 
74 3 
75 2 
76 3 
77 3 
78 3 
79 3 
80 3 
81 2 
82 3 
83 0 
84 3 
85 0 
86 3 
87 0 
88 2 
89 2 
90 2 
91 2 
92 2 
93 3 
94 2 
95 3 
96 2 
97 3 
98 2 
99 3 
100 2 
101 2 
102 2 
103 3 
104 2 
105 3 
106 2 
107 3 
108 2 
109 2 
110 2 
111 2 
112 2 
113 3 
114 2 
115 3 
116 2 
117 3 
118 2 
119 3 
120 2 
121 3 
122 2 
123 2 
124 2 
125 2 
126 2 
127 2 
128 2 
129 3 
130 0 
131 3 
132 0 
133 3 
134 0 
135 3 
136 0 
137 2 
138 0 
139 2 
140 0 
141 3 
142 0 
143 3 
144 0 
145 3 
146 0 
147 3 
148 0 
149 3 
150 0 
151 3 
152 1 
153 3 
154 1 
155 3 
156 1 
157 3 
158 1 
159 3 
160 2 
161 2 
162 2 
163 3 
164 2 
165 3 
166 2 
167 3 
168 2 
169 3 
170 2 
171 3 
172 2 
173 2 
174 2 
175 2 
176 2 
177 2 
178 2 
179 2 
180 2 
181 2 
182 2 
183 2 
184 2 
185 2 
186 2 
187 2 
188 2 
189 1 
190 2 
191 2 
192 2 
193 2 
194 2 
195 2 
196 2 
197 2 
198 2 
199 2 
200 2 
201 3 
202 2 
203 3 
204 1 
205 3 
206 1 
207 3 
208 1 
209 2 
210 1 
211 3 
212 1 
213 3 
214 2 
215 2 
216 2 
217 2 
218 2 
219 3 
220 2 
221 3 
222 2 
223 2 
224 2 
225 3 
226 2 
227 2 
228 2 
229 2 
230 2 
231 2 
232 2 
233 2 
234 4 
235 2 
236 4 
237 2 
238 4 
239 2 
240 4 
241 2 
242 1 
243 0 
244 1 
245 0 
246 1 
247 0 
248 1 
249 3 
