0 3.2189602473673484 
1 3.436193527007907 
2 3.895346981648067 
3 3.70020371409313 
4 4.064944834538203 
5 3.677486765400074 
6 3.9133435136243286 
7 2.6492366943971097 
8 4.2869701450385715 
9 2.5239598987896508 
10 3.5809831753082193 
11 3.1524349363835897 
12 4.216781940753724 
13 3.2639833746714833 
14 3.9165501444410133 
15 3.1360351013548367 
16 3.214510837762157 
17 3.479180407129424 
18 3.7790724665615634 
19 3.982172444480567 
20 3.2187137859433435 
21 3.696772436413639 
22 3.43734911847527 
23 3.2090962954107005 
24 3.574565358777562 
25 3.7755120659368124 
26 2.916773116316876 
27 3.2804902751905827 
28 3.5741609775698313 
29 3.0287406917333883 
30 3.4529158767452692 
31 2.789293289636702 
32 3.5454444375205547 
33 3.5218960279711085 
34 3.5317497153537367 
35 3.7807623322520874 
