0 0 
1 0 
2 0 
3 0 
4 0 
5 0 
6 0 
7 0 
8 0 
9 0 
10 3 
11 0 
12 3 
13 0 
14 2 
15 0 
16 2 
17 2 
18 2 
19 2 
20 4 
21 2 
22 4 
23 2 
24 4 
25 3 
26 0 
27 2 
28 0 
29 2 
30 4 
31 2 
32 4 
33 2 
34 0 
35 2 
36 1 
37 2 
38 4 
39 0 
40 0 
41 0 
42 0 
43 0 
44 4 
45 0 
46 4 
47 4 
48 4 
49 0 
50 4 
51 4 
52 0 
53 4 
54 4 
55 4 
56 4 
57 4 
58 4 
59 4 
60 0 
61 4 
62 4 
63 4 
64 0 
65 0 
66 1 
67 0 
68 1 
69 0 
70 1 
71 4 
72 1 
73 2 
74 4 
75 0 
76 4 
77 4 
78 4 
79 4 
80 4 
81 2 
82 4 
83 2 
84 4 
85 2 
86 4 
87 2 
88 4 
89 0 
90 4 
91 2 
92 4 
93 2 
94 4 
95 4 
96 4 
97 2 
98 4 
99 2 
100 4 
101 0 
102 4 
103 0 
104 4 
105 0 
106 4 
107 4 
108 4 
109 4 
110 4 
111 4 
112 4 
113 4 
114 4 
115 4 
116 4 
117 0 
118 4 
119 0 
120 4 
121 1 
122 4 
123 4 
124 4 
125 4 
126 4 
127 4 
128 4 
129 4 
130 4 
131 4 
132 4 
133 4 
134 4 
135 0 
136 4 
137 0 
138 4 
139 4 
140 0 
141 2 
142 1 
143 2 
144 4 
145 2 
146 4 
147 2 
148 1 
149 2 
150 1 
151 4 
152 1 
153 4 
154 2 
155 4 
156 2 
157 4 
158 2 
159 4 
160 2 
161 4 
162 2 
163 4 
164 2 
165 4 
166 2 
167 4 
168 2 
169 4 
170 0 
171 4 
172 0 
173 4 
174 0 
175 4 
176 2 
177 4 
178 1 
179 4 
180 1 
181 4 
182 1 
183 4 
184 1 
185 4 
186 4 
187 0 
188 4 
189 2 
190 4 
191 4 
192 4 
193 2 
194 4 
195 2 
196 4 
197 2 
198 4 
199 2 
200 0 
201 2 
202 0 
203 2 
204 0 
205 4 
206 4 
207 2 
208 4 
209 4 
210 4 
211 4 
212 4 
213 0 
214 4 
215 0 
216 4 
217 0 
218 4 
219 0 
220 4 
221 0 
222 4 
223 0 
224 4 
225 0 
226 4 
227 4 
228 4 
229 4 
230 4 
231 4 
232 4 
233 4 
234 4 
235 4 
236 4 
237 4 
238 2 
239 2 
240 2 
241 2 
242 2 
243 2 
244 2 
245 2 
246 0 
247 2 
248 1 
249 4 
250 1 
251 4 
252 1 
253 4 
254 1 
255 4 
256 1 
257 4 
258 0 
259 4 
260 0 
261 4 
262 4 
263 4 
264 4 
265 4 
266 4 
267 4 
268 4 
269 4 
270 4 
271 4 
272 4 
273 4 
274 4 
275 0 
276 4 
277 4 
278 4 
279 4 
280 4 
281 4 
282 4 
283 4 
284 4 
285 4 
286 0 
287 4 
288 0 
289 4 
290 0 
291 0 
292 0 
293 0 
294 0 
295 0 
296 0 
297 0 
298 0 
299 5 
300 0 
301 5 
302 0 
303 0 
