0 21.38663457714233 
1 13.221316487936502 
2 14.156650173148192 
3 6.087638808859964 
4 10.393569042592206 
5 19.000933216152795 
6 15.714300700610693 
7 8.496737481185567 
8 16.362460354923403 
9 32.458628695248414 
10 12.576020340853212 
11 11.657871550351183 
12 8.318582175248755 
13 13.566291793214758 
14 20.751964218567554 
15 19.53546776462259 
16 20.532936476854392 
17 10.329398726773467 
18 9.699674157121482 
19 7.352030513798519 
20 18.192837035398423 
21 9.485319625770881 
22 10.224847455065369 
23 11.371423304034746 
24 14.130799811333468 
25 31.57576806968148 
26 12.172680494649807 
27 16.406366491818925 
28 23.74842311481536 
29 11.976779182359946 
30 20.34608145604129 
31 41.719008922088385 
32 4.577765068748813 
33 15.5531230068675 
34 10.228038987609704 
35 13.083812684825874 
36 22.58681615750389 
37 23.637339104168074 
38 26.15196219027073 
39 12.04214733191311 
40 25.095906803645043 
41 15.973919534451502 
42 29.695659253909927 
43 19.371975946128195 
44 32.05012722840747 
45 22.866463860085265 
46 16.066129124930573 
47 19.69147562687499 
48 20.287035424768316 
49 9.481845864483182 
50 17.770667389756973 
51 11.728742844838916 
52 13.960444944448513 
53 11.217295955754532 
54 13.415419257439677 
55 20.847892000437405 
56 10.566141924692095 
57 12.2037417440135 
58 18.47702873555623 
59 15.914400843849837 
60 8.988770209337014 
61 12.544575776427239 
62 10.113068155788794 
63 24.92470242870471 
64 9.213451454956429 
65 8.062511653656221 
66 20.952767273290405 
67 16.678811015011433 
68 20.43758801315629 
69 19.570835316404903 
70 9.01615007770868 
71 19.41672569034558 
72 9.996434529767862 
73 12.637594873015539 
74 12.148564377800499 
75 11.992737399817576 
76 9.839178391971586 
77 10.652200634920636 
78 19.293115423714 
79 21.88785505174114 
80 34.95107703845673 
81 11.540472646329686 
82 19.492071753880474 
83 22.37821456772734 
84 26.897771507358836 
85 14.70261781572933 
86 18.692943635545216 
87 20.114443559912143 
88 20.797136014518266 
89 17.08627249692437 
90 22.531245467486773 
91 29.91145595618439 
92 14.452651528203715 
93 28.233254127989554 
94 12.210776379071419 
95 20.989150886744866 
96 13.91528679536987 
97 13.544956048285528 
98 10.27449078326903 
99 30.246439414152924 
100 17.327323878494443 
101 14.839372078953607 
102 13.517933975125452 
103 16.952162315091748 
104 19.776057334150597 
105 6.684597216068645 
106 27.909556700070535 
107 20.078623608145758 
108 17.875409668387025 
109 22.79475878110683 
110 14.052776177010601 
111 13.392972551824556 
112 13.664898677265915 
113 13.264508783858572 
114 13.664898677265915 
115 13.264508783858572 
116 19.104181754414732 
117 22.473779811499696 
118 11.605550559621477 
119 21.99402208681608 
120 24.934037190279167 
121 22.10157345052536 
122 11.550992531230033 
123 9.315458898572356 
124 17.37772050994154 
125 14.651720247181826 
126 18.243719117544714 
127 17.899057316360192 
128 11.331516027502735 
129 15.05541815780122 
130 21.697294501060473 
131 12.712053754087778 
132 10.7333790547941 
133 19.83638298375464 
134 24.211084109236374 
135 11.905928972684203 
136 21.26476105494773 
137 23.889911601202954 
138 11.480895302590268 
139 13.356252368381666 
140 23.488421842537058 
141 9.011326721782025 
142 10.916725011647307 
143 13.685185245607451 
144 9.370045283035727 
145 14.871467218840081 
146 27.09376190999115 
147 20.508238883619047 
148 15.643266871051237 
149 16.600848584636818 
150 15.268560112412723 
151 19.239485332905208 
152 20.499218016890836 
153 10.721910069275799 
154 23.45296048401076 
155 20.61113431647641 
156 19.763663693379133 
157 22.461864724468484 
158 24.797824287572425 
159 19.50748337286638 
160 20.619848484103613 
161 10.909739761480537 
162 18.205471662897647 
163 29.45645059344055 
164 28.062302628057594 
165 13.106913286271864 
166 12.625649824656461 
167 10.616663460467565 
168 13.92586690040772 
169 10.039912582014205 
170 30.4307739187846 
171 17.325749220315178 
172 10.263729863723013 
173 9.27625261248908 
174 17.595402202412167 
175 20.84012302433159 
176 25.422027190021034 
177 17.50675760282492 
178 14.092816342987703 
179 17.719541201073067 
180 14.601275517308602 
181 16.84994034251831 
182 14.601275517308602 
183 7.530520275632256 
184 14.601275517308602 
185 22.144982629539285 
186 14.601275517308602 
187 20.455928326529815 
188 14.601275517308602 
189 11.371084187096896 
190 14.601275517308602 
191 21.088773581110978 
192 14.601275517308602 
193 25.346749095040398 
194 14.601275517308602 
195 8.337416264138191 
196 14.601275517308602 
197 8.337416264138191 
198 14.601275517308602 
199 8.337416264138191 
200 14.601275517308602 
201 8.337416264138191 
202 14.601275517308602 
203 8.337416264138191 
204 14.601275517308602 
205 8.337416264138191 
206 14.601275517308602 
207 8.337416264138191 
208 14.601275517308602 
209 20.066903969074136 
210 14.601275517308602 
211 18.16337188908761 
212 14.601275517308602 
213 17.77646674888852 
214 14.601275517308602 
215 21.57408417089304 
216 14.601275517308602 
217 10.417628708248058 
218 14.601275517308602 
219 17.00129304229748 
220 18.12084004786942 
221 12.394442113226281 
222 19.175626683003323 
223 36.5545358677369 
224 18.675215501887866 
225 10.679377106948985 
226 7.05190525508763 
227 11.232376035049757 
228 20.35170871120039 
229 10.112556116519835 
230 15.631432032050684 
231 15.111232805643423 
232 11.731235997796007 
233 18.48997980973541 
234 27.59955254326512 
235 27.814978148853065 
236 13.297267821929708 
237 14.210994595876603 
238 12.185517890553276 
239 8.984822876434436 
240 9.404311230095201 
241 18.26453349126031 
242 23.987326642074862 
243 13.574106856789635 
244 18.29935647128117 
245 19.507755561446835 
246 17.454811793836743 
247 13.434110687255176 
248 10.78401900564873 
249 19.52228329927809 
250 15.831744234326049 
251 21.423338202694833 
252 28.15063592738011 
253 13.63167884350381 
254 21.163793059949644 
255 29.970232013090484 
256 14.089975812953508 
257 20.19541037913003 
258 16.06729848379213 
259 13.880839938444227 
260 11.476717141590644 
261 21.99390675553085 
262 12.475473224589832 
263 14.112352291997524 
264 20.1131896324358 
265 23.391747115282726 
266 14.112542226887928 
267 5.469523374845146 
268 16.05702625826433 
269 16.01600720935383 
270 14.12147493737711 
271 11.146585310109863 
272 20.48120007031662 
273 24.86427013184103 
274 12.517620093591825 
275 20.254608144717718 
276 13.125493656784142 
277 15.573450565118593 
278 21.413275881433982 
279 14.321580518052624 
280 21.726178821359937 
281 24.809852240059623 
282 33.6510778957165 
283 16.6676760331104 
284 22.971159428227175 
285 18.502704181113963 
286 16.982431704719833 
287 10.441670048221384 
288 16.724700440616463 
289 22.29530365448505 
290 10.232156013212528 
291 4.7155198388250055 
292 12.517097103430164 
293 16.059116544592023 
294 29.422769075361444 
295 15.841251496576287 
296 11.91462091299037 
297 12.248861061140575 
298 12.502433833414312 
299 12.539250330349722 
300 11.992703109184589 
301 11.991914478744057 
302 17.01950568290179 
303 18.481832362453844 
304 17.32317312418171 
305 9.387829831617728 
306 14.705349849065469 
307 29.14208690577102 
308 23.680711837803962 
309 16.29710333572941 
310 21.790516565099256 
311 10.537975669442085 
312 13.39104837860014 
313 19.771023455765896 
314 13.86945667018283 
315 16.420175699588157 
316 19.591220555744986 
317 7.640412924003986 
318 8.022048515148791 
319 9.670043482069985 
320 13.50522428188261 
321 19.280078695999926 
322 8.349116678112528 
323 15.850051393675555 
324 29.78274515373145 
325 14.83296966782073 
326 19.36660910358584 
327 17.835427589755366 
328 3.9669764164550436 
329 15.392336683878119 
330 17.76472132925037 
331 11.062124333063437 
332 16.279265817183976 
333 20.553865453975224 
334 17.383914620246607 
335 17.822998245025094 
336 18.77713062903753 
337 11.411302192585095 
338 13.229657012724028 
339 13.981852244468001 
340 25.63818186263723 
341 19.919378431260803 
342 17.32696597650247 
343 9.794260708339463 
344 11.061861760486117 
345 18.931550749037466 
346 9.837332245066445 
347 9.618661694862393 
348 4.536216805497574 
349 5.49228464576415 
350 18.25904723761596 
351 21.50704543123782 
