0 24.65106055352137 
1 27.649950887648078 
2 8.960464867867291 
3 9.14148219022233 
4 18.981929101252245 
5 12.529211798232774 
6 9.757372167682501 
7 13.854063927543939 
8 24.228146282571903 
9 20.525400421831492 
10 18.45345394230304 
11 16.614000063377382 
12 3.5298992949129033 
13 15.520031378237269 
14 10.609171183795501 
15 14.570233579279392 
16 14.378383937417084 
17 22.21606389965889 
18 17.15468774923415 
19 17.1861782987982 
20 18.4894092546143 
21 14.102245638337575 
22 11.00529233804842 
23 9.992290722661368 
24 11.3249073201552 
25 19.6422319526073 
26 19.376003030457017 
27 16.170997640454637 
28 29.43991015652418 
29 17.48012686134855 
30 14.532170104843013 
31 16.376643304765437 
32 11.00252090038902 
33 24.79738446166853 
34 17.084254216784043 
35 19.76860065042183 
36 18.419822051241514 
37 11.456090899158745 
38 10.956019758065569 
39 15.84496182600516 
40 21.20509411163971 
41 14.919340381030974 
42 13.596636421692098 
43 5.814745703028605 
44 26.394044465140865 
45 14.911384304719107 
46 14.658838002572276 
47 27.072776210731504 
48 29.490001968670022 
49 11.743947853258891 
50 22.05891417421808 
51 10.23367890438767 
52 20.531026819585787 
53 27.199180322553453 
54 29.55691795977619 
55 22.51781860350252 
56 17.620460770639735 
57 17.239794156815677 
58 39.94955710067625 
59 16.326919558574517 
60 22.86621453649388 
61 19.66470221434566 
62 15.072243783239902 
63 19.498505408885727 
64 30.129329789526615 
65 19.83263115587394 
66 29.849510728391987 
67 26.98985219075565 
68 20.019875230899206 
69 29.70280931102125 
70 31.945649110781066 
71 24.422263757635044 
72 6.011115601684252 
73 18.06643694004135 
74 10.701748029607554 
75 13.492191244543521 
76 11.944513582553276 
77 17.326536513628064 
78 33.355367168736976 
79 6.147950538529641 
80 11.6781908747428 
81 11.249759276891922 
82 14.535091002342634 
83 19.231986794442662 
84 47.83813314780387 
85 36.05584210164363 
86 11.177865486244547 
87 6.734008290867522 
88 29.45148651115761 
89 31.038340005772092 
90 28.620684007970084 
91 29.60511028763014 
92 19.353294297328848 
93 17.094629072620418 
94 11.969499109629698 
95 31.278134484738658 
96 26.05303402053531 
97 29.736713742839317 
98 32.744209285441045 
99 13.521245901850735 
100 11.94070505977037 
101 10.114702151569666 
102 19.260777722672252 
103 15.878072509908879 
104 15.25334574653788 
105 10.988310375000655 
106 17.594442673288924 
107 32.590787592465965 
108 13.926236801912477 
109 7.723961143593757 
110 17.239298147546847 
111 16.626974656999355 
112 27.774824350544 
113 13.25294093484285 
114 23.568272234834012 
115 17.39638825061592 
116 38.43788891027227 
117 12.06990483480623 
118 19.210406027434907 
119 12.89388676089937 
120 18.181480855343295 
121 27.15867311589839 
122 24.91049146250928 
123 5.52504399692285 
124 16.149267868212426 
125 22.08121127249946 
126 15.109055410263615 
127 35.46500262120981 
128 22.210534676953873 
129 22.01849965877474 
130 11.812911020923165 
131 12.246858210698434 
132 18.23317118550494 
133 12.563363406539425 
134 12.49777714210796 
135 12.02643674535565 
136 9.403699776022528 
137 17.224997022599496 
138 23.331371578285708 
139 11.203303586453373 
140 10.699836988548382 
141 38.87466286042653 
142 10.080280708500565 
143 9.62007362469753 
144 15.377156642054246 
145 26.970414429476257 
146 21.92343557256058 
147 5.757009756285035 
148 14.09537379942601 
149 7.103956857683878 
150 8.792481861841843 
151 6.1754410762215635 
152 20.194146336766185 
153 13.3045649050128 
154 14.27172844169057 
155 10.883497412956496 
156 17.872439065962162 
157 15.364144868183434 
158 10.50748422363236 
159 17.576231483227524 
160 15.573334917534883 
161 15.405848949877688 
162 31.9261960038059 
163 18.604803009199706 
164 13.32667365678518 
165 10.406385296153589 
166 13.999819757874745 
167 16.950175591738095 
168 24.594830417038043 
169 21.30331919648526 
170 35.697419486620824 
171 26.254438017977417 
172 20.294201040280633 
173 32.656000124572756 
174 15.882942789197049 
175 16.220276583237943 
176 26.29954477621299 
177 14.301656471422628 
178 15.608687238571578 
179 20.683910228275824 
180 25.090502312059197 
181 25.94826807555014 
182 11.947337537670979 
183 22.431832281527438 
184 14.709836709500028 
185 12.492863440322157 
186 16.40296592935582 
187 19.644163848740597 
188 25.133201104965753 
189 30.67962812607433 
190 17.443922726611074 
191 29.25530623775014 
192 28.29706390328152 
193 17.261220626363226 
194 12.886676744214627 
195 17.995898228000172 
196 28.29114701021888 
197 17.0207488749021 
198 17.062084563878514 
199 25.168944949173696 
200 23.2308348426189 
201 25.10416816299169 
202 21.326933344180773 
203 11.882621579815172 
204 8.48813992880517 
205 14.10381051017526 
206 15.122020161232172 
207 17.605742229311396 
208 20.645120642639863 
209 15.343349319403139 
210 8.893265228665873 
211 10.093598465614704 
212 10.499251538226622 
213 14.129752528281038 
214 16.1399463580007 
215 10.682341794880285 
216 14.077443823524476 
217 10.669760011396534 
218 13.863359621346836 
219 10.96509931662632 
220 16.670590900599763 
221 20.797961015327097 
222 14.734744637349204 
223 31.209012307097044 
224 11.711091504070943 
225 31.209012307097044 
226 6.363529333228142 
227 14.998673317956696 
228 15.330450705975665 
229 31.209012307097044 
230 17.344233687718905 
231 31.209012307097044 
232 20.450143589193512 
233 9.170082424189422 
234 34.65994562567658 
235 15.69648183284496 
236 14.606614638291353 
237 9.035592570411763 
238 15.94289254721894 
239 12.283225855575665 
240 37.4501459860532 
241 20.67422464953962 
242 11.761896349140917 
243 22.46956596273558 
244 14.9798711410163 
245 14.467856711681414 
246 26.94581033940009 
247 13.153195079042025 
248 14.515623756277016 
249 11.503882347455697 
250 18.213535401784746 
251 19.73650801119921 
252 9.322892332176762 
253 31.209012307097044 
254 20.937287534880472 
255 20.942410050030457 
256 15.983293828929417 
257 11.855181673002727 
258 14.22694987347955 
259 13.256417550047725 
260 15.024246961517933 
261 13.511053843799829 
262 21.525257242564983 
263 27.433833917639056 
264 24.441761264306194 
265 20.825429611276892 
266 17.60980770845579 
267 20.196480077043457 
268 19.520011914069773 
269 20.847788375988507 
270 13.543600192451137 
271 25.27191550127435 
272 22.589127414125528 
273 14.995241483112807 
274 17.28092026385072 
275 25.878145842459542 
276 15.981345018098686 
277 10.940815884683706 
278 14.13327582488678 
279 18.838527701048754 
280 11.582347726914994 
281 19.375913521504135 
282 22.53499817326084 
283 21.77716626601108 
284 15.989874575883496 
285 31.209012307097044 
286 17.705105150739982 
287 21.67363748637099 
288 17.615132628891093 
289 31.209012307097044 
290 22.227955165743662 
291 31.209012307097044 
292 10.571814570604722 
293 31.209012307097044 
294 1.533685804415481 
295 0.9389839023169326 
296 17.948230340324105 
297 31.209012307097044 
298 12.673451134907781 
299 31.209012307097044 
300 15.565301616165364 
301 31.209012307097044 
302 11.691733033023825 
303 31.209012307097044 
304 14.547795443824745 
305 31.209012307097044 
306 22.663215738824558 
307 31.209012307097044 
308 20.663326485469227 
309 31.209012307097044 
310 9.524781029937074 
311 12.787005393078934 
312 12.107429046486386 
313 23.32112315818738 
314 14.887091335659347 
315 11.504734318598247 
316 30.046879477333945 
317 16.259134924757525 
318 12.383537053439623 
319 14.706071687779838 
