0 3.5702196426029484 
1 3.2557668988432438 
2 3.94003298589831 
3 3.453778025613176 
4 4.027213081790317 
5 3.2176233620499066 
6 2.625887604091881 
7 2.882570421129124 
8 3.1797981986222332 
9 3.188947682146098 
10 3.0502079066346153 
11 3.225709252388898 
12 2.0198558605785975 
13 3.8766754757481925 
14 2.5888643313564454 
15 3.9084109871251265 
16 2.2245789315768016 
17 3.0607073754922056 
18 3.7559606929037574 
19 3.878269018927632 
20 3.824444602579955 
21 3.4582399129712984 
22 3.648704410136568 
23 3.313991823169351 
24 3.690209326105808 
25 3.8560793594788216 
26 3.438548130713709 
27 4.033389730860985 
28 3.2391261620725134 
29 2.699490078379305 
30 4.013611763571131 
31 4.100935695432477 
32 4.169553889161159 
33 4.0076853979201195 
34 4.1427005414631 
35 3.8584563245094134 
36 4.106923173340108 
37 3.8488257483539203 
38 3.411801026828628 
39 3.5406812434431525 
40 3.9039263035394103 
41 3.4481024739500494 
42 3.674650399225757 
43 3.413018964871028 
44 4.035483636843 
45 3.6799011799484167 
46 4.8592612742679595 
47 4.274156721476036 
48 4.558674954355169 
49 3.925645316141703 
50 4.848796567198974 
51 3.492664120894971 
52 4.686380902117714 
53 4.236919915589548 
54 4.603245570664903 
55 4.2061660945154085 
56 4.47977373787241 
57 4.20615957320605 
58 4.762092766235953 
59 3.552702776424936 
60 4.744069495091494 
61 4.167810131683968 
62 3.487023243794608 
63 4.083934232067118 
64 4.85 
65 4.1942688160397905 
66 4.85 
67 4.289210692110996 
68 4.860045299237668 
69 3.7517658509299223 
70 4.845090696498727 
71 3.4341030842236915 
72 4.11002622277149 
73 4.85 
74 3.9957438877407716 
75 4.694476407687336 
76 4.85 
77 4.577334567348535 
78 4.85 
79 4.85 
80 4.291257307968344 
81 4.440089059155543 
82 4.93529074949918 
83 4.918783033132953 
84 4.911691894790038 
85 4.85 
86 4.1932419317732395 
87 4.85 
88 4.127396181392205 
89 4.89618955163423 
90 4.755934881777671 
91 4.501735787535361 
92 4.8575914816208865 
93 4.0162390206445515 
94 4.85 
95 4.85 
96 4.809219353920396 
97 4.302239560497296 
98 4.662352096665174 
99 4.85 
100 4.85 
101 4.655070876408791 
102 4.85 
103 4.6239740200485135 
104 4.4720055346366046 
105 4.813821867674968 
106 3.944151131100197 
107 4.931782370586713 
108 4.488358780699806 
109 4.713856868922864 
110 4.2164694027545035 
111 4.816512857830293 
112 4.85 
113 4.409975643086753 
114 4.85 
115 4.731997371177875 
116 4.488647187121631 
117 4.115542130460409 
118 4.426514873915651 
119 4.255882914380311 
120 4.85 
121 4.1840418874691485 
122 4.85 
123 4.638978318295695 
124 3.7859559364894366 
125 4.885643548337912 
126 3.1411116374087134 
127 4.670188037464877 
128 3.404559315643559 
129 4.458175715797491 
130 3.019868385064947 
131 3.474813597226893 
132 3.5409955793537087 
133 4.289917265620525 
134 3.0002740679619304 
135 3.4493553749613928 
136 3.7131768480032745 
137 4.65340171778366 
138 3.8705015169302084 
139 4.8465849692361544 
140 3.894553969385451 
141 4.609798045944802 
142 3.8798173332152395 
143 4.85 
144 3.1580694603288366 
145 4.539437500366289 
146 3.442555046017974 
147 4.991201537537985 
148 3.70992395372762 
149 4.764014434243755 
150 2.946986651567552 
151 4.565733530224236 
152 3.228991572185008 
153 4.574532072932336 
154 3.827229479093685 
155 4.678559513164988 
156 3.491478804786554 
157 4.377955286157946 
158 3.6848956258559435 
159 4.463902346923489 
160 3.6299809822736018 
161 4.808138008502392 
162 3.7428237674766476 
163 4.523943970557682 
164 4.57448200728244 
165 3.297571336547164 
166 3.1935605963644322 
167 3.2033037632295125 
168 4.85 
169 4.82708406615304 
170 4.9431288812113605 
171 4.85 
172 4.840521716863838 
173 4.50490042686361 
174 4.622561812218101 
175 4.462587238347131 
176 4.85 
177 3.5185954342902868 
178 3.8848790912276607 
179 4.199380146607759 
180 3.821755246064341 
181 3.9301566429116277 
182 4.283727335916298 
183 4.030830637537976 
184 4.267222416399385 
185 3.515906208276009 
186 4.85 
187 4.410460736756146 
188 4.416179527801373 
189 4.6745228277644255 
190 4.85 
191 4.872210886220581 
192 4.462977433211868 
193 4.85 
194 4.087641374643832 
195 4.198183423650081 
196 3.9415639818185557 
197 3.2482711119514436 
198 4.598712104664665 
199 4.09152203109051 
200 3.7408095169388886 
201 4.138136122766231 
202 4.340913676880507 
203 3.134983616499585 
204 4.9344575903756205 
205 3.3617524892424315 
206 4.6121560804591 
207 3.8767846559669277 
208 4.85 
209 3.8814079383800864 
210 3.943837417699027 
211 3.185696518717384 
212 3.655078845417515 
213 3.6618305071733825 
214 4.101222944098966 
215 4.548807552365543 
216 4.369136046069092 
217 4.197541561022737 
218 3.3157331707183983 
219 3.722348585374193 
220 3.3692684250359326 
221 3.426406748018366 
222 4.836775159732591 
223 3.758316793142351 
224 4.85 
225 3.758316793142351 
226 4.034481461642051 
227 2.9463059452514204 
228 4.3990178019136215 
229 3.9917275342279686 
230 4.85 
231 3.9917275342279686 
232 4.85 
233 3.6639477341925564 
234 4.85 
235 3.685329609021266 
236 4.85 
237 3.69415315934659 
238 4.107929785502196 
239 3.172305578204989 
240 4.954948122781205 
241 3.7365513652903948 
242 4.33081707917471 
243 3.480158166652827 
244 3.485428781613707 
245 3.798317695722176 
246 3.473239528036848 
247 3.9268930163077513 
248 3.20561930738332 
249 3.524981501543477 
250 3.795052357323132 
251 3.8868246498127434 
252 4.180000534138087 
253 3.9917275342279686 
254 3.210615686840149 
255 3.3179558690706585 
256 2.9939083580002404 
257 3.6813889780626017 
258 2.9620505426673622 
259 3.8834293941715163 
260 3.399814855526459 
261 3.929937894789176 
262 3.6039917366744296 
263 3.2617925161694252 
264 3.214039235915897 
265 4.049747664292512 
266 3.446638145869656 
267 3.61935203095462 
268 3.6191909556534125 
269 3.771879814238805 
270 3.7141580598051314 
271 3.63484815681642 
272 3.1602772360327833 
273 3.420490903648738 
274 3.5087132396855565 
275 3.2841272429944732 
276 3.7287089772324666 
277 3.6436510850662334 
278 3.4918033379240234 
279 3.894234964496223 
280 2.6974083731070264 
281 3.3209127503108027 
282 3.1148864465668833 
283 3.804613525669303 
284 3.4755521314146005 
285 3.9917275342279686 
286 3.664457427993458 
287 3.8295641934767533 
288 3.4740073882017555 
289 3.9917275342279686 
290 3.5164645633438107 
291 3.9917275342279686 
292 4.0589056281709865 
293 3.9917275342279686 
294 3.8189735789776047 
295 3.387267028695706 
296 4.6046865082706345 
297 3.9917275342279686 
298 3.936197464714785 
299 3.9917275342279686 
300 4.394417869157262 
301 3.9917275342279686 
302 3.794564118411631 
303 3.9917275342279686 
304 2.4111153482355627 
305 3.9917275342279686 
306 3.0542707571895673 
307 3.9917275342279686 
308 4.0998973369209315 
309 3.9917275342279686 
310 3.097769589304918 
311 3.282761901526794 
312 3.1940817770876615 
313 3.313749635104232 
314 3.2382953101885503 
315 3.3463535195002225 
316 3.944544762487473 
317 3.4195536427944377 
318 3.426788862133231 
319 3.232174139570778 
