0 2 
1 0 
2 0 
3 0 
4 0 
5 0 
6 0 
7 0 
8 0 
9 0 
10 0 
11 0 
12 0 
13 0 
14 0 
15 0 
16 0 
17 0 
18 1 
19 0 
20 1 
21 2 
22 1 
23 3 
24 1 
25 0 
26 1 
27 0 
28 1 
29 0 
30 1 
31 0 
32 1 
33 0 
34 1 
35 0 
36 1 
37 0 
38 1 
39 0 
40 1 
41 0 
42 1 
43 0 
44 3 
45 0 
46 3 
47 0 
48 3 
49 0 
50 3 
51 0 
52 3 
53 0 
54 3 
55 0 
56 3 
57 0 
58 3 
59 0 
60 0 
61 0 
62 0 
63 0 
64 1 
65 0 
66 1 
67 1 
68 2 
69 1 
70 2 
71 1 
72 2 
73 1 
74 2 
75 1 
76 2 
77 1 
78 1 
79 1 
80 1 
81 1 
82 1 
83 1 
84 1 
85 1 
86 1 
87 1 
88 1 
89 1 
90 1 
91 1 
92 1 
93 1 
94 1 
95 1 
96 1 
97 1 
98 1 
99 1 
100 1 
101 1 
102 1 
103 1 
104 1 
105 1 
106 1 
107 1 
108 1 
109 1 
110 1 
111 1 
112 1 
113 1 
114 1 
115 1 
116 1 
117 1 
118 1 
119 1 
120 1 
121 1 
122 1 
123 1 
124 1 
125 1 
126 1 
127 1 
128 1 
129 1 
130 1 
131 1 
132 1 
133 1 
134 1 
135 1 
136 1 
137 1 
138 1 
139 1 
140 1 
141 1 
142 1 
143 1 
144 1 
145 1 
146 1 
147 1 
148 1 
149 1 
150 1 
151 1 
152 1 
153 1 
154 1 
155 1 
156 1 
157 1 
158 1 
159 1 
160 1 
161 1 
162 1 
163 1 
164 1 
165 1 
166 1 
167 1 
168 1 
169 1 
170 1 
171 1 
172 1 
173 1 
174 1 
175 1 
176 1 
177 1 
178 1 
179 1 
180 1 
181 1 
182 1 
183 1 
184 1 
185 1 
186 1 
187 1 
188 1 
189 1 
190 1 
191 1 
192 1 
193 1 
194 1 
195 1 
196 1 
197 1 
198 1 
199 1 
200 1 
201 1 
202 1 
203 1 
204 1 
205 1 
206 1 
207 1 
208 1 
209 1 
210 1 
211 1 
212 1 
213 1 
214 1 
215 1 
216 1 
217 1 
218 1 
219 1 
220 1 
221 1 
222 1 
223 1 
224 1 
225 1 
226 1 
227 1 
228 1 
229 1 
230 1 
231 1 
232 1 
233 1 
234 1 
235 1 
236 1 
237 1 
238 1 
239 1 
240 1 
241 1 
242 1 
243 1 
244 1 
245 1 
246 1 
247 1 
248 1 
249 1 
250 1 
251 1 
252 1 
253 1 
254 1 
255 1 
256 1 
257 1 
258 1 
259 1 
260 1 
261 1 
262 1 
263 1 
264 1 
265 1 
266 2 
267 2 
268 2 
269 2 
270 2 
271 2 
272 2 
273 2 
274 2 
275 2 
276 2 
277 2 
278 2 
279 2 
280 2 
281 2 
282 2 
283 2 
284 2 
285 2 
286 2 
287 2 
288 2 
289 2 
290 2 
291 2 
