0 8.944394804352878 
1 3.4820650121000045 
2 6.29196250298149 
3 2.838016103931254 
4 7.842825755663385 
5 5.614872309066009 
6 29.05065141052369 
7 5.7011219277475265 
8 14.204930385984401 
9 5.2366941550293715 
10 20.47810017625318 
11 6.015339869318541 
12 16.62381146777537 
13 5.2352757619557595 
14 6.246785238757644 
15 2.850282017478288 
16 18.80322599445 
17 4.7966368795072425 
18 24.026350310188977 
19 7.63931356799662 
20 26.29888516860414 
21 1.4183002933443796 
22 20.80053956477753 
23 4.808443170132492 
24 29.109524106963153 
25 5.778551746941475 
26 13.502746067618293 
27 5.312332101816119 
28 13.223192188982733 
29 5.3286648431435575 
30 15.412868849446955 
31 7.440323845272348 
32 19.398854838262093 
33 5.485941495379666 
34 23.37245549023432 
35 7.486432939345368 
36 26.019094174353757 
37 7.735371359438166 
38 21.919196458900565 
39 2.5666673194039205 
40 28.391303170606232 
41 4.740960443994823 
42 22.14732128713394 
43 9.321483417451734 
44 32.87870877721076 
45 7.9719159531299 
46 29.334284495359586 
47 9.138793261227656 
48 27.04815951711507 
49 9.493864745999804 
50 14.201371277658332 
51 11.333230655328853 
52 32.358712843024556 
53 7.9690987059228116 
54 13.749337004802413 
55 10.68174328492007 
56 29.215976372577703 
57 9.479060117835568 
58 14.949864199203017 
59 10.357252390959173 
60 18.752532794434558 
61 11.318703381871957 
62 28.551909108855625 
63 10.431853397568068 
64 16.069022059781318 
65 10.243100938760758 
66 29.39864021868648 
67 9.541030966294896 
68 19.878406430392705 
69 8.815118703342526 
70 11.780859316849565 
71 9.271290481590285 
72 22.12232325576489 
73 7.4680113098163226 
74 18.32421994460318 
75 14.414901879918892 
76 22.77544947572478 
77 9.004729609329546 
78 25.55616892414743 
79 12.929420468557337 
80 20.199203455865003 
81 11.103767965542163 
82 10.31570559329454 
83 8.613064459822986 
84 20.4053729281096 
85 10.707703933277 
86 14.700144397246639 
87 8.02731462342872 
88 23.601161403587746 
89 9.266517906457814 
90 11.252837822248097 
91 9.64338611443851 
92 18.910127050252026 
93 11.285993359129044 
94 22.41732540178834 
95 12.661094257037204 
96 13.334511755074791 
97 6.537399506847095 
98 30.346887390385785 
99 10.008361172091247 
100 24.408761842687213 
101 12.984014165603833 
102 19.703130945390487 
103 9.532335775713168 
104 10.725748625495461 
105 8.077993012676561 
106 23.307515767830846 
107 9.986533205078144 
108 14.565477389377765 
109 8.399090064400372 
110 23.565359073185533 
111 9.639241786324943 
112 10.750931731148786 
113 11.540472646329686 
114 10.75084906071457 
115 11.243366117406119 
116 31.324620233311926 
117 10.650604734782597 
118 17.385716062176165 
119 8.51579998863018 
120 24.923813768309714 
121 9.254924458899772 
122 12.591272605009726 
123 10.11645867603147 
124 29.552961070988196 
125 10.939189400657243 
126 18.867934034494237 
127 10.24465211253157 
128 19.611556607081905 
129 9.480238503162111 
130 26.51786380390595 
131 12.489403833498596 
132 21.839873364992084 
133 13.80518134032868 
134 13.515712407517208 
135 8.046441137086532 
136 32.156277072871546 
137 11.130996011284111 
138 20.60799496875123 
139 8.170536383913353 
140 17.84605173022674 
141 7.694996413298133 
142 10.524358083270394 
143 5.672040785968329 
144 25.750884086444007 
145 9.08951898821959 
146 16.671518572251923 
147 10.269283503741137 
148 9.805915853852412 
149 8.686682834793091 
150 29.033156590478036 
151 9.69900126489489 
152 14.173393528155497 
153 12.49011047913999 
154 11.477439463220948 
155 8.507284620455351 
156 17.03678850973431 
157 7.813590265203168 
158 11.07307594829771 
159 7.228654695613659 
160 16.64089379800673 
161 9.832328058080138 
162 15.095732543450172 
163 7.469141716424688 
164 37.33314344714637 
165 10.891156056305844 
166 38.350026058572354 
167 8.539344509277772 
168 13.531104121300105 
169 10.687159521176573 
170 26.229153899068226 
171 9.293661978072624 
172 21.144268675075367 
173 11.56216903140084 
174 14.195219190924382 
175 8.53805817021138 
176 22.103669976179937 
177 8.734639477542316 
178 8.35731820065674 
179 13.25654324499439 
180 12.480856040159615 
181 17.045581637297612 
182 13.812773749069665 
183 7.590181615502103 
184 8.23381232822929 
185 18.488105260837944 
186 18.171949465365753 
187 15.681282526769158 
188 18.29791949324457 
189 14.678280588908448 
190 24.616338100911456 
191 14.246472606229409 
192 18.29791949324457 
193 14.678280588908448 
194 24.616338100911456 
195 14.246472606229409 
196 14.682905142145005 
197 4.432155631990786 
198 18.19638875150758 
199 7.862865369906567 
200 40.76374486116645 
201 18.686530990483657 
202 20.94084166695791 
203 12.236139798121243 
204 22.81335632271434 
205 15.823561590088543 
206 15.932597159386598 
207 14.674891100886937 
208 13.1188019404661 
209 14.009405728943992 
210 16.540945139625588 
211 10.625458211840169 
212 10.481881703769606 
213 7.832368830402477 
214 21.19641395203105 
215 11.578670730226035 
216 17.354065124746576 
217 19.094267127372383 
218 15.72879728797288 
219 19.279103867032546 
220 13.480006427767957 
221 12.287940000292968 
222 10.452416790438502 
223 13.824747602928234 
224 8.437223280542486 
225 17.48668581696594 
226 23.976493992019847 
227 11.328700264965414 
228 25.357629106562037 
229 15.317965348993484 
230 13.857039024196853 
231 17.94385358466027 
232 24.909307946764223 
233 14.843520851618017 
234 19.072126883656637 
235 9.157149219711988 
236 26.873816266642745 
237 18.40389990478405 
238 19.16940430160602 
239 12.535802454376453 
240 32.67304396597389 
241 18.216145788093044 
242 18.45808285731889 
243 11.109885598192458 
244 10.756252869023776 
245 10.179855346827823 
246 13.074676741605257 
247 12.512130875636524 
248 14.567399730484434 
249 19.44129562162212 
250 21.172446517450606 
251 17.230304075982023 
252 25.33572537436046 
253 13.937296679415567 
254 11.515821438082922 
255 16.126790293867728 
256 31.484750444763055 
257 15.897149787750152 
258 31.2993746548662 
259 18.756977456587943 
260 18.990953463311268 
261 11.412575234819709 
262 29.872470745760538 
263 14.834071328532827 
264 24.758740784028994 
265 1.32553492392316 
266 16.159035921776518 
267 11.842629245842392 
268 16.90311036600601 
269 10.405249382899813 
270 18.48598666319951 
271 17.023097622052934 
272 15.07126892755248 
273 14.66324525768943 
274 13.700025804091418 
275 15.221184727660702 
276 34.31428758426598 
277 16.58876760006328 
278 31.26531099051822 
279 17.00749751637167 
