0 8.857338345229548 
1 9.996315406890142 
2 11.714951261067508 
3 11.958817206447144 
4 14.163868880581642 
5 14.028194828606882 
6 13.079120762612765 
7 15.574896304850743 
8 28.488687536932765 
9 17.02530879983114 
10 18.155666849912777 
11 19.407561644849782 
12 14.540785090015289 
13 15.087153108757036 
14 16.048179310292053 
15 17.373401651057694 
16 16.421654340225437 
17 30.316398146742706 
18 10.600939204456418 
19 12.813803933069988 
20 13.709653589943061 
21 13.857863123046526 
22 13.44224803220265 
23 15.772270042003692 
24 16.895212161737575 
25 41.16784939587566 
26 26.169258029898426 
27 24.861617251312936 
28 18.228416711213097 
29 26.831353433000046 
30 18.38607073346075 
31 11.721564550566194 
32 10.14045224976488 
33 15.45865459745544 
34 19.090790749329777 
35 25.457670737332784 
36 26.42447457285419 
37 24.000228884018746 
38 14.062199096114904 
39 14.829718100208252 
40 23.155679465591962 
41 9.151834379950339 
42 12.110050844668239 
43 15.359306281332508 
44 18.179983529105805 
45 50.88877834532462 
46 27.00914406408572 
47 21.805016765875596 
48 13.315081713248086 
49 11.583403296363395 
50 15.773990221887928 
51 29.9576024227187 
52 14.719386841948264 
53 14.517382214899833 
54 23.07415211112639 
55 15.583460585321994 
56 27.71993919767365 
57 31.256224336952553 
58 10.90656244555565 
59 12.975217707382717 
60 10.503274209744749 
61 12.817288945660344 
62 23.949249998572512 
63 23.145457053775903 
64 29.30989084708809 
65 25.232994230641967 
66 15.29617878529281 
67 12.563927904935642 
68 35.75859158531907 
69 25.878305507224916 
70 15.993532888465205 
71 16.582405895539207 
72 8.485649892166819 
73 37.218851215248506 
74 24.02524931406412 
75 17.65405773982145 
76 20.432709451757162 
77 17.557690456157093 
78 8.831359370690182 
79 8.005512218305222 
80 14.313125556666519 
81 9.394074591698695 
82 11.564815070117294 
83 8.85436532481597 
84 43.04985168686941 
85 22.602274074473243 
86 12.345374646428077 
87 14.055884343938713 
88 10.600965997983081 
89 10.914594414547574 
90 43.26254770500258 
91 42.41297577154876 
92 13.099094935008964 
93 12.92822488672441 
94 29.695659253909927 
95 28.114972114972115 
96 19.474604523315364 
97 20.511548524341638 
98 15.134952566873672 
99 26.36617026760289 
100 18.17320924106137 
101 21.75062747619739 
102 25.578767624530418 
103 17.449220375085286 
104 15.212406969490345 
105 13.159220041727453 
106 13.892794090856395 
107 12.217392064222588 
108 16.53057975012809 
109 12.495133685856855 
110 19.922689985702682 
111 19.5883841921895 
112 32.414980601882625 
113 27.052869886030148 
114 13.870970302268669 
115 14.498513612543727 
116 13.942253867581456 
117 13.55484888440756 
118 22.88817584528409 
119 22.318200200072365 
120 31.69507227977904 
121 23.251568840499367 
122 22.924704853519895 
123 13.806590078672768 
124 25.725613346418058 
125 34.88799055081433 
126 15.7463349438932 
127 10.519949836970152 
128 13.065553548065541 
129 15.903659775833043 
130 13.575205199243934 
131 17.995048931487336 
132 22.402238993307588 
133 23.501977967792186 
134 20.7157836508305 
135 18.796569000905254 
136 28.86670933729757 
137 46.78479883102252 
138 5.273963421917929 
139 12.895432814253432 
140 11.380772392909375 
141 18.914561443066518 
142 34.18953683627056 
143 47.36757464877807 
144 14.374294017656412 
145 22.478115705136794 
146 9.3988110043719 
147 9.209183046143577 
148 24.084018076059557 
149 16.148708273976823 
150 7.5447299545802045 
151 21.397435962840337 
152 29.741985349907463 
153 28.12986821367493 
154 31.300776119402986 
155 20.42236266786121 
156 15.118695142831395 
157 22.024511914638886 
158 19.68417495776234 
159 19.36330103272687 
160 12.266629231885075 
161 12.932290767371303 
162 45.56648705023466 
163 44.22598536451633 
164 25.418021610418574 
165 27.653232239986814 
166 12.014999040359335 
167 12.536514360352337 
168 34.333387904783734 
169 14.42263439861905 
170 20.202608712405834 
171 16.557465320269383 
172 18.37777300669947 
173 28.77067442243319 
174 39.75191447418303 
175 29.408534447700916 
176 12.742253884829797 
177 18.705198187591424 
178 15.189324062505658 
179 13.339940270405226 
180 20.144391293489328 
181 21.153546265615624 
182 41.52282897081535 
183 32.38769758229539 
184 53.840083180365326 
185 21.493158968157175 
186 25.04106939228762 
187 19.94106544322153 
188 7.140589966785214 
189 11.884372361344871 
190 21.935818584996444 
191 10.19636176228203 
192 11.169114337983688 
193 13.839390239878576 
194 10.820491917466837 
195 13.497748929172527 
196 6.067261583593832 
197 5.3535649554540115 
198 13.896476435020293 
199 35.2039481967048 
200 23.2732438131173 
201 34.06568987362334 
202 13.106298941947742 
203 21.71425613095947 
204 33.03433936109886 
205 12.428230246353879 
206 10.542001578420875 
207 9.115020438854033 
208 8.496169505945266 
209 13.87372320719767 
210 14.432609690550663 
211 19.857513493040432 
212 32.56270233760588 
213 27.589930471047143 
214 14.77445057751445 
215 10.941158364005833 
216 10.001154079097338 
217 8.00953283021174 
218 7.0325495923127095 
219 14.592233347481509 
220 8.773116133917329 
221 7.0102287769591785 
222 9.289565831758976 
223 8.015533030622697 
224 45.411084525188656 
225 19.104790882837907 
226 24.63267439538626 
227 33.32806776374862 
228 16.726167736069517 
229 13.815139557710424 
230 51.07406054406858 
231 44.92372944893697 
232 14.484744463284835 
233 14.766804207917307 
234 31.878878163715132 
235 8.797922548653558 
236 31.467979112898384 
237 12.89963678190614 
238 10.079990002451321 
239 17.538748458048463 
240 14.83223531824756 
241 13.78712046256151 
242 10.61043258284847 
243 13.632919456542936 
244 18.77813942451905 
245 15.734638831054339 
246 16.708177809292007 
247 15.082595859598905 
248 37.97709225573373 
249 31.636739404270724 
250 29.42627827355896 
251 33.17386146131579 
252 15.4684604944828 
253 22.89092397533155 
254 5.610576119191355 
255 8.812821999781482 
256 9.33733751561119 
257 17.740376522140025 
258 38.07050793305014 
259 26.84663833273593 
260 17.346959539102276 
261 11.221827735757685 
262 22.364253912394357 
263 13.51192435932542 
264 17.955145355930462 
265 16.593492847195847 
266 24.435922980570364 
267 46.26665931277922 
268 27.155859711368507 
269 25.598593827243377 
270 19.243810677384428 
271 16.983600715899613 
272 31.538728767040883 
273 35.190952033359345 
274 15.034317626226782 
275 12.002964752074039 
276 26.546227848101267 
277 51.000778210116735 
278 25.076851331475922 
279 13.437338613049356 
280 20.672390509329993 
281 21.821579634668513 
282 15.325353327194867 
283 13.122619077415964 
284 32.14592610191835 
285 18.528696635566863 
286 21.437682403872202 
287 30.793374838482322 
288 24.35546884073119 
289 15.140251958271667 
290 19.12212379697551 
291 12.554601373901852 
292 16.689496008976818 
293 9.272848264838467 
294 33.28073126606786 
295 36.92559073141529 
296 13.74064367334102 
297 19.934052250616656 
298 34.236980442093575 
299 49.85918238769421 
300 47.45761484498755 
301 49.89536294639671 
302 11.517244409296604 
303 12.371081963538334 
304 14.949011668935825 
305 13.901957534818665 
306 31.819384596710567 
307 29.04884062387456 
308 36.38109777253487 
309 38.209581765675814 
310 12.019406180060235 
311 13.899009179176193 
312 21.834643455808095 
313 17.79494446377205 
314 18.732014059157432 
315 15.541021023691485 
316 18.503928601364972 
317 14.186864740721198 
318 50.77173741995618 
319 19.795751348647105 
320 35.10994291071638 
321 23.484607890345917 
322 37.93621678334328 
323 20.685032302608867 
324 20.074203120513065 
325 28.415153650208662 
326 14.33440417765991 
327 9.209688575236648 
328 18.102929751566734 
329 11.917938692702 
330 16.668007216716077 
331 30.831175895502092 
332 9.778505167497803 
333 6.683468140301228 
334 37.76848891970501 
335 12.642966088922382 
336 14.930758907435292 
337 12.302032005255995 
338 20.169965568315156 
339 39.04838334279836 
340 14.449066769555122 
341 17.6161684040757 
342 27.439577118333595 
343 26.962265848986256 
344 39.923699289916044 
345 32.958541568442556 
346 10.458150482725605 
347 23.808681535134276 
348 45.517531769889416 
349 27.254322752526072 
350 16.502677457811842 
351 24.871937190161056 
352 9.089322012594971 
353 44.124093964673825 
354 32.53466544625266 
355 28.275889034954663 
356 12.159447095453729 
357 13.548631345009595 
358 23.03841104708965 
359 19.766830514305642 
360 36.88370252468848 
361 30.097548024139442 
362 18.435528675410527 
363 18.296562554528006 
364 11.435725736970106 
365 29.06152087302962 
366 35.74122298725203 
367 8.595519341590773 
368 28.180898310209294 
369 27.53794235440877 
370 14.575600669998124 
371 6.720671697992277 
372 11.60404147715326 
373 14.999907017330539 
374 18.765117485996527 
375 14.777001127395716 
376 17.911822483387713 
377 30.605528151542572 
378 8.258422231935764 
379 11.618023527977908 
380 26.03572980421855 
381 12.80605755285856 
382 19.890189829897615 
383 20.53695796936817 
384 20.852556167066883 
385 20.80549217246374 
386 29.666463906296418 
387 45.82135990211501 
388 30.865662415648067 
389 21.267995862320753 
390 61.42620309891333 
391 30.609771939427112 
392 16.66165079011973 
393 17.126808413332952 
394 14.595076867401124 
395 15.838619413552857 
396 20.773136545985835 
397 59.96488719869614 
398 18.85326177344463 
399 18.06853829485683 
400 17.14942716723773 
401 17.007773375883477 
402 22.353050272064976 
403 20.439978362678545 
404 27.530170065571404 
405 19.039660815368624 
406 22.944644722950095 
407 27.841011071874252 
408 31.61432415524116 
409 14.681517470229553 
410 9.874131603170605 
411 25.08990195667909 
412 21.358210399278946 
413 24.58459500489429 
414 19.44544173280914 
415 17.58728641214332 
416 47.26828498658913 
417 20.852556167066883 
418 15.569172748127306 
419 8.330709568498932 
420 52.365307065183465 
421 24.241869390066988 
422 13.078753710679273 
423 13.826798441383767 
424 18.33655678936784 
425 15.289654895870926 
426 28.435573754932136 
427 35.639181564815445 
428 37.40672630142606 
429 26.483204525938273 
430 18.117630796876078 
431 22.323664349658834 
432 12.288588028138065 
433 13.996549503281976 
434 25.340470522843436 
435 17.16697500040929 
436 36.097112612418776 
437 33.90131020602808 
438 25.937677404194005 
439 44.71396437214162 
440 13.999165584708171 
441 12.98522008879092 
442 42.33121726229525 
443 29.26735049891843 
444 17.90455862955105 
445 12.918429449666744 
446 23.10873098516278 
447 31.466090505341494 
448 16.032475450378996 
449 15.56923054080038 
450 14.909052131690636 
451 15.616183955291953 
452 18.9876005559152 
453 17.18230604737286 
454 27.30666666666667 
455 33.73823792018919 
456 28.391879725713977 
457 9.323555498253905 
458 31.502012858258727 
459 21.634955923390777 
460 30.7221001435645 
461 27.577776316654614 
462 26.266440385012807 
463 23.25633902778471 
464 20.384348831897203 
465 15.185474556941402 
466 17.440731176893745 
467 14.6936556314591 
468 30.667514824482513 
469 42.16694648583981 
470 19.88264684550587 
471 19.345528342788615 
472 17.397975775676123 
473 13.405300366909142 
474 33.67133888862129 
475 35.37109124641592 
476 23.597576275858966 
477 31.909679480839603 
478 19.48509920699443 
479 44.774106771139124 
480 12.289848277963678 
481 10.701393070367914 
482 12.641137077378405 
483 14.315079573650422 
484 40.57799620757711 
485 21.34147445975994 
486 11.046886605106378 
487 8.197699963255701 
488 9.612907957462413 
489 9.0698832072277 
490 6.229509754996316 
491 3.876991620795955 
492 26.42147833646202 
493 10.947126652781476 
494 40.075903648993396 
495 23.360999871896983 
496 12.2700382935527 
497 11.762589040327557 
498 19.62128151270332 
499 40.289169588396334 
500 31.256690190701175 
501 31.39449101796407 
502 18.053994490358125 
503 24.06370625358577 
504 37.72602493299034 
505 31.14990828004664 
506 14.150011639008559 
507 14.016802903413382 
508 31.778159970300106 
509 38.076728943116 
510 15.726674165729284 
511 19.76301182679169 
512 10.293629407116176 
513 13.008215609347621 
514 14.131133070317 
515 12.658648695143041 
516 35.08057744099296 
517 17.547186545621887 
518 12.480744624503812 
519 14.437627361348241 
520 15.296959794596487 
521 14.821857297839784 
522 14.567703304413062 
523 15.522156512986003 
524 11.003473424628785 
525 10.625727394098766 
