0 19.336877094791777 
1 25.727822555911327 
2 16.479076547109692 
3 22.510205067380817 
4 9.101965439343074 
5 13.828895483020112 
6 13.193618199204792 
7 18.311100245352705 
8 11.732417334970643 
9 12.343122165687195 
10 28.671552006999892 
11 20.635471349080227 
12 23.68726492347659 
13 19.76459500596099 
14 28.154604159115014 
15 10.910307334139711 
16 21.010494467236725 
17 18.595976927408234 
18 14.816255016108066 
19 21.575970822595 
20 11.148125900370514 
21 14.79289682049835 
22 13.358506911268234 
23 8.195729697303657 
24 16.744664372459937 
25 36.766017128180856 
26 14.777417627328843 
27 14.185089487425765 
28 21.855578135584388 
29 15.763200817793011 
30 12.431434964952059 
31 12.563137621383941 
32 23.672425372923733 
33 15.419895149371705 
34 25.498373790981987 
35 6.021739286488535 
36 16.423904956574177 
37 20.89223397207597 
38 26.270059688965997 
39 11.730284538066126 
40 9.858396305132153 
41 49.90011183286935 
42 16.146345970250376 
43 7.197000609144024 
44 16.511577737361332 
45 14.691596903569302 
46 31.32555603686498 
47 25.364069567741467 
48 13.934472196198032 
49 14.515623756277016 
50 14.15760587055877 
51 14.20704745839642 
52 16.1943489911119 
53 6.401885320841862 
54 13.799730868819935 
55 36.57334193683403 
56 10.939817109113767 
57 8.853449513243328 
58 18.851821221818703 
59 22.355313932416585 
60 18.51323949381392 
61 16.843714986767758 
62 19.30865834346113 
63 20.913380801372185 
64 17.823073981217863 
65 12.19083050916426 
66 12.620369255951665 
67 13.896568518635094 
68 15.413265324871473 
69 15.303378247718706 
70 19.016698479771854 
71 7.586927697876212 
72 10.000891765003232 
73 15.692253586995156 
74 24.502015398815296 
75 10.864102364856114 
76 21.528571795200822 
77 20.558802048868955 
78 14.83779720316828 
79 13.895371526823014 
80 22.050332518465947 
81 22.37881156528281 
82 11.118367303659994 
83 30.233576010956533 
84 21.896882243615178 
85 19.323514099982955 
86 12.802422333327229 
87 19.184221961003143 
88 24.13029645780956 
89 21.37954868668539 
90 16.73644601750137 
91 41.31464426079334 
92 11.38908530061856 
93 16.91845123087535 
94 18.58682974386245 
95 14.546130503390037 
96 29.057896815224847 
97 20.509542553971787 
98 16.73197274569564 
99 12.770342314144703 
100 24.313960094141652 
101 22.665052740791978 
102 9.153032677057102 
103 26.389726747075887 
104 19.948557948405753 
105 20.614983854240904 
106 19.008855653750285 
107 18.2886643789325 
108 18.999814273742384 
109 13.758989112356934 
110 16.81838741238552 
111 20.03680313380786 
112 9.295968935894821 
113 15.393748990707165 
114 24.846742137470603 
115 14.43360301177248 
116 13.197852751084008 
117 24.07240712363046 
118 25.371280630546163 
119 17.518091109189857 
120 17.470515955164757 
121 16.52380689742115 
122 15.591976327489554 
123 21.270800158226244 
124 18.82635139077782 
125 21.251077930171405 
126 23.535474603281486 
127 20.86718407960199 
128 27.23574025974026 
129 20.395152976873554 
130 21.676325731148285 
131 12.326906799586194 
132 17.544984522713964 
133 39.88497527577025 
134 12.697084180955148 
135 20.37840647941658 
136 17.926827600355605 
137 17.130305864478633 
138 12.291396938802423 
139 17.4148069106113 
140 20.90347917528445 
141 15.288373076334263 
142 11.742764193044442 
143 11.169352283106846 
144 12.153633510766227 
145 23.090665859230917 
146 17.630607947069976 
147 11.25881863449072 
148 18.247131962359862 
149 20.383457258103707 
150 11.389363637597926 
151 20.641056682512968 
152 16.117061174300645 
153 20.063640277445586 
154 12.86829211421699 
155 16.461420116485346 
156 14.247779253557441 
157 28.450232659096766 
158 13.757635196525744 
159 17.256675471294447 
160 14.772056984873299 
161 27.078893680758206 
162 20.23067276340414 
163 19.086099646427645 
164 23.906523944689535 
165 10.037702073685848 
166 18.935054850796803 
167 17.418422986997346 
168 16.107343786602765 
169 23.001140651048523 
170 13.439835939502691 
171 16.35378382909702 
172 15.378904488305327 
173 21.28116089096352 
174 14.92868634234542 
175 12.577113950468833 
176 15.214172748509162 
177 9.473664714398971 
178 10.648684878643241 
179 14.78434538013881 
180 10.433228693528086 
181 15.037012605222777 
182 10.433228693528086 
183 11.10018287244713 
184 10.433228693528086 
185 11.83554469470797 
186 10.433228693528086 
187 11.911609427494682 
188 10.433228693528086 
189 8.460556573097621 
190 10.433228693528086 
191 14.700402006175544 
192 10.433228693528086 
193 14.261731753345007 
194 10.433228693528086 
195 15.020211714486257 
196 10.433228693528086 
197 17.849545282384533 
198 10.433228693528086 
199 17.14143725887661 
200 10.433228693528086 
201 26.150657771681526 
202 10.433228693528086 
203 29.702388624115684 
204 10.433228693528086 
205 14.899942450745653 
206 10.433228693528086 
207 18.383089134427006 
208 10.433228693528086 
209 24.984982695251766 
210 10.433228693528086 
211 13.481089594214543 
212 10.433228693528086 
213 15.814492928485516 
214 10.433228693528086 
215 13.35157555635491 
216 10.433228693528086 
217 16.85129428969751 
218 10.433228693528086 
219 8.613400526952404 
220 19.86823680994382 
221 18.750017881410486 
222 21.01007348484469 
223 17.85896950058972 
224 18.03179625633045 
225 24.58574786487611 
226 17.41032506050002 
227 23.76497385135786 
228 20.562027227759177 
229 8.559437248607713 
230 30.20200900090009 
231 14.140184678868463 
232 23.91388432767743 
233 16.561387991692268 
234 15.788418901064155 
235 16.74901066603839 
236 7.572763858471438 
237 18.72666145775198 
238 19.213838091398834 
239 20.054143218471044 
240 9.992981118589553 
241 12.171267559858041 
242 15.24835494026888 
243 10.969544328759097 
244 16.566228513650152 
245 25.188291956425132 
246 16.68956241817972 
247 9.833895642591703 
248 9.58071751951867 
249 11.179027383167108 
250 13.90716628038449 
251 15.466235973907688 
252 18.542949857202224 
253 22.4739002304024 
254 32.15282600863173 
255 16.0436367531012 
256 26.832040021238893 
257 13.91228663734485 
258 12.362148747664213 
259 21.37475474832719 
260 22.37475260993188 
261 13.853652091769664 
262 27.53758075529177 
263 16.918041779774846 
264 16.64208229179066 
265 11.247768174394812 
266 21.07764594734488 
267 21.211957538701178 
268 19.218504144462823 
269 12.790163814449338 
270 11.285082385354672 
271 19.05445162228219 
272 16.67847940194051 
273 17.0123263501592 
274 13.01124208958928 
275 27.133022389266607 
276 21.98860282360589 
277 17.148866228913004 
278 23.72961290833588 
279 13.459632053038787 
280 15.137192063113979 
281 14.747852504034796 
282 17.676229007311882 
283 22.517214166456398 
284 9.010823375741717 
285 10.946098158036213 
286 17.833304279427708 
287 18.070406576220655 
288 36.897979291476425 
289 16.33741284618081 
290 10.887169956288352 
291 11.70569864894659 
292 13.954731921547753 
293 13.769694422922877 
294 22.026131159937822 
295 9.230016284494521 
296 21.647685455192953 
297 11.75767599494294 
298 15.451308329618755 
299 9.875968335146386 
300 40.71151662217908 
301 22.983117345680704 
302 20.28929253839642 
303 15.170205763102976 
304 13.350088166580727 
305 22.787947277488616 
306 15.173059461493104 
307 9.984987894615307 
308 11.163792965776432 
309 15.36763504328933 
310 22.64767438093284 
311 13.26014751398158 
312 10.105076505352121 
313 14.657352432405986 
314 20.34193704835346 
315 8.715563654951865 
316 14.533529686931512 
317 20.981276293476466 
318 13.74163406787102 
319 19.871531380435968 
320 13.900206797815366 
321 7.621115901975641 
322 12.942546540727186 
323 19.286284463572994 
324 20.983900501295764 
325 24.40592123638395 
326 16.548580807562715 
327 19.106879618072323 
328 11.93751049508332 
329 18.252928786533676 
330 18.52018792610124 
331 10.863370767891924 
332 21.963501547387768 
333 13.491930840369923 
334 10.285425622438945 
335 11.541997000509088 
336 35.15467270136619 
337 15.709003745318352 
338 13.70799575128687 
339 15.57084890985971 
340 12.995157377485988 
341 22.790547552937724 
342 12.263975064473307 
343 7.1975069670386995 
344 19.76282558709337 
345 13.187769026395635 
346 21.252262386120655 
347 25.2263167074645 
