0 3.506459164558423 
1 3.6335506338904757 
2 2.693975866955445 
3 2.6494574951405037 
4 4.066275353589986 
5 4.135880768592761 
6 3.7492171142424473 
7 3.3577364931941354 
8 3.5180555226814145 
9 3.620284674292466 
10 4.267347939765422 
11 3.2564406355115576 
12 4.056612727275063 
13 3.7956025806968845 
14 3.976319756240455 
15 3.9719047740399622 
16 4.85 
17 3.6266229355417385 
18 4.556982801080927 
19 3.6793885244403692 
20 4.440610341324336 
21 3.082456497530931 
22 4.85 
23 2.958283565026086 
24 3.16619009727999 
25 3.457412608650527 
26 4.2633885774268885 
27 3.0825747934585648 
28 3.2616736843032097 
29 3.92614754297797 
30 4.104620271441672 
31 3.167421256989197 
32 4.8848958895047625 
33 4.322636708239168 
34 4.85 
35 3.4835996673944543 
36 4.85 
37 3.86504699382619 
38 4.85 
39 3.6074147470717457 
40 4.85 
41 4.1619325729963945 
42 4.85 
43 3.948220788613907 
44 4.718599917284811 
45 3.573345784063318 
46 4.744599364285645 
47 4.131962787864975 
48 4.602266551758684 
49 4.108052479460091 
50 4.85 
51 4.278607247274853 
52 4.467304642725799 
53 3.686915138314892 
54 4.85 
55 3.7798177839776423 
56 4.468176075626591 
57 3.521562257577192 
58 4.85 
59 3.4815011053800404 
60 4.687654428670062 
61 3.2882935734757415 
62 4.038229501801516 
63 3.321692320392605 
64 4.716615956204191 
65 3.11027986550043 
66 4.460922099561427 
67 3.117623340873471 
68 4.108549725044983 
69 4.007518433060774 
70 3.3728249649707873 
71 3.458963842817856 
72 4.85 
73 2.9609233049602874 
74 4.79713292247371 
75 3.501927074077834 
76 4.914884092158246 
77 3.6412964417110776 
78 4.898255696954369 
79 2.8165412400739207 
80 3.402805264712544 
81 2.859750562770447 
82 3.368748133511787 
83 2.9689511729441005 
84 3.7818021042599996 
85 3.2933756927027704 
86 4.210381708500855 
87 3.980711290906293 
88 4.85 
89 3.906676584297868 
90 4.620793953070542 
91 2.926760394917789 
92 3.314324940356659 
93 3.381522143569415 
94 4.021838673903039 
95 3.180186172033704 
96 4.403348937551325 
97 3.2287225868844724 
98 4.739933839483071 
99 4.052154493222068 
100 4.85 
101 3.50304134125933 
102 3.9196606073825695 
103 3.654837364620441 
104 4.428454345531549 
105 3.7704002049637793 
106 4.85 
107 3.22467530601784 
108 3.4748912570853863 
109 3.380488274756855 
110 4.85 
111 3.419386592508373 
112 4.2990561765931306 
113 3.0597074438621354 
114 4.883001508361833 
115 2.7738839849659778 
116 4.082617171212657 
117 3.3060160354084642 
118 4.85 
119 3.7665543844641665 
120 4.85 
121 3.229597946760638 
122 3.6110207653836968 
123 3.193594115088824 
124 2.738383418588709 
125 3.385599693919916 
126 4.85 
127 2.6455762792750717 
128 3.644586606569293 
129 3.2052509630312533 
130 3.898732625160234 
131 3.724752467248714 
132 3.8576899721277047 
133 3.260974320408895 
134 4.85 
135 2.901422458791189 
136 4.85 
137 3.2998173891283638 
138 4.85 
139 3.405005562935018 
140 4.10120780332558 
141 3.6573832626132905 
142 4.111670548083032 
143 3.4968180756890033 
144 3.3911286384807298 
145 2.6770290538609567 
146 4.471661817769844 
147 2.953493647465028 
148 3.815376107865554 
149 3.1879320925204744 
150 4.85 
151 2.711536034410372 
152 4.079992301780461 
153 3.4325054268719333 
154 4.85 
155 3.36701856037026 
156 4.85 
157 3.7421991913353017 
158 4.85 
159 3.6430462626885056 
160 3.9298654058820963 
161 2.8067295669692545 
162 2.8650324891927257 
163 3.3178750303839735 
164 4.481817998949546 
165 3.324043619025214 
166 4.85 
167 3.9495204080764394 
168 4.85 
169 3.4745169599699812 
170 4.186566994781965 
171 3.754487855689727 
172 4.777478400188264 
173 3.925110903733704 
174 4.85 
175 3.6512528626155833 
176 4.850654729918026 
177 3.1211853036152615 
178 4.28711291981209 
179 3.2714373692858314 
180 4.247324128892763 
181 3.254968913034232 
182 4.85 
183 3.2193242771083512 
184 4.85 
185 3.22303917361087 
186 4.684604898635294 
187 3.75826412577465 
188 3.8773675750778804 
189 3.403180530490487 
190 4.685509500605102 
191 3.6916000950802177 
192 3.997683269076487 
193 3.1915027182960403 
194 3.4644094427581464 
195 3.6005312277504022 
196 4.85 
197 3.6501634940499286 
198 4.85 
199 3.6323934568447007 
200 4.85 
201 3.342568132983234 
202 4.42918387077447 
203 3.523496806945204 
204 4.878445585720571 
205 3.0424333737748195 
206 4.85 
207 3.5510980912424546 
208 4.85 
209 2.714567378924132 
210 4.85 
211 3.6345313901644785 
212 4.85 
213 3.459789641272881 
214 3.8679659443259986 
215 3.465978981859511 
216 3.2936679133197506 
217 2.8582881342448143 
218 3.606030054541797 
219 2.8103485640917842 
220 3.185156052118082 
221 3.357631261352244 
222 4.85 
223 3.19605388235906 
224 4.589406632045706 
225 3.2063035138491065 
226 2.9658014166011153 
227 2.843842946455023 
228 3.2528856493115876 
229 3.598337693015477 
230 4.864818751456246 
231 3.2879831678665368 
232 3.5818049624710557 
233 2.5376034525473186 
234 3.8296711052451013 
235 3.0799435286233017 
236 3.925828073759184 
237 3.6625091403274896 
238 4.85 
239 2.8347578054260874 
240 4.85 
241 3.3801462221734804 
242 4.85 
243 3.822350444901182 
244 4.771455441337959 
245 3.7483757844865773 
246 4.097089089341693 
247 2.4728099652892928 
248 4.326676396383846 
249 2.8957808405019714 
250 4.468262527210999 
251 3.9155718055375432 
252 3.984380630420906 
253 3.9577495690880924 
254 4.316340815226471 
255 3.5050608540574197 
256 4.85 
257 2.7516825554573314 
258 3.8284959553329694 
259 3.1912431090280933 
260 3.0192856437506737 
261 4.020225538741008 
262 4.777276012445727 
263 3.101740916082664 
264 3.652438338590863 
265 3.564681756120002 
266 4.85 
267 3.708308382324331 
268 4.85 
269 3.585493204595122 
270 4.600431757344325 
271 3.2384408821988133 
272 4.85 
273 3.5268240627983705 
274 4.85 
275 3.4442552351888196 
276 4.85 
277 3.4748126817029936 
278 4.85 
279 2.8517278657477676 
280 4.2871255290728465 
281 3.293921254507144 
282 3.4203891827394113 
283 2.3184412110048016 
284 2.990660600372963 
285 3.43048532604369 
286 2.900631541282203 
287 2.8435165443027883 
288 3.900931119318856 
289 3.34159709911621 
290 4.3881001576103476 
291 3.2088657640095257 
292 3.235198432675547 
293 3.413174125556787 
294 2.9871247398804135 
295 2.57548344155579 
296 4.025796164333038 
297 2.5454999864147974 
298 3.0972210924305887 
299 3.616644432726593 
300 3.893029447401651 
301 3.224630954899612 
302 3.4073412870461164 
303 3.3925467771686595 
304 3.4011435417670834 
305 3.532905746990502 
306 3.9779753541585396 
307 3.6606338267068645 
308 3.081844810722812 
309 3.4381025279532955 
310 3.2686508810322827 
311 2.55137656463232 
312 3.5705035247921173 
313 2.996765181799617 
314 3.680945425978178 
315 3.7619045069585897 
316 3.1996331914705305 
317 2.65752125526154 
318 4.154557088464341 
319 2.743026525556471 
320 3.338554516154868 
321 2.7303744767644527 
322 3.5359149319361896 
323 2.9510037905242474 
324 3.4299204094255487 
325 3.023864296700712 
326 3.390025196035415 
327 2.837591597089822 
328 3.3960967761857876 
329 3.0149964519521344 
330 3.8617864111847573 
331 2.8618781299419758 
332 3.9069499489812047 
333 3.984686133955755 
334 3.477937839103846 
335 3.06875507741739 
336 3.72943565647069 
337 3.5689750487378227 
338 3.8228943400652713 
339 3.5203111491615102 
340 4.150510308154497 
341 2.5698030205756606 
342 3.3160483564286496 
343 3.21077325423214 
344 3.0273358681611073 
345 3.095370160507081 
346 4.045232488149831 
347 3.6484588697417935 
348 3.777411867069657 
349 3.792187136095243 
350 2.751552988653361 
351 3.788356172952528 
352 4.317402143611506 
353 3.2115232495563326 
354 3.9423757569284787 
355 2.4623769387737733 
356 3.504482677797258 
357 3.84040976307889 
358 3.1447111478035543 
359 3.173734573140674 
360 3.9351588742201837 
361 3.4131817720336155 
362 3.353977066700173 
363 3.2833304497680853 
364 3.6112973057567714 
365 3.1320817729450403 
366 3.702335162930978 
367 2.427026666672969 
368 3.279367918676718 
369 3.0802292244076517 
370 4.179311334885285 
371 3.488921631932321 
372 3.8794196737268396 
373 2.8429345506910892 
374 3.8559619492426935 
375 4.033234934323262 
376 3.3966381185732155 
377 3.445343044086104 
378 3.4270705654460643 
379 2.994780176442889 
380 3.838112971574157 
381 4.054319662122546 
382 3.0501189357704197 
383 3.138558568764676 
384 4.140072435700479 
385 3.4559705330070556 
386 3.8412680360191978 
387 3.5754468085616593 
388 3.3933156920359187 
389 3.586464366246207 
390 3.41631878629583 
391 3.2997331867637287 
392 3.2007366500474603 
393 2.9875649942763634 
394 3.5855650536263943 
395 3.713586799472127 
396 3.3199845619035098 
397 3.8254291139367744 
398 4.08564771787234 
399 3.6095036104310894 
400 3.7784863829073436 
401 3.8103277423391457 
402 3.027557891183051 
403 3.2422875277339114 
404 4.14458629370425 
405 3.887776336670989 
406 3.9055724965006546 
407 3.928227647693308 
408 3.937547880373609 
409 3.843915672730484 
410 2.95343892162084 
411 3.2207918566239733 
412 4.154702999773842 
413 3.463929149579097 
414 3.988212746632166 
415 3.183423282519084 
416 3.7480610605695936 
417 3.8918598796760135 
418 2.9868698029671124 
419 3.0150191361969734 
420 2.9926231414920736 
421 3.095410257088243 
422 3.687128964730559 
423 3.157705834317389 
424 3.818303081405256 
425 3.227397019902252 
426 3.816247274755236 
427 3.802557577269703 
428 3.086061032062795 
429 3.6391252996133545 
430 3.5816680732853414 
431 3.2618257113880595 
432 2.895205899278771 
433 2.890458805387099 
434 3.6518925493417136 
435 2.4129196339436643 
436 3.9550786727503033 
437 2.848663108840368 
438 3.626068182726247 
439 3.1904838521041725 
440 3.6319436202082565 
441 3.1917387783731277 
442 3.5678609888937896 
443 3.6283252544043645 
444 2.7927936027864275 
445 3.0235409724458213 
446 3.5901651206458425 
447 2.2291615589976708 
448 4.126809611174962 
449 2.903507374061459 
450 3.086732231868733 
451 3.6562114924456837 
452 3.5056536340116295 
453 2.899413370425498 
454 4.058205024750478 
455 3.117315433713011 
456 4.08162067782433 
457 3.5376405971865443 
458 3.4831963458088877 
459 3.125532112841366 
460 3.817747844453235 
461 2.8783914508122455 
462 3.9504396012571967 
463 3.0672438249952583 
464 3.0725221014292896 
465 2.95351553212587 
466 3.408616017639484 
467 3.01132166212203 
468 3.620904231392189 
469 3.5530194702255136 
470 3.621693086536309 
471 3.197023832885127 
472 3.950578425523734 
473 3.142809849163107 
474 3.431583119970048 
475 3.4527746812170728 
476 3.374662443168048 
477 3.3025054815351136 
478 3.5326211670950465 
479 3.439388940714472 
480 2.8016639406708754 
481 3.0095109719838233 
482 3.2924313621919876 
483 2.519076038096494 
484 4.129150340494347 
485 2.5709765910352376 
486 3.7336197767633026 
487 3.2265728820507262 
488 3.596745429564589 
489 3.8150323422486245 
490 3.5089666121367817 
491 3.7806487035274188 
492 3.4144768038790243 
493 3.284420174777142 
494 3.7863579960741536 
495 2.8244839074877666 
496 4.16147819224338 
497 3.5016516456522875 
498 4.098200359431104 
499 3.4947687950200956 
500 3.718610185960082 
501 3.8428865371646155 
502 3.5310519631964166 
503 3.0285660914594383 
504 3.7712072167465065 
505 3.431240670146091 
506 3.961215919141967 
507 3.1470496221832707 
508 4.035875633082032 
509 3.42377354773185 
510 4.099988040040236 
511 3.2575486550387263 
512 2.9855967260540512 
513 3.2234225932494818 
514 3.828871234029671 
515 3.0299228556774658 
516 4.159635347104992 
517 3.151715289204126 
518 2.9609992696180507 
519 4.120476535217166 
520 3.094022250851974 
521 3.2206447273653556 
