0 0 
1 0 
2 0 
3 3 
4 0 
5 2 
6 3 
7 2 
8 2 
9 0 
10 3 
11 3 
12 0 
13 1 
14 0 
15 1 
16 0 
17 3 
18 0 
19 3 
20 0 
21 2 
22 4 
23 2 
24 4 
25 2 
26 1 
27 2 
28 3 
29 2 
30 0 
31 3 
32 0 
33 3 
34 3 
35 0 
36 3 
37 3 
38 2 
39 3 
40 2 
41 3 
42 3 
43 3 
44 2 
45 3 
46 2 
47 3 
48 3 
49 3 
50 2 
51 1 
52 2 
53 1 
54 5 
55 3 
56 5 
57 2 
58 5 
59 0 
60 5 
61 0 
62 2 
63 3 
64 5 
65 2 
66 5 
67 3 
68 1 
69 2 
70 1 
71 2 
72 1 
73 4 
74 1 
75 1 
76 1 
77 4 
78 1 
79 4 
80 1 
81 1 
82 1 
83 1 
84 1 
85 1 
86 1 
87 2 
88 1 
89 0 
90 1 
91 2 
92 1 
93 3 
94 1 
95 3 
96 1 
97 3 
98 4 
99 1 
100 2 
101 3 
102 2 
103 2 
104 4 
105 2 
106 4 
107 2 
108 2 
109 2 
110 2 
111 2 
112 2 
113 3 
114 1 
115 2 
116 1 
117 3 
118 1 
119 0 
120 4 
121 0 
122 4 
123 3 
124 4 
125 2 
126 0 
127 2 
128 0 
129 3 
130 0 
131 3 
132 3 
133 0 
134 3 
135 2 
136 3 
137 2 
138 3 
139 3 
140 3 
141 3 
142 3 
143 3 
144 3 
145 3 
146 2 
147 1 
148 0 
149 0 
150 0 
151 3 
152 3 
153 1 
154 2 
155 1 
156 2 
157 3 
158 3 
159 0 
160 1 
161 0 
162 3 
163 2 
164 3 
165 3 
166 2 
167 2 
168 2 
169 2 
170 2 
171 4 
172 3 
173 4 
174 0 
175 4 
176 0 
177 4 
178 0 
179 0 
180 0 
181 0 
182 2 
183 0 
184 2 
185 0 
186 1 
187 0 
188 1 
189 0 
190 1 
191 0 
192 1 
193 0 
194 1 
195 0 
196 4 
197 2 
198 4 
199 2 
200 4 
201 2 
202 4 
203 2 
204 4 
205 4 
206 4 
207 2 
208 2 
209 2 
210 2 
211 2 
212 2 
213 2 
214 2 
215 1 
216 2 
217 4 
218 2 
219 2 
220 4 
221 2 
222 2 
223 2 
224 2 
225 4 
226 4 
227 4 
228 2 
229 2 
230 2 
231 2 
232 2 
233 2 
234 2 
235 2 
236 2 
237 2 
238 4 
239 2 
240 2 
241 4 
242 2 
243 1 
244 2 
245 1 
246 2 
247 4 
248 4 
249 2 
250 4 
251 2 
252 2 
253 4 
254 1 
255 2 
256 1 
257 4 
258 4 
259 4 
260 4 
261 4 
262 4 
263 4 
264 4 
265 4 
266 2 
267 4 
268 2 
269 2 
270 2 
271 2 
272 2 
273 2 
274 2 
275 2 
276 2 
277 2 
278 2 
279 1 
280 2 
281 4 
282 4 
283 4 
284 4 
285 2 
286 4 
287 4 
288 4 
289 4 
290 4 
291 4 
292 1 
293 4 
294 1 
295 4 
296 1 
297 4 
298 2 
299 4 
300 2 
301 2 
302 1 
303 2 
304 4 
305 2 
306 4 
307 4 
308 4 
309 4 
310 2 
311 4 
312 4 
313 4 
314 4 
315 4 
316 4 
317 4 
318 4 
319 4 
320 4 
321 4 
322 2 
323 2 
324 5 
325 2 
326 5 
327 4 
328 5 
329 4 
330 5 
331 2 
332 5 
333 2 
334 2 
335 2 
336 3 
337 4 
338 0 
339 2 
340 3 
341 4 
342 0 
343 4 
344 0 
345 2 
346 3 
347 2 
348 2 
349 2 
350 3 
351 4 
