0 10.664144476734577 
1 11.842395186587497 
2 8.010496542214396 
3 10.876441789063149 
4 13.608944782967015 
5 8.76352931098245 
6 21.152159441631532 
7 21.03789455732837 
8 8.448882326517374 
9 7.871483049575113 
10 24.44574998834336 
11 17.519774105695813 
12 29.542137106714467 
13 13.02065334479879 
14 27.41178085235702 
15 13.481002934492988 
16 21.96212148979731 
17 18.784026225866693 
18 18.39800680773415 
19 22.51467588516952 
20 16.815218393569467 
21 21.802523170649298 
22 8.861717366777517 
23 8.02842092368002 
24 14.396792706702913 
25 18.94121153550881 
26 9.457280721533259 
27 14.038148598127712 
28 11.782712636703552 
29 14.436683176666174 
30 11.813110644829674 
31 11.163406694896985 
32 16.163768652114936 
33 20.708624018090344 
34 21.186349584789767 
35 12.000251775301987 
36 17.469060679136522 
37 11.52309809857936 
38 11.102768608495623 
39 9.725877213323068 
40 14.739197661015996 
41 47.6582128897373 
42 24.141824377216007 
43 10.582884421780895 
44 20.82387870001688 
45 29.22126853193624 
46 16.768697501669152 
47 25.135159105890814 
48 13.550425964275215 
49 15.212793198626088 
50 15.694661058807682 
51 26.13403783366149 
52 20.45522999492802 
53 27.129336886497114 
54 14.773617935577041 
55 17.66104535367954 
56 13.734344506005476 
57 16.870136713015288 
58 19.02808639594968 
59 15.201986190899042 
60 13.897351278635945 
61 36.93599633660925 
62 12.839968162615564 
63 13.124220473426474 
64 11.143031726380556 
65 11.309699912904904 
66 16.508458298894006 
67 22.935736471411698 
68 19.42167067975551 
69 12.828736243905722 
70 13.943180835998325 
71 22.463548919214208 
72 19.848586233821546 
73 13.214818175516866 
74 18.745827858375122 
75 42.828738308213865 
76 18.33174825174825 
77 21.393616044559153 
78 16.149889685073024 
79 12.363497018414202 
80 13.942068488688264 
81 7.500342444319269 
82 22.820058868655433 
83 11.197142452888114 
84 14.095800132411606 
85 6.846613669381825 
86 14.881175648298935 
87 14.019473422087929 
88 25.83574486433213 
89 21.805810302160666 
90 20.66210497795512 
91 10.679159579993685 
92 38.325846598073795 
93 11.447773659473889 
94 8.712395465063624 
95 10.064026950633695 
96 25.91396002594915 
97 22.770256404688357 
98 12.868489519414855 
99 20.48120007031662 
100 12.663234898964129 
101 8.931766589862733 
102 8.064015257841369 
103 15.170096026909235 
104 19.303859571608722 
105 11.666853960712755 
106 14.467307771906345 
107 17.611508374727595 
108 11.077082348467043 
109 9.524434967629714 
110 14.03363948138854 
111 9.377041996892432 
112 12.823990191612117 
113 14.023129465494703 
114 12.030058625793055 
115 10.296434314050398 
116 20.355165586054277 
117 19.96080465623171 
118 22.610559454884584 
119 20.497815484161038 
120 14.040404243282419 
121 13.19204131571167 
122 16.897798691462274 
123 17.108225955792676 
124 15.027476720564367 
125 14.666167806003811 
126 17.716622174162808 
127 18.093948845375678 
128 17.027382300762806 
129 18.993705451350838 
130 19.76105648501067 
131 17.13261496483044 
132 10.19898990144609 
133 17.321956900610395 
134 11.935098712104397 
135 22.697309963039725 
136 20.610324070661655 
137 31.851280337778316 
138 8.574152663641195 
139 11.500601859595342 
140 16.600585767434495 
141 22.35138260512755 
142 21.011968038474063 
143 13.31516625291268 
144 9.229772551228788 
145 12.77481527506198 
146 24.583874522307926 
147 13.769106779989299 
148 21.503406766366066 
149 18.434313290290824 
150 10.060044084456031 
151 15.524914311941547 
152 11.61805570944224 
153 21.928937407198276 
154 21.54161894538974 
155 17.953685075636294 
156 14.366367189239364 
157 19.069525524214814 
158 12.134997121257273 
159 15.27139533444262 
160 20.257934265497838 
161 19.82981821620216 
162 17.85372415143492 
163 27.661256603201192 
164 13.704994739284151 
165 20.56444677606774 
166 19.297820065701693 
167 8.757381327709862 
168 25.513263624032067 
169 16.961691355178925 
170 17.94431419525969 
171 22.64889733676048 
172 17.108365523064435 
173 13.453674152149578 
174 10.764783180026281 
175 17.929816311786908 
176 14.361743144082974 
177 11.484856367554483 
178 9.960067630464104 
179 12.673451134907781 
180 11.56213715879833 
181 14.184705707290018 
182 23.644534641186087 
183 10.116800293303232 
184 13.595314267562582 
185 11.466614176672572 
186 9.77201222694401 
187 11.389425492107543 
188 13.10732288115201 
189 11.07597079366756 
190 25.5622432686096 
191 16.185475032800802 
192 11.771138944940096 
193 13.937204055252987 
194 19.033094491511964 
195 28.288284885681527 
196 17.952609231612108 
197 16.65106751252511 
198 10.832704441500146 
199 11.461851252678064 
200 12.674293657268908 
201 14.82961323466498 
202 17.57814667510446 
203 16.4902850402988 
204 11.64825594312375 
205 20.26086998526677 
206 20.146713547370645 
207 17.67503718905525 
208 6.904158655745476 
209 16.223915582958774 
210 20.868533785767237 
211 15.881679837332495 
212 16.2571812850537 
213 18.72214757910806 
214 13.209907027135982 
215 8.750256083949639 
216 14.518739031254219 
217 15.250905388699003 
218 9.660555361058393 
219 9.458837644076702 
220 13.639746866727803 
221 12.245249251879425 
222 6.333682662309618 
223 12.729723905805656 
224 12.674255358367757 
225 12.114318063004907 
226 12.824225450298263 
227 14.264156846741145 
228 14.0098268772776 
229 13.750373731280652 
230 27.814424785803336 
231 13.227028612334871 
232 24.632240408275926 
233 22.624585326910733 
234 12.546339420588984 
235 19.126309309377778 
236 7.867909733816053 
237 8.892793839525751 
238 21.148533223077155 
239 13.83167732382708 
240 18.25753710877987 
241 21.01270490160715 
242 19.302971171900886 
243 26.513840688273184 
244 8.171714357522633 
245 20.712714630689533 
246 16.06305267793884 
247 16.831750872827964 
248 18.289701124163855 
249 15.817952112113018 
250 13.044464279605274 
251 18.9035645554559 
252 15.742552480754867 
253 17.491352958593453 
254 18.574565229906693 
255 11.60275746074602 
256 20.04187751162335 
257 14.182978953633068 
258 14.624032021310349 
259 15.36994393345304 
260 27.85062416998672 
261 36.06514299472046 
262 20.08900979950763 
263 12.174765172361745 
264 12.39880218633511 
265 12.807856381630577 
266 20.251478675685984 
267 28.89614263766698 
268 11.588972209481602 
269 18.75538384488803 
270 10.176446896578497 
271 11.028993052816476 
272 9.061986060158238 
273 11.028993052816476 
274 9.061986060158238 
275 19.274851221249513 
276 9.449908301528007 
277 19.585182833155116 
278 19.074295225405084 
279 10.790955190165866 
280 15.168505030486703 
281 14.194210373137864 
282 30.794505260530237 
283 9.190235479976424 
284 14.180869047780046 
285 17.871068351668953 
286 18.238245359237823 
287 21.726291361912853 
288 11.682549585959674 
289 17.724333484053904 
290 12.524722140933225 
291 17.0123263501592 
292 13.54045215504857 
293 19.922027586731012 
294 4.364447626262206 
295 20.946175128095007 
296 17.712956041774884 
297 11.199653941356946 
298 17.463896406711914 
299 23.114716515298475 
300 21.33528663716364 
301 9.586914832584005 
302 10.115043650219457 
303 12.78813600663447 
304 11.067203187461246 
305 15.005434335411904 
306 24.780536222807786 
307 11.564336780693314 
308 8.012225686166635 
309 9.99045806526912 
310 21.65987069054554 
311 13.155092759577839 
312 11.531778828044882 
313 10.695580551468431 
314 7.8735960803822005 
315 22.475827108362715 
316 8.455542071034307 
317 18.81461278977966 
318 8.202621754342049 
319 11.101681277262525 
320 16.280782383560474 
321 17.21319171988115 
322 22.36592350064789 
323 9.577742154995638 
324 13.541413900090076 
325 9.211751709233706 
326 18.906291272814148 
327 10.376854907743235 
328 15.382514202305376 
329 18.200889583197725 
330 21.373447683691825 
331 11.683753683987677 
332 11.437440860390982 
333 9.922696582430008 
334 18.850126737016197 
335 15.815327765313626 
336 13.773447479812559 
337 22.65219997731704 
338 15.388044862034935 
339 9.260482419826682 
340 23.191016205994725 
341 12.766960502605562 
342 10.125226014682204 
343 8.050812028891759 
344 14.7366083663015 
345 23.097150786920274 
346 18.397764706398398 
347 11.49990814997601 
348 9.134235656652548 
349 7.615871240458154 
350 15.962125998036276 
351 10.763070511734849 
352 19.732886701732266 
353 5.56590420809718 
354 18.994909696936762 
355 15.17360837273579 
356 12.155112804833871 
357 11.95868081988293 
358 8.790878604963112 
359 28.134585457472497 
360 19.557329503595042 
361 15.486794347766688 
362 11.413103164906572 
363 21.418087116376448 
364 15.847356509451428 
365 12.908609116621477 
366 14.20065005417118 
367 27.375283098913293 
368 11.316077161742884 
369 9.326043211537307 
370 14.456835995395105 
371 24.88211808954303 
372 8.216231463887638 
373 15.180747834710505 
374 24.440194621682252 
375 15.140470569549429 
376 17.13205512576484 
377 8.981725205682446 
378 19.200732449815742 
379 16.602754258254265 
380 9.27549359564079 
381 9.383881208763919 
382 7.810985613855394 
383 14.477594836215525 
384 13.88686041968785 
385 13.548237467819616 
386 13.726298978620074 
387 21.073409937045614 
388 12.034200589902792 
389 16.555177953290467 
390 10.97029029667855 
391 14.073381628085668 
392 12.327740107514556 
393 16.30483239582807 
394 20.354869236480813 
395 11.767407149710746 
396 9.116684671212361 
397 13.354721414720968 
398 12.305244165407577 
399 9.877433560587328 
400 13.430411240509896 
401 10.878755025288548 
402 18.685698502223055 
403 21.370398487774306 
404 8.273817062080692 
405 18.051508056741497 
406 9.066511029689915 
407 7.489306994691441 
408 22.655014097592066 
409 13.637573767293654 
410 7.57381678975785 
411 21.075104136832532 
412 18.737704551851074 
413 12.085555148955052 
414 21.772983523500038 
415 8.82667592621821 
416 13.714181083387556 
417 9.82408342136267 
418 9.956662931803939 
419 11.946656944452357 
420 14.692883540889426 
421 19.62128151270332 
422 13.942161177518647 
423 21.327258674693894 
424 10.997991451870886 
425 13.946287078507849 
426 20.501221968052867 
427 13.137827560500417 
428 21.460826852230863 
429 10.594967628834208 
430 16.701657700562656 
431 29.63586004182918 
432 19.84360925021763 
433 24.819541753455784 
434 17.129466345937868 
435 15.245417437545207 
436 18.50645958348041 
437 17.462660343815443 
438 10.513331211101113 
439 14.159900070895649 
440 12.369184854892316 
441 16.964298281447807 
442 12.111554521146038 
443 18.720476324375472 
444 12.752016490682946 
445 20.354671674892387 
446 19.17667875218888 
447 12.767038225285061 
448 9.435792220647455 
449 12.69281912076672 
450 24.243971237659245 
451 15.354976643383267 
452 14.787212139160356 
453 10.570216026048124 
454 12.509294800101403 
455 14.027678744623781 
456 21.697855720234863 
457 13.425854259694948 
458 4.313685238989021 
459 11.327078776094412 
460 14.356532364890999 
461 5.846436914910818 
462 20.050787823160473 
463 12.009150802126788 
464 18.18479160976202 
465 17.512166608213505 
466 10.877795759160131 
467 7.936993093007853 
468 23.39096440302711 
469 16.108766620323074 
470 11.14673342528589 
471 27.953267976034176 
472 21.31858658967999 
473 5.326648201275305 
474 11.607413372741437 
475 20.349240233654836 
476 19.469451794086247 
477 9.019640057718071 
478 7.8171581079897345 
479 13.92693042020155 
480 12.128049503375887 
481 10.565689440618277 
482 16.14752703571525 
483 23.97430122892255 
484 11.957248948756325 
485 22.337336436403916 
486 13.340194840511305 
487 15.256841255233473 
488 15.477307866876755 
489 15.63446191006922 
490 10.74966425752217 
491 9.489933797010684 
492 16.24037419075055 
493 10.566674308517472 
494 8.709482763990955 
495 8.997736784861559 
496 14.045482096154684 
497 18.105195909575546 
498 14.560522113448586 
499 5.7844570189725815 
500 10.626615792327298 
501 16.299319939377455 
502 18.131728657640366 
503 21.70369412117794 
504 16.07592006316451 
505 24.2523822740309 
506 21.315444700238345 
507 14.417181119467628 
508 11.9380881088866 
509 11.603206834164181 
510 11.338776128118344 
511 12.539512746384762 
512 13.167730410731833 
513 8.781510335427706 
514 8.837835161246142 
515 10.57535973535782 
516 21.177577832308362 
517 12.532805842242714 
518 10.446663362366344 
519 30.799480103685536 
