0 1.4123795103610677 
1 2.2358764537567017 
2 4.078102980996095 
3 1.923266798080523 
4 1.8894902209192042 
5 2.1717994378010004 
6 2.436473288002367 
7 2.0291144116992172 
8 2.5027177221822052 
9 2.468320638856466 
10 2.708468141782142 
11 2.704511669474728 
12 1.9236124192327269 
13 1.9268353024137144 
14 2.261402881277099 
15 2.2596744498961345 
16 3.092777942919587 
17 1.9124097726057299 
18 2.8634689453602187 
19 4.114793169090298 
20 1.9713187985537108 
21 2.4366142246895874 
22 3.2037592337531215 
23 4.964620816074046 
24 2.1235409072711624 
25 2.4429497894478156 
26 1.623685697053928 
27 2.2574742289292864 
28 3.0330839295311423 
29 2.6607615769130515 
30 2.645885235302956 
31 2.581467770714192 
32 2.0862737851806568 
33 1.9327781403510154 
34 3.391535051574338 
35 2.672508603955788 
36 6.830385242294914 
37 3.7123895107384848 
38 1.60685980465937 
39 2.5246491624448177 
40 2.6042248644440837 
41 3.8962682202691417 
42 2.7511577383613104 
43 4.588467202034486 
44 1.2228893601020228 
45 1.5545491711492132 
46 1.920332541413195 
47 1.5172465576071934 
48 2.517729882043228 
49 3.1194950994709254 
50 3.5710394461762016 
51 3.9560847928855005 
52 2.220699701205615 
53 3.3990856165434042 
54 1.382865057098666 
55 3.022677220248083 
56 3.234832491053964 
57 2.939821203917333 
58 3.836496881615503 
59 3.206433870381616 
60 3.829495952520537 
61 2.6198604648000714 
62 2.9063625196810645 
63 3.847930196128238 
64 3.126557570913879 
65 2.652051539748899 
66 3.5481222908651744 
67 2.3260102608529976 
68 2.528028595240884 
69 2.235253730404107 
70 1.8233988908681817 
71 1.520334871326904 
72 1.0185450453490463 
73 2.792736199757088 
74 2.4136996244894418 
75 2.9998056383257063 
76 2.3859110330555886 
77 0.9759256228053732 
78 3.7319755829043766 
79 2.7988926634081404 
80 5.7714432525105215 
81 1.3296656970161689 
82 5.26559402199689 
83 3.9790213565599672 
84 1.5778423675750628 
85 1.560698021927438 
86 3.400416375027472 
87 3.808244787504389 
88 3.51683643870048 
89 2.5583012113917007 
90 1.6763554752279926 
91 1.5190383942662813 
92 7.071372322247763 
93 3.2063104441501022 
94 2.018764500307354 
95 3.065337812726107 
96 2.018764500307354 
97 1.89215022480222 
98 3.469511715201586 
99 2.7399906304018113 
100 3.4586404113611655 
101 2.3827211050585095 
102 2.8719717380810343 
103 3.622492191162434 
104 3.1773581958206676 
105 4.119799841772969 
106 3.109019257541242 
107 4.747523875790266 
108 1.4137276597030457 
109 1.438802205733522 
110 2.7437285801259916 
111 3.18205761611885 
112 3.2143076679874976 
113 2.5785150608574225 
114 2.150947836863191 
115 1.2492825572717403 
116 2.8196624943765087 
117 4.328851949523524 
118 3.7885375854835233 
119 1.9037444060387556 
120 5.222623844128639 
121 2.6401506509750883 
122 2.9236744048058303 
123 4.4140492209793845 
124 1.915344776933432 
125 2.634378922432249 
126 2.9344261517599315 
127 2.6159591269603437 
128 2.2087534142351384 
129 1.7646104057687793 
130 1.0365611134378314 
131 3.2311194753504946 
132 1.3026767342952534 
133 2.483429029920777 
134 2.082058848582048 
135 1.9702199559670566 
136 3.0709534955340043 
137 1.6300925803230153 
138 1.3157227333439574 
139 2.3266402884912702 
140 2.3687012061547623 
141 3.6678883480478306 
142 1.7602615259697134 
143 2.026408689714517 
144 1.8573321288689184 
145 1.8104453474766664 
146 4.016941994053124 
147 1.8621820106686484 
148 1.6218287381552805 
149 3.5195741872776463 
150 3.5146342753341355 
151 5.297233556995347 
152 2.055237848739094 
153 2.756018801448072 
154 1.630800041721305 
155 5.187494961487243 
156 1.8203483708542723 
157 2.918664181657394 
158 3.0046511068633914 
159 1.468583118396668 
160 2.50245891706611 
161 2.424847471042038 
162 2.149039141868891 
163 2.900391864343309 
164 2.440759605825268 
165 3.7122821969252136 
166 2.2780310891152276 
167 2.044255227134985 
168 2.2019407209914634 
169 2.2796873158476085 
170 2.1055711239190504 
171 3.121436143978384 
172 3.298368743673892 
173 3.0093479129952314 
174 3.144730498272228 
175 2.9148335273108517 
176 5.074798523331411 
177 2.268915998264216 
178 2.7521483674574663 
179 2.243043054968072 
180 2.1253803635728588 
181 3.0241791793981734 
182 2.528327253886463 
183 3.139752588670741 
184 3.10938248292419 
185 3.0080391527180717 
186 1.1113237609460507 
187 4.514956055879942 
188 3.2751817466995408 
189 1.6427989155194787 
190 4.8591529624055 
191 3.53471427118445 
192 2.508678741710368 
193 1.4413240107376448 
194 3.7473517787355517 
195 1.0822178430869003 
196 3.4602945284016284 
197 2.441670688707159 
198 2.992846578698568 
199 3.131600826333712 
200 3.0252372323503436 
201 3.1200651337315017 
202 2.853988099549301 
203 2.2679077157258565 
204 2.0111498991183403 
205 1.5295918910886956 
206 1.7263407910583717 
207 4.05036788432745 
208 2.794850511185656 
209 2.4166361794941054 
210 3.334336110474247 
211 4.935749229473712 
212 2.8782155042676765 
213 3.905423220168718 
214 2.6106887829131074 
215 3.6271070023541414 
216 2.6828586998990724 
217 1.491273850364292 
218 3.612913737543826 
219 3.729277621251432 
220 1.2476770081457151 
221 3.5862046392029745 
222 2.200806480771088 
223 2.703966979278788 
224 3.488225593030532 
225 4.270469159761939 
226 2.199860148476384 
227 2.353028414751071 
228 2.2809672385533872 
229 2.9480538842240405 
230 4.090732711117676 
231 2.720560342050351 
232 2.848035285773527 
233 2.7224728097980044 
234 1.7939051509937196 
235 1.905872655734029 
236 1.6536993515362963 
237 2.0679927241797262 
238 2.321222191408414 
239 1.858152866197208 
240 3.762197340494077 
241 1.5047409619359184 
242 3.607210156296923 
243 2.675753078960024 
244 2.7120571447394077 
245 2.6800800583444784 
246 2.208561189954535 
247 3.5059790985504344 
248 2.9029428931305183 
249 3.0026834544948025 
250 2.9130567664237286 
251 2.958931251506915 
252 3.9715846968942863 
253 1.1916753532292406 
254 1.8425233310011098 
255 1.735360846589662 
256 4.5923613304024204 
257 1.381680417215279 
258 1.6379112981832822 
259 2.2871487652940687 
260 5.201471630885175 
261 3.5994144700334476 
262 2.6375317236484563 
263 3.0754007543214774 
264 3.0433000367448395 
265 3.3893999227182654 
266 3.328562472514728 
267 1.51491539086014 
268 1.7195667969893782 
269 1.5846935750302804 
270 3.812009414152814 
271 2.752139257616431 
272 1.829407999656071 
273 2.840575116505636 
274 3.779416213241849 
275 3.764228940742845 
276 5.666322788417752 
277 3.561100243203984 
278 6.055585248896598 
279 2.5237033589153315 
280 2.995169916982203 
281 2.817208219397438 
282 2.610636673775126 
283 2.983882877518195 
284 3.031831662471579 
285 2.490003985165776 
286 2.561870970000389 
287 3.734147540883319 
288 3.5758314493386494 
289 3.412306487111021 
290 3.4061181611571936 
291 2.5435160791429867 
292 3.00273807842499 
293 3.6388254442492483 
294 2.757809009969628 
295 3.2614254890785483 
296 2.67931225614601 
297 3.7555805156967903 
298 3.102642810276515 
299 2.159976512358945 
300 2.6309290148976423 
301 1.9885940893512928 
302 1.5120159658217354 
303 2.7143720888803244 
304 3.0373245608292656 
305 3.2244551991005834 
306 2.298802268347221 
307 2.287644811978344 
308 1.2889448338911151 
309 1.2119759057770119 
310 1.7991195735572865 
311 4.4190279045170975 
312 3.032730045169545 
313 1.049559087865001 
314 3.4517426615778057 
315 3.164451084663502 
316 2.3793833088736784 
317 4.320410249170736 
318 2.4409221089765207 
319 1.6821742802583264 
