0 0 
1 0 
2 3 
3 3 
4 3 
5 2 
6 3 
7 2 
8 2 
9 2 
10 1 
11 3 
12 1 
13 3 
14 1 
15 0 
16 1 
17 0 
18 1 
19 3 
20 1 
21 3 
22 3 
23 2 
24 3 
25 2 
26 3 
27 2 
28 2 
29 3 
30 2 
31 3 
32 2 
33 3 
34 4 
35 2 
36 4 
37 2 
38 0 
39 2 
40 0 
41 2 
42 0 
43 2 
44 0 
45 2 
46 0 
47 0 
48 0 
49 4 
50 0 
51 4 
52 0 
53 4 
54 1 
55 4 
56 4 
57 2 
58 4 
59 2 
60 2 
61 2 
62 2 
63 2 
64 2 
65 2 
66 2 
67 2 
68 2 
69 2 
70 4 
71 4 
72 4 
73 4 
74 0 
75 0 
76 2 
77 0 
78 2 
79 4 
80 2 
81 4 
82 2 
83 4 
84 2 
85 2 
86 2 
87 2 
88 2 
89 2 
90 2 
91 2 
92 4 
93 0 
94 0 
95 4 
96 0 
97 0 
98 0 
99 0 
100 0 
101 0 
102 0 
103 0 
104 2 
105 0 
106 2 
107 0 
108 2 
109 0 
110 0 
111 4 
112 0 
113 2 
114 0 
115 4 
116 0 
117 0 
118 0 
119 0 
120 0 
121 4 
122 0 
123 4 
124 0 
125 2 
126 0 
127 4 
128 0 
129 4 
130 0 
131 4 
132 0 
133 4 
134 0 
135 0 
136 0 
137 0 
138 0 
139 1 
140 4 
141 4 
142 4 
143 0 
144 4 
145 0 
146 4 
147 4 
148 4 
149 4 
150 4 
151 4 
152 0 
153 4 
154 0 
155 4 
156 4 
157 4 
158 2 
159 4 
160 2 
161 0 
162 2 
163 0 
164 2 
165 0 
166 4 
167 0 
168 4 
169 0 
170 4 
171 0 
172 4 
173 0 
174 2 
175 0 
176 2 
177 0 
178 2 
179 0 
180 2 
181 0 
182 0 
183 0 
184 0 
185 0 
186 0 
187 0 
188 4 
189 0 
190 4 
191 0 
192 4 
193 0 
194 2 
195 4 
196 4 
197 4 
198 4 
199 4 
200 4 
201 4 
202 4 
203 4 
204 4 
205 4 
206 4 
207 4 
208 4 
209 4 
210 2 
211 4 
212 2 
213 4 
214 2 
215 4 
216 2 
217 4 
218 2 
219 4 
220 2 
221 4 
222 0 
223 4 
224 2 
225 4 
226 2 
227 0 
228 2 
229 2 
230 4 
231 2 
232 0 
233 4 
234 0 
235 4 
236 0 
237 0 
238 1 
239 0 
240 4 
241 4 
242 2 
243 2 
244 2 
245 2 
246 2 
247 2 
248 4 
249 2 
250 4 
251 2 
252 4 
253 0 
254 4 
255 0 
256 0 
257 4 
258 0 
259 4 
260 0 
261 4 
262 0 
263 4 
264 0 
265 0 
266 0 
267 0 
268 2 
269 4 
270 2 
271 4 
272 2 
273 4 
274 4 
275 4 
276 4 
277 2 
278 4 
279 2 
280 4 
281 4 
282 2 
283 2 
284 2 
285 4 
286 2 
287 2 
288 2 
289 2 
290 2 
291 2 
292 2 
293 2 
294 2 
295 2 
296 2 
297 2 
298 0 
299 2 
300 0 
301 2 
302 0 
303 2 
304 0 
305 4 
306 0 
307 0 
308 0 
309 0 
310 0 
311 0 
312 4 
313 0 
314 4 
315 1 
316 0 
317 1 
318 4 
319 1 
