0 17.584410793043887 
1 15.711357506742583 
2 10.228712455981192 
3 9.701895364060714 
4 19.708685947889013 
5 14.08004296888113 
6 14.155646829722679 
7 9.52207808718631 
8 10.971839938892797 
9 9.10060275732183 
10 21.199735148877668 
11 22.531729617353655 
12 14.435490698834988 
13 15.476850980609214 
14 9.581264662681235 
15 7.858946445367979 
16 15.42602005163701 
17 19.068831948207823 
18 13.328198186174506 
19 13.464601002869928 
20 8.553694299989804 
21 23.45322276710077 
22 17.047382924588884 
23 20.01032408268808 
24 12.320751058967295 
25 11.861384010633184 
26 21.017969713065877 
27 18.13502131596925 
28 21.047290244881573 
29 19.091833529821432 
30 22.419602099614075 
31 19.99001048517777 
32 11.23309801064844 
33 18.917803276322438 
34 11.547430786511905 
35 17.828225552787956 
36 17.967528851343825 
37 18.186841728708757 
38 16.04375949110466 
39 24.86102779918203 
40 19.752494784381874 
41 15.855623726519765 
42 10.200999109848578 
43 13.859694804808576 
44 14.307803566799024 
45 18.715130313725666 
46 6.550560130689352 
47 15.124637597542154 
48 25.49868381856758 
49 10.855807332444709 
50 10.230134513835534 
51 7.365586903762605 
52 18.891984775803436 
53 12.152541881798005 
54 9.14862049936418 
55 11.572696596041729 
56 17.143118726089657 
57 10.100671884406983 
58 15.01677001732854 
59 22.602395874310904 
60 10.610835220157607 
61 14.366219567332063 
62 8.995614044494392 
63 13.335147680666392 
64 27.50687950053121 
65 20.320354248119028 
66 16.78372808649756 
67 18.203417341903453 
68 13.163804358742594 
69 12.392281533175167 
70 19.478041191631643 
71 28.823067778090834 
72 13.889803622876444 
73 13.409629039941429 
74 22.798723711889373 
75 16.863015020423916 
76 21.735185751374544 
77 14.700092876544291 
78 19.132067381596414 
79 17.21983462931183 
80 24.40563721211698 
81 13.31782980196165 
82 10.802461154909047 
83 17.505077106070406 
84 14.68465295404814 
85 10.646036073080223 
86 19.851968250512357 
87 27.947866414350063 
88 23.29793533264085 
89 41.28292601305131 
90 13.007408785722038 
91 7.6857887349236425 
92 18.067993452227103 
93 17.664764423704614 
94 11.870649300661697 
95 14.336364009242422 
96 10.31392992740936 
97 11.500791067653422 
98 12.719956814721813 
99 23.58019721825562 
100 21.98157329280436 
101 15.327761556199546 
102 11.113830336914903 
103 18.120448614927334 
104 23.896172559565183 
105 14.952955436720142 
106 14.301802769452145 
107 10.980658268145309 
108 8.828106451585745 
109 8.005374702253711 
110 33.14371508269524 
111 23.565756280094167 
112 12.961584696920534 
113 21.780558858810515 
114 19.78034747505235 
115 9.386905388015442 
116 10.513120395830148 
117 14.631020818217335 
118 15.877471447985554 
119 15.92267773150556 
120 17.88249739925303 
121 19.67115809418397 
122 9.650353061360661 
123 9.002333053595843 
124 17.88249739925303 
125 19.67115809418397 
126 9.650353061360661 
127 13.587606823762659 
128 5.422850863016356 
129 9.002333053595843 
130 8.831824269121599 
131 12.791997194138188 
132 21.261958351075695 
133 14.190848682518846 
134 20.529619930985536 
135 25.96095616543494 
136 20.529619930985536 
137 25.96095616543494 
138 10.05423234763932 
139 22.593386230560807 
140 20.74129166254574 
141 7.250810773432908 
142 13.258177496238416 
143 13.039557296524281 
144 9.845067612450737 
145 8.872552503765379 
146 17.992578706464247 
147 18.1611697820731 
148 14.328381051286694 
149 8.825802976230557 
150 12.40371552185575 
151 13.97807793696657 
152 10.655448009552117 
153 17.419363412851354 
154 14.49971652585146 
155 8.308727890064915 
156 21.928134884328845 
157 13.066164078441146 
158 26.58998351718017 
159 15.09589553850362 
160 14.165208258048828 
161 8.611490599701474 
162 17.85182442296479 
163 14.688612772633673 
164 18.108400756404833 
165 20.695544908643242 
166 27.03525802168336 
167 13.991460290350128 
168 16.26726963158895 
169 16.274086346511258 
170 15.245362023844141 
171 16.225233554476702 
172 15.075223290502292 
173 11.787944791224604 
174 11.531842239115791 
175 16.24188351920694 
176 12.018579595111538 
177 16.980987854251012 
178 26.2209552388097 
179 15.33213190380278 
180 22.277067543379772 
181 13.421300370226968 
182 14.798846945004076 
183 16.070992313763956 
184 17.50873077163908 
185 11.072140564284508 
186 12.027574815613495 
187 15.174267118653878 
188 24.722548701777136 
189 14.878800133381578 
190 16.915176176898786 
191 16.5782111533156 
192 16.124806335659226 
193 15.960546744193126 
194 24.51375803623612 
195 13.455012061797465 
196 14.387804526650156 
197 16.95483484988742 
198 15.455521613684184 
199 20.165407822303422 
200 19.012733165612747 
201 20.017773196073097 
