0 1 
1 1 
2 2 
3 2 
4 2 
5 2 
6 2 
7 1 
8 4 
9 1 
10 2 
11 1 
12 2 
13 1 
14 2 
15 5 
16 1 
17 2 
18 2 
19 2 
20 1 
21 2 
22 5 
23 5 
24 1 
25 1 
26 4 
27 3 
28 4 
29 0 
30 1 
31 0 
32 1 
33 3 
34 2 
35 0 
36 0 
37 2 
38 2 
39 2 
40 2 
41 2 
42 2 
43 0 
44 2 
45 2 
46 0 
47 4 
48 0 
49 1 
50 0 
51 1 
52 3 
53 1 
54 0 
55 4 
56 2 
57 2 
58 2 
59 2 
60 2 
61 2 
62 2 
63 2 
64 2 
65 2 
66 2 
67 2 
68 2 
69 2 
70 2 
71 2 
72 2 
73 2 
74 2 
75 2 
76 2 
77 2 
78 2 
79 2 
80 2 
81 2 
82 2 
83 2 
84 2 
85 3 
86 2 
87 1 
88 5 
89 1 
90 5 
91 2 
92 5 
93 2 
94 0 
95 2 
96 5 
97 5 
98 1 
99 5 
100 1 
101 0 
102 1 
103 0 
104 1 
105 2 
106 1 
107 2 
108 1 
109 2 
110 4 
111 2 
112 0 
113 2 
114 0 
115 1 
116 2 
117 2 
118 2 
119 2 
120 2 
121 2 
122 2 
123 2 
124 2 
125 2 
126 5 
127 2 
128 0 
129 2 
130 2 
131 2 
132 2 
133 2 
134 2 
135 2 
136 4 
137 2 
138 2 
139 2 
140 0 
141 0 
142 0 
143 0 
144 0 
145 0 
146 0 
147 2 
148 0 
149 2 
150 0 
151 2 
152 0 
153 2 
154 0 
155 2 
156 0 
157 2 
158 0 
159 5 
160 2 
161 2 
162 2 
163 2 
164 2 
165 2 
166 2 
167 2 
168 2 
169 2 
170 0 
171 2 
172 3 
173 2 
174 1 
175 1 
176 2 
177 2 
178 4 
179 2 
180 2 
181 2 
182 2 
183 2 
184 2 
185 2 
186 2 
187 2 
188 0 
189 2 
190 0 
191 2 
192 0 
193 2 
194 2 
195 2 
196 2 
197 2 
198 2 
199 2 
200 2 
201 2 
202 2 
203 2 
204 2 
205 2 
206 2 
207 4 
208 2 
209 0 
210 2 
211 0 
212 2 
213 0 
214 2 
215 0 
216 2 
217 4 
218 2 
219 1 
220 2 
221 1 
222 2 
223 1 
224 2 
225 2 
226 2 
227 2 
228 2 
229 2 
230 2 
231 4 
232 2 
233 1 
234 2 
235 1 
236 5 
237 3 
238 5 
239 1 
