0 3.23069836730557 
1 2.619682906157478 
2 3.094259185035342 
3 3.0621373917135832 
4 2.813938123547786 
5 3.096465145478841 
6 3.326989096226242 
7 3.6455616986636676 
8 2.248780426112347 
9 2.8209812623326203 
10 3.790990363781071 
11 3.905549505787321 
12 3.7236054030697834 
13 3.9280124053267538 
14 3.0789546238637038 
15 3.5604474147165415 
16 2.9984075172968745 
17 3.416810996656194 
18 3.4186592753217897 
19 3.8457253173289705 
20 3.7959134327245208 
21 3.87093836975305 
22 3.385729068536676 
23 3.576779763616431 
24 3.3929882735120156 
25 3.3939050204112604 
26 3.4972931160128304 
27 3.393692081545165 
28 2.872137374036726 
29 2.9747657057556083 
30 3.281215388301554 
31 3.4261117669949077 
32 3.8628416307179467 
33 3.8516104525123454 
34 3.664187419040781 
35 4.103561347266019 
36 3.86351030840431 
37 4.056072212774763 
38 3.533220889525804 
39 3.6199308162993904 
40 3.9470243350414167 
41 4.32142948891493 
42 3.799934659195538 
43 4.85 
44 3.90696035637589 
45 4.85 
46 3.6122348374958166 
47 4.233245503779759 
48 3.4046968010560628 
49 4.0097517807444865 
50 3.8015505811094465 
51 4.85 
52 3.5385426045904405 
53 4.85 
54 3.082184875647211 
55 3.78844655300166 
56 3.0297921112763553 
57 3.9746382927347237 
58 3.410581826569214 
59 4.45462004826888 
60 3.1727816220081952 
61 4.5786936595899475 
62 3.734809623385246 
63 4.85 
64 3.963291152688671 
65 4.85 
66 3.53168283612025 
67 4.815051064257074 
68 3.4137723354012692 
69 4.474343533774455 
70 3.711306072952061 
71 4.84301867407904 
72 3.085164186460499 
73 3.592320235880547 
74 3.375539949059745 
75 4.526495165002381 
76 3.7911910452142425 
77 4.85 
78 3.1169801141705262 
79 4.8744823150259515 
80 3.5828113535605493 
81 4.85 
82 2.82309856585671 
83 3.3870238415523493 
84 4.959124745424776 
85 4.0106888026528935 
86 3.7912626854914317 
87 4.24976543622921 
88 2.8497580997997343 
89 3.1535955948765793 
90 3.453651021665392 
91 3.743612357158721 
92 2.3206483042986834 
93 2.9304550739893034 
94 3.1056466657370727 
95 3.1822053447773264 
96 4.310643745840556 
97 4.693055894520372 
98 3.7104546564157657 
99 4.163592673461473 
100 3.4550785087276226 
101 4.1588531272288165 
102 4.85 
103 4.422041814388996 
104 3.8503430322751 
105 4.85 
106 3.892588041058299 
107 3.9734239854174898 
108 4.303823076131326 
109 3.703200498725557 
110 4.85 
111 4.228638452405377 
112 4.85 
113 4.379749517919019 
114 3.7038233522115633 
115 4.109655958076776 
116 4.157885873481723 
117 4.218447754905803 
118 4.85 
119 4.85 
120 4.85 
121 4.85 
122 4.85 
123 3.684516740310808 
124 4.85 
125 4.721564565004414 
126 3.832824811265744 
127 3.874383443333305 
128 3.854197168900641 
129 4.073580392111008 
130 4.85 
131 3.6963038406292217 
132 4.85 
133 4.3343780680436925 
134 4.85 
135 4.85 
136 4.112339572506335 
137 4.915960869499441 
138 4.852317932405297 
139 4.85 
140 4.85 
141 4.85 
142 4.85 
143 4.85 
144 3.555116101651629 
145 3.6421421996532337 
146 4.85 
147 4.85 
148 3.9600920280006093 
149 4.85 
150 4.85 
151 4.174050578097518 
152 4.404071503509976 
153 4.88042914513563 
154 4.85 
155 4.85 
156 4.503822162060715 
157 4.85 
158 4.7502111822058435 
159 4.85 
160 3.071600866185578 
161 3.029548324576961 
162 4.85 
163 4.85 
164 4.89302332244416 
165 4.192138899516815 
166 4.0880238611916155 
167 4.57244985836092 
168 3.3906456314524336 
169 3.975549000266212 
170 3.5689329793129003 
171 4.85 
172 4.066611156518495 
173 3.874184663648281 
174 4.2152944933706475 
175 4.85 
176 4.286665799504404 
177 4.85 
178 3.808727324620725 
179 4.663135005845422 
180 3.514296857271731 
181 4.62898357937956 
182 3.552944823588489 
183 3.8303242753901783 
184 3.7494116760850065 
185 4.85 
186 3.690769548501622 
187 4.85 
188 3.6802307878516114 
189 4.85 
190 3.539449088401885 
191 4.14844622394544 
192 3.485689235420696 
193 4.610014961681956 
194 3.473089741841934 
195 4.505015780210011 
196 4.0401730165894225 
197 4.85 
198 3.8234324005741933 
199 4.85 
200 3.625081245524729 
201 4.443035669227015 
202 3.5146373439624976 
203 4.654937366081749 
204 3.6061651572099773 
205 3.6365083646075034 
206 3.4924459278320965 
207 4.043892697833909 
208 3.913943492995567 
209 4.85 
210 3.4691039810954862 
211 4.85 
212 4.186999729431267 
213 4.85 
214 4.124071646302419 
215 4.85 
216 3.923756151982487 
217 4.85 
218 4.0673388664338015 
219 4.85 
220 4.4668299776348785 
221 4.85 
222 4.386369249868783 
223 4.85 
224 3.8951824658677707 
225 4.85 
226 3.757832765602818 
227 4.469142369184959 
228 3.8454697374565145 
229 4.766462066901866 
230 4.025967648357927 
231 4.85 
232 4.0803526868768305 
233 4.437994330637672 
234 3.908460872817213 
235 4.85 
236 3.1456882386363105 
237 3.4249749464069343 
238 4.101677459724134 
239 4.85 
240 3.13698097689041 
241 3.2186121980016367 
242 3.9619326317881427 
243 4.044295112268598 
244 4.299404654454644 
245 4.267329853954269 
246 3.9049599054282793 
247 3.992741710426561 
248 3.3533561140595247 
249 3.3635620672754323 
250 4.232558584065734 
251 4.484834253668529 
252 3.907548467746283 
253 3.7945130489676497 
254 4.058920104117823 
255 4.086211355409702 
256 3.22027542785401 
257 3.281326908360799 
258 3.8136054727324056 
259 3.7286718208891667 
260 3.2786079307598044 
261 3.231711933302979 
262 4.320461205269363 
263 4.3304534875741885 
264 2.9889130500151033 
265 2.8994551463782865 
266 3.809191180542332 
267 4.089143977153401 
268 3.8712291076080283 
269 3.9205579886001263 
270 4.016959473442041 
271 4.0854886427827415 
272 4.081890413712354 
273 4.102006867823059 
274 4.206835684540775 
275 4.157959304455317 
276 4.347883456243232 
277 4.26231878657208 
278 3.7114567282564335 
279 3.907743195859164 
280 4.025277395097666 
281 4.118588977415585 
282 4.489393354958367 
283 4.243111981072437 
284 4.217129925495293 
285 3.9100157419833 
286 3.3869286563487107 
287 3.432499651934533 
288 3.9551532720239218 
289 3.8257402031739667 
290 3.6485033813336862 
291 3.6238424156536424 
292 2.9310620984530096 
293 2.8528205167901244 
294 3.939138368647839 
295 4.05126548145358 
296 3.815992183514777 
297 3.7731945308558847 
298 3.7151356229952013 
299 3.7956027143866216 
300 3.4970355148696632 
301 3.6889493602119368 
302 3.9777972237048544 
303 3.802191080759309 
304 3.623030161968255 
305 3.648595280888886 
306 3.9074975463803887 
307 3.7267754539491156 
308 3.9825749377265485 
309 4.003482292940548 
310 3.451988183665956 
311 3.761924567121304 
312 4.4575704823190465 
313 4.322575267915135 
314 3.8069874000860477 
315 3.7516572067947953 
316 3.904872065205463 
317 3.704533100240092 
318 3.4138578038297807 
319 3.3946680379153356 
320 4.10359951996015 
321 4.337897475016063 
322 4.450906796317371 
323 4.436509445483261 
324 3.132803784285258 
325 3.306996615500782 
326 4.084956842127159 
327 3.990651053142141 
328 3.5561684541407272 
329 3.5226347507455142 
330 3.450152432797685 
331 3.4724509051799863 
332 3.984388479294218 
333 3.9063682825006456 
334 3.99351464582485 
335 4.284565513437293 
336 3.2467830602866017 
337 3.4736975401716137 
338 3.5985111681610022 
339 3.5655837849756487 
340 3.70502859942794 
341 3.764613688171213 
342 3.3878208246814028 
343 3.3789994541604873 
344 4.068472325728107 
345 4.0087219263571265 
346 3.8525679236014434 
347 3.64280010176428 
348 3.786630617527264 
349 3.75924268263154 
350 3.9747007067475946 
351 4.0157441646236 
352 4.274323022759943 
353 4.273668024731049 
354 3.178715390664836 
355 3.215246600727648 
356 3.5756055612451965 
357 3.398376724775985 
358 3.5209039153247814 
359 3.0220644691778165 
360 4.116284091418555 
361 4.142780851924998 
362 3.222146296255148 
363 3.5733135929962976 
364 3.7429915896658903 
365 3.6624792772137758 
366 4.152262612839615 
367 3.971541421695842 
368 3.6413128111170283 
369 3.6250006715759038 
370 4.038127091568506 
371 4.10434642777675 
372 3.870232587246459 
373 3.886903562275022 
374 3.9263727980141 
375 3.958226759841649 
376 3.97227301027045 
377 4.076697387088399 
378 4.372512244053188 
379 4.447817391337467 
380 3.527439622821742 
381 3.614580916735829 
382 3.0797859426946737 
383 3.092560630004259 
384 3.836573748347703 
385 3.7455757338275815 
386 3.544485997952955 
387 3.4851849204343885 
388 3.869534438155116 
389 3.6411060612035793 
390 4.159800494749562 
391 4.003019497866242 
392 3.048633546771616 
393 3.063782619706692 
394 4.226329463603278 
395 4.236861788546141 
396 3.7218237048365483 
397 3.6131790344973074 
398 3.246535174246813 
399 3.210273244940154 
400 3.802088770550662 
401 4.10566220565095 
402 4.137045323655287 
403 4.026247953307368 
404 3.264545369067509 
405 3.472570273592163 
406 3.945367645390697 
407 4.264813934166085 
408 4.093904067849643 
409 4.096812020906333 
410 3.965043986367805 
411 4.088621622374684 
412 3.6594389948825286 
413 3.6392272352505097 
414 4.144151585611589 
415 4.17296708908433 
416 4.257108632986382 
417 4.395393144933394 
418 4.265917806376337 
419 4.007509744928225 
420 3.9205168280414093 
421 3.979946280282205 
422 3.302775875865264 
423 3.248484149249616 
424 3.125298743485568 
425 3.2116729312852352 
426 3.2683149822320834 
427 3.128567460289931 
428 3.6794145933723112 
429 3.4310541996261987 
430 4.044191669005028 
431 4.128217175327787 
432 3.2937181195377603 
433 3.2915436214030813 
434 3.7976245308701815 
435 3.7128334600859323 
436 3.1885606245059783 
437 3.23305770144409 
438 3.7710579743929187 
439 3.7743007561849002 
