0 1 
1 0 
2 1 
3 0 
4 1 
5 0 
6 2 
7 0 
8 2 
9 4 
10 2 
11 1 
12 2 
13 1 
14 2 
15 1 
16 2 
17 1 
18 2 
19 1 
20 2 
21 1 
22 2 
23 1 
24 2 
25 1 
26 2 
27 1 
28 2 
29 1 
30 3 
31 4 
32 3 
33 2 
34 1 
35 2 
36 1 
37 2 
38 1 
39 2 
40 1 
41 2 
42 1 
43 2 
44 1 
45 2 
46 1 
47 2 
48 1 
49 2 
50 1 
51 1 
52 1 
53 1 
54 1 
55 1 
56 2 
57 1 
58 2 
59 1 
60 2 
61 1 
62 2 
63 1 
64 2 
65 1 
66 2 
67 1 
68 2 
69 1 
70 2 
71 1 
72 2 
73 1 
74 2 
75 1 
76 2 
77 1 
78 1 
79 1 
80 1 
81 1 
82 1 
83 1 
84 1 
85 1 
86 1 
87 1 
88 1 
89 1 
90 1 
91 1 
92 1 
93 1 
94 1 
95 1 
96 1 
97 1 
98 1 
99 1 
100 1 
101 1 
102 1 
103 1 
104 1 
105 1 
106 1 
107 1 
108 1 
109 1 
110 1 
111 1 
112 1 
113 1 
114 1 
115 1 
116 1 
117 1 
118 1 
119 1 
120 1 
121 1 
122 1 
123 1 
124 1 
125 1 
126 1 
127 1 
128 1 
129 1 
130 1 
131 1 
132 1 
133 1 
134 1 
135 1 
136 2 
137 2 
138 2 
139 2 
140 2 
141 2 
142 2 
143 2 
144 2 
145 2 
146 1 
147 1 
148 1 
149 2 
150 1 
151 2 
152 1 
153 1 
154 1 
155 1 
156 1 
157 1 
158 1 
159 1 
160 1 
161 1 
162 1 
163 1 
164 1 
165 1 
166 2 
167 1 
168 2 
169 1 
170 2 
171 2 
172 2 
173 2 
174 2 
175 2 
176 2 
177 2 
178 2 
179 2 
180 2 
181 2 
182 2 
183 2 
184 2 
185 2 
186 2 
187 2 
188 2 
189 2 
190 2 
191 2 
192 2 
193 2 
194 2 
195 2 
196 2 
197 2 
198 2 
199 2 
200 2 
201 2 
202 2 
203 2 
204 2 
205 2 
206 2 
207 2 
208 2 
209 2 
210 2 
211 2 
212 2 
213 2 
214 2 
215 2 
216 2 
217 2 
218 2 
219 1 
220 2 
221 1 
222 2 
223 1 
224 2 
225 1 
226 2 
227 1 
228 2 
229 1 
230 2 
231 1 
232 2 
233 1 
234 2 
235 1 
236 2 
237 1 
238 2 
239 1 
240 2 
241 1 
242 2 
243 1 
244 2 
245 1 
246 2 
247 1 
248 3 
249 1 
250 3 
251 1 
252 3 
253 2 
254 1 
255 2 
256 1 
257 2 
258 1 
259 2 
260 2 
261 2 
262 1 
263 2 
264 1 
265 2 
266 1 
267 2 
268 2 
269 2 
270 2 
271 2 
272 2 
273 1 
274 2 
275 2 
276 2 
277 2 
278 2 
279 2 
280 2 
281 2 
282 2 
283 2 
284 2 
285 2 
286 2 
287 2 
288 2 
289 2 
290 1 
291 2 
292 1 
293 2 
294 1 
295 2 
296 1 
297 2 
298 2 
299 2 
300 2 
301 2 
302 2 
303 2 
304 2 
305 2 
306 2 
307 2 
308 2 
309 2 
310 1 
311 1 
312 1 
313 1 
314 1 
315 2 
316 2 
317 1 
318 2 
319 1 
320 2 
321 1 
322 2 
323 1 
324 2 
325 2 
326 2 
327 2 
328 2 
329 2 
330 2 
331 2 
332 1 
333 2 
334 1 
335 2 
336 2 
337 1 
338 2 
339 1 
340 1 
341 1 
342 2 
343 1 
344 1 
345 2 
346 2 
347 2 
348 2 
349 2 
350 2 
351 1 
