0 3 0 
1 3 1 
2 3 1 
3 3 1 
4 3 1 
5 2 1 
6 2 1 
7 2 2 
8 2 2 
9 2 2 
10 2 2 
11 2 2 
12 2 3 
13 2 3 
14 2 3 
15 2 2 
16 2 2 
17 2 2 
18 2 2 
19 1 2 
20 1 2 
21 1 1 
22 1 2 
23 2 2 
24 2 3 
25 2 2 
26 2 3 
27 2 2 
28 2 3 
29 3 2 
30 3 2 
31 3 2 
32 3 2 
33 3 3 
34 3 2 
35 2 3 
36 2 2 
37 3 3 
38 3 2 
39 3 2 
40 3 2 
41 3 2 
42 3 2 
43 2 2 
44 2 2 
45 3 2 
46 3 2 
47 3 2 
48 3 2 
49 3 2 
50 3 2 
51 3 2 
52 3 3 
53 2 2 
54 2 3 
55 2 2 
56 2 3 
57 2 1 
58 2 2 
59 2 2 
60 2 2 
61 3 2 
62 3 2 
63 3 2 
64 3 1 
65 3 2 
66 3 1 
67 3 2 
68 3 2 
69 2 2 
70 2 2 
71 2 2 
72 2 2 
73 2 2 
74 2 2 
75 2 2 
76 2 1 
77 2 2 
78 2 1 
79 3 2 
80 3 2 
81 3 2 
82 3 2 
83 3 2 
84 3 2 
85 3 3 
86 3 2 
87 2 3 
88 2 2 
89 2 3 
90 2 3 
91 2 3 
92 2 3 
93 2 3 
94 2 3 
95 2 3 
96 2 2 
97 2 3 
98 2 2 
99 2 2 
100 2 2 
101 2 2 
102 2 3 
103 2 2 
104 2 3 
105 2 2 
106 2 3 
107 2 3 
108 2 3 
109 2 3 
110 2 2 
111 3 3 
112 3 3 
113 3 3 
114 3 3 
115 2 3 
116 2 2 
117 2 2 
118 2 2 
119 2 2 
120 2 2 
121 1 2 
122 1 2 
123 2 2 
124 2 3 
125 3 3 
126 3 3 
127 2 3 
128 2 3 
129 3 3 
130 3 3 
131 2 3 
132 2 3 
133 2 2 
134 2 3 
135 2 2 
136 2 3 
137 2 2 
138 2 2 
139 2 2 
140 2 2 
141 2 2 
142 2 2 
143 3 3 
144 3 2 
145 3 3 
146 3 2 
147 3 3 
148 3 2 
149 2 3 
150 2 3 
151 2 3 
152 2 3 
153 3 2 
154 3 2 
155 3 2 
156 3 2 
157 2 2 
158 2 2 
159 2 2 
160 2 2 
161 2 2 
162 2 2 
163 2 2 
164 2 2 
165 2 2 
166 2 2 
167 2 3 
168 2 2 
169 2 3 
170 2 2 
171 2 3 
172 2 2 
173 2 3 
174 2 2 
175 2 3 
176 2 3 
177 2 3 
178 2 2 
179 2 3 
180 2 2 
181 3 2 
182 3 2 
183 3 2 
184 3 2 
185 3 2 
186 3 2 
187 3 3 
188 3 2 
189 2 3 
190 2 2 
191 1 2 
192 1 2 
193 1 1 
194 1 1 
195 2 1 
196 2 2 
197 2 2 
198 2 2 
199 2 2 
200 2 2 
201 3 3 
202 3 3 
203 3 3 
204 3 2 
205 2 3 
206 2 3 
207 3 3 
208 3 3 
209 3 3 
210 3 3 
211 3 3 
212 3 2 
213 3 2 
214 3 1 
215 3 3 
216 3 1 
217 3 3 
218 3 1 
219 2 2 
220 2 1 
221 2 2 
222 2 1 
223 1 2 
224 1 2 
225 1 2 
226 1 2 
227 1 2 
228 1 2 
229 2 2 
230 2 2 
231 2 2 
232 2 1 
233 3 2 
234 3 2 
235 3 2 
236 3 2 
237 2 2 
238 2 2 
239 2 2 
240 2 2 
241 2 2 
242 2 2 
243 2 2 
244 2 2 
245 2 2 
246 2 2 
247 2 2 
248 2 2 
249 2 2 
250 2 1 
251 2 3 
252 2 1 
253 2 3 
254 2 2 
255 2 3 
256 2 3 
257 2 3 
258 2 3 
259 2 3 
260 2 2 
261 2 3 
262 2 3 
263 2 3 
264 2 3 
265 2 2 
266 2 2 
267 2 2 
268 2 2 
269 2 2 
270 2 2 
271 2 2 
272 2 2 
273 2 3 
274 2 2 
275 3 3 
276 3 3 
277 2 3 
278 2 3 
279 2 2 
280 2 3 
281 3 2 
282 3 3 
283 2 2 
284 2 2 
285 3 2 
286 3 1 
287 3 3 
288 3 2 
289 3 3 
290 3 3 
291 3 3 
292 3 3 
293 3 3 
294 3 3 
295 2 3 
296 2 3 
297 2 3 
298 2 2 
299 2 3 
300 2 2 
301 2 3 
302 2 2 
303 2 2 
304 2 1 
305 2 2 
306 2 2 
307 1 2 
308 1 2 
309 1 2 
310 1 2 
311 2 2 
312 2 2 
313 2 2 
314 2 2 
315 2 2 
316 2 2 
317 2 3 
318 2 2 
319 1 3 
320 1 2 
321 2 3 
322 2 2 
323 2 3 
324 2 2 
325 2 3 
326 2 2 
327 2 2 
328 2 2 
329 1 2 
330 1 2 
331 1 2 
332 1 3 
333 2 3 
334 2 3 
335 2 2 
336 2 3 
337 2 2 
338 2 2 
339 2 2 
340 2 2 
341 2 2 
342 2 2 
343 2 2 
344 2 2 
345 2 2 
346 2 2 
347 2 3 
348 2 3 
349 1 3 
350 1 3 
351 1 3 
352 1 3 
353 2 2 
354 2 2 
355 3 2 
356 3 2 
357 3 2 
358 3 2 
359 3 2 
360 3 2 
361 2 1 
362 2 2 
363 1 2 
364 1 2 
365 2 2 
366 2 2 
367 2 2 
368 2 2 
369 3 2 
370 3 2 
371 2 2 
372 2 2 
373 1 2 
374 1 2 
375 1 2 
376 1 2 
377 1 2 
378 1 2 
379 2 2 
380 2 1 
381 2 2 
382 2 2 
383 3 2 
384 3 2 
385 3 2 
386 3 3 
387 3 2 
388 3 3 
389 2 2 
390 2 3 
391 2 3 
392 2 3 
393 2 3 
394 2 2 
395 2 3 
396 2 2 
397 2 2 
398 2 3 
399 2 2 
400 2 3 
401 2 3 
402 2 3 
403 2 3 
404 2 3 
405 2 3 
406 2 3 
407 2 3 
408 2 3 
409 2 3 
410 2 3 
411 2 3 
412 2 3 
413 2 3 
414 2 3 
415 2 2 
416 2 3 
417 2 3 
418 2 2 
419 2 3 
420 2 3 
421 2 3 
422 2 3 
423 2 2 
424 2 3 
425 2 2 
426 2 2 
427 2 2 
428 2 2 
429 2 3 
430 2 2 
431 2 3 
432 2 2 
433 2 3 
434 2 2 
435 2 3 
436 2 2 
437 2 3 
438 2 2 
439 2 3 
440 2 2 
441 2 3 
442 2 2 
443 2 3 
444 2 2 
445 2 2 
446 2 2 
447 2 3 
448 2 2 
449 2 3 
450 2 2 
451 2 3 
452 2 2 
453 2 3 
454 2 2 
455 2 3 
456 2 2 
457 2 3 
458 2 2 
459 2 3 
460 2 1 
461 2 3 
462 2 2 
463 2 2 
464 2 2 
465 2 2 
466 2 2 
467 2 2 
468 2 2 
469 2 2 
470 2 2 
471 2 3 
472 2 2 
473 2 3 
474 2 2 
475 2 3 
476 2 3 
477 2 3 
478 2 3 
479 2 3 
480 2 3 
481 2 3 
482 2 3 
483 3 3 
484 3 3 
485 3 3 
486 3 3 
487 3 3 
488 3 2 
489 3 3 
490 3 3 
491 2 3 
492 2 3 
493 2 3 
494 2 3 
495 2 3 
496 2 3 
497 1 3 
498 1 3 
499 1 3 
500 1 2 
501 2 3 
502 2 2 
503 2 3 
504 2 2 
505 2 3 
506 2 2 
507 2 3 
508 2 2 
509 2 3 
510 2 2 
511 2 3 
512 2 2 
513 2 3 
514 2 1 
515 3 2 
516 3 2 
517 2 2 
518 2 2 
519 2 2 
520 2 2 
521 2 2 
522 2 2 
523 2 2 
524 2 3 
525 2 2 
526 2 3 
527 2 2 
528 2 3 
529 2 3 
530 2 2 
531 2 3 
532 2 2 
533 2 3 
534 2 2 
535 2 3 
536 2 2 
537 1 2 
538 1 2 
539 2 2 
540 2 2 
541 2 2 
542 2 2 
543 2 2 
544 2 3 
545 2 2 
546 2 3 
547 2 2 
548 2 3 
549 2 1 
550 2 3 
551 2 2 
552 2 3 
553 2 3 
554 2 3 
555 2 3 
556 2 3 
557 2 3 
558 2 2 
559 3 3 
560 3 2 
561 2 3 
562 2 2 
563 1 3 
564 1 2 
565 1 3 
566 1 2 
567 1 3 
568 1 2 
569 1 3 
570 1 3 
571 1 2 
572 1 3 
573 2 2 
574 2 2 
575 2 2 
576 2 3 
577 2 2 
578 2 3 
579 2 2 
580 2 3 
581 1 2 
582 1 3 
583 2 2 
584 2 3 
585 2 2 
586 2 3 
587 3 2 
588 3 3 
589 3 2 
590 3 2 
591 3 2 
592 3 3 
593 3 2 
594 3 3 
595 3 3 
596 3 3 
597 3 3 
598 3 3 
599 2 3 
600 2 2 
601 3 3 
602 3 3 
603 3 2 
604 3 3 
605 3 2 
606 3 3 
607 3 2 
608 3 3 
609 2 2 
610 2 3 
611 2 2 
612 2 3 
613 2 3 
614 2 3 
615 1 3 
616 1 2 
617 2 3 
618 2 2 
619 3 3 
620 3 2 
621 3 3 
622 3 2 
623 2 3 
624 2 3 
625 2 3 
626 2 3 
627 2 3 
628 2 3 
629 2 3 
630 2 2 
631 2 3 
632 2 2 
633 2 3 
634 2 2 
635 2 2 
636 2 2 
637 3 3 
638 3 3 
639 3 3 
640 3 3 
641 3 3 
642 3 3 
643 2 2 
644 2 3 
645 2 3 
646 2 3 
647 2 2 
648 2 3 
649 2 2 
650 2 2 
651 2 3 
652 2 2 
653 2 3 
654 2 2 
655 2 3 
656 2 2 
657 1 3 
658 1 2 
659 1 3 
660 1 3 
661 2 3 
662 2 3 
663 2 3 
664 2 2 
665 2 2 
666 2 2 
667 3 2 
668 3 2 
669 2 2 
670 2 2 
671 1 2 
672 1 2 
673 1 2 
674 1 2 
675 2 2 
676 2 3 
677 2 2 
678 2 3 
679 2 2 
680 2 3 
681 2 3 
682 2 3 
683 2 3 
684 2 2 
685 2 3 
686 2 2 
687 2 3 
688 2 3 
689 2 3 
690 2 2 
691 2 2 
692 2 2 
693 2 2 
694 2 3 
695 2 2 
696 2 2 
697 2 2 
698 2 2 
699 2 1 
700 2 2 
701 3 2 
702 3 2 
703 2 2 
704 2 2 
705 2 2 
706 2 2 
707 3 2 
708 3 2 
709 3 2 
710 3 2 
711 3 2 
712 3 2 
713 3 2 
714 3 2 
715 2 2 
716 2 1 
717 2 1 
718 2 2 
719 3 2 
720 3 2 
721 2 2 
722 2 2 
723 2 2 
724 2 2 
725 2 2 
726 2 2 
727 2 2 
728 2 2 
729 2 2 
730 2 2 
731 2 3 
732 2 2 
733 2 3 
734 2 2 
735 1 3 
736 2 2 
737 2 2 
738 2 2 
739 2 2 
740 2 2 
741 3 2 
742 3 1 
743 3 2 
744 2 2 
745 2 3 
746 2 2 
747 2 3 
748 2 2 
749 2 3 
750 1 2 
751 2 3 
752 2 2 
753 3 2 
754 2 3 
755 3 2 
756 2 2 
757 3 2 
758 2 2 
759 2 2 
760 2 2 
761 2 2 
762 3 3 
763 2 2 
764 3 3 
765 2 2 
766 3 3 
767 2 2 
768 2 3 
769 2 2 
770 2 3 
771 2 2 
772 2 3 
773 2 3 
774 2 3 
775 2 3 
776 2 2 
777 2 3 
778 2 2 
779 2 3 
780 2 2 
781 3 3 
782 2 3 
783 3 3 
784 2 2 
785 3 2 
786 1 3 
787 2 2 
788 2 3 
789 2 2 
790 2 3 
791 2 2 
792 2 3 
793 1 2 
794 2 3 
795 1 2 
796 2 2 
797 2 2 
798 2 3 
799 2 3 
800 2 3 
801 2 3 
802 2 3 
803 2 3 
804 2 3 
805 1 3 
806 2 3 
807 1 3 
808 2 2 
809 2 3 
810 2 2 
811 2 3 
812 2 3 
813 2 3 
814 3 3 
815 2 3 
816 3 3 
817 2 3 
818 3 3 
819 3 3 
820 3 2 
821 3 3 
822 3 2 
823 3 2 
824 3 2 
825 2 2 
826 3 2 
827 2 3 
828 2 2 
829 2 3 
830 2 2 
831 3 3 
832 2 2 
833 3 3 
834 2 3 
835 3 2 
836 3 3 
837 3 2 
838 3 3 
839 2 2 
840 3 3 
841 3 2 
842 3 2 
843 3 2 
844 3 2 
845 2 3 
846 2 2 
847 2 3 
848 2 3 
849 2 3 
850 2 3 
851 2 3 
852 2 3 
853 3 3 
854 3 3 
855 3 3 
856 3 3 
857 3 3 
858 3 3 
859 3 2 
860 3 3 
861 3 2 
862 2 2 
863 3 2 
864 2 2 
865 3 2 
866 2 2 
867 2 3 
868 2 3 
869 2 3 
870 2 3 
871 2 3 
872 3 3 
873 2 3 
874 3 3 
875 2 2 
876 3 3 
877 2 2 
878 3 3 
879 3 3 
880 3 3 
881 3 3 
882 2 2 
883 2 3 
884 2 2 
885 2 3 
886 2 2 
887 2 3 
888 2 2 
889 2 3 
890 2 2 
891 2 2 
892 2 2 
893 2 2 
894 2 2 
895 2 2 
896 3 3 
897 2 3 
898 3 3 
899 2 3 
900 3 3 
901 2 3 
902 3 3 
903 2 2 
904 3 2 
905 3 2 
906 3 3 
907 2 2 
908 3 3 
909 2 2 
910 2 3 
911 2 2 
912 2 3 
913 2 3 
914 2 3 
915 2 3 
916 3 3 
917 2 3 
918 3 3 
919 2 2 
920 2 3 
921 2 2 
922 1 3 
923 1 2 
924 1 3 
925 2 2 
926 2 3 
927 2 2 
928 2 2 
929 2 3 
930 3 2 
931 3 3 
932 3 2 
933 2 3 
934 3 2 
935 3 3 
936 3 2 
937 3 2 
938 3 1 
939 3 2 
940 3 2 
941 2 3 
942 2 2 
943 1 3 
944 3 2 
945 1 2 
946 3 2 
947 1 1 
948 2 2 
949 1 1 
950 2 2 
951 1 1 
952 2 2 
953 2 0 
954 2 2 
955 2 1 
956 2 1 
957 2 1 
958 2 2 
959 2 1 
960 2 2 
961 1 2 
962 2 2 
963 2 2 
964 2 2 
965 2 2 
966 2 1 
967 2 2 
968 2 2 
969 2 2 
970 2 2 
971 2 2 
972 2 2 
973 2 2 
974 2 2 
975 2 1 
976 2 3 
977 2 2 
978 2 3 
979 1 3 
980 3 3 
981 1 3 
982 3 3 
983 2 3 
984 3 3 
985 3 3 
986 3 2 
987 3 3 
988 3 2 
989 2 3 
990 3 2 
991 3 2 
992 3 2 
993 3 2 
994 2 2 
995 2 3 
996 2 1 
997 2 3 
998 2 2 
999 2 3 
1000 2 2 
1001 2 3 
1002 3 2 
1003 2 2 
1004 3 2 
1005 3 3 
1006 3 2 
1007 3 3 
1008 2 2 
1009 3 3 
1010 2 2 
1011 3 2 
1012 2 2 
1013 2 2 
1014 2 2 
1015 1 2 
1016 3 2 
1017 2 2 
1018 3 2 
1019 3 3 
1020 3 3 
1021 3 3 
1022 3 3 
1023 3 2 
1024 3 3 
1025 3 2 
1026 3 3 
1027 2 2 
1028 3 3 
1029 2 2 
1030 3 3 
1031 2 2 
1032 2 3 
1033 1 2 
1034 2 3 
1035 2 3 
1036 2 2 
1037 2 3 
1038 2 2 
1039 2 3 
1040 2 2 
1041 2 3 
1042 2 2 
1043 2 3 
1044 2 2 
1045 2 2 
1046 3 2 
1047 2 2 
1048 3 2 
1049 2 2 
1050 3 1 
1051 2 3 
1052 3 2 
1053 2 3 
1054 3 2 
1055 2 3 
1056 2 2 
1057 2 2 
1058 2 3 
1059 2 2 
1060 2 3 
1061 3 2 
1062 3 3 
1063 3 2 
1064 2 3 
1065 3 2 
1066 2 2 
1067 2 2 
1068 2 2 
1069 2 2 
1070 2 3 
1071 2 3 
1072 2 3 
1073 2 2 
1074 2 3 
1075 2 2 
1076 3 3 
1077 3 2 
1078 3 3 
1079 3 2 
1080 3 3 
1081 3 1 
1082 2 2 
1083 2 2 
1084 2 2 
1085 2 2 
1086 2 2 
1087 2 2 
1088 2 2 
1089 2 2 
1090 1 3 
1091 2 2 
1092 2 2 
1093 2 2 
1094 2 2 
1095 2 2 
1096 2 2 
1097 2 1 
1098 2 3 
1099 2 2 
1100 2 2 
1101 2 2 
1102 2 3 
1103 2 2 
1104 2 3 
1105 2 2 
1106 2 3 
1107 2 2 
1108 2 3 
1109 1 3 
1110 2 3 
1111 2 3 
1112 2 3 
1113 2 3 
1114 2 3 
1115 3 2 
1116 2 3 
1117 3 2 
1118 2 2 
1119 3 2 
1120 3 2 
1121 3 2 
1122 3 2 
1123 2 2 
1124 3 3 
1125 2 2 
1126 2 3 
1127 3 3 
1128 2 2 
1129 3 2 
1130 3 2 
1131 3 2 
1132 3 2 
1133 3 3 
1134 3 2 
1135 3 2 
1136 3 2 
1137 3 2 
1138 3 2 
1139 3 2 
1140 3 2 
1141 3 2 
1142 3 2 
1143 3 3 
1144 2 2 
1145 3 3 
1146 3 2 
1147 2 3 
1148 3 3 
1149 3 2 
1150 3 3 
1151 3 2 
1152 2 3 
1153 3 3 
1154 2 3 
1155 2 3 
1156 2 2 
1157 2 3 
1158 3 2 
1159 2 2 
1160 3 3 
1161 2 2 
1162 3 3 
1163 2 2 
1164 3 2 
1165 2 2 
1166 3 2 
1167 2 2 
1168 3 2 
1169 2 2 
1170 3 2 
1171 2 2 
1172 3 2 
1173 2 2 
1174 2 2 
1175 2 1 
1176 3 2 
1177 2 1 
1178 3 2 
1179 2 2 
1180 3 2 
1181 2 2 
1182 3 2 
1183 2 2 
1184 3 2 
1185 2 2 
1186 3 3 
1187 2 2 
1188 3 3 
1189 1 2 
1190 3 3 
1191 2 2 
1192 2 3 
1193 2 3 
1194 2 2 
1195 2 3 
1196 2 2 
1197 2 3 
1198 2 2 
1199 2 3 
1200 3 1 
1201 2 2 
1202 3 2 
1203 2 2 
1204 3 2 
1205 3 2 
1206 3 2 
1207 3 3 
1208 3 2 
1209 3 3 
1210 3 2 
1211 3 3 
1212 3 2 
1213 3 3 
1214 3 2 
1215 3 2 
1216 3 2 
1217 2 3 
1218 3 2 
1219 3 3 
1220 3 2 
1221 3 3 
1222 3 2 
1223 3 3 
1224 3 2 
1225 3 2 
1226 3 2 
1227 3 2 
1228 3 2 
1229 2 2 
1230 3 2 
1231 2 3 
1232 3 2 
1233 2 3 
1234 3 2 
1235 2 3 
1236 3 3 
1237 2 3 
1238 3 3 
1239 2 3 
1240 3 3 
1241 2 3 
1242 3 3 
1243 1 3 
1244 2 2 
1245 2 3 
1246 2 2 
1247 2 2 
1248 2 2 
1249 2 2 
1250 2 2 
1251 2 3 
1252 2 2 
1253 3 3 
1254 2 2 
1255 3 3 
1256 2 2 
1257 3 2 
1258 3 2 
1259 2 2 
1260 3 3 
1261 2 2 
1262 3 3 
1263 2 2 
1264 3 3 
1265 2 2 
1266 2 3 
1267 2 2 
1268 2 3 
1269 2 2 
1270 2 3 
1271 2 2 
1272 2 2 
1273 3 2 
1274 2 2 
1275 3 2 
1276 2 1 
1277 3 2 
1278 1 2 
1279 3 3 
1280 2 2 
1281 3 3 
1282 3 3 
1283 3 3 
1284 3 3 
1285 3 3 
1286 3 3 
1287 2 3 
1288 3 3 
1289 2 2 
1290 3 2 
1291 2 2 
1292 3 2 
1293 2 2 
1294 3 2 
1295 2 2 
1296 3 3 
1297 2 2 
1298 3 3 
1299 3 2 
1300 2 3 
1301 3 3 
1302 2 2 
1303 2 3 
1304 2 3 
1305 3 3 
1306 2 3 
1307 3 3 
1308 2 3 
1309 3 3 
1310 2 2 
1311 3 3 
1312 2 3 
1313 3 2 
1314 2 2 
1315 3 2 
1316 2 2 
1317 3 2 
1318 2 2 
1319 2 3 
1320 2 2 
1321 3 3 
1322 2 3 
1323 3 2 
1324 3 3 
1325 3 2 
1326 3 3 
1327 3 3 
1328 3 3 
1329 2 2 
1330 3 3 
1331 3 2 
1332 2 3 
1333 3 2 
1334 2 3 
1335 3 2 
1336 2 2 
1337 3 3 
1338 2 2 
1339 3 3 
1340 2 2 
1341 3 2 
1342 3 2 
1343 3 3 
1344 3 2 
1345 2 2 
1346 3 2 
1347 2 2 
1348 3 3 
1349 2 2 
1350 3 3 
1351 2 1 
1352 3 3 
1353 3 2 
1354 3 3 
1355 3 3 
1356 3 3 
1357 3 3 
1358 3 2 
1359 2 3 
1360 3 2 
1361 2 3 
1362 3 2 
1363 2 2 
