0 3.42118431377798 
1 3.3460301242911603 
2 2.5607108765903197 
3 2.97281662081466 
4 2.42882366771881 
5 2.7316162472689998 
6 2.4857414471997563 
7 2.7316162472689998 
8 2.54628001948658 
9 2.52371707439436 
10 2.6052828236096 
11 2.7699563600155797 
12 2.81491232855906 
13 2.79138575154796 
14 2.80432984996538 
15 2.80339742828598 
16 2.96432949462636 
17 2.65516398421146 
18 2.78572502419544 
19 2.5027015659901997 
20 3.08245710375772 
21 2.56136624263584 
22 3.09725244406894 
23 2.5481065048350002 
24 3.22617624132276 
25 2.5909026086930003 
26 2.93817826803118 
27 2.5541358425660396 
28 2.8812569539968402 
29 2.80074178937344 
30 2.63264569387358 
31 2.71118622624662 
32 2.75348934747696 
33 2.9398597171776997 
34 2.7263035211747 
35 2.93747603203012 
36 2.82596892947848 
37 3.14154068799964 
38 2.9216314220974 
39 2.9260168791198398 
40 3.11717536534456 
41 2.77686872055008 
42 2.85879809404934 
43 2.38776410193223 
44 2.81477392475402 
45 2.58305490097976 
46 2.79253626436266 
47 2.5429685921378598 
48 2.858202118645 
49 2.7306743690862403 
50 2.69654473212946 
51 3.04276599442372 
52 2.6714597349683 
53 2.9627268595297402 
54 2.73222582808398 
55 2.62799355042848 
56 2.5546006783330997 
57 2.3979551679570283 
58 2.428196860952224 
59 2.295944492691826 
60 2.56904577911282 
61 1.806261830786818 
62 2.85203733572118 
63 2.076813169020084 
64 2.6137447554296402 
65 2.230967684527246 
66 2.87330048378332 
67 2.5926424501276797 
68 3.0687268797842 
69 2.6267738165681203 
70 3.3628962743027198 
71 3.04190271394192 
72 3.1658993554385 
73 3.13970380413484 
74 3.34053190417302 
75 3.35906606102954 
76 3.3347003881202797 
77 3.35128042846446 
78 3.22090644048554 
79 3.32928860923462 
80 2.7136954868967798 
81 3.03580366641948 
82 3.09096229771836 
83 3.0572485136028797 
84 2.82749761841966 
85 3.04463786944174 
86 2.8350445348155597 
87 3.08344848618868 
88 2.7754675968304 
89 3.2670925230358003 
90 2.7784123710086 
91 3.1427664910306 
92 2.27283541635086 
93 3.0792108502980198 
94 2.485744253577144 
95 2.93307153608336 
96 2.304802220560876 
97 2.5943912131497 
98 2.4070026798922823 
99 2.480724701034302 
100 2.6008962324833 
101 2.55396594510798 
102 2.798476166824 
103 2.56788082678022 
104 2.88712317021998 
105 2.8711038483784597 
106 2.88835756735008 
107 2.98159425762716 
108 2.9450287197166203 
109 2.88067212284532 
110 2.7975692579511398 
111 2.9613335995391 
112 2.61630854210126 
113 2.7810935818720397 
114 2.76735158518054 
115 2.62555379341326 
116 2.9441193514661 
117 2.67582767190444 
118 2.78823017187158 
119 2.92560894310836 
120 3.00311919737748 
121 3.0791360012926 
122 3.16163174221812 
123 3.3361873102434 
124 3.09513827867408 
125 3.49982043606476 
126 2.9864684188106 
127 3.7169528384103203 
128 2.89219479749876 
129 3.80605927995488 
130 2.7906606349120997 
131 3.92707571534294 
132 2.7922251464755 
133 4.24279764669988 
134 2.73058294523374 
135 3.8157755764978196 
136 3.16625163926304 
137 3.7000259108963 
138 3.55704156360826 
139 3.71257523178996 
140 3.56553759651498 
141 3.73074673638288 
142 3.50001856764118 
143 3.14893534668542 
144 3.27468227387766 
145 3.24370805796332 
146 3.10751576501682 
147 3.38155573347318 
148 2.9695291358634 
149 3.10018925775076 
150 2.80529678902312 
151 2.85887035151124 
152 2.62015685326646 
153 3.13079379877634 
154 2.57463603217106 
155 3.5895803936028 
156 2.3081284003213898 
157 3.3184373192454 
158 2.152401458908804 
159 3.41982922173524 
160 2.24405272072352 
161 3.45119124717888 
162 2.473805452028688 
163 3.82682397483718 
164 2.6874948275102 
165 3.77750007154068 
166 2.95357277041456 
167 4.06951149055036 
168 3.1450817391110997 
169 4.07930677404344 
170 3.2946237851624 
171 4.07855037713796 
172 3.62173630835904 
173 3.7480694312873197 
174 3.5942809918158 
175 3.32715947970976 
176 3.60736546644406 
177 3.0980323927468403 
178 3.4160832984743204 
179 3.02246464236608 
180 3.13694217905452 
181 3.14686182799736 
182 2.86679544104698 
183 3.5501345812991802 
184 2.73129858321232 
185 3.84622772430144 
186 2.4318357502796824 
187 4.3575266589911 
188 2.392168933523576 
189 4.4106091025189205 
190 2.50254168434354 
191 4.10962115916604 
192 2.29671353037823 
193 3.52426508181584 
194 2.481824627221164 
195 3.6818479052688002 
196 2.4291630613184823 
197 3.21517254968346 
198 2.64048949043254 
199 3.7274499790328 
200 2.5454806268368197 
201 3.73428980939892 
202 2.60429382818264 
203 4.1503768164757195 
204 2.461868009799296 
205 4.61267610956762 
206 3.1624588238702 
207 4.49651475520178 
208 3.09331131635996 
209 3.9937456751153397 
210 3.62583403258982 
211 3.95305738478296 
212 3.5256652338817 
213 3.53225533012378 
214 3.84559055682954 
215 2.77891490584856 
216 3.12513376162772 
217 2.83341149341612 
218 2.8403127395767602 
219 2.8039627436698398 
220 2.352426323204844 
221 3.10705711884078 
222 2.450213334189858 
223 3.18681268573914 
224 2.1853567155825178 
225 3.63976574424392 
226 2.5266848398719803 
227 3.8576583228271604 
228 2.56559745953132 
229 3.9517729846206797 
230 2.63802161772394 
231 3.70510149164408 
232 2.8593922208419 
233 4.2074413140828 
234 2.9985040160448397 
235 3.7021066640979 
236 3.11972025218222 
237 3.5854965742023 
238 3.6245774906605197 
239 3.22206758118564 
240 3.6297226717938 
241 3.21195610754204 
242 3.65918573577408 
243 2.43537875828424 
244 3.65230201727904 
245 2.382426400807012 
246 3.4181930936924 
247 2.387708472528314 
248 2.9891568118078 
249 2.53990536385498 
250 2.9828229839699802 
251 2.72813317706174 
252 2.6875216780542397 
253 3.02674729188182 
254 2.93827750182014 
255 3.0134422696298198 
256 2.9251810825367803 
257 2.77579739150354 
258 3.0744434334061 
259 3.12713052522212 
260 3.0769451307358398 
261 3.0413100539344198 
262 3.19454392102132 
263 2.8630572972 
264 2.74458248843204 
265 3.0044431667588603 
266 2.83948285734394 
267 3.31865233269688 
268 2.57232097449654 
269 2.8449744802051002 
270 2.81257384780596 
271 3.23824204004848 
272 2.67356704683608 
273 3.50577103702156 
274 3.2428656605042 
275 3.2890787985166403 
276 3.0682425529443202 
277 3.23953723400734 
278 3.09899440164516 
279 3.34215618402934 
280 2.98618025911306 
281 2.852461725994 
282 2.88792225027094 
283 2.53881504447482 
284 2.294782211811398 
285 2.8165002694652 
286 2.41144357427523 
287 2.5696951194052002 
288 2.56309435255226 
289 2.9769313678627998 
290 2.65413746554152 
291 2.9209823289368 
292 3.01933958640738 
293 3.51288847896036 
294 3.74832122142456 
295 3.39176022638082 
296 3.97988002351918 
297 3.47575726057882 
298 3.9656248336177002 
299 3.06373617079446 
300 3.9300395493915197 
301 3.6110680612814603 
302 3.7630707032965196 
303 3.04914283593634 
304 3.3690898678538597 
305 3.3587844185201403 
306 3.19462139675182 
307 3.5583666330527803 
308 3.0699062342374797 
309 4.0383918701125605 
310 3.30290723999294 
311 3.8549594873561 
312 3.37865207203786 
313 4.17892129503508 
314 3.36398498471228 
315 3.6456502983478 
316 3.45919316895976 
317 3.4739544941303597 
318 3.69369241677452 
319 3.16914100899492 
320 2565664.5110895997 
321 3.1797055263249 
322 2565664.2730172803 
323 2.9635260686033797 
324 2565664.01885208 
325 3.0566739188803 
326 2565663.78026044 
327 3.3801315485953602 
328 2565663.8637692 
329 3.29813780420794 
330 2.7525805739435603 
331 3.04185626664256 
332 2.92262693348422 
333 2.90832797640318 
334 2.7040302465784 
335 2.76543760499546 
336 2.6802601742325 
337 2.54922661807614 
338 2.3187613840405517 
339 2.7125798859191397 
340 2.3204273941474 
341 2.76501633986524 
342 3.117545490384 
343 3.3242128008558 
344 3.19018579812246 
345 3.48013787769866 
346 3.4039075587549 
347 3.37584908239062 
348 3.9663671729644 
349 3.37584908239062 
350 4.43023093399548 
351 3.4752917793786398 
352 4.09847950204436 
353 3.14177638644632 
354 4.30084187111608 
355 3.14250672771636 
356 3.9119313069483197 
357 2.98897368552344 
358 3.33232235272044 
359 2.87373176900854 
360 2.5925105726371998 
361 2.7179164113231 
362 2.122930355221858 
363 3.28857764381032 
364 2.064617057690076 
365 3.51738581634006 
366 2.264751500664894 
367 3.43867794227378 
368 2.9104889593229197 
369 3.36199466587982 
370 3.04663039043026 
371 3.36199466587982 
372 3.01484848337368 
373 2.476594905419734 
374 3.3203609342130602 
375 2.341877315044786 
376 3.1229205149766797 
377 2.335046310398862 
378 3.14812706193898 
379 2.335046310398862 
380 3.59156504351116 
381 2.335046310398862 
382 3.61364691381022 
383 2.38927838960155 
384 3.3216850732173198 
385 2.99618265363828 
386 3.36072972345552 
387 3.0870981726285 
388 3.26195549263046 
389 3.04613870703114 
390 2.7261338465431 
391 3.0051073835489 
392 2.63161309991808 
393 2.89443045926272 
394 3.14576914287404 
395 2.152279619620582 
396 3.1421258734363997 
397 2.156669478998122 
398 2.73915757784242 
399 2.156669478998122 
400 2.88994042294294 
401 2.156669478998122 
402 3.16564127230108 
403 2.7124051976061 
404 2.82719374319412 
405 2.8651453909596 
406 3.18210356448798 
407 3.0923953979996197 
408 3.62514739599372 
409 3.0923953979996197 
410 3.6166801735954 
411 3.0923953979996197 
412 3.9106253441743197 
413 2.7870573898116 
414 3.7379388468449397 
415 3.26509174197292 
416 3.65247453798496 
417 2.9439884855241 
418 3.54110782885142 
419 2.98494795112146 
420 3.59447316641634 
421 3.0259792746037 
422 3.1382133978718203 
423 2.92770590217364 
424 3.83731529251004 
425 2.5194018259360798 
426 4.0005292510165 
427 2.92537760940096 
428 4.072358718010561 
429 2.92537760940096 
430 4.16059214443752 
431 2.92537760940096 
432 4.26160160003108 
433 3.1040053047417397 
434 3.5790107364625 
435 2.91881802864074 
436 3.35757911562294 
437 2.65315027314082 
438 3.21143761752246 
439 2.65315027314082 
440 3.4293356890176 
441 2.65315027314082 
442 3.47815901471794 
443 2.456511887070544 
444 3.7121882230940004 
445 2.6499180339250197 
446 3.8708249854883596 
447 2.67807994757458 
448 3.76790805051544 
449 2.67807994757458 
450 3.37431317255016 
451 2.67807994757458 
452 3.19680143485684 
453 2.5925846115118 
454 3.0167168190497398 
455 2.5479240025434 
456 2.83421710424346 
457 2.498923282500428 
458 2.99458707471636 
459 2.498923282500428 
460 3.06368788687002 
461 2.498923282500428 
462 3.70664062149812 
463 2.54887759799984 
464 3.72936369016902 
465 2.54167739323602 
466 4.07548794571394 
467 2.6656741167313602 
468 3.9563034364163796 
469 2.6656741167313602 
470 4.12864893138358 
471 2.6656741167313602 
472 3.59961111857376 
473 3.1789719456676 
474 3.57955117002808 
475 2.8331733902833998 
476 3.4892177154024 
477 3.16184113004528 
478 3.86173927573686 
479 3.16184113004528 
480 3.54117948674916 
481 3.16184113004528 
482 3.4440162507046397 
483 2.67898068067344 
484 3.3060673628523802 
485 2.91614056621738 
486 3.08990131810326 
487 2.70702150740884 
488 2.95296801747124 
489 2.70702150740884 
490 3.2104879916781597 
491 2.70702150740884 
492 2.92008628030098 
493 2.97919993312924 
494 2.92377021181542 
495 3.0837880971839597 
496 3.11221709345138 
497 3.16266442967886 
498 2.8390280530640597 
499 3.16266442967886 
500 2.7022246623634603 
501 3.16266442967886 
502 3.00481578080528 
503 2.8163296352426 
504 2.8946943043460203 
505 3.00814938298312 
506 2.89031790461984 
507 2.9468760376725003 
508 3.42212916310816 
509 2.9468760376725003 
510 3.3499762169038 
511 2.9468760376725003 
512 3.3810050643695 
513 3.5205306741221998 
514 3.7330591238163597 
515 3.7515271879251997 
516 3.45335738977714 
517 3.72277217430628 
518 2.94956334122986 
519 3.72277217430628 
520 3.12250974819362 
521 3.72277217430628 
522 2.84743328200146 
523 3.38139150838152 
524 2.5984416305381 
525 3.0887934917559 
526 2.7801820324059 
527 3.03540517901222 
528 3.24123249779744 
529 3.03540517901222 
530 3.3168456881140798 
531 3.03540517901222 
532 3.56639732774722 
533 3.10252715710054 
534 3.7364313476517 
535 3.0665393731829202 
536 3.7965276123624 
537 3.0498684863694203 
538 3.37103791475638 
539 3.0498684863694203 
540 3.31993760209666 
541 3.0498684863694203 
542 3.1097606949143 
543 2.93104881070274 
544 3.10773502860344 
545 2.58400977519792 
546 2.8514249061209602 
547 2.331825778348148 
548 3.19593768297216 
549 2.331825778348148 
550 3.00521305342582 
551 2.331825778348148 
552 3.43812797549344 
553 2.318089894633032 
554 3.29039024209828 
555 2.3542218991647 
556 3.38561246998212 
557 2.42419388940435 
558 2.86489278023374 
559 2.42419388940435 
560 3.0522524073725 
561 2.42419388940435 
562 3.36139006083532 
563 2.9832882120423 
564 3.6796427245788 
565 3.6258361100078202 
566 3.57210091738908 
567 3.66197382861744 
568 3.6520251006875 
569 3.66197382861744 
570 3.54700174011516 
571 3.66197382861744 
572 3.36122603006856 
573 3.27786855764288 
574 3.2698566862255403 
575 2.70266913407036 
576 3.2113569278175 
577 2.79348873887462 
578 3.4856207364926 
579 3.2524445287963 
580 3.9168402613115396 
581 3.14174738048398 
582 4.10809945367528 
583 2.90453551382156 
584 4.07265771757738 
585 3.09431367202798 
586 4.2376038251521795 
587 3.03040893207802 
588 4.06635450352864 
589 2.6726191925886598 
590 3.7757913363043203 
591 3.31883220125258 
592 3.281082842504 
593 3.4763659597403 
594 3.3027602404702803 
595 3.33557709980532 
596 3.3804024838758 
597 3.3719649025036 
598 3.19806934053576 
599 3.3693987522252202 
600 3.08128308226648 
601 3.64563414045132 
602 2.9896314181581602 
603 3.45799091701866 
604 3.05481969964244 
605 3.20720868395314 
606 3.0959418636395197 
607 3.6102749314851 
608 3.42851893497402 
609 3.59839497890946 
610 3.54612623336816 
611 2.84553398909444 
612 3.5302344896044002 
613 2.6899350189241598 
614 3.3002391276682 
615 2.82448519088088 
616 3.44932832933826 
617 2.4132183094768958 
618 3.437202308579 
619 2.4470320423990417 
620 3.8033281066614797 
621 2.68479158926694 
622 3.87807643895362 
623 2.8323553641061 
624 3.70185096452778 
625 2.8496842974865197 
626 3.65404182698788 
627 3.28185450550346 
628 3.40515243391072 
629 3.5882999248039797 
630 3.10691739090216 
631 3.6425035952576 
632 3.1028445434253 
633 3.7481662028764 
634 3.31432922347286 
635 3.8873727904313 
636 2.98599636933608 
637 3.47020209618396 
638 3.05874042041946 
639 3.3970327458761 
640 2.79932259644548 
641 3.4671305271048203 
642 2.8151014905086997 
643 3.32986891011384 
644 2.92707312902874 
645 3.16584062158542 
646 3.17524631095846 
647 3.29189803853912 
648 3.19639095146328 
649 3.3310552040154398 
650 3.1597659734535 
651 3.12014515978108 
652 3.0367834003074003 
653 3.2338265464918203 
654 2.78122644068902 
655 3.2841272223779603 
656 2.55319065505594 
657 3.0666354926026402 
658 2.478379303711992 
659 3.59128202423286 
660 2.9829867586581 
661 3.42384465572558 
662 3.2409685500638803 
663 3.62889085300538 
664 3.1300812280167003 
665 3.51386691878118 
666 3.23166611627836 
667 3.67531448127256 
668 3.18650765214712 
669 3.1089347967057 
670 3.09874965970336 
671 3.31462616435372 
672 2.9665196622924404 
673 3.31318403556288 
674 3.0658459129375197 
675 3.38190192850146 
676 4.01794376416246 
677 4.00933131798152 
678 3.8598148871072397 
679 3.7115294498398796 
680 3.68059550976594 
681 4.19840644830092 
682 3.6243145567251 
683 4.029439048723701 
684 3.65170313418394 
685 3.9838720254280604 
686 2.7055799567964 
687 3.2715699658684203 
688 2.66899810316978 
689 3.5121603381571798 
690 2.6717944431543 
691 3.08518347525234 
692 2.77144247607724 
693 3.02047146554496 
694 2.625216029387 
695 2.98464759746704 
696 2.64820813673138 
697 3.35215412094338 
698 2.6720138079335003 
699 3.41071278426972 
700 2.498818049619114 
701 3.3727750599884 
702 2.497428285350364 
703 3.63307074903002 
704 2.5660270423903397 
705 3.89577334643352 
706 2.78911275730126 
707 3.7086882228828 
708 2.77265460259546 
709 3.42519640584466 
710 3.28666177365226 
711 3.33508864619938 
712 3.2197284378104003 
713 3.24175779441118 
714 3.3557122294616 
715 3.31811187167044 
716 3.24409184537922 
717 3.57090165458014 
718 3.5074463125328 
719 4.1981187930588 
720 2.9946393131358398 
721 4.37605866865818 
722 3.00253043670976 
723 4.5153543152312405 
724 3.23573255746448 
725 4.4993703802058596 
726 3.56297218004032 
727 4.53878628525014 
728 3.66780434999982 
729 4.37816890616664 
730 3.70019857335776 
731 4.16145775673238 
732 3.69415701953276 
733 3.65542933547784 
734 3.7180011368521 
735 4.08168846072366 
736 3.3676716627085 
737 3.96689230895054 
738 2.9903218715053 
739 3.52859833543224 
740 2.8163823813449 
741 3.66366708390796 
742 2.9239400683714 
743 4.19684240862992 
744 2.75487465756666 
745 3.51346921453772 
746 2.7861240358853 
747 3.46154161990886 
748 3.14319122837018 
749 4.12754955625208 
750 3.20445966510276 
751 3.88917793314076 
752 2.96660339554594 
753 3.5122669508069597 
754 3.0726897816656202 
755 3.49491762968192 
756 2.80733500174084 
757 3.1391552320956597 
758 2.64280669409548 
759 2.522049971107 
760 2.6059286347166 
761 2.8810086441583 
762 2.84353844786664 
763 3.1692287667275 
764 2.5637533810358 
765 3.24947226454628 
766 3.1496239207664 
767 3.58660805372178 
768 3.1879506297363998 
769 3.72918787272612 
770 3.4378068037180998 
771 3.2535928911219 
772 3.50663952074286 
773 3.62703743415196 
774 3.4044780660982 
775 3.9021195194165004 
776 2.79760523653228 
777 3.83417299429752 
778 2.85114547810124 
779 3.51616773059828 
780 2.5232848286765 
781 3.61894169975448 
782 2.487075059661108 
783 3.26377526421386 
784 2.6770269219616 
785 3.0360250499360797 
786 2.79143971402544 
787 3.04935230480306 
788 2.57621858310852 
789 3.61354812431582 
790 3.47790408139156 
791 3.6578457053544198 
792 3.26536167355798 
793 3.2543042597176 
794 3.12518905657494 
795 3.2254966411119197 
796 3.02539124662538 
797 3.1684679054465 
798 3.5325739858559397 
799 2.8290291155203997 
800 2.8572847020133 
801 3.79905319037046 
802 2.9470015041933197 
803 4.55149322072572 
804 3.12415325631946 
805 4.62261821951136 
806 3.1674587854564598 
807 4.456908774288641 
808 2.53807896139922 
809 5.26115635737106 
810 2.50831708089978 
811 4.48196125818544 
812 2.4077252333765737 
813 3.8008203268927603 
814 2.355903701760628 
815 3.7856786278084598 
816 2.271973515559166 
817 4.028567366138359 
818 2.63789260073376 
819 3.30467121851336 
820 3.23842835823942 
821 3.90080885637204 
822 3.2019161782986 
823 3.8421257111810396 
824 3.34077164167994 
825 3.70459866381466 
826 3.84418764869258 
827 3.6700290655892602 
828 3.8807717411487603 
829 3.6787573471807398 
830 3.404689933245 
831 2.96360142429466 
832 3.8892223298619397 
833 3.94673582722048 
834 3.8993613453667004 
835 4.2740414290671405 
836 3.90394045028422 
837 3.97513994185866 
838 3.8971490303598797 
839 3.87763074973536 
840 3.9210815570738 
841 4.309508487387999 
842 3.55326184170882 
843 3.58839337380916 
844 3.40911676221046 
845 3.2166020580395402 
846 3.0719383741486 
847 3.35035471340744 
848 3.08441500764674 
849 3.51044351261652 
850 3.0516109712384 
851 3.5836904480543597 
852 3.43650115276972 
853 4.03195763405946 
854 3.40957907441418 
855 4.1370071884322 
856 3.1729480586943 
857 3.9462037908420795 
858 3.0278257161348003 
859 3.95431390142508 
860 3.97114697658566 
861 3.50678195761078 
862 3.5219034780432 
863 3.24707126856974 
864 3.52751289629578 
865 3.56076577778334 
866 4.0490048608384 
867 3.54024462036442 
868 4.2204766232820194 
869 3.79371057379552 
870 3.38956741484068 
871 4.113775555945621 
872 3.48952751952264 
873 3.90332021091154 
874 3.8663819633918797 
875 3.71196899992444 
876 3.34348971515094 
877 4.10200359643662 
878 3.34372656583734 
879 3.6317872868299803 
880 3.02829971594936 
881 3.52716175979334 
882 3.1502696633482197 
883 3.9464622461550802 
884 3.10294823692356 
885 4.10106089045688 
886 3.05491604958098 
887 3.79223200835078 
888 3.21530290512476 
889 4.17444163024916 
890 3.4522121437416198 
891 4.296278090495941 
892 3.34718686797976 
893 3.7555264926748997 
894 3.32147744132888 
895 3.75968499362626 
896 3.61480867321198 
897 3.5262849885660197 
898 3.4055307753129602 
899 3.44612225808146 
900 3.13648320885842 
901 3.18886298766762 
902 2.96104841743186 
903 3.0179477190480997 
904 2.6166017554863403 
905 2.84046412572852 
906 2.61007471858428 
907 3.06793212968384 
908 2.73403220696712 
909 3.0289492034449 
910 2.91994702113352 
911 3.03333238003628 
912 3.27595364095324 
913 3.26052262719328 
914 3.55326787986376 
915 3.12236481074372 
916 3.53466569792154 
917 3.13662380986922 
918 3.31256065471996 
919 3.14263426221026 
920 3.18487705689612 
921 3.14188101024694 
922 3.03066787254318 
923 2.87406519245744 
924 2.69635601799244 
925 3.0052910333398 
926 2.87209048049526 
927 3.0742763235424397 
928 3.05071076783456 
929 3.13556434769778 
930 3.05103765455154 
931 3.23540566384542 
932 2.79259954673954 
933 3.44926690733584 
934 3.05710171612774 
935 3.38875071289026 
936 3.9066081012668596 
937 3.45196817361576 
938 3.73690343004508 
939 3.16906360930842 
940 3.69932835300126 
941 2.9560058729678 
942 3.918848340845 
943 3.30113488115242 
944 3.69212594894116 
945 3.62870964313332 
946 2.7034489198340603 
947 3.3258351382636397 
948 2.4171816563721498 
949 3.45413796890588 
950 2.8007950753135202 
951 3.27460481599498 
952 3.05771507318182 
953 3.05971777928934 
954 3.24556446266392 
955 2.64094625045616 
956 3.2269783868430197 
957 2.91494795088438 
958 3.1384190568885 
959 2.99356439849724 
960 2.96005264417726 
961 2.97805090636648 
962 2.76105263584658 
963 2.9167130237950003 
964 2.6092347813298598 
965 2.99480974004788 
966 2.7924536191126 
967 2.87951219120174 
968 2.89489734444438 
969 3.01464273509356 
970 2.9611759032287 
971 3.2357956861159 
972 2.93433443007646 
973 3.06642909154646 
974 3.05843391843414 
975 3.34919726213308 
976 2.79950616963086 
977 3.53909578232634 
978 2.73832419386114 
979 3.50320372786978 
980 2.7656163618204603 
981 3.40815727547008 
982 3.0957161194954 
983 4.0104540648324996 
984 3.1331388393079 
985 4.21285009899912 
986 3.68144298864188 
987 3.7034633873953604 
988 4.06113805060272 
989 3.48876658653854 
990 4.08672674235756 
991 3.7611375053954 
992 3.64799532747878 
993 3.09905113527844 
994 3.7981889582300803 
995 2.8473410810408 
996 3.51287181486694 
997 2.6931738182242 
998 3.54513684097868 
999 3.0874889628883397 
1000 3.26149413716554 
1001 2.9272505369251403 
1002 3.24390784416236 
1003 2.90030749683226 
1004 3.05602729924256 
1005 2.72758764254574 
1006 3.5280423982543803 
1007 3.42036737110654 
1008 3.09338979051922 
1009 3.126862239067 
1010 3.0565576668951 
1011 2.90238616683326 
1012 3.2087488618349 
1013 3.7102660650382395 
1014 3.24423785843352 
1015 3.7660329913538804 
1016 2.81085085394792 
1017 3.504704123393 
1018 3.31231922825378 
1019 3.9373384415165398 
1020 3.3676214484769202 
1021 4.01462170752596 
1022 3.55779981691674 
1023 4.1063377430941 
1024 3.4531188320201998 
1025 4.15551851302098 
1026 3.6122364207975197 
1027 4.1553845681217405 
