0 9.516050648764296 
1 8.902457868149595 
2 13.342613741196232 
3 12.79648534033011 
4 17.661565929207267 
5 25.70212453045242 
6 19.53046466471407 
7 20.96837474378843 
8 11.370375189763609 
9 26.74819363931457 
10 27.462753802536554 
11 22.204890651222133 
12 14.435838484518909 
13 26.540012781816916 
14 11.515663351874935 
15 24.24915735371487 
16 16.027696787432507 
17 12.229468141249741 
18 13.986048310725195 
19 5.263625263068067 
20 10.683647867628142 
21 16.874412616672032 
22 12.46338810804386 
23 11.830737378922844 
24 20.71486284929721 
25 21.695274352395927 
26 21.08495706903139 
27 18.629014563688933 
28 30.834122386567472 
29 25.443000042462586 
30 18.179195561719833 
31 14.94070459160047 
32 32.78977445960208 
33 21.41261997141107 
34 29.468661078753048 
35 26.427804521511202 
36 17.394945297401314 
37 7.711818783555196 
38 21.811593524599967 
39 11.400260387645993 
40 32.19379351104902 
41 37.974341563227135 
42 38.48020624042422 
43 17.183432340530132 
44 10.30967082235419 
45 12.576246589307667 
46 13.78050695710742 
47 19.05133585879232 
48 25.393245910373302 
49 17.93886515176788 
50 18.84690805496392 
51 17.247095880159055 
52 24.330320784268228 
53 20.218677541733552 
54 24.620962108538052 
55 30.166168009205983 
56 20.893899164603496 
57 17.41104778351093 
58 11.720909436408755 
59 16.03363991528858 
60 18.071574448283886 
61 12.325602717666005 
62 15.191964851659078 
63 10.97221306629415 
64 20.105669349465277 
65 15.645776058549906 
66 17.90983389555489 
67 17.391987991524406 
68 14.710146249079367 
69 12.76622218434501 
70 30.07812287105495 
71 20.15445826205624 
72 14.738783312717867 
73 20.192299174842816 
74 20.71066912240333 
75 20.08545035747978 
76 29.31993037545525 
77 29.130752455168007 
78 15.961700783566044 
79 10.393208478498966 
80 17.277361047606103 
81 15.196863745389459 
82 12.91071505525287 
83 12.293414384655742 
84 9.219912159993669 
85 13.795827344281923 
86 20.600504906631567 
87 11.158298549313498 
88 11.834843384508597 
89 11.158298549313498 
90 17.530611562510447 
91 11.158298549313498 
92 13.414132110349945 
93 11.158298549313498 
94 10.776787136624545 
95 11.158298549313498 
96 12.864739856025961 
97 11.158298549313498 
98 9.681896350739017 
99 11.158298549313498 
100 18.16754162551761 
101 16.382848080994304 
102 5.6008140221185405 
103 9.034580506192784 
104 9.25870396369191 
105 13.61185969831503 
106 9.840032469284385 
107 17.422909007830185 
108 9.840032469284385 
109 17.422909007830185 
110 11.374075279314459 
111 15.660263375038737 
112 34.13277778681988 
113 18.880589154126284 
114 7.9490117520861325 
115 11.827768142915556 
116 11.495306560400799 
117 13.531322386037358 
118 24.281304634764787 
119 20.630497870205502 
120 14.889786644893322 
121 34.90773507332257 
122 16.137959161687245 
123 7.625397240947997 
124 19.626514931728636 
125 17.451325813524836 
126 17.434858876834184 
127 17.57512675466164 
128 28.386307340380892 
129 48.07500716373431 
130 11.973565288883433 
131 30.570951683321308 
132 28.61599759844991 
133 19.302971171900886 
134 49.14758439671436 
135 24.621395698318775 
136 16.06348330958837 
137 15.664766912912599 
138 11.913064224769652 
139 11.633555688074667 
140 10.42368694424701 
141 23.47041509518427 
142 23.01603432948846 
143 8.534149383587705 
144 13.343844746679393 
145 12.780615338673947 
146 27.0588037959576 
147 23.21013778982901 
148 12.335353784891023 
149 21.908090885348656 
150 18.70327974850059 
151 6.4680000616836555 
152 17.277788076141984 
153 16.0091605151263 
154 17.277788076141984 
155 16.0091605151263 
156 20.56243044627143 
157 10.353264102646383 
158 16.14106437100976 
159 23.659339233637375 
160 26.49524964625025 
161 8.42629037053704 
162 21.60531182230739 
163 10.632380527473865 
164 12.733975147170888 
165 9.839270717506253 
166 12.363825020634359 
167 9.354538986687364 
168 13.46732467899423 
169 13.214693270572816 
170 12.405990174126778 
171 15.739775891443196 
172 19.319330827621783 
173 24.39853875328664 
174 14.531414891368744 
175 13.61535040593137 
176 16.763402955964285 
177 18.770744107156442 
178 9.983561878601641 
179 11.040460328031102 
180 16.784601224538797 
181 35.43384303455267 
182 24.999129802477082 
183 20.948267423160292 
184 13.710639521960276 
185 13.947956676011186 
186 11.789336398975745 
187 6.8715712214422044 
188 14.920348756549858 
189 9.167036031664853 
190 12.185234680952437 
191 23.128992412211048 
192 16.66032714475242 
193 17.94285567614509 
194 22.72362511444964 
195 19.308391682433584 
196 27.281268090254514 
197 26.419481222993486 
198 17.784154847463377 
199 18.097071627971197 
200 12.313263835271393 
201 13.180185275965659 
202 15.311925935660986 
203 18.402527202527203 
204 9.899464230923552 
205 16.29210236012492 
206 13.826844022482652 
207 9.536388667207795 
208 18.307343794330112 
209 20.330499355326555 
210 13.121921155296098 
211 9.867371808745895 
212 9.568739819407119 
213 9.258560899211734 
214 19.788839978674517 
215 29.392871659028156 
216 21.111382911790614 
217 19.26652855548257 
218 10.91283374875763 
219 19.85788955382168 
220 17.108505092613367 
221 22.03944111944259 
222 13.0767964482578 
223 11.44449386205937 
224 30.82052789371583 
225 15.003877688268204 
226 13.761201081393212 
227 15.802993082452941 
228 9.807887832459558 
229 9.624996557832995 
230 22.502355226026587 
231 15.475080801074396 
232 16.761527210530943 
233 25.099661292832096 
234 14.307461922873566 
235 10.66547322382139 
236 9.117417918753478 
237 8.8623165439048 
238 16.270424808077987 
239 13.827254265896563 
240 43.26834954661275 
241 21.09736578691897 
242 10.950813679953422 
243 30.009043557895943 
244 9.972192106514504 
245 10.418068599276204 
246 17.851140619679946 
247 18.570371026299476 
248 7.686197184131004 
249 11.947916102880225 
250 18.177934955966993 
251 18.089656778601064 
252 21.15536007908727 
253 10.830159058045858 
254 25.07325354790115 
255 27.667825455984698 
256 13.51135851147448 
257 14.29517359844857 
258 9.072806482454888 
259 9.57033365962292 
260 21.682712985938792 
261 14.019098551063722 
262 8.624824698852162 
263 7.773045018865966 
264 10.001869551116961 
265 11.427624839251074 
266 10.827475114617323 
267 8.654169856207586 
268 19.68251227134933 
269 21.378785870839494 
270 9.257069204488271 
271 11.528514100379308 
272 15.640816813591682 
273 4.793353332761921 
274 13.4325618336648 
275 14.818820021269154 
276 21.44568407489595 
277 18.489572266770114 
278 17.23943986156837 
279 8.56102708550201 
280 18.30974135108589 
281 13.61552719824186 
282 31.965613163329852 
283 23.308033853660163 
284 18.52583225487295 
285 22.256617069598626 
286 23.22208872918939 
287 46.25084357012108 
288 16.632513135719243 
289 12.579490378617017 
290 15.817057350589797 
291 17.261646857406248 
292 24.334414397688573 
293 15.764859765310801 
294 12.509369417196304 
295 15.925458763493323 
296 18.00787411716721 
297 15.151463921249887 
