0 4.403662943667857 
1 4.745745375383428 
2 9.004014374466003 
3 8.21943557695511 
4 8.448678101300244 
5 8.30103211122656 
6 7.2645622786279045 
7 8.433117996787042 
8 7.912198692337005 
9 8.830764372111629 
10 7.396304937037214 
11 7.9343055337486215 
12 7.871187611190764 
13 9.429046732669706 
14 7.01269014315284 
15 6.587474026596137 
16 8.486645731490174 
17 7.511289398280803 
18 8.480897122486903 
19 8.50378324020534 
20 9.180841143997863 
21 8.140138415019932 
22 8.150895289769172 
23 8.40599159060938 
24 8.82847809247971 
25 10.236001561889887 
26 7.956309860063319 
27 7.519665530013733 
28 7.44277957199134 
29 9.094939165468624 
30 6.074590096268178 
31 7.030663472869205 
32 8.442335020067711 
33 6.863946925276117 
34 8.149042450053333 
35 8.362283531443017 
36 10.331663242734614 
37 7.665253369981579 
38 5.964443458500778 
39 8.511047935601564 
40 7.108339236747823 
41 6.919352656845439 
42 6.66441675485177 
43 8.123898878928978 
44 7.019943630289681 
45 7.031571041549315 
46 8.23936022881524 
47 7.186863762771865 
48 7.430016935101008 
49 8.161188326104764 
50 3.373213287599072 
51 5.941049906018099 
52 9.025870565399464 
53 7.838545881323972 
54 6.535576106518741 
55 6.854625147492866 
56 7.590373917355253 
57 8.096705570762857 
58 6.061509602475298 
59 7.532751805376709 
60 7.163480850947547 
61 6.286426858513189 
62 9.030437300710712 
63 6.812009315892562 
64 10.691545522443226 
65 7.712655450966403 
66 7.81373582768552 
67 9.853301227462266 
68 7.049937640980129 
69 8.675363463936973 
70 9.151075620718244 
71 8.38815503962786 
72 8.661980091693858 
73 8.06294562615942 
74 8.508475401455708 
75 6.476779325222247 
76 9.099970927331347 
77 8.924715670315875 
78 8.586281369693074 
79 7.566329567880968 
80 7.1241437294584244 
81 6.414034615537538 
82 7.5873668824766956 
83 7.764569545618631 
84 9.441867166114394 
85 7.916663992736978 
86 8.637417446977638 
87 7.998642198265752 
88 11.994657988280748 
89 9.21902048962331 
90 8.678343164903467 
91 9.495777696274864 
92 8.019410384708777 
93 8.312564658504005 
94 7.786826476261554 
95 7.843544411739405 
96 9.009758790537218 
97 7.80046829173943 
98 8.576712457620534 
99 8.565292861139588 
100 8.925950202170675 
101 9.235605368329498 
102 9.591584532003933 
103 8.664735800490016 
104 6.269119128544994 
105 7.579551512457284 
106 8.237741993137677 
107 7.285812802576427 
108 6.6514490512777815 
109 8.065457384435218 
110 11.0288770503442 
111 2.1231488966652172 
112 6.073288301007073 
113 5.190931750506803 
114 6.592039832271936 
115 9.706340831250579 
116 8.941458371084131 
117 8.774070463607192 
118 8.399544206556937 
119 8.129882615639877 
120 8.051012925987493 
121 8.653294987064324 
122 8.988943586358541 
123 8.02551753565203 
124 9.750703236515294 
125 9.19092018678523 
126 7.375689772203719 
127 8.872758965723678 
128 6.812241656258476 
129 8.383661639632617 
130 8.101381616179955 
131 7.921702834910382 
132 7.4103525404324335 
133 8.328195271500535 
134 6.916272013719412 
135 7.059026281775097 
136 8.70743960871262 
137 8.266348702687255 
138 7.6528478974439444 
139 6.383402530042735 
140 7.811232908346649 
141 9.50391095884203 
142 8.658439612070568 
143 8.089350565191312 
144 9.20821258584049 
145 8.321387829116398 
146 8.3763952157754 
147 7.307977384198559 
148 8.519397794948043 
149 8.02478050161766 
150 7.21882610499068 
151 9.21256103373521 
152 7.819183761735382 
153 8.573696970192517 
154 9.21816951059771 
155 9.302380873171652 
156 9.038065296043062 
157 6.947501631567265 
158 8.160108637920938 
159 6.951140043553343 
160 8.294433007631353 
161 8.268597574799362 
162 7.89248631052067 
163 5.777222533667031 
164 4.809645196838295 
165 8.489101989349924 
166 8.71277552622887 
167 8.628657244543191 
168 7.384416032563724 
169 7.327037498995532 
170 8.350346711368509 
171 5.410874114056159 
172 5.958901618476086 
173 5.80841646955857 
174 7.26428547923663 
175 6.652736163739982 
176 8.371162497355511 
177 5.367451848079106 
178 8.834093675887663 
179 9.011985028383332 
180 7.310754256889721 
181 7.306118822953556 
182 8.57352171637886 
183 7.6176832225150335 
184 8.55645134967523 
185 7.2940231256293115 
186 8.988616102043615 
187 9.360969327973969 
188 6.206225899719157 
189 6.142656293935701 
190 7.500999703129303 
191 6.33957016778843 
192 8.525285375134152 
193 8.19353628805401 
194 8.15991813436625 
195 8.33084194197435 
196 8.24350581071971 
197 7.9953030522535435 
198 7.118750965306666 
199 9.41884080752734 
200 8.152130984404398 
201 8.235978840134624 
202 9.086762106138861 
203 8.405974743820734 
204 9.055568749541209 
205 7.776417322688658 
206 8.519640064187199 
207 7.268880562612864 
208 9.004632949329531 
209 7.871808057414616 
210 7.734258770943128 
211 9.13413619634574 
212 8.517650403614764 
213 8.340417070168566 
214 6.995893504665259 
215 10.302807888912634 
216 6.376211795288877 
217 9.790602729685505 
218 10.575119761988805 
219 8.332496965434762 
220 8.64058473195322 
221 8.839567368891363 
222 9.672563412502393 
223 9.155090485638638 
224 9.378887181998493 
225 9.500423569490312 
226 7.763405433619735 
227 8.07395001982729 
228 6.173859412834044 
229 8.022616246820068 
230 5.606331460681667 
231 5.205510938351311 
232 7.319608462487544 
233 8.275122963676145 
234 7.770424137330532 
235 7.350574561564924 
236 8.22987026237923 
237 7.238909858459712 
238 8.368456756131236 
239 8.56216304492054 
240 8.585367451247695 
241 9.59634660571575 
242 8.335328579718439 
243 7.29417534316138 
244 8.488878634429886 
245 7.5750615406565665 
246 5.915143446639937 
247 6.754319375311 
248 8.254245393484853 
249 8.379424151130362 
250 9.282555195552487 
251 8.481222954664942 
252 7.568118049753973 
253 8.186659483852331 
254 7.299291007243073 
255 9.80511353143183 
256 5.368990884641626 
257 8.822387130428929 
258 8.423244380894237 
259 7.980774463372727 
260 7.844116497446265 
261 7.597358325152063 
262 7.8035014604922885 
263 7.524535491382574 
264 9.298545018411735 
265 7.54181321250045 
266 7.071737356434241 
267 5.277354317076301 
268 6.503260697662159 
269 8.760637220192704 
270 8.626456663115418 
271 8.339322603413825 
272 6.6814665664147626 
273 8.228191184663794 
