0 12.92014058952725 
1 8.960464867867291 
2 24.83938480489408 
3 18.981929101252245 
4 9.825694413534768 
5 9.757372167682501 
6 20.026757705254614 
7 24.228146282571903 
8 25.79808342866984 
9 18.45345394230304 
10 9.34314061810843 
11 3.5298992949129033 
12 7.866109539920332 
13 10.609171183795501 
14 26.151636073423784 
15 14.378383937417084 
16 30.575408772479754 
17 17.15468774923415 
18 16.811174572636727 
19 18.4894092546143 
20 10.944013192398716 
21 11.00529233804842 
22 13.202547145163981 
23 11.3249073201552 
24 17.855244225349715 
25 19.376003030457017 
26 1.6767893051463387 
27 29.43991015652418 
28 26.587455231212957 
29 14.532170104843013 
30 15.283136569013264 
31 11.00252090038902 
32 16.94394441302416 
33 17.084254216784043 
34 7.855811174521596 
35 18.419822051241514 
36 19.202402644373837 
37 10.956019758065569 
38 31.23597313037132 
39 21.20509411163971 
40 13.842678829563232 
41 13.596636421692098 
42 17.595918915290643 
43 26.394044465140865 
44 14.773461825661833 
45 14.658838002572276 
46 33.947407185580275 
47 29.490001968670022 
48 19.747937775434103 
49 22.05891417421808 
50 37.844824008156706 
51 20.531026819585787 
52 11.418012146751929 
53 29.55691795977619 
54 11.398649328061094 
55 17.620460770639735 
56 19.114368004666595 
57 39.94955710067625 
58 14.190464590691947 
59 22.86621453649388 
60 16.353528776459488 
61 15.072243783239902 
62 48.207066179343954 
63 30.129329789526615 
64 17.47269932388804 
65 29.849510728391987 
66 16.226740069869738 
67 20.019875230899206 
68 14.10670406656644 
69 31.945649110781066 
70 21.474451657826293 
71 6.011115601684252 
72 9.56869616002336 
73 10.701748029607554 
74 25.275875160448592 
75 11.944513582553276 
76 18.04219002718607 
77 33.355367168736976 
78 8.774841419940083 
79 11.6781908747428 
80 13.68924978948674 
81 14.535091002342634 
82 26.259369169703117 
83 47.83813314780387 
84 9.430891237821564 
85 11.177865486244547 
86 19.51519832499709 
87 29.45148651115761 
88 27.906771259572714 
89 28.620684007970084 
90 20.90660499150139 
91 19.353294297328848 
92 35.44492238006304 
93 11.969499109629698 
94 32.529871177396714 
95 26.05303402053531 
96 41.40396043513455 
97 32.744209285441045 
98 14.618731113612837 
99 11.94070505977037 
100 19.18053732708357 
101 19.260777722672252 
102 16.078138536435773 
103 15.25334574653788 
104 17.959835230240902 
105 17.594442673288924 
106 10.678778929144283 
107 13.926236801912477 
108 15.385166165358374 
109 17.239298147546847 
110 11.69134195393488 
111 27.774824350544 
112 13.178570194208008 
113 23.568272234834012 
114 13.80618106050382 
115 38.43788891027227 
116 18.848009059330526 
117 19.210406027434907 
118 19.350794229323046 
119 18.181480855343295 
120 20.39039377734565 
121 24.91049146250928 
122 18.39050462798539 
123 16.149267868212426 
124 17.855548271193946 
125 15.109055410263615 
126 28.65411915806445 
127 22.210534676953873 
128 13.575644585995507 
129 11.812911020923165 
130 18.28539541372395 
131 18.23317118550494 
132 14.955301366346236 
133 12.49777714210796 
134 18.02629396115645 
135 9.403699776022528 
136 18.722732588763602 
137 23.331371578285708 
138 26.743588762640755 
139 10.699836988548382 
140 35.665547061674644 
141 10.080280708500565 
142 15.547991770615164 
143 15.377156642054246 
144 5.760749804623924 
145 21.92343557256058 
146 9.42595297702787 
147 14.09537379942601 
148 10.388060292944854 
149 8.792481861841843 
150 15.831086921239068 
151 20.194146336766185 
152 20.30068390050772 
153 14.27172844169057 
154 30.260841960968218 
155 17.872439065962162 
156 10.191728629051854 
157 10.50748422363236 
158 21.9297399888111 
159 15.573334917534883 
160 22.643639563571973 
161 31.9261960038059 
162 13.96686024828174 
163 13.32667365678518 
164 14.304924507259377 
165 13.999819757874745 
166 28.075263563037584 
167 24.594830417038043 
168 28.219957074326008 
169 35.697419486620824 
170 19.647844702399354 
171 20.294201040280633 
172 13.823745192196775 
173 15.882942789197049 
174 33.83130741992466 
175 26.29954477621299 
176 16.875227320276164 
177 15.608687238571578 
178 17.3617514477426 
179 25.090502312059197 
180 18.174547944137032 
181 11.947337537670979 
182 10.851313627837785 
183 14.709836709500028 
184 19.083147171631232 
185 16.40296592935582 
186 24.989746247937035 
187 25.133201104965753 
188 20.028670343576152 
189 17.443922726611074 
190 14.777938285263298 
191 28.29706390328152 
192 17.616538353304858 
193 12.886676744214627 
194 23.67509779240352 
195 28.29114701021888 
196 14.810918464635051 
197 17.062084563878514 
198 26.112073312705835 
199 23.2308348426189 
200 38.48303070895762 
201 21.326933344180773 
202 9.539403477968168 
203 8.48813992880517 
204 16.008060699509947 
205 15.122020161232172 
206 14.848670655290828 
207 20.645120642639863 
208 13.148164750801717 
209 8.893265228665873 
210 9.691269709236769 
211 10.499251538226622 
212 20.813235345199757 
213 16.1399463580007 
214 13.1166275760703 
215 14.077443823524476 
216 21.06187544566189 
217 13.863359621346836 
218 11.585483011123356 
219 16.670590900599763 
220 23.221060207612457 
221 14.734744637349204 
222 11.998741281947122 
223 11.711091504070943 
224 16.93340977173448 
225 6.363529333228142 
226 22.20206971389249 
227 15.330450705975665 
228 9.167957752636088 
229 17.344233687718905 
230 24.982452796473883 
231 20.450143589193512 
232 32.901146828571875 
233 34.65994562567658 
234 18.257139747970488 
235 14.606614638291353 
236 13.082221134022227 
237 15.94289254721894 
238 18.809381586618233 
239 37.4501459860532 
240 10.14386115961517 
241 11.761896349140917 
242 12.8350566886485 
243 14.9798711410163 
244 12.456910351791628 
245 26.94581033940009 
246 11.459408656499479 
247 14.515623756277016 
248 20.549031904052676 
249 18.213535401784746 
250 20.40924529219989 
251 9.322892332176762 
252 16.90454100283334 
253 20.937287534880472 
254 17.86581589405666 
255 15.983293828929417 
256 22.635085617454845 
257 14.22694987347955 
258 14.698238371746665 
259 15.024246961517933 
260 16.133427701018555 
261 21.525257242564983 
262 21.210134007585335 
263 24.441761264306194 
264 18.3944566266117 
265 17.60980770845579 
266 19.584359795672516 
267 19.520011914069773 
268 13.88883774682027 
269 13.543600192451137 
270 22.188210524088387 
271 22.589127414125528 
272 20.484701078860873 
273 17.28092026385072 
274 18.824154567690684 
275 15.981345018098686 
276 17.053066402120706 
277 14.13327582488678 
278 23.981429175862502 
279 11.582347726914994 
280 23.025257876274285 
281 22.53499817326084 
282 14.583912266427443 
283 15.989874575883496 
284 13.659602877622866 
285 17.705105150739982 
286 18.759997674179367 
287 17.615132628891093 
288 18.06737081516963 
289 22.227955165743662 
290 8.14601953815378 
291 10.571814570604722 
292 12.011076651689704 
293 1.533685804415481 
294 19.070305857533224 
295 17.948230340324105 
296 17.00473941335063 
297 12.673451134907781 
298 12.385328848873915 
299 15.565301616165364 
300 8.52937683528962 
301 11.691733033023825 
302 8.674448424483582 
303 14.547795443824745 
304 17.95722089976538 
305 22.663215738824558 
306 20.744779559415587 
307 20.663326485469227 
308 9.194244478153744 
309 9.524781029937074 
310 10.91212396356645 
311 12.107429046486386 
312 15.8043031010965 
313 14.887091335659347 
314 13.239178056248225 
315 30.046879477333945 
