0 1 
1 0 
2 1 
3 2 
4 0 
5 2 
6 0 
7 2 
8 0 
9 2 
10 0 
11 1 
12 2 
13 2 
14 2 
15 2 
16 2 
17 0 
18 2 
19 5 
20 2 
21 5 
22 2 
23 5 
24 1 
25 2 
26 4 
27 2 
28 1 
29 5 
30 2 
31 1 
32 2 
33 0 
34 1 
35 0 
36 4 
37 1 
38 1 
39 5 
40 1 
41 5 
42 4 
43 5 
44 4 
45 5 
46 1 
47 5 
48 1 
49 5 
50 1 
51 5 
52 4 
53 5 
54 4 
55 5 
56 4 
57 5 
58 4 
59 1 
60 4 
61 1 
62 4 
63 5 
64 1 
65 1 
66 1 
67 1 
68 1 
69 1 
70 1 
71 1 
72 1 
73 1 
74 0 
75 1 
76 1 
77 1 
78 1 
79 1 
80 1 
81 1 
82 2 
83 0 
84 2 
85 0 
86 2 
87 1 
88 1 
89 2 
90 2 
91 5 
92 2 
93 5 
94 2 
95 5 
96 2 
97 5 
98 1 
99 5 
100 0 
101 2 
102 0 
103 2 
104 0 
105 2 
106 1 
107 1 
108 1 
109 0 
110 4 
111 0 
112 4 
113 0 
114 2 
115 2 
116 0 
117 1 
118 1 
119 1 
120 1 
121 2 
122 1 
123 5 
124 1 
125 5 
126 2 
127 5 
128 2 
129 5 
130 0 
131 1 
132 0 
133 1 
134 2 
135 2 
136 2 
137 1 
138 2 
139 4 
140 2 
141 1 
142 0 
143 1 
144 1 
145 1 
146 2 
147 1 
148 2 
149 1 
150 2 
151 0 
152 2 
153 0 
154 0 
155 1 
156 0 
157 1 
158 2 
159 1 
160 1 
161 1 
162 0 
163 4 
164 0 
165 2 
166 0 
167 2 
168 0 
169 2 
170 2 
171 0 
172 1 
173 1 
174 1 
175 2 
176 1 
177 2 
178 2 
179 2 
180 2 
181 2 
182 1 
183 2 
184 1 
185 2 
186 1 
187 2 
188 1 
189 2 
190 1 
191 2 
192 1 
193 2 
194 1 
195 2 
196 2 
197 2 
198 2 
199 1 
200 2 
201 1 
202 2 
203 1 
204 0 
205 3 
206 0 
207 2 
208 4 
209 2 
210 0 
211 2 
212 1 
213 1 
214 4 
215 1 
216 4 
217 1 
218 1 
219 1 
220 1 
221 1 
222 2 
223 0 
224 0 
225 3 
226 0 
227 1 
228 4 
229 0 
230 4 
231 0 
232 4 
233 0 
234 4 
235 0 
236 2 
237 4 
238 2 
239 4 
240 2 
241 2 
242 2 
243 2 
244 1 
245 1 
246 2 
247 2 
248 1 
249 2 
250 1 
251 2 
252 1 
253 2 
254 1 
255 2 
256 1 
257 2 
258 1 
259 2 
260 1 
261 2 
262 2 
263 1 
264 2 
265 1 
266 2 
267 3 
268 3 
269 2 
270 3 
271 2 
272 1 
273 2 
274 1 
275 0 
276 1 
277 0 
278 1 
279 1 
280 1 
281 4 
282 1 
283 1 
284 1 
285 0 
286 1 
287 4 
288 1 
289 4 
290 1 
291 1 
292 1 
293 1 
294 1 
295 2 
296 1 
297 2 
298 1 
299 0 
300 0 
301 2 
