0 13.35208559486329 
1 12.191007676232164 
2 21.349621802115465 
3 24.074479686836334 
4 19.457619884858577 
5 10.995656060673586 
6 20.79930178125124 
7 15.361950247590027 
8 15.158582554798604 
9 11.200999845109465 
10 18.221764611327607 
11 16.540553756847032 
12 16.58463521587328 
13 10.103542969465135 
14 8.84950807981281 
15 17.934492961841723 
16 13.213652487855285 
17 16.388609296364603 
18 44.9088183648122 
19 14.187968500527697 
20 16.807671500759376 
21 26.647081993875553 
22 20.14855237811586 
23 22.827386524436704 
24 24.10062459418616 
25 13.898364393075843 
26 31.412595582783492 
27 18.68003954857616 
28 11.639980462679278 
29 14.519090839858489 
30 13.258345134533684 
31 32.580408118878026 
32 11.490582733596149 
33 14.46556142244724 
34 16.473575064412746 
35 9.187155561396592 
36 18.944633646193733 
37 27.794334183757993 
38 15.687440858445507 
39 24.778193934095018 
40 24.237806851278258 
41 17.966682230380083 
42 13.323794941518052 
43 9.005309612911399 
44 17.188925134829436 
45 18.539835213409244 
46 27.509766111788856 
47 19.081497657067466 
48 35.16705235268471 
49 23.29120784535848 
50 21.36735016174635 
51 14.727242722060119 
52 27.0799426675103 
53 24.642370760309504 
54 18.65893197145755 
55 29.438670372553975 
56 16.715768833767072 
57 19.68334357944333 
58 15.912589535024887 
59 11.19209298850452 
60 16.75135191264687 
61 14.067292728736248 
62 14.580870339083218 
63 16.211060908820357 
64 16.181541108706302 
65 19.304748053095715 
66 13.173065326633166 
67 25.63332457357282 
68 12.749806973280238 
69 11.50988038165907 
70 32.609538026154155 
71 14.649366253016803 
72 7.543549419796695 
73 12.10121118747151 
74 20.89181771541569 
75 11.117571593668162 
76 15.838619413552857 
77 14.452203336101357 
78 24.079040582355947 
79 27.069631159443674 
80 12.490928800314483 
81 22.91318313921727 
82 19.193527573251817 
83 26.785945103649112 
84 17.145361195591747 
85 24.12960235640648 
86 22.688960894942685 
87 35.72721852161025 
88 21.942704082700317 
89 12.880107602827644 
90 9.71767497034401 
91 11.272222998613247 
92 12.668513143309342 
93 11.222308138928206 
94 24.892307327089934 
95 11.717045752948604 
96 16.15020061146065 
97 19.167739842154088 
98 17.06756949220133 
99 10.591650021085805 
100 22.471371704410906 
101 15.154036809283975 
102 16.83519641645828 
103 13.986421416280962 
104 17.774508100503024 
105 27.469588509977797 
106 12.936040020479037 
107 33.30213502505022 
108 8.53312500508614 
109 14.839582087651207 
110 15.25978316233719 
111 18.298318631172073 
112 20.764292362224996 
113 6.398310992734157 
114 18.203180334698978 
115 17.899744795623118 
116 10.044384628463732 
117 11.306834019404075 
118 12.59047887780556 
119 13.034370455082229 
120 14.695972390112297 
121 14.850563317447616 
122 15.761601449030284 
123 12.506534593239088 
124 8.453991167690921 
125 18.067292988554765 
126 16.46704278215532 
127 24.860733083598085 
128 19.48582339523064 
129 46.70821176418183 
130 16.411052594511265 
131 26.95741371553442 
132 11.278679355381724 
133 8.189744621110203 
134 11.076965332192442 
135 10.778808866045615 
136 16.85440919410902 
137 18.25594776931447 
138 12.96603232308244 
139 17.512970934917764 
140 20.059322317606828 
141 17.12540983271884 
142 10.297723567654627 
143 15.09307078907217 
144 12.821285336985229 
145 11.862256210688267 
146 12.164525316272137 
147 16.398028000516067 
148 6.545152662345161 
149 54.43683889472933 
150 16.59027676145196 
151 16.59953458183603 
152 14.626836940373979 
153 5.4295267696139415 
154 13.99127360064047 
155 25.01060816572352 
156 15.690609884292945 
157 29.98523009172213 
158 23.89535572672166 
159 19.784172865478318 
160 50.596571649154974 
161 15.033832632593883 
162 19.633037657687176 
163 18.192915947359747 
164 12.344066654305836 
165 10.218022271432783 
166 16.06022338710604 
167 13.520766443593413 
168 18.303109644873842 
169 18.433017056116867 
170 13.771276787854312 
171 18.26151166840822 
172 14.630306328177866 
173 14.578184358609855 
174 24.402655356384432 
175 27.321074264423295 
176 11.530700946526608 
177 13.249926552583611 
178 13.662717556655124 
179 8.694407707902341 
180 16.628161163331892 
181 10.288327004778305 
182 12.351518649618056 
183 10.39599062098777 
184 17.23186143202248 
185 9.209850356268458 
186 10.210311326197507 
187 12.051558773668937 
188 20.836188952751876 
189 7.028766586117097 
190 9.503028105989374 
191 34.50313006424652 
192 4.472507376329846 
193 16.527843891367056 
194 4.08947042563875 
195 18.074222183917954 
196 17.092539162469233 
197 16.93142744113385 
198 19.0100618212803 
199 31.74448825750982 
200 15.359643758262443 
201 15.612870564762288 
202 14.75423353196519 
203 15.05563432608126 
204 14.910536157384696 
205 46.964482465176694 
206 19.723329116840734 
207 22.078305452325054 
208 11.646994465718276 
209 30.976676858539754 
210 8.88085609143612 
211 29.668772237587625 
212 8.291022663253507 
213 8.764921123517082 
214 13.889987614499645 
215 13.00236840473681 
216 19.98353407531636 
217 13.27613886708364 
218 7.854869610000468 
219 11.857393654464293 
220 22.13796961923763 
221 25.66956351440672 
222 11.195946901851709 
223 17.012533361455656 
224 26.012316813753156 
225 17.042949671274513 
226 17.185544538228303 
227 17.366208321429607 
228 18.24387782620421 
229 27.426837641489076 
230 16.29957330390244 
231 12.971846885157683 
232 20.152521525215253 
233 16.037747536583222 
234 13.805499417406702 
235 14.355107433038311 
236 18.702779350845667 
237 46.21313353900397 
238 14.624184989156433 
239 21.46434127568984 
240 14.084865743414777 
241 39.6583239568461 
242 15.957571307368333 
243 18.583453329847895 
244 16.865252618669455 
245 13.427960404154234 
246 16.45870710019699 
247 10.198493922439681 
248 7.920999703503381 
249 12.983773007844182 
250 24.10519540229885 
251 12.885805749958525 
252 24.15795415274738 
253 16.737714992617423 
254 17.642844523711375 
255 23.337473014177295 
256 25.63771172195429 
257 13.779963663483114 
258 16.757241368288998 
259 15.716008258362342 
260 17.84066219193698 
261 17.747207365784305 
262 16.440900930564375 
263 28.991014404600627 
264 17.547700430502505 
265 15.501275048230085 
266 15.521984183082486 
267 15.85742208914144 
268 30.33349967094082 
269 15.304718430376607 
270 40.56229933078024 
271 13.935675934293764 
272 13.935675934293764 
273 13.083853498912877 
274 13.935675934293764 
275 14.69154544276352 
276 49.03210119005868 
277 8.133918736522022 
278 16.39046655125655 
279 10.17948475250889 
280 13.388398200964636 
281 14.917642372423211 
282 8.632813014555753 
283 9.655640451300563 
284 23.647200766758754 
285 20.042260587844584 
286 22.371888351352936 
287 12.241532386342078 
288 16.088314378320323 
289 17.19174331480662 
290 23.51475873049689 
291 13.429594195659552 
292 8.556870297530642 
293 11.498016639938594 
294 13.112199025878617 
295 12.968999103305402 
296 22.777923199322252 
297 17.38441898635542 
298 24.77219383988424 
299 15.285865790058711 
300 47.6008806773044 
301 10.060357771626762 
302 5.187156966289634 
303 18.546229560388053 
