0 30.7449351835948 
1 29.502503654605 
2 30.6686638862172 
3 27.9297264963574 
4 30.0156536139278 
5 27.8659559087672 
6 29.513348038063 
7 29.3176931498974 
8 30.398050104907 
9 30.1770084980374 
10 30.5777379446054 
11 30.0897221618612 
12 29.9455317871006 
13 29.4619681247878 
14 29.4517144466352 
15 28.8568558123876 
16 29.9614222599496 
17 29.8731911208048 
18 30.1445692706898 
19 30.8405106622246 
20 31.4322574878438 
21 31.740691185573 
22 31.7759374041804 
23 32.1633642792102 
24 32.7781960327774 
25 32.4432654561188 
26 33.5704294298006 
27 10.7958489588232 
28 34.36322155036 
29 11.043123213568334 
30 35.1782595278792 
31 11.247834313163532 
32 35.0178027823 
33 11.3471147366958 
34 32.7490576158738 
35 10.924245809510333 
36 30.6524175634202 
37 10.453341663078733 
38 29.99155219704 
39 10.3873626193906 
40 28.4266831653302 
41 9.879010915030333 
42 27.7349502758752 
43 9.804843736124534 
44 28.220302852268 
45 10.1199607805036 
46 28.389196665337 
47 9.997089054208667 
48 10.204851217256067 
49 10.677369698391201 
50 10.391975383568733 
51 10.999202136276667 
52 10.803546885157067 
53 11.558159005526733 
54 10.583534750182467 
55 11.3469452164482 
56 10.150596157981933 
57 10.824571044747133 
58 10.2512652629134 
59 10.707106165947799 
60 10.3700692240134 
61 10.652939563877267 
62 10.429940641207333 
63 10.926745702658133 
64 10.929144417912932 
65 11.490893260396 
66 10.965692005055532 
67 11.514849813352733 
68 10.886710535218599 
69 11.499346532246333 
70 11.252198338225533 
71 11.836955191837268 
72 11.374539762475868 
73 11.8854386367032 
74 11.102204434306133 
75 11.720184821578933 
76 11.280696043156867 
77 11.702473326929 
78 10.928953579405933 
79 11.534789463936 
80 10.7229910128636 
81 11.332600135836934 
82 10.743456404937932 
83 11.347991409988934 
84 10.568234779939266 
85 11.3284968267166 
86 11.0228341527986 
87 11.7630636107806 
88 11.0763695024672 
89 11.837700768610134 
90 11.756160427001399 
91 12.030404264760866 
92 12.088883879909 
93 12.002736316528333 
94 12.100181447310598 
95 11.9969656528384 
96 12.339888030502266 
97 12.160741683470468 
98 11.967287701869132 
99 12.159148695023333 
100 11.8866566510408 
101 12.410591091842667 
102 11.558924191001 
103 11.9564881378494 
104 11.710375197881602 
105 12.443966397721468 
106 11.803883660805134 
107 12.845752468172668 
108 11.8195921380658 
109 12.811399769347666 
110 12.642638210806666 
111 13.582227783228065 
112 12.521319591683799 
113 13.1112681927272 
114 12.023856126080402 
115 12.356442929316001 
116 11.752010900952 
117 11.96521818899 
118 11.024496697859268 
119 11.2583626977096 
120 10.176857315245467 
121 10.547322327462133 
122 10.418187100733066 
123 11.0212672803014 
124 10.153846558542533 
125 10.642538621206134 
126 10.306855875129399 
127 10.737295675163066 
128 10.946146181247466 
129 11.377059194694935 
130 10.771709269469467 
131 11.110329313844199 
132 10.795889873845134 
133 11.195906700809466 
134 10.6598045732988 
135 11.129718074246066 
136 10.384162263628934 
137 10.772441196666135 
138 10.6057131692624 
139 10.824544875523467 
140 10.967874235188733 
141 11.214349533687733 
142 11.622910080559533 
143 11.930375168443932 
144 11.455141339315134 
145 11.904747914971601 
146 11.558137751381933 
147 12.195695495749668 
148 12.102209823943134 
149 12.504578186665134 
150 12.090690054140735 
151 12.177942466420065 
152 12.496513508329867 
153 12.514672739488134 
154 12.690766685423533 
155 12.593987366066266 
156 12.274233572083402 
157 12.332788415896667 
158 11.953401300680667 
159 12.007664628187067 
160 12.060374441618066 
161 11.980672182349267 
162 11.803899986754601 
163 11.600921882864066 
164 11.489661803823866 
165 11.612091989542465 
166 11.4735790890276 
167 11.805754597428466 
168 11.872139629425199 
169 12.216490757719667 
170 12.188313214579201 
171 12.490792174629666 
172 12.6716694567698 
173 12.818584933814135 
174 12.995225806782132 
175 12.977094138458133 
176 12.6002117112878 
177 12.4500737146158 
178 12.221474812456668 
179 11.953164413724535 
180 12.013651482672133 
181 11.532191469406799 
182 11.779260549639801 
183 11.450511716569332 
184 11.526494393229001 
185 11.7165264911434 
186 12.269109232512733 
187 12.506537291849334 
188 12.719628032464135 
189 13.0873634468024 
190 12.814366121665067 
191 13.170646666599067 
192 13.362997331554 
193 13.499569184239933 
194 13.033952297622067 
195 13.303698225907134 
196 13.0403731160104 
197 13.2792174923218 
198 13.305600870998333 
199 13.514396835906533 
200 12.651538596983 
201 12.9388847910756 
202 12.787823573346868 
203 13.054933867302735 
204 12.947722897536666 
205 13.173206184045599 
206 12.307350224202734 
207 12.634718020012867 
208 12.327924492591 
209 12.447123365025467 
210 12.0160370048406 
211 11.94529590021 
212 11.6792340293948 
213 11.5197801538896 
214 11.479484833022466 
215 11.219939694777866 
216 11.7011413734292 
217 11.4885437335686 
218 11.484081761526733 
219 11.3554409809484 
220 11.311749058171666 
221 11.464234253143333 
222 11.117090672635333 
223 11.235410696284 
224 10.967935948872865 
225 10.934821134756598 
226 11.2557636241982 
227 11.296111843960935 
228 10.880909407138398 
229 10.875147161013134 
230 10.905177002845468 
231 10.729537962226333 
232 11.124685755909068 
233 10.883865665782734 
234 11.232589454607933 
235 11.014315054382001 
236 11.224945755146267 
237 11.064017144351332 
238 11.338287428653333 
239 11.2245196204994 
240 11.364893412031932 
241 11.3776648941002 
242 11.754447076988 
243 11.682788493120599 
244 12.255265107368134 
245 12.182958844631868 
246 12.819991655312132 
247 12.677353504258 
248 12.716147878388867 
249 12.399693140858867 
250 12.953045751715067 
251 12.546058567724133 
252 12.983610058237 
253 12.335562294570266 
254 12.860035647139801 
255 12.3006157741306 
256 13.066022628678667 
257 12.3791376486842 
258 12.483705673862401 
259 11.984642355519467 
260 12.4631309899776 
261 12.121025451970533 
262 12.600381634420868 
263 12.305824325550468 
264 12.651410195110001 
265 12.921922796158867 
266 12.840081726247734 
267 13.0900961717006 
268 12.378632879222534 
269 12.747221375191467 
270 12.051364457603 
271 12.338247238756734 
272 11.592446835891666 
273 11.820501169164734 
274 11.727804720900266 
275 11.9698015951794 
276 12.1932916328216 
277 12.320083451694266 
278 11.859087329366334 
279 12.041405581451933 
280 11.706211266796466 
281 11.631782258569666 
282 11.205624374966 
283 11.2320457273116 
284 11.037104971482266 
285 11.138447477221668 
286 11.172685527980265 
287 11.396756685112999 
288 11.592777681700733 
289 11.7269567483996 
290 12.068226353113467 
291 11.821045676332401 
292 12.390195527719667 
293 12.306855024727065 
294 12.390343065504068 
295 12.113107173301666 
296 12.573432295451534 
297 12.126036747564733 
298 11.944049048379933 
299 11.730033906304334 
300 11.458765471420667 
301 11.093452582451334 
302 11.789843392958199 
303 11.48247575259 
304 11.206335677576066 
305 11.159187779578735 
306 11.822081662034668 
307 12.073773421445132 
308 12.316851835277065 
309 12.428176806613132 
310 12.181494117447201 
311 12.206884703253001 
312 12.813818824381668 
313 12.880804960720601 
314 12.750972315285601 
315 12.733352583736734 
316 12.957941117742132 
317 13.036831306812866 
318 12.9561173860142 
319 12.9243655573866 
320 12.9277115596608 
321 12.766020173754733 
322 13.048447589812065 
323 12.6441724618062 
324 12.513058401603466 
325 12.317159672023534 
326 12.523896922236 
327 12.5196131201818 
328 12.327056877477467 
329 12.442800669587266 
330 12.1905270934326 
331 12.266610178269934 
332 12.5158527166812 
333 12.7243637236202 
334 12.375879878819534 
335 12.716750310059401 
336 12.352258518348867 
337 12.702326123806133 
338 12.5044155267078 
339 13.043534526139332 
340 12.149233164658668 
341 12.3519151012732 
342 11.971755651219667 
343 12.180058936096001 
344 12.043754157459267 
345 12.207493329559334 
346 11.413334273435934 
347 11.470946088481666 
348 11.728242485737134 
349 11.754442872591268 
350 12.1296934597032 
351 11.780096197820265 
352 11.936410039028333 
353 11.771205990771668 
354 12.6021760680202 
355 12.229783420082468 
356 12.491258370737265 
357 12.219593506159868 
358 12.139013351265532 
359 12.289093912847333 
360 12.023130058007267 
361 11.994061024307799 
362 12.113588386678666 
363 12.415699290432999 
364 12.328211201652133 
365 12.241422224227135 
366 12.824122038086665 
367 12.637441410200333 
368 13.2571081097604 
369 13.060511132370332 
370 12.822464033849734 
371 12.411840575257534 
372 12.3475082015128 
373 12.351916977621 
374 12.365968380146533 
375 12.434975676779201 
376 12.121151877676 
377 12.188307785354533 
378 12.607996157266934 
379 12.650037075246466 
380 13.0556663585228 
381 13.093468558934399 
382 12.900245522169866 
383 13.114265031615266 
384 12.518575971509135 
385 12.844675701155532 
386 12.251791591826398 
387 12.6581779762094 
388 12.2974655076668 
389 12.578725852028468 
390 12.3233262137606 
391 12.335742376549867 
392 12.998885016494933 
393 12.838638408059198 
394 13.0191408710962 
395 12.972962119261068 
396 12.969593479747333 
397 12.767394721373135 
398 13.262615092342534 
399 13.159459111581867 
400 13.358776736254933 
401 13.046985968689134 
402 13.120862032048267 
403 12.803872226688467 
404 13.036024333526468 
405 13.019913498070933 
406 12.866760871818066 
407 12.621009414611335 
408 12.266790153758132 
409 12.226684908999198 
410 12.266790153758132 
411 12.226684908999198 
412 12.266790153758132 
413 12.226684908999198 
414 12.3477480563508 
415 12.041243332969799 
416 12.133167990391867 
417 11.948370258937866 
418 11.839797977003066 
419 11.775157983959067 
420 12.2903055868344 
421 12.148352830377666 
422 12.2574542643536 
423 12.4619438338512 
424 12.486676681442267 
425 12.321805302739266 
426 12.624161594822866 
427 12.4425909887264 
428 12.379005151797934 
429 12.381897975643334 
430 12.354292523143066 
431 12.273272973405932 
432 12.030904929203134 
433 12.0625344699522 
434 11.815580759662067 
435 11.8785533238616 
436 11.899727645860601 
437 11.930481667069332 
438 11.949382677637333 
439 11.997515009603932 
440 12.104355326507866 
441 12.214224153865066 
442 12.290810892040867 
443 12.426167261018 
444 11.860162516807799 
445 12.478792774357865 
446 11.782324989841468 
447 12.029473287743999 
448 11.035925650459 
449 11.251062670548132 
450 10.5747248976132 
451 10.6878644751064 
452 10.614758498460533 
453 10.055745759980933 
454 10.465870163155534 
455 10.1368396074824 
456 10.727717643642668 
457 10.4007091790298 
458 11.022026397296868 
459 10.946650679460333 
460 11.5126173209748 
461 11.306181314158001 
462 11.7089887695764 
463 11.533764695431401 
464 12.3932876514234 
465 11.615748983017532 
466 12.4246163886722 
467 11.460189828244198 
468 12.620008794318133 
469 11.825632816687333 
470 12.576875902800735 
471 11.693136687055933 
472 12.3240758631402 
473 12.136357739207734 
474 12.460203915875601 
475 12.174990415992866 
476 12.120542512158934 
477 11.914991689793666 
478 12.736151959187 
479 12.5396674066716 
480 13.158064249646467 
481 12.830208586061334 
482 13.507069466214332 
483 13.178923447595933 
484 13.337269032379133 
485 13.1564734141892 
486 13.023291017494467 
487 12.7185308412004 
488 12.6266840913054 
489 12.017571367391733 
490 12.040859040858066 
491 11.6441487651178 
492 12.253401092346666 
493 11.780372311280532 
494 12.014753851446 
495 11.772878900974133 
496 11.57933100825 
497 11.770341058558534 
498 11.553471080982733 
499 11.5743608551472 
500 11.383864752809068 
501 11.526528688816533 
502 11.345593670484334 
503 11.662121783064267 
504 11.549718062695066 
505 11.783107498320334 
506 11.857687144502066 
507 12.052896487404333 
508 11.9448124965242 
509 12.103266221960068 
510 11.7254311998672 
511 11.782127844300334 
512 12.369895327090466 
513 12.4517110668232 
514 12.05456489092 
515 12.277634393522133 
516 11.581736304597799 
517 11.711160017359932 
518 11.7138784591302 
519 11.861118785184601 
520 11.4051839596342 
521 11.4256839560516 
522 11.619659645045667 
523 11.5782013764562 
524 12.251030267668268 
525 12.129419291357534 
526 12.446080984623933 
527 12.419134214048265 
528 12.420044252532334 
529 12.3467463797262 
530 12.032069073204466 
531 12.005405239534268 
532 11.650229870840134 
533 11.695290153898666 
534 11.3010249917402 
535 11.1015534032842 
536 11.414450166191733 
537 11.088874424946667 
538 11.7063621065468 
539 11.697855878599599 
540 11.257805659838935 
541 11.3807857419828 
542 11.8534845266226 
543 11.982464637030866 
544 11.1874725818572 
545 11.579031784848333 
546 11.1634970905844 
547 11.460292696994733 
548 12.186269724911734 
549 12.090542590438467 
550 11.753730051889066 
551 11.980412863354333 
552 12.7094506190406 
553 12.850258468081734 
554 12.552303015392667 
555 12.706078473821135 
556 12.035304131139801 
557 12.31292782935 
558 11.835388087559467 
559 11.9138500186642 
560 10.921027704974334 
561 10.990414136702732 
562 11.069876824837934 
563 11.009781289740067 
564 11.240857040328933 
565 11.650143458845134 
566 11.422897150514466 
567 11.826538454118266 
568 11.401151621436734 
569 11.916395021939401 
570 11.737477603615067 
571 12.229218137484333 
572 12.138551364557934 
573 12.239790819094933 
574 12.393238522510266 
575 12.4018265648996 
576 12.9553280848528 
577 12.867975112326334 
578 12.574967880213933 
579 12.600450567652267 
580 11.943990428075532 
581 11.923351181106133 
582 11.134926026869666 
583 11.101460576884266 
584 11.0818317422306 
585 10.753728955795667 
586 11.318050264303068 
587 10.652447106893801 
588 11.3633073555906 
589 10.765390910192467 
590 12.094376915733866 
591 11.7379845828698 
592 11.863058519849334 
593 11.898808108429733 
594 12.291719664681734 
595 12.150551988255868 
596 12.258705702688866 
597 12.1664462152764 
598 12.148816468214134 
599 11.838199437743802 
600 12.199734313120734 
601 11.949132557269868 
602 11.812847481004134 
603 11.7661032873882 
604 11.9771768571204 
605 11.933621622717867 
606 12.175869845827267 
607 12.165327166973334 
608 12.7034015511574 
609 12.732001142355067 
610 13.2045409629144 
611 13.135549985314732 
612 13.307361950980665 
613 13.260336280544132 
614 12.842313790336734 
615 12.8059550122032 
616 12.4622600319664 
617 12.565747215772333 
618 12.1772747211082 
619 12.037229602728999 
620 12.201428085903332 
621 12.125275439770066 
622 12.4885665138958 
623 12.203981734593933 
624 12.397769064058666 
625 11.930505217803868 
626 11.9343653587586 
627 11.918315562642666 
628 11.918315562642666 
629 11.8902345685948 
630 12.3262338127564 
631 12.325696140950265 
632 11.8015652598126 
633 11.628569651037132 
634 12.390741376722533 
635 12.234556873515134 
636 12.502825243016801 
637 12.289444661920534 
638 12.352669379006334 
639 12.090434704887466 
640 12.285284992307533 
641 12.058836363840468 
642 12.019824432263066 
643 12.0453755960436 
644 12.2814074923636 
645 11.973232138206468 
646 12.190880786399 
647 11.911579350673 
648 12.904465414056 
649 12.408024965012734 
650 12.416182084431199 
651 12.173900687287201 
652 11.856460963973333 
653 12.205454294878999 
654 11.955723082595801 
655 12.325618668305866 
656 11.912663140140268 
657 12.412341509187668 
658 12.187313098846735 
659 12.4396004330054 
660 12.5616837772958 
661 12.5728098041132 
662 12.3077698609562 
663 12.247619328509133 
664 11.887292585816667 
665 11.971593607527 
666 11.785083425762267 
667 11.547499536146667 
668 11.825977256908066 
669 11.185206463884265 
670 11.492113624439668 
671 10.7565743350242 
672 11.538860316809666 
673 11.2376050207872 
674 11.886219557302068 
675 11.449224275732334 
676 12.119133392495932 
677 11.964620373591002 
678 12.980808866973733 
679 12.885228376337865 
680 13.0219691372018 
681 12.596277177734066 
682 12.750613502494666 
683 12.7801360122274 
684 12.099614761626533 
685 12.306070454855934 
686 11.702090726211999 
687 12.063294661678334 
688 12.057572841454933 
689 12.365312840053733 
690 12.3504482452428 
691 12.358348523344468 
692 12.684977123429933 
693 12.798281347428267 
694 12.143266762266066 
695 12.172347154343333 
696 11.8039277598212 
697 11.661904697873 
698 10.958461558896934 
699 11.033058585798933 
700 10.620378038913534 
701 10.395722193736333 
702 10.757134952977 
703 10.7854919784756 
704 10.849117407808668 
705 10.909530565971266 
706 11.300586351766265 
707 11.204938979931534 
708 11.531828958247532 
709 11.6139978830288 
710 12.139859723991465 
711 11.938414419687733 
712 12.417122799981668 
713 12.1145999270288 
714 12.797630336645598 
715 12.473918922170933 
716 30.9448734476062 
717 30.7449351835948 
718 29.502503654605 
719 30.6686638862172 
720 27.9297264963574 
721 30.0156536139278 
722 27.8659559087672 
723 29.513348038063 
724 29.3176931498974 
725 30.398050104907 
726 30.1770084980374 
727 30.5777379446054 
728 30.0897221618612 
729 29.9455317871006 
730 29.4619681247878 
731 29.4517144466352 
732 28.8568558123876 
733 29.9614222599496 
734 29.8731911208048 
735 30.1445692706898 
736 30.8405106622246 
737 31.4322574878438 
738 31.740691185573 
739 31.7759374041804 
740 32.1633642792102 
741 32.7781960327774 
742 32.4432654561188 
743 33.5704294298006 
744 10.7958489588232 
745 34.36322155036 
746 11.043123213568334 
747 35.1782595278792 
748 11.247834313163532 
749 35.0178027823 
750 11.3471147366958 
751 32.7490576158738 
752 10.924245809510333 
753 30.6524175634202 
754 10.453341663078733 
755 29.99155219704 
756 10.3873626193906 
757 28.4266831653302 
758 9.879010915030333 
759 27.7349502758752 
760 9.804843736124534 
761 28.220302852268 
762 10.1199607805036 
763 28.389196665337 
764 9.997089054208667 
765 10.204851217256067 
766 10.677369698391201 
767 10.391975383568733 
768 10.999202136276667 
769 10.803546885157067 
770 11.558159005526733 
771 10.583534750182467 
772 11.3469452164482 
773 10.150596157981933 
774 10.824571044747133 
775 10.2512652629134 
776 10.707106165947799 
777 10.3700692240134 
778 10.652939563877267 
779 10.429940641207333 
780 10.926745702658133 
781 10.929144417912932 
782 11.490893260396 
783 10.965692005055532 
784 11.514849813352733 
785 10.886710535218599 
786 11.499346532246333 
787 11.252198338225533 
788 11.836955191837268 
789 11.374539762475868 
790 11.8854386367032 
791 11.102204434306133 
792 11.720184821578933 
793 11.280696043156867 
794 11.702473326929 
795 10.928953579405933 
796 11.534789463936 
797 10.7229910128636 
798 11.332600135836934 
799 10.743456404937932 
800 11.347991409988934 
801 10.568234779939266 
802 11.3284968267166 
803 11.0228341527986 
804 11.7630636107806 
805 11.0763695024672 
806 11.837700768610134 
807 11.756160427001399 
808 12.030404264760866 
809 12.088883879909 
810 12.002736316528333 
811 12.100181447310598 
812 11.9969656528384 
813 12.339888030502266 
814 12.160741683470468 
815 11.967287701869132 
816 12.159148695023333 
817 11.8866566510408 
818 12.410591091842667 
819 11.558924191001 
820 11.9564881378494 
821 11.710375197881602 
822 12.443966397721468 
823 11.803883660805134 
824 12.845752468172668 
825 11.8195921380658 
826 12.811399769347666 
827 12.642638210806666 
828 13.582227783228065 
829 12.521319591683799 
830 13.1112681927272 
831 12.023856126080402 
832 12.356442929316001 
833 11.752010900952 
834 11.96521818899 
835 11.024496697859268 
836 11.2583626977096 
837 10.176857315245467 
838 10.547322327462133 
839 10.418187100733066 
840 11.0212672803014 
841 10.153846558542533 
842 10.642538621206134 
843 10.306855875129399 
844 10.737295675163066 
845 10.946146181247466 
846 11.377059194694935 
847 10.771709269469467 
848 11.110329313844199 
849 10.795889873845134 
850 11.195906700809466 
851 10.6598045732988 
852 11.129718074246066 
853 10.384162263628934 
854 10.772441196666135 
855 10.6057131692624 
856 10.824544875523467 
857 10.967874235188733 
858 11.214349533687733 
859 11.622910080559533 
860 11.930375168443932 
861 11.455141339315134 
862 11.904747914971601 
863 11.558137751381933 
864 12.195695495749668 
865 12.102209823943134 
866 12.504578186665134 
867 12.090690054140735 
868 12.177942466420065 
869 12.496513508329867 
870 12.514672739488134 
871 12.690766685423533 
872 12.593987366066266 
873 12.274233572083402 
874 12.332788415896667 
875 11.953401300680667 
876 12.007664628187067 
877 12.060374441618066 
878 11.980672182349267 
879 11.803899986754601 
880 11.600921882864066 
881 11.489661803823866 
882 11.612091989542465 
883 11.4735790890276 
884 11.805754597428466 
885 11.872139629425199 
886 12.216490757719667 
887 12.188313214579201 
888 12.490792174629666 
889 12.6716694567698 
890 12.818584933814135 
891 12.995225806782132 
892 12.977094138458133 
893 12.6002117112878 
894 12.4500737146158 
895 12.221474812456668 
896 11.953164413724535 
897 12.013651482672133 
898 11.532191469406799 
899 11.779260549639801 
900 11.450511716569332 
901 11.526494393229001 
902 11.7165264911434 
903 12.269109232512733 
904 12.506537291849334 
905 12.719628032464135 
906 13.0873634468024 
907 12.814366121665067 
908 13.170646666599067 
909 13.362997331554 
910 13.499569184239933 
911 13.033952297622067 
912 13.303698225907134 
913 13.0403731160104 
914 13.2792174923218 
915 13.305600870998333 
916 13.514396835906533 
917 12.651538596983 
918 12.9388847910756 
919 12.787823573346868 
920 13.054933867302735 
921 12.947722897536666 
922 13.173206184045599 
923 12.307350224202734 
924 12.634718020012867 
925 12.327924492591 
926 12.447123365025467 
927 12.0160370048406 
928 11.94529590021 
929 11.6792340293948 
930 11.5197801538896 
931 11.479484833022466 
932 11.219939694777866 
933 11.7011413734292 
934 11.4885437335686 
935 11.484081761526733 
936 11.3554409809484 
937 11.311749058171666 
938 11.464234253143333 
939 11.117090672635333 
940 11.235410696284 
941 10.967935948872865 
942 10.934821134756598 
943 11.2557636241982 
944 11.296111843960935 
945 10.880909407138398 
946 10.875147161013134 
947 10.905177002845468 
948 10.729537962226333 
949 11.124685755909068 
950 10.883865665782734 
951 11.232589454607933 
952 11.014315054382001 
953 11.224945755146267 
954 11.064017144351332 
955 11.338287428653333 
956 11.2245196204994 
957 11.364893412031932 
958 11.3776648941002 
959 11.754447076988 
960 11.682788493120599 
961 12.255265107368134 
962 12.182958844631868 
963 12.819991655312132 
964 12.677353504258 
965 12.716147878388867 
966 12.399693140858867 
967 12.953045751715067 
968 12.546058567724133 
969 12.983610058237 
970 12.335562294570266 
971 12.860035647139801 
972 12.3006157741306 
973 13.066022628678667 
974 12.3791376486842 
975 12.483705673862401 
976 11.984642355519467 
977 12.4631309899776 
978 12.121025451970533 
979 12.600381634420868 
980 12.305824325550468 
981 12.651410195110001 
982 12.921922796158867 
983 12.840081726247734 
984 13.0900961717006 
985 12.378632879222534 
986 12.747221375191467 
987 12.051364457603 
988 12.338247238756734 
989 11.592446835891666 
990 11.820501169164734 
991 11.727804720900266 
992 11.9698015951794 
993 12.1932916328216 
994 12.320083451694266 
995 11.859087329366334 
996 12.041405581451933 
997 11.706211266796466 
998 11.631782258569666 
999 11.205624374966 
1000 11.2320457273116 
1001 11.037104971482266 
1002 11.138447477221668 
1003 11.172685527980265 
1004 11.396756685112999 
1005 11.592777681700733 
1006 11.7269567483996 
1007 12.068226353113467 
1008 11.821045676332401 
1009 12.390195527719667 
1010 12.306855024727065 
1011 12.390343065504068 
1012 12.113107173301666 
1013 12.573432295451534 
1014 12.126036747564733 
1015 11.944049048379933 
1016 11.730033906304334 
1017 11.458765471420667 
1018 11.093452582451334 
1019 11.789843392958199 
1020 11.48247575259 
1021 11.206335677576066 
1022 11.159187779578735 
1023 11.822081662034668 
1024 12.073773421445132 
1025 12.316851835277065 
1026 12.428176806613132 
1027 12.181494117447201 
1028 12.206884703253001 
1029 12.813818824381668 
1030 12.880804960720601 
1031 12.750972315285601 
1032 12.733352583736734 
1033 12.957941117742132 
1034 13.036831306812866 
1035 12.9561173860142 
1036 12.9243655573866 
1037 12.9277115596608 
1038 12.766020173754733 
1039 13.048447589812065 
1040 12.6441724618062 
1041 12.513058401603466 
1042 12.317159672023534 
1043 12.523896922236 
1044 12.5196131201818 
1045 12.327056877477467 
1046 12.442800669587266 
1047 12.1905270934326 
1048 12.266610178269934 
1049 12.5158527166812 
1050 12.7243637236202 
1051 12.375879878819534 
1052 12.716750310059401 
1053 12.352258518348867 
1054 12.702326123806133 
1055 12.5044155267078 
1056 13.043534526139332 
1057 12.149233164658668 
1058 12.3519151012732 
1059 11.971755651219667 
1060 12.180058936096001 
1061 12.043754157459267 
1062 12.207493329559334 
1063 11.413334273435934 
1064 11.470946088481666 
1065 11.728242485737134 
1066 11.754442872591268 
1067 12.1296934597032 
1068 11.780096197820265 
1069 11.936410039028333 
1070 11.771205990771668 
1071 12.6021760680202 
1072 12.229783420082468 
1073 12.491258370737265 
1074 12.219593506159868 
1075 12.139013351265532 
1076 12.289093912847333 
1077 12.023130058007267 
1078 11.994061024307799 
1079 12.113588386678666 
1080 12.415699290432999 
1081 12.328211201652133 
1082 12.241422224227135 
1083 12.824122038086665 
1084 12.637441410200333 
1085 13.2571081097604 
1086 13.060511132370332 
1087 12.822464033849734 
1088 12.411840575257534 
1089 12.3475082015128 
1090 12.351916977621 
1091 12.365968380146533 
1092 12.434975676779201 
1093 12.121151877676 
1094 12.188307785354533 
1095 12.607996157266934 
1096 12.650037075246466 
1097 13.0556663585228 
1098 13.093468558934399 
1099 12.900245522169866 
1100 13.114265031615266 
1101 12.518575971509135 
1102 12.844675701155532 
1103 12.251791591826398 
1104 12.6581779762094 
1105 12.2974655076668 
1106 12.578725852028468 
1107 12.3233262137606 
1108 12.335742376549867 
1109 12.998885016494933 
1110 12.838638408059198 
1111 13.0191408710962 
1112 12.972962119261068 
1113 12.969593479747333 
1114 12.767394721373135 
1115 13.262615092342534 
1116 13.159459111581867 
1117 13.358776736254933 
1118 13.046985968689134 
1119 13.120862032048267 
1120 12.803872226688467 
1121 13.036024333526468 
1122 13.019913498070933 
1123 12.866760871818066 
1124 12.621009414611335 
1125 12.266790153758132 
1126 12.226684908999198 
1127 12.266790153758132 
1128 12.226684908999198 
1129 12.266790153758132 
1130 12.226684908999198 
1131 12.3477480563508 
1132 12.041243332969799 
1133 12.133167990391867 
1134 11.948370258937866 
1135 11.839797977003066 
1136 11.775157983959067 
1137 12.2903055868344 
1138 12.148352830377666 
1139 12.2574542643536 
1140 12.4619438338512 
1141 12.486676681442267 
1142 12.321805302739266 
1143 12.624161594822866 
1144 12.4425909887264 
1145 12.379005151797934 
1146 12.381897975643334 
1147 12.354292523143066 
1148 12.273272973405932 
1149 12.030904929203134 
1150 12.0625344699522 
1151 11.815580759662067 
1152 11.8785533238616 
1153 11.899727645860601 
1154 11.930481667069332 
1155 11.949382677637333 
1156 11.997515009603932 
1157 12.104355326507866 
1158 12.214224153865066 
1159 12.290810892040867 
1160 12.426167261018 
1161 11.860162516807799 
1162 12.478792774357865 
1163 11.782324989841468 
1164 12.029473287743999 
1165 11.035925650459 
1166 11.251062670548132 
1167 10.5747248976132 
1168 10.6878644751064 
1169 10.614758498460533 
1170 10.055745759980933 
1171 10.465870163155534 
1172 10.1368396074824 
1173 10.727717643642668 
1174 10.4007091790298 
1175 11.022026397296868 
1176 10.946650679460333 
1177 11.5126173209748 
1178 11.306181314158001 
1179 11.7089887695764 
1180 11.533764695431401 
1181 12.3932876514234 
1182 11.615748983017532 
1183 12.4246163886722 
1184 11.460189828244198 
1185 12.620008794318133 
1186 11.825632816687333 
1187 12.576875902800735 
1188 11.693136687055933 
1189 12.3240758631402 
1190 12.136357739207734 
1191 12.460203915875601 
1192 12.174990415992866 
1193 12.120542512158934 
1194 11.914991689793666 
1195 12.736151959187 
1196 12.5396674066716 
1197 13.158064249646467 
1198 12.830208586061334 
1199 13.507069466214332 
1200 13.178923447595933 
1201 13.337269032379133 
1202 13.1564734141892 
1203 13.023291017494467 
1204 12.7185308412004 
1205 12.6266840913054 
1206 12.017571367391733 
1207 12.040859040858066 
1208 11.6441487651178 
1209 12.253401092346666 
1210 11.780372311280532 
1211 12.014753851446 
1212 11.772878900974133 
1213 11.57933100825 
1214 11.770341058558534 
1215 11.553471080982733 
1216 11.5743608551472 
1217 11.383864752809068 
1218 11.526528688816533 
1219 11.345593670484334 
1220 11.662121783064267 
1221 11.549718062695066 
1222 11.783107498320334 
1223 11.857687144502066 
1224 12.052896487404333 
1225 11.9448124965242 
1226 12.103266221960068 
1227 11.7254311998672 
1228 11.782127844300334 
1229 12.369895327090466 
1230 12.4517110668232 
1231 12.05456489092 
1232 12.277634393522133 
1233 11.581736304597799 
1234 11.711160017359932 
1235 11.7138784591302 
1236 11.861118785184601 
1237 11.4051839596342 
1238 11.4256839560516 
1239 11.619659645045667 
1240 11.5782013764562 
1241 12.251030267668268 
1242 12.129419291357534 
1243 12.446080984623933 
1244 12.419134214048265 
1245 12.420044252532334 
1246 12.3467463797262 
1247 12.032069073204466 
1248 12.005405239534268 
1249 11.650229870840134 
1250 11.695290153898666 
1251 11.3010249917402 
1252 11.1015534032842 
1253 11.414450166191733 
1254 11.088874424946667 
1255 11.7063621065468 
1256 11.697855878599599 
1257 11.257805659838935 
1258 11.3807857419828 
1259 11.8534845266226 
1260 11.982464637030866 
1261 11.1874725818572 
1262 11.579031784848333 
1263 11.1634970905844 
1264 11.460292696994733 
1265 12.186269724911734 
1266 12.090542590438467 
1267 11.753730051889066 
1268 11.980412863354333 
1269 12.7094506190406 
1270 12.850258468081734 
1271 12.552303015392667 
1272 12.706078473821135 
1273 12.035304131139801 
1274 12.31292782935 
1275 11.835388087559467 
1276 11.9138500186642 
1277 10.921027704974334 
1278 10.990414136702732 
1279 11.069876824837934 
1280 11.009781289740067 
1281 11.240857040328933 
1282 11.650143458845134 
1283 11.422897150514466 
1284 11.826538454118266 
1285 11.401151621436734 
1286 11.916395021939401 
1287 11.737477603615067 
1288 12.229218137484333 
1289 12.138551364557934 
1290 12.239790819094933 
1291 12.393238522510266 
1292 12.4018265648996 
1293 12.9553280848528 
1294 12.867975112326334 
1295 12.574967880213933 
1296 12.600450567652267 
1297 11.943990428075532 
1298 11.923351181106133 
1299 11.134926026869666 
1300 11.101460576884266 
1301 11.0818317422306 
1302 10.753728955795667 
1303 11.318050264303068 
1304 10.652447106893801 
1305 11.3633073555906 
1306 10.765390910192467 
1307 12.094376915733866 
1308 11.7379845828698 
1309 11.863058519849334 
1310 11.898808108429733 
1311 12.291719664681734 
1312 12.150551988255868 
1313 12.258705702688866 
1314 12.1664462152764 
1315 12.148816468214134 
1316 11.838199437743802 
1317 12.199734313120734 
1318 11.949132557269868 
1319 11.812847481004134 
1320 11.7661032873882 
1321 11.9771768571204 
1322 11.933621622717867 
1323 12.175869845827267 
1324 12.165327166973334 
1325 12.7034015511574 
1326 12.732001142355067 
1327 13.2045409629144 
1328 13.135549985314732 
1329 13.307361950980665 
1330 13.260336280544132 
1331 12.842313790336734 
1332 12.8059550122032 
1333 12.4622600319664 
1334 12.565747215772333 
1335 12.1772747211082 
1336 12.037229602728999 
1337 12.201428085903332 
1338 12.125275439770066 
1339 12.4885665138958 
1340 12.203981734593933 
1341 12.397769064058666 
1342 11.930505217803868 
1343 11.9343653587586 
1344 11.8902345685948 
1345 12.3262338127564 
1346 12.325696140950265 
1347 11.8015652598126 
1348 11.628569651037132 
1349 12.390741376722533 
1350 12.234556873515134 
1351 12.502825243016801 
1352 12.289444661920534 
1353 12.352669379006334 
1354 12.090434704887466 
1355 12.285284992307533 
1356 12.058836363840468 
1357 12.019824432263066 
1358 12.0453755960436 
1359 12.2814074923636 
1360 11.973232138206468 
1361 12.190880786399 
1362 11.911579350673 
1363 12.904465414056 
1364 12.408024965012734 
1365 12.416182084431199 
1366 12.173900687287201 
1367 11.856460963973333 
1368 12.205454294878999 
1369 11.955723082595801 
1370 12.325618668305866 
1371 11.912663140140268 
1372 12.412341509187668 
1373 12.187313098846735 
1374 12.4396004330054 
1375 12.5616837772958 
1376 12.5728098041132 
1377 12.3077698609562 
1378 12.247619328509133 
1379 11.887292585816667 
1380 11.971593607527 
1381 11.785083425762267 
1382 11.547499536146667 
1383 11.825977256908066 
1384 11.185206463884265 
1385 11.492113624439668 
1386 10.7565743350242 
1387 11.538860316809666 
1388 11.2376050207872 
1389 11.886219557302068 
1390 11.449224275732334 
1391 12.119133392495932 
1392 11.964620373591002 
1393 12.980808866973733 
1394 12.885228376337865 
1395 13.0219691372018 
1396 12.596277177734066 
1397 12.750613502494666 
1398 12.7801360122274 
1399 12.099614761626533 
1400 12.306070454855934 
1401 11.702090726211999 
1402 12.063294661678334 
1403 12.057572841454933 
1404 12.365312840053733 
1405 12.3504482452428 
1406 12.358348523344468 
1407 12.684977123429933 
1408 12.798281347428267 
1409 12.143266762266066 
1410 12.172347154343333 
1411 11.8039277598212 
1412 11.661904697873 
1413 10.958461558896934 
1414 11.033058585798933 
1415 10.620378038913534 
1416 10.395722193736333 
1417 10.757134952977 
1418 10.7854919784756 
1419 10.849117407808668 
1420 10.909530565971266 
1421 11.300586351766265 
1422 11.204938979931534 
1423 11.531828958247532 
1424 11.6139978830288 
1425 12.139859723991465 
1426 11.938414419687733 
1427 12.417122799981668 
1428 12.1145999270288 
1429 12.797630336645598 
