0 2.826103693719025 
1 2.9297711514173126 
2 2.991698147510114 
3 2.495056415107227 
4 2.7511255974006037 
5 2.4707543024558394 
6 3.3344191216111563 
7 3.3513537798249486 
8 3.568676092340067 
9 3.7226714833121424 
10 3.0785391485126383 
11 3.1010207149868574 
12 3.4882054753312333 
13 3.4120732458293634 
14 2.594094124149143 
15 2.518258515907453 
16 3.5521319242828535 
17 4.125696287144984 
18 2.9717296168240868 
19 3.0637719890690085 
20 2.679450738684584 
21 2.91925949083358 
22 2.8213023434420075 
23 2.7716277305074764 
24 3.6166165904893446 
25 3.912710240268931 
26 2.8564613256623126 
27 2.872533832879936 
28 3.29603005698092 
29 3.4938506439762556 
30 2.4552941650900637 
31 3.0489238372189353 
32 4.124232878973674 
33 3.5949698599412323 
34 2.962986038736149 
35 3.071744289698498 
36 3.128140335085 
37 3.3276627904688056 
38 2.890976525454958 
39 2.5277065293282144 
40 2.840672914263816 
41 2.9917660351396256 
42 3.5974967208540996 
43 3.0483267049752163 
44 3.3982489635555937 
45 3.6184373647743913 
46 3.824148979873138 
47 4.249209857672986 
48 3.8031604063658278 
49 3.4143785106395033 
50 3.9649660964508473 
51 3.4981264129423684 
52 3.382155831446197 
53 3.270324731653953 
54 3.867974159687995 
55 4.605958498116084 
56 3.9035397423964224 
57 3.7850494333109843 
58 3.5025358452981057 
59 4.407762155746795 
60 3.6157140337171336 
61 4.556826170118693 
62 4.030314062164162 
63 4.85 
64 3.485485905895904 
65 4.299396884270339 
66 4.156426987895184 
67 4.5965720397970085 
68 3.915984943430866 
69 4.85 
70 3.926116912825535 
71 4.7424055703237356 
72 3.3846546738809806 
73 4.553565484177519 
74 2.9160870905650795 
75 3.4052071784651923 
76 3.137663872903519 
77 4.85 
78 3.7664437984502044 
79 4.85 
80 3.4277906531741587 
81 4.118148017960172 
82 3.4260588774606027 
83 4.3575240345733475 
84 3.526736842857017 
85 4.176457411243136 
86 3.3876866230997202 
87 4.43191015130311 
88 2.4195035692484073 
89 3.2399904867565197 
90 3.6831950283623396 
91 4.489308026473761 
92 3.2895992325182304 
93 4.952177183887079 
94 3.3161872598207047 
95 3.8080333187856623 
96 2.7696050170869064 
97 4.563218000692884 
98 4.209310931465296 
99 4.85 
100 2.910946881827475 
101 3.5684839866591593 
102 3.816467602222142 
103 4.681230088198438 
104 3.1568934856786157 
105 4.698717754921846 
106 3.1996921277471673 
107 3.4846096863528517 
108 3.785571833939234 
109 4.85 
110 3.6289626978615925 
111 4.3362419211318635 
112 2.7550603029050635 
113 3.595925466764793 
114 4.177212906236747 
115 4.85 
116 4.053705423118758 
117 4.723454338309959 
118 3.9352121843792367 
119 4.175641847429509 
120 3.8751585997847533 
121 4.859720965206987 
122 3.2445823612371694 
123 4.935931154942154 
124 3.806386666416329 
125 4.366788832602576 
126 3.940509387430913 
127 4.622834888036419 
128 3.6632605869592942 
129 4.85 
130 4.121699422880755 
131 4.921057882595646 
132 3.527846156313558 
133 4.000023960796181 
134 3.401596820728894 
135 4.721081389280629 
136 3.269791072215937 
137 4.127375577046848 
138 3.5581028968402784 
139 4.85 
140 3.3304222869701796 
141 4.06900282107759 
142 3.8018499555908423 
143 4.895798539592685 
144 3.9252408378473604 
145 4.4111306488967275 
146 3.646919268356564 
147 4.408639851337588 
148 3.69235557374375 
149 4.61452139201442 
150 3.2817019408532104 
151 3.897045091372511 
152 3.566090537131649 
153 3.9072148648257 
154 2.7235480753143113 
155 3.188105333426439 
156 3.469116530848203 
157 4.234992257457176 
158 3.1777067468354305 
159 3.4951559532793803 
160 3.404837612586458 
161 3.831129560717881 
162 4.2499692720440505 
163 4.85 
164 3.9691912859778284 
165 4.85 
166 3.5944679397073585 
167 4.293677637831659 
168 3.629182171577424 
169 4.85 
170 3.664257083770974 
171 4.147279369299396 
172 3.8689977539622267 
173 4.85 
174 4.466775634870568 
175 4.674045314504365 
176 3.2249204026670553 
177 3.9766010048979146 
178 4.154832392204151 
179 4.85 
180 4.187268307199499 
181 4.85 
182 4.392346501064951 
183 4.85 
184 3.412347071697132 
185 4.706277588588873 
186 4.2963170912314474 
187 4.85 
188 3.4321943994425737 
189 4.85 
190 3.344719767066628 
191 4.567550108376945 
192 3.152934984380618 
193 4.85 
194 3.1191027027035303 
195 4.099525089302533 
196 2.558838998834593 
197 3.061354053064654 
198 3.2188522399407087 
199 4.1706434874572205 
200 3.8544403767321818 
201 4.770696767497946 
202 3.679578180875851 
203 4.557898716100417 
204 3.2808010923627786 
205 3.949441391447532 
206 3.3386455622205355 
207 4.85 
208 3.430461054381739 
209 4.85 
210 3.9140129462822624 
211 4.72968785432553 
212 4.19618714427622 
213 4.85 
214 3.274305882625373 
215 4.7626705498571855 
216 3.548086582753075 
217 4.963467951212668 
218 4.320859597753939 
219 4.85 
220 4.201657100219838 
221 4.53064647940886 
222 3.566283581776198 
223 4.1888640368834205 
224 3.6429562559438726 
225 4.85 
226 3.7461051548440714 
227 4.935703542426715 
228 3.875142820492984 
229 4.949351441829104 
230 3.556193618206844 
231 4.138147365762371 
232 2.864596031082699 
233 3.5731805860558277 
234 2.9153355547796256 
235 3.9492062818000746 
236 3.0458062301340663 
237 3.5184842246327617 
238 3.7900016681791566 
239 4.85 
240 3.4882323490323977 
241 4.85 
242 3.840641363238142 
243 4.85 
244 3.600748984792821 
245 4.42653205635205 
246 3.9277840873000986 
247 4.85 
248 3.8325638936671242 
249 4.806549539859831 
250 4.0801275060057955 
251 4.85 
252 3.7159073981589996 
253 4.043556963934277 
254 4.1127352736347325 
255 4.95681773348776 
256 3.0819899397865784 
257 4.071707738465599 
258 2.8123648189126453 
259 3.7037329699283976 
260 3.4338177943817825 
261 4.85 
262 2.827274319878252 
263 3.706131918170096 
264 2.9755261191950506 
265 3.7770190409677844 
266 3.348602208581694 
267 4.1085345782357265 
268 3.580883509338826 
269 4.85 
270 3.7651095249017454 
271 4.715802910794943 
272 3.786658801557824 
273 4.85 
274 3.9091522757731862 
275 4.85 
276 3.8209404283206694 
277 4.685212797253172 
278 3.6956568553207125 
279 4.456529023866501 
280 4.174783170590684 
281 4.85 
282 3.3396304932162697 
283 4.56413224320389 
284 4.066893277359452 
285 4.448938577242806 
286 3.8028911413616515 
287 4.098597164999381 
288 3.86854508112641 
289 4.85 
290 3.8601122137775348 
291 4.85 
292 3.2464995326257085 
293 3.566991696560841 
294 3.710206300439423 
295 4.916416479986015 
296 3.8662215926460393 
297 4.85 
298 2.872504838213026 
299 3.356046790713523 
300 3.841213195205587 
301 4.932690681633731 
302 3.294408489308593 
303 4.368989572265296 
304 3.9109543203700703 
305 4.85 
306 4.544973857380187 
307 4.85 
308 4.0552179015600895 
309 4.85 
310 3.9525666144666283 
311 4.85 
312 3.7888980186275787 
313 4.85 
314 3.8581817188349805 
315 4.2327547421623155 
316 4.213595563608306 
317 4.85 
318 2.9397407140806133 
319 4.35654030717676 
320 3.672962816115182 
321 4.387958635157809 
322 3.8939485359621617 
323 4.988959660428938 
324 3.646902434812263 
325 4.85 
326 3.7067542210535604 
327 4.3713916173944165 
328 3.9688713301069622 
329 4.85 
330 3.484682847905572 
331 4.6157151065095885 
332 3.650428110012921 
333 3.934429161184621 
334 4.2331838278489355 
335 4.77242832506078 
336 3.6414743295423184 
337 4.263338319785845 
338 4.065513068487191 
339 4.629437021867529 
340 4.239261944877225 
341 4.85 
342 3.9808428433043925 
343 4.9504610765959205 
344 3.2746538372930125 
345 3.9428877755883645 
346 3.1890779608240223 
347 3.4735016580466596 
348 3.4088437447460205 
349 4.341861650016252 
350 3.6169849893757333 
351 4.85 
352 3.9401600312606693 
353 4.85 
354 4.06347972288962 
355 4.979642768835581 
356 4.076822063914529 
357 4.439775786413688 
358 3.3631512289482894 
359 4.599186180712305 
360 3.9627296320970418 
361 4.85 
362 4.287587542178592 
363 4.85 
364 4.187652938426103 
365 4.85 
366 3.566120033080656 
367 4.85 
368 3.93779784795702 
369 4.419463890933558 
370 3.1146328806177492 
371 3.3901478318141813 
372 3.9199062095986754 
373 4.85 
374 4.003970673745954 
375 4.85 
376 3.6422532359832647 
377 4.622279228197968 
378 4.0848143709464475 
379 4.85 
380 4.009726345711579 
381 4.484533922401955 
382 3.4912346109503805 
383 4.079680399304445 
384 3.1646019360091326 
385 3.749601080895634 
386 3.869544627370526 
387 4.85 
388 4.281199922701763 
389 4.85 
390 4.046836023926949 
391 4.85 
392 3.601318929277088 
393 4.739024546049168 
394 4.073128613786807 
395 4.85 
396 3.912604937039144 
397 4.904941833790938 
398 3.8312601771440558 
399 4.479461097104016 
400 3.1482641699498837 
401 3.464823555363746 
402 2.682559185771697 
403 3.066113534511431 
404 3.5041334221117046 
405 4.85 
406 4.2374017000664255 
407 4.85 
408 4.2617160895190445 
409 4.85 
410 3.5685322656579412 
411 4.85 
412 3.3798015116941404 
413 4.85 
414 4.188055852622053 
415 4.85 
416 4.151516848156879 
417 4.508088343443955 
418 3.3129794743365255 
419 4.124356161405819 
420 3.3636281953101377 
421 4.132424641315324 
422 3.9083005068109657 
423 4.880990838012863 
424 3.157774574396418 
425 3.9271676403144 
426 4.346783100712222 
427 4.85 
428 4.038327242923197 
429 4.85 
430 3.8904726993805574 
431 4.85 
432 4.2599498787049965 
433 4.85 
434 2.91227217271141 
435 4.193211886553361 
436 3.4104000954207008 
437 4.288783330992094 
438 2.9816211933397727 
439 3.3835785281969013 
440 3.79345344614888 
441 4.85 
442 3.829562028221673 
443 4.261243455061924 
444 3.3833523628102373 
445 4.084146373286106 
446 3.3249254892089946 
447 3.7410149505025063 
448 3.1566685598791073 
449 3.5496923243517147 
450 3.997249093998891 
451 4.856707139878077 
452 2.7499266108557543 
453 3.6679204714235194 
454 4.015679196095901 
455 3.919163670747155 
456 4.470165871275063 
457 4.85 
458 3.3419211711431704 
459 4.482949834101536 
460 2.873767249444449 
461 3.148788557142795 
462 3.5389214866898375 
463 4.647122225387273 
464 4.227177242973441 
465 4.85 
