0 0 
1 1 
2 4 
3 2 
4 2 
5 1 
6 2 
7 1 
8 2 
9 1 
10 2 
11 4 
12 4 
13 4 
14 4 
15 4 
16 4 
17 4 
18 1 
19 1 
20 1 
21 4 
22 1 
23 4 
24 1 
25 4 
26 1 
27 4 
28 1 
29 4 
30 1 
31 4 
32 1 
33 4 
34 5 
35 4 
36 1 
37 1 
38 1 
39 4 
40 2 
41 1 
42 5 
43 4 
44 1 
45 4 
46 2 
47 1 
48 2 
49 1 
50 2 
51 1 
52 2 
53 1 
54 2 
55 0 
56 2 
57 0 
58 5 
59 2 
60 1 
61 1 
62 1 
63 2 
64 1 
65 2 
66 5 
67 2 
68 5 
69 2 
70 5 
71 2 
72 5 
73 1 
74 1 
75 1 
76 1 
77 1 
78 1 
79 1 
80 1 
81 1 
82 2 
83 4 
84 0 
85 4 
86 1 
87 2 
88 1 
89 2 
90 1 
91 2 
92 5 
93 2 
94 1 
95 1 
96 5 
97 1 
98 5 
99 1 
100 2 
101 1 
102 2 
103 1 
104 2 
105 1 
106 2 
107 1 
108 2 
109 1 
110 5 
111 1 
112 0 
113 1 
114 0 
115 4 
116 5 
117 4 
118 5 
119 4 
120 5 
121 4 
122 5 
123 4 
124 0 
125 4 
126 0 
127 4 
128 0 
129 2 
130 0 
131 2 
132 5 
133 2 
134 5 
135 2 
136 5 
137 2 
138 2 
139 1 
140 2 
141 1 
142 2 
143 1 
144 2 
145 1 
146 2 
147 1 
148 2 
149 0 
150 2 
151 1 
152 2 
153 1 
154 0 
155 1 
156 1 
157 3 
158 1 
159 3 
160 1 
161 3 
162 1 
163 3 
164 0 
165 3 
166 4 
167 3 
168 1 
169 3 
170 1 
171 2 
172 1 
173 0 
174 2 
175 0 
176 3 
177 3 
178 3 
179 3 
180 2 
181 3 
182 2 
183 3 
184 2 
185 3 
186 2 
187 3 
188 2 
189 3 
190 2 
191 1 
192 2 
193 1 
194 2 
195 1 
196 2 
197 1 
198 2 
199 1 
200 2 
201 1 
202 2 
203 1 
204 2 
205 1 
206 2 
207 1 
208 2 
209 1 
210 2 
211 0 
212 2 
213 0 
214 2 
215 4 
216 3 
217 4 
218 3 
219 2 
220 1 
221 0 
222 1 
223 0 
224 2 
225 0 
226 1 
227 1 
228 1 
229 1 
230 1 
231 1 
232 1 
233 1 
234 1 
235 4 
236 1 
237 4 
238 1 
239 1 
240 1 
241 2 
242 1 
243 0 
244 0 
245 2 
246 0 
247 2 
248 4 
249 2 
250 4 
251 2 
252 4 
253 2 
254 4 
255 2 
256 4 
257 2 
258 4 
259 2 
260 2 
261 2 
262 2 
263 2 
264 2 
265 2 
266 2 
267 2 
268 2 
269 2 
270 2 
271 2 
272 2 
273 0 
274 2 
275 1 
276 2 
277 1 
278 2 
279 1 
280 2 
281 0 
282 2 
283 0 
284 2 
285 0 
286 1 
287 0 
288 4 
289 4 
290 4 
291 4 
292 2 
293 4 
294 0 
295 4 
296 0 
297 4 
298 0 
299 4 
300 2 
301 4 
