0 1.2094710845391 
1 1.213836778679088 
2 1.4821084305420906 
3 1.4616822126742413 
4 1.8742882578972773 
5 1.7821817461366458 
6 1.93478567496323 
7 1.8497155730298125 
8 1.8887070282164242 
9 1.8915094245218642 
10 1.7834343983153553 
11 1.8481002217246276 
12 1.9502225143724172 
13 1.8931908903967867 
14 1.796060314261363 
15 1.8041743755399504 
16 1.8916851139595727 
17 1.8388211587592793 
18 1.9178755800662284 
19 1.8661327152201275 
20 1.8342076249231836 
21 1.9434874899976449 
22 1.8471196261440965 
23 1.775281739639776 
24 1.8782704960255376 
25 1.8312567949766791 
26 1.8365234417852632 
27 1.931158702835791 
28 1.7815344289616297 
29 1.7325256324706468 
30 1.852861736636552 
31 1.8389600643400972 
32 1.9220647115103122 
33 1.941874675122073 
34 1.8062955359256003 
35 1.811661888602819 
36 1.917731226275159 
37 1.8491171462350746 
38 1.9369692076081118 
39 1.7963095612880708 
40 1.9171093591128563 
41 1.886759074162004 
42 1.8532415701166274 
43 1.9004199820331424 
44 1.9002808941557692 
45 1.8788207424889036 
46 1.898744257033111 
47 1.8996626110269965 
48 1.7797073513832766 
49 1.8682229617979667 
50 1.837223909885658 
51 1.90171760817375 
52 1.9194254939531141 
53 1.8689261521073506 
54 1.873475978762586 
55 1.886412232743978 
56 1.9308074873940142 
57 1.8214198537081387 
58 1.8471832484802233 
59 1.788797481417873 
60 1.9133845605293593 
61 1.8723366940337223 
62 1.8890807360879935 
63 1.9761985598489828 
64 1.8837343015311492 
65 1.902844922773797 
66 1.8607207070657574 
67 1.8843288412021422 
68 1.904428335539915 
69 1.9107231851708966 
70 1.8704068717754316 
71 1.8733946851878365 
72 1.848827772731855 
73 1.8933754954287338 
74 1.855912659830512 
75 1.9354546112052473 
76 1.832355971005295 
77 1.798700798954331 
78 1.8615183368433896 
79 1.9251760898161856 
80 1.8314657922685358 
81 1.8707717785409632 
82 1.896770041188967 
83 1.839064907287392 
84 1.8396832196764676 
85 1.8374066763360426 
86 1.8396832196764676 
87 1.821302445704762 
88 1.9720871157222555 
89 1.8877396713280608 
90 1.871655743231551 
91 1.8403260751246446 
92 1.867110176850814 
93 1.963753794263781 
94 1.7707743714077153 
95 1.8494378096770385 
96 1.870313219197568 
97 1.884355505646012 
98 1.833404139917618 
99 1.8616540832070547 
100 1.8538517621844397 
101 1.9253686471524654 
102 1.833935285225241 
103 1.8899328855290616 
104 1.8396832252435729 
105 1.8063543462161593 
106 1.7871638403508348 
107 1.8386642196053609 
108 1.8258089902878296 
109 1.7124183274195544 
110 1.9423165802923914 
111 1.811052354287251 
112 1.789480980615667 
113 1.7568048036375017 
114 1.8317304755816024 
115 1.8377140434211379 
116 1.9633462612189214 
117 1.8523875418480058 
118 1.8297611029426817 
119 1.8754353760477553 
120 1.776484257445866 
121 1.8537877995440037 
122 1.9174202628637589 
123 1.8237384498704916 
124 1.8199346228626805 
125 1.8371904872626617 
126 1.859501556747796 
127 1.912306439014678 
128 1.8413420550874309 
129 1.8982728575913963 
130 1.8518968832811795 
131 1.7984000122809276 
132 1.8572643251450178 
133 1.85450477334542 
134 1.7266066196869652 
135 1.7345175276983846 
136 1.9100152828955628 
137 1.847533070115773 
138 1.7877490207062328 
139 1.8642237206959298 
140 1.8109467132455763 
141 1.8001543887139886 
142 1.860975531440621 
143 1.8965933489629143 
144 1.8410248005827696 
145 1.7261911578730211 
146 1.8903607613474782 
147 1.8503557532439323 
148 1.8089874309932013 
149 1.8748082964128105 
150 1.894054931420906 
151 1.8633658475590895 
152 1.9143549338238868 
153 1.926909940169208 
154 1.6730038120545643 
155 1.960674938531093 
156 1.7780789618170298 
157 1.8903752869122408 
158 1.8577155804189083 
159 1.8446767466687914 
160 1.8585576595757396 
161 1.9364444214520242 
162 1.848746229924636 
163 1.8644208019259976 
164 1.824363647984162 
165 1.8940941126929802 
166 1.8733599460111197 
167 1.9425630817442154 
168 1.8808544713794426 
169 1.85163231205198 
170 1.9149517776210487 
171 1.839442956105239 
172 1.8857247774194885 
173 1.9107615345285482 
174 1.868122337682527 
175 1.889670415453438 
176 1.8520930991836402 
177 1.8011970043814614 
178 1.8938406905953729 
179 1.6959687196528448 
180 1.9247406166447483 
181 1.8290573715798217 
182 1.8824627877075226 
183 1.8805653908728373 
184 1.8261397913153556 
185 1.8642874341707363 
186 1.835838127711399 
187 1.9233503328241242 
188 1.882391491350351 
189 1.8804951009688249 
190 1.9250828877220143 
191 1.8931764892029537 
192 1.883227733506672 
193 1.786677078967446 
194 1.8061878102935724 
195 1.750665517713837 
196 1.9524169089133858 
197 1.8776151517535002 
198 1.8477652809304235 
199 1.8263176609002165 
200 1.9070157657671312 
201 1.940965513216307 
202 1.8821680520455426 
203 1.9707690447759751 
204 1.906334400751747 
205 1.8739577626033967 
206 1.819181696123215 
207 1.9064013846546783 
208 1.7370905792220281 
209 1.9711297380898494 
210 1.7616188683004153 
211 1.681747556515335 
212 1.8837410361395006 
213 1.8741443496926309 
214 1.7989563730028264 
215 1.8896842006059285 
216 1.8242511391969827 
217 1.868156316438205 
218 1.8667765716751668 
219 1.7303460455795452 
220 1.9142803453943382 
221 1.8607375545427915 
222 1.7984607127260959 
223 1.8467359763071582 
224 1.9226171919170458 
225 1.302480419255469 
226 2.149431342218339 
227 1.1532736384984554 
228 2.1483478389679753 
229 1.2415218766881115 
230 2.230281483710727 
231 1.238761686783807 
232 1.9545508985208724 
233 1.7466128158939755 
234 1.7912816757582544 
235 1.5126834913945268 
236 1.8208553024521832 
237 1.802042413738417 
238 1.8599085818319665 
239 1.9249448680310686 
240 1.781469256398746 
241 1.87563085516322 
242 1.8425499568301844 
243 1.8436402732411843 
244 1.837875978727308 
245 1.793504578666038 
246 1.8288073359333876 
247 1.8362456369795421 
248 1.88229454919997 
249 1.8915477716153715 
250 1.797323105914433 
251 1.8451012480433466 
252 1.840164245856539 
253 1.7738389914549402 
254 1.789202577148952 
255 1.8346699042147314 
256 1.765144820604653 
257 1.8557424164658556 
258 1.8805410227323243 
259 1.7951829087890876 
260 1.9314471557258484 
261 1.8028290480065015 
262 1.881947000666996 
263 1.859972206060599 
264 1.882143344790757 
265 1.838308836696978 
266 1.8195748045974631 
267 1.8651584746287122 
268 1.8927266417043027 
269 1.8678488361581338 
270 1.9207470234128854 
271 1.9138567309348828 
272 1.869031298030968 
273 1.9006795045561415 
274 1.9041566302561792 
275 1.8283336947281734 
276 1.842599205215215 
277 1.8606357442136283 
278 1.6632774133125152 
279 1.7965399803711581 
280 1.748457218119724 
281 1.8102736671467372 
282 1.9221239137946136 
283 1.8125133453118747 
284 1.8705926508614 
285 1.8706572065709188 
286 1.8842311412811044 
287 1.9111603706612739 
288 1.8023272669758876 
289 1.9236113808419641 
290 1.8408264707100743 
291 1.8204489145438905 
292 1.886013717715527 
293 1.8719095939044499 
294 1.8555241080198521 
295 1.8411194931375667 
