0 17.030631801201885 
1 13.471996402588852 
2 18.90816634734588 
3 7.579866557753891 
4 19.56289382978624 
5 10.151644016313096 
6 10.285476067279893 
7 17.36548931607123 
8 18.30910194121781 
9 5.787082798680961 
10 12.63097285170072 
11 9.786650613429654 
12 20.241021532878417 
13 13.137992169146436 
14 11.826067342231847 
15 21.52194371039331 
16 29.69418761061947 
17 15.49114143783125 
18 40.50276179072193 
19 18.125225252477236 
20 17.145291109539595 
21 12.712554632138549 
22 19.92628663458295 
23 19.63496774555975 
24 16.91231154461841 
25 12.336623645540431 
26 14.041861399397389 
27 20.910044469260374 
28 17.21933976788009 
29 14.225791790746104 
30 12.544313148442244 
31 1.1373492355446584 
32 18.32902453306764 
33 12.073970015890197 
34 18.42411037851467 
35 26.85179447126157 
36 32.60624246900144 
37 13.35093806301288 
38 15.717186100629167 
39 11.368094667627943 
40 12.563212882200709 
41 16.33003433964321 
42 7.74328281056732 
43 13.396095164788134 
44 10.961402665147409 
45 11.501011818256602 
46 10.886406993373633 
47 10.26644310908223 
48 31.04224518191776 
49 11.77659227978751 
50 16.18784880085835 
51 20.142263031013186 
52 16.110870400245833 
53 13.472688785458002 
54 13.798686686581306 
55 14.304046380765623 
56 18.35790505703056 
57 10.888554865875914 
58 12.056062086806554 
59 12.083396473194608 
60 15.272118206511845 
61 7.349582782826283 
62 14.793679458239277 
63 10.320198220054772 
64 28.569996185493977 
65 27.738087837525047 
66 18.205629706795147 
67 13.936602028203458 
68 10.449031653737114 
69 21.010389220057107 
70 20.464811272883406 
71 19.301905200184077 
72 13.727781523496567 
73 7.825821847648226 
74 14.501922385417531 
75 16.89092571189246 
76 16.62025431821874 
77 23.50329492984265 
78 11.754776257857669 
79 11.039966308696568 
80 7.268326326624684 
81 10.756335622586155 
82 8.753926876406183 
83 14.622043730477465 
84 11.854008987366814 
85 13.759034247474085 
86 10.320680712011377 
87 14.372619300542103 
88 26.162728610993288 
89 31.412830844355238 
90 11.381791538899893 
91 53.58010245142499 
92 15.122565385752504 
93 17.316092808190902 
94 27.462753802536554 
95 5.5215818435533555 
96 15.487995273438942 
97 29.51324270314391 
98 9.352661658427378 
99 15.72419791408927 
100 14.503827986140408 
101 10.332554054753148 
102 25.85278418126456 
103 16.251638026231667 
104 49.28271470031842 
105 3.8280059396416317 
106 8.107567287544555 
107 7.714655679811654 
108 12.65040189410505 
109 16.32908070902161 
110 14.102719805252663 
111 14.497160573622887 
112 8.820272117426871 
113 8.132641249318937 
114 17.414228477714808 
115 19.965840608547463 
116 23.41041727132683 
117 11.081267304969035 
118 17.99165254691689 
119 21.176829360651517 
120 15.538775585810873 
121 13.720955490274333 
122 14.075506903008867 
123 14.646296962353295 
124 19.484465586442692 
125 13.136140559670524 
126 13.082057919935124 
127 10.724514504148608 
128 12.542175015549494 
129 12.818424921074909 
130 14.103478538643891 
131 16.282172817652107 
132 13.036396073824044 
133 15.861679839655107 
134 27.995808275318886 
135 25.76417110985528 
136 7.668168256011232 
137 17.78287303592779 
138 11.665750681426267 
139 13.84743177481231 
140 16.788766671469972 
141 9.78886614684102 
142 11.665750681426267 
143 13.84743177481231 
144 16.788766671469972 
145 9.78886614684102 
146 10.032372027162461 
147 17.289753451310652 
148 31.218071526924938 
149 59.93660955429486 
150 16.807806207297283 
151 21.320862329265008 
152 27.047287406576256 
153 29.68010925790952 
154 23.10249405129109 
155 38.91144900780213 
156 23.80435757297147 
157 33.31986018430251 
158 24.56501291414582 
159 19.13163104263025 
160 18.15826067380707 
161 30.311359070345585 
162 19.48392251591025 
163 14.437875851528535 
164 12.548666688606792 
165 7.500731420314529 
166 11.13794220586439 
167 23.298582411234058 
168 14.067434271206109 
169 12.615776096731986 
170 11.330873175818416 
171 22.4575350973946 
172 24.053908046636195 
173 7.436801520586249 
174 18.43042513457102 
175 29.414928010884278 
176 13.178404567177028 
177 21.236982278481012 
178 10.988886152491839 
179 11.446055435936481 
180 11.67123668854749 
181 19.574397386535992 
182 14.014086577656602 
183 22.166048345329823 
184 10.806914481091846 
185 21.563658050054496 
186 14.075837559022617 
187 9.872760312214595 
188 6.104384097150766 
189 12.854291808664525 
190 12.138544174847194 
191 25.495893841674317 
192 35.70349688447002 
193 15.89395702045905 
194 27.63118922764763 
195 8.302116549784346 
196 13.957889762626582 
197 11.673543000278318 
198 18.290259420283537 
199 11.358981719702099 
200 14.355795295857178 
201 14.646910717590734 
202 31.316200516672392 
203 17.88379361363743 
204 28.697446563945373 
205 20.046187963600214 
206 10.870747523546395 
207 22.304551521694044 
208 10.360987804365923 
209 13.669485753021963 
210 15.65973715651135 
211 11.3505283810297 
212 10.001845700400379 
213 9.782450706459121 
214 15.444992708901033 
215 12.7811216343048 
216 14.64189988794208 
217 16.688167935894068 
218 21.71526792648201 
219 13.844049536584722 
220 11.345922770000676 
221 22.51008425911018 
222 20.914215050760916 
223 11.678841222151991 
224 12.771353318210192 
225 10.589671148141134 
226 8.617152108214054 
227 7.691976459929982 
228 11.780495340385015 
229 13.707592553859026 
230 24.22408834163076 
231 9.961818173181518 
232 16.480242038466827 
233 20.286250459478804 
234 13.617649064138568 
235 11.837715943632396 
236 8.195601582726784 
237 10.33983902180478 
238 34.171152968780554 
239 18.87854959873612 
240 12.976743178731317 
241 7.79808984815836 
242 15.270450143445906 
243 14.353240709054822 
244 8.438768037213196 
245 9.530494690894878 
246 15.564030918003466 
247 15.863659572536754 
248 27.610635314563325 
249 17.874952588356127 
250 30.046448987778845 
251 16.527062383759418 
252 18.084119120608108 
253 12.22993171095832 
254 19.919378431260803 
255 13.952967867918817 
256 43.57990108474294 
257 12.672302421279706 
258 16.64479005035934 
259 15.761364533111873 
260 20.451739051993584 
261 24.748806608644344 
262 17.360529801324503 
263 17.71939148398653 
264 19.039747244566303 
265 19.06389167912805 
266 12.102887284521316 
267 12.800703163625931 
268 9.279474687941097 
269 3.973018773379104 
270 11.337795318159701 
271 30.285095383193497 
272 17.861327110285913 
273 19.985724156005052 
274 26.04251937214385 
275 22.25248425620865 
276 13.792560975208731 
277 10.539776353813293 
278 8.903875261375818 
279 12.8329360939178 
280 19.097831729061753 
281 13.409800530086738 
282 37.007367408701484 
283 22.724486921093124 
284 9.117655754097648 
285 14.831291261346317 
286 11.203932044021798 
287 20.01242455328387 
288 17.814217212366266 
289 11.095425915491468 
290 16.110870400245833 
291 16.572839740322344 
292 33.17858498924187 
293 19.037154709924565 
294 10.469453825666525 
295 16.01484530414164 
296 19.562620100371262 
297 11.102915561485153 
298 15.05098807562986 
299 41.98460475871112 
300 10.73269242087324 
301 11.560575616505563 
302 8.210891465128753 
303 14.13099024311358 
304 13.50570263847655 
305 10.026640147639583 
306 18.928047943969098 
307 13.916487220919006 
308 15.392054253609201 
309 9.778094831786529 
310 15.82469590413812 
311 11.775997125000702 
312 23.77319050048178 
313 10.930551465510277 
314 17.512897811255208 
315 10.146020503442237 
316 12.875086334181583 
317 12.89816904786799 
318 12.26566068634762 
319 12.308530243805096 
320 16.45483291355758 
321 7.689875181507502 
322 23.961016184224807 
323 19.860428336703144 
