0 16.872511947479364 
1 12.557420436513876 
2 28.886988023168524 
3 21.40125724548943 
4 20.600504906631567 
5 12.435341798872777 
6 14.184417885815934 
7 19.95539146652457 
8 17.795925987211962 
9 18.907825397040064 
10 16.402709340341328 
11 16.744129599910575 
12 9.509772090365761 
13 16.226802847415662 
14 18.305026752904414 
15 30.832082448157486 
16 7.625411104222761 
17 17.158336981022472 
18 10.362805314938258 
19 25.936073511133646 
20 13.07015428145849 
21 15.350480902955686 
22 12.907417380359622 
23 6.729319351567814 
24 28.23135378174451 
25 16.99963928034402 
26 16.68365406798673 
27 13.743074896623131 
28 11.515473654154494 
29 10.860951572056699 
30 14.946667711978561 
31 20.4936090372513 
32 18.339683691807206 
33 7.437355373073193 
34 8.273702815301098 
35 19.853941625879255 
36 32.90682567079868 
37 12.770575608567905 
38 16.6764900003976 
39 28.23952708616673 
40 26.936465631843607 
41 20.69932389083551 
42 8.567339843821811 
43 7.269964086137803 
44 25.557258978514934 
45 21.96568699331755 
46 8.369391876252125 
47 16.101284093744603 
48 9.031506778522333 
49 17.418857017081205 
50 14.822590620107645 
51 26.44896929644787 
52 23.71217294950363 
53 11.255344156715417 
54 20.8181940011813 
55 8.477314620185622 
56 19.962799729660265 
57 14.100491497959375 
58 10.497359582338484 
59 25.260348223050656 
60 22.403196256790178 
61 9.525970810943399 
62 50.23178720703242 
63 17.449002600104006 
64 15.671439246749365 
65 17.77684346152868 
66 14.198054256060985 
67 15.280909355872923 
68 14.710971751650217 
69 12.744267166596275 
70 12.767932104120815 
71 7.031476737792203 
72 18.45889518712812 
73 20.743343224530168 
74 15.918145522444703 
75 18.062235696383507 
76 14.092248145360713 
77 18.672721282866327 
78 17.235685227039244 
79 11.647900114137816 
80 25.715518932705514 
81 8.955069901702066 
82 16.91783706165649 
83 16.94093317823446 
84 12.14037118940385 
85 9.461590171848282 
86 18.548526043002575 
87 28.13439673734413 
88 13.30515577070096 
89 11.43691067640306 
90 18.888666720707576 
91 19.630924187252525 
92 8.670252481612707 
93 11.017289113269696 
94 20.728273708036195 
95 34.01954725000203 
96 21.72662899056716 
97 13.772769065069483 
98 30.668636024626725 
99 14.579653923429342 
100 19.813144506431485 
101 16.75275697481677 
102 11.628846543067143 
103 12.131101264504784 
104 23.007575383568934 
105 13.390535359114258 
106 18.589383456913783 
107 19.18132677233772 
108 26.81128626037152 
109 9.663626938230076 
110 14.667757751246704 
111 22.386814406797754 
112 10.553725995410444 
113 23.670020711177827 
114 12.839339284183717 
115 11.19048051012513 
116 19.66000131244668 
117 10.526840996990757 
118 14.722125111443393 
119 13.993374147163328 
120 16.842835687839823 
121 15.197414380335378 
122 9.696512375219045 
123 9.320323454447276 
124 10.00070099975918 
125 13.763007297737177 
126 10.070672073798221 
127 22.005561326743685 
128 11.15058580197846 
129 14.773826087262814 
130 8.28831933603399 
131 9.679863005478857 
132 8.6834996480477 
133 14.530659756384852 
134 22.3222386614014 
135 11.996716444378341 
136 24.178564840435342 
137 28.620684007970084 
138 11.53764730477647 
139 14.68912719147714 
140 15.101820080292365 
141 13.00506956308738 
142 21.098851569220244 
143 33.07680296518276 
144 16.031862642045997 
145 16.490933396241253 
146 14.725691555284047 
147 13.25855468836436 
148 14.43916813836361 
149 16.244085126159447 
150 13.577270564319033 
151 20.157848447419894 
152 11.833574558248058 
153 33.872289565280596 
154 21.784744512657504 
155 14.881756445100446 
156 18.686197986278177 
157 20.280267096031757 
158 19.614950054248194 
159 11.284353712213338 
160 16.593624142487517 
161 21.251831659589993 
162 7.446505864097802 
163 18.866151790895064 
164 11.982801326754792 
165 18.86513351714336 
166 11.40460012018283 
167 15.64396702845847 
168 20.843229919843363 
169 8.2137214430349 
170 19.93841122250586 
171 9.870994464736228 
172 19.188434705034656 
173 20.887239986653853 
174 16.946203541718013 
175 17.79645454468309 
176 14.780229616108366 
177 17.314234290762283 
178 13.670465915942833 
179 13.503354667559528 
180 15.98573051094223 
181 9.487958811580171 
182 11.012458351821754 
183 11.538218610562454 
184 16.730571167584774 
185 31.701540368539597 
186 17.56820694970345 
187 34.05379687741034 
188 20.715272084317 
189 23.979098419232198 
190 19.891038773806812 
191 23.01565543769926 
192 13.398791193345174 
193 7.897286234223989 
194 11.080506168599582 
195 16.51190274666656 
196 17.922844201350312 
197 12.909602398291156 
198 11.735864261091463 
199 43.55591555292481 
200 12.70431442868047 
201 8.62491337669468 
202 16.375812093953023 
203 20.578774096370765 
204 22.75407417051841 
205 19.710538311520477 
206 24.3842124539995 
207 15.885770123736409 
208 24.812494084240416 
209 22.19032351929741 
210 11.607381250207556 
211 9.524283573277623 
212 12.35020935532693 
213 24.317484244641438 
214 22.330201085017915 
215 9.137877394869738 
216 19.718043946331694 
217 13.230491644007596 
218 22.101224068248523 
219 20.547219908881594 
220 15.624269877220168 
221 14.831868170727395 
222 25.50395544123996 
223 12.94354505224567 
224 15.177946168153953 
225 25.0816499826582 
226 36.62124122515978 
227 15.391432943499114 
228 21.73800194871157 
229 19.037241116371113 
230 22.04859380749619 
231 13.205373700101694 
232 14.62821429443338 
233 7.812440512223516 
234 9.60241027296433 
235 18.471902194975865 
236 13.935675934293764 
237 21.563325467454284 
238 21.18260465539097 
239 14.038242568872437 
