0 11.842395186587497 
1 9.504040170579945 
2 11.265743769909697 
3 11.614999266153621 
4 18.639859922317324 
5 18.655280387133505 
6 21.823169177137803 
7 19.965840608547463 
8 20.707806089450845 
9 25.89891879542325 
10 25.544340030573032 
11 19.821009503376512 
12 27.934650708971873 
13 16.834182874848487 
14 10.424179161602831 
15 23.294312356642617 
16 18.20389137482802 
17 22.452485974904715 
18 14.151825871603588 
19 13.549419168098826 
20 16.640959820985767 
21 8.4021691009289 
22 12.9910116396479 
23 12.758106315930355 
24 21.007232294901332 
25 15.782002897296485 
26 10.399960327299777 
27 11.236167442657909 
28 22.267960670220223 
29 22.310483677931032 
30 13.321298240153466 
31 13.108306013319874 
32 13.13651083981133 
33 13.196690054431615 
34 18.939158862468506 
35 17.390689979724772 
36 15.731747020036456 
37 14.224006782534973 
38 11.051019655372293 
39 20.247372714853274 
40 13.431228384782887 
41 16.223978338651968 
42 17.807712719661364 
43 27.991324252717845 
44 21.744087426254833 
45 10.02364491051307 
46 17.505880781655634 
47 9.54005440666709 
48 15.661082007490188 
49 13.11277292849461 
50 15.022417380902068 
51 13.896200191497892 
52 9.513633177808575 
53 12.291288880032353 
54 14.223331490832143 
55 10.52332828196662 
56 15.778025218935268 
57 37.806617932053975 
58 17.635278090785246 
59 21.482700867133442 
60 18.95944852525709 
61 24.584739106479255 
62 11.497102633122632 
63 19.642047982316882 
64 15.751538799529817 
65 25.587506100536846 
66 29.742618068359096 
67 25.090652405393442 
68 7.574733214982943 
69 14.675866702123193 
70 9.413830639640711 
71 15.405622607967443 
72 8.539866108514 
73 8.499595720923823 
74 14.13184724964454 
75 16.776880462390753 
76 20.116276504414806 
77 21.502524851200395 
78 8.684290730802358 
79 12.018028601637244 
80 24.85601858436448 
81 16.43156166873646 
82 18.719390168792568 
83 13.954731921547753 
84 24.554514799550393 
85 13.81159114857745 
86 10.101790926869683 
87 24.973379140344505 
88 10.641849324974057 
89 9.49644418583063 
90 15.467319634770552 
91 19.45040136152216 
92 19.066751522865715 
93 16.92896726254142 
94 8.288712437700829 
95 8.643843408156032 
96 19.391590189324766 
97 29.80581434185374 
98 5.25707410007019 
99 8.977822490020014 
100 18.99525379515235 
101 20.588976810854327 
102 15.88558962549994 
103 11.982801326754792 
104 10.635561889209516 
105 11.389425492107543 
106 24.354620306820426 
107 55.855537207691896 
108 22.791166753608067 
109 10.991737139892082 
110 14.391704610570308 
111 11.272404766639971 
112 19.956815705456087 
113 29.734184035162343 
114 7.908140986240002 
115 12.788097016631859 
116 19.97040366430823 
117 22.85823905129379 
118 22.11800688698697 
119 17.856308431108765 
120 10.498962445274934 
121 16.40623814310804 
122 19.027309513872506 
123 20.556081591044983 
124 11.486837925179383 
125 15.600095215424899 
126 16.368015609756096 
127 20.05212984653631 
128 24.279617945007235 
129 22.348405247285243 
130 21.133401858234073 
131 16.28444858579388 
132 21.358862980144927 
133 14.985062468962019 
134 10.693535392679768 
135 11.739904665672084 
136 15.863719572156915 
137 8.263645157921905 
138 4.209783373464228 
139 15.693721469729851 
140 8.755699455365662 
141 12.781433220785237 
142 18.248164004037452 
143 28.914469284911657 
144 21.345818935025676 
145 9.622832495927685 
146 10.528215027096767 
147 14.716701227706375 
148 24.399532288933745 
149 16.206300447824056 
150 8.223190303847797 
151 10.550832257950912 
152 11.462258453281155 
153 11.996613504793721 
154 15.871583448432444 
155 22.741366877219615 
156 20.54067925267514 
157 21.221402008651875 
158 20.38464604049417 
159 20.503627226687 
160 16.796094810567077 
161 17.908075128195275 
162 11.099595373122083 
163 10.426822386460532 
164 9.963308985094127 
165 13.92845662367334 
166 9.991005411997866 
167 12.916241442917368 
168 23.76241572715427 
169 32.659814364916215 
170 18.202627341888615 
171 37.12726274884705 
172 18.704864517740237 
173 13.804181764924648 
174 8.689814344820157 
175 20.90035429363019 
176 13.518718232186657 
177 13.323583320362259 
178 17.293531681894645 
179 21.406827844212053 
180 9.716369297201128 
181 21.973972631446593 
182 14.585687310258969 
183 11.535584727046702 
184 17.728229123078417 
185 30.593696433911756 
186 21.131485344054493 
187 21.650814298619178 
188 22.736928839763433 
189 26.57010731163451 
190 17.443124729680274 
191 21.24860176704223 
192 19.663134997280928 
193 20.77869372225745 
194 13.26891490034799 
195 38.110288305150966 
196 10.59606503703554 
197 24.36763766078338 
198 31.040637049207017 
199 20.10875391334781 
200 12.620407229879973 
201 13.455659532967827 
202 12.030817772423486 
203 20.238091561800356 
204 9.72181942924957 
205 13.490325236722931 
206 19.282205937790202 
207 15.379750363015004 
208 13.327224141053708 
209 15.432320162480178 
210 14.445782302616172 
211 19.46096026428611 
212 18.844960439234576 
213 24.606373492279534 
214 9.787883879398862 
215 14.068566713513768 
216 13.420699144068475 
217 14.326961701895094 
218 9.8126146359723 
219 8.3257816516566 
220 28.938608232485613 
221 17.49704440689986 
222 8.71335473081757 
223 10.502327421507427 
224 14.120666727265993 
225 10.694244292481935 
226 14.966507996545891 
227 18.810731296025544 
228 10.934027804932729 
229 11.913774836318188 
230 12.148353255690688 
231 19.311947768512848 
232 17.1605132233569 
233 13.951018643250345 
234 16.680137599172813 
235 13.562957765152127 
236 9.277750496591326 
237 15.81037966285697 
238 9.002970722074354 
239 7.542179377212904 
240 26.01086498151961 
241 19.655855323895082 
242 8.868706560971638 
243 17.04987764327119 
244 12.828775482114729 
245 13.54880640888975 
246 23.713915791735218 
247 22.78534759532592 
248 18.8019616457024 
249 30.093013244557966 
250 19.108098257890518 
251 18.98210091373591 
252 18.067682128334138 
253 21.618563608811737 
254 7.647684983434863 
255 9.964918616226388 
256 15.819741938890585 
257 16.04050756839859 
258 15.407659924620347 
259 16.171059987431132 
260 14.947093831296105 
261 9.853208638434126 
262 16.810298667778188 
263 29.295560584471826 
264 20.85307453663193 
265 14.081792024925047 
266 13.009385681407915 
267 11.335895481646045 
268 9.856334480100765 
269 7.896780704182128 
270 23.721292190751967 
271 32.50088336484518 
272 15.77203280525546 
273 23.41616793211255 
274 11.472071332841006 
275 17.995512174192857 
276 8.537745335520878 
277 8.928287251185138 
278 19.518104358913504 
279 12.497330282227308 
280 12.2678132175083 
281 10.538770013166227 
282 19.848868024532443 
283 20.19861981286088 
284 14.482393806929222 
285 26.213253170173804 
286 15.55918106918029 
287 16.039342105766327 
288 17.03284493681167 
289 19.867107494387025 
290 22.344952505766965 
291 19.97592014021184 
292 16.13398623671466 
293 13.258596599925399 
294 20.8555630693345 
295 50.20953840260486 
296 10.123222108248356 
297 10.466240461539229 
298 10.484265992096127 
299 14.988489645684064 
300 19.793135668005306 
301 26.55328631661581 
302 20.592211464818053 
303 17.837854849341866 
304 23.232636330905365 
305 19.312481294404208 
306 21.075315930959977 
307 15.671849136690916 
308 13.504180712379222 
309 14.015491442281345 
310 10.873481154257952 
311 14.092816342987703 
312 16.643601169808775 
313 12.976301558033338 
314 11.665004463751831 
315 8.461478250694984 
316 8.481737477502982 
317 10.894805471424638 
318 13.124959711109094 
319 16.446058172635805 
320 8.698933763063529 
321 9.81530130603782 
322 9.067118620618093 
323 12.588324979741289 
324 10.313650949775619 
325 13.2350004733205 
326 11.776030187577385 
327 17.053551752599116 
328 14.2735254481848 
329 18.919509950742473 
330 13.928595386030572 
331 16.06348330958837 
332 14.68629833364263 
333 11.51401951257007 
334 7.481612158076398 
335 8.630610313181613 
336 11.432515161839863 
337 14.023973438633682 
338 14.263768776377047 
339 16.388289122543792 
340 17.16823983037666 
341 6.808548215604633 
342 14.357957579657953 
343 24.967135535409213 
344 20.933316697027923 
345 19.255383909101344 
346 20.639126861889274 
347 22.74358654570891 
348 12.97810837822534 
349 12.180280643062913 
350 11.801875670032894 
351 12.980036207776935 
352 11.053728188653487 
353 22.73508016868489 
354 19.482926965222198 
355 19.308480568624383 
356 18.33174825174825 
357 11.3996097126115 
358 12.96122421230887 
359 9.606566989152741 
360 16.97418443619764 
361 15.737354560087649 
362 12.83364288096542 
363 13.042760610856984 
364 19.10931705316871 
365 19.13660648699453 
366 18.475563719336268 
367 15.998413243315406 
368 10.614487193438425 
369 14.776064088382219 
370 21.148639858817596 
371 19.417534698110238 
372 6.854524328202346 
373 11.341136897664068 
374 13.906290200655146 
375 14.719076913358858 
376 17.082236413397627 
377 16.819668844162667 
378 13.495230036132677 
379 11.188002976849395 
380 18.31749775087563 
381 36.895707248416606 
382 10.282752753758915 
383 12.244534294764192 
384 20.36445557918451 
385 17.785964778370033 
386 21.598747631210347 
387 19.41331062285643 
388 18.230872879956188 
389 18.076559065638065 
390 13.611241278598085 
391 18.091295327401106 
392 24.633542415486176 
393 18.216857841497895 
394 7.79390209457551 
395 10.285375178092806 
396 9.402434951029733 
397 19.365267857555093 
398 12.116767825004262 
399 11.240081896043478 
400 7.869947012113661 
401 10.567792489197394 
402 16.36220503157903 
403 16.59460892340683 
404 13.837290014383932 
405 14.225743541390386 
406 14.068849852579605 
407 13.55949386731151 
408 17.855092206310555 
409 16.855763859585668 
410 22.67902369391485 
411 19.11889871455921 
412 12.682418253617886 
413 13.963698347382579 
414 10.308454581203303 
415 8.694984472886633 
416 12.514034752721024 
417 9.866930769466014 
418 19.806033933200798 
419 17.379952761778476 
420 16.23446535427585 
421 21.311978862325653 
422 10.978157823791614 
423 11.044443157102005 
424 19.75389020760333 
425 10.417525209875317 
426 8.993627295417314 
427 8.882548772120051 
428 13.30030378558699 
429 14.365776719812306 
430 12.646320651747864 
431 12.993627573986128 
432 14.592741037630818 
433 21.980190963306118 
434 9.227721639572925 
435 19.744405215835805 
436 20.83712057230861 
437 18.321258370426023 
438 13.890217610883525 
439 10.07318742599962 
440 15.740189363945795 
441 20.06392820753228 
442 11.085367529680413 
443 11.55586168134693 
444 9.690306929892452 
445 9.178349942447996 
446 19.370991802332295 
447 7.79013840701916 
448 11.057866360844175 
449 15.622407628128725 
450 21.192879627711445 
451 15.296792428745965 
452 10.05543755004579 
453 17.065000162744525 
454 17.868327553741683 
455 19.20046876144437 
456 11.083492764805987 
457 9.864099772112068 
458 19.940401821794982 
459 25.32455833162261 
460 18.40268868628191 
461 21.761912668105595 
462 9.571207221926835 
463 9.257028342904563 
464 11.678873741423862 
465 19.218768328445748 
466 20.102682080481586 
467 15.538257499981476 
468 4.1680535984370435 
469 15.409754394988703 
470 20.760386865577082 
471 17.80038195475958 
472 17.953147137506686 
473 20.091704270016 
474 11.280135330297904 
475 10.911414270700007 
476 12.711668490136594 
477 17.393935372569835 
478 16.617817890791528 
479 7.816866733386635 
480 10.154519571575216 
481 8.987364176142998 
482 8.114107735314317 
483 8.593934277764346 
484 7.342956332359362 
485 21.810232490419065 
486 23.678305492359023 
487 23.322419928825624 
488 14.799316895544296 
489 16.212627461288104 
490 18.652459687102542 
491 14.681363300652107 
492 10.300758379504106 
493 11.344817979448813 
494 10.65290406477634 
495 12.000629458065218 
496 11.048719900742586 
497 9.106194325215643 
498 31.14828897338403 
499 17.82390712182187 
500 20.930078444679534 
501 18.846399942485352 
502 18.906802619894428 
503 21.33159736349581 
504 7.614239811200871 
505 10.38289150243958 
506 18.15275950418946 
507 21.014494641541955 
508 12.280995994471903 
509 19.00833877166268 
510 16.246664910676934 
511 17.61431889097468 
512 22.211593251215355 
513 23.656937229620354 
514 10.003300802304837 
515 7.493575359108125 
516 19.85723145680158 
517 15.386351380599342 
518 9.435537498706475 
519 11.275829159643308 
