0 3.50522982668918 
1 3.43572355676992 
2 3.4095147151365195 
3 3.33020252942836 
4 3.2249725675733005 
5 3.2645432508837997 
6 3.08101033107716 
7 3.3675707492003397 
8 3.09020080252144 
9 3.36259818711916 
10 3.2252059066693803 
11 3.4177249812538797 
12 3.4562104593797 
13 3.609054029173 
14 3.72790738414196 
15 3.7050702156582 
16 3.96612456786256 
17 3.67894124097828 
18 4.05220976337986 
19 3.6857094151621403 
20 4.026962150662181 
21 3.72840825657754 
22 3.96610997419916 
23 3.7109913739046805 
24 3.9213016072162397 
25 3.7877334126850997 
26 3.9200821548674596 
27 3.8398801258579605 
28 3.97045035561204 
29 3.8845396454499204 
30 4.00480264381094 
31 3.84389063093598 
32 4.02064472823438 
33 3.88579170556306 
34 4.02482767175348 
35 3.82007304996056 
36 3.9668062726307802 
37 3.728091597283 
38 3.9104917950633995 
39 3.71566270563628 
40 3.8973301345567797 
41 3.91250705888334 
42 3.9731855447190596 
43 3.8622996752586602 
44 3.8903596564972402 
45 3.9888703760526396 
46 3.9611253860583604 
47 3.86032075268002 
48 4.05947340571936 
49 3.8910262124025 
50 4.13599353639552 
51 3.76824509347338 
52 4.26788103051554 
53 3.8215856931781405 
54 4.30314523944852 
55 3.7856088837087 
56 4.28638174094992 
57 3.99130272536092 
58 4.21547622974458 
59 4.1272556038165 
60 4.195694842505381 
61 4.11320855139264 
62 4.15317618247566 
63 4.2419121950697 
64 4.2942267497255795 
65 4.41419421401946 
66 4.37858615408714 
67 4.29164859750796 
68 4.3500223524205195 
69 4.10059622237922 
70 4.24155338082154 
71 4.12620363129234 
72 4.25087887623694 
73 4.1442892012182595 
74 4.35267440326046 
75 4.13555373140982 
76 4.43384951310512 
77 4.13476373432308 
78 4.53331882597708 
79 4.34762230536522 
80 4.8346154139176 
81 4.34762230536522 
82 4.8450713057414 
83 4.4215014555628205 
84 4.8450713057414 
85 4.4215014555628205 
86 4.85 
87 4.48429084062846 
88 4.85 
89 4.41984578110526 
90 4.74615521128054 
91 4.4296308715295805 
92 4.66768056056198 
93 4.37370548989226 
94 4.56421108416314 
95 4.34201828558278 
96 4.56421108416314 
97 4.34311896411498 
98 4.56421108416314 
99 4.33843527213724 
100 4.49658034221342 
101 4.361419607983541 
102 4.4984246295634005 
103 4.41516523612008 
104 4.4364720055129 
105 4.42224196516774 
106 4.3810286429554 
107 4.49601204559956 
108 4.3810286429554 
109 4.39402387929962 
110 4.34410394868898 
111 4.15470509637448 
112 4.17293027207084 
113 4.03915516286656 
114 4.0332275883744 
115 4.06376563812836 
116 4.0886709509319 
117 4.150641209713941 
118 4.0886709509319 
119 4.31436482766778 
120 4.21636143306046 
121 4.4767174880069 
122 4.2945794755057 
123 4.6111010477706005 
124 4.3066182218076 
125 4.6111010477706005 
126 4.3066182218076 
127 4.6640170788307005 
128 4.3066182218076 
129 4.64285676577046 
130 4.3459678937203 
131 4.53963356457412 
132 4.2861395443385595 
133 4.5373476655321 
134 4.33064923202834 
135 4.566839501002621 
136 4.3396631708677 
137 4.566839501002621 
138 4.350592092318999 
139 4.545784751143239 
140 4.32441600782758 
141 4.4993538110718 
142 4.23661349852538 
143 4.48280608385804 
144 4.32838904589888 
145 4.4497239386495 
146 4.27952703381926 
147 4.4497239386495 
148 4.16775109359912 
149 4.3664574459089405 
150 4.09470129082062 
151 4.412145238135301 
152 4.0870640260380195 
153 4.3204759230738 
154 3.95093557848704 
155 4.324066232811839 
156 3.9907836517273205 
157 4.2314908658008 
158 3.95527027902762 
159 4.38095428626726 
160 4.03969066433676 
161 4.4365835556727395 
162 4.16434743170436 
163 4.40911236715668 
164 4.1753716639378 
165 4.42895530144988 
166 4.1753716639378 
167 4.26718885509172 
168 4.31173205540632 
169 4.1194667016734 
170 4.186698675351581 
171 4.0113084960608605 
172 4.0651890148457 
173 3.9614720905990195 
174 3.9501380488276405 
175 3.94162915630584 
176 3.9501380488276405 
177 4.19597096967502 
178 3.9501380488276405 
179 4.175762767581 
180 3.94562981158384 
181 4.2329202208946 
182 4.0093499094117595 
183 4.401897129934 
184 4.19823837065602 
185 4.401897129934 
186 4.19823837065602 
187 4.401897129934 
188 4.08425567714048 
189 4.47861191209448 
190 4.16673044719868 
191 4.5274162591188 
192 4.16669476717734 
193 4.34855870985284 
194 4.13421738397816 
195 4.2858166468748795 
196 4.10936374440094 
197 4.19093166978252 
198 4.17432930606722 
199 4.2855557256351196 
200 4.1733767147133 
201 4.2898160679798405 
202 4.203720588151279 
203 4.27832295983984 
204 4.2242572340223 
205 4.21071996151936 
206 4.27014962634254 
207 4.3056049386117206 
208 4.14304405118226 
209 4.2691870850971 
210 4.15471334252786 
211 4.14432234545284 
212 4.02491417994154 
213 4.05807171031174 
214 3.9035627112866003 
215 4.05171504129938 
216 3.6759871905911403 
217 4.05171504129938 
218 3.8521098976006796 
219 4.14789534716688 
220 3.74437820920476 
221 4.2349752162840195 
222 3.78724856831428 
223 4.32056771273284 
224 3.9190320436557 
225 4.45726944304364 
226 4.115152067881359 
227 4.47015806328338 
228 4.115152067881359 
229 4.4640023383729 
230 4.25556127436598 
231 4.4395859918481 
232 4.2390076933767 
233 4.39769357881304 
234 4.25005730911616 
235 4.27461152892728 
236 4.14862038525586 
237 4.26172290868754 
238 4.08873545665924 
239 4.16467169680614 
240 3.9629747219287403 
241 4.40746883732426 
242 4.099395313210939 
243 4.60465265579626 
244 4.15944719951626 
245 4.7453994126304995 
246 4.27130086710334 
247 4.7453994126304995 
248 4.2759406766471795 
249 4.83194731628718 
250 4.38601592920362 
251 4.66895350738274 
252 4.31740346040754 
253 4.58545865994542 
254 4.30107654722032 
255 4.4395345032518 
256 4.2527527899318205 
257 4.45261076424738 
258 4.30799790898458 
259 4.36961119919816 
260 4.19982889435156 
261 4.35642899760872 
262 4.150285737509661 
263 4.3183239782439005 
264 4.14966220251946 
265 4.446583427989021 
266 4.19798595980796 
267 4.43350716699344 
268 4.04763266391756 
269 4.51650673204266 
270 4.1559915346767395 
271 4.65585735993858 
272 4.28253876363138 
273 4.74513214959066 
274 4.3402332019402 
275 4.66217249774256 
276 4.31404591538438 
277 4.52064664439462 
278 4.4643992112748005 
279 4.52064664439462 
280 4.392019324248119 
281 4.38048170617976 
282 4.2506671317044 
283 4.202865135774941 
284 4.06259252129906 
285 4.28582478762304 
286 4.08877980785488 
287 4.42735064097098 
288 4.11107963064304 
289 4.29405728780194 
290 4.0358612628073205 
291 4.2744500411658795 
292 4.05564950260682 
293 4.2403340568958 
294 4.03461539349436 
295 4.12111425513476 
296 3.8829502677801004 
297 4.095540290916221 
298 3.8455667265925597 
299 4.2071284844855 
300 4.05714643065526 
301 4.2298719567426195 
302 4.08972191326702 
303 4.46308884069388 
304 4.22505710546182 
305 4.58230864245494 
306 4.37672223117606 
307 4.6078826066734795 
308 4.26412418010456 
309 4.5787967090294 
310 4.20979413978636 
311 4.67953288910042 
312 4.37625267833692 
313 4.7260910276354 
314 4.27429680355386 
315 4.7260910276354 
316 4.27429680355386 
317 4.6780540066407 
318 4.13386018394128 
319 4.5790975547696 
320 4.08186713678376 
321 4.613295147929319 
322 4.03504316269628 
323 4.56887346240608 
324 3.99316021476128 
325 4.59367914243406 
326 3.8328865604024003 
327 4.64171616342876 
328 3.8852860047494198 
329 4.57401515337434 
330 3.8601730942161603 
331 4.52949726006062 
332 3.9087846778949 
333 4.57391894558386 
334 4.0022155493232 
335 4.51053656206236 
336 4.01862197967758 
337 4.50540433433382 
338 4.0217791988814 
339 4.51353611523426 
340 4.16520220241336 
341 4.48494707745388 
342 4.0722734914301 
343 4.37203410843226 
344 4.0428434747547595 
345 4.24167914988746 
346 3.9134722516322 
347 4.03972677150324 
348 4.0504240384293 
349 4.0052731776009205 
350 4.15866825611986 
351 3.9430545891962803 
352 4.26984614581146 
353 4.055967558217899 
354 4.44709431421784 
355 4.22489922025622 
356 4.56946625823998 
357 4.431983826369001 
358 4.28018007895678 
359 4.47088531382336 
360 4.25123500077496 
361 4.47884521186828 
362 4.23119821247534 
363 4.3333401783527 
364 4.202870130974 
365 4.3333401783527 
366 4.21047394898366 
367 3.9773599451344603 
368 4.39518256106984 
369 3.90643123878598 
370 4.44436139626604 
371 3.88664191235112 
372 4.47343917375828 
373 4.0463712978028 
374 4.57586134347884 
375 3.9468665382803003 
376 4.6274805679402595 
377 4.05667273515496 
378 4.67627217345476 
379 4.06359812956064 
380 4.52189086967234 
381 4.11368015083872 
382 4.46069613523956 
383 4.0994557989026195 
384 4.46069613523956 
385 4.1399027868451395 
386 4.3556929872726595 
387 4.1469878158641595 
388 4.148201268247901 
389 4.3081783476357405 
390 4.28234881501594 
391 4.12545671437598 
392 4.1739032179349795 
393 4.12788837080744 
394 4.18286125627128 
395 4.20469734516712 
396 4.20469734516712 
397 4.1869461423874395 
398 4.17830793774722 
399 4.30525884087374 
400 4.2380158805349195 
401 4.36794667204858 
402 4.2380158805349195 
403 4.49045870819862 
404 4.37857843455642 
405 4.3848355445057 
406 4.258561062633 
407 4.3848355445057 
408 4.23999547271354 
409 4.3905055340782395 
410 4.30897151359424 
411 4.284752769574601 
412 4.29333420794348 
413 4.1792945556791405 
414 4.30829386551288 
415 4.17419255731202 
416 4.4121551941878 
417 4.17419255731202 
418 4.4143290558592 
419 4.06943301327712 
420 4.2650273798623 
421 4.22017957149398 
422 4.039601953455859 
423 4.19019838296822 
424 3.8712327272366402 
425 4.04045984657298 
426 3.797094968174 
427 4.04045984657298 
428 3.75214023553142 
429 3.9858457340891 
430 3.70318102159914 
431 3.9022637820451203 
432 3.6452686136393404 
433 3.9243377388178 
434 3.8270467180163004 
435 3.914663640564 
436 3.8898384206795598 
437 3.914663640564 
438 3.95962049131006 
439 4.0021835722287795 
440 4.10145678011534 
441 4.085765524272761 
442 4.242513325965421 
443 4.0938943779907 
444 4.14358791298312 
445 4.12454956045924 
446 4.16213197429468 
447 4.10542791851376 
448 4.2069332033708795 
449 4.12024161195468 
450 4.34828536703188 
451 4.1015715756781805 
452 4.3561111226624 
453 4.2003722317719205 
454 4.427736912466139 
455 4.4015321910032394 
456 4.427736912466139 
457 4.37340364708672 
458 4.38469635964006 
459 4.29418398449952 
460 4.38099197336632 
461 4.15706071714404 
462 4.4138423750065 
463 4.0774239069610205 
464 4.41277346245794 
465 4.025920063743699 
466 4.23669226407848 
467 4.0731702496057 
468 4.3333043323883 
469 4.0434978270709205 
470 4.31355223215342 
471 4.01921725971186 
472 4.31911697488256 
473 4.029390781255399 
474 4.31911697488256 
475 4.116785623050481 
476 4.495198173262 
477 4.116785623050481 
478 4.486757024650339 
479 4.23723591646204 
480 4.53159107018058 
481 4.18482601243242 
482 4.45674303763146 
483 4.04908779593012 
484 4.19891165095936 
485 4.04908779593012 
486 4.19891165095936 
487 3.96150059764854 
488 4.2876925694645 
489 3.95980389866992 
490 4.27267477957926 
491 4.02345633899844 
492 4.3245514785117996 
493 4.24090987881444 
494 4.58238286518392 
495 4.24090987881444 
496 4.58238286518392 
497 4.1435075144881 
498 4.61301845567952 
499 3.9409760948901003 
500 4.3983786724103 
501 3.8328430294724596 
502 4.20694957136212 
503 3.7010162309117596 
504 4.306483547842641 
505 3.57191383210246 
506 4.16902029677918 
507 3.5599992037834602 
508 4.0799028269618 
509 3.7442465809142 
510 4.0799028269618 
511 3.85478876257242 
512 3.97831788747404 
513 3.9402447602409403 
514 4.0051124729743 
515 4.09835324906504 
516 4.14885776648124 
517 4.29525743999196 
518 4.31606408478334 
519 4.37358163674368 
520 4.40140045279054 
521 4.39519559009392 
522 4.57454680315432 
523 4.42092884988898 
524 4.6229570708450405 
525 4.3919227598742 
526 4.61667502840154 
527 4.3919227598742 
528 4.640362525310421 
529 4.203341452823279 
530 4.450224669202219 
531 4.06451661533982 
532 4.317470976136621 
533 4.08185115697488 
534 4.18550035327084 
535 3.9250326686563595 
536 4.07766975151446 
537 3.8638519747264395 
538 3.83985780532794 
539 4.02074001655048 
540 3.99700635175 
541 3.9347734978001 
542 3.83613068528064 
543 3.8250251123054197 
544 3.82801281316532 
545 3.7892575468083995 
546 3.81662796079912 
547 3.53328481431664 
548 3.6983018767543796 
549 3.5143847593864996 
550 3.64206688109818 
551 3.76072154459618 
552 4.02398596373334 
553 3.8508089064635 
554 4.15556262389856 
555 4.03032870543616 
556 4.18781997571204 
557 4.33557779475518 
558 4.3781365963579395 
559 4.27617638438368 
560 4.38714766658318 
561 4.24459494604412 
562 4.1451998570044 
563 4.28214347256348 
564 4.166834811392841 
565 4.29520972740638 
566 4.17303021666846 
567 4.30711406450906 
568 4.252390604589101 
569 4.20931343163102 
570 4.3446014956192 
571 4.17107287353748 
572 4.3404933978517395 
573 4.054868426115361 
574 4.31885844346328 
575 4.0000693373063 
576 4.3599161933298 
577 3.77609875808992 
578 4.27107711634694 
579 3.8777654583774797 
580 4.3889390468392 
581 3.72919081253402 
582 4.20448543660964 
583 3.6828086824634396 
584 3.97148092172864 
585 3.4800930961330403 
586 3.9210158825187 
587 3.50157653364732 
588 3.9720522063839603 
589 3.6155043537245803 
590 3.8573276115844797 
591 3.83867790078842 
592 3.99704048767654 
593 3.9913937325136404 
594 4.05589614250426 
595 4.24890840765308 
596 4.14606612888118 
597 4.33473204425052 
598 4.11759753016714 
599 4.38339805038924 
600 4.23232212496662 
601 4.405422109301361 
602 4.2961725906209 
603 4.3167627228688605 
604 4.352724595020559 
605 4.34278006804156 
606 4.3758870403052805 
607 4.27847955700386 
608 4.29728632544794 
609 4.20547224833178 
610 4.28410526993682 
611 4.16915273644224 
612 4.224845058223201 
613 4.0088130149327 
614 3.99961454830184 
615 3.73904543432092 
616 3.69102306371632 
617 3.9200094504632803 
618 3.65568011781224 
619 3.82818110043062 
620 3.6688611733233403 
621 3.75542489153296 
622 3.65880124126024 
623 3.9298575956662196 
624 3.85819020949008 
625 4.17360783110532 
626 4.14361924879088 
627 4.17360783110532 
628 4.27112047580048 
629 4.04057344396036 
630 4.12624788448068 
631 4.11305318151854 
632 4.11425819057836 
633 4.12256993423318 
634 4.10964981917994 
635 4.06668798340154 
636 3.8803830306875597 
637 4.06668798340154 
638 3.92293398646242 
639 4.1120216128869 
640 3.95547372743066 
641 4.03605274548022 
642 3.9031656962594803 
643 4.07393340244158 
644 3.89341739926248 
645 4.02494232468968 
646 3.97789651883106 
647 4.022784244634 
648 4.0413661338860996 
649 3.9766346451997796 
650 4.03599753338484 
651 4.205235794959799 
652 4.1394734112811005 
653 4.23215108599954 
654 4.169465021360081 
655 4.0571031614654 
656 4.0563995617935 
657 4.00289608398742 
658 4.07015886125398 
659 4.04632742295264 
660 4.184710807367059 
661 3.8965793723805198 
662 4.26118790705712 
663 3.88723488501712 
664 4.22893208524096 
665 3.9494353109841804 
666 4.22462538439214 
667 3.9540358905961597 
668 4.24663509268306 
669 4.04626885731626 
670 4.22047131399014 
671 3.98467326684674 
672 4.22185681521252 
673 4.064584245266881 
674 4.15500008430394 
675 4.12464798768856 
676 4.2681095973265 
677 4.20230927076124 
678 4.2544730703361 
679 4.0939633392324195 
680 4.28378635376876 
681 4.16380041138442 
682 4.33586098368388 
683 4.18748559813334 
684 4.37877271086494 
685 4.16551997910942 
686 4.42140865825398 
687 4.19289198824914 
688 4.248464966266701 
689 4.28090704965812 
690 4.248464966266701 
691 4.2491459041635995 
692 4.113548331031501 
693 4.2491459041635995 
694 4.13356089139974 
695 4.17321932732506 
696 3.96281437084044 
697 4.1258161109742 
698 4.14677981848498 
699 4.125729244222 
700 4.14677981848498 
701 3.9582556739059798 
702 4.14072549461998 
703 4.08948353180128 
704 4.29151990815754 
705 4.1414448387344205 
706 4.3108342661784 
707 4.15050400090062 
708 4.3131562036969395 
709 4.1213285371505 
710 4.150583989654541 
711 4.1149820398391395 
712 4.06757054951986 
713 3.94409087076048 
714 3.9084529922360405 
715 3.92786571289422 
716 3.9557710264424 
717 3.84478446600446 
718 3.87877971907274 
719 3.8509607628097 
720 3.8717868622450196 
721 4.0346824778018995 
722 4.005211929025441 
723 4.0412049993911 
724 4.0013357284483595 
725 4.077134586168301 
726 4.02373747580566 
727 4.062817525692401 
728 3.97796273678444 
729 3.94763547665618 
730 3.91289814063348 
731 3.8579352652432197 
732 3.77426382356012 
733 3.8588529721476 
734 3.7850136253779603 
735 3.8356823843406196 
736 3.7679716880121803 
737 3.96777391018164 
738 3.88841579688454 
739 4.04154211492276 
740 4.1230454639056 
741 4.09706172370918 
742 4.15881697752762 
743 4.17209339896274 
744 4.26263353139164 
745 4.09044750743446 
746 4.11993080100122 
747 3.9030202680440196 
748 3.9095146659665403 
749 3.9712962884380802 
750 3.9095146659665403 
751 3.8700642015066995 
752 4.01611046572458 
753 3.76079155066964 
754 3.9086960612480603 
755 3.78719043827274 
756 3.9331462463476 
757 3.8259505847568 
758 4.02684432910686 
759 3.7873464842816396 
760 4.02684432910686 
761 3.70117600769822 
762 4.0077663913551 
763 3.74467549110272 
764 4.03337247028606 
765 3.7578888892902595 
766 4.10072738296384 
767 3.91020681790598 
768 4.21744543523928 
769 3.90004577687398 
770 4.0805910259711 
771 3.93533956171214 
772 4.04605448421562 
773 3.99735596056676 
774 4.05364833230412 
775 4.004876015402781 
776 4.18458541751882 
777 3.92427613163866 
778 4.18458541751882 
779 3.89451018250802 
780 4.3214398267870004 
781 4.0403889279512 
782 4.218493439160239 
783 4.1088191186436 
784 4.30324704344944 
785 4.157926194494641 
786 4.27057056911624 
787 4.19742934069566 
788 4.21315454831352 
789 4.15490327550004 
790 4.1180753382363395 
791 4.061892756579541 
792 4.16683088047494 
793 4.07236608651826 
794 4.2060649694005 
795 4.01619773879738 
796 4.05446757782262 
797 3.91822362564942 
798 3.9793949447435404 
799 3.9981348126236 
800 4.07447415482072 
801 3.9840675525635803 
802 4.20184203932678 
803 3.9043508667422997 
804 4.10980243381012 
805 3.98944476649248 
806 4.346262185742161 
807 3.98412072561092 
808 4.3409219763880795 
809 3.9097667003934804 
810 4.1823074640439 
811 3.7590551855705003 
812 3.9422764839467197 
813 3.63312168412102 
814 3.87516149485894 
815 3.4926868266585798 
816 3.6326567434270602 
817 3.4728718031092596 
818 3.7704856066629198 
819 3.51714262818778 
820 3.9233393279766 
821 3.8054409104864595 
822 4.05268988878376 
823 3.9813729427273996 
824 4.23147577261138 
825 3.9317507714171 
826 4.26707800519554 
827 4.0959606865590406 
828 4.1271813375792 
829 4.1209594739675 
830 4.13294212860972 
831 4.05660167529354 
832 4.206996955429441 
833 3.9842547523146004 
834 4.11908639930094 
835 4.04533862491784 
836 4.08479789013892 
837 3.90365571277554 
838 4.13740672919722 
839 3.9226289565122796 
840 4.13740672919722 
841 3.83262854373676 
842 4.09374380044708 
843 3.85342499216244 
844 4.05935057201806 
845 3.93111273437966 
