0 1 
1 1 
2 1 
3 1 
4 1 
5 1 
6 2 
7 1 
8 3 
9 1 
10 3 
11 1 
12 3 
13 1 
14 3 
15 1 
16 3 
17 1 
18 3 
19 1 
20 3 
21 1 
22 3 
23 2 
24 3 
25 2 
26 3 
27 2 
28 3 
29 2 
30 3 
31 3 
32 3 
33 2 
34 3 
35 2 
36 2 
37 2 
38 2 
39 2 
40 3 
41 2 
42 3 
43 2 
44 3 
45 2 
46 3 
47 2 
48 3 
49 2 
50 3 
51 2 
52 3 
53 2 
54 2 
55 2 
56 2 
57 2 
58 2 
59 2 
60 2 
61 2 
62 2 
63 2 
64 2 
65 2 
66 2 
67 2 
68 2 
69 1 
70 2 
71 1 
72 2 
73 1 
74 2 
75 1 
76 2 
77 1 
78 2 
79 1 
80 2 
81 1 
82 2 
83 1 
84 2 
85 1 
86 2 
87 2 
88 2 
89 2 
90 2 
91 2 
92 2 
93 2 
94 2 
95 2 
96 2 
97 1 
98 2 
99 2 
100 2 
101 2 
102 2 
103 2 
104 2 
105 2 
106 2 
107 2 
108 2 
109 2 
110 2 
111 2 
112 2 
113 2 
114 2 
115 2 
116 2 
117 2 
118 2 
119 2 
120 2 
121 2 
122 2 
123 2 
124 2 
125 2 
126 2 
127 2 
128 2 
129 2 
130 2 
131 2 
132 2 
133 2 
134 2 
135 2 
136 2 
137 2 
138 2 
139 2 
140 2 
141 2 
142 1 
143 2 
144 2 
145 2 
146 2 
147 2 
148 2 
149 2 
150 2 
151 2 
152 2 
153 2 
154 2 
155 2 
156 2 
157 2 
158 2 
159 2 
160 2 
161 2 
162 2 
163 2 
164 2 
165 2 
166 2 
167 2 
168 2 
169 2 
170 2 
171 2 
172 2 
173 2 
174 2 
175 2 
176 2 
177 2 
178 2 
179 2 
180 2 
181 2 
182 2 
183 2 
184 2 
185 2 
186 2 
187 2 
188 2 
189 2 
190 2 
191 2 
192 2 
193 2 
194 2 
195 2 
196 2 
197 2 
198 2 
199 2 
200 2 
201 2 
202 2 
203 2 
204 2 
205 2 
206 2 
207 2 
208 2 
209 2 
210 2 
211 3 
212 2 
213 3 
214 2 
215 3 
216 2 
217 3 
218 2 
219 3 
220 2 
221 3 
222 2 
223 2 
224 2 
225 2 
226 2 
227 2 
228 2 
229 2 
230 2 
231 2 
232 2 
233 2 
234 2 
235 2 
236 2 
237 2 
238 2 
239 2 
240 2 
241 2 
242 2 
243 2 
244 2 
245 2 
246 2 
247 2 
248 2 
249 2 
250 2 
251 2 
252 2 
253 2 
254 2 
255 2 
256 2 
257 2 
258 2 
259 2 
260 2 
261 2 
262 2 
263 2 
264 2 
265 2 
266 2 
267 2 
268 2 
269 2 
270 2 
271 2 
272 2 
273 2 
274 2 
275 2 
276 2 
277 2 
278 2 
279 2 
280 2 
281 2 
282 2 
283 2 
284 1 
285 2 
286 1 
287 2 
288 1 
289 2 
290 1 
291 2 
292 1 
293 2 
294 1 
295 2 
296 1 
297 2 
298 1 
299 2 
300 1 
301 2 
302 1 
303 2 
304 1 
305 2 
306 1 
307 2 
308 1 
309 2 
310 1 
311 2 
312 1 
313 2 
314 2 
315 2 
316 2 
317 2 
318 2 
319 2 
320 2 
321 2 
322 2 
323 2 
324 2 
325 2 
326 2 
327 2 
328 1 
329 3 
330 1 
331 3 
332 1 
333 3 
334 1 
335 3 
336 2 
337 3 
338 2 
339 3 
340 2 
341 3 
342 2 
343 3 
344 2 
345 3 
346 2 
347 3 
348 2 
349 3 
350 2 
351 3 
352 2 
353 3 
354 2 
355 3 
356 2 
357 3 
358 2 
359 3 
360 2 
361 3 
362 2 
363 3 
364 2 
365 3 
366 2 
367 3 
368 2 
369 2 
370 2 
371 2 
372 2 
373 2 
374 2 
375 2 
376 2 
377 2 
378 2 
379 2 
380 2 
381 2 
382 2 
383 2 
384 2 
385 2 
386 2 
387 3 
388 2 
389 3 
390 2 
391 2 
392 2 
393 2 
394 2 
395 2 
396 2 
397 2 
398 2 
399 2 
400 2 
401 2 
402 3 
403 2 
404 3 
405 2 
406 3 
407 2 
408 3 
409 2 
410 3 
411 2 
412 3 
413 2 
414 3 
415 2 
416 3 
417 2 
418 3 
419 2 
420 3 
421 2 
422 2 
423 2 
424 2 
425 2 
426 2 
427 2 
428 2 
429 2 
430 2 
431 2 
432 2 
433 2 
434 2 
435 1 
436 2 
437 1 
438 2 
439 1 
440 2 
441 2 
442 2 
443 2 
444 2 
445 2 
446 2 
447 2 
448 2 
449 2 
450 2 
451 2 
452 2 
453 2 
454 2 
455 2 
456 2 
457 2 
458 2 
459 2 
460 2 
461 2 
462 2 
463 2 
464 2 
465 2 
466 2 
467 2 
468 2 
469 2 
470 2 
471 2 
472 2 
473 2 
474 2 
475 2 
476 2 
477 2 
478 2 
479 2 
480 2 
481 2 
482 2 
483 2 
484 3 
485 2 
486 3 
487 2 
488 3 
489 2 
490 3 
491 2 
492 3 
493 2 
494 3 
495 2 
496 3 
497 2 
498 3 
499 2 
500 3 
501 2 
502 2 
503 2 
504 2 
505 2 
506 2 
507 2 
508 3 
509 2 
510 3 
511 2 
512 3 
513 2 
514 3 
515 2 
516 3 
517 2 
518 3 
519 2 
520 3 
521 2 
522 3 
523 2 
524 3 
525 2 
526 3 
527 2 
528 2 
529 2 
530 2 
531 2 
532 2 
533 2 
534 2 
535 2 
536 2 
537 2 
538 2 
539 2 
540 2 
541 2 
542 2 
543 2 
544 2 
545 2 
546 2 
547 3 
548 2 
549 3 
550 2 
551 3 
552 2 
553 3 
554 2 
555 3 
556 2 
557 3 
558 2 
559 3 
560 2 
561 3 
562 2 
563 3 
564 3 
565 3 
566 3 
567 3 
568 3 
569 3 
570 3 
571 3 
572 3 
573 3 
574 3 
575 3 
576 3 
577 2 
578 3 
579 2 
580 3 
581 2 
582 3 
583 2 
584 2 
585 2 
586 2 
587 2 
588 2 
589 2 
590 2 
591 2 
592 2 
593 2 
594 2 
595 2 
596 2 
597 2 
598 2 
599 2 
600 2 
601 2 
602 2 
603 2 
604 2 
605 2 
606 2 
607 2 
608 2 
609 2 
610 2 
611 2 
612 2 
613 2 
614 2 
615 2 
616 2 
617 2 
618 2 
619 2 
620 2 
621 2 
622 2 
623 2 
624 2 
625 3 
626 2 
627 3 
628 2 
629 2 
630 2 
631 2 
632 2 
633 2 
634 2 
635 2 
636 2 
637 3 
638 3 
639 3 
640 3 
641 3 
642 3 
643 3 
644 3 
645 3 
646 3 
647 3 
648 3 
649 3 
650 3 
651 3 
652 3 
653 3 
654 3 
655 3 
656 3 
657 3 
658 3 
659 3 
660 3 
661 3 
662 3 
663 3 
664 3 
665 3 
666 3 
667 3 
668 3 
669 3 
670 3 
671 3 
672 3 
673 3 
674 3 
675 3 
676 3 
677 3 
678 3 
679 3 
680 3 
681 3 
682 3 
683 3 
684 3 
685 3 
686 3 
687 3 
688 3 
689 3 
690 3 
691 3 
692 3 
693 3 
694 3 
695 3 
696 3 
697 3 
698 3 
699 3 
700 3 
701 3 
702 3 
703 3 
704 3 
705 3 
706 3 
707 3 
708 3 
709 3 
710 3 
711 3 
712 3 
713 3 
714 3 
715 3 
716 3 
717 3 
718 3 
719 3 
720 3 
721 3 
722 3 
723 3 
724 3 
725 3 
726 3 
727 3 
728 3 
729 2 
730 3 
731 2 
732 3 
733 3 
734 3 
735 3 
736 3 
737 3 
738 3 
739 3 
740 3 
741 3 
742 3 
743 3 
744 3 
745 3 
746 3 
747 3 
748 2 
749 3 
750 2 
751 3 
752 2 
753 3 
754 2 
755 3 
756 2 
757 3 
758 2 
759 3 
760 2 
761 3 
762 2 
763 3 
764 2 
765 3 
766 2 
767 3 
768 2 
769 3 
770 2 
771 3 
772 2 
773 3 
774 2 
775 2 
776 2 
777 2 
778 2 
779 3 
780 2 
781 3 
782 3 
783 3 
784 3 
785 3 
786 3 
787 3 
788 3 
789 3 
790 3 
791 3 
792 3 
793 3 
794 3 
795 3 
796 3 
797 3 
798 3 
799 3 
800 3 
801 3 
802 3 
803 3 
804 3 
805 2 
806 3 
807 2 
808 3 
809 3 
810 3 
811 3 
812 3 
813 3 
814 3 
815 3 
816 3 
817 3 
818 3 
819 3 
820 3 
821 3 
822 2 
823 3 
824 2 
825 3 
826 2 
827 3 
828 2 
829 3 
830 2 
831 3 
832 2 
833 3 
834 2 
835 3 
836 2 
837 3 
838 2 
839 3 
840 2 
841 3 
842 2 
843 3 
844 2 
845 3 
