0 22.318081443918842 
1 19.95358772234459 
2 11.957283036941165 
3 11.285264568344356 
4 8.423193633057334 
5 8.284357643415262 
6 12.195013025679197 
7 12.003411308832199 
8 23.45348505605726 
9 25.770819764798407 
10 5.586959909741306 
11 7.7516545459585835 
12 22.78968072852144 
13 15.442718074844258 
14 11.160376881547332 
15 15.428289768923483 
16 18.088954634257842 
17 14.696641811963895 
18 11.44811736608666 
19 11.602051372837566 
20 14.144810235864647 
21 19.19985351674258 
22 15.393184036876372 
23 21.1764016863151 
24 24.91241491547974 
25 7.661081094903577 
26 10.30387091860925 
27 10.629982284646948 
28 10.71306444485879 
29 11.073455993199056 
30 19.28832437354279 
31 12.214367878016605 
32 13.36272026659785 
33 17.15602094240838 
34 18.444851954951034 
35 11.497890561393024 
36 12.919344654138419 
37 10.776676378846973 
38 12.184951484515716 
39 10.953616337829544 
40 16.86389642763806 
41 27.08309011545316 
42 10.61282201153308 
43 10.694626046691893 
44 18.673303207710973 
45 25.122362313198167 
46 22.548809203806247 
47 10.840011578381509 
48 15.555430283789999 
49 17.351121701395353 
50 12.368054163078991 
51 7.338125921791814 
52 11.898397208589827 
53 11.380988560140665 
54 12.47217158846601 
55 12.489515403810307 
56 16.353082453486376 
57 22.18433774449134 
58 11.76460160608551 
59 14.915626489143037 
60 11.954863258703986 
61 18.26604477774439 
62 19.672080708781444 
63 22.522413385742208 
64 13.358421820359128 
65 13.002610253771227 
66 12.725784381248275 
67 22.088072041708358 
68 16.22015112960485 
69 21.156960761070785 
70 12.739428620025635 
71 11.795138303018032 
72 20.352004968751213 
73 18.152838068858063 
74 13.284296274712258 
75 11.925529132120964 
76 14.685835533364612 
77 19.246813079909327 
78 14.544365073860877 
79 13.755334151028787 
80 15.993227965148424 
81 18.152680940200902 
82 14.475296456328774 
83 17.024963265438664 
84 10.495310732766818 
85 10.406591852482242 
86 10.432009073250079 
87 14.161573394108213 
88 25.859478655453895 
89 22.00117498950902 
90 13.305704478691478 
91 13.165953065555039 
92 25.272067772917346 
93 21.545270554876357 
94 13.405771670933573 
95 24.094809708458996 
96 21.463792071151868 
97 21.376497749871312 
98 13.153690073353006 
99 13.010394533176584 
100 11.572473085051788 
101 9.97140975624832 
