0 5.022270490851246 
1 4.905108123247989 
2 7.660675310633028 
3 7.9304350456713815 
4 7.855899457768704 
5 8.588144960000655 
6 8.571103945201225 
7 7.896245507617988 
8 7.067733433988717 
9 7.5898382435701865 
10 8.475378929480016 
11 9.21752125106585 
12 6.772860785330084 
13 8.626705059646236 
14 8.730566842070205 
15 8.615983812820328 
16 9.60621495840815 
17 8.935952992709439 
18 8.11018533736815 
19 7.633182464243662 
20 9.343119805577398 
21 9.503738681989976 
22 5.891248744653805 
23 7.581058487766172 
24 8.658654104201847 
25 8.483418687248692 
26 6.394857650784358 
27 7.19286596240911 
28 7.485043490054572 
29 7.602481049552114 
30 8.564960537466433 
31 8.920463898559941 
32 7.916977798582824 
33 7.577292172505492 
34 6.355333456572005 
35 8.73360277689282 
36 7.700082062165303 
37 8.45543979614876 
38 8.379524595338653 
39 8.256146387361177 
40 8.110906773876032 
41 8.273523291021885 
42 7.833875600945825 
43 6.736225385409758 
44 6.892529361788839 
45 7.940779783338824 
46 8.722596208836343 
47 8.835061318548913 
48 8.760747011556914 
49 8.447606080868788 
50 7.888671342349916 
51 7.670299767384021 
52 8.55793530800417 
53 8.503369474426865 
54 6.53572886638099 
55 9.191725854840866 
56 8.389597972560763 
57 6.962806302260839 
58 8.545642730821577 
59 6.616216284429357 
60 6.2087890778233215 
61 8.240687656564663 
62 7.979392818686483 
63 8.107974777017859 
64 8.231162327008972 
65 5.426625540811891 
66 7.341863795016857 
67 6.805488129389011 
68 7.988983087973395 
69 9.059030620068812 
70 6.986151965274979 
71 7.836861596182376 
72 5.521654533247324 
73 6.362718446601942 
74 7.296687849999043 
75 7.337342863840402 
76 6.815662212053455 
77 6.639057113280001 
78 6.642042953198686 
79 5.915460459973401 
80 10.578000161407473 
81 8.612516196065306 
82 8.181246135450863 
83 6.806769274711293 
84 8.031603236153 
85 8.14247719922192 
86 8.031603236153 
87 8.14247719922192 
88 7.461567883071439 
89 7.1519866042121025 
90 10.109338770866776 
91 8.994244443872606 
92 9.191826573279451 
93 8.585894688144178 
94 8.59765129355141 
95 8.100943496441367 
96 8.575940851970442 
97 6.709651824064372 
98 6.965997963830589 
99 7.616521241726214 
100 8.277017253389799 
101 6.980257322165287 
102 7.148268962672857 
103 8.392031949035207 
104 10.011036642416604 
105 8.441723323149255 
106 8.894396766525224 
107 9.640172287777588 
108 7.539657630159321 
109 7.035014860685269 
110 8.328856781449879 
111 7.232032443504919 
112 8.74472831593827 
113 8.650939076557531 
114 7.958151580984546 
115 7.87358130000413 
116 8.53691122174414 
117 7.732946898380145 
118 6.895362161113568 
119 7.529087384217706 
120 7.894863252206976 
121 8.805199603647784 
122 5.970514004922399 
123 8.245174936799437 
124 8.834447213053982 
125 10.09410858683096 
126 6.781500811651566 
127 7.91962372240653 
128 6.756800208778693 
129 9.57146932171635 
130 9.047442783494036 
131 8.776567384672044 
132 6.629025885149466 
133 7.2797303536158235 
134 7.758924706517838 
135 8.077868552521599 
136 8.24415393475522 
137 6.933444419097494 
138 7.515569396611967 
139 6.927821429102339 
140 8.575379771421561 
141 8.513380098726943 
142 8.026531178536231 
143 6.146923390323328 
144 5.949738707096613 
145 8.0786464914173 
146 9.076045865981143 
147 9.129841578037727 
148 5.098447359368295 
149 5.274215432437972 
150 9.472145689740833 
151 9.577326626189372 
152 8.758771187944928 
153 8.438377550794586 
154 7.123526654393032 
155 4.882906061512706 
156 8.237628740445121 
157 8.55959445891121 
158 8.377733701655252 
159 7.711166592514423 
160 8.225915836584042 
161 7.32380062686072 
162 8.641136575275862 
163 7.806013954518469 
164 9.018534605096802 
165 8.010664833170992 
166 8.521751850918754 
167 8.800654650748022 
168 7.705868087451773 
169 6.640255332083692 
170 4.786526573339587 
171 8.066605251567912 
172 5.59523279097037 
173 6.381013524820861 
174 8.55744641782366 
175 8.360949977474514 
176 8.737569032000017 
177 8.788649759764983 
178 7.723264232866976 
179 7.26677743338837 
180 7.259105675156932 
181 7.731279181435952 
182 8.832196223109449 
183 8.200729291922066 
184 9.303536374101933 
185 7.208379950675844 
186 7.55537141848392 
187 7.706491063029163 
188 7.945322563535242 
189 7.957109847205728 
190 8.368273096375807 
191 8.32239502517967 
192 7.624066601228778 
193 7.607997068757233 
194 7.867112825052894 
195 8.922304570169244 
196 7.277052747001079 
197 7.735585355462561 
198 8.24940749788076 
199 7.7682941736460185 
200 8.025149001712444 
201 7.715947158606962 
202 7.801890249460102 
203 7.236412007363559 
204 8.9394383097715 
205 8.542962241784563 
206 9.925561319147326 
207 9.540618616733314 
208 8.413309476623366 
209 7.320732718371194 
210 7.99122058285575 
211 6.678562159149715 
212 9.704521738728046 
213 8.057029027406129 
214 7.808135584385606 
215 9.828825852109624 
216 9.312956149680376 
217 9.546351300294518 
218 6.840472307391219 
219 7.596271323346971 
220 8.829072782998216 
221 8.67046755942168 
222 6.154265121902548 
223 3.7648106376466344 
224 9.324032207150129 
225 10.64754951487858 
226 1.1135866307073816 
227 9.516784766987273 
228 8.872270980215466 
229 7.313163437530513 
230 6.293614709845477 
231 6.607575633455792 
232 1.3093946471056328 
233 8.602976980397546 
234 5.434014673626469 
235 6.475989315546498 
236 8.413579503967776 
237 7.60842489447114 
238 12.381380273291633 
239 8.465064462222797 
240 8.684974054640554 
241 8.758771187944928 
242 9.988078993929955 
243 8.471886645727501 
244 8.63782657226293 
245 8.846782885647695 
246 8.218227703256094 
247 7.6358366770315245 
248 8.879446016923497 
249 7.923079538628352 
250 9.257702605167957 
251 8.79126554446771 
252 9.347950798663657 
253 8.652455993052131 
254 7.000540775110992 
255 7.542396380487577 
256 8.542962241784563 
257 8.016682052840517 
258 8.794491365500583 
259 9.087648064410592 
260 8.569773001246348 
261 6.186489827103534 
262 9.155350274815225 
263 8.455320478575965 
264 8.433304513923796 
265 11.753359861009919 
266 9.26408230609013 
267 7.91519989432068 
268 5.63799036476256 
269 9.883182370849317 
270 7.677347791229348 
271 8.885314871973037 
272 7.699587329094033 
273 8.767797715604463 
274 8.62269697754643 
275 8.379005659514197 
276 7.161401579696832 
277 7.12773940942955 
278 7.671674659701569 
279 7.596739108779086 
280 8.8385614882435 
281 8.228594746558425 
282 9.721143461069573 
283 7.209420727043337 
284 9.270901117555525 
285 9.692098300424027 
286 3.7790335601430054 
287 7.238035414448446 
288 8.768054318695883 
289 7.596697831276421 
290 7.024364101636555 
291 8.292268425433315 
292 7.600263108778809 
293 7.482226095271055 
294 7.729142134776592 
295 8.8347635597683 
