0 1.219056859797309 
1 1.2179128662100251 
2 1.5790053051970085 
3 1.5962042819905318 
4 1.9146573917163996 
5 1.8981453025073936 
6 1.8849380863567824 
7 1.8762124731153231 
8 1.8573824580498528 
9 1.8793515728966343 
10 1.853260363638109 
11 1.816950499020459 
12 1.8629809951957932 
13 1.8747772479759184 
14 1.8736910820094312 
15 1.8287292593114541 
16 1.8296618346428275 
17 1.8416237264662345 
18 1.8619721332510184 
19 1.8926571570311337 
20 1.8704815696263677 
21 1.887687836074858 
22 1.807271298766212 
23 1.8215961639811442 
24 1.858550558428667 
25 1.8962616330829465 
26 1.7727438558999908 
27 1.7535754265056493 
28 1.7517165994184016 
29 1.743612754934285 
30 1.8774662630699803 
31 1.8998492589390794 
32 1.934742570553284 
33 1.905142891771213 
34 1.8237617558321781 
35 1.8172858707966741 
36 1.8865929491089044 
37 1.8915240641866151 
38 1.7932862838318318 
39 1.8250510684582362 
40 1.8667817692715798 
41 1.8313950808930486 
42 1.8177553460412725 
43 1.8580245856560107 
44 1.8734535854843855 
45 1.8642604086392902 
46 1.883736159700487 
47 1.8804649118785315 
48 1.8929108511670585 
49 1.8728815623333972 
50 1.8451734239736581 
51 1.8466154557910313 
52 1.9270058505485892 
53 1.9140067859631043 
54 1.9064477006301603 
55 1.934350669042788 
56 1.8767082283495342 
57 1.8697117443847473 
58 1.7950229438999143 
59 1.8147914046984417 
60 1.8079333114749938 
61 1.80977028649822 
62 1.8944983411821419 
63 1.8965607337219135 
64 1.8786695154705395 
65 1.8932337794419902 
66 1.9028478248691107 
67 1.8880355945131833 
68 1.882262457779905 
69 1.877731385788378 
70 1.901052681212516 
71 1.9099531149761537 
72 1.938766054501498 
73 1.939742461664713 
74 1.9029496037493394 
75 1.850144219027557 
76 1.8944256527988905 
77 1.9174263805054705 
78 1.872719802826572 
79 1.8821743384690532 
80 1.7727878920538642 
81 1.7586272059824701 
82 1.8839168948639 
83 1.9380340607394395 
84 1.8931779677650535 
85 1.8896830231909998 
86 1.8931779677650535 
87 1.8896830231909998 
88 1.8504664966366122 
89 1.8546938782124374 
90 1.8573385365417356 
91 1.8775760001831945 
92 1.8842346708482554 
93 1.8323292721969984 
94 1.7282229914712992 
95 1.7548690696437228 
96 1.9338966230857233 
97 1.9185541681663085 
98 1.8385822263567042 
99 1.841121130186154 
100 1.8788033808383862 
101 1.8718442460316254 
102 1.792717052242783 
103 1.7915660933859485 
104 1.7872810839059616 
105 1.8168333043565161 
106 1.9404303302360848 
107 1.9081101403612901 
108 1.7781566100054826 
109 1.780762312499364 
110 1.90740875804195 
111 1.9202213318527175 
112 1.7960591653178222 
113 1.7752240477386851 
114 1.9475430976660344 
115 1.9262510447747392 
116 1.839346817165921 
117 1.832514538908504 
118 1.9232923579757992 
119 1.9161734496627605 
120 1.774895127292163 
121 1.7941501790801153 
122 1.8780827339483075 
123 1.830810323806294 
124 1.787536008058534 
125 1.7730875555332972 
126 1.9381096035459953 
127 1.9478725372556605 
128 1.7748688133745212 
129 1.8376081446769865 
130 1.8549450710765267 
131 1.9379715786119958 
132 1.8279122291162269 
133 1.8950514459852594 
134 1.795621649548786 
135 1.8247794907717396 
136 1.8742264037064165 
137 1.8052249769819224 
138 1.8452106948752391 
139 1.8020496391611855 
140 1.8065632405151668 
141 1.7844872842714155 
142 1.8512992325927882 
143 1.8589893256820451 
144 1.8812089725918701 
145 1.874481329831049 
146 1.8022520305565282 
147 1.8348193898723282 
148 1.9257913579936237 
149 1.9348606821442882 
150 1.8804983805603441 
151 1.8747227026412803 
152 1.8910088385985913 
153 1.940680687402056 
154 1.7165167580538137 
155 1.7192776424894678 
156 1.8966707250938453 
157 1.8736580896888548 
158 1.825826920850786 
159 1.847311723601321 
160 1.9476846465031796 
161 1.9303612081853327 
162 1.8589161526947746 
163 1.8969514221682504 
164 1.8807176737263793 
165 1.8665033711982868 
166 1.894331290542113 
167 1.9064120367814243 
168 1.8767259930299054 
169 1.815493043262737 
170 1.8724709893068803 
171 1.9122044194569598 
172 1.9220220251093858 
173 1.915340719646161 
174 1.8541824420551674 
175 1.8156425967135679 
176 1.902159836145222 
177 1.8841909607945106 
178 1.8192336014146546 
179 1.80213411162075 
180 1.8978907746131084 
181 1.9048638457973246 
182 1.7973221654996738 
183 1.8280624098239397 
184 1.8680071303147994 
185 1.913475606601014 
186 1.8437625608982495 
187 1.8760736370092272 
188 1.9310616373060427 
189 1.9064429342124845 
190 1.9451761596283619 
191 1.9445712244404016 
192 1.8600289470568268 
193 1.8819449220470288 
194 1.8668036756642616 
195 1.8772906365215756 
196 1.7922526863821904 
197 1.8160662123266682 
198 1.8271150816474087 
199 1.8050606218995229 
200 1.8830106940597706 
201 1.9060492353709366 
202 1.8832021716570775 
203 1.901632112909364 
204 1.8468472155969073 
205 1.8432970943949196 
206 1.8867113798697497 
207 1.9035172100020075 
208 1.8037915699639164 
209 1.8077695572310648 
210 1.888672153755088 
211 1.9018599284255808 
212 1.862586655571481 
213 1.9146846396949924 
214 1.8264526435136064 
215 1.8591253366905829 
216 1.91595797665926 
217 1.9090492513946362 
218 1.834903739003302 
219 1.8297995124620006 
220 1.909377170833501 
221 1.889665844016762 
222 1.8410923275356863 
223 1.8631940444201323 
224 1.4273169714767735 
225 2.0741891311207326 
226 1.140079616433777 
227 2.344866166802573 
228 1.2997026162117198 
229 1.6637715630769787 
230 1.1597819665582625 
231 1.7045435538765217 
232 1.5989010297990518 
233 1.6483010745398288 
234 1.6310493923678708 
235 1.853076563745236 
236 1.8066038916318514 
237 1.8195397246390455 
238 1.8535881127623206 
239 1.869901256671908 
240 1.9108037585409265 
241 1.9192571985385452 
242 1.93344848978207 
243 1.961070980211848 
244 1.944253421400253 
245 1.9188969919983414 
246 1.8416029655758845 
247 1.8262246705659506 
248 1.8219548019791596 
249 1.8343101668189152 
250 1.8547983575186897 
251 1.8382927415086083 
252 1.8705730747510163 
253 1.9047172905697858 
254 1.828201662037803 
255 1.815917683143045 
256 1.837716030585714 
257 1.8737846060354242 
258 1.8494555481836483 
259 1.8560298254242544 
260 1.8922988179217037 
261 1.8748904027215443 
262 1.897582545329091 
263 1.835423162991138 
264 1.91933490215318 
265 1.909560787712885 
266 1.8282135062755054 
267 1.887219527186029 
268 1.8889041303328167 
269 1.86812431205718 
270 1.8541206680543205 
271 1.8469024959774292 
272 1.9295630297873445 
273 1.9353671496544809 
274 1.7993693751678899 
275 1.817674483167077 
276 1.8684448090079449 
277 1.9322886844848333 
278 1.6580252850808859 
279 1.6741181912474306 
280 1.8490682933355795 
281 1.8483585903674995 
282 1.9262603850837852 
283 1.9058044042636424 
284 1.9395708127351035 
285 1.9036655074981965 
286 1.8879723854459043 
287 1.872094163399696 
288 1.798770632092483 
289 1.8104008842213613 
290 1.8700318330246841 
291 1.8477211509618845 
292 1.8300838964773842 
293 1.8241615852015722 
294 1.734265276638719 
295 1.7581446755823789 
