0 4.197376479583054 
1 3.8548143546043496 
2 7.733502963925842 
3 7.076414336714379 
4 5.1949179203008224 
5 8.65658112531526 
6 7.321294975833099 
7 6.099111374149145 
8 5.986201620752945 
9 6.182431904578706 
10 5.8746962369092985 
11 6.475889328063241 
12 7.308270257461074 
13 6.783343360438864 
14 6.382732262723072 
15 6.1220437444808535 
16 5.8506776474001665 
17 6.356932403758715 
18 5.609585624238501 
19 6.176104888988364 
20 6.359120218686939 
21 5.918081292232411 
22 6.725521133987557 
23 6.893469593028798 
24 6.66599492378526 
25 6.385501668574769 
26 6.325630217248686 
27 6.7839138760933695 
28 6.145320283654692 
29 6.158738269658005 
30 6.692757059676747 
31 7.061177282637059 
32 5.14106128132339 
33 5.211985953262039 
34 5.565114014207659 
35 5.067579747581777 
36 6.757115884032195 
37 6.360778949379816 
38 4.668071215758551 
39 6.638699833490557 
40 7.095616397569327 
41 7.170816856523961 
42 6.502081166259218 
43 6.606742988917102 
44 6.4463984089585225 
45 6.117570185059859 
46 5.858686542480081 
47 6.287218414788432 
48 6.8535050997232 
49 6.768019311822682 
50 6.229981656009328 
51 7.537354282089389 
52 3.235621658733771 
53 10.930921789893409 
54 6.005503930356094 
55 6.304512645689222 
56 7.283965496581438 
57 6.963395845508155 
58 7.37366698193811 
59 6.613754160891483 
60 6.029348176089057 
61 5.625543535117532 
62 6.641359337368952 
63 6.025952531463709 
64 6.942200521372119 
65 6.444645216803417 
66 7.034389533372354 
67 7.086924271378775 
68 7.080954053104994 
69 6.7691880629485635 
70 6.766108672541817 
71 7.2225553318880085 
72 6.497357251293491 
73 6.333242735569286 
74 5.99466322124764 
75 7.783950708930295 
76 5.986876644166359 
77 6.65758312645634 
78 6.5226987148384525 
79 6.250453028135431 
80 6.073499365036613 
81 5.559367863244691 
82 6.766348807908666 
83 6.225201183800808 
84 5.783890673910945 
85 5.230790335836298 
86 6.3582237071487695 
87 5.538694763975475 
88 6.814311291051056 
89 6.960922745000415 
90 6.19169540365629 
91 6.396837500991331 
92 6.767691697028176 
93 7.0195089377611835 
94 6.754047464919823 
95 7.389945539661257 
96 6.441319745191628 
97 7.965451361852925 
98 6.01200306741871 
99 6.622170506163035 
100 6.542610458994657 
101 6.53702251945457 
102 7.029296668783906 
103 5.718143496730779 
104 7.015998126526379 
105 7.123538752876638 
106 6.890955331970796 
107 6.457494322774335 
108 6.377860059151353 
109 8.761149603437364 
110 6.919409731673719 
111 6.029166169543275 
112 7.1592135335856115 
113 6.922630276802617 
114 7.194062669911822 
115 6.580115810429842 
116 6.637502175942776 
117 6.622756060551035 
118 5.735541507186684 
119 6.066620960579947 
120 6.221295341783041 
121 6.178306494853257 
122 6.943924506435992 
123 6.763468308013823 
124 7.293122635210327 
125 6.936700989326127 
126 6.764100934874848 
127 6.706551285249215 
128 6.6243040957469495 
129 6.487578749383229 
130 6.344336040900909 
131 6.669312573144049 
132 8.913885441283982 
133 5.9252377905013764 
134 6.642032434966167 
135 6.645505261039786 
136 6.376192409019667 
137 6.662490072116149 
138 6.981442427248623 
139 5.535807240110445 
140 6.396057118109564 
141 6.18386296821601 
142 6.463365360167043 
143 6.791416297893907 
144 6.658788042356602 
145 6.559442003033952 
146 6.138197485189782 
147 6.3956865029383865 
148 6.6993420937041295 
149 6.384490799936677 
150 6.328694035706095 
151 5.85846559553258 
152 7.096036556996804 
153 6.023157462415436 
154 5.929015295015691 
155 5.327994715581413 
156 10.577866774942814 
157 5.358763255397982 
158 5.631215671742986 
159 5.389141294739223 
160 6.434521143095587 
161 6.765541147606827 
162 6.7185832089241435 
163 6.1167404832078915 
164 7.249281864973331 
165 6.719132118936359 
166 6.293406956156408 
167 5.900489561645378 
168 6.2624639232672346 
169 6.800125811043486 
170 5.719952650843611 
171 5.808448644516579 
172 6.83964685584948 
173 6.844435016032833 
174 6.262856665039099 
175 6.208467416049664 
176 7.851590608725604 
177 5.80216521000545 
178 6.148184848475965 
179 6.535219694608912 
180 6.644947259355959 
181 7.2213366940933605 
182 6.431373751654111 
183 6.645136758853202 
184 6.654118781848296 
185 6.619568133682227 
186 4.9227071283707655 
187 5.809253134331666 
188 6.445586077067886 
189 6.4205147673382665 
190 6.250005960470162 
191 6.7284665373688375 
192 6.364070039146664 
193 6.21282646821823 
194 6.782268418652635 
195 6.740468970216486 
196 4.368334060641913 
197 5.909842683330632 
198 6.260865411598927 
199 7.284117294617195 
200 9.037266866618403 
201 6.888578664362976 
202 5.922677522709718 
203 6.015167334014066 
204 6.519535427391878 
205 5.769656885739086 
206 6.650858412313821 
207 6.27791140614125 
208 6.7069266305173425 
209 6.9603105195294415 
210 6.8601186776664855 
211 6.679274728564649 
212 6.631509879348155 
213 5.451211682474987 
214 6.970524496443528 
215 6.224129590222563 
216 5.958131322242789 
217 6.680061922265896 
218 6.333061044532053 
219 6.7609171871851705 
220 5.212303325616104 
221 7.424953044204832 
222 6.496079248281235 
223 6.086737707320825 
224 7.052818316492881 
225 6.7216517975189065 
226 6.539988648625049 
227 6.522891450095099 
228 7.077644263625672 
229 6.398447642249882 
230 6.450175467734544 
231 6.571672098270243 
232 6.5744739548065105 
233 6.701622077639871 
234 6.3762505681809545 
235 7.0209659573114696 
236 7.2013131056459425 
237 7.439254922340447 
238 5.366655193724258 
239 5.6934836463345935 
240 6.460259346596904 
241 6.510730906189558 
242 7.086972169514035 
243 6.444070931879707 
244 5.558984717213446 
245 6.949734888653234 
246 6.735835936308085 
247 5.759689762804219 
248 6.735835936308085 
249 5.759689762804219 
250 6.505802680928553 
251 5.892291547548639 
252 5.474877953269808 
253 8.710278588264613 
254 6.095840479027991 
255 5.985834266916891 
256 2.597561912122811 
257 8.134470861349712 
258 6.775913486547701 
259 7.167692013233807 
260 5.813617349215898 
261 5.576226840526685 
262 6.479180537297386 
263 5.973915508123452 
264 5.48304418929642 
265 6.771439318965921 
266 5.059693786461173 
267 5.6317525108759865 
