0 2.881440302036293 
1 2.669052525797654 
2 3.1621436516667143 
3 0.800577107383118 
4 1.8794487999089768 
5 2.529834692765649 
6 3.5788077360529833 
7 2.82369169867651 
8 2.955378469094022 
9 2.993596740925686 
10 4.393759761188695 
11 1.9317189078308954 
12 3.63044602897654 
13 1.2921599801200467 
14 1.3926914926356033 
15 2.628751588512548 
16 1.613527773475848 
17 1.526737841837954 
18 2.554428059314969 
19 2.8048024373382385 
20 7.227234598077046 
21 2.11225785347343 
22 4.7894350561218015 
23 2.414419989961453 
24 2.031411002954125 
25 2.6849114293043974 
26 3.628386244368362 
27 2.5808918843529756 
28 1.2640135139801791 
29 2.880623107264079 
30 4.413098437028717 
31 2.0495598772745245 
32 4.7815790973192485 
33 1.482379258623218 
34 3.051355003993945 
35 2.280744820451792 
36 3.1773103671412093 
37 1.756928360215763 
38 1.9124723046884309 
39 4.013246305461269 
40 2.1083641289127577 
41 3.4863274841563294 
42 1.7209050709774179 
43 1.9587818635276533 
44 2.008249152508359 
45 1.6678818396329453 
46 6.231941998754552 
47 3.06011835678819 
48 1.960053296901433 
49 1.7398205243565488 
50 1.581821092201408 
51 1.7934426902083032 
52 1.2025565705407217 
53 3.1915006039320497 
54 3.4252591653247375 
55 3.5613424256232893 
56 2.7714067848154844 
57 1.915002353758941 
58 4.720689813456198 
59 2.3954368255535874 
60 1.7470534317922772 
61 3.00658049650902 
62 2.431382533509873 
63 1.846425438699463 
64 2.6246077942009904 
65 3.1617629110331356 
66 2.749380350465012 
67 1.1828158588126683 
68 1.0942600392362638 
69 1.6442691424996474 
70 3.5514528694980045 
71 3.1928879335320097 
72 1.8154946672899055 
73 3.0258688896329917 
74 1.7778421311598718 
75 2.4544886837778517 
76 1.4901631615169888 
77 2.550231380899178 
78 2.878397859018983 
79 2.238023040378521 
80 2.235753935490851 
81 1.3426221662400206 
82 4.077692556952906 
83 2.2511383703320913 
84 1.2601485603255624 
85 3.1971198405791634 
86 3.0975995419725906 
87 1.981926266714927 
88 3.423200917665758 
89 1.4248499254622229 
90 1.7417702228102947 
91 3.651160925714944 
92 1.210997080235321 
93 4.0264291174030005 
94 2.839967547537702 
95 2.2543846154090175 
96 0.7916912756851877 
97 3.6418549586366047 
98 1.157943229331107 
99 1.7529513439364344 
100 2.5104415079076876 
101 2.6963247121001293 
102 2.234784399932164 
103 2.299629500498014 
104 1.4815768458905858 
105 2.229935465250433 
106 1.472644022681597 
107 1.27083696557162 
108 2.1125298726654815 
109 5.104201231095113 
110 4.168128837138429 
111 2.0390857935024442 
112 2.1195506360247736 
113 2.8043070792467693 
114 2.1327879690432106 
115 2.703376508223372 
116 1.9180283094850783 
117 2.762990052463709 
118 2.269397550782269 
119 2.8388275237307097 
120 3.8882255524363147 
121 3.6144498322071854 
122 2.3324913942012837 
123 1.2618413057880495 
124 2.269397550782269 
125 2.8388275237307097 
126 3.8882255524363147 
127 3.6144498322071854 
128 2.3324913942012837 
129 1.2618413057880495 
130 1.5404529120391712 
131 2.620639515088052 
132 2.8077297926668474 
133 2.3335850705610484 
134 1.1352701208556732 
135 3.979739026894301 
136 1.4358467592189128 
137 1.8903367899488102 
138 1.4358467592189128 
139 1.8903367899488102 
140 3.248172081685954 
141 5.018941218215822 
142 1.4485903100013766 
143 2.9277841908191196 
144 2.8076699666209466 
145 1.6462167249603323 
146 1.0592462447353381 
147 2.621946426374913 
148 2.656920130150982 
149 1.9498343696896714 
150 0.9027370689398508 
151 1.771259460251745 
152 1.2019171803962148 
153 3.4095019322360134 
154 1.882007618433915 
155 2.5712885175601823 
156 2.9599286065740262 
157 2.85989294871428 
158 1.679812783196053 
159 2.488768076127843 
160 1.375782404032564 
161 1.5010982011734026 
162 2.224682505927574 
163 2.694555750040914 
164 2.0592347903993935 
165 1.9719885812136329 
166 1.6595667975803068 
167 3.885548512444942 
168 2.677556113156201 
169 2.902982895889895 
170 2.760146156689664 
171 1.9888175590091042 
172 1.73124899678933 
173 2.6594896793176517 
174 3.502250818578738 
175 4.569862290511456 
176 3.748292422972923 
177 2.8413891880211004 
178 2.9784440914461126 
179 3.699662030201799 
180 1.213137651032103 
181 1.8633224703713018 
182 1.8649477041149902 
183 3.389665568128097 
184 2.511508918850815 
185 1.3337977893297444 
186 1.3674726228221443 
187 2.7100599453055856 
188 2.2797717240778885 
189 2.338959637351558 
190 3.5154982438653293 
191 3.873791677057581 
192 1.5621591468645444 
193 2.575132660046076 
194 2.329128895014338 
195 3.2614831840791862 
196 0.9135630651807798 
197 1.653601414189192 
198 3.325846424834561 
199 2.5845573167806357 
200 2.2304963745544724 
201 2.859129212830647 
