0 0.80888416331836 
1 0.8656347991732799 
2 0.889543515619774 
3 0.934279654116664 
4 0.970916485132444 
5 1.00609702222128 
6 1.054288739873054 
7 1.074950689750308 
8 1.129639053103122 
9 1.141236202932768 
10 1.2111342081902499 
11 1.214617790708562 
12 1.3492893898168241 
13 1.3446557729142141 
14 1.4372641249198002 
15 1.43139698857512 
16 1.50925381399974 
17 1.50705527173122 
18 1.56779799806794 
19 1.5615827409318181 
20 1.6173670848669701 
21 1.6122181455532238 
22 1.597608873243598 
23 1.59148693660804 
24 1.6146430919577621 
25 1.612098804117446 
26 1.68177350926164 
27 1.672487008220818 
28 1.7534130919922402 
29 1.7509229736918541 
30 1.817512998684722 
31 1.816610778175662 
32 1.829124463303908 
33 1.844887562490984 
34 1.8600593427591878 
35 1.872833022634542 
36 1.854115481687264 
37 1.868446456756128 
38 1.8752653521440759 
39 1.8805459401693199 
40 1.88877211752271 
41 1.9016533259944262 
42 1.897364181616858 
43 1.90833300980173 
44 1.89745163177917 
45 1.9150288756546179 
46 1.891940506117784 
47 1.91565669561088 
48 1.8713775861391302 
49 1.90644096626152 
50 1.8797363564375398 
51 1.911038781421286 
52 1.8588252596222041 
53 1.87719561875101 
54 1.8516104142028103 
55 1.8671767041306062 
56 1.8507859953204602 
57 1.85469648935537 
58 1.8408181911952 
59 1.8336419633751562 
60 1.8321363506357522 
61 1.8156787101982421 
62 1.84958020419624 
63 1.8425332778712717 
64 1.857655021196806 
65 1.843193750867598 
66 1.859599147508342 
67 1.8547591006586899 
68 1.884586458776934 
69 1.8881167238701022 
70 1.893604592511366 
71 1.8938832973774118 
72 1.879956183499574 
73 1.8842525012627618 
74 1.862964516051998 
75 1.87268019141315 
76 1.8651065334147259 
77 1.8634705936802578 
78 1.839722200677686 
79 1.832638153658046 
80 1.8219188977063179 
81 1.829519881125312 
82 1.8392113881244883 
83 1.84023958088323 
84 1.840459553935408 
85 1.861520702719826 
86 1.8316537044620858 
87 1.864099596150782 
88 1.8444077891263198 
89 1.8832245560904242 
90 1.8513371457701862 
91 1.8979188847517139 
92 1.858733252118086 
93 1.9014731491583539 
94 1.8780092182815078 
95 1.894540456200908 
96 1.884471278003146 
97 1.904747142313888 
98 1.888149830865436 
99 1.90998523553522 
100 1.8936121421576062 
101 1.898891336832622 
102 1.88425231967608 
103 1.890754538831714 
104 1.87317915488578 
105 1.887193574407748 
106 1.87488104216085 
107 1.886199710216492 
108 1.862886371917266 
109 1.869466119187884 
110 1.87835732687277 
111 1.874008520980088 
112 1.901198703731866 
113 1.8900401830141782 
114 1.888556649559836 
115 1.876821848595434 
116 1.879816594980084 
117 1.868300846250694 
118 1.888418959511704 
119 1.870883246494876 
120 1.85477780944013 
121 1.860351641048732 
122 1.833563675837264 
123 1.85464944906365 
124 1.8443308353994 
125 1.8612370021390539 
126 1.85458668733189 
127 1.876170095959414 
128 1.8506333145624079 
129 1.882400269935702 
130 1.86182832562979 
131 1.889803905730822 
132 1.8850894217415022 
133 1.889903738108036 
134 1.8744714758300582 
135 1.8752732972978978 
136 1.8573101353243238 
137 1.8467360559824382 
138 1.853409096157592 
139 1.8383866451343842 
140 1.873389477729416 
141 1.854553665014236 
142 1.845985617323688 
143 1.851331581092574 
144 1.85414870868236 
145 1.861863285829152 
146 1.8499432573860422 
147 1.85987075151488 
148 1.839508661165448 
149 1.848872948950154 
150 1.79978204709242 
151 1.811456857053182 
152 1.8022823029190502 
153 1.808162964864788 
154 1.8177753280870022 
155 1.824022621302634 
156 1.8429252608173161 
157 1.855269922103594 
158 1.8686239632014139 
159 1.8695353836385782 
160 1.889910849575304 
161 1.8853484215177878 
162 1.8968815705048019 
163 1.8782699254512 
164 1.88528091397215 
165 1.885216127226748 
166 1.89673617546881 
167 1.886274853793174 
168 1.9090600095132761 
169 1.900115448767926 
170 1.92964293166967 
171 1.90454206794832 
172 1.900300774172378 
173 1.890103372461672 
174 1.8964006056612501 
175 1.876520887456676 
176 1.8742044427170281 
177 1.8589494832617681 
178 1.8461575748595038 
179 1.8357956481448259 
180 1.820115017555652 
181 1.8238951647529462 
182 1.8380424558560382 
183 1.83888111114083 
184 1.8386177638402021 
185 1.8348607015912581 
186 1.8511840024955462 
187 1.849708340269246 
188 1.870273916123652 
189 1.8719954783391561 
190 1.8777649676501038 
191 1.892425477826184 
192 1.885995398551504 
193 1.90333314054956 
194 1.8888002094962062 
195 1.9178129043098722 
196 1.870138876440792 
197 1.904518305164196 
198 1.8604524874648678 
199 1.9083659014307859 
200 1.849890970475468 
201 1.890590743595716 
202 1.83617733112565 
203 1.8793548417612 
204 1.839956078865934 
205 1.873849681706386 
206 1.854655175953884 
207 1.875118484193348 
208 1.853843423204406 
209 1.871146514494298 
210 1.871933325779192 
211 1.8860617557810262 
212 1.8782598467573919 
213 1.8823074601528798 
214 1.8855298024265341 
215 1.890083507273948 
216 1.875724517780472 
217 1.895409408226542 
218 1.8722430243098 
219 1.882635850427296 
220 1.874975205884026 
221 1.886112509398134 
222 1.873981397866146 
223 1.892177912943986 
224 1.8683326873531658 
225 1.873198777037588 
226 1.8794723352417901 
227 1.8744459416342418 
228 1.8891329495743618 
229 1.883853806442072 
230 1.884813101665514 
231 1.870834406054792 
232 1.883558022920908 
233 1.8587619304868301 
234 1.877898753673054 
235 1.8694549377524499 
236 1.8799552685162741 
237 1.8726958384003 
238 1.875517877247254 
239 1.872388510975768 
240 1.879686250954872 
241 1.886758676826466 
242 1.866873742886526 
243 1.87298245710604 
244 1.8687086811798401 
245 1.871465787197014 
246 1.8473616214990962 
247 1.850871508076074 
248 1.834678948462964 
249 1.8270641269461059 
250 1.828391018617158 
251 1.8124798952784702 
252 1.833060845580776 
253 1.8287678225993322 
254 1.826847431428596 
255 1.819054746979028 
256 1.817299945989916 
257 1.813801525670554 
258 1.825874802303106 
259 1.825304837371032 
260 1.832573731578264 
261 1.840554946747026 
262 1.8223857435665038 
263 1.8246301755707879 
264 1.8326042888894079 
265 1.830172840854876 
266 1.848970774204394 
267 1.8436511068892902 
268 1.864710275829016 
269 1.860091423702782 
270 1.858151984615736 
271 1.850784664024168 
272 1.8796502314255399 
273 1.8680790759328438 
274 1.900304867554124 
275 1.877542075653004 
276 1.8961932375704378 
277 1.8816108522689419 
278 1.8821803904233778 
279 1.8724209492308361 
280 1.8856776065507042 
281 1.874853854422506 
282 1.8913588571505742 
283 1.8843611981024861 
284 1.875074467470834 
285 1.878905928832132 
286 1.869126573014708 
287 1.865978143900526 
288 1.8732990070060922 
289 1.87744444562681 
290 1.860300531198924 
291 1.857738540432474 
292 1.8604313166539719 
293 1.861058098929846 
294 1.844094259764048 
295 1.8500740309925838 
296 1.82544206756077 
297 1.833349183209826 
298 1.8189175931027162 
299 1.8333962981712741 
300 1.8104510642501819 
301 1.8170159557184502 
302 1.812298688564482 
303 1.8093867449645722 
304 1.814880762079498 
305 1.808382521324526 
306 1.836047366347972 
307 1.821622783734354 
308 1.852755208871142 
309 1.8339059335480539 
310 1.8518001556978678 
311 1.845413830296676 
312 1.869113161639298 
313 1.862771919741414 
314 1.8795970195316858 
315 1.8826925370175018 
316 1.8788411031007382 
317 1.877831772129228 
318 1.8996134762637902 
319 1.8958189774161203 
320 1.8834815049379479 
321 1.877162408541066 
322 1.8803157397956258 
323 1.87649701768508 
324 1.87709581520565 
325 1.8665378097978358 
326 1.8738099415399379 
327 1.8654685228864678 
328 1.8591392141249 
329 1.8593678799877 
330 1.8855714912030979 
331 1.891952069092384 
332 1.890407153082812 
333 1.890912432106622 
334 1.8927227791341021 
335 1.897374189044072 
336 1.8925030031306718 
337 1.8927714701509921 
338 1.888799786816342 
339 1.8895902232646962 
340 1.888998151460168 
341 1.881560405352544 
342 1.884881078042326 
343 1.879499563607584 
344 1.885088783898318 
345 1.881198842209216 
346 1.891758738340084 
347 1.889940367904046 
348 1.897037607133834 
349 1.888605172236766 
350 1.904845753412094 
351 1.8910448070364179 
352 1.908603798098616 
353 1.897489152873974 
354 1.91304737102429 
355 1.897973721859016 
356 1.90617165009358 
357 1.891169429106118 
358 1.8987059500969679 
359 1.8900182322221037 
360 1.8928685079109961 
361 1.890445862162084 
362 1.8971048012797538 
363 1.8975579071394961 
364 1.90464747593755 
365 1.903515776477208 
366 1.9066195801495698 
367 1.899199956668492 
368 1.9106157421977499 
369 1.9003102830011698 
370 1.9151834785527178 
371 1.8913243262649337 
372 1.9093606896299238 
373 1.89089824441221 
374 1.9021973994794918 
375 1.8729785958847782 
376 1.8851989367756778 
377 1.8743955733045101 
378 1.893614759930982 
379 1.884156291577788 
380 1.8635243214680361 
381 1.8747269463927119 
382 1.8710518667027098 
383 1.876987457922064 
384 1.86934707651262 
385 1.890443890217648 
386 1.876118384318488 
387 1.885732552452604 
388 1.848767621868306 
389 1.8418014116061658 
390 1.8587533087654218 
391 1.8472399754343 
392 1.85781318748911 
393 1.841849562049846 
394 1.8534720174946462 
395 1.834799153642562 
396 1.859384675460928 
397 1.8406316268101819 
398 1.8846797336332979 
399 1.8819070714777422 
400 1.8691180152667042 
401 1.87209581490082 
402 1.8326153766322861 
403 1.8440965816165982 
404 1.812628994477744 
405 1.8193871551192822 
406 1.793536782259038 
407 1.800741791827054 
408 1.7875978858259138 
409 1.7947312829120818 
410 1.8089831559925418 
411 1.804034447713822 
412 1.833406391683654 
413 1.833298856640388 
414 1.8556321922456618 
415 1.869180227591782 
416 1.86240101006208 
417 1.882241077375868 
418 1.864270985775028 
419 1.8988108413232438 
420 1.8631632382405878 
421 1.9054434518007501 
422 1.8587917912155683 
423 1.894547012170634 
424 1.8606440057958 
425 1.884876804660946 
426 1.846491913204926 
427 1.873459440358446 
428 1.846491913204926 
429 1.873459440358446 
430 1.846491913204926 
431 1.873459440358446 
432 1.846491913204926 
433 1.873459440358446 
434 1.8429394208883998 
435 1.856192679353542 
436 1.8497797378204521 
437 1.867420174374812 
438 1.8514592604244178 
439 1.8682546768897779 
440 1.8429169661987281 
441 1.8612568478940659 
442 1.86436549840715 
443 1.887737627103224 
444 1.87765294353181 
445 1.9087854033599982 
446 1.8771928880614521 
447 1.9073002202744518 
448 1.8831720652739101 
449 1.9123493605623778 
450 1.8845464732549337 
451 1.9169257849565302 
452 1.87181252118889 
453 1.896839510458388 
454 1.862329801948206 
455 1.877821953708592 
456 1.870012146420222 
457 1.8713626792635503 
458 1.884850857906628 
459 1.8722809172276118 
460 1.890230084767932 
461 1.8632315716303718 
462 1.91409989264113 
463 1.862322458354226 
464 1.938785436468958 
465 1.885933346429298 
466 1.9049908386146739 
467 1.863576179415976 
468 1.8782793593031741 
469 1.841688256188182 
470 1.8470770234277818 
471 1.8261962156775262 
472 1.804352039082366 
473 1.8069290545889078 
474 1.7814888421650181 
475 1.79211588304066 
476 1.796629799676166 
477 1.8025453626795962 
478 1.8149182673482478 
479 1.8351148620909499 
480 1.8560529936711319 
481 1.8678518817954661 
482 1.868459569126004 
483 1.887759651353436 
484 1.8754431083198 
485 1.88730743714992 
486 1.8741223431369618 
487 1.8942766173879921 
488 1.8526645221588218 
489 1.8669680948296061 
490 1.833601642813018 
491 1.8514814872335759 
492 1.836362342596344 
493 1.844099671377586 
494 1.831822058108552 
495 1.8546388003892322 
496 1.83570219285298 
497 1.859667015894304 
498 1.844386351128486 
499 1.85916906563521 
500 1.852430582024822 
501 1.865313688804304 
502 1.866103714384294 
503 1.8694032132576701 
504 1.8788466271733761 
505 1.865216765902042 
506 1.878319308275498 
507 1.8559052032836518 
508 1.886720517611908 
509 1.870282357517582 
510 1.869503251892788 
511 1.854226726988448 
512 1.8558009263365658 
513 1.850243431596608 
514 1.8487137740118862 
515 1.8430199694534941 
516 1.8381441862832262 
517 1.8351964219174222 
518 1.85171558429643 
519 1.840974947202282 
520 1.8506283906290641 
521 1.846028389396396 
522 1.86513446683803 
523 1.847177977400062 
524 1.8484187589754502 
525 1.829193077375018 
526 1.850899692728974 
527 1.82996438058765 
528 1.83326013429144 
529 1.828201420309124 
530 1.8638899835574658 
531 1.8464567875100801 
532 1.841621093560614 
533 1.8359529105315322 
534 1.848083068238454 
535 1.8417898190401139 
536 1.8735388225410319 
537 1.8548131973722881 
538 1.851476306677038 
539 1.820154747640786 
540 1.819021562630916 
541 1.794685182068402 
542 1.832962462822182 
543 1.8024142120558 
544 1.80771328438502 
545 1.787419825312116 
546 1.7769401671645522 
547 1.770842191084134 
548 1.7969862603992581 
549 1.8088161131187679 
550 1.8228366900065498 
551 1.8367079169894382 
552 1.835915940395172 
553 1.86000943499035 
554 1.8556427457687121 
555 1.88036148755153 
556 1.8705388540060661 
557 1.884118686574822 
558 1.874791024480952 
559 1.878383505042752 
560 1.8525211059361262 
561 1.849384048219946 
562 1.823311034550184 
563 1.8188169282846 
564 1.8124615244202338 
565 1.810772096130896 
566 1.8173124019566458 
567 1.8334457337579297 
568 1.815207483757646 
569 1.8317061852730858 
570 1.8455042702272881 
571 1.8619115846802958 
572 1.868058638953882 
573 1.8703614836734839 
574 1.8842404869106102 
575 1.879791535350408 
576 1.8831967665842662 
577 1.881254239132558 
578 1.874130477556264 
579 1.8705698940404059 
580 1.852491221456242 
581 1.851822592867158 
582 1.8651815803079241 
583 1.8781457499946221 
584 1.868116279993298 
585 1.880017893749142 
586 1.8709110647410419 
587 1.87913446474147 
588 1.884935638640934 
589 1.8869258799169022 
590 1.9017247468029101 
591 1.9036576620677539 
592 1.877979296026734 
593 1.876940630412506 
594 1.8825888628666838 
595 1.883706446793336 
596 1.889972945447998 
597 1.8887310781382378 
598 1.887915407694938 
599 1.892369715318234 
600 1.858235961558212 
601 1.867965061201706 
602 1.845152679140876 
603 1.857309692102342 
604 1.8408231638401262 
605 1.858147430004412 
606 1.833417449279614 
607 1.854486678975772 
608 1.822997889748652 
609 1.83243045336318 
610 1.843635411079882 
611 1.8397624823084162 
612 1.869782767391254 
613 1.8679496833919942 
614 1.863772897456552 
615 1.860440575376878 
616 1.8386979709070819 
617 1.83627412458695 
618 1.8095588249855041 
619 1.812213780970416 
620 1.791449479807548 
621 1.800669227315818 
622 1.7835835535576698 
623 1.781172099315602 
624 1.786273961036104 
625 1.7810456245450361 
626 1.808856105987844 
627 1.804709961571358 
628 1.850595191955528 
629 1.85048977162521 
630 1.8807099110530199 
631 1.885446767969682 
632 1.8827432705817242 
633 1.893360154746706 
634 1.897766460932128 
635 1.905093296781514 
636 1.899605809120428 
637 1.9173511696025318 
638 1.8818510543973361 
639 1.90524142941781 
640 1.849202896363042 
641 1.883188550902076 
642 1.8372887740136161 
643 1.8795566505700019 
644 1.83448205772896 
645 1.8790602679337318 
646 1.8210527218553398 
647 1.8573909397415498 
648 1.8277988829143599 
649 1.8665086574296321 
650 1.843814134454762 
651 1.886581344216634 
652 1.8486818475549298 
653 1.888692309855384 
654 1.828707278492836 
655 1.8885272129459938 
656 1.846007102768354 
657 1.9066956896110518 
658 1.82853121204733 
659 1.8959644830922422 
660 1.82312464365527 
661 1.8873804565668941 
662 1.81721255892849 
663 1.888453944939662 
664 1.8284335111413899 
665 1.885307586325034 
666 1.80821283673052 
667 1.8633004923643999 
668 1.81028702367684 
669 1.8398392348629362 
670 1.8038289077633523 
671 1.825784843820232 
672 1.7939147553473638 
673 1.799653302728622 
674 1.769917306217956 
675 1.76514871335313 
676 1.7800982182359342 
677 1.770652291627588 
678 1.797176279113532 
679 1.8030162154309342 
680 1.812897229945058 
681 1.79910531267297 
682 1.8442735160436818 
683 1.83578704531469 
684 1.8668766245271597 
685 1.859383242245062 
686 1.8692551953612941 
687 1.860781045595224 
688 1.85914060395914 
689 1.843391828933488 
690 1.853337462192906 
691 1.8427567613693419 
692 1.832463749392722 
693 1.818303508931476 
694 1.8358018795087538 
695 1.806121572988578 
696 1.8495681618954758 
697 1.823834231626146 
698 1.8578608721304881 
699 1.836439817040312 
700 1.850131381258474 
701 1.8329273460623579 
702 1.8530660199293099 
703 1.8375668845702262 
704 1.8402521535329222 
705 1.843650077022896 
706 1.8279747122070318 
707 1.8336511316706239 
708 1.816789883266998 
709 1.82158798140685 
710 1.8257370816825218 
711 1.836488389688976 
712 1.839534789710648 
713 1.846494153327986 
714 1.8588225817604322 
715 1.8650794111524038 
716 1.850692739020842 
717 1.8605385614280858 
718 1.8566746870206579 
719 1.8636369622578879 
720 1.8392846196611419 
721 1.8425845026189862 
722 1.82866246284294 
723 1.838594356447416 
724 1.79458202462496 
725 1.8042402898977101 
726 1.7849059146445019 
727 1.784359441983644 
728 1.801251393322218 
729 1.80907016066658 
730 1.7854600049151501 
731 1.801137772674836 
732 1.796096989580948 
733 1.811004964827778 
734 1.82092990865513 
735 1.8333228653535378 
736 1.8204272845492941 
737 1.832948009389788 
738 1.836829642429548 
739 1.842873917191384 
740 1.861537507916968 
741 1.862882175645776 
742 1.8493600412376399 
743 1.846607509574922 
744 1.854250549871414 
745 1.8488545807280399 
746 1.86590675551112 
747 1.863145924034874 
748 1.88916936870597 
749 1.894453540874044 
750 1.880110773219314 
751 1.882425944973442 
752 1.894528712548296 
753 1.899439445058982 
754 1.892240222777552 
755 1.9060759399142122 
756 1.898991382572826 
757 1.91374951190733 
758 1.90098977169915 
759 1.9158238047194778 
760 1.9030918633068001 
761 1.9290154016716319 
762 1.9020783207054741 
763 1.933075402152228 
764 1.914787139227498 
765 1.947787284767162 
766 1.867517129465232 
767 1.90182132880961 
768 1.839303392046352 
769 1.872411139051118 
770 1.804404975937396 
771 1.8281305300686 
772 1.758655271392552 
773 1.779860305714736 
774 1.7654082710649281 
775 1.773241880236196 
776 1.78613011220341 
777 1.79025103697467 
778 1.8291757559291941 
779 1.8272205147838618 
780 1.865206549337202 
781 1.85809660422374 
782 1.8845499911905879 
783 1.879111634176234 
784 1.8704900608668162 
785 1.868045580081874 
786 1.84621225552153 
787 1.8515072912890378 
788 1.8371972795072662 
789 1.8311817609500298 
790 1.823028518658654 
791 1.8259124877325221 
792 1.843351861608848 
793 1.841839811452898 
794 1.834212153560158 
795 1.8392857180171318 
796 1.858180312155706 
797 1.8522509265409461 
798 1.8713279983308801 
799 1.876538528108626 
800 1.8956995434613582 
801 1.8931484250254278 
802 1.89562373426185 
803 1.893316840856794 
804 1.913977269218496 
805 1.906895785410692 
806 1.90299311372998 
807 1.8919647126744739 
808 1.896445348557776 
809 1.888341065641494 
810 1.8786916497960942 
811 1.8816591084380778 
812 1.8714540928690622 
813 1.8796968225078579 
814 1.857049368963856 
815 1.863942199092968 
816 1.8756842274868781 
817 1.8841666375114918 
818 1.881490589427448 
819 1.88518492496446 
820 1.8858508936337681 
821 1.879095314770468 
822 1.888672579820892 
823 1.874218798382374 
824 1.8946072419742879 
825 1.8841655681404461 
826 1.867907539204746 
827 1.8515949958239362 
828 1.8621356203310722 
829 1.847304762659056 
830 1.86485834369422 
831 1.8552864957756838 
832 1.8694856214420281 
833 1.865085755381076 
834 1.8791794152522758 
835 1.8861365709701061 
836 1.893016295651492 
837 1.902252701974696 
838 1.881758253052654 
839 1.9022955202514702 
840 1.878237193550214 
841 1.8841117215477319 
842 1.876150969688976 
843 1.885610626621396 
844 1.857964815750528 
845 1.857978922788052 
846 1.847216987257194 
847 1.847168367661086 
848 1.829348740467358 
849 1.825887076430162 
850 1.828497739722754 
851 1.845229351669006 
852 1.842422232286152 
853 1.8520488129173258 
854 1.839984361096804 
855 1.863675349349048 
856 1.870662865807514 
857 1.893803125068714 
858 1.890968605444052 
859 1.9133462833236279 
860 1.9008788126045542 
861 1.9139735433614677 
862 1.8885008497328741 
863 1.908128143321156 
864 1.9027645654175358 
865 1.910133355525246 
866 1.88227303843759 
867 1.887217092108712 
868 1.871094666448122 
869 1.8757853012808758 
870 1.8575267498372798 
871 1.8558456766943578 
872 1.851203175390506 
873 1.8523251887469658 
874 1.8469849515754841 
875 1.835049301193474 
876 1.83625468404303 
877 1.8255027657922622 
878 1.827252547415826 
879 1.8324257115203921 
880 1.8368480262338358 
881 1.846135384336582 
882 1.8344763639311001 
883 1.8429295366368041 
884 1.8167816817167062 
885 1.8320497215904818 
886 1.8128219682498279 
887 1.8352117582880978 
888 1.826040434629676 
889 1.832875396066704 
890 1.809455187683562 
891 1.816464026231952 
892 1.8255290162649938 
893 1.8248135445142981 
894 1.804483359319272 
895 1.8147911328679398 
896 1.820214793958962 
897 1.835337079703256 
898 1.831046249177374 
899 1.8501837904740381 
900 1.85454796574689 
901 1.880468559386168 
902 1.855348955284228 
903 1.886648544596044 
904 1.881966685669624 
905 1.9114489674215078 
906 1.881883151186124 
907 1.895070402076356 
908 1.8794565966899959 
909 1.8886896877050539 
910 1.8593428748673102 
911 1.873329400510378 
912 1.856731926795734 
913 1.864873834722932 
914 1.867033530654338 
915 1.867799264909418 
916 1.8642975369687498 
917 1.869483398953896 
918 1.858972266646214 
919 1.8699971867579102 
920 1.8731092596092398 
921 1.887079826113326 
922 1.8620053319476022 
923 1.875815226834892 
924 1.8587497406071818 
925 1.870307240558772 
926 1.8670611894665161 
927 1.868622450249178 
928 1.862093504425328 
929 1.859408245226478 
930 1.857244590542018 
931 1.8519278513081219 
932 1.8443336296346717 
933 1.85386751858733 
934 1.85614620936535 
935 1.878474935832188 
936 1.852242116367136 
937 1.873996602874168 
938 1.8573806754350102 
939 1.874277822556704 
940 1.8748404907165679 
941 1.8803516819973543 
942 1.9053792701654921 
943 1.8896623547251459 
944 1.896808223794432 
945 1.8686798973070282 
946 1.9024245132811501 
947 1.8799445707570879 
948 1.909361295387484 
949 1.890344475208762 
950 1.9121841998519478 
951 1.897970133254344 
952 1.9185244720036359 
953 1.906508412528678 
954 1.921060749650462 
955 1.922879247413412 
956 1.9194934344471162 
957 1.930193927265974 
958 1.904642346938208 
959 1.92943243798973 
960 1.8876129044239 
961 1.9169071775110542 
962 1.8743209971529002 
963 1.908536146667986 
964 1.853021115105798 
965 1.885461600011584 
966 1.82426768029482 
967 1.850237974379758 
968 1.8206650835105758 
969 1.84287201132731 
970 1.822020029232064 
971 1.841941154222218 
972 1.810418411202604 
973 1.8265331695795979 
974 1.8032160989518822 
975 1.8209668284937819 
976 1.803638323121922 
977 1.8117420730830482 
978 1.8261645771794899 
979 1.832321774041254 
980 1.811254379323076 
981 1.8200768892022718 
982 1.8250403810002118 
983 1.849322708926234 
984 1.8504303078081439 
985 1.850999383252418 
986 1.8466522982159241 
987 1.8671190202805619 
988 1.8517664634338178 
989 1.872339085713098 
990 1.858738942486862 
991 1.8701379676276702 
992 1.8511596927391678 
993 1.8492076420310781 
994 1.840900194568512 
995 1.8495296866832738 
996 1.8493976461754642 
997 1.863749211962928 
998 1.866638625007036 
999 1.864527503995912 
1000 1.8778177474895081 
1001 1.8847252266901962 
1002 1.8879679813510042 
1003 1.896575323657538 
1004 1.910897551814222 
1005 1.91871399060591 
1006 1.9069883266393781 
1007 1.913873800315366 
1008 1.8923666646771 
1009 1.90561036388953 
1010 1.89240496019656 
1011 1.904726939397214 
1012 1.8856185031175858 
1013 1.8997573966528978 
1014 1.8915792094295198 
1015 1.906120312185782 
1016 1.893741059009638 
1017 1.905570009685378 
1018 1.8967254939255 
1019 1.9081461285595178 
1020 1.8894545027134662 
1021 1.89647912485663 
1022 1.89408659035892 
1023 1.9013123945978698 
1024 1.8747243339244062 
1025 1.8892260596346202 
1026 1.87324499034812 
1027 1.8750246792145302 
1028 1.8532124442905922 
1029 1.863480275873242 
1030 1.8611852771451598 
1031 1.8755242989946599 
1032 1.844078937339038 
1033 1.858093758068954 
1034 1.850567661749294 
1035 1.860472945605394 
1036 1.844142819263234 
1037 1.8359116871870238 
1038 1.85729968761631 
1039 1.846753182814896 
1040 1.8407157256351439 
1041 1.827603652260708 
1042 1.839074055864108 
1043 1.81118542888047 
1044 1.852019726551142 
1045 1.822732563861002 
1046 1.866992907422 
1047 1.842937571621836 
1048 1.839665234370398 
1049 1.821951015776552 
1050 1.856641351128634 
1051 1.840769090015454 
1052 1.846520705884732 
1053 1.8456747478311322 
1054 1.78864426956983 
1055 1.794293691949886 
1056 1.794315492533432 
1057 1.8061643698647738 
1058 1.794430651305376 
1059 1.812278936970062 
1060 1.789213551668654 
1061 1.814843879223946 
1062 1.810540588473748 
1063 1.8392683127917622 
1064 1.849019947109208 
1065 1.8675237365096522 
1066 1.8617746297376059 
1067 1.873090805239072 
1068 1.880964873605506 
1069 1.8806405802310038 
1070 1.8737380711939298 
1071 1.869528719630122 
1072 1.8709987023508639 
1073 1.8525717870027862 
1074 1.874106672533524 
1075 1.8431352857203638 
1076 1.880889695915388 
1077 1.8543907180750359 
1078 1.8836720687632742 
1079 1.8656646045017378 
1080 1.901573135392404 
1081 1.875649387442548 
1082 1.89732280096882 
1083 1.8807083406813798 
1084 1.893017224135276 
1085 1.8883820168738499 
1086 1.855728445979222 
1087 1.863463198188926 
1088 1.8367468679233379 
1089 1.8482844630054298 
1090 1.8205360203921461 
1091 1.832434515218902 
1092 1.823564832916892 
1093 1.84093960171454 
1094 1.79600277874516 
1095 1.816405921156542 
1096 1.822471821037596 
1097 1.82635147396221 
1098 1.8363003535158602 
1099 1.8352498240776502 
1100 1.851195039881898 
1101 1.8472230903886022 
1102 1.864193907729348 
1103 1.8567238451324362 
1104 1.890272209521998 
1105 1.881376783862466 
1106 1.88027999137083 
1107 1.878147751454576 
1108 1.8753810144731378 
1109 1.886201959212166 
1110 1.8617240458135762 
1111 1.88090759929284 
1112 1.843930859660384 
1113 1.8577436727591898 
1114 1.841130544013258 
1115 1.8558577689923659 
1116 1.754838739383106 
1117 1.888494533425132 
1118 1.6561518950743501 
1119 1.9118436734824862 
1120 1.573396823862568 
1121 1.954042690822606 
1122 1.4615641720135701 
1123 1.9788739866607958 
1124 1.352713060603232 
1125 2.01125702502498 
1126 1.33157868751603 
1127 2.04646694894124 
1128 1.293435990019874 
1129 2.07294079179266 
1130 1.235988519011276 
1131 2.12707619892904 
1132 1.2186036345521178 
1133 2.1724390289893 
1134 1.1887622784007141 
1135 2.20494385439676 
1136 1.2078253387923739 
1137 2.1911989440468598 
1138 1.213124019034844 
1139 2.1636792623038597 
1140 1.245048618990432 
1141 2.02746034155874 
1142 1.264477170534426 
1143 2.02724364090866 
1144 1.282126818172356 
1145 1.990463279056432 
1146 1.27638119812742 
1147 2.0001627004960403 
1148 1.248397068196728 
1149 2.0083170986559398 
1150 1.235124853768208 
1151 2.00372838002056 
1152 1.234024678244366 
1153 2.02011510896912 
1154 1.233472640263504 
1155 2.03345849297646 
1156 1.319427617845328 
1157 2.0046759877622398 
1158 1.409402965091992 
1159 1.975582357735718 
1160 1.49722677774015 
1161 1.964333861868378 
1162 1.5851832242400161 
1163 1.9091877448304078 
1164 1.686753450062048 
1165 1.897640998206814 
1166 1.6619138365522979 
1167 1.8774721537840002 
1168 1.646943673589232 
1169 1.8781380030342958 
1170 1.653373346102996 
1171 1.9190931008753762 
1172 1.6303842387473122 
1173 1.8864392563228543 
1174 1.583598373847422 
1175 1.8444817941012601 
1176 1.650953989681856 
1177 1.8561377196367261 
1178 1.699013855441938 
1179 1.848745441040864 
1180 1.734124755294734 
1181 1.842038073219626 
1182 1.7912858147891442 
1183 1.847952798558412 
1184 1.8491575992579221 
1185 1.8432946948248339 
1186 1.8485572092672498 
1187 1.833694260349888 
1188 1.8528275812055282 
1189 1.833633816845132 
1190 1.8622244254316223 
1191 1.8437061232517038 
1192 1.8551789131172078 
1193 1.851516779127662 
1194 1.8797594039757382 
1195 1.8877396026626159 
1196 1.8786621847304938 
1197 1.8879946976427942 
1198 1.8634439208959581 
1199 1.852626844018524 
1200 1.874887050051678 
1201 1.86249803239185 
1202 1.8583052724306062 
1203 1.8468101673052062 
1204 1.848442469857036 
1205 1.8417782706423762 
1206 1.8467481280951439 
1207 1.846952216536776 
1208 1.8565540258781819 
1209 1.8844753383100499 
1210 1.86108297212641 
1211 1.8928380946447099 
1212 1.87378250791492 
1213 1.9050542347309982 
1214 1.867384391530512 
1215 1.8938821615350778 
1216 1.865229224500742 
1217 1.876883143218062 
1218 1.85860254257148 
1219 1.8636887266126378 
1220 1.8607635288951159 
1221 1.8552539289699361 
1222 1.8716609582151498 
1223 1.8543191333493598 
1224 1.86163381930012 
1225 1.8513093819056419 
1226 1.864372604695884 
1227 1.861431997734826 
1228 1.8647167516045537 
1229 1.865300948769356 
1230 1.84418666043968 
1231 1.846766484482878 
1232 1.82863375480857 
1233 1.8449527559240941 
1234 1.8371819664712699 
1235 1.841244736811786 
1236 1.834748506246584 
1237 1.8270437390666519 
1238 1.8294817286348881 
1239 1.837527927379878 
1240 1.8255520959155418 
1241 1.8391450266304719 
1242 1.8428674765902961 
1243 1.849842469283788 
1244 1.8539279035174618 
1245 1.8669443883152539 
1246 1.838967852549424 
1247 1.8545930470982601 
1248 1.8395781341193023 
1249 1.847398674541876 
1250 1.8461468452272078 
1251 1.848195189479814 
1252 1.8307620737062422 
1253 1.8312009008227061 
1254 1.821472768991836 
1255 1.8191459952837399 
1256 1.838641334310378 
1257 1.8329912825208918 
1258 1.8371225668093778 
1259 1.82456989830591 
1260 1.840277510255842 
1261 1.8378548081181438 
1262 1.8475048128807359 
1263 1.8464230361065659 
1264 1.833252361563056 
1265 1.840452471066082 
1266 1.844676704790968 
1267 1.852235189300206 
1268 1.855735929433394 
1269 1.8653470703551878 
1270 1.84726164689075 
1271 1.8475871488698399 
1272 1.841802569347914 
1273 1.837394815128322 
1274 1.8539687518998718 
1275 1.8451739244074559 
1276 1.858077429504704 
1277 1.8458678815322902 
1278 1.8647102063191259 
1279 1.85172645940341 
1280 1.8666130800287077 
1281 1.863299843981886 
1282 1.8597651510373818 
1283 1.858488292673026 
1284 1.863979653487608 
1285 1.84874190225722 
1286 1.836014443724244 
1287 1.8339913833478558 
1288 1.8155027232718421 
1289 1.826362527208892 
1290 1.817850626791428 
1291 1.822811571086658 
1292 1.825381956649128 
1293 1.845890811512192 
1294 1.813270055113776 
1295 1.8491584850029021 
1296 1.8230363528410858 
1297 1.855179644887878 
1298 1.841571087294242 
1299 1.858486994106014 
1300 1.850139741241854 
1301 1.862259109565472 
1302 1.871882088165486 
1303 1.872440336164176 
1304 1.8734113160089698 
1305 1.876649378464466 
1306 1.887242550673486 
1307 1.894985558034752 
1308 1.8816659506903481 
1309 1.8910497859316902 
1310 1.882722696171824 
1311 1.8831563379856082 
1312 1.877515518033452 
1313 1.873256306973838 
1314 1.888944149644272 
1315 1.87587159545789 
1316 1.880622188779596 
1317 1.860416077798576 
1318 1.879213575903022 
1319 1.87371370430921 
1320 1.8835640472678399 
1321 1.8885412292535602 
1322 1.874819326677978 
1323 1.888580498078312 
1324 1.8704866528052542 
1325 1.886134327669644 
1326 1.8522551718441238 
1327 1.870224218089204 
1328 1.83468819637937 
1329 1.846507719172828 
1330 1.816463917203834 
1331 1.842039467067456 
1332 1.815355279007218 
1333 1.829525759028798 
1334 1.8207252065935642 
1335 1.829118769406256 
1336 1.840462057872444 
1337 1.84279903243382 
1338 1.86213764258498 
1339 1.8583931437962282 
1340 1.8742757673964419 
1341 1.8545741007704581 
1342 1.883950412147064 
1343 1.869204468191826 
1344 1.8844884844529481 
1345 1.8711570483200681 
1346 1.865324332505926 
1347 1.852972561788532 
1348 1.862271879297058 
1349 1.8574295749998382 
1350 1.85531518684136 
1351 1.8531852117838858 
1352 1.8549384201097858 
1353 1.8587892881256038 
1354 1.8641399990651362 
1355 1.863664488192288 
1356 1.8868252865820678 
1357 1.8819906453320498 
1358 1.901913758928672 
1359 1.8996835760674622 
1360 1.910307790894502 
1361 1.9055354530430642 
1362 1.9082471604953082 
1363 1.895192307966682 
1364 1.90561171521956 
1365 1.895207882278492 
1366 1.8921321475115138 
1367 1.890722629889768 
1368 1.8660934165876242 
1369 1.867184096592288 
1370 1.836628322693888 
1371 1.8335503799944601 
1372 1.8219185541628922 
1373 1.840575446439502 
1374 1.8074493921973 
1375 1.8271944715297401 
1376 1.816660999034846 
1377 1.838334853973506 
1378 1.830476085802858 
1379 1.861257694237058 
1380 1.836501173171526 
1381 1.8817918846882542 
1382 1.8502139249080698 
1383 1.869480399680062 
1384 1.85667433480516 
1385 1.8819335256069958 
1386 1.815215193917058 
1387 1.859137741896634 
1388 1.773131289131646 
1389 1.807503643249154 
1390 1.7732481807060778 
1391 1.7976909747463299 
1392 1.7303548558412778 
1393 1.76182661636579 
1394 1.7175357030727842 
1395 1.75549494933068 
1396 1.740887040917872 
1397 1.756484235205506 
1398 1.7790956425688118 
1399 1.79133231502952 
1400 1.7695145422857739 
1401 1.77666037442668 
1402 1.794504925543348 
1403 1.7936963353881221 
1404 1.7972516628984638 
1405 1.7865915930531522 
1406 1.8197713048430297 
1407 1.8083269606473358 
1408 1.8352097231926698 
1409 1.8198161234265657 
1410 1.852313919020554 
1411 1.843397731762534 
1412 1.878038463924014 
1413 1.878131070897512 
1414 1.8784863995570418 
1415 1.8862266281620361 
1416 1.887447857785626 
1417 1.8917437706562161 
1418 1.89010994331589 
1419 1.891315991303126 
1420 1.8983057611872058 
1421 1.899160814283522 
1422 1.892827505215426 
1423 1.88885456169688 
1424 1.904456277467236 
1425 1.901492144104342 
1426 1.881411581143118 
1427 1.877887564007904 
1428 1.87109189568528 
1429 1.8715732951882038 
1430 1.891975158327504 
1431 1.8807742339406262 
1432 1.893743817323816 
1433 1.883501932024568 
1434 1.901844450141888 
1435 1.8771179572751042 
1436 1.903204010766568 
1437 1.88295486222771 
1438 1.885363660095884 
1439 1.870616206392042 
1440 1.8700442036543858 
1441 1.8625745901555082 
1442 1.8396598369259098 
1443 1.8461938152944661 
1444 1.842150038962048 
1445 1.8527510468709198 
1446 1.8461768312163538 
1447 1.8485315964351958 
1448 1.860429071402794 
1449 1.8559956497833 
1450 1.8448229471350062 
1451 1.8370809667376657 
1452 1.8586995906551358 
1453 1.8447808074845038 
1454 1.838067097395522 
1455 1.8340755926217518 
1456 1.851699615930512 
1457 1.8505784506362921 
1458 1.843710028621052 
1459 1.845866537484228 
1460 1.85701069349988 
1461 1.8547727498128002 
1462 1.868849573327664 
1463 1.86381019921389 
1464 1.8791417091997762 
1465 1.8671235783692322 
1466 1.859788449502148 
1467 1.852229329612054 
1468 1.840624725534416 
1469 1.839025947688216 
1470 1.8475612890378859 
1471 1.8534903722864322 
1472 1.8397765128625838 
1473 1.847392450347296 
