0 4.42207609124996 
1 3.34084793707072 
2 4.24979820509296 
3 3.3245738836048604 
4 4.08422462760966 
5 3.11784474272206 
6 3.8659328650486997 
7 2.92923180351586 
8 3.88322445771324 
9 2.8325125443092 
10 3.9552603658067804 
11 2.63532063720198 
12 4.12773701707588 
13 2.71733703811672 
14 4.3609561101373995 
15 3.06642235128462 
16 4.48616499409852 
17 3.18872712706284 
18 4.61075740850824 
19 3.39123995642394 
20 4.71938877663994 
21 3.60497973287666 
22 4.7619746651157 
23 3.7093736355645603 
24 4.73214919600712 
25 3.57373826096578 
26 4.84948352928642 
27 3.80351793672434 
28 4.87942784030842 
29 3.7746624124904002 
30 4.88464368843022 
31 3.7240033600844398 
32 4.9918797024778 
33 3.76267090509876 
34 5.0633597660611205 
35 3.7956961068662 
36 5.24686458474232 
37 3.8049271878003 
38 5.42978369431706 
39 3.9827290705478 
40 5.45580469409116 
41 4.0725861521727 
42 5.36628369510232 
43 3.9827797298021204 
44 5.53603839544946 
45 3.89868849948312 
46 5.61370344352446 
47 3.80176008059428 
48 5.6190896244862 
49 3.75257902439444 
50 5.61932980246508 
51 3.8093203998301597 
52 5.65172644817078 
53 3.99154542805008 
54 5.50904129469348 
55 3.9703076402714204 
56 5.51015780480176 
57 4.15540345317862 
58 5.5204363214549 
59 4.11521882016146 
60 5.5262456387449195 
61 4.05275712197218 
62 5.53845316131936 
63 4.05176701298608 
64 5.6811383147966605 
65 4.1255176658783395 
66 5.6811383147966605 
67 4.17341919028504 
68 5.62419298733558 
69 4.17242712428662 
70 5.6264817750370595 
71 4.15425002754438 
72 5.714726843646639 
73 4.15017308883664 
74 5.714726843646639 
75 4.13093766711666 
76 5.7390636114040605 
77 4.075509722769921 
78 5.78034424125026 
79 4.16969938545676 
80 5.634961937399639 
81 4.04256279864762 
82 5.5336178200257 
83 4.005693807267621 
84 5.32445576635332 
85 3.8577654480722203 
86 5.1172660262301 
87 3.8651322106287 
88 5.0446157881998195 
89 3.5212183580034795 
90 5.018027232098 
91 3.4179663781456 
92 4.96344352617604 
93 3.343434217353 
94 5.1572873651923405 
95 3.4208823906415398 
96 5.37941835979266 
97 3.60365144901416 
98 5.17101910339276 
99 3.8064138411848 
100 5.11743512771882 
101 3.8480916465723802 
102 5.12994816605288 
103 3.85116416428054 
104 5.0167900833628405 
105 3.67727333314708 
106 4.79535369503254 
107 3.6349849634256204 
108 5.10111036672412 
109 3.70524389828768 
110 5.25041461415496 
111 3.8031996446111203 
112 5.37954421669398 
113 3.96994528854026 
114 5.32107890700342 
115 4.04091492721332 
116 5.33743297736682 
117 3.92444877540036 
118 5.31272580010544 
119 3.84625880917822 
120 5.3291302334420205 
121 3.86827753612918 
122 5.34310840074728 
123 3.86294339454252 
124 5.50176285219992 
125 3.92999286259512 
126 5.6958543035163 
127 4.0824622300311395 
128 5.6958543035163 
129 4.17016908418384 
130 5.65791098934994 
131 4.0895045821461 
132 5.60795147693044 
133 3.9657275403153798 
134 5.60795147693044 
135 3.9867011194327198 
136 5.63381484407736 
137 3.8749935704485603 
138 5.65672712066282 
139 3.7476855387322 
140 5.7319204415636795 
141 3.8331823607676396 
142 5.72471690795158 
143 3.97382471510696 
144 5.72065993279784 
145 3.89525545699916 
146 5.6947965656509405 
147 3.95950311586168 
148 5.56154913228736 
149 3.9645708086929603 
150 5.61361045132508 
151 4.00144800043742 
152 5.519319734812941 
153 3.8448347825600004 
154 5.52337670996668 
155 3.9824682318828004 
156 5.52337670996668 
157 4.00011416953574 
158 5.59979076194822 
159 4.106506808989 
160 5.53074406465604 
161 4.05091954958802 
162 5.584581614763399 
163 4.00074955984522 
164 5.584581614763399 
165 4.0016477530874806 
166 5.37484701688508 
167 3.8005205620450604 
168 5.40876812168162 
169 3.6383948520722003 
170 5.44490391499488 
171 3.7032195229570197 
172 5.563188103540719 
173 3.8806164665596596 
174 5.563188103540719 
175 3.82177382990752 
176 5.77292270141904 
177 3.97643717513332 
178 5.5524006816049996 
179 3.9659220990998003 
180 5.4891338575596205 
181 3.9059807008517198 
182 5.37953163778528 
183 3.8172847314067604 
184 5.37581975052008 
185 3.82478067545608 
186 5.37581975052008 
187 3.76700754877752 
188 5.40359992239204 
189 3.8129176321376397 
190 5.42345916701714 
191 3.82885783446468 
192 5.55225533391772 
193 3.92581785496418 
194 5.55596722118292 
195 3.8482365399608804 
196 5.51425835475834 
197 3.85620326865442 
198 5.6192544610387 
199 3.85128371724362 
200 5.67949808816154 
201 3.9071369692987603 
202 5.67174910262368 
203 3.8744496334511402 
204 5.6523941567213 
205 3.985756066483 
206 5.715401997785699 
207 4.04362711834486 
208 5.76256687333268 
209 4.01530272356962 
210 5.78725611950834 
211 4.0789851460337205 
212 5.72812606364278 
213 4.0667243600407605 
214 5.74748100954518 
215 4.1193992532741195 
216 5.73795479399018 
217 4.17659899212004 
218 5.78090001508094 
219 3.9552016876043603 
220 5.71384267152678 
221 3.81866348342976 
222 5.64120549008428 
223 3.70998840616186 
224 5.52962257463356 
225 3.4926456227448 
226 5.51784981554874 
227 3.2811042879006598 
228 5.1154309320991 
229 3.5088442877161596 
230 4.9275474022967405 
231 3.44706646250874 
232 5.004378337216339 
233 3.4664892302100396 
234 5.11596125266708 
235 3.4822065109048403 
236 5.11596125266708 
237 3.5341502945599204 
238 5.4015368024153805 
239 3.6556243347125403 
240 5.55216146751276 
241 3.65952868757154 
242 5.56924432088534 
243 3.72388784797318 
244 5.56924432088534 
245 3.8025324963148797 
246 5.56924432088534 
247 4.01883248962292 
248 5.66845973797922 
249 3.9037796974370003 
250 5.7023211625399 
251 4.08001262910408 
252 5.69464853501292 
253 4.13711678006608 
254 5.69464853501292 
255 4.25017847281758 
256 5.64891912943674 
257 5.66418269106814 
258 5.66418269106814 
259 4.14973440912228 
260 5.50883392323958 
261 4.19377956616204 
262 5.4811948864085 
263 4.1049886005701 
264 5.415639981912539 
265 4.05044980387294 
266 5.415639981912539 
267 3.92617163292818 
268 5.40880385218492 
269 3.8925812637167603 
270 5.56415262001348 
271 3.99727881322726 
272 5.5222508732061 
273 3.94698697136876 
274 5.51210529299886 
275 3.8818093051687 
276 5.41056513355748 
277 3.8441821927831397 
278 5.348691144280339 
279 3.9504843043731 
280 5.348691144280339 
281 3.89028490842464 
282 5.37177709456104 
283 3.9597860295631797 
284 5.472755311043381 
285 4.04118540126326 
286 5.57429547048474 
287 4.12328212421288 
288 5.688734995065699 
289 3.9744424225894 
290 5.688734995065699 
291 3.9468015711060405 
292 5.65509291023524 
293 3.91104466286144 
294 5.5839576481009 
295 3.87209708369024 
296 5.52467704857686 
297 3.8537568642211397 
298 5.52467704857686 
299 3.8804789098793995 
300 5.28735364440416 
301 3.7800145038445003 
302 5.34960680989256 
303 3.8562074165365203 
304 5.35127468730154 
305 3.79871057568308 
306 5.41055528682558 
307 3.75082574860508 
308 5.27206026798906 
309 3.70035449426558 
310 5.41588899494864 
311 3.79718131984702 
312 5.4806353022091 
313 3.81344610284688 
314 5.5159228184487 
315 3.9259813189877804 
316 5.477734893093141 
317 3.9589625957223396 
318 5.6162299119296595 
319 4.1028488406875 
320 5.6998808182242 
321 4.0966551161141 
322 5.7128251790180995 
323 4.11918913280494 
324 5.64033031496098 
325 4.03501307697292 
326 5.67851824031656 
327 4.0629282739765005 
328 5.66554752037038 
329 3.94299497456592 
330 5.6753912912889595 
331 3.99180698282902 
332 5.62103597520032 
333 3.9046487548883397 
334 5.7760500149179 
335 4.1055492769752 
336 5.7760500149179 
337 4.1471599483440595 
338 5.7217641786506395 
339 4.1506167173624 
340 5.5408985429265005 
341 4.0472442276535805 
342 5.52515757950542 
343 4.059233249955399 
344 5.382296565913061 
345 3.9058751044769204 
346 5.3971328550841005 
347 3.8811551877845405 
348 5.464389411297519 
349 4.01479045129092 
350 5.64525504702168 
351 4.16238560730034 
352 5.45562103185478 
353 4.02172857596172 
354 5.5101962600782 
355 4.052264035987021 
356 5.31543517591312 
357 3.8899864955918 
358 5.0585389040742 
359 3.65641842752986 
360 5.0201678187291 
361 3.5807075341063603 
362 5.26746286362762 
363 3.70808246982512 
364 5.2736832173709995 
365 3.7388908958345604 
366 5.45360801236504 
367 3.90580190022936 
368 5.71699435002342 
369 4.14720677392146 
370 5.67213599208416 
371 4.1107133691072795 
372 5.60608165190194 
373 4.03984289191744 
374 5.5819838635840595 
375 4.00185258871228 
376 5.4776101971462 
377 3.89184344238238 
378 5.47112013132672 
379 3.7679349315334 
380 5.55434957461108 
381 3.7649050561623 
382 5.58402878565158 
383 3.8364866000194198 
384 5.65067989870608 
385 3.91594655232592 
386 5.75505356514396 
387 4.03137357115326 
388 5.65457137767208 
389 4.05908081726312 
390 5.57533537202326 
391 4.188579872913801 
392 5.43776662375422 
393 4.12140218602358 
394 5.3553547231665 
395 4.04964558521604 
396 5.3002858708876195 
397 4.0010455641704805 
398 5.4007680583595 
399 4.08154675754706 
400 5.29232282409168 
401 4.01273009617854 
402 5.35404761498658 
403 4.00590727861192 
404 5.3660573942784 
405 3.9857124505429 
406 5.30543020845274 
407 5.2359743547627 
408 5.2359743547627 
409 3.941426873479 
410 5.12543652688694 
411 4.0094867918196595 
412 4.788175494863561 
413 3.9308641035784198 
414 4.59628588086126 
415 3.77784958773836 
416 4.6034803096906405 
417 3.7790804385225996 
418 4.51446133201318 
419 3.6785147511542 
420 4.6880885098858 
421 3.61024029778864 
422 4.72695808552604 
423 3.5680781542176 
424 4.812166765602759 
425 3.5854948858816797 
426 4.82703234556708 
427 3.5985059528631 
428 4.9184772343655 
429 3.6242268327365403 
430 4.92164623496912 
431 3.82540189393328 
432 4.89121265118428 
433 3.87799092916746 
434 4.9470432291452395 
435 4.11341661267584 
436 4.98967729208864 
437 4.1256634700191 
438 5.03605189913186 
439 4.2434708455856995 
440 4.95178079473732 
441 4.12333937024638 
442 5.074760379993441 
443 4.22214831139696 
444 5.048181567460199 
445 4.238773761490799 
446 5.01931128113904 
447 4.1870211834435 
448 4.90133907362428 
449 4.1870211834435 
450 4.7415790919661 
451 4.12049141039818 
452 4.69942292193472 
453 3.9727735191898197 
454 4.47128955616478 
455 3.6398700231684797 
456 4.45955856892404 
457 3.5472348839644603 
458 4.38666407755474 
459 3.5472348839644603 
460 4.2504724939576395 
461 3.45637139040078 
462 4.378821745731679 
463 3.30549966792708 
464 4.65604400102246 
465 3.5412968784709795 
466 4.81917160722734 
467 3.72407515023628 
468 4.9586979142085195 
469 3.72407515023628 
470 4.78570464112114 
471 3.89049900330536 
472 4.9832353446052 
473 4.0461412784322 
474 4.97050707031348 
475 3.9546852191091197 
476 4.7840058700756005 
477 3.9546852191091197 
478 4.43998502406152 
479 3.6621087588467196 
480 4.52023375907236 
481 3.45288923521152 
482 4.49183176339422 
483 3.4020703790434603 
484 4.37618955327784 
485 3.4346722331608603 
486 4.6362515726104 
487 3.4346722331608603 
488 4.77797568897044 
489 3.5628589616652597 
490 4.8091705019615 
491 3.6132901762505396 
492 4.68549749623962 
493 3.48449689956358 
494 4.75508992399596 
495 3.4362277994777797 
496 4.6878455025179795 
497 3.4362277994777797 
498 4.68379853321196 
499 3.4630988824577797 
500 4.83955725592826 
501 3.5554928307701403 
502 5.10441634807516 
503 3.64711948108396 
504 5.066737233885339 
505 3.6057928597521802 
506 4.96081736200542 
507 3.75879892991138 
508 5.14636093593922 
509 3.8055703464853003 
510 4.9626229079968 
511 3.9850643742773597 
512 4.98419833231306 
513 3.9767654809392803 
514 5.21806908976762 
515 4.11309736525116 
516 5.11251710633468 
517 4.14823927198918 
518 5.07823487389778 
519 4.17427404676882 
520 5.14920060462432 
521 4.1007432824538 
522 4.99005305025554 
523 4.0663496729788005 
524 4.94998816848206 
525 3.98636353380678 
526 5.1015731798676 
527 3.8861673765770597 
528 5.08974496210202 
529 3.86752288706536 
530 5.0135855329101 
531 3.8629775816357204 
532 5.08898513467928 
533 3.95321479799478 
534 4.92321299775758 
535 3.85266743906976 
536 4.97716043213092 
537 3.8480381633045604 
538 4.87283491772196 
539 3.7163315682085396 
540 4.92116737377688 
541 3.5657282434101396 
542 4.92116737377688 
543 3.5657282434101396 
544 4.92116737377688 
545 3.5657282434101396 
546 4.98298181963002 
547 3.6627502300312003 
548 5.0467886958005 
549 3.7703866624598 
550 4.88543773893606 
551 3.62741519629326 
552 4.961929023483 
553 3.6759943506831 
554 4.925683181289321 
555 3.8334292684274205 
556 4.96719165283786 
557 3.90202383908588 
558 4.95984915417118 
559 3.9174143927935 
560 4.90897382521362 
561 3.84202337512266 
562 4.8153908873721 
563 3.7864208899106204 
564 4.76962331410002 
565 3.69741856342742 
566 4.7240343663913205 
567 3.39388437329294 
568 4.75754050253914 
569 3.38387761095046 
570 4.78617350216072 
571 3.4129289209918396 
572 4.7178442787199995 
573 3.36414698565806 
574 4.758213126489499 
575 3.3122768754682803 
576 4.80053440601756 
577 3.2922719985222004 
578 4.81923768696076 
579 3.35350655778216 
580 4.9318452850638 
581 3.5250504298100402 
582 5.18604810582088 
583 3.75881454178892 
584 5.2201807393149995 
585 3.85205030591892 
586 5.2248006902999 
587 4.0271844040553395 
588 5.221423287271319 
589 4.02185284597982 
590 5.1982366234076 
591 4.04047032608832 
592 5.05291966378868 
593 3.9009754203545 
594 5.11944911634262 
595 3.95871302438212 
596 5.25992522816004 
597 4.09340210088998 
598 5.25607771150952 
599 4.098948153225679 
600 5.30051197780526 
601 4.08318380174798 
602 5.43415177222682 
603 4.16538099338846 
604 5.3193199437605205 
605 4.1685173133481 
606 5.17559210006364 
607 3.97675401594872 
608 5.18526636155888 
609 4.0054360724402 
610 5.15620162121806 
611 3.99996664055516 
612 5.16121517211222 
613 3.9960796034536203 
614 5.2695433124502795 
615 3.8984706239932003 
616 5.36800009493484 
617 3.80077771445794 
618 5.37813083430602 
619 3.8857396580802 
620 5.37895764880794 
621 3.8899594935095996 
622 5.2811094543061206 
623 3.81530139521778 
624 5.23568876624912 
625 3.9512230068656797 
626 5.0675006664292 
627 3.87992147898282 
628 5.03872673344428 
629 3.75221653569374 
630 5.0072491233809995 
631 3.7400935161524003 
632 4.95376271760038 
633 3.72267008626822 
634 5.0740534783718 
635 3.6479749285265397 
636 5.277641281550521 
637 3.9385376759799398 
638 5.3152412777519995 
639 3.99546036011156 
640 5.4019427646471 
641 4.05397626882818 
642 5.57160159944294 
643 4.1945739953191 
644 5.482964584398 
645 4.2583429944400795 
646 5.482964584398 
647 4.19522991848242 
648 5.55264458281846 
649 4.28712318831648 
650 5.5039255661887605 
651 4.25819125666794 
652 5.48829929361484 
653 4.2786232746722 
654 5.4915306425713 
655 4.2619278861433 
656 5.4915306425713 
657 4.2458913460298 
658 5.4729032781073 
659 4.16128330320998 
660 5.447593316491799 
661 4.11552648769256 
662 5.46181286875054 
663 4.1173509572620395 
664 5.31980226773302 
665 4.14326604254226 
666 5.31980226773302 
667 4.1209602493957 
668 5.1900009127372595 
669 3.9716623463702803 
670 5.17938237859712 
671 3.9516248620565597 
672 5.1197640884614 
673 3.88519666636022 
674 5.2483531390952 
675 3.7200354809242198 
676 5.05288670042672 
677 3.57926218653974 
678 5.06530317542464 
679 3.61538221336212 
680 5.21052922728658 
681 3.7112750312930602 
682 5.25900009056674 
683 3.7133362580283604 
684 5.26327034289156 
685 3.87662777821974 
686 5.45112296871914 
687 4.0137058880001595 
688 5.6293736841639 
689 4.186897515277581 
690 5.51694221024586 
691 4.11699703103054 
692 5.50390649335288 
693 4.08761207068992 
694 5.4767229744507 
695 4.21295890251646 
696 5.43606294851842 
697 4.1470323896222 
698 5.271091995618059 
699 4.03541711070852 
700 5.29005117717192 
701 4.03844975335058 
702 5.3568492004057 
703 4.08676334966224 
704 5.44957768157628 
705 4.05286645321388 
706 5.2643108334484605 
707 3.9084468056103603 
708 5.34750653681512 
709 4.0010314537748 
710 5.43029193207162 
711 4.06894849651526 
712 5.33280957036754 
713 4.11532575686584 
714 5.43977829975012 
715 4.34499483255292 
716 5.2945449219463 
717 4.4424146362517 
718 5.08259282574146 
719 4.19091146789082 
720 4.858022970578579 
721 4.03440264081004 
722 4.79833116341972 
723 3.8787834888721795 
724 4.7701482526367 
725 3.7345499919584 
726 4.82459483069334 
727 3.65468009062304 
728 4.8928253596543 
729 3.65122358729124 
730 4.9171314812619 
731 3.73090682996406 
732 4.8639445947537805 
733 3.66581035552 
734 4.8644317772706795 
735 3.6591242968887796 
736 4.6919972143224395 
737 3.4477001170579 
738 4.64284360907534 
739 3.50267901725958 
740 4.8291637960488405 
741 3.65354603530958 
742 4.98683161172886 
743 3.8873603449376395 
744 5.10987615969664 
745 4.0205550973648005 
746 5.16538465800336 
747 4.11452617221604 
748 5.2210792285906 
749 4.21957777653316 
750 5.1097802710502 
751 4.1601949300319605 
752 5.24243960937296 
753 4.05396363040836 
754 5.224333733055699 
755 3.9785349828848195 
756 5.25574168498248 
757 3.9733330960948003 
758 5.350534630428379 
759 4.12360740773396 
760 5.46799726361032 
761 4.2046067458007 
762 5.32590010756632 
763 4.12050470216434 
764 5.40844203773562 
765 4.12050470216434 
766 5.40844203773562 
767 4.1753679169018 
768 5.40844203773562 
769 4.21231322839808 
770 5.44464085007666 
771 4.14715347464994 
772 5.33533371046804 
773 4.07730076919484 
774 5.34290499386162 
775 4.07496273962974 
776 5.19974745340088 
777 3.8743346940687204 
778 5.0268767084701995 
779 3.8597328714823 
780 4.987100800878 
781 3.8318016412840996 
782 5.12439223452272 
783 3.8642021982745 
784 5.1745846346666 
785 3.9106907062208003 
786 5.2630814369601 
787 3.9159491975615404 
788 5.39360077118614 
789 3.91999005555322 
790 5.39716921408834 
791 3.9214094456937603 
792 5.44260135878768 
793 3.9193798502284203 
794 5.41352590656984 
795 3.98869142280646 
796 5.2731893749635805 
797 3.98685713301634 
798 5.3273043789851595 
799 4.10212120057112 
800 5.2221222830540395 
801 4.17527289927928 
802 5.09993735265446 
803 4.0136765042136 
804 4.92710773250506 
805 3.85514224685132 
806 4.91397142952618 
807 3.89474031568182 
808 4.73284574587094 
809 3.71396732164704 
810 4.67385901281492 
811 3.63161255672376 
812 4.63867951296314 
813 3.61009546640886 
814 4.60485354436954 
815 3.6031654034995197 
816 4.6416051359104795 
817 3.5266598031304 
818 4.6423978576856 
819 3.4810719803771804 
820 4.61808775802294 
821 3.40389680946842 
822 4.8070197372852395 
823 3.58211032487686 
824 4.96514818112578 
825 3.70216598039296 
826 5.17897405654608 
827 3.8808303881517405 
828 5.35164869146946 
829 4.09389298524112 
830 5.492612242786381 
831 4.06184891114016 
832 5.16973487062602 
833 3.7275594945681805 
834 5.21564883497632 
835 3.6676882876389003 
836 5.22231940402924 
837 3.6625808978240797 
838 5.182658865859819 
839 3.69025800777228 
840 5.227427172212041 
841 3.72546496261256 
842 5.51661747567418 
843 4.0535471823856 
844 5.53404145854144 
845 4.089409566272 
846 5.42264505176446 
847 4.04348069673732 
848 5.3936405290666 
849 3.99711568087634 
850 5.2939673930164 
851 4.0925031124651605 
852 5.19468309155852 
853 3.8888543353599196 
854 5.1938635855057 
855 3.89702620784916 
856 5.16136642834484 
857 3.8761895045849597 
858 5.20516399249674 
859 3.82408746854018 
860 5.25497303306286 
861 3.6721661446605998 
862 5.21376340947156 
863 3.7751864160851802 
864 5.16279360170122 
865 3.86896168267738 
866 5.10774700323548 
867 3.78469961268656 
868 5.0286185246128605 
869 3.9069292288969004 
870 5.08684337413302 
871 4.00345177325654 
872 5.00832006024564 
873 3.8214243255717 
874 5.01442881955116 
875 3.7393130793603397 
876 5.0870167080347795 
877 3.7269934283894797 
878 4.90656174655128 
879 3.59990279833436 
880 5.0670428674711605 
881 3.5094810495650997 
882 5.1577816973318 
883 3.71620903034662 
884 5.10270747431154 
885 3.80699780700798 
886 5.23061994608044 
887 3.8823910469868403 
888 5.00984640786802 
889 3.9084274836482997 
890 5.07771932842828 
891 3.97562789305334 
892 5.03464561275256 
893 3.80504689334092 
894 5.06881923482438 
895 3.6910872264318 
896 4.81909867986258 
897 3.5892808918048202 
898 4.95595756994552 
899 3.5174730248358204 
900 4.99798508565918 
901 3.47882545207246 
902 5.0351718473538805 
903 3.4819814305211203 
904 5.04903795547796 
905 3.54703889776318 
906 5.208661869675479 
907 3.70660797495702 
908 5.09332476782074 
909 3.64936551337046 
910 4.9812181850938995 
911 3.7500926704966404 
912 4.81852552943544 
913 3.6082091084614802 
914 4.7176478270399596 
915 3.49069125195728 
916 4.81338016131334 
917 3.4279688971763798 
918 4.8788184504168 
919 3.26122332112596 
920 5.01394024125212 
921 3.25983981152494 
922 5.15515427379292 
923 3.38499059821578 
924 4.9430193677122 
925 3.37708824889706 
926 4.9741346090034595 
927 3.3713172824465802 
928 4.99926982630394 
929 3.4978791214466805 
930 4.962906864134061 
931 3.5227663391232804 
932 5.14513852191686 
933 3.70951125903668 
934 5.23984473371852 
935 3.74517562726236 
936 5.3099618176993 
937 3.85409069846454 
938 5.38323049218462 
939 4.07503274784262 
940 5.37852525731072 
941 4.1527583586787005 
942 5.283908959641019 
943 4.07048011782184 
944 5.21006552292234 
945 3.91541192191654 
946 5.09369185173236 
947 3.7873767775131597 
948 4.87227215075448 
949 3.5357851110853 
950 4.898185612638541 
951 3.5057830293344203 
952 4.952012649418 
953 3.51452017237294 
954 5.05764467127484 
955 3.6795842303542203 
956 5.22610848257996 
957 3.89197489659034 
958 5.351359027743181 
959 4.03041156092708 
960 5.33840399151414 
961 3.97152819467276 
962 5.29670555261292 
963 3.9858210685877196 
964 5.28981117982644 
965 3.97707022002636 
966 5.30109918868194 
967 3.8703292425623603 
968 5.1036622060005 
969 3.8016500295771003 
970 5.28531537572042 
971 3.8082146103951 
972 5.1669893700409 
973 3.5768269012904 
974 4.92245083120192 
975 3.32981074959996 
976 4.63461800843816 
977 3.1167465235455003 
978 4.69673337884026 
979 3.03194061409718 
980 4.52463075622256 
981 3.1216520201185 
982 4.6336574759163 
983 3.28328266071214 
984 4.85361617404648 
985 3.45476189114504 
986 5.074112443376761 
987 3.6680201956475202 
988 5.12007667074492 
989 3.75601329274444 
990 4.9375363015329 
991 3.73285246157164 
992 4.91849756681252 
993 3.76491914660524 
994 4.861428872810761 
995 3.82697287392836 
996 4.7363536707331795 
997 3.8113199119834804 
998 4.6960301932292 
999 3.8354337657319597 
1000 4.87361731247086 
1001 3.7231902613574 
1002 4.9084089293357405 
1003 3.8187069569184 
1004 4.8762770571920795 
1005 3.91148098366238 
1006 4.7985392763462595 
1007 3.8301584271980196 
1008 4.87215060611422 
1009 3.84853898015484 
1010 4.7855577114885 
1011 3.97535562679126 
1012 4.56499350985802 
1013 3.9206012441271803 
1014 4.5764569909479 
1015 3.9522528093181597 
1016 4.53644656425124 
1017 3.8827315803214395 
1018 4.3296456945762 
1019 3.7506235675781197 
1020 4.38630045678636 
1021 3.84006649469978 
1022 4.2671012453407595 
1023 3.75938151581306 
1024 4.07316128584308 
1025 3.48533481480498 
1026 4.1186147279441006 
1027 3.39415023939764 
1028 4.22629772561414 
1029 3.48220210362528 
1030 4.50867420557074 
1031 3.29323619477602 
1032 4.658042837542039 
1033 3.39760048653892 
1034 4.843077352626279 
1035 3.36552661325348 
1036 4.9281744729678 
1037 3.47334068484532 
1038 4.91132827535098 
1039 3.46081148892302 
1040 4.80571710577244 
1041 3.6059490350431 
1042 4.97897449549108 
1043 3.73169012580614 
1044 4.90279175569026 
1045 3.70765956158474 
1046 4.75630737935742 
1047 3.57305482638872 
1048 4.72886478824542 
1049 3.54091097971384 
1050 4.88097646279912 
1051 3.50840222170482 
1052 4.725692523207259 
1053 3.5193874300051804 
1054 4.8134217606013 
1055 3.5978741336934803 
1056 4.9088512851799 
1057 3.6697171072528 
1058 5.02997509916756 
1059 3.7800762901328397 
1060 4.95432458952974 
1061 3.87083311371286 
1062 4.77424313761724 
1063 3.5979429651610197 
1064 4.8500082212525 
1065 3.7151721677999396 
1066 4.88975274668236 
1067 3.7855327804268 
1068 4.792561797543 
1069 3.70983359940762 
1070 4.7397157644522 
1071 3.7581370727099803 
1072 4.9136936382048395 
1073 3.78948460451966 
1074 4.84204323046832 
1075 3.6439972187753598 
1076 4.82568208937346 
1077 3.6349573673960798 
1078 4.8464745693351805 
1079 3.6097121319856003 
1080 4.948991639013 
1081 3.55345122980538 
1082 5.1029153780718 
1083 3.68763364783264 
1084 5.15476826246026 
1085 3.71759387945898 
1086 5.2743538374383 
1087 3.8337408716532004 
1088 5.38001749986528 
1089 3.96431556564958 
1090 5.38239695220204 
1091 4.100420335200701 
1092 5.425496738572 
1093 4.09055131453482 
1094 5.27129811900252 
1095 4.01983433957976 
1096 4.91114708716082 
1097 3.70092957286266 
1098 4.71910381439004 
1099 3.45934350939418 
1100 4.719375874348961 
1101 3.5213975314100603 
1102 4.85758490494346 
1103 3.63557477009428 
1104 4.73863059097828 
1105 3.64560745314076 
1106 4.8496349918777195 
1107 3.84505562294582 
1108 4.80728938138964 
1109 3.9260804058936403 
1110 4.78840505968852 
1111 3.94885939281746 
1112 4.69746629358714 
1113 3.77883438912964 
1114 4.5079881476349 
1115 3.60888252334842 
1116 4.60424850661366 
1117 3.59092063020828 
1118 4.48610391201722 
1119 3.47866201065614 
1120 4.47077279876238 
1121 3.41527642964122 
1122 4.80461309669042 
1123 3.62748548746642 
1124 4.81104822479392 
1125 3.6945954971605195 
1126 4.969196143715 
1127 3.7507499970912 
1128 5.24279732553598 
1129 4.01383989015634 
1130 5.2299128035526 
1131 3.9089578247793595 
1132 5.0296226292143995 
1133 3.90523851259202 
1134 5.0971446247098005 
1135 3.9504060841464996 
1136 5.15554195475694 
1137 4.11652208182684 
1138 5.020513782017639 
1139 3.9751536234053604 
1140 4.9080562832752 
1141 4.01743726162896 
1142 4.75441726094598 
1143 3.87681115664806 
1144 4.82833702819684 
1145 4.14099968102684 
1146 4.6972083493909995 
1147 3.87334712567286 
1148 4.8132311927377796 
1149 3.92581102869606 
1150 5.005966133157321 
1151 3.7169937651582003 
1152 5.13109297520238 
1153 3.76295963209396 
1154 5.07141564274064 
1155 3.6933015260820605 
1156 5.0817497839489 
1157 3.7690740051631204 
1158 5.2200067181275 
1159 3.8626418070555197 
1160 5.1171386829447005 
1161 3.8942673417715605 
1162 5.21261583498954 
1163 3.9968598274781 
1164 5.03470173240482 
1165 3.93418570194858 
1166 5.00399146962804 
1167 3.85019465817046 
1168 5.030592255738 
1169 3.8744530009787397 
1170 5.0863564852506595 
1171 3.8654975348509604 
1172 5.08408992132098 
1173 3.7322074398305 
1174 4.99766272235318 
1175 3.51086280755016 
1176 4.92566812698032 
1177 3.2841610112413795 
1178 4.95485775655876 
1179 3.3246487416429 
1180 4.978389162276001 
1181 3.42614279719938 
1182 4.99619012914876 
1183 3.41244950131676 
1184 5.0290012990493 
1185 3.54162344602162 
1186 5.16144349202418 
1187 3.4860269094112 
1188 5.31246349833982 
1189 3.7222870078998804 
1190 5.28935617622352 
1191 3.90311525828904 
1192 5.30795478971028 
1193 3.9238469002246603 
1194 5.14127537965042 
1195 3.73915993694036 
1196 4.96981003454978 
1197 3.62020016940996 
1198 5.04361581638304 
1199 3.7215884822076397 
1200 5.0069019351374795 
1201 3.77512688751506 
1202 5.09663162198628 
1203 3.8980980532584395 
1204 5.35147944208804 
1205 4.24556334563358 
1206 5.40505324564514 
1207 4.34233174186464 
1208 5.32063405510996 
1209 4.379266208650099 
1210 5.4802267987137 
1211 4.26706803463076 
1212 5.49833072366652 
1213 4.32361655784996 
1214 5.53705421793678 
1215 4.4306650939092 
1216 5.339528236499239 
1217 4.34793961208426 
1218 5.27257914298934 
1219 4.12493899566398 
1220 5.08789868800576 
1221 4.02135415576736 
1222 5.06477599748932 
1223 3.96857165595934 
1224 5.092500821330519 
1225 3.96447279306408 
1226 5.15980334677982 
1227 3.85478070135526 
1228 5.08704076729828 
1229 3.86803330372418 
1230 5.0980255980928195 
1231 3.8624388606515803 
1232 4.79898017417598 
1233 3.64110190043734 
1234 4.73101154956642 
1235 3.6134469318996403 
1236 4.7762280972218 
1237 3.6078130615977004 
1238 4.83550937323778 
1239 3.73305245752628 
1240 4.8154037745561 
1241 3.7323808614018397 
1242 4.9164765065577 
1243 3.8804939016696602 
1244 4.91701102578876 
1245 3.8589300206803 
1246 4.98817925622014 
1247 4.00254698618474 
1248 5.04975591864458 
1249 4.09345059086834 
1250 5.01773429137036 
1251 4.0472002141224 
1252 5.12512703391442 
1253 3.98299235202346 
1254 5.03689236844358 
1255 3.9478260327879395 
1256 5.02270123523372 
1257 4.09167013832594 
1258 4.96749820629576 
1259 3.9390388542801604 
1260 5.08146909496398 
1261 3.9077590103346997 
1262 5.07033896934918 
1263 3.89049956840258 
1264 5.1795731586291 
1265 3.9673727224602 
1266 5.22347092350382 
1267 3.98016587976078 
1268 5.28696048095646 
1269 4.04072976606558 
1270 5.22862068608618 
1271 4.1276591281492 
1272 5.18563990162004 
1273 3.96721860991694 
1274 5.16744438676426 
1275 4.00538989036884 
1276 4.99004741528596 
1277 3.8493360306771 
1278 5.05653482886232 
1279 3.97378100449558 
1280 5.05858242148982 
1281 3.94003598409342 
1282 4.899184130107161 
1283 3.78493960974048 
1284 4.84414468209268 
1285 3.76556901253372 
1286 5.00065876285866 
1287 3.8447236464135996 
1288 5.11956316414192 
1289 3.7476436716889197 
1290 5.2773380293434 
1291 3.7920597155155003 
1292 5.56295033451594 
1293 4.04226263361606 
1294 5.66973670406704 
1295 4.2793304355225 
1296 5.583818675280719 
1297 4.19444685786284 
1298 5.50182485046826 
1299 4.17341878585062 
1300 5.4564434488845 
1301 4.29735829927144 
1302 5.420958163655159 
1303 4.34228418403746 
1304 5.42858362572962 
1305 4.15609425279444 
1306 5.3500739581369405 
1307 3.99753448482114 
1308 5.32328822882638 
1309 3.94600919439182 
1310 5.2400147747843 
1311 3.9345427602914804 
1312 5.23753091324118 
1313 3.8866216598601397 
1314 5.1978725989190995 
1315 3.8146586317807603 
1316 4.98182568617244 
1317 3.7102956706012598 
1318 4.99173157560014 
1319 3.7764748647891997 
1320 4.82220218874314 
1321 3.6944375117223203 
1322 4.594857887544579 
1323 3.5566915256719396 
1324 4.64609756470264 
1325 3.6572924233768602 
1326 4.8686016499282605 
1327 3.7868977655182805 
1328 4.9437110611073996 
1329 3.8365772515177197 
1330 4.96956067080816 
1331 3.6473228621732403 
1332 5.07556194139722 
1333 3.6711150589201997 
1334 5.03424304773624 
1335 3.62063562683842 
1336 4.9088966565711205 
1337 3.5300976039926804 
1338 4.82856742795734 
1339 3.54803714661776 
1340 4.9410026472648 
1341 3.6770599672268602 
1342 4.96193828865734 
1343 3.66171481649108 
1344 4.99098374627342 
1345 3.6385184608210204 
1346 5.0241884958627 
1347 3.6846507336088004 
1348 5.0304612599873 
1349 3.6003060447972404 
1350 4.90731513631334 
1351 3.64279750153174 
1352 4.80128454573302 
1353 3.55190235719866 
1354 4.7926651781239 
1355 3.6101168454368597 
1356 4.79744119682738 
1357 3.7532755675733 
1358 4.78183706961592 
1359 3.81666330825284 
1360 4.7913046935774 
1361 3.7178341247845195 
1362 4.8142390165580204 
1363 3.78423187430038 
1364 4.575941591115781 
1365 3.59618259935376 
1366 4.382410182596059 
1367 3.49228125415026 
1368 4.3489313404674395 
1369 3.2847288925569997 
1370 4.37466919620198 
1371 3.3508991201681604 
1372 4.52704309844584 
1373 3.48760781170636 
1374 4.77348058784046 
1375 3.74544556103764 
1376 4.910141859197 
1377 3.81036819695068 
1378 5.12300873708364 
1379 4.06739263633128 
1380 5.3140558697657 
1381 4.063210530652681 
1382 5.25379875847368 
1383 3.95143771433194 
1384 5.2784922894331405 
1385 3.95490639110594 
1386 5.2240085800108 
1387 3.85344271414226 
1388 5.198877447476621 
1389 3.7600324874356197 
1390 5.04120040496414 
1391 3.98820393015514 
1392 5.02175913609994 
1393 3.96214561254886 
1394 4.90536099240188 
1395 3.8357776753811996 
1396 4.957628262606621 
1397 3.9830877529214197 
1398 4.9953543327275 
1399 3.9495366594443198 
1400 4.96742345529138 
1401 3.83664623972356 
1402 5.03918840895758 
1403 3.9060378050064797 
1404 5.1811730703875805 
1405 4.09524337183342 
1406 5.36532961129746 
1407 4.06658606893366 
1408 5.2977833279693005 
1409 4.17716523496878 
1410 5.43742038140498 
1411 4.125657018036 
1412 5.38898075880576 
1413 4.1367408674816195 
1414 5.1332131347605 
1415 3.84236732399392 
1416 5.17138836982232 
1417 3.86518204267988 
1418 5.052586067043 
1419 3.74864133124264 
1420 5.04607040551604 
1421 3.7300368349463198 
1422 4.92829560862926 
1423 3.5877046132236003 
1424 4.96011868045382 
1425 3.6229900567935998 
1426 4.8192704236359 
1427 3.5848111213198797 
1428 4.78883274908494 
1429 3.5558603251698004 
1430 4.87204482085256 
1431 3.55716185717842 
1432 4.9992677155675 
1433 3.6414570600835803 
1434 5.2266917638495 
1435 3.8988477824038 
1436 5.29312595354462 
1437 3.9344313779749798 
1438 5.3872546907495 
1439 4.0816923707597 
1440 5.33593194735558 
1441 4.1700875989303 
1442 5.38665338080746 
1443 4.28044038804458 
1444 5.3373267726242 
1445 4.14540352905826 
1446 5.21068988103908 
1447 4.0707986474403395 
1448 5.2283115183159 
1449 4.1246876558008605 
1450 5.03672846192738 
1451 4.02647077570846 
1452 5.04108749462696 
1453 4.05095150081604 
1454 5.08431448896918 
1455 4.0122237535219 
1456 5.21775308356232 
1457 4.09330208728026 
1458 5.10731456338372 
1459 3.99844898722528 
1460 5.26552160006936 
1461 3.743741469894 
1462 5.17893534899992 
1463 3.71616712819102 
1464 5.11050962637932 
1465 3.6311215437213002 
1466 5.1240493980074 
1467 3.70388181501648 
1468 5.1767924609122 
1469 3.7212409509667195 
1470 5.16294525444858 
1471 3.88455322319678 
1472 5.1379963000398 
1473 3.82133725839068 
1474 5.0301948838363 
1475 3.84198472058928 
1476 4.96155465197576 
1477 3.78260621209564 
1478 5.00054892628526 
1479 3.73346796901616 
1480 3.34084793707072 
1481 4.24979820509296 
1482 3.3245738836048604 
1483 4.08422462760966 
1484 3.11784474272206 
1485 3.8659328650486997 
1486 2.92923180351586 
1487 3.88322445771324 
1488 2.8325125443092 
1489 3.9552603658067804 
1490 2.63532063720198 
1491 4.12773701707588 
1492 2.71733703811672 
1493 4.3609561101373995 
1494 3.06642235128462 
1495 4.48616499409852 
1496 3.18872712706284 
1497 4.61075740850824 
1498 3.39123995642394 
1499 4.71938877663994 
1500 3.60497973287666 
1501 4.7619746651157 
1502 3.7093736355645603 
1503 4.73214919600712 
1504 3.57373826096578 
1505 3.7312391374585197 
1506 3.7312391374585197 
1507 4.84948352928642 
1508 3.80351793672434 
1509 4.87942784030842 
1510 3.7746624124904002 
1511 4.88464368843022 
1512 3.7240033600844398 
1513 4.9918797024778 
1514 3.76267090509876 
1515 5.0633597660611205 
1516 3.7956961068662 
1517 5.24686458474232 
1518 3.8049271878003 
1519 5.42978369431706 
1520 3.9827290705478 
1521 5.45580469409116 
1522 4.0725861521727 
1523 5.36628369510232 
1524 3.9827797298021204 
1525 5.53603839544946 
1526 3.80176008059428 
1527 5.6190896244862 
1528 3.75257902439444 
1529 5.61932980246508 
1530 3.8093203998301597 
1531 5.65172644817078 
1532 3.99154542805008 
1533 5.50904129469348 
1534 3.9703076402714204 
1535 5.51015780480176 
1536 4.15540345317862 
1537 5.5204363214549 
1538 4.11521882016146 
1539 5.5262456387449195 
1540 4.05275712197218 
1541 5.53845316131936 
1542 4.05176701298608 
1543 5.6811383147966605 
1544 4.1255176658783395 
1545 5.6811383147966605 
1546 4.17341919028504 
1547 5.62419298733558 
1548 4.17242712428662 
1549 5.6264817750370595 
1550 4.15425002754438 
1551 5.714726843646639 
1552 4.15017308883664 
1553 5.714726843646639 
1554 4.13093766711666 
1555 5.7390636114040605 
1556 4.075509722769921 
1557 5.78034424125026 
1558 4.16969938545676 
1559 5.634961937399639 
1560 4.04256279864762 
1561 5.5336178200257 
1562 4.005693807267621 
1563 5.32445576635332 
1564 3.8577654480722203 
1565 5.1172660262301 
1566 3.8651322106287 
1567 5.0446157881998195 
1568 3.5212183580034795 
1569 5.018027232098 
1570 3.4179663781456 
1571 4.96344352617604 
1572 3.343434217353 
1573 5.1572873651923405 
1574 3.4208823906415398 
1575 5.37941835979266 
1576 3.60365144901416 
1577 5.17101910339276 
1578 3.8064138411848 
1579 5.11743512771882 
1580 3.8480916465723802 
1581 5.12994816605288 
1582 3.85116416428054 
1583 5.0167900833628405 
1584 3.67727333314708 
1585 4.79535369503254 
1586 3.6349849634256204 
1587 5.10111036672412 
1588 3.70524389828768 
1589 5.25041461415496 
1590 3.8031996446111203 
1591 5.37954421669398 
1592 3.96994528854026 
1593 5.32107890700342 
1594 4.04091492721332 
1595 5.33743297736682 
1596 3.92444877540036 
1597 5.31272580010544 
1598 3.84625880917822 
1599 5.3291302334420205 
1600 3.86827753612918 
1601 5.34310840074728 
1602 3.86294339454252 
1603 5.50176285219992 
1604 3.92999286259512 
1605 5.6958543035163 
1606 4.0824622300311395 
1607 5.6958543035163 
1608 4.17016908418384 
1609 5.65791098934994 
1610 4.0895045821461 
1611 5.60795147693044 
1612 3.9657275403153798 
1613 5.60795147693044 
1614 3.9867011194327198 
1615 5.63381484407736 
1616 3.8749935704485603 
1617 5.65672712066282 
1618 3.7476855387322 
1619 5.7319204415636795 
1620 3.8331823607676396 
1621 5.72471690795158 
1622 3.97382471510696 
1623 5.72065993279784 
1624 3.89525545699916 
1625 5.6947965656509405 
1626 3.95950311586168 
1627 5.56154913228736 
1628 3.9645708086929603 
1629 5.61361045132508 
1630 4.00144800043742 
1631 5.519319734812941 
1632 3.8448347825600004 
1633 5.52337670996668 
1634 3.9824682318828004 
1635 5.52337670996668 
1636 4.00011416953574 
1637 5.59979076194822 
1638 4.106506808989 
1639 5.53074406465604 
1640 4.05091954958802 
1641 5.584581614763399 
1642 4.00074955984522 
1643 5.584581614763399 
1644 4.0016477530874806 
1645 5.37484701688508 
1646 3.8005205620450604 
1647 5.40876812168162 
1648 3.6383948520722003 
1649 5.44490391499488 
1650 3.7032195229570197 
1651 5.563188103540719 
1652 3.8806164665596596 
1653 5.563188103540719 
1654 3.82177382990752 
1655 5.77292270141904 
1656 3.97643717513332 
1657 5.5524006816049996 
1658 3.9659220990998003 
1659 5.4891338575596205 
1660 3.9059807008517198 
1661 5.37953163778528 
1662 3.8172847314067604 
1663 5.37581975052008 
1664 3.82478067545608 
1665 5.37581975052008 
1666 3.76700754877752 
1667 5.40359992239204 
1668 3.8129176321376397 
1669 5.42345916701714 
1670 3.82885783446468 
1671 5.55225533391772 
1672 3.92581785496418 
1673 5.55596722118292 
1674 3.8482365399608804 
1675 5.51425835475834 
1676 3.85620326865442 
1677 5.6192544610387 
1678 3.85128371724362 
1679 5.67949808816154 
1680 3.9071369692987603 
1681 5.67174910262368 
1682 3.8744496334511402 
1683 5.6523941567213 
1684 3.985756066483 
1685 5.715401997785699 
1686 4.04362711834486 
1687 5.76256687333268 
1688 4.01530272356962 
1689 5.78725611950834 
1690 4.0789851460337205 
1691 5.72812606364278 
1692 4.0667243600407605 
1693 5.74748100954518 
1694 4.1193992532741195 
1695 5.73795479399018 
1696 4.17659899212004 
1697 5.78090001508094 
1698 3.9552016876043603 
1699 5.71384267152678 
1700 3.81866348342976 
1701 5.64120549008428 
1702 3.70998840616186 
1703 5.52962257463356 
1704 3.4926456227448 
1705 5.51784981554874 
1706 3.2811042879006598 
1707 5.1154309320991 
1708 3.5088442877161596 
1709 4.9275474022967405 
1710 3.44706646250874 
1711 5.004378337216339 
1712 3.4664892302100396 
1713 5.11596125266708 
1714 3.4822065109048403 
1715 5.11596125266708 
1716 3.5341502945599204 
1717 5.4015368024153805 
1718 3.6556243347125403 
1719 5.55216146751276 
1720 3.65952868757154 
1721 5.56924432088534 
1722 3.72388784797318 
1723 5.56924432088534 
1724 3.8025324963148797 
1725 5.56924432088534 
1726 4.01883248962292 
1727 5.66845973797922 
1728 3.9037796974370003 
1729 5.7023211625399 
1730 4.08001262910408 
1731 5.69464853501292 
1732 4.13711678006608 
1733 5.69464853501292 
1734 4.25017847281758 
1735 5.64891912943674 
1736 4.14973440912228 
1737 5.50883392323958 
1738 4.19377956616204 
1739 5.4811948864085 
1740 4.1049886005701 
1741 5.415639981912539 
1742 4.05044980387294 
1743 5.415639981912539 
1744 3.92617163292818 
1745 5.40880385218492 
1746 3.8925812637167603 
1747 5.56415262001348 
1748 3.99727881322726 
1749 5.5222508732061 
1750 3.94698697136876 
1751 5.51210529299886 
1752 3.8818093051687 
1753 5.41056513355748 
1754 3.8441821927831397 
1755 5.348691144280339 
1756 3.9504843043731 
1757 5.348691144280339 
1758 3.89028490842464 
1759 5.37177709456104 
1760 3.9597860295631797 
1761 5.472755311043381 
1762 4.04118540126326 
1763 5.57429547048474 
1764 4.12328212421288 
1765 5.688734995065699 
1766 3.9744424225894 
1767 5.688734995065699 
1768 3.9468015711060405 
1769 5.65509291023524 
1770 3.91104466286144 
1771 5.5839576481009 
1772 3.87209708369024 
1773 5.52467704857686 
1774 3.8537568642211397 
1775 5.52467704857686 
1776 3.8804789098793995 
1777 5.28735364440416 
1778 3.7800145038445003 
1779 5.34960680989256 
1780 3.8562074165365203 
1781 5.35127468730154 
1782 3.79871057568308 
1783 5.41055528682558 
1784 3.75082574860508 
1785 5.27206026798906 
1786 3.70035449426558 
1787 5.41588899494864 
1788 3.79718131984702 
1789 5.4806353022091 
1790 3.81344610284688 
1791 5.5159228184487 
1792 3.9259813189877804 
1793 5.477734893093141 
1794 3.9589625957223396 
1795 5.6162299119296595 
1796 4.1028488406875 
1797 5.6998808182242 
1798 4.0966551161141 
1799 5.7128251790180995 
1800 4.11918913280494 
1801 5.64033031496098 
1802 4.03501307697292 
1803 5.67851824031656 
1804 4.0629282739765005 
1805 5.66554752037038 
1806 3.94299497456592 
1807 5.6753912912889595 
1808 3.99180698282902 
1809 5.62103597520032 
1810 3.9046487548883397 
1811 5.7760500149179 
1812 4.1055492769752 
1813 5.7760500149179 
1814 4.1471599483440595 
1815 5.7217641786506395 
1816 4.1506167173624 
1817 5.5408985429265005 
1818 4.0472442276535805 
1819 5.52515757950542 
1820 4.059233249955399 
1821 5.382296565913061 
1822 3.9058751044769204 
1823 5.3971328550841005 
1824 3.8811551877845405 
1825 5.464389411297519 
1826 4.01479045129092 
1827 5.64525504702168 
1828 4.16238560730034 
1829 5.45562103185478 
1830 4.02172857596172 
1831 5.5101962600782 
1832 4.052264035987021 
1833 5.31543517591312 
1834 3.8899864955918 
1835 5.0585389040742 
1836 3.65641842752986 
1837 5.0201678187291 
1838 3.5807075341063603 
1839 5.26746286362762 
1840 3.70808246982512 
1841 5.2736832173709995 
1842 3.7388908958345604 
1843 5.45360801236504 
1844 3.90580190022936 
1845 5.71699435002342 
1846 4.14720677392146 
1847 5.67213599208416 
1848 4.1107133691072795 
1849 5.60608165190194 
1850 4.03984289191744 
1851 5.5819838635840595 
1852 4.00185258871228 
1853 5.4776101971462 
1854 3.89184344238238 
1855 5.47112013132672 
1856 3.7679349315334 
1857 5.55434957461108 
1858 3.7649050561623 
1859 5.58402878565158 
1860 3.8364866000194198 
1861 5.65067989870608 
1862 3.91594655232592 
1863 5.75505356514396 
1864 4.03137357115326 
1865 5.65457137767208 
1866 4.05908081726312 
1867 5.57533537202326 
1868 4.188579872913801 
1869 5.43776662375422 
1870 4.12140218602358 
1871 5.3553547231665 
1872 4.04964558521604 
1873 5.3002858708876195 
1874 4.0010455641704805 
1875 5.4007680583595 
1876 4.08154675754706 
1877 5.29232282409168 
1878 4.01273009617854 
1879 5.35404761498658 
1880 4.00590727861192 
1881 5.3660573942784 
1882 3.9857124505429 
1883 5.30543020845274 
1884 3.941426873479 
1885 5.12543652688694 
1886 4.0094867918196595 
1887 4.788175494863561 
1888 3.9308641035784198 
1889 4.59628588086126 
1890 3.77784958773836 
1891 4.6034803096906405 
1892 3.7790804385225996 
1893 4.51446133201318 
1894 3.6785147511542 
1895 4.6880885098858 
1896 3.61024029778864 
1897 4.72695808552604 
1898 3.5680781542176 
1899 4.812166765602759 
1900 3.5854948858816797 
1901 4.82703234556708 
1902 3.5985059528631 
1903 4.9184772343655 
1904 3.6242268327365403 
1905 4.92164623496912 
1906 3.82540189393328 
1907 4.89121265118428 
1908 3.87799092916746 
1909 4.9470432291452395 
1910 4.11341661267584 
1911 4.98967729208864 
1912 4.1256634700191 
1913 5.03605189913186 
1914 4.2434708455856995 
1915 4.95178079473732 
1916 4.12333937024638 
1917 5.074760379993441 
1918 4.22214831139696 
1919 5.048181567460199 
1920 4.238773761490799 
1921 5.01931128113904 
1922 4.1870211834435 
1923 4.90133907362428 
1924 4.1870211834435 
1925 4.7415790919661 
1926 4.12049141039818 
1927 4.69942292193472 
1928 3.9727735191898197 
1929 4.47128955616478 
1930 3.6398700231684797 
1931 4.45955856892404 
1932 3.5472348839644603 
1933 4.38666407755474 
1934 3.5472348839644603 
1935 4.2504724939576395 
1936 3.45637139040078 
1937 4.378821745731679 
1938 3.30549966792708 
1939 4.65604400102246 
1940 3.5412968784709795 
1941 4.81917160722734 
1942 3.72407515023628 
1943 4.9586979142085195 
1944 3.72407515023628 
1945 4.78570464112114 
1946 3.89049900330536 
1947 4.9832353446052 
1948 4.0461412784322 
1949 4.97050707031348 
1950 3.9546852191091197 
1951 4.7840058700756005 
1952 3.9546852191091197 
1953 4.43998502406152 
1954 3.6621087588467196 
1955 4.52023375907236 
1956 3.45288923521152 
1957 4.49183176339422 
1958 3.4020703790434603 
1959 4.37618955327784 
1960 3.4346722331608603 
1961 4.6362515726104 
1962 3.4346722331608603 
1963 4.77797568897044 
1964 3.5628589616652597 
1965 4.8091705019615 
1966 3.6132901762505396 
1967 4.68549749623962 
1968 3.48449689956358 
1969 4.75508992399596 
1970 3.4362277994777797 
1971 4.6878455025179795 
1972 3.4362277994777797 
1973 4.68379853321196 
1974 3.4630988824577797 
1975 4.83955725592826 
1976 3.5554928307701403 
1977 5.10441634807516 
1978 3.64711948108396 
1979 5.066737233885339 
1980 3.6057928597521802 
1981 4.96081736200542 
1982 3.75879892991138 
1983 5.14636093593922 
1984 3.8055703464853003 
1985 4.9626229079968 
1986 3.9850643742773597 
1987 4.98419833231306 
1988 3.9767654809392803 
1989 5.21806908976762 
1990 4.11309736525116 
1991 5.11251710633468 
1992 4.14823927198918 
1993 5.07823487389778 
1994 4.17427404676882 
1995 5.14920060462432 
1996 4.1007432824538 
1997 4.99005305025554 
1998 4.0663496729788005 
1999 4.94998816848206 
2000 3.98636353380678 
2001 5.1015731798676 
2002 3.8861673765770597 
2003 5.08974496210202 
2004 3.86752288706536 
2005 5.0135855329101 
2006 3.8629775816357204 
2007 5.08898513467928 
2008 3.95321479799478 
2009 4.92321299775758 
2010 3.85266743906976 
2011 4.97716043213092 
2012 3.8480381633045604 
2013 4.87283491772196 
2014 3.7163315682085396 
2015 3.5657282434101396 
2016 3.5657282434101396 
2017 4.92116737377688 
2018 3.5657282434101396 
2019 4.92116737377688 
2020 3.5657282434101396 
2021 4.92116737377688 
2022 3.5657282434101396 
2023 4.98298181963002 
2024 3.6627502300312003 
2025 5.0467886958005 
2026 3.7703866624598 
2027 4.88543773893606 
2028 3.62741519629326 
2029 4.961929023483 
2030 3.6759943506831 
2031 4.925683181289321 
2032 3.8334292684274205 
2033 4.96719165283786 
2034 3.90202383908588 
2035 4.95984915417118 
2036 3.9174143927935 
2037 4.90897382521362 
2038 3.84202337512266 
2039 4.8153908873721 
2040 3.7864208899106204 
2041 4.76962331410002 
2042 3.69741856342742 
2043 4.7240343663913205 
2044 3.39388437329294 
2045 4.75754050253914 
2046 3.38387761095046 
2047 4.78617350216072 
2048 3.4129289209918396 
2049 4.7178442787199995 
2050 3.36414698565806 
2051 4.758213126489499 
2052 3.3122768754682803 
2053 4.80053440601756 
2054 3.2922719985222004 
2055 4.81923768696076 
2056 3.35350655778216 
2057 4.9318452850638 
2058 3.5250504298100402 
2059 5.18604810582088 
2060 3.75881454178892 
2061 5.2201807393149995 
2062 3.85205030591892 
2063 5.2248006902999 
2064 4.0271844040553395 
2065 5.221423287271319 
2066 4.02185284597982 
2067 5.1982366234076 
2068 4.04047032608832 
2069 5.05291966378868 
2070 3.9009754203545 
2071 5.11944911634262 
2072 3.95871302438212 
2073 5.25992522816004 
2074 4.09340210088998 
2075 5.25607771150952 
2076 4.098948153225679 
2077 5.30051197780526 
2078 4.08318380174798 
2079 5.43415177222682 
2080 4.16538099338846 
2081 5.3193199437605205 
2082 4.1685173133481 
2083 5.17559210006364 
2084 3.97675401594872 
2085 5.18526636155888 
2086 4.0054360724402 
2087 5.15620162121806 
2088 3.99996664055516 
2089 5.16121517211222 
2090 3.9960796034536203 
2091 5.2695433124502795 
2092 3.8984706239932003 
2093 5.36800009493484 
2094 3.80077771445794 
2095 5.37813083430602 
2096 3.8857396580802 
2097 5.37895764880794 
2098 3.8899594935095996 
2099 5.2811094543061206 
2100 3.81530139521778 
2101 5.23568876624912 
2102 3.9512230068656797 
2103 5.0675006664292 
2104 3.87992147898282 
2105 5.03872673344428 
2106 3.75221653569374 
2107 5.0072491233809995 
2108 3.7400935161524003 
2109 4.95376271760038 
2110 3.72267008626822 
2111 5.0740534783718 
2112 3.6479749285265397 
2113 5.277641281550521 
2114 3.9385376759799398 
2115 5.3152412777519995 
2116 3.99546036011156 
2117 5.4019427646471 
2118 4.05397626882818 
2119 5.57160159944294 
2120 4.1945739953191 
2121 5.482964584398 
2122 4.2583429944400795 
2123 5.482964584398 
2124 4.19522991848242 
2125 5.55264458281846 
2126 4.28712318831648 
2127 5.5039255661887605 
2128 4.25819125666794 
2129 5.48829929361484 
2130 4.2786232746722 
2131 5.4915306425713 
2132 4.2619278861433 
2133 5.4915306425713 
2134 4.2458913460298 
2135 5.4729032781073 
2136 4.16128330320998 
2137 5.447593316491799 
2138 4.11552648769256 
2139 5.46181286875054 
2140 4.1173509572620395 
2141 5.31980226773302 
2142 4.14326604254226 
2143 5.31980226773302 
2144 4.1209602493957 
2145 5.1900009127372595 
2146 3.9716623463702803 
2147 5.17938237859712 
2148 3.9516248620565597 
2149 5.1197640884614 
2150 3.88519666636022 
2151 5.2483531390952 
2152 3.7200354809242198 
2153 5.05288670042672 
2154 3.57926218653974 
2155 5.06530317542464 
2156 3.61538221336212 
2157 5.21052922728658 
2158 3.7112750312930602 
2159 5.25900009056674 
2160 3.7133362580283604 
2161 5.26327034289156 
2162 3.87662777821974 
2163 5.45112296871914 
2164 4.0137058880001595 
2165 5.6293736841639 
2166 4.186897515277581 
2167 5.51694221024586 
2168 4.11699703103054 
2169 5.50390649335288 
2170 4.08761207068992 
2171 5.4767229744507 
2172 4.21295890251646 
2173 5.43606294851842 
2174 4.1470323896222 
2175 5.271091995618059 
2176 4.03541711070852 
2177 5.29005117717192 
2178 4.03844975335058 
2179 5.3568492004057 
2180 4.08676334966224 
2181 5.44957768157628 
2182 4.05286645321388 
2183 5.2643108334484605 
2184 3.9084468056103603 
2185 5.34750653681512 
2186 4.0010314537748 
2187 5.43029193207162 
2188 4.06894849651526 
2189 5.33280957036754 
2190 4.11532575686584 
2191 5.43977829975012 
2192 4.34499483255292 
2193 5.2945449219463 
2194 4.4424146362517 
2195 5.08259282574146 
2196 4.19091146789082 
2197 4.858022970578579 
2198 4.03440264081004 
2199 4.79833116341972 
2200 3.8787834888721795 
2201 4.7701482526367 
2202 3.7345499919584 
2203 4.82459483069334 
2204 3.65468009062304 
2205 4.8928253596543 
2206 3.65122358729124 
2207 4.9171314812619 
2208 3.73090682996406 
2209 4.8639445947537805 
2210 3.66581035552 
2211 4.8644317772706795 
2212 3.6591242968887796 
2213 4.6919972143224395 
2214 3.4477001170579 
2215 4.64284360907534 
2216 3.50267901725958 
2217 4.8291637960488405 
2218 3.65354603530958 
2219 4.98683161172886 
2220 3.8873603449376395 
2221 5.10987615969664 
2222 4.0205550973648005 
2223 5.16538465800336 
2224 4.11452617221604 
2225 5.2210792285906 
2226 4.21957777653316 
2227 5.1097802710502 
2228 4.1601949300319605 
2229 5.24243960937296 
2230 4.05396363040836 
2231 5.224333733055699 
2232 3.9785349828848195 
2233 5.25574168498248 
2234 3.9733330960948003 
2235 5.350534630428379 
2236 4.12360740773396 
2237 5.46799726361032 
2238 4.2046067458007 
2239 5.32590010756632 
2240 4.12050470216434 
2241 5.40844203773562 
2242 4.12050470216434 
2243 5.40844203773562 
2244 4.1753679169018 
2245 5.40844203773562 
2246 4.21231322839808 
2247 5.44464085007666 
2248 4.14715347464994 
2249 5.33533371046804 
2250 4.07730076919484 
2251 5.34290499386162 
2252 4.07496273962974 
2253 5.19974745340088 
2254 3.8743346940687204 
2255 5.0268767084701995 
2256 3.8597328714823 
2257 4.987100800878 
2258 3.8318016412840996 
2259 5.12439223452272 
2260 3.8642021982745 
2261 5.1745846346666 
2262 3.9106907062208003 
2263 5.2630814369601 
2264 3.9159491975615404 
2265 5.39360077118614 
2266 3.91999005555322 
2267 5.39716921408834 
2268 3.9214094456937603 
2269 5.44260135878768 
2270 3.9193798502284203 
2271 5.41352590656984 
2272 3.98869142280646 
2273 5.2731893749635805 
2274 3.98685713301634 
2275 5.3273043789851595 
2276 4.10212120057112 
2277 5.2221222830540395 
2278 4.17527289927928 
2279 5.09993735265446 
2280 4.0136765042136 
2281 4.92710773250506 
2282 3.85514224685132 
2283 4.91397142952618 
2284 3.89474031568182 
2285 4.73284574587094 
2286 3.71396732164704 
2287 4.67385901281492 
2288 3.63161255672376 
2289 4.63867951296314 
2290 3.61009546640886 
2291 4.60485354436954 
2292 3.6031654034995197 
2293 4.6416051359104795 
2294 3.5266598031304 
2295 4.6423978576856 
2296 3.4810719803771804 
2297 4.61808775802294 
2298 3.40389680946842 
2299 4.8070197372852395 
2300 3.58211032487686 
2301 4.96514818112578 
2302 3.70216598039296 
2303 5.17897405654608 
2304 3.8808303881517405 
2305 5.35164869146946 
2306 4.09389298524112 
2307 5.492612242786381 
2308 4.06184891114016 
2309 5.16973487062602 
2310 3.7275594945681805 
2311 5.21564883497632 
2312 3.6676882876389003 
2313 5.22231940402924 
2314 3.6625808978240797 
2315 5.182658865859819 
2316 3.69025800777228 
2317 5.227427172212041 
2318 3.72546496261256 
2319 5.51661747567418 
2320 4.0535471823856 
2321 5.53404145854144 
2322 4.089409566272 
2323 5.42264505176446 
2324 4.04348069673732 
2325 5.3936405290666 
2326 3.99711568087634 
2327 5.2939673930164 
2328 4.0925031124651605 
2329 5.19468309155852 
2330 3.8888543353599196 
2331 5.1938635855057 
2332 3.89702620784916 
2333 5.16136642834484 
2334 3.8761895045849597 
2335 5.20516399249674 
2336 3.82408746854018 
2337 5.25497303306286 
2338 3.6721661446605998 
2339 5.21376340947156 
2340 3.7751864160851802 
2341 5.16279360170122 
2342 3.86896168267738 
2343 5.10774700323548 
2344 3.78469961268656 
2345 5.0286185246128605 
2346 3.9069292288969004 
2347 5.08684337413302 
2348 4.00345177325654 
2349 5.00832006024564 
2350 3.8214243255717 
2351 5.01442881955116 
2352 3.7393130793603397 
2353 5.0870167080347795 
2354 3.7269934283894797 
2355 4.90656174655128 
2356 3.59990279833436 
2357 5.0670428674711605 
2358 3.5094810495650997 
2359 5.1577816973318 
2360 3.71620903034662 
2361 5.10270747431154 
2362 3.80699780700798 
2363 5.23061994608044 
2364 3.8823910469868403 
2365 5.00984640786802 
2366 3.9084274836482997 
2367 5.07771932842828 
2368 3.97562789305334 
2369 5.03464561275256 
2370 3.80504689334092 
2371 5.06881923482438 
2372 3.6910872264318 
2373 4.81909867986258 
2374 3.5892808918048202 
2375 4.95595756994552 
2376 3.5174730248358204 
2377 4.99798508565918 
2378 3.47882545207246 
2379 5.0351718473538805 
2380 3.4819814305211203 
2381 5.04903795547796 
2382 3.54703889776318 
2383 5.208661869675479 
2384 3.70660797495702 
2385 5.09332476782074 
2386 3.64936551337046 
2387 4.9812181850938995 
2388 3.7500926704966404 
2389 4.81852552943544 
2390 3.6082091084614802 
2391 4.7176478270399596 
2392 3.49069125195728 
2393 4.81338016131334 
2394 3.4279688971763798 
2395 4.8788184504168 
2396 3.26122332112596 
2397 5.01394024125212 
2398 3.25983981152494 
2399 5.15515427379292 
2400 3.38499059821578 
2401 4.9430193677122 
2402 3.37708824889706 
2403 4.9741346090034595 
2404 3.3713172824465802 
2405 4.99926982630394 
2406 3.4978791214466805 
2407 4.962906864134061 
2408 3.5227663391232804 
2409 5.14513852191686 
2410 3.70951125903668 
2411 5.23984473371852 
2412 3.74517562726236 
2413 5.3099618176993 
2414 3.85409069846454 
2415 5.38323049218462 
2416 4.07503274784262 
2417 5.37852525731072 
2418 4.1527583586787005 
2419 5.283908959641019 
2420 4.07048011782184 
2421 5.21006552292234 
2422 3.91541192191654 
2423 5.09369185173236 
2424 3.7873767775131597 
2425 4.87227215075448 
2426 3.5357851110853 
2427 4.898185612638541 
2428 3.5057830293344203 
2429 4.952012649418 
2430 3.51452017237294 
2431 5.05764467127484 
2432 3.6795842303542203 
2433 5.22610848257996 
2434 3.89197489659034 
2435 5.351359027743181 
2436 4.03041156092708 
2437 5.33840399151414 
2438 3.97152819467276 
2439 5.29670555261292 
2440 3.9858210685877196 
2441 5.28981117982644 
2442 3.97707022002636 
2443 5.30109918868194 
2444 3.8703292425623603 
2445 5.1036622060005 
2446 3.8016500295771003 
2447 5.28531537572042 
2448 3.8082146103951 
2449 5.1669893700409 
2450 3.5768269012904 
2451 4.92245083120192 
2452 3.32981074959996 
2453 4.63461800843816 
2454 3.1167465235455003 
2455 4.69673337884026 
2456 3.03194061409718 
2457 4.52463075622256 
2458 3.1216520201185 
2459 4.6336574759163 
2460 3.28328266071214 
2461 4.85361617404648 
2462 3.45476189114504 
2463 5.074112443376761 
2464 3.6680201956475202 
2465 5.12007667074492 
2466 3.75601329274444 
2467 4.9375363015329 
2468 3.73285246157164 
2469 4.91849756681252 
2470 3.76491914660524 
2471 4.861428872810761 
2472 3.82697287392836 
2473 4.7363536707331795 
2474 3.8113199119834804 
2475 4.6960301932292 
2476 3.8354337657319597 
2477 4.87361731247086 
2478 3.7231902613574 
2479 4.9084089293357405 
2480 3.8187069569184 
2481 4.8762770571920795 
2482 3.91148098366238 
2483 4.7985392763462595 
2484 3.8301584271980196 
2485 4.87215060611422 
2486 3.84853898015484 
2487 4.7855577114885 
2488 3.97535562679126 
2489 4.56499350985802 
2490 3.9206012441271803 
2491 4.5764569909479 
2492 3.9522528093181597 
2493 4.53644656425124 
2494 3.8827315803214395 
2495 4.3296456945762 
2496 3.7506235675781197 
2497 4.38630045678636 
2498 3.84006649469978 
2499 4.2671012453407595 
2500 3.75938151581306 
2501 4.07316128584308 
2502 3.48533481480498 
2503 4.1186147279441006 
2504 3.39415023939764 
2505 4.22629772561414 
2506 3.48220210362528 
2507 4.50867420557074 
2508 3.29323619477602 
2509 4.658042837542039 
2510 3.39760048653892 
2511 4.843077352626279 
2512 3.36552661325348 
2513 4.9281744729678 
2514 3.47334068484532 
2515 4.91132827535098 
2516 3.46081148892302 
2517 4.80571710577244 
2518 3.6059490350431 
2519 4.97897449549108 
2520 3.73169012580614 
2521 4.90279175569026 
2522 3.70765956158474 
2523 4.75630737935742 
2524 3.57305482638872 
2525 4.72886478824542 
2526 3.54091097971384 
2527 4.88097646279912 
2528 3.50840222170482 
2529 4.725692523207259 
2530 3.5193874300051804 
2531 4.8134217606013 
2532 3.5978741336934803 
2533 4.9088512851799 
2534 3.6697171072528 
2535 5.02997509916756 
2536 3.7800762901328397 
2537 4.95432458952974 
2538 3.87083311371286 
2539 4.77424313761724 
2540 3.5979429651610197 
2541 4.8500082212525 
2542 3.7151721677999396 
2543 4.88975274668236 
2544 3.7855327804268 
2545 4.792561797543 
2546 3.70983359940762 
2547 4.7397157644522 
2548 3.7581370727099803 
2549 4.9136936382048395 
2550 3.78948460451966 
2551 4.84204323046832 
2552 3.6439972187753598 
2553 4.82568208937346 
2554 3.6349573673960798 
2555 4.8464745693351805 
2556 3.6097121319856003 
2557 4.948991639013 
2558 3.55345122980538 
2559 5.1029153780718 
2560 3.68763364783264 
2561 5.15476826246026 
2562 3.71759387945898 
2563 5.2743538374383 
2564 3.8337408716532004 
2565 5.38001749986528 
2566 3.96431556564958 
2567 5.38239695220204 
2568 4.100420335200701 
2569 5.425496738572 
2570 4.09055131453482 
2571 5.27129811900252 
2572 4.01983433957976 
2573 4.91114708716082 
2574 3.70092957286266 
2575 4.71910381439004 
2576 3.45934350939418 
2577 4.719375874348961 
2578 3.5213975314100603 
2579 4.85758490494346 
2580 3.63557477009428 
2581 4.73863059097828 
2582 3.64560745314076 
2583 4.8496349918777195 
2584 3.84505562294582 
2585 4.80728938138964 
2586 3.9260804058936403 
2587 4.78840505968852 
2588 3.94885939281746 
2589 4.69746629358714 
2590 3.77883438912964 
2591 4.5079881476349 
2592 3.60888252334842 
2593 4.60424850661366 
2594 3.59092063020828 
2595 4.48610391201722 
2596 3.47866201065614 
2597 4.47077279876238 
2598 3.41527642964122 
2599 4.80461309669042 
2600 3.62748548746642 
2601 4.81104822479392 
2602 3.6945954971605195 
2603 4.969196143715 
2604 3.7507499970912 
2605 5.24279732553598 
2606 4.01383989015634 
2607 5.2299128035526 
2608 3.9089578247793595 
2609 5.0296226292143995 
2610 3.90523851259202 
2611 5.0971446247098005 
2612 3.9504060841464996 
2613 5.15554195475694 
2614 4.11652208182684 
2615 5.020513782017639 
2616 3.9751536234053604 
2617 4.9080562832752 
2618 4.01743726162896 
2619 4.75441726094598 
2620 3.87681115664806 
2621 4.82833702819684 
2622 4.14099968102684 
2623 4.6972083493909995 
2624 3.87334712567286 
2625 4.8132311927377796 
2626 3.92581102869606 
2627 5.005966133157321 
2628 3.7169937651582003 
2629 5.13109297520238 
2630 3.76295963209396 
2631 5.07141564274064 
2632 3.6933015260820605 
2633 5.0817497839489 
2634 3.7690740051631204 
2635 5.2200067181275 
2636 3.8626418070555197 
2637 5.1171386829447005 
2638 3.8942673417715605 
2639 5.21261583498954 
2640 3.9968598274781 
2641 5.03470173240482 
2642 3.93418570194858 
2643 5.00399146962804 
2644 3.85019465817046 
2645 5.030592255738 
2646 3.8744530009787397 
2647 5.0863564852506595 
2648 3.8654975348509604 
2649 5.08408992132098 
2650 3.7322074398305 
2651 4.99766272235318 
2652 3.51086280755016 
2653 4.92566812698032 
2654 3.2841610112413795 
2655 4.95485775655876 
2656 3.3246487416429 
2657 4.978389162276001 
2658 3.42614279719938 
2659 4.99619012914876 
2660 3.41244950131676 
2661 5.0290012990493 
2662 3.54162344602162 
2663 5.16144349202418 
2664 3.4860269094112 
2665 5.31246349833982 
2666 3.7222870078998804 
2667 5.28935617622352 
2668 3.90311525828904 
2669 5.30795478971028 
2670 3.9238469002246603 
2671 5.14127537965042 
2672 3.73915993694036 
2673 4.96981003454978 
2674 3.62020016940996 
2675 5.04361581638304 
2676 3.7215884822076397 
2677 5.0069019351374795 
2678 3.77512688751506 
2679 5.09663162198628 
2680 3.8980980532584395 
2681 5.35147944208804 
2682 4.24556334563358 
2683 5.40505324564514 
2684 4.34233174186464 
2685 5.32063405510996 
2686 4.379266208650099 
2687 5.4802267987137 
2688 4.26706803463076 
2689 5.49833072366652 
2690 4.32361655784996 
2691 5.53705421793678 
2692 4.4306650939092 
2693 5.339528236499239 
2694 4.34793961208426 
2695 5.27257914298934 
2696 4.12493899566398 
2697 5.08789868800576 
2698 4.02135415576736 
2699 5.06477599748932 
2700 3.96857165595934 
2701 5.092500821330519 
2702 3.96447279306408 
2703 5.15980334677982 
2704 3.85478070135526 
2705 5.08704076729828 
2706 3.86803330372418 
2707 5.0980255980928195 
2708 3.8624388606515803 
2709 4.79898017417598 
2710 3.64110190043734 
2711 4.73101154956642 
2712 3.6134469318996403 
2713 4.7762280972218 
2714 3.6078130615977004 
2715 4.83550937323778 
2716 3.73305245752628 
2717 4.8154037745561 
2718 3.7323808614018397 
2719 4.9164765065577 
2720 3.8804939016696602 
2721 4.91701102578876 
2722 3.8589300206803 
2723 4.98817925622014 
2724 4.00254698618474 
2725 5.04975591864458 
2726 4.09345059086834 
2727 5.01773429137036 
2728 4.0472002141224 
2729 5.12512703391442 
2730 3.98299235202346 
2731 5.03689236844358 
2732 3.9478260327879395 
2733 5.02270123523372 
2734 4.09167013832594 
2735 4.96749820629576 
2736 3.9390388542801604 
2737 5.08146909496398 
2738 3.9077590103346997 
2739 5.07033896934918 
2740 3.89049956840258 
2741 5.1795731586291 
2742 3.9673727224602 
2743 5.22347092350382 
2744 3.98016587976078 
2745 5.28696048095646 
2746 4.04072976606558 
2747 5.22862068608618 
2748 4.1276591281492 
2749 5.18563990162004 
2750 3.96721860991694 
2751 5.16744438676426 
2752 4.00538989036884 
2753 4.99004741528596 
2754 3.8493360306771 
2755 5.05653482886232 
2756 3.97378100449558 
2757 5.05858242148982 
2758 3.94003598409342 
2759 4.899184130107161 
2760 3.78493960974048 
2761 4.84414468209268 
2762 3.76556901253372 
2763 5.00065876285866 
2764 3.8447236464135996 
2765 5.11956316414192 
2766 3.7476436716889197 
2767 5.2773380293434 
2768 3.7920597155155003 
2769 5.56295033451594 
2770 4.04226263361606 
2771 5.66973670406704 
2772 4.2793304355225 
2773 5.583818675280719 
2774 4.19444685786284 
2775 5.50182485046826 
2776 4.17341878585062 
2777 5.4564434488845 
2778 4.29735829927144 
2779 5.420958163655159 
2780 4.34228418403746 
2781 5.42858362572962 
2782 4.15609425279444 
2783 5.3500739581369405 
2784 3.99753448482114 
2785 5.32328822882638 
2786 3.94600919439182 
2787 5.2400147747843 
2788 3.9345427602914804 
2789 5.23753091324118 
2790 3.8866216598601397 
2791 5.1978725989190995 
2792 3.8146586317807603 
2793 4.98182568617244 
2794 3.7102956706012598 
2795 4.99173157560014 
2796 3.7764748647891997 
2797 4.82220218874314 
2798 3.6944375117223203 
2799 4.594857887544579 
2800 3.5566915256719396 
2801 4.64609756470264 
2802 3.6572924233768602 
2803 4.8686016499282605 
2804 3.7868977655182805 
2805 4.9437110611073996 
2806 3.8365772515177197 
2807 4.96956067080816 
2808 3.6473228621732403 
2809 5.07556194139722 
2810 3.6711150589201997 
2811 5.03424304773624 
2812 3.62063562683842 
2813 4.9088966565711205 
2814 3.5300976039926804 
2815 4.82856742795734 
2816 3.54803714661776 
2817 4.9410026472648 
2818 3.6770599672268602 
2819 4.96193828865734 
2820 3.66171481649108 
2821 4.99098374627342 
2822 3.6385184608210204 
2823 5.0241884958627 
2824 3.6846507336088004 
2825 5.0304612599873 
2826 3.6003060447972404 
2827 4.90731513631334 
2828 3.64279750153174 
2829 4.80128454573302 
2830 3.55190235719866 
2831 4.7926651781239 
2832 3.6101168454368597 
2833 4.79744119682738 
2834 3.7532755675733 
2835 4.78183706961592 
2836 3.81666330825284 
2837 4.7913046935774 
2838 3.7178341247845195 
2839 4.8142390165580204 
2840 3.78423187430038 
2841 4.575941591115781 
2842 3.59618259935376 
2843 4.382410182596059 
2844 3.49228125415026 
2845 4.3489313404674395 
2846 3.2847288925569997 
2847 4.37466919620198 
2848 3.3508991201681604 
2849 4.52704309844584 
2850 3.48760781170636 
2851 4.77348058784046 
2852 3.74544556103764 
2853 4.910141859197 
2854 3.81036819695068 
2855 5.12300873708364 
2856 4.06739263633128 
2857 5.3140558697657 
2858 4.063210530652681 
2859 5.25379875847368 
2860 3.95143771433194 
2861 5.2784922894331405 
2862 3.95490639110594 
2863 5.2240085800108 
2864 3.85344271414226 
2865 5.198877447476621 
2866 3.7600324874356197 
2867 5.04120040496414 
2868 3.98820393015514 
2869 5.02175913609994 
2870 3.96214561254886 
2871 4.90536099240188 
2872 3.8357776753811996 
2873 4.957628262606621 
2874 3.9830877529214197 
2875 4.9953543327275 
2876 3.9495366594443198 
2877 4.96742345529138 
2878 3.83664623972356 
2879 5.03918840895758 
2880 3.9060378050064797 
2881 5.1811730703875805 
2882 4.09524337183342 
2883 5.36532961129746 
2884 4.06658606893366 
2885 5.2977833279693005 
2886 4.17716523496878 
2887 5.43742038140498 
2888 4.125657018036 
2889 5.38898075880576 
2890 4.1367408674816195 
2891 5.1332131347605 
2892 3.84236732399392 
2893 5.17138836982232 
2894 3.86518204267988 
2895 5.052586067043 
2896 3.74864133124264 
2897 5.04607040551604 
2898 3.7300368349463198 
2899 4.92829560862926 
2900 3.5877046132236003 
2901 4.96011868045382 
2902 3.6229900567935998 
2903 4.8192704236359 
2904 3.5848111213198797 
2905 4.78883274908494 
2906 3.5558603251698004 
2907 4.87204482085256 
2908 3.55716185717842 
2909 4.9992677155675 
2910 3.6414570600835803 
2911 5.2266917638495 
2912 3.8988477824038 
2913 5.29312595354462 
2914 3.9344313779749798 
2915 5.3872546907495 
2916 4.0816923707597 
2917 5.33593194735558 
2918 4.1700875989303 
2919 5.38665338080746 
2920 4.28044038804458 
2921 5.3373267726242 
2922 4.14540352905826 
2923 5.21068988103908 
2924 4.0707986474403395 
2925 5.2283115183159 
2926 4.1246876558008605 
2927 5.03672846192738 
2928 4.02647077570846 
2929 5.04108749462696 
2930 4.05095150081604 
2931 5.08431448896918 
2932 4.0122237535219 
2933 5.21775308356232 
2934 4.09330208728026 
2935 5.10731456338372 
2936 3.99844898722528 
2937 5.26552160006936 
2938 3.743741469894 
2939 5.17893534899992 
2940 3.71616712819102 
2941 5.11050962637932 
2942 3.6311215437213002 
2943 5.1240493980074 
2944 3.70388181501648 
2945 5.1767924609122 
2946 3.7212409509667195 
2947 5.16294525444858 
2948 3.88455322319678 
2949 5.1379963000398 
2950 3.82133725839068 
2951 5.0301948838363 
2952 3.84198472058928 
2953 4.96155465197576 
2954 3.78260621209564 
2955 5.00054892628526 
