0 1 
1 0 
2 1 
3 0 
4 1 
5 1 
6 1 
7 1 
8 1 
9 1 
10 1 
11 1 
12 1 
13 1 
14 1 
15 1 
16 1 
17 1 
18 1 
19 1 
20 2 
21 1 
22 2 
23 1 
24 2 
25 1 
26 2 
27 1 
28 2 
29 1 
30 2 
31 1 
32 2 
33 1 
34 2 
35 1 
36 2 
37 1 
38 2 
39 1 
40 2 
41 1 
42 2 
43 1 
44 2 
45 1 
46 2 
47 1 
48 2 
49 1 
50 2 
51 1 
52 2 
53 1 
54 2 
55 2 
56 2 
57 2 
58 2 
59 2 
60 2 
61 2 
62 2 
63 2 
64 2 
65 2 
66 2 
67 2 
68 2 
69 2 
70 2 
71 2 
72 2 
73 2 
74 2 
75 2 
76 2 
77 2 
78 2 
79 2 
80 2 
81 2 
82 2 
83 2 
84 2 
85 2 
86 2 
87 2 
88 2 
89 2 
90 2 
91 2 
92 1 
93 2 
94 1 
95 2 
96 1 
97 2 
98 1 
99 2 
100 2 
101 2 
102 2 
103 2 
104 2 
105 2 
106 2 
107 2 
108 2 
109 2 
110 2 
111 2 
112 2 
113 2 
114 2 
115 2 
116 2 
117 2 
118 2 
119 2 
120 2 
121 2 
122 2 
123 2 
124 2 
125 2 
126 2 
127 2 
128 2 
129 2 
130 2 
131 2 
132 2 
133 2 
134 1 
135 2 
136 1 
137 2 
138 1 
139 1 
140 1 
141 1 
142 1 
143 1 
144 1 
145 1 
146 1 
147 1 
148 1 
149 1 
150 1 
151 1 
152 1 
153 2 
154 1 
155 2 
156 1 
157 2 
158 1 
159 2 
160 1 
161 2 
162 1 
163 2 
164 1 
165 2 
166 1 
167 2 
168 1 
169 2 
170 1 
171 2 
172 1 
173 2 
174 1 
175 2 
176 1 
177 2 
178 1 
179 2 
180 1 
181 2 
182 1 
183 2 
184 1 
185 2 
186 1 
187 2 
188 1 
189 2 
190 2 
191 2 
192 2 
193 2 
194 2 
195 2 
196 2 
197 2 
198 2 
199 2 
200 2 
201 2 
202 2 
203 2 
204 2 
205 2 
206 2 
207 2 
208 2 
209 2 
210 2 
211 2 
212 3 
213 2 
214 3 
215 2 
216 3 
217 2 
218 3 
219 2 
220 3 
221 2 
222 3 
223 1 
224 3 
225 1 
226 3 
227 1 
228 3 
229 1 
230 2 
231 1 
232 2 
233 1 
234 2 
235 1 
236 2 
237 1 
238 2 
239 1 
240 2 
241 1 
242 2 
243 1 
244 2 
245 2 
246 2 
247 2 
248 2 
249 2 
250 2 
251 2 
252 2 
253 2 
254 2 
255 2 
256 2 
257 2 
258 2 
259 2 
260 2 
261 2 
262 3 
263 2 
264 2 
265 2 
266 2 
267 2 
268 2 
269 2 
270 2 
271 2 
272 2 
273 2 
274 2 
275 2 
276 2 
277 2 
278 2 
279 2 
280 2 
281 2 
282 2 
283 2 
284 3 
285 2 
286 3 
287 3 
288 3 
289 3 
290 3 
291 3 
292 3 
293 3 
294 2 
295 3 
296 2 
297 3 
298 2 
299 3 
300 2 
301 3 
302 2 
303 3 
304 2 
305 3 
306 2 
307 2 
308 2 
309 2 
310 2 
311 2 
312 2 
313 2 
314 2 
315 2 
316 2 
317 2 
318 2 
319 2 
320 2 
321 2 
322 2 
323 2 
324 2 
325 2 
326 2 
327 2 
328 2 
329 2 
330 2 
331 2 
332 2 
333 2 
334 2 
335 2 
336 2 
337 2 
338 2 
339 3 
340 2 
341 3 
342 2 
343 3 
344 2 
345 3 
346 2 
347 2 
348 2 
349 2 
350 2 
351 2 
352 2 
353 2 
354 2 
355 2 
356 2 
357 3 
358 2 
359 3 
360 2 
361 3 
362 2 
363 3 
364 2 
365 3 
366 2 
367 3 
368 2 
369 3 
370 2 
371 3 
372 2 
373 3 
374 2 
375 3 
376 2 
377 3 
378 2 
379 3 
380 2 
381 3 
382 2 
383 3 
384 1 
385 3 
386 1 
387 3 
388 1 
389 3 
390 1 
391 2 
392 1 
393 3 
394 1 
395 3 
396 1 
397 3 
398 1 
399 3 
400 1 
401 3 
402 1 
403 3 
404 1 
405 3 
406 1 
407 1 
408 1 
409 3 
410 1 
411 3 
412 1 
413 3 
414 1 
415 3 
416 1 
417 3 
418 1 
419 3 
420 1 
421 3 
422 1 
423 3 
424 1 
425 3 
426 1 
427 3 
428 1 
429 3 
430 1 
431 3 
432 1 
433 3 
434 1 
435 3 
436 1 
437 3 
438 1 
439 3 
440 1 
441 3 
442 1 
443 3 
444 1 
445 3 
446 1 
447 3 
448 1 
449 3 
450 1 
451 3 
452 1 
453 2 
454 1 
455 2 
456 1 
457 2 
458 1 
459 2 
460 1 
461 2 
462 1 
463 2 
464 1 
465 2 
466 1 
467 2 
468 1 
469 2 
470 1 
471 2 
472 2 
473 2 
474 2 
475 2 
476 2 
477 2 
478 2 
479 2 
480 2 
481 2 
482 2 
483 2 
484 2 
485 2 
486 2 
487 2 
488 2 
489 2 
490 2 
491 2 
492 1 
493 2 
494 1 
495 2 
496 1 
497 2 
498 1 
499 2 
500 1 
501 2 
502 1 
503 2 
504 1 
505 2 
506 1 
507 2 
508 1 
509 2 
510 1 
511 2 
512 1 
513 2 
514 1 
515 2 
516 1 
517 2 
518 1 
519 2 
520 1 
521 2 
522 1 
523 2 
524 1 
525 2 
526 1 
527 2 
528 1 
529 2 
530 1 
531 2 
532 2 
533 1 
534 2 
535 1 
536 2 
537 1 
538 2 
539 1 
540 2 
541 1 
542 2 
543 1 
544 2 
545 1 
546 2 
547 1 
548 2 
549 1 
550 2 
551 1 
552 2 
553 2 
554 2 
555 2 
556 2 
557 2 
558 2 
559 2 
560 2 
561 2 
562 2 
563 2 
564 2 
565 2 
566 2 
567 2 
568 2 
569 2 
570 2 
571 2 
572 2 
573 2 
574 2 
575 2 
576 2 
577 2 
578 2 
579 2 
580 2 
581 2 
582 2 
583 2 
584 2 
585 2 
586 2 
587 2 
588 2 
589 2 
590 2 
591 2 
592 2 
593 2 
594 2 
595 2 
596 2 
597 2 
598 2 
599 2 
600 2 
601 2 
602 2 
603 2 
604 2 
605 2 
606 2 
607 2 
608 1 
609 2 
610 1 
611 2 
612 1 
613 2 
614 1 
615 2 
616 1 
617 2 
618 1 
619 2 
620 2 
621 2 
622 2 
623 2 
624 2 
625 2 
626 2 
627 2 
628 2 
629 2 
630 2 
631 2 
632 2 
633 2 
634 2 
635 2 
636 2 
637 2 
638 2 
639 2 
640 1 
641 2 
642 1 
643 2 
644 1 
645 1 
646 1 
647 1 
648 1 
649 1 
650 1 
651 1 
652 1 
653 1 
654 1 
655 1 
656 1 
657 1 
658 1 
659 1 
660 1 
661 1 
662 1 
663 1 
664 2 
665 1 
666 2 
667 1 
668 2 
669 1 
670 2 
671 1 
672 2 
673 1 
674 2 
675 1 
676 2 
677 2 
678 2 
679 2 
680 2 
681 2 
682 3 
683 2 
684 3 
685 2 
686 3 
687 2 
688 2 
689 2 
690 2 
691 2 
692 2 
693 2 
694 2 
695 1 
696 2 
697 1 
698 2 
699 1 
700 2 
701 1 
702 2 
703 1 
704 2 
705 1 
706 2 
707 1 
708 2 
709 1 
710 2 
711 1 
712 2 
713 1 
714 2 
715 1 
716 2 
717 1 
718 2 
719 2 
720 2 
721 2 
722 2 
723 2 
724 2 
725 2 
726 2 
727 2 
728 2 
729 2 
730 2 
731 2 
732 2 
733 2 
734 2 
735 2 
736 2 
737 2 
738 2 
739 2 
740 2 
741 2 
742 2 
743 2 
744 2 
745 2 
746 1 
747 2 
748 1 
749 1 
750 1 
751 1 
752 1 
753 1 
754 1 
755 1 
756 1 
757 1 
758 1 
759 1 
760 1 
761 1 
762 1 
763 1 
764 1 
765 1 
766 1 
767 1 
768 1 
769 1 
770 1 
771 1 
772 1 
773 1 
774 1 
775 1 
776 1 
777 1 
778 1 
779 1 
780 1 
781 2 
782 1 
783 2 
784 1 
785 2 
786 1 
787 2 
788 1 
789 2 
790 1 
791 2 
792 1 
793 2 
794 1 
795 2 
796 2 
797 2 
798 2 
799 1 
800 2 
801 1 
802 2 
803 1 
804 2 
805 2 
806 1 
807 2 
808 1 
809 2 
810 1 
811 2 
812 1 
813 2 
814 1 
815 1 
816 1 
817 1 
818 1 
819 1 
820 1 
821 1 
822 1 
823 1 
824 1 
825 1 
826 1 
827 1 
828 1 
829 1 
830 1 
831 1 
832 1 
833 1 
834 1 
835 1 
836 1 
837 1 
838 1 
839 1 
840 1 
841 1 
842 1 
843 1 
844 1 
845 2 
846 1 
847 2 
848 2 
849 2 
850 2 
851 2 
852 2 
853 2 
854 2 
855 2 
856 2 
857 2 
858 2 
859 2 
860 2 
861 2 
862 2 
863 2 
864 2 
865 1 
866 2 
867 2 
868 2 
869 2 
870 2 
871 2 
872 2 
873 2 
874 2 
875 2 
876 2 
877 2 
878 2 
879 2 
880 2 
881 2 
882 2 
883 2 
884 2 
885 2 
886 2 
887 2 
888 2 
889 2 
890 2 
891 2 
892 2 
893 2 
894 2 
895 2 
896 2 
897 2 
898 2 
899 2 
900 2 
901 2 
902 2 
903 2 
904 2 
905 2 
906 2 
907 2 
908 2 
909 2 
910 2 
911 2 
912 2 
913 2 
914 2 
915 2 
916 2 
917 2 
918 2 
919 2 
920 2 
921 2 
922 2 
923 2 
924 2 
925 2 
926 2 
927 2 
928 2 
929 2 
930 2 
931 2 
932 2 
933 2 
934 2 
935 2 
936 2 
937 2 
938 2 
939 2 
940 2 
941 2 
942 2 
943 2 
944 2 
945 2 
946 2 
947 2 
948 1 
949 2 
950 1 
951 2 
952 1 
953 2 
954 1 
955 2 
956 1 
957 2 
958 1 
959 2 
960 1 
961 2 
962 1 
963 2 
964 1 
965 2 
966 1 
967 2 
968 1 
969 2 
970 1 
971 2 
972 1 
973 2 
974 1 
975 1 
976 1 
977 1 
978 1 
979 1 
980 1 
981 1 
982 1 
983 1 
984 1 
985 2 
986 1 
987 2 
988 1 
989 2 
990 1 
991 2 
992 1 
993 2 
994 1 
995 2 
996 1 
997 2 
998 1 
999 2 
1000 1 
1001 2 
1002 0 
1003 2 
1004 0 
1005 1 
1006 0 
1007 1 
1008 1 
1009 1 
1010 1 
1011 1 
1012 2 
1013 1 
1014 2 
1015 1 
1016 1 
1017 1 
1018 1 
1019 1 
1020 1 
1021 1 
1022 1 
1023 1 
1024 1 
1025 1 
1026 1 
1027 1 
1028 1 
1029 1 
1030 2 
1031 1 
1032 2 
1033 2 
1034 2 
1035 2 
1036 2 
1037 2 
1038 2 
1039 2 
1040 1 
1041 2 
1042 1 
1043 1 
1044 1 
1045 1 
1046 1 
1047 1 
1048 1 
1049 1 
1050 1 
1051 1 
1052 1 
1053 1 
1054 1 
1055 1 
1056 1 
1057 1 
1058 1 
1059 1 
1060 1 
1061 2 
1062 1 
1063 2 
1064 1 
1065 2 
1066 1 
1067 2 
1068 1 
1069 2 
1070 1 
1071 2 
1072 1 
1073 2 
1074 1 
1075 2 
1076 1 
1077 2 
1078 1 
1079 2 
1080 1 
1081 2 
1082 1 
1083 2 
1084 1 
1085 2 
1086 1 
1087 2 
1088 1 
1089 2 
1090 1 
1091 1 
1092 1 
1093 1 
1094 1 
1095 1 
1096 1 
1097 1 
1098 1 
1099 1 
1100 1 
1101 1 
1102 1 
1103 1 
1104 2 
1105 1 
1106 2 
1107 2 
1108 2 
1109 2 
1110 2 
1111 2 
1112 1 
1113 2 
1114 2 
1115 2 
1116 2 
1117 2 
1118 2 
1119 2 
1120 2 
1121 2 
1122 2 
1123 2 
1124 2 
1125 1 
1126 2 
1127 2 
1128 2 
1129 2 
1130 2 
1131 2 
1132 2 
1133 2 
1134 1 
1135 1 
1136 1 
1137 1 
1138 1 
1139 1 
1140 1 
1141 1 
1142 1 
1143 1 
1144 1 
1145 1 
1146 2 
1147 2 
1148 2 
1149 2 
1150 2 
1151 2 
1152 2 
1153 2 
1154 2 
1155 2 
1156 2 
1157 2 
1158 2 
1159 1 
1160 2 
1161 1 
1162 2 
1163 1 
1164 2 
1165 1 
1166 2 
1167 1 
1168 2 
1169 1 
1170 2 
1171 2 
1172 2 
1173 2 
1174 2 
1175 2 
1176 2 
1177 2 
1178 2 
1179 2 
1180 2 
1181 2 
1182 2 
1183 2 
1184 2 
1185 2 
1186 1 
1187 2 
1188 1 
1189 2 
1190 1 
1191 1 
1192 1 
1193 1 
1194 2 
1195 2 
1196 2 
1197 2 
1198 2 
1199 2 
1200 2 
1201 2 
1202 2 
1203 2 
1204 1 
1205 1 
1206 1 
1207 1 
1208 1 
1209 1 
1210 1 
1211 1 
1212 1 
1213 1 
1214 1 
1215 1 
1216 2 
1217 1 
1218 2 
1219 2 
1220 2 
1221 2 
1222 2 
1223 2 
1224 2 
1225 2 
1226 2 
1227 2 
1228 2 
1229 1 
1230 2 
1231 1 
1232 2 
1233 1 
1234 2 
1235 1 
1236 1 
1237 2 
1238 1 
1239 2 
1240 1 
1241 2 
1242 2 
1243 2 
1244 2 
1245 2 
1246 2 
1247 2 
1248 2 
1249 2 
1250 2 
1251 2 
1252 1 
1253 2 
1254 1 
1255 2 
1256 1 
1257 1 
1258 2 
1259 2 
1260 2 
1261 2 
1262 2 
1263 2 
1264 2 
1265 2 
1266 2 
1267 2 
1268 2 
1269 1 
1270 2 
1271 1 
1272 2 
1273 2 
1274 2 
1275 2 
1276 2 
1277 2 
1278 1 
1279 2 
1280 1 
1281 2 
1282 1 
1283 2 
1284 1 
1285 1 
1286 1 
1287 1 
1288 1 
1289 1 
1290 1 
1291 2 
1292 1 
1293 2 
1294 1 
1295 2 
1296 1 
1297 2 
1298 1 
1299 2 
1300 1 
1301 1 
1302 1 
1303 1 
1304 1 
1305 1 
1306 1 
1307 1 
1308 1 
1309 1 
1310 1 
1311 1 
1312 1 
1313 1 
1314 1 
1315 1 
1316 1 
1317 1 
1318 1 
1319 1 
1320 1 
1321 1 
1322 1 
1323 1 
1324 1 
1325 1 
1326 1 
1327 1 
1328 1 
1329 1 
1330 1 
1331 1 
1332 1 
1333 1 
1334 1 
1335 1 
1336 1 
1337 1 
1338 1 
1339 1 
1340 1 
1341 1 
1342 1 
1343 1 
1344 1 
1345 1 
1346 1 
1347 2 
1348 1 
1349 2 
1350 1 
1351 2 
1352 1 
1353 2 
1354 1 
1355 2 
1356 1 
1357 1 
1358 2 
1359 1 
1360 2 
1361 2 
1362 2 
1363 2 
1364 2 
1365 2 
1366 2 
1367 2 
1368 2 
1369 2 
1370 2 
1371 2 
1372 2 
1373 2 
1374 2 
1375 2 
1376 2 
1377 2 
1378 1 
1379 2 
1380 1 
1381 2 
1382 1 
1383 2 
1384 1 
1385 2 
1386 2 
1387 2 
1388 2 
1389 2 
1390 2 
1391 1 
1392 2 
1393 1 
1394 2 
1395 1 
1396 2 
1397 1 
1398 2 
1399 1 
1400 2 
1401 1 
1402 2 
1403 1 
1404 2 
1405 1 
1406 2 
1407 1 
1408 2 
1409 1 
1410 2 
1411 1 
1412 2 
1413 1 
1414 2 
1415 2 
1416 2 
1417 2 
1418 2 
1419 2 
1420 2 
1421 2 
1422 2 
1423 2 
1424 2 
1425 1 
1426 2 
1427 1 
1428 2 
1429 2 
1430 2 
1431 2 
1432 2 
1433 2 
1434 2 
1435 2 
1436 2 
1437 2 
1438 2 
1439 1 
1440 2 
1441 1 
1442 2 
1443 1 
1444 2 
1445 1 
1446 1 
1447 2 
1448 1 
1449 2 
1450 1 
1451 2 
1452 1 
1453 2 
1454 1 
1455 2 
1456 1 
1457 1 
1458 1 
1459 1 
1460 1 
1461 1 
1462 1 
1463 1 
1464 1 
1465 1 
1466 1 
1467 1 
1468 1 
1469 1 
1470 1 
1471 2 
1472 1 
1473 2 
1474 1 
1475 2 
1476 1 
1477 2 
1478 1 
1479 2 
1480 0 
1481 1 
1482 0 
1483 1 
1484 1 
1485 1 
1486 1 
1487 1 
1488 1 
1489 1 
1490 1 
1491 1 
1492 1 
1493 1 
1494 1 
1495 1 
1496 1 
1497 1 
1498 1 
1499 2 
1500 1 
1501 2 
1502 1 
1503 2 
1504 1 
1505 1 
1506 1 
1507 2 
1508 1 
1509 2 
1510 1 
1511 2 
1512 1 
1513 2 
1514 1 
1515 2 
1516 1 
1517 2 
1518 1 
1519 2 
1520 1 
1521 2 
1522 1 
1523 2 
1524 1 
1525 2 
1526 1 
1527 2 
1528 1 
1529 2 
1530 1 
1531 2 
1532 1 
1533 2 
1534 2 
1535 2 
1536 2 
1537 2 
1538 2 
1539 2 
1540 2 
1541 2 
1542 2 
1543 2 
1544 2 
1545 2 
1546 2 
1547 2 
1548 2 
1549 2 
1550 2 
1551 2 
1552 2 
1553 2 
1554 2 
1555 2 
1556 2 
1557 2 
1558 2 
1559 2 
1560 2 
1561 2 
1562 2 
1563 2 
1564 2 
1565 2 
1566 2 
1567 2 
1568 2 
1569 2 
1570 2 
1571 1 
1572 2 
1573 1 
1574 2 
1575 1 
1576 2 
1577 1 
1578 2 
1579 2 
1580 2 
1581 2 
1582 2 
1583 2 
1584 2 
1585 2 
1586 2 
1587 2 
1588 2 
1589 2 
1590 2 
1591 2 
1592 2 
1593 2 
1594 2 
1595 2 
1596 2 
1597 2 
1598 2 
1599 2 
1600 2 
1601 2 
1602 2 
1603 2 
1604 2 
1605 2 
1606 2 
1607 2 
1608 2 
1609 2 
1610 2 
1611 2 
1612 2 
1613 1 
1614 2 
1615 1 
1616 2 
1617 1 
1618 1 
1619 1 
1620 1 
1621 1 
1622 1 
1623 1 
1624 1 
1625 1 
1626 1 
1627 1 
1628 1 
1629 1 
1630 1 
1631 1 
1632 2 
1633 1 
1634 2 
1635 1 
1636 2 
1637 1 
1638 2 
1639 1 
1640 2 
1641 1 
1642 2 
1643 1 
1644 2 
1645 1 
1646 2 
1647 1 
1648 2 
1649 1 
1650 2 
1651 1 
1652 2 
1653 1 
1654 2 
1655 1 
1656 2 
1657 1 
1658 2 
1659 1 
1660 2 
1661 1 
1662 2 
1663 1 
1664 2 
1665 1 
1666 2 
1667 1 
1668 2 
1669 2 
1670 2 
1671 2 
1672 2 
1673 2 
1674 2 
1675 2 
1676 2 
1677 2 
1678 2 
1679 2 
1680 2 
1681 2 
1682 2 
1683 2 
1684 2 
1685 2 
1686 2 
1687 2 
1688 2 
1689 2 
1690 2 
1691 3 
1692 2 
1693 3 
1694 2 
1695 3 
1696 2 
1697 3 
1698 2 
1699 3 
1700 2 
1701 3 
1702 1 
1703 3 
1704 1 
1705 3 
1706 1 
1707 3 
1708 1 
1709 2 
1710 1 
1711 2 
1712 1 
1713 2 
1714 1 
1715 2 
1716 1 
1717 2 
1718 1 
1719 2 
1720 1 
1721 2 
1722 1 
1723 2 
1724 2 
1725 2 
1726 2 
1727 2 
1728 2 
1729 2 
1730 2 
1731 2 
1732 2 
1733 2 
1734 2 
1735 2 
1736 2 
1737 2 
1738 2 
1739 3 
1740 2 
1741 2 
1742 2 
1743 2 
1744 2 
1745 2 
1746 2 
1747 2 
1748 2 
1749 2 
1750 2 
1751 2 
1752 2 
1753 2 
1754 2 
1755 2 
1756 2 
1757 2 
1758 2 
1759 2 
1760 2 
1761 3 
1762 2 
1763 3 
1764 3 
1765 3 
1766 3 
1767 3 
1768 3 
1769 3 
1770 3 
1771 2 
1772 3 
1773 2 
1774 3 
1775 2 
1776 3 
1777 2 
1778 3 
1779 2 
1780 3 
1781 2 
1782 3 
1783 2 
1784 2 
1785 2 
1786 2 
1787 2 
1788 2 
1789 2 
1790 2 
1791 2 
1792 2 
1793 2 
1794 2 
1795 2 
1796 2 
1797 2 
1798 2 
1799 2 
1800 2 
1801 2 
1802 2 
1803 2 
1804 2 
1805 2 
1806 2 
1807 2 
1808 2 
1809 2 
1810 2 
1811 2 
1812 2 
1813 2 
1814 2 
1815 2 
1816 3 
1817 2 
1818 3 
1819 2 
1820 3 
1821 2 
1822 3 
1823 2 
1824 2 
1825 2 
1826 2 
1827 2 
1828 2 
1829 2 
1830 2 
1831 2 
1832 2 
1833 2 
1834 3 
1835 2 
1836 3 
1837 2 
1838 3 
1839 2 
1840 3 
1841 2 
1842 3 
1843 2 
1844 3 
1845 2 
1846 3 
1847 2 
1848 3 
1849 2 
1850 3 
1851 2 
1852 3 
1853 2 
1854 3 
1855 2 
1856 3 
1857 2 
1858 3 
1859 2 
1860 3 
1861 1 
1862 3 
1863 1 
1864 3 
1865 1 
1866 3 
1867 1 
1868 2 
1869 1 
1870 3 
1871 1 
1872 3 
1873 1 
1874 3 
1875 1 
1876 3 
1877 1 
1878 3 
1879 1 
1880 3 
1881 1 
1882 3 
1883 1 
1884 3 
1885 1 
1886 3 
1887 1 
1888 3 
1889 1 
1890 3 
1891 1 
1892 3 
1893 1 
1894 3 
1895 1 
1896 3 
1897 1 
1898 3 
1899 1 
1900 3 
1901 1 
1902 3 
1903 1 
1904 3 
1905 1 
1906 3 
1907 1 
1908 3 
1909 1 
1910 3 
1911 1 
1912 3 
1913 1 
1914 3 
1915 1 
1916 3 
1917 1 
1918 3 
1919 1 
1920 3 
1921 1 
1922 3 
1923 1 
1924 3 
1925 1 
1926 3 
1927 1 
1928 2 
1929 1 
1930 2 
1931 1 
1932 2 
1933 1 
1934 2 
1935 1 
1936 2 
1937 1 
1938 2 
1939 1 
1940 2 
1941 1 
1942 2 
1943 1 
1944 2 
1945 1 
1946 2 
1947 2 
1948 2 
1949 2 
1950 2 
1951 2 
1952 2 
1953 2 
1954 2 
1955 2 
1956 2 
1957 2 
1958 2 
1959 2 
1960 2 
1961 2 
1962 2 
1963 2 
1964 2 
1965 2 
1966 2 
1967 1 
1968 2 
1969 1 
1970 2 
1971 1 
1972 2 
1973 1 
1974 2 
1975 1 
1976 2 
1977 1 
1978 2 
1979 1 
1980 2 
1981 1 
1982 2 
1983 1 
1984 2 
1985 1 
1986 2 
1987 1 
1988 2 
1989 1 
1990 2 
1991 1 
1992 2 
1993 1 
1994 2 
1995 1 
1996 2 
1997 1 
1998 2 
1999 1 
2000 2 
2001 1 
2002 2 
2003 1 
2004 2 
2005 1 
2006 2 
2007 2 
2008 1 
2009 2 
2010 1 
2011 2 
2012 1 
2013 2 
2014 1 
2015 1 
2016 1 
2017 2 
2018 1 
2019 2 
2020 1 
2021 2 
2022 1 
2023 2 
2024 1 
2025 2 
2026 1 
2027 2 
2028 1 
2029 2 
2030 2 
2031 2 
2032 2 
2033 2 
2034 2 
2035 2 
2036 2 
2037 2 
2038 2 
2039 2 
2040 2 
2041 2 
2042 2 
2043 2 
2044 2 
2045 2 
2046 2 
2047 2 
2048 2 
2049 2 
2050 2 
2051 2 
2052 2 
2053 2 
2054 2 
2055 2 
2056 2 
2057 2 
2058 2 
2059 2 
2060 2 
2061 2 
2062 2 
2063 2 
2064 2 
2065 2 
2066 2 
2067 2 
2068 2 
2069 2 
2070 2 
2071 2 
2072 2 
2073 2 
2074 2 
2075 2 
2076 2 
2077 2 
2078 2 
2079 2 
2080 2 
2081 2 
2082 2 
2083 2 
2084 2 
2085 1 
2086 2 
2087 1 
2088 2 
2089 1 
2090 2 
2091 1 
2092 2 
2093 1 
2094 2 
2095 1 
2096 2 
2097 2 
2098 2 
2099 2 
2100 2 
2101 2 
2102 2 
2103 2 
2104 2 
2105 2 
2106 2 
2107 2 
2108 2 
2109 2 
2110 2 
2111 2 
2112 2 
2113 2 
2114 2 
2115 2 
2116 2 
2117 1 
2118 2 
2119 1 
2120 2 
2121 1 
2122 1 
2123 1 
2124 1 
2125 1 
2126 1 
2127 1 
2128 1 
2129 1 
2130 1 
2131 1 
2132 1 
2133 1 
2134 1 
2135 1 
2136 1 
2137 1 
2138 1 
2139 1 
2140 1 
2141 2 
2142 1 
2143 2 
2144 1 
2145 2 
2146 1 
2147 2 
2148 1 
2149 2 
2150 1 
2151 2 
2152 1 
2153 2 
2154 2 
2155 2 
2156 2 
2157 2 
2158 2 
2159 3 
2160 2 
2161 3 
2162 2 
2163 3 
2164 2 
2165 2 
2166 2 
2167 2 
2168 2 
2169 2 
2170 2 
2171 2 
2172 1 
2173 2 
2174 1 
2175 2 
2176 1 
2177 2 
2178 1 
2179 2 
2180 1 
2181 2 
2182 1 
2183 2 
2184 1 
2185 2 
2186 1 
2187 2 
2188 1 
2189 2 
2190 1 
2191 2 
2192 1 
2193 2 
2194 1 
2195 2 
2196 2 
2197 2 
2198 2 
2199 2 
2200 2 
2201 2 
2202 2 
2203 2 
2204 2 
2205 2 
2206 2 
2207 2 
2208 2 
2209 2 
2210 2 
2211 2 
2212 2 
2213 2 
2214 2 
2215 2 
2216 2 
2217 2 
2218 2 
2219 2 
2220 2 
2221 2 
2222 2 
2223 1 
2224 2 
2225 1 
2226 1 
2227 1 
2228 1 
2229 1 
2230 1 
2231 1 
2232 1 
2233 1 
2234 1 
2235 1 
2236 1 
2237 1 
2238 1 
2239 1 
2240 1 
2241 1 
2242 1 
2243 1 
2244 1 
2245 1 
2246 1 
2247 1 
2248 1 
2249 1 
2250 1 
2251 1 
2252 1 
2253 1 
2254 1 
2255 1 
2256 1 
2257 1 
2258 2 
2259 1 
2260 2 
2261 1 
2262 2 
2263 1 
2264 2 
2265 1 
2266 2 
2267 1 
2268 2 
2269 1 
2270 2 
2271 1 
2272 2 
2273 2 
2274 2 
2275 2 
2276 1 
2277 2 
2278 1 
2279 2 
2280 1 
2281 2 
2282 2 
2283 1 
2284 2 
2285 1 
2286 2 
2287 1 
2288 2 
2289 1 
2290 2 
2291 1 
2292 1 
2293 1 
2294 1 
2295 1 
2296 1 
2297 1 
2298 1 
2299 1 
2300 1 
2301 1 
2302 1 
2303 1 
2304 1 
2305 1 
2306 1 
2307 1 
2308 1 
2309 1 
2310 1 
2311 1 
2312 1 
2313 1 
2314 1 
2315 1 
2316 1 
2317 1 
2318 1 
2319 1 
2320 1 
2321 1 
2322 2 
2323 1 
2324 2 
2325 2 
2326 2 
2327 2 
2328 2 
2329 2 
2330 2 
2331 2 
2332 2 
2333 2 
2334 2 
2335 2 
2336 2 
2337 2 
2338 2 
2339 2 
2340 2 
2341 2 
2342 1 
2343 2 
2344 2 
2345 2 
2346 2 
2347 2 
2348 2 
2349 2 
2350 2 
2351 2 
2352 2 
2353 2 
2354 2 
2355 2 
2356 2 
2357 2 
2358 2 
2359 2 
2360 2 
2361 2 
2362 2 
2363 2 
2364 2 
2365 2 
2366 2 
2367 2 
2368 2 
2369 2 
2370 2 
2371 2 
2372 2 
2373 2 
2374 2 
2375 2 
2376 2 
2377 2 
2378 2 
2379 2 
2380 2 
2381 2 
2382 2 
2383 2 
2384 2 
2385 2 
2386 2 
2387 2 
2388 2 
2389 2 
2390 2 
2391 2 
2392 2 
2393 2 
2394 2 
2395 2 
2396 2 
2397 2 
2398 2 
2399 2 
2400 2 
2401 2 
2402 2 
2403 2 
2404 2 
2405 2 
2406 2 
2407 2 
2408 2 
2409 2 
2410 2 
2411 2 
2412 2 
2413 2 
2414 2 
2415 2 
2416 2 
2417 2 
2418 2 
2419 2 
2420 2 
2421 2 
2422 2 
2423 2 
2424 2 
2425 1 
2426 2 
2427 1 
2428 2 
2429 1 
2430 2 
2431 1 
2432 2 
2433 1 
2434 2 
2435 1 
2436 2 
2437 1 
2438 2 
2439 1 
2440 2 
2441 1 
2442 2 
2443 1 
2444 2 
2445 1 
2446 2 
2447 1 
2448 2 
2449 1 
2450 2 
2451 1 
2452 1 
2453 1 
2454 1 
2455 1 
2456 1 
2457 1 
2458 1 
2459 1 
2460 1 
2461 1 
2462 2 
2463 1 
2464 2 
2465 1 
2466 2 
2467 1 
2468 2 
2469 1 
2470 2 
2471 1 
2472 2 
2473 1 
2474 2 
2475 1 
2476 2 
2477 1 
2478 2 
2479 0 
2480 2 
2481 0 
2482 1 
2483 0 
2484 1 
2485 1 
2486 1 
2487 1 
2488 1 
2489 2 
2490 1 
2491 2 
2492 1 
2493 1 
2494 1 
2495 1 
2496 1 
2497 1 
2498 1 
2499 1 
2500 1 
2501 1 
2502 1 
2503 1 
2504 1 
2505 1 
2506 1 
2507 2 
2508 1 
2509 2 
2510 2 
2511 2 
2512 2 
2513 2 
2514 2 
2515 2 
2516 2 
2517 1 
2518 2 
2519 1 
2520 1 
2521 1 
2522 1 
2523 1 
2524 1 
2525 1 
2526 1 
2527 1 
2528 1 
2529 1 
2530 1 
2531 1 
2532 1 
2533 1 
2534 1 
2535 1 
2536 1 
2537 1 
2538 2 
2539 1 
2540 2 
2541 1 
2542 2 
2543 1 
2544 2 
2545 1 
2546 2 
2547 1 
2548 2 
2549 1 
2550 2 
2551 1 
2552 2 
2553 1 
2554 2 
2555 1 
2556 2 
2557 1 
2558 2 
2559 1 
2560 2 
2561 1 
2562 2 
2563 1 
2564 2 
2565 1 
2566 2 
2567 1 
2568 1 
2569 1 
2570 1 
2571 1 
2572 1 
2573 1 
2574 1 
2575 1 
2576 1 
2577 1 
2578 1 
2579 1 
2580 1 
2581 2 
2582 1 
2583 2 
2584 2 
2585 2 
2586 2 
2587 2 
2588 2 
2589 1 
2590 2 
2591 2 
2592 2 
2593 2 
2594 2 
2595 2 
2596 2 
2597 2 
2598 2 
2599 2 
2600 2 
2601 2 
2602 1 
2603 2 
2604 2 
2605 2 
2606 2 
2607 2 
2608 2 
2609 2 
2610 2 
2611 1 
2612 1 
2613 1 
2614 1 
2615 1 
2616 1 
2617 1 
2618 1 
2619 1 
2620 1 
2621 1 
2622 1 
2623 2 
2624 2 
2625 2 
2626 2 
2627 2 
2628 2 
2629 2 
2630 2 
2631 2 
2632 2 
2633 2 
2634 2 
2635 2 
2636 1 
2637 2 
2638 1 
2639 2 
2640 1 
2641 2 
2642 1 
2643 2 
2644 1 
2645 2 
2646 1 
2647 2 
2648 2 
2649 2 
2650 2 
2651 2 
2652 2 
2653 2 
2654 2 
2655 2 
2656 2 
2657 2 
2658 2 
2659 2 
2660 2 
2661 2 
2662 2 
2663 1 
2664 2 
2665 1 
2666 2 
2667 1 
2668 1 
2669 1 
2670 1 
2671 2 
2672 2 
2673 2 
2674 2 
2675 2 
2676 2 
2677 2 
2678 2 
2679 2 
2680 2 
2681 1 
2682 1 
2683 1 
2684 1 
2685 1 
2686 1 
2687 1 
2688 1 
2689 1 
2690 1 
2691 1 
2692 1 
2693 2 
2694 1 
2695 2 
2696 2 
2697 2 
2698 2 
2699 2 
2700 2 
2701 2 
2702 2 
2703 2 
2704 2 
2705 2 
2706 1 
2707 2 
2708 1 
2709 2 
2710 1 
2711 2 
2712 1 
2713 1 
2714 2 
2715 1 
2716 2 
2717 1 
2718 2 
2719 2 
2720 2 
2721 2 
2722 2 
2723 2 
2724 2 
2725 2 
2726 2 
2727 2 
2728 2 
2729 1 
2730 2 
2731 1 
2732 2 
2733 1 
2734 1 
2735 2 
2736 2 
2737 2 
2738 2 
2739 2 
2740 2 
2741 2 
2742 2 
2743 2 
2744 2 
2745 2 
2746 1 
2747 2 
2748 1 
2749 2 
2750 2 
2751 2 
2752 2 
2753 2 
2754 2 
2755 1 
2756 2 
2757 1 
2758 2 
2759 1 
2760 2 
2761 1 
2762 1 
2763 1 
2764 1 
2765 1 
2766 1 
2767 1 
2768 2 
2769 1 
2770 2 
2771 1 
2772 2 
2773 1 
2774 2 
2775 1 
2776 2 
2777 1 
2778 1 
2779 1 
2780 1 
2781 1 
2782 1 
2783 1 
2784 1 
2785 1 
2786 1 
2787 1 
2788 1 
2789 1 
2790 1 
2791 1 
2792 1 
2793 1 
2794 1 
2795 1 
2796 1 
2797 1 
2798 1 
2799 1 
2800 1 
2801 1 
2802 1 
2803 1 
2804 1 
2805 1 
2806 1 
2807 1 
2808 1 
2809 1 
2810 1 
2811 1 
2812 1 
2813 1 
2814 1 
2815 1 
2816 1 
2817 1 
2818 1 
2819 1 
2820 1 
2821 1 
2822 1 
2823 1 
2824 2 
2825 1 
2826 2 
2827 1 
2828 2 
2829 1 
2830 2 
2831 1 
2832 2 
2833 1 
2834 1 
2835 2 
2836 1 
2837 2 
2838 2 
2839 2 
2840 2 
2841 2 
2842 2 
2843 2 
2844 2 
2845 2 
2846 2 
2847 2 
2848 2 
2849 2 
2850 2 
2851 2 
2852 2 
2853 2 
2854 2 
2855 1 
2856 2 
2857 1 
2858 2 
2859 1 
2860 2 
2861 1 
2862 2 
2863 2 
2864 2 
2865 2 
2866 2 
2867 2 
2868 1 
2869 2 
2870 1 
2871 2 
2872 1 
2873 2 
2874 1 
2875 2 
2876 1 
2877 2 
2878 1 
2879 2 
2880 1 
2881 2 
2882 1 
2883 2 
2884 1 
2885 2 
2886 1 
2887 2 
2888 1 
2889 2 
2890 1 
2891 2 
2892 2 
2893 2 
2894 2 
2895 2 
2896 2 
2897 2 
2898 2 
2899 2 
2900 2 
2901 2 
2902 1 
2903 2 
2904 1 
2905 2 
2906 2 
2907 2 
2908 2 
2909 2 
2910 2 
2911 2 
2912 2 
2913 2 
2914 2 
2915 2 
2916 1 
2917 2 
2918 1 
2919 2 
2920 1 
2921 2 
2922 1 
2923 1 
2924 2 
2925 1 
2926 2 
2927 1 
2928 2 
2929 1 
2930 2 
2931 1 
2932 2 
2933 1 
2934 1 
2935 1 
2936 1 
2937 1 
2938 1 
2939 1 
2940 1 
2941 1 
2942 1 
2943 1 
2944 1 
2945 1 
2946 1 
2947 1 
2948 2 
2949 1 
2950 2 
2951 1 
2952 2 
2953 1 
2954 2 
2955 1 
