0 3.11256522950398 
1 3.53020595690802 
2 3.2142410940153603 
3 3.6004872587539998 
4 3.3585236994927596 
5 3.50522982668918 
6 3.43572355676992 
7 3.4095147151365195 
8 3.33020252942836 
9 3.2249725675733005 
10 3.2645432508837997 
11 3.08101033107716 
12 3.3675707492003397 
13 3.09020080252144 
14 3.36259818711916 
15 3.2252059066693803 
16 3.4177249812538797 
17 3.4562104593797 
18 3.609054029173 
19 3.72790738414196 
20 3.7050702156582 
21 3.96612456786256 
22 3.67894124097828 
23 4.05220976337986 
24 3.6857094151621403 
25 4.026962150662181 
26 3.72840825657754 
27 3.96610997419916 
28 3.7109913739046805 
29 3.9213016072162397 
30 3.7877334126850997 
31 3.9200821548674596 
32 3.8398801258579605 
33 3.97045035561204 
34 3.8845396454499204 
35 4.00480264381094 
36 3.84389063093598 
37 4.02064472823438 
38 3.88579170556306 
39 4.02482767175348 
40 3.82007304996056 
41 3.9668062726307802 
42 3.728091597283 
43 3.9104917950633995 
44 3.71566270563628 
45 3.8973301345567797 
46 3.91250705888334 
47 3.9731855447190596 
48 3.8622996752586602 
49 3.8903596564972402 
50 3.9888703760526396 
51 3.9611253860583604 
52 3.86032075268002 
53 4.05947340571936 
54 3.8910262124025 
55 4.13599353639552 
56 3.76824509347338 
57 4.26788103051554 
58 3.8215856931781405 
59 4.30314523944852 
60 3.7856088837087 
61 4.28638174094992 
62 3.99130272536092 
63 4.21547622974458 
64 4.1272556038165 
65 4.195694842505381 
66 4.11320855139264 
67 4.15317618247566 
68 4.2419121950697 
69 4.2942267497255795 
70 4.41419421401946 
71 4.37858615408714 
72 4.29164859750796 
73 4.3500223524205195 
74 4.10059622237922 
75 4.24155338082154 
76 4.12620363129234 
77 4.25087887623694 
78 4.1442892012182595 
79 4.35267440326046 
80 4.13555373140982 
81 4.43384951310512 
82 4.13476373432308 
83 4.53331882597708 
84 4.34762230536522 
85 4.8346154139176 
86 4.34762230536522 
87 4.8450713057414 
88 4.4215014555628205 
89 4.8450713057414 
90 4.4215014555628205 
91 4.85 
92 4.48429084062846 
93 4.85 
94 4.41984578110526 
95 4.74615521128054 
96 4.4296308715295805 
97 4.66768056056198 
98 4.37370548989226 
99 4.56421108416314 
100 4.34201828558278 
101 4.56421108416314 
102 4.34311896411498 
103 4.56421108416314 
104 4.33843527213724 
105 4.49658034221342 
106 4.361419607983541 
107 4.4984246295634005 
108 4.41516523612008 
109 4.4364720055129 
110 4.42224196516774 
111 4.3810286429554 
112 4.49601204559956 
113 4.3810286429554 
114 4.39402387929962 
115 4.34410394868898 
116 4.15470509637448 
117 4.17293027207084 
118 4.03915516286656 
119 4.0332275883744 
120 4.06376563812836 
121 4.0886709509319 
122 4.150641209713941 
123 4.0886709509319 
124 4.31436482766778 
125 4.21636143306046 
126 4.4767174880069 
127 4.2945794755057 
128 4.6111010477706005 
129 4.3066182218076 
130 4.6111010477706005 
131 4.3066182218076 
132 4.6640170788307005 
133 4.3066182218076 
134 4.64285676577046 
135 4.3459678937203 
136 4.53963356457412 
137 4.2861395443385595 
138 4.5373476655321 
139 4.33064923202834 
140 4.566839501002621 
141 4.3396631708677 
142 4.566839501002621 
143 4.350592092318999 
144 4.545784751143239 
145 4.32441600782758 
146 4.4993538110718 
147 4.23661349852538 
148 4.48280608385804 
149 4.32838904589888 
150 4.4497239386495 
151 4.27952703381926 
152 4.4497239386495 
153 4.16775109359912 
154 4.3664574459089405 
155 4.09470129082062 
156 4.412145238135301 
157 4.0870640260380195 
158 4.3204759230738 
159 3.95093557848704 
160 4.324066232811839 
161 3.9907836517273205 
162 4.2314908658008 
163 3.95527027902762 
164 4.38095428626726 
165 4.03969066433676 
166 4.4365835556727395 
167 4.16434743170436 
168 4.40911236715668 
169 4.1753716639378 
170 4.42895530144988 
171 4.1753716639378 
172 4.26718885509172 
173 4.31173205540632 
174 4.1194667016734 
175 4.186698675351581 
176 4.0113084960608605 
177 4.0651890148457 
178 3.9614720905990195 
179 3.9501380488276405 
180 3.94162915630584 
181 3.9501380488276405 
182 4.19597096967502 
183 3.9501380488276405 
184 4.175762767581 
185 3.94562981158384 
186 4.2329202208946 
187 4.0093499094117595 
188 4.401897129934 
189 4.19823837065602 
190 4.401897129934 
191 4.19823837065602 
192 4.401897129934 
193 4.08425567714048 
194 4.47861191209448 
195 4.16673044719868 
196 4.5274162591188 
197 4.16669476717734 
198 4.34855870985284 
199 4.13421738397816 
200 4.2858166468748795 
201 4.10936374440094 
202 4.19093166978252 
203 4.17432930606722 
204 4.2855557256351196 
205 4.1733767147133 
206 4.2898160679798405 
207 4.203720588151279 
208 4.27832295983984 
209 4.2242572340223 
210 4.21071996151936 
211 4.27014962634254 
212 4.3056049386117206 
213 4.14304405118226 
214 4.2691870850971 
215 4.15471334252786 
216 4.14432234545284 
217 4.02491417994154 
218 4.05807171031174 
219 3.9035627112866003 
220 4.05171504129938 
221 3.6759871905911403 
222 4.05171504129938 
223 3.8521098976006796 
224 4.14789534716688 
225 3.74437820920476 
226 4.2349752162840195 
227 3.78724856831428 
228 4.32056771273284 
229 3.9190320436557 
230 4.45726944304364 
231 4.115152067881359 
232 4.47015806328338 
233 4.115152067881359 
234 4.4640023383729 
235 4.25556127436598 
236 4.4395859918481 
237 4.2390076933767 
238 4.39769357881304 
239 4.25005730911616 
240 4.27461152892728 
241 4.14862038525586 
242 4.26172290868754 
243 4.08873545665924 
244 4.16467169680614 
245 3.9629747219287403 
246 4.40746883732426 
247 4.099395313210939 
248 4.60465265579626 
249 4.15944719951626 
250 4.7453994126304995 
251 4.27130086710334 
252 4.7453994126304995 
253 4.2759406766471795 
254 4.83194731628718 
255 4.38601592920362 
256 4.66895350738274 
257 4.31740346040754 
258 4.58545865994542 
259 4.30107654722032 
260 4.4395345032518 
261 4.2527527899318205 
262 4.45261076424738 
263 4.30799790898458 
264 4.36961119919816 
265 4.19982889435156 
266 4.35642899760872 
267 4.150285737509661 
268 4.3183239782439005 
269 4.14966220251946 
270 4.446583427989021 
271 4.19798595980796 
272 4.43350716699344 
273 4.04763266391756 
274 4.51650673204266 
275 4.1559915346767395 
276 4.65585735993858 
277 4.28253876363138 
278 4.74513214959066 
279 4.3402332019402 
280 4.66217249774256 
281 4.31404591538438 
282 4.52064664439462 
283 4.4643992112748005 
284 4.52064664439462 
285 4.392019324248119 
286 4.38048170617976 
287 4.2506671317044 
288 4.202865135774941 
289 4.06259252129906 
290 4.28582478762304 
291 4.08877980785488 
292 4.42735064097098 
293 4.11107963064304 
294 4.29405728780194 
295 4.0358612628073205 
296 4.2744500411658795 
297 4.05564950260682 
298 4.2403340568958 
299 4.03461539349436 
300 4.12111425513476 
301 3.8829502677801004 
302 4.095540290916221 
303 3.8455667265925597 
304 4.2071284844855 
305 4.05714643065526 
306 4.2298719567426195 
307 4.08972191326702 
308 4.46308884069388 
309 4.22505710546182 
310 4.58230864245494 
311 4.37672223117606 
312 4.6078826066734795 
313 4.26412418010456 
314 4.5787967090294 
315 4.20979413978636 
316 4.67953288910042 
317 4.37625267833692 
318 4.7260910276354 
319 4.27429680355386 
320 4.7260910276354 
321 4.27429680355386 
322 4.6780540066407 
323 4.13386018394128 
324 4.5790975547696 
325 4.08186713678376 
326 4.613295147929319 
327 4.03504316269628 
328 4.56887346240608 
329 3.99316021476128 
330 4.59367914243406 
331 3.8328865604024003 
332 4.64171616342876 
333 3.8852860047494198 
334 4.57401515337434 
335 3.8601730942161603 
336 4.52949726006062 
337 3.9087846778949 
338 4.57391894558386 
339 4.0022155493232 
340 4.51053656206236 
341 4.01862197967758 
342 4.50540433433382 
343 4.0217791988814 
344 4.51353611523426 
345 4.16520220241336 
346 4.48494707745388 
347 4.0722734914301 
348 4.37203410843226 
349 4.0428434747547595 
350 4.24167914988746 
351 3.9134722516322 
352 4.03972677150324 
353 4.0504240384293 
354 4.0052731776009205 
355 4.15866825611986 
356 3.9430545891962803 
357 4.26984614581146 
358 4.055967558217899 
359 4.44709431421784 
360 4.22489922025622 
361 4.56946625823998 
362 4.431983826369001 
363 4.28018007895678 
364 4.47088531382336 
365 4.25123500077496 
366 4.47884521186828 
367 4.23119821247534 
368 4.3333401783527 
369 4.202870130974 
370 4.3333401783527 
371 4.21047394898366 
372 3.9773599451344603 
373 4.39518256106984 
374 3.90643123878598 
375 4.44436139626604 
376 3.88664191235112 
377 4.47343917375828 
378 4.0463712978028 
379 4.57586134347884 
380 3.9468665382803003 
381 4.6274805679402595 
382 4.05667273515496 
383 4.67627217345476 
384 4.06359812956064 
385 4.52189086967234 
386 4.11368015083872 
387 4.46069613523956 
388 4.0994557989026195 
389 4.46069613523956 
390 4.1399027868451395 
391 4.3556929872726595 
392 4.1469878158641595 
393 4.148201268247901 
394 4.3081783476357405 
395 4.28234881501594 
396 4.12545671437598 
397 4.1739032179349795 
398 4.12788837080744 
399 4.18286125627128 
400 4.1869461423874395 
401 4.17830793774722 
402 4.30525884087374 
403 4.2380158805349195 
404 4.36794667204858 
405 4.2380158805349195 
406 4.49045870819862 
407 4.37857843455642 
408 4.3848355445057 
409 4.258561062633 
410 4.3848355445057 
411 4.23999547271354 
412 4.3905055340782395 
413 4.30897151359424 
414 4.284752769574601 
415 4.29333420794348 
416 4.1792945556791405 
417 4.30829386551288 
418 4.17419255731202 
419 4.4121551941878 
420 4.17419255731202 
421 4.4143290558592 
422 4.06943301327712 
423 4.2650273798623 
424 4.22017957149398 
425 4.039601953455859 
426 4.19019838296822 
427 3.8712327272366402 
428 4.04045984657298 
429 3.797094968174 
430 4.04045984657298 
431 3.75214023553142 
432 3.9858457340891 
433 3.70318102159914 
434 3.9022637820451203 
435 3.6452686136393404 
436 3.9243377388178 
437 3.8270467180163004 
438 3.914663640564 
439 3.8898384206795598 
440 3.914663640564 
441 3.95962049131006 
442 4.0021835722287795 
443 4.10145678011534 
444 4.085765524272761 
445 4.242513325965421 
446 4.0938943779907 
447 4.14358791298312 
448 4.12454956045924 
449 4.16213197429468 
450 4.10542791851376 
451 4.2069332033708795 
452 4.12024161195468 
453 4.34828536703188 
454 4.1015715756781805 
455 4.3561111226624 
456 4.2003722317719205 
457 4.427736912466139 
458 4.4015321910032394 
459 4.427736912466139 
460 4.37340364708672 
461 4.38469635964006 
462 4.29418398449952 
463 4.38099197336632 
464 4.15706071714404 
465 4.4138423750065 
466 4.0774239069610205 
467 4.41277346245794 
468 4.025920063743699 
469 4.23669226407848 
470 4.0731702496057 
471 4.3333043323883 
472 4.0434978270709205 
473 4.31355223215342 
474 4.01921725971186 
475 4.31911697488256 
476 4.029390781255399 
477 4.31911697488256 
478 4.116785623050481 
479 4.495198173262 
480 4.116785623050481 
481 4.486757024650339 
482 4.23723591646204 
483 4.53159107018058 
484 4.18482601243242 
485 4.45674303763146 
486 4.04908779593012 
487 4.19891165095936 
488 4.04908779593012 
489 4.19891165095936 
490 3.96150059764854 
491 4.2876925694645 
492 3.95980389866992 
493 4.27267477957926 
494 4.02345633899844 
495 4.3245514785117996 
496 4.24090987881444 
497 4.58238286518392 
498 4.24090987881444 
499 4.58238286518392 
500 4.1435075144881 
501 4.61301845567952 
502 3.9409760948901003 
503 4.3983786724103 
504 3.8328430294724596 
505 4.20694957136212 
506 3.7010162309117596 
507 4.306483547842641 
508 3.57191383210246 
509 4.16902029677918 
510 3.5599992037834602 
511 3.96154269400414 
512 3.6985048686957 
513 4.0799028269618 
514 3.7442465809142 
515 4.0799028269618 
516 3.85478876257242 
517 3.97831788747404 
518 3.9402447602409403 
519 4.0051124729743 
520 4.09835324906504 
521 4.14885776648124 
522 4.29525743999196 
523 4.31606408478334 
524 4.37358163674368 
525 4.40140045279054 
526 4.39519559009392 
527 4.57454680315432 
528 4.42092884988898 
529 4.6229570708450405 
530 4.3919227598742 
531 4.61667502840154 
532 4.3919227598742 
533 4.640362525310421 
534 4.203341452823279 
535 4.450224669202219 
536 4.06451661533982 
537 4.317470976136621 
538 4.08185115697488 
539 4.18550035327084 
540 3.9250326686563595 
541 4.07766975151446 
542 3.8638519747264395 
543 3.83985780532794 
544 4.02074001655048 
545 3.99700635175 
546 3.9347734978001 
547 3.83613068528064 
548 3.8250251123054197 
549 3.82801281316532 
550 3.7892575468083995 
551 3.81662796079912 
552 3.53328481431664 
553 3.6983018767543796 
554 3.5143847593864996 
555 3.64206688109818 
556 3.76072154459618 
557 4.02398596373334 
558 3.8508089064635 
559 4.15556262389856 
560 4.03032870543616 
561 4.18781997571204 
562 4.33557779475518 
563 4.3781365963579395 
564 4.27617638438368 
565 4.38714766658318 
566 4.24459494604412 
567 4.1451998570044 
568 4.28214347256348 
569 4.166834811392841 
570 4.29520972740638 
571 4.17303021666846 
572 4.30711406450906 
573 4.252390604589101 
574 4.20931343163102 
575 4.3446014956192 
576 4.17107287353748 
577 4.3404933978517395 
578 4.054868426115361 
579 4.31885844346328 
580 4.0000693373063 
581 4.3599161933298 
582 3.77609875808992 
583 4.27107711634694 
584 3.8777654583774797 
585 4.3889390468392 
586 3.72919081253402 
587 4.20448543660964 
588 3.6828086824634396 
589 3.97148092172864 
590 3.4800930961330403 
591 3.9210158825187 
592 3.50157653364732 
593 3.9720522063839603 
594 3.6155043537245803 
595 3.8573276115844797 
596 3.83867790078842 
597 3.99704048767654 
598 3.9913937325136404 
599 4.05589614250426 
600 4.24890840765308 
601 4.14606612888118 
602 4.33473204425052 
603 4.11759753016714 
604 4.38339805038924 
605 4.23232212496662 
606 4.405422109301361 
607 4.2961725906209 
608 4.3167627228688605 
609 4.352724595020559 
610 4.34278006804156 
611 4.3758870403052805 
612 4.27847955700386 
613 4.29728632544794 
614 4.20547224833178 
615 4.28410526993682 
616 4.16915273644224 
617 4.224845058223201 
618 4.0088130149327 
619 3.99961454830184 
620 3.73904543432092 
621 3.69102306371632 
622 3.9200094504632803 
623 3.65568011781224 
624 3.82818110043062 
625 3.6688611733233403 
626 3.75542489153296 
627 3.65880124126024 
628 3.9298575956662196 
629 3.85819020949008 
630 4.17360783110532 
631 4.14361924879088 
632 4.17360783110532 
633 4.12033911681458 
634 4.12033911681458 
635 4.27112047580048 
636 4.04057344396036 
637 4.12624788448068 
638 4.11305318151854 
639 4.11425819057836 
640 4.12256993423318 
641 4.10964981917994 
642 4.06668798340154 
643 3.8803830306875597 
644 4.06668798340154 
645 3.92293398646242 
646 4.1120216128869 
647 3.95547372743066 
648 4.03605274548022 
649 3.9031656962594803 
650 4.07393340244158 
651 3.89341739926248 
652 4.02494232468968 
653 3.97789651883106 
654 4.022784244634 
655 4.0413661338860996 
656 3.9766346451997796 
657 4.03599753338484 
658 4.205235794959799 
659 4.1394734112811005 
660 4.23215108599954 
661 4.169465021360081 
662 4.0571031614654 
663 4.0563995617935 
664 4.00289608398742 
665 4.07015886125398 
666 4.04632742295264 
667 4.184710807367059 
668 3.8965793723805198 
669 4.26118790705712 
670 3.88723488501712 
671 4.22893208524096 
672 3.9494353109841804 
673 4.22462538439214 
674 3.9540358905961597 
675 4.24663509268306 
676 4.04626885731626 
677 4.22047131399014 
678 3.98467326684674 
679 4.22185681521252 
680 4.064584245266881 
681 4.15500008430394 
682 4.12464798768856 
683 4.2681095973265 
684 4.20230927076124 
685 4.2544730703361 
686 4.0939633392324195 
687 4.28378635376876 
688 4.16380041138442 
689 4.33586098368388 
690 4.18748559813334 
691 4.37877271086494 
692 4.16551997910942 
693 4.42140865825398 
694 4.19289198824914 
695 4.248464966266701 
696 4.28090704965812 
697 4.248464966266701 
698 4.2491459041635995 
699 4.113548331031501 
700 4.2491459041635995 
701 4.13356089139974 
702 4.17321932732506 
703 3.96281437084044 
704 4.1258161109742 
705 4.14677981848498 
706 4.125729244222 
707 4.14677981848498 
708 3.9582556739059798 
709 4.14072549461998 
710 4.08948353180128 
711 4.29151990815754 
712 4.1414448387344205 
713 4.3108342661784 
714 4.15050400090062 
715 4.3131562036969395 
716 4.1213285371505 
717 4.150583989654541 
718 4.1149820398391395 
719 4.06757054951986 
720 3.94409087076048 
721 3.9084529922360405 
722 3.92786571289422 
723 3.9557710264424 
724 3.84478446600446 
725 3.87877971907274 
726 3.8509607628097 
727 3.8717868622450196 
728 4.0346824778018995 
729 4.005211929025441 
730 4.0412049993911 
731 4.0013357284483595 
732 4.077134586168301 
733 4.02373747580566 
734 4.062817525692401 
735 3.97796273678444 
736 3.94763547665618 
737 3.91289814063348 
738 3.8579352652432197 
739 3.77426382356012 
740 3.8588529721476 
741 3.7850136253779603 
742 3.8356823843406196 
743 3.7679716880121803 
744 3.96777391018164 
745 3.88841579688454 
746 4.04154211492276 
747 4.1230454639056 
748 4.09706172370918 
749 4.15881697752762 
750 4.17209339896274 
751 4.26263353139164 
752 4.09044750743446 
753 4.11993080100122 
754 3.9030202680440196 
755 3.9095146659665403 
756 3.9712962884380802 
757 3.9095146659665403 
758 3.8700642015066995 
759 4.01611046572458 
760 3.76079155066964 
761 3.9086960612480603 
762 3.78719043827274 
763 3.9331462463476 
764 3.8259505847568 
765 4.02684432910686 
766 3.7873464842816396 
767 4.02684432910686 
768 3.70117600769822 
769 4.0077663913551 
770 3.74467549110272 
771 4.03337247028606 
772 3.7578888892902595 
773 4.10072738296384 
774 3.91020681790598 
775 4.21744543523928 
776 3.90004577687398 
777 4.0805910259711 
778 3.93533956171214 
779 4.04605448421562 
780 3.99735596056676 
781 4.05364833230412 
782 4.004876015402781 
783 4.18458541751882 
784 3.92427613163866 
785 4.18458541751882 
786 3.89451018250802 
787 4.3214398267870004 
788 4.0403889279512 
789 4.218493439160239 
790 4.1088191186436 
791 4.30324704344944 
792 4.157926194494641 
793 4.27057056911624 
794 4.19742934069566 
795 4.21315454831352 
796 4.15490327550004 
797 4.1180753382363395 
798 4.061892756579541 
799 4.16683088047494 
800 4.07236608651826 
801 4.2060649694005 
802 4.01619773879738 
803 4.05446757782262 
804 3.91822362564942 
805 3.9793949447435404 
806 3.9981348126236 
807 4.07447415482072 
808 3.9840675525635803 
809 4.20184203932678 
810 3.9043508667422997 
811 4.10980243381012 
812 3.98944476649248 
813 4.346262185742161 
814 3.98412072561092 
815 4.3409219763880795 
816 3.9097667003934804 
817 4.1823074640439 
818 3.7590551855705003 
819 3.9422764839467197 
820 3.63312168412102 
821 3.87516149485894 
822 3.4926868266585798 
823 3.6326567434270602 
824 3.4728718031092596 
825 3.7704856066629198 
826 3.51714262818778 
827 3.9233393279766 
828 3.8054409104864595 
829 4.05268988878376 
830 3.9813729427273996 
831 4.23147577261138 
832 3.9317507714171 
833 4.26707800519554 
834 4.0959606865590406 
835 4.1271813375792 
836 4.1209594739675 
837 4.13294212860972 
838 4.05660167529354 
839 4.206996955429441 
840 3.9842547523146004 
841 4.11908639930094 
842 4.04533862491784 
843 4.08479789013892 
844 3.90365571277554 
845 4.13740672919722 
846 3.9226289565122796 
847 4.13740672919722 
848 3.83262854373676 
849 4.09374380044708 
850 3.85342499216244 
851 4.05935057201806 
852 3.93111273437966 
853 4.160056220750841 
