0 11.60847351611064 
1 20.84468012146091 
2 18.39582812506853 
3 12.18643841268181 
4 28.56260299906024 
5 13.405428901083798 
6 12.193701249807397 
7 13.541020442424164 
8 15.454553493787676 
9 21.567206236245088 
10 27.57125014790371 
11 12.856577100153876 
12 16.976657775547128 
13 20.099888342047127 
14 11.31458137194867 
15 20.119846881505858 
16 14.008563508232857 
17 9.404437747762291 
18 20.048104315240042 
19 18.795642451591508 
20 18.70244576728424 
21 8.07340607983123 
22 12.832464945800991 
23 18.325420855561234 
24 21.663338722089943 
25 11.186212671988223 
26 12.93572085047588 
27 12.327450248500329 
28 18.654865524802414 
29 15.654710629054291 
30 15.212186275932105 
31 11.757214577440903 
32 11.992120198424612 
33 26.85488910515802 
34 12.959061725648679 
35 11.15764551904297 
36 15.458255783526393 
37 17.67324976298325 
38 11.21348729150013 
39 27.734236140499366 
40 19.647660626955723 
41 27.316092141168504 
42 4.983175575892873 
43 9.56263137975532 
44 22.278132469325968 
45 11.190122244692148 
46 22.136333889252466 
47 10.256677116600724 
48 10.054280550188654 
49 13.717275843122891 
50 13.241853093646013 
51 19.080195610144433 
52 29.631044641154073 
53 8.813636822109403 
54 8.865950790563964 
55 12.397666073529324 
56 8.69532696330357 
57 14.636075275758706 
58 12.785134471942717 
59 8.500525924319591 
60 9.907906143921158 
61 24.191394624524168 
62 14.639804537521815 
63 9.627935056319567 
