0 3.190002076891295 
1 3.079055098460867 
2 3.0061686454895202 
3 3.3380822728923447 
4 3.4799509265977653 
5 3.321436547785571 
6 3.4492997226866033 
7 3.42818798616472 
8 3.045495469514817 
9 4.081533566977201 
10 3.6482488882564197 
11 4.122485102609712 
12 3.518437317646774 
13 3.779680922424581 
14 4.004995111493559 
15 3.9832606005399542 
16 3.029095211917423 
17 3.326112310854686 
18 3.3460541255393776 
19 3.714811986438878 
20 3.5941410550711863 
21 3.071547828768624 
22 3.048663713579339 
23 4.075979032987312 
24 3.663902117102489 
25 3.9015724953141855 
26 4.215212620227618 
27 4.242207908332601 
28 2.8382026093073955 
29 4.102921152756981 
30 3.3210347902407182 
31 3.58617903020169 
32 3.319529044017843 
33 3.206332594247911 
34 2.493715761236624 
35 3.6729676196942282 
36 3.4116272264892817 
37 3.7461493818551204 
38 2.974735673218258 
39 4.305117626225455 
40 2.8987506223535213 
41 3.678268333875428 
42 3.5766772675342455 
43 3.5136207890529128 
44 3.307233066027707 
45 3.702316996125418 
46 4.08216425411914 
47 3.6669211237747326 
48 3.5920624237417034 
49 3.6008850135032024 
50 3.0182204863712077 
51 3.963090817406658 
52 3.054676744877783 
53 3.8241533537296317 
54 3.6485784803381422 
55 4.0176935366597535 
56 2.542279072846773 
57 4.032192117552414 
58 3.6797190562944415 
59 3.7185962133759807 
60 3.4326780810646143 
61 3.7686869934103857 
62 2.7652440811702266 
63 4.116497921268472 
