0 1.0600491070878566 
1 1.061047247727417 
2 1.6121234782365967 
3 1.548801916865645 
4 2.551303853061728 
5 2.4127978703585136 
6 2.7570964932591835 
7 2.7030640967393667 
8 3.1249822683579485 
9 2.827978676057539 
10 3.1817025938042987 
11 2.5695474904735383 
12 3.4407586821455554 
13 2.824949413473369 
14 2.501910155304398 
15 2.630330122356046 
16 2.9314701991323 
17 2.970581231411905 
18 2.8121570233625923 
19 3.1074108950175314 
20 2.827753101578228 
21 2.8313687631145186 
22 2.945658177582726 
23 2.5995275732830545 
24 2.8016237711367173 
25 2.8848336630318703 
26 2.8730185442868574 
27 2.939555327731006 
28 3.1795080222117367 
29 2.5143920142238647 
30 2.7244275128648554 
31 2.8504351614251475 
32 2.942050488857262 
33 3.0766302287842917 
34 2.714950742187316 
35 2.8814419432456098 
36 2.8670897880665422 
37 2.873660039428901 
38 2.5793841691056123 
39 2.995052113556407 
40 3.213299969665242 
41 3.057111132305637 
42 3.0090362328903053 
43 3.022760051245977 
44 2.9265976906710014 
45 2.9868098395112703 
46 3.130514253757312 
47 2.5567842318478355 
48 2.7770948634978456 
49 2.76171774454256 
50 2.8710711253545926 
51 2.7488959068077525 
52 2.817522550530345 
53 2.4431038845328947 
54 2.75354057860651 
55 2.875873692655884 
56 2.731452510021018 
57 3.251373497987449 
58 2.692040352724777 
59 2.8880696030641513 
60 2.9736626665561507 
61 3.1040277627347277 
62 2.937674460042167 
63 2.997908784603833 
64 2.774352406033259 
65 2.915375182404028 
66 2.924660379382293 
67 2.685591787160335 
68 3.075859951796618 
69 3.0432614599374275 
70 2.996854414957942 
71 2.9905219101906884 
72 2.660311923514712 
73 2.6069297369984405 
74 3.1059524526164983 
75 2.803235215133007 
76 2.555525828560177 
77 2.6538272066175947 
78 3.0999195477145522 
79 2.8573475471480125 
80 2.617188307424584 
81 2.7414173345536756 
82 3.0557790637712654 
83 3.006495996616973 
84 2.954338102165852 
85 2.8989180818665305 
86 2.9570571212304557 
87 2.766868580081053 
88 3.1318460823801555 
89 3.0574230972356196 
90 2.824952054849437 
91 2.7530088884667907 
92 3.2705425315540606 
93 2.9924941029366092 
94 3.0790522483692775 
95 2.8756727769238806 
96 2.422973981530445 
97 2.67231522797028 
98 2.422973981530445 
99 2.673547417734598 
100 3.054782389460065 
101 2.616181076875249 
102 2.6118989024971246 
103 2.8436485922725163 
104 2.807790265752718 
105 2.8150708160406666 
106 2.918424166625453 
107 2.6589719037336783 
108 2.902290128235556 
109 3.1305565811103984 
110 3.013366431294867 
111 2.7006753058165636 
112 2.9474025085167654 
113 3.296058104049358 
114 2.715959355686347 
115 2.741276331267125 
116 3.1690549954191454 
117 2.8069234578159015 
118 2.7980208966377313 
119 2.621617533332241 
120 2.922746126947619 
121 2.988130534122943 
122 2.7575839436135894 
123 2.6902454111953307 
124 2.690956973099 
125 2.8591062487814822 
126 2.754077302970324 
127 2.990317529569182 
128 2.998295199791517 
129 2.765444439579179 
130 2.989148520172126 
131 2.8855591316959073 
132 2.6665113311391604 
133 2.8409040184935286 
134 2.5748894720943425 
135 2.660016546858297 
136 3.0948916158694635 
137 3.0957076508832246 
138 2.9109929939067554 
139 2.864118060312692 
140 2.974979719968699 
141 3.1514416966849095 
142 2.8733568535473744 
143 2.81512641766377 
144 3.1831033888388465 
145 2.9379554616589125 
146 3.326372197840346 
147 2.689763662291658 
148 3.2060998982188553 
149 2.8395445743446612 
150 3.463313418162355 
151 2.660496427086031 
152 2.9477814409857457 
153 2.9447051106240467 
154 2.6775146991890417 
155 2.8152514593872993 
156 3.0141917211616223 
157 3.0963903163136157 
158 2.9614098681522636 
159 3.1789768019176927 
160 3.039567331334175 
161 2.9855612822407007 
162 2.4973497327589262 
163 2.91073015102881 
164 2.867939306414225 
165 2.9369779968830403 
166 3.093224100114142 
167 2.4554544931108166 
168 2.8116147492996486 
169 3.1291249643144634 
170 2.757668695739842 
171 3.010823653638502 
172 2.622719689522842 
173 2.7347830780986615 
174 2.786422416557445 
175 3.13415496059331 
176 2.9701006194784796 
177 3.071563644070251 
178 3.147564729188262 
179 2.6653574770355233 
180 2.9576827116300297 
181 2.7098417656611717 
182 2.7032755901610974 
183 2.754151925908152 
184 3.03642446180678 
185 2.9921101054041443 
186 3.1986666977174636 
187 2.602249530279929 
188 2.9513082651112534 
189 2.9738494149622365 
190 2.7392995116008945 
191 2.804079653196697 
192 2.6903524492868995 
193 2.4999741340122847 
194 2.5506529874499435 
195 2.7498737094054375 
196 2.64988679411988 
197 2.7539290685343056 
198 2.986649028421138 
199 2.874428774334485 
200 2.5993261678994735 
201 2.876750975421263 
