0 0.8548113564221239 
1 0.856579500355226 
2 0.92397539973666 
3 0.921105348428236 
4 0.99678156855421 
5 0.990559506042084 
6 1.070770927477984 
7 1.060343322180454 
8 1.141833975058844 
9 1.1263561852933361 
10 1.206164632751358 
11 1.212252538229484 
12 1.217775334601612 
13 1.284046176031358 
14 1.284776316529542 
15 1.36523826330367 
16 1.38549339222685 
17 1.470936306143472 
18 1.4851447050439641 
19 1.546004088240028 
20 1.5512661475499239 
21 1.61273057410872 
22 1.6319648971515441 
23 1.6742647285515377 
24 1.678491000594212 
25 1.739866823160676 
26 1.7489060927939062 
27 1.760407321250072 
28 1.7850260265317999 
29 1.8348867148987877 
30 1.861818146805718 
31 1.89736926159976 
32 1.906349031863818 
33 1.888355547836138 
34 1.8869723786116679 
35 1.894777689828802 
36 1.879109580504848 
37 1.894707294847576 
38 1.8774686303009058 
39 1.8979671092836419 
40 1.8794268566293781 
41 1.879708441391342 
42 1.8612956519728439 
43 1.872276795430824 
44 1.848936849400412 
45 1.8734613808012122 
46 1.846067099425748 
47 1.8752642045892958 
48 1.850700958164202 
49 1.8691996141236182 
50 1.8450357508441961 
51 1.875755612355912 
52 1.87219780017418 
53 1.876838444000816 
54 1.8829864364122302 
55 1.874084877389078 
56 1.8859131672758298 
57 1.87270263635225 
58 1.8870298815624138 
59 1.8629167685990642 
60 1.889457263548742 
61 1.865699000909352 
62 1.87419330563672 
63 1.877880971678768 
64 1.8906183560088898 
65 1.8764200335287178 
66 1.88550179499418 
67 1.882191815504786 
68 1.89048339068108 
69 1.8730495581832423 
70 1.879058891597844 
71 1.8600710778155558 
72 1.8708098965310618 
73 1.8396526381168261 
74 1.840765115540972 
75 1.8236219435610341 
76 1.827471904987172 
77 1.8085269382407638 
78 1.80574435899639 
79 1.807018662070682 
80 1.8046401786041142 
81 1.8190761685753682 
82 1.806327976314328 
83 1.819361584293406 
84 1.813338417326286 
85 1.811395313599704 
86 1.821099842709654 
87 1.80875755625527 
88 1.83380151994543 
89 1.80608167674154 
90 1.829474436899292 
91 1.810386029749732 
92 1.8521655083529018 
93 1.8489695637249 
94 1.869540251241844 
95 1.879149729837902 
96 1.895075348895174 
97 1.8966590586820882 
98 1.908628690991706 
99 1.920027149263004 
100 1.9326148945405461 
101 1.9265924795442722 
102 1.9179944917151321 
103 1.89674043448121 
104 1.8964650355363422 
105 1.885651119934994 
106 1.88256614612378 
107 1.8667314260202659 
108 1.854582966448366 
109 1.8406910114761739 
110 1.82737809048039 
111 1.827273653870774 
112 1.8307029390446719 
113 1.808505517441428 
114 1.8371868163064982 
115 1.80044539622574 
116 1.848162660766476 
117 1.780468422633018 
118 1.8583383427122118 
119 1.7813299594631542 
120 1.886404374131216 
121 1.74210167906269 
122 1.870717075081 
123 1.783871038607444 
124 1.887532279859244 
125 1.800793216523552 
126 1.8762233031956779 
127 1.8254564392230042 
128 1.8772890227972021 
129 1.8413343334886079 
130 1.861230060733322 
131 1.8880364244702161 
132 1.877534967644134 
133 1.8680557167593679 
134 1.85377523498038 
135 1.8419765096017962 
136 1.847531117052214 
137 1.8589296930020058 
138 1.861170674104234 
139 1.856578940332716 
140 1.8568561454253618 
141 1.8584620210795801 
142 1.860359839623284 
143 1.8675544996110323 
144 1.878556907245854 
145 1.8929214527344862 
146 1.898947225491798 
147 1.8958606295732419 
148 1.8958739772446918 
149 1.8964529814953799 
150 1.9021316893651938 
151 1.883659341549142 
152 1.88623571478919 
153 1.871412483194184 
154 1.8608863222744478 
155 1.8345767662574861 
156 1.825720043815678 
157 1.809530385936504 
158 1.803755334527714 
159 1.821057393311864 
160 1.8137530562096942 
161 1.840629666596324 
162 1.838780244333206 
163 1.835084560103848 
164 1.844636769222068 
165 1.8395202923923102 
166 1.857197145258286 
167 1.8454532447400862 
168 1.8584590224910742 
169 1.8532640721185938 
170 1.858160313807856 
171 1.8313066670403182 
172 1.826284210619842 
173 1.835406847688328 
174 1.8171586770722399 
175 1.874742185417348 
176 1.830926053879748 
177 1.881508812519024 
178 1.841450410194622 
179 1.8727714759226881 
180 1.846410011216682 
181 1.8776200947674782 
182 1.859949926046046 
183 1.8892639676622198 
184 1.8818888266741118 
185 1.855884689099194 
186 1.8665432026561242 
187 1.8481393823637742 
188 1.8626973158863538 
189 1.8393047674018739 
190 1.8544536153759001 
191 1.8566032844560059 
192 1.8566032844560059 
193 1.8407694882553258 
194 1.8621806521384658 
195 1.8538665918891422 
196 1.864274992534344 
197 1.84099203218023 
198 1.851571822471876 
199 1.834475298727784 
200 1.845472166593174 
201 1.809906222117668 
202 1.82195803826149 
203 1.818612476148082 
204 1.82195803826149 
205 1.7992407499806142 
206 1.807022830784136 
207 1.805271222256394 
208 1.806467846571908 
209 1.79480401194565 
210 1.80420142068606 
211 1.792692383200776 
212 1.811629486634282 
213 1.7703156920905918 
214 1.785647465148714 
215 1.7937856894431399 
216 1.8041313194417579 
217 1.801363649066366 
218 1.815164889740234 
219 1.8290032896025021 
220 1.847081874981924 
221 1.8505182999748961 
222 1.8568284229460001 
223 1.854095787745998 
224 1.876440237565872 
225 1.861719200300556 
226 1.8967374733270659 
227 1.8813975446105822 
228 1.908612749243812 
229 1.851493587945022 
230 1.8724825553829159 
231 1.8714118248944938 
232 1.896238785026696 
233 1.87093792585956 
234 1.8805459814504282 
235 1.8611309628247799 
236 1.8517373169561 
237 1.8521288136701082 
238 1.8436517416887561 
239 1.8514935227311842 
240 1.853693508482948 
241 1.83321017549085 
242 1.829030980344348 
243 1.8377069322135 
244 1.8352506299955522 
245 1.8660907446642843 
246 1.8550693860880039 
247 1.865946457157048 
248 1.8589423276624661 
249 1.879170801875788 
250 1.8665909597609762 
251 1.876027809742808 
252 1.861798023650304 
253 1.8811425368564598 
254 1.8697314320392882 
255 1.876898277545692 
256 1.865643943613528 
257 1.8692605143269598 
258 1.8541738274567858 
259 1.8691056098138918 
260 1.835743478777474 
261 1.8810859503568562 
262 1.83034278726807 
263 1.8729814339843682 
264 1.81548393907588 
265 1.860991401455004 
266 1.8197766741885382 
267 1.863836523393782 
268 1.8361444531004298 
269 1.8423479247089698 
270 1.8388713836941442 
271 1.837778671063988 
272 1.857843782378256 
273 1.834983112434016 
274 1.852233600997414 
275 1.8430041434665299 
276 1.862365393897642 
277 1.855216158258194 
278 1.863833158786002 
279 1.8646536374302278 
280 1.869530590238222 
281 1.8577147856422598 
282 1.862327335998756 
283 1.8726523963619002 
284 1.8812496019556442 
285 1.872979216076304 
286 1.87403624887645 
287 1.8374710601963637 
288 1.841791932498126 
289 1.8490898996015581 
290 1.853234408453338 
291 1.851815502503484 
292 1.8557073273867382 
293 1.8297005532659782 
294 1.8369299066218658 
295 1.8112047755785021 
296 1.818600608888858 
297 1.802730762666966 
298 1.81335402355881 
299 1.8159459184208782 
300 1.824509361933838 
301 1.807379910803436 
302 1.80971379920795 
303 1.8274810554541439 
304 1.8359039850536678 
305 1.8231570227851919 
306 1.8382081365972902 
307 1.8190053097836798 
308 1.8390584925580602 
309 1.8316399807516182 
310 1.852971410231986 
311 1.8540806861678942 
312 1.867687208042306 
313 1.857817910074322 
314 1.862727461202386 
315 1.8735013637052742 
316 1.876520516113888 
317 1.846117529924486 
318 1.8438303478068518 
319 1.807630494972542 
320 1.81421916329218 
321 1.805635240295126 
322 1.8324700879812201 
323 1.799066066158708 
324 1.826852161956292 
325 1.7905052747494001 
326 1.8139332031056319 
327 1.815127376561676 
328 1.837055898955742 
329 1.8719010407751242 
330 1.89661081050642 
331 1.8689698863826798 
332 1.884752534124424 
333 1.874639003477964 
334 1.8893533822642339 
335 1.870279879193244 
336 1.888293583422774 
337 1.856449465241552 
338 1.886863641976604 
339 1.8761397593622617 
340 1.892922157674768 
341 1.8674623418835778 
342 1.893731370511442 
343 1.86637079437116 
344 1.89257411451465 
345 1.8502854442341001 
346 1.877827273824496 
347 1.8371519815909578 
348 1.8635861332905201 
349 1.836222970220756 
350 1.8493564074192779 
351 1.837885905639388 
352 1.8396611933715898 
353 1.8411969334027378 
354 1.823787125690608 
355 1.859211471825936 
356 1.8329321068454139 
357 1.857140577545452 
358 1.8249890684739398 
359 1.860498069618438 
360 1.8323325232499499 
361 1.8707633988691739 
362 1.842927521378654 
363 1.8716521740651662 
364 1.8681798989261718 
365 1.8648042607623658 
366 1.8670278593301362 
367 1.862538324680682 
368 1.875336742807328 
369 1.860359127858136 
370 1.864895602229808 
371 1.849754976276376 
372 1.8514074691003721 
373 1.8356117041494262 
374 1.82886899172812 
375 1.8522739797430758 
376 1.841872436128036 
377 1.860521458494858 
378 1.836423846686802 
379 1.8421828850308142 
380 1.822544498897346 
381 1.833359521761152 
382 1.815416960575758 
383 1.8193121558699221 
384 1.813819469803948 
385 1.805183755793474 
386 1.806864353100332 
387 1.8121900802698299 
388 1.8229825611997381 
389 1.8114753760190159 
390 1.82752378030081 
391 1.811611373737522 
392 1.8277328359615659 
393 1.833988130896468 
394 1.8452501778956019 
395 1.846763136780734 
396 1.8534552583931259 
397 1.8758791105964838 
398 1.884482397380862 
399 1.8655418537047619 
400 1.8731972530928442 
401 1.8902986143863418 
402 1.886439742955142 
403 1.906905864470692 
404 1.9002593725311923 
405 1.903430313630026 
406 1.891758985105272 
407 1.894286683865668 
408 1.8656745351594601 
409 1.9039802048488 
410 1.8755587910962401 
411 1.8793771045101182 
412 1.865570037331172 
413 1.854414177803326 
414 1.844572266750276 
415 1.8415463689647378 
416 1.83748965994119 
417 1.83778229839213 
418 1.838553126712022 
419 1.805333885865132 
420 1.8109768726376898 
421 1.8064608951166878 
422 1.8002566802478381 
423 1.7980741165240162 
424 1.791164867801498 
425 1.812466895384596 
426 1.810021225653984 
427 1.8253310854584779 
428 1.8288686372902159 
429 1.8613159312643681 
430 1.8698961383154782 
431 1.8741308908955119 
432 1.8997620189791238 
433 1.897716868901148 
434 1.9238869770333138 
435 1.893054397860888 
436 1.9026170138002763 
437 1.894386808909586 
438 1.89423707515991 
439 1.87919899255655 
440 1.863475254258336 
441 1.867163237773974 
442 1.846722726088614 
443 1.858815319342034 
444 1.836867441636534 
445 1.853751852266252 
446 1.83846589922507 
447 1.8480759103884001 
448 1.848422515661198 
449 1.857924481735378 
450 1.867260932728044 
451 1.869472343877766 
452 1.870270323665612 
453 1.8734211137826542 
454 1.8765051160520279 
455 1.8781326836563679 
456 1.8865398078691222 
457 1.876027895176972 
458 1.8807810237247178 
459 1.873157769567504 
460 1.877153799666086 
461 1.8856014635457221 
462 1.892998731217596 
463 1.8758750382497902 
464 1.878170909220114 
465 1.86457373443382 
466 1.8683992422170679 
467 1.849777642960706 
468 1.85369378245083 
469 1.84008135727426 
470 1.8479079508815162 
471 1.8043158025063541 
472 1.8206134213325018 
473 1.807687755239808 
474 1.82746822933007 
475 1.823826417840106 
476 1.84431827893219 
477 1.8401335485024362 
478 1.846350712830382 
479 1.856727755137922 
480 1.8643991468118362 
481 1.8945383547372738 
482 1.8869915354877063 
483 1.8891036461332358 
484 1.875283125012206 
485 1.852727228802212 
486 1.8449337736241642 
487 1.8290985626911318 
488 1.8299149961580319 
489 1.80383098963537 
490 1.802391702823304 
491 1.7763717876774439 
492 1.7908498169351261 
493 1.761400469159728 
494 1.7898305587258139 
495 1.7866496569602 
496 1.806923076508318 
497 1.793967936561502 
498 1.8042023367556321 
499 1.813042112997352 
500 1.823670488097704 
501 1.8111510573539882 
502 1.8138451923765238 
503 1.837712275889808 
504 1.834575219845918 
505 1.824865097348632 
506 1.8192901044206242 
507 1.854536101625292 
508 1.8533266577784862 
509 1.829939302462296 
510 1.8253612683258058 
511 1.8496885474084799 
512 1.83559895427659 
513 1.82048428873969 
514 1.807665544865608 
515 1.820404882140912 
516 1.8110658137556581 
517 1.7957317614340742 
518 1.801091635452248 
519 1.8039777882107242 
520 1.808455530084106 
521 1.7952797764036958 
522 1.7991938349387582 
523 1.812259510224256 
524 1.8221243915671401 
525 1.8352254037042979 
526 1.8341780823754639 
527 1.8392581418226999 
528 1.8174647916074398 
529 1.8567761387344022 
530 1.83600934581486 
531 1.8605805390390622 
532 1.8447066971634982 
533 1.859296000651812 
534 1.829901655241842 
535 1.869505007387266 
536 1.838700510440382 
537 1.87563252923981 
538 1.854609350941118 
539 1.881763559602748 
540 1.858740821259092 
541 1.874731256527646 
542 1.862945351842178 
543 1.882734513818134 
544 1.8723664512469942 
545 1.8681009461037839 
546 1.875584369030122 
547 1.860708027904972 
548 1.8762945042982981 
549 1.8371539471298899 
550 1.86087595587759 
551 1.842499263103726 
552 1.8648671575974418 
553 1.841074962775584 
554 1.871127760464726 
555 1.848607269792224 
556 1.8775847592634762 
557 1.844550635419792 
558 1.871684762724484 
559 1.843474542511388 
560 1.886755915108488 
561 1.8494510788601541 
562 1.8907376182269178 
563 1.8465414399446778 
564 1.89057908895673 
565 1.827091257090918 
566 1.88789599758408 
567 1.7961722191253202 
568 1.845512795759192 
569 1.798515901329278 
570 1.84970594975856 
571 1.7553110561726442 
572 1.8035399645687078 
573 1.7606670201260481 
574 1.804904390267992 
575 1.752858530713946 
576 1.7771631539347361 
577 1.752858530713946 
578 1.7771631539347361 
579 1.7750221139197642 
580 1.79334371501158 
581 1.77643662560871 
582 1.768301993136652 
583 1.816925675361422 
584 1.807445651389426 
585 1.8087218997478982 
586 1.800065669769254 
587 1.839887843074956 
588 1.829685757499322 
589 1.8589586549065942 
590 1.858461080176096 
591 1.88482608338645 
592 1.891972561829898 
593 1.884917791741542 
594 1.8959748541684722 
595 1.893801359157838 
596 1.9026031770698542 
597 1.8815891918795082 
598 1.9117632090903602 
599 1.866873152947522 
600 1.8911072751032658 
601 1.8426233381992598 
602 1.868846206620216 
603 1.843812289097436 
604 1.867349486488298 
605 1.8360210521970441 
606 1.8447567421003501 
607 1.84965991040731 
608 1.833325393481036 
609 1.865166026344978 
610 1.852135995905074 
611 1.877440819015152 
612 1.85512694195369 
613 1.860177899175838 
614 1.8475293710399299 
615 1.8678053424133558 
616 1.8582091400601322 
617 1.8606136333800483 
618 1.856401784255188 
619 1.8662549168936842 
620 1.857793509544748 
621 1.8786387673723741 
622 1.873843945700956 
623 1.8935712345449178 
624 1.881618133584762 
625 1.8835597341579198 
626 1.8831192295541879 
627 1.882445290272208 
628 1.8777479262986478 
629 1.8587337566701319 
630 1.8776790896447981 
631 1.844569428493988 
632 1.86417861925908 
633 1.8329236884385502 
634 1.84803953282116 
635 1.8313555272501698 
636 1.8445997076854521 
637 1.829151500904814 
638 1.84377619623634 
639 1.848167679066948 
640 1.8464609521973199 
641 1.852600114368156 
642 1.8538112050321343 
643 1.853055391716088 
644 1.8596803879593882 
645 1.873164155371684 
646 1.876743203022048 
647 1.878947337735768 
648 1.881792318077638 
649 1.864094796828676 
650 1.8652638406967061 
651 1.86179189543155 
652 1.849358525719128 
653 1.8510454311816058 
654 1.8473049917650322 
655 1.8364717081157038 
656 1.82933288282103 
657 1.8384524984170358 
658 1.828135051287208 
659 1.8543366681430982 
660 1.843802540912812 
661 1.8535436343973761 
662 1.8518938051107419 
663 1.8682491935211178 
664 1.862594818719518 
665 1.869760924347918 
666 1.8702805601037842 
667 1.8568474814869098 
668 1.8622916008430699 
669 1.8425986679196122 
670 1.8594171613575798 
671 1.8419094188603602 
672 1.8717499420700299 
673 1.8432205840989841 
674 1.86999251635984 
675 1.853801565365566 
676 1.874558654284662 
677 1.878146191832964 
678 1.8993684047583401 
679 1.8796742990484259 
680 1.8933983270396262 
681 1.865844458396896 
682 1.867711612558482 
683 1.8582328896686 
684 1.850221002243306 
685 1.854023985227278 
686 1.8475989909509738 
687 1.804723304994398 
688 1.8139983304562761 
689 1.813513641501968 
690 1.819082096533426 
691 1.817869834586188 
692 1.821574732608012 
693 1.824019048367624 
694 1.839850928026958 
695 1.8289931161989919 
696 1.847999153574952 
697 1.8585288361001218 
698 1.8695814985730241 
699 1.870155337294974 
700 1.887347343023522 
701 1.8772038218518918 
702 1.9113413837794462 
703 1.895005862487272 
704 1.9269902968408519 
705 1.901262649748594 
706 1.935724505371304 
707 1.9073574292434319 
708 1.9412745194656178 
709 1.9065717678262 
710 1.932973851845808 
711 1.9087515402425321 
712 1.9272694106984019 
713 1.899980271401898 
714 1.9121781288335922 
715 1.8969364701398959 
716 1.898931087879454 
717 1.872263864799794 
718 1.8643113354968222 
719 1.8664385501002658 
720 1.866820406417252 
721 1.8618509602087978 
722 1.8676820986725802 
723 1.8379690111056242 
724 1.8582679500424462 
725 1.81267903484289 
726 1.8419756362420419 
727 1.827959693205702 
728 1.858638369441548 
729 1.8425339751069298 
730 1.8615003064527802 
731 1.846338391730784 
732 1.8580676568726582 
733 1.869572432793936 
734 1.87292456102168 
735 1.901761238870574 
736 1.898969116353824 
737 1.886092374784266 
738 1.8798743864185041 
739 1.871250598821554 
740 1.8654973699122 
741 1.8535790016441598 
742 1.8584916856702658 
743 1.8440173371647242 
744 1.8416942756674342 
745 1.819072430276512 
746 1.8220147331188439 
747 1.8334646621773238 
748 1.840110359743162 
749 1.840115419863596 
750 1.85470211667957 
751 1.8408870944844717 
752 1.8430402827286638 
753 1.837303608131668 
754 1.8599960221257419 
755 1.857660536638918 
756 1.8690065225701278 
757 1.8544023574901503 
758 1.871255560719522 
759 1.8557906504721 
760 1.866270140093836 
761 1.853885109095882 
762 1.8723580264323558 
763 1.8659435894712 
764 1.8648126919916561 
765 1.863036165740382 
766 1.871296721047612 
767 1.8762560363509 
768 1.878908863816486 
769 1.879953805581168 
770 1.8746660147822218 
771 1.8829905175273 
772 1.877549847844572 
773 1.88244554732406 
774 1.8850198950202082 
775 1.862756959967816 
776 1.861213452113126 
777 1.875785867994558 
778 1.8747589248373981 
779 1.8734024480738678 
780 1.868229701640944 
781 1.87643463707052 
782 1.867623629799486 
783 1.8856656462786918 
784 1.867904513512786 
785 1.9012311386972978 
786 1.883317273055534 
787 1.883446791414172 
788 1.86061402302157 
789 1.8748260526830378 
790 1.8644903628909741 
791 1.888383442242548 
792 1.8843329429942581 
793 1.8741324411938258 
794 1.8689895386270698 
795 1.8877453849641999 
796 1.878882568167846 
797 1.8843634015403499 
798 1.880228233541296 
799 1.8961771149169842 
800 1.897828817400064 
801 1.886011390670788 
802 1.889523122012712 
803 1.8892827468838622 
804 1.897619713927838 
805 1.8682693458324682 
806 1.8864160266390162 
807 1.8815129965231019 
808 1.89875717463777 
809 1.8793764888003182 
810 1.882589273273188 
811 1.884708237908096 
812 1.8772859781584281 
813 1.885182534438022 
814 1.8813878382563238 
815 1.8929688639157622 
816 1.886772598983498 
817 1.8819772722884678 
818 1.888986682724354 
819 1.872737266279642 
820 1.8862308115282922 
821 1.847958795068744 
822 1.8691423106158378 
823 1.8363255295322962 
824 1.853402521417064 
825 1.818743380116182 
826 1.833086453525856 
827 1.840329683764504 
828 1.8184060787036198 
829 1.8571670862372318 
830 1.818624153080684 
831 1.8575546445582478 
832 1.7990988307220441 
833 1.8462294023649641 
834 1.794388311808774 
835 1.832411237037388 
836 1.7699487624355499 
837 1.854847013410146 
838 1.7934595144934442 
839 1.853934494228848 
840 1.7947652536976642 
841 1.84230113226258 
842 1.825888966318702 
843 1.85042101840485 
844 1.841123711122822 
845 1.8737353829805599 
846 1.8748163273090999 
847 1.8565388625730381 
848 1.8664147556274902 
849 1.880546290348784 
850 1.893252777738816 
851 1.8609710869607359 
852 1.880659634133906 
853 1.856847907376212 
854 1.8650303114984659 
855 1.8566737611574158 
856 1.860448255982178 
857 1.85718230932603 
858 1.8549683072600178 
859 1.8610983812052377 
860 1.8612173960308962 
861 1.876636039336044 
862 1.855553691571408 
863 1.8843294281488958 
864 1.876061604439014 
865 1.866309652161704 
866 1.862318661326166 
867 1.84083568457838 
868 1.8424828320983182 
869 1.827454813096224 
870 1.828034907347228 
871 1.830564201614226 
872 1.8376675624189762 
873 1.837997249348782 
874 1.8472949883596979 
875 1.844919551686078 
876 1.854197081423002 
877 1.8617634355829282 
878 1.8596595087053243 
879 1.871383480943424 
880 1.87246732430128 
881 1.8680553200191738 
882 1.877693490528366 
883 1.8692064336702738 
884 1.870710152536954 
885 1.881497341088102 
886 1.8869181735665521 
887 1.90022830302217 
888 1.9078915486073922 
889 1.9002571010207479 
890 1.9002571010207479 
891 1.896932489460146 
892 1.890965962755974 
893 1.863092387896612 
894 1.8621698386943 
895 1.8417863404742358 
896 1.8410598715230582 
897 1.8485895695508698 
898 1.849158352138422 
899 1.846365596504048 
900 1.8501627661475262 
901 1.83498367738901 
902 1.846644557383224 
903 1.8584390439534861 
904 1.864257175830648 
905 1.8902359500601338 
906 1.89380337800099 
907 1.879085211872446 
908 1.87836483539769 
909 1.8855923828854462 
910 1.880645817571334 
911 1.89350187699628 
912 1.892202416711502 
913 1.894919224125474 
914 1.898187306189784 
915 1.876517170368872 
916 1.8887601834611503 
917 1.876016327906192 
918 1.886447890488268 
919 1.8662703198753838 
920 1.88389777185728 
921 1.8801733752892058 
922 1.8918359197271102 
923 1.895265818883266 
924 1.896728782255702 
925 1.88689151529475 
926 1.8805705392911762 
927 1.8848526012837818 
928 1.880894185397148 
929 1.88956960598142 
930 1.887127672620372 
931 1.867254747336062 
932 1.8689360632939358 
933 1.86164846352801 
934 1.872727397829626 
935 1.8616595067506179 
936 1.875559233064782 
937 1.8759307003043681 
938 1.884834723528836 
939 1.869768150843838 
940 1.867808866857058 
941 1.8907897002082639 
942 1.8801433801678278 
943 1.8947017448795118 
944 1.88323773915227 
945 1.9045910450561099 
946 1.8909971655321058 
947 1.8570728898020221 
948 1.84849632209859 
949 1.83096845920225 
950 1.81950987221617 
951 1.7831170943721901 
952 1.778042961376542 
953 1.75092079429263 
954 1.753670605187598 
955 1.719688402338536 
956 1.719688402338536 
957 1.72331788351766 
958 1.719688402338536 
959 1.72331788351766 
960 1.719688402338536 
961 1.7616881041733918 
962 1.763875384985822 
963 1.7855630708996197 
964 1.8043756652493521 
965 1.8127120808110981 
966 1.8318207459291522 
967 1.849957479585266 
968 1.87239220033897 
969 1.8795809430345698 
970 1.904500196948288 
971 1.86691611063237 
972 1.8785317404493358 
973 1.867684970027882 
974 1.875133510612308 
975 1.8839281542183262 
976 1.8924164210192402 
977 1.864966728589036 
978 1.8644932535241179 
979 1.8715658270203162 
980 1.8755816797803138 
981 1.8751779987703903 
982 1.875074911798034 
983 1.8782050446070317 
984 1.883183936866954 
985 1.8583239075875881 
986 1.8575198369713182 
987 1.855305165695448 
988 1.8463142872278582 
989 1.824949450658226 
990 1.809752370136372 
991 1.84101406947303 
992 1.8450345453414658 
993 1.8460039534692239 
994 1.841112277103584 
995 1.857176406993656 
996 1.864650279763664 
997 1.876358262481606 
998 1.8886270190727958 
999 1.897725987943288 
1000 1.912678856761642 
1001 1.904725023976662 
1002 1.9049599912885502 
1003 1.911454996962156 
1004 1.9141907598000418 
1005 1.898207434441882 
1006 1.8909738262695281 
1007 1.87190654238304 
1008 1.862033428841928 
1009 1.855511916434104 
1010 1.8466755828139299 
1011 1.8300358683774678 
1012 1.8336580215476481 
1013 1.8239708556087462 
1014 1.8242345006721319 
1015 1.832707514301844 
1016 1.83071786624306 
1017 1.8475599652831178 
1018 1.8478052498348259 
1019 1.870350075155964 
1020 1.87820533476209 
1021 1.8957521282713958 
1022 1.889621047124514 
1023 1.90555697112136 
1024 1.9016358944615899 
1025 1.9187685503335299 
1026 1.92134405061738 
1027 1.922812201327772 
1028 1.927575937330256 
1029 1.9273391384116738 
1030 1.9334212755875761 
1031 1.8980930692385702 
1032 1.9189374467840898 
1033 1.87194451292832 
1034 1.89530610932032 
1035 1.8654803835860339 
1036 1.88727168569751 
1037 1.855828909319078 
1038 1.8664202432456078 
1039 1.8350851452819619 
1040 1.842096144533108 
1041 1.8457116713540518 
1042 1.8479177588783842 
1043 1.8604374031323119 
1044 1.843865297972188 
1045 1.8456567732649218 
1046 1.818980415803788 
1047 1.84008942261458 
1048 1.8329514701854641 
1049 1.8464182333614119 
1050 1.829329090058692 
1051 1.846068005261132 
1052 1.823757076117812 
1053 1.837184910401082 
1054 1.824364760898126 
1055 1.871879203087722 
1056 1.864095955946306 
1057 1.881686272690234 
1058 1.856099660278676 
1059 1.880871747615064 
1060 1.85245411559143 
1061 1.877185838568932 
1062 1.8468870301534281 
1063 1.8787567282189659 
1064 1.8521986881746142 
1065 1.863411785863336 
1066 1.840894287223292 
1067 1.857394095813494 
1068 1.844059916132086 
1069 1.856981895262622 
1070 1.8527424175916358 
1071 1.8502734935064278 
1072 1.85090696725028 
1073 1.853774312680314 
1074 1.8410449642190059 
1075 1.8311954698435742 
1076 1.817125481258562 
1077 1.8325091692091242 
1078 1.826519763290396 
1079 1.824723648019998 
1080 1.8134889335754898 
1081 1.8118961829297517 
1082 1.8047489170816 
1083 1.79232953050088 
1084 1.8009130851764379 
1085 1.790613356060112 
1086 1.8003233770923501 
1087 1.7955847465388999 
1088 1.809209652301132 
1089 1.8059807021937337 
1090 1.836527393515274 
1091 1.80714605890841 
1092 1.8465342310847859 
1093 1.80128778483595 
1094 1.8508124792179501 
1095 1.813725791845442 
1096 1.862647817752184 
1097 1.8136407174933702 
1098 1.847073591536034 
1099 1.8079198259521518 
1100 1.8233896464168802 
1101 1.823595311451718 
1102 1.837939267207122 
1103 1.849735137029312 
1104 1.8686366730797779 
1105 1.8591702502428098 
1106 1.878529809865288 
1107 1.853738622046082 
1108 1.8799389364810999 
1109 1.8701069263339338 
1110 1.9189931520502541 
1111 1.8795704380039322 
1112 1.930048431393498 
1113 1.879659151193906 
1114 1.9145969154862439 
1115 1.8811096131711078 
1116 1.9176377877516402 
1117 1.8790613585570999 
1118 1.9122456296332722 
1119 1.854856976629246 
1120 1.8723351940259039 
1121 1.852720772018182 
1122 1.857579735827746 
1123 1.8493865817679438 
1124 1.8526677774200722 
1125 1.843109708235914 
1126 1.8348750174964081 
1127 1.85599725296312 
1128 1.83976857426688 
1129 1.8735914712528199 
1130 1.8654096424582458 
1131 1.872462505870408 
1132 1.8664815692267323 
1133 1.8769134351788381 
1134 1.873715984170028 
1135 1.880567347239084 
1136 1.882272674562048 
1137 1.8857188818073058 
1138 1.893205826569654 
1139 1.8932770620948962 
1140 1.889744642979902 
1141 1.891469342957708 
1142 1.8917305726053641 
1143 1.893754686085406 
1144 1.8882277427332521 
1145 1.8991325968820039 
1146 1.886091765708068 
1147 1.889533231624196 
1148 1.8771170961551777 
1149 1.884605342486416 
1150 1.8736092747822781 
1151 1.8906680044512019 
1152 1.880675578977288 
1153 1.883880310374184 
1154 1.868267793438918 
1155 1.86076739702293 
1156 1.859153251529026 
1157 1.848283877727996 
1158 1.845382131247694 
1159 1.85322442561346 
1160 1.8370953423598881 
1161 1.852153272315962 
1162 1.836856189124766 
1163 1.859593658259928 
1164 1.841886449000656 
1165 1.819389572595052 
1166 1.808396752273854 
1167 1.822431600866994 
1168 1.7945475118652219 
1169 1.8023923668522102 
1170 1.768087241130272 
1171 1.7861115353187142 
1172 1.7546229714511679 
1173 1.7675031493154179 
1174 1.7349763068855162 
1175 1.778319040781146 
1176 1.7340650998523341 
1177 1.756213290313104 
1178 1.7355644420095442 
1179 1.7773057435913358 
1180 1.7685298168175858 
1181 1.803254670994874 
1182 1.7836934498928858 
1183 1.8319224402220962 
1184 1.803392032713728 
1185 1.8320471052610259 
1186 1.813156981413902 
1187 1.875954235348378 
1188 1.842805562436712 
1189 1.8548079723299018 
1190 1.827959820185552 
1191 1.8099763992650062 
1192 1.8455444056674981 
1193 1.796715322149178 
1194 1.89618588345052 
1195 1.7595853738373919 
1196 1.9363907064823462 
1197 1.7189132467424142 
1198 1.9582793038334638 
1199 1.69472869851722 
1200 1.99576279528134 
1201 1.69963503534762 
1202 1.959021710453334 
1203 1.6974752608439398 
1204 1.9088513286666298 
1205 1.709155060666824 
1206 1.893459056043466 
1207 1.71554585866738 
1208 1.86941338794468 
1209 1.73504845414441 
1210 1.8630032606603462 
1211 1.778775410116852 
1212 1.877281047621312 
1213 1.812344357765662 
1214 1.881102510231258 
1215 1.869248504099018 
1216 1.9190064180699182 
1217 1.885437617521682 
1218 1.909326200957522 
1219 1.91034683093174 
1220 1.9053014093524339 
1221 1.885247745062332 
1222 1.887368316739576 
1223 1.852835594529924 
1224 1.859878933126946 
1225 1.8330150634949782 
1226 1.8298262313534082 
1227 1.8503880050485542 
1228 1.8559714472696338 
1229 1.8472041530050578 
1230 1.84922308336554 
1231 1.8595507383257441 
1232 1.854407555508822 
1233 1.854547661200122 
1234 1.8559867324348978 
1235 1.855527001054314 
1236 1.86187193458198 
1237 1.833841283244422 
1238 1.84033273378989 
1239 1.8156457323120818 
1240 1.8239562175224262 
1241 1.81259040697685 
1242 1.8148307598546338 
1243 1.822636541159482 
1244 1.83458736621715 
1245 1.8133246728462002 
1246 1.8098698530730442 
1247 1.821292498158056 
1248 1.802701479757086 
1249 1.8192691048463019 
1250 1.776411869456556 
1251 1.82053913245464 
1252 1.7963242734312341 
1253 1.811600641465244 
1254 1.7923878729154499 
1255 1.8171936871742322 
1256 1.813242850025348 
1257 1.820474617826792 
1258 1.8295709153364221 
1259 1.8288859498919259 
1260 1.853054646966152 
1261 1.852384760122402 
1262 1.859841726620844 
1263 1.870087574544702 
1264 1.86364282278038 
1265 1.877151621423224 
1266 1.866121108127834 
1267 1.86893924485353 
1268 1.8442605781109598 
1269 1.863694697979924 
1270 1.848483251818008 
1271 1.85420070311624 
1272 1.84788961816353 
1273 1.848701031465676 
1274 1.8461123406576079 
1275 1.844935304338896 
1276 1.85281466149813 
1277 1.8408879648119338 
1278 1.861157198361866 
1279 1.8542368665009221 
1280 1.86646750172889 
1281 1.857203044646284 
1282 1.856693534657834 
1283 1.8533890757907638 
1284 1.85716232361897 
1285 1.8695342088466582 
1286 1.862094641121566 
1287 1.8914654157361959 
1288 1.87430174863731 
1289 1.884469180507542 
1290 1.8747625500221758 
1291 1.890600358893866 
1292 1.894270842656762 
1293 1.875747978367576 
1294 1.8851889350161681 
1295 1.880778230349394 
1296 1.890204102030562 
1297 1.8676418633122878 
1298 1.888013322070814 
1299 1.8754905474762658 
1300 1.9022916848969562 
1301 1.868807341023152 
1302 1.8972514389483242 
1303 1.87475160544034 
1304 1.9042075282659379 
1305 1.8761742070704082 
1306 1.9073797909960402 
1307 1.8763081386674638 
1308 1.9084372366437499 
1309 1.861550952869034 
1310 1.8954764412467782 
1311 1.8567115866567399 
1312 1.8753846408225718 
1313 1.8441454876807222 
1314 1.859818221999014 
1315 1.8320290979555778 
1316 1.8414810394903198 
1317 1.8464527194627902 
1318 1.83315315916328 
1319 1.8595105061449062 
1320 1.829913099711962 
1321 1.869732359356054 
1322 1.840645891243054 
1323 1.874189377593082 
1324 1.861917667610428 
1325 1.89020588255327 
1326 1.871207381377232 
1327 1.8825751277877578 
1328 1.879518408100148 
1329 1.8868006971955062 
1330 1.887477564870262 
1331 1.891937679129542 
1332 1.886219614681264 
1333 1.884159482913016 
1334 1.8796577309941402 
1335 1.876030017999278 
1336 1.868923492518378 
1337 1.8655593036711562 
1338 1.858003070906858 
1339 1.8456207260163702 
1340 1.851479928140148 
1341 1.795311130570628 
1342 1.7868721613602179 
1343 1.8092882859221517 
1344 1.7909380951317762 
1345 1.8108407832957538 
1346 1.8031079196171098 
1347 1.835750754581256 
1348 1.8219350684057338 
1349 1.809452524620498 
1350 1.780191110535874 
1351 1.8544781469082579 
1352 1.837185634037752 
1353 1.84575194262191 
1354 1.842059970373254 
1355 1.8488304529245698 
1356 1.8365508409203 
1357 1.8106445595183183 
1358 1.807823220066858 
1359 1.8396110754757298 
1360 1.8421520187708658 
1361 1.83108724062962 
1362 1.830262371348368 
1363 1.840513793425632 
1364 1.840139754518504 
1365 1.842939879488106 
1366 1.8373883247255018 
1367 1.8520117886873941 
1368 1.848924841261774 
1369 1.8613967988699962 
1370 1.849717571931982 
1371 1.851424829084212 
1372 1.845458363354212 
1373 1.835615484109152 
1374 1.840378991654002 
1375 1.8495100874048318 
1376 1.85115102416243 
1377 1.8633650225654361 
