0 15 1 
1 1 15 
2 15 1 
3 1 15 
4 15 1 
5 15 15 
6 15 15 
7 15 15 
8 15 15 
9 15 15 
10 15 15 
11 15 15 
12 15 15 
13 15 15 
14 15 15 
15 15 15 
16 15 15 
17 15 15 
18 15 15 
19 15 15 
20 15 15 
21 1 15 
22 15 1 
23 1 15 
24 15 1 
25 1 15 
26 15 1 
27 1 15 
28 15 1 
29 1 15 
30 15 1 
31 1 15 
32 15 1 
33 1 15 
34 15 1 
35 1 15 
36 15 1 
37 1 15 
38 15 1 
39 1 15 
40 15 1 
41 1 15 
42 15 1 
43 1 15 
44 15 1 
45 15 15 
46 15 15 
47 15 15 
48 15 15 
49 15 15 
50 15 15 
51 15 15 
52 15 15 
53 15 15 
54 15 15 
55 15 15 
56 15 15 
57 15 15 
58 15 15 
59 15 15 
60 15 15 
61 15 15 
62 15 15 
63 15 15 
64 15 15 
65 15 15 
66 15 15 
67 1 15 
68 15 1 
69 1 15 
70 15 1 
71 15 15 
72 15 15 
73 15 15 
74 15 15 
75 15 15 
76 15 15 
77 15 15 
78 15 15 
79 15 15 
80 15 15 
81 15 15 
82 15 15 
83 15 15 
84 15 15 
85 15 15 
86 15 15 
87 15 15 
88 15 15 
89 15 15 
90 15 15 
91 15 15 
92 15 15 
93 15 15 
94 15 15 
95 15 15 
96 15 15 
97 15 15 
98 15 15 
99 15 15 
100 15 15 
101 1 15 
102 15 1 
103 1 15 
104 15 1 
105 1 15 
106 15 1 
107 1 15 
108 15 1 
109 1 15 
110 15 1 
111 1 15 
112 15 1 
113 1 15 
114 15 1 
115 15 15 
116 15 15 
117 15 15 
118 15 15 
119 15 15 
120 15 15 
121 15 15 
122 15 15 
123 15 15 
124 15 15 
125 15 15 
126 15 15 
127 15 15 
128 15 15 
129 15 15 
130 15 15 
131 15 15 
132 15 15 
133 15 15 
134 15 15 
135 15 15 
136 15 15 
137 15 15 
138 15 15 
139 15 15 
140 15 15 
141 15 15 
142 15 15 
143 15 15 
144 15 15 
145 15 15 
146 15 15 
147 15 15 
148 15 15 
149 15 15 
150 15 15 
151 15 15 
152 15 15 
153 15 15 
154 15 15 
155 15 15 
156 15 15 
157 15 15 
158 1 15 
159 15 1 
160 1 15 
161 15 1 
162 1 15 
163 15 1 
164 1 15 
165 15 1 
166 15 15 
167 15 15 
168 15 15 
169 15 15 
170 15 15 
171 15 15 
172 15 15 
173 15 15 
174 15 15 
175 15 15 
176 1 15 
177 15 1 
178 15 15 
179 15 15 
180 15 15 
181 15 15 
182 15 15 
183 15 15 
184 15 15 
185 15 15 
186 1 15 
187 15 1 
188 1 15 
189 15 1 
190 1 15 
191 15 1 
192 1 15 
193 15 1 
194 1 15 
195 15 1 
196 1 15 
197 15 1 
198 1 15 
199 15 1 
200 15 15 
201 15 15 
202 15 15 
203 15 15 
204 15 15 
205 15 15 
206 15 15 
207 15 15 
208 15 15 
209 15 15 
210 15 15 
211 15 15 
212 15 15 
213 15 15 
214 15 15 
215 15 15 
216 15 15 
217 15 15 
218 15 15 
219 15 15 
220 15 15 
221 15 15 
222 15 15 
223 15 15 
224 15 15 
225 15 15 
226 15 15 
227 15 15 
228 15 15 
229 15 15 
230 15 15 
231 15 15 
232 15 15 
233 15 15 
234 15 15 
235 15 15 
236 15 15 
237 15 15 
238 15 15 
239 15 15 
240 15 15 
241 15 15 
242 15 15 
243 15 15 
244 15 15 
245 15 15 
246 15 15 
247 15 15 
248 15 15 
249 15 15 
250 15 15 
251 15 15 
252 15 15 
253 15 15 
254 15 15 
255 15 15 
256 15 15 
257 15 15 
258 15 15 
259 15 15 
260 15 15 
261 15 15 
262 15 15 
263 15 15 
264 15 15 
265 15 15 
266 15 15 
267 15 15 
268 15 15 
269 15 15 
270 15 15 
271 15 15 
272 15 15 
273 15 15 
274 15 15 
275 15 15 
276 15 15 
277 15 15 
278 15 15 
279 15 15 
280 15 15 
281 15 15 
282 15 15 
283 15 15 
284 15 15 
285 15 15 
286 15 15 
287 15 15 
288 15 15 
289 15 15 
290 15 15 
291 15 15 
292 15 15 
293 15 15 
294 15 15 
295 15 1 
296 1 15 
297 15 15 
298 15 15 
299 15 15 
300 15 15 
301 15 15 
302 15 15 
303 15 15 
304 15 15 
305 15 15 
306 15 15 
307 15 15 
308 15 15 
309 15 15 
310 15 15 
311 15 1 
312 1 15 
313 15 1 
314 1 15 
315 15 1 
316 1 15 
317 15 15 
318 15 15 
319 15 15 
320 15 15 
321 15 15 
322 15 15 
323 15 15 
324 15 15 
325 15 15 
326 15 15 
327 15 15 
328 15 15 
329 15 15 
330 15 15 
331 15 15 
332 15 15 
333 15 15 
334 15 1 
335 1 15 
336 15 1 
337 1 15 
338 15 15 
339 15 15 
340 15 15 
341 15 15 
342 15 15 
343 15 15 
344 15 15 
345 15 15 
346 15 15 
347 15 15 
348 15 15 
349 15 15 
350 15 15 
351 15 15 
352 15 15 
353 15 15 
354 15 15 
355 15 15 
356 15 15 
357 15 15 
358 15 15 
359 15 15 
360 15 15 
361 15 15 
362 15 15 
363 15 15 
364 15 15 
365 15 15 
366 15 15 
367 15 15 
368 15 15 
369 15 15 
370 15 15 
371 15 15 
372 15 15 
373 15 15 
374 15 15 
375 15 15 
376 15 15 
377 15 15 
378 15 15 
379 15 15 
380 15 15 
381 15 15 
382 15 15 
383 15 15 
384 15 15 
385 15 15 
386 15 15 
387 15 15 
388 15 15 
389 15 15 
390 15 15 
391 15 15 
392 15 15 
393 15 15 
394 15 15 
395 15 15 
396 15 15 
397 15 15 
398 15 15 
399 15 15 
400 15 15 
401 15 15 
402 15 15 
403 15 15 
404 15 15 
405 15 15 
406 15 15 
407 15 15 
408 15 15 
409 15 15 
410 15 15 
411 15 15 
412 15 15 
413 15 15 
414 15 15 
415 15 15 
416 15 15 
417 15 15 
418 15 15 
419 15 15 
420 15 15 
421 15 15 
422 15 15 
423 15 15 
424 15 15 
425 15 15 
426 15 15 
427 15 15 
428 15 15 
429 15 15 
430 15 15 
431 15 1 
432 1 15 
433 15 15 
434 15 15 
435 15 15 
436 15 15 
437 15 15 
438 15 15 
439 15 15 
440 15 15 
441 15 15 
442 15 15 
443 15 15 
444 15 15 
445 15 15 
446 15 15 
447 15 15 
448 15 15 
449 15 15 
450 15 15 
451 15 15 
452 15 15 
453 15 15 
454 15 15 
455 15 15 
456 15 15 
457 15 15 
458 15 15 
459 15 15 
460 15 15 
461 15 15 
462 15 15 
463 15 15 
464 15 15 
465 15 15 
466 15 15 
467 15 15 
468 15 15 
469 15 15 
470 15 15 
471 15 15 
472 15 15 
473 15 15 
474 15 15 
475 15 15 
476 15 15 
477 15 15 
478 15 15 
479 15 15 
480 15 15 
481 15 15 
482 15 15 
483 15 15 
484 15 15 
485 15 15 
486 15 15 
487 15 15 
488 15 15 
489 15 15 
490 15 15 
491 15 15 
492 15 15 
493 15 15 
494 15 15 
495 15 15 
496 15 15 
497 15 15 
498 15 15 
499 15 15 
500 15 15 
501 15 15 
502 15 15 
503 15 15 
504 15 15 
505 15 15 
506 15 15 
507 15 15 
508 15 15 
509 15 15 
510 15 15 
511 15 15 
512 15 15 
513 15 15 
514 15 15 
515 15 15 
516 15 15 
517 15 15 
518 15 15 
519 15 15 
520 15 15 
521 15 15 
522 15 15 
523 15 15 
524 15 15 
525 15 15 
526 15 15 
527 15 15 
528 15 15 
529 15 15 
530 15 15 
531 15 15 
532 15 15 
533 15 15 
534 15 15 
535 15 15 
536 15 15 
537 15 15 
538 15 15 
539 15 15 
540 15 15 
541 15 15 
542 15 15 
543 15 15 
544 15 15 
545 15 15 
546 15 15 
547 15 15 
548 15 15 
549 15 15 
550 15 15 
551 15 15 
552 15 15 
553 15 15 
554 15 15 
555 15 15 
556 15 15 
557 15 15 
558 15 15 
559 15 15 
560 15 15 
561 15 15 
562 15 15 
563 15 15 
564 15 15 
565 15 15 
566 15 15 
567 15 15 
568 15 15 
569 15 15 
570 15 15 
571 15 15 
572 15 15 
573 15 15 
574 15 15 
575 15 15 
576 15 15 
577 15 15 
578 15 15 
579 15 15 
580 15 15 
581 15 15 
582 15 15 
583 15 15 
584 15 15 
585 15 15 
586 15 15 
587 15 15 
588 15 15 
589 15 15 
590 15 15 
591 15 15 
592 15 15 
593 15 15 
594 15 15 
595 15 15 
596 15 15 
597 15 15 
598 15 15 
599 15 15 
600 15 15 
601 15 15 
602 15 15 
603 15 15 
604 15 15 
605 15 15 
606 15 15 
607 15 15 
608 15 15 
609 15 15 
610 15 15 
611 15 15 
612 15 15 
613 15 15 
614 15 15 
615 15 15 
616 15 15 
617 15 15 
618 15 15 
619 15 15 
620 15 15 
621 15 15 
622 15 15 
623 15 15 
624 15 15 
625 15 15 
626 15 15 
627 15 15 
628 15 15 
629 15 15 
630 15 15 
631 15 15 
632 15 15 
633 15 15 
634 15 15 
635 15 15 
636 15 15 
637 15 15 
638 15 15 
639 15 15 
640 15 15 
641 15 15 
642 15 15 
643 15 15 
644 15 15 
645 15 15 
646 15 15 
647 15 15 
648 15 15 
649 15 15 
650 15 15 
651 15 15 
652 15 15 
653 15 15 
654 15 15 
655 15 15 
656 15 15 
657 15 15 
658 15 15 
659 15 15 
660 15 15 
661 15 15 
662 15 15 
663 15 15 
664 15 15 
665 15 15 
666 15 15 
667 15 15 
668 15 15 
669 15 15 
670 15 15 
671 15 15 
672 15 15 
673 15 15 
674 15 15 
675 15 15 
676 15 15 
677 15 15 
678 15 15 
679 15 15 
680 15 15 
681 15 15 
682 15 15 
683 15 15 
684 15 15 
685 15 15 
686 15 15 
687 15 15 
688 15 15 
689 15 15 
690 15 15 
691 15 15 
692 15 15 
693 15 15 
694 15 15 
695 15 15 
696 15 15 
697 15 15 
698 15 15 
699 15 15 
700 15 15 
701 15 15 
702 15 15 
703 15 15 
704 15 15 
705 15 15 
706 15 15 
707 15 15 
708 15 15 
709 15 15 
710 15 15 
711 15 15 
712 15 15 
713 15 15 
714 15 15 
715 15 15 
716 15 15 
717 15 15 
718 15 15 
719 15 15 
720 15 15 
721 15 15 
722 15 15 
723 15 15 
724 15 15 
725 15 15 
726 15 15 
727 15 15 
728 15 15 
729 15 15 
730 15 15 
731 15 15 
732 15 15 
733 15 15 
734 15 15 
735 15 15 
736 15 15 
737 15 15 
738 15 15 
739 15 15 
740 15 15 
741 15 15 
742 15 15 
743 15 15 
744 15 15 
745 15 15 
746 15 15 
747 15 15 
748 15 15 
749 15 15 
750 15 15 
751 15 15 
752 15 15 
753 15 15 
754 15 15 
755 15 1 
756 1 1 
757 1 1 
758 1 1 
759 1 1 
760 1 1 
761 1 1 
762 1 1 
763 1 1 
764 1 1 
765 1 1 
766 1 1 
767 1 1 
768 1 1 
769 1 15 
770 15 15 
771 15 15 
772 15 15 
773 15 15 
774 15 15 
775 15 15 
776 15 15 
777 15 15 
778 15 15 
779 15 15 
780 15 15 
781 15 15 
782 15 15 
783 15 15 
784 15 15 
785 15 15 
786 15 15 
787 15 15 
788 15 15 
789 15 15 
790 15 15 
791 15 15 
792 15 15 
793 15 15 
794 15 15 
795 15 15 
796 15 15 
797 15 15 
798 15 15 
799 15 15 
800 15 15 
801 15 15 
802 15 15 
803 15 15 
804 15 15 
805 15 15 
806 15 15 
807 15 15 
808 15 15 
809 15 15 
810 15 15 
811 15 15 
812 15 15 
813 15 15 
814 15 15 
815 15 15 
816 15 15 
817 15 15 
818 15 15 
819 15 15 
820 15 15 
821 15 15 
822 15 15 
823 15 15 
824 15 15 
825 15 15 
826 15 15 
827 15 1 
828 1 15 
829 15 1 
830 1 15 
831 15 1 
832 1 15 
833 15 1 
834 1 15 
835 15 1 
836 1 15 
837 15 1 
838 1 15 
839 15 1 
840 1 15 
841 15 1 
842 1 1 
843 1 1 
844 1 1 
845 1 1 
846 1 1 
847 1 15 
848 15 1 
849 1 15 
850 15 1 
851 1 15 
852 15 1 
853 1 15 
854 15 1 
855 1 15 
856 15 1 
857 1 15 
858 15 1 
859 1 15 
860 15 1 
861 1 15 
862 15 1 
863 1 15 
864 15 1 
865 1 15 
866 15 1 
867 1 15 
868 15 1 
869 1 1 
870 1 1 
871 1 1 
872 1 15 
873 15 1 
874 1 15 
875 15 1 
876 1 15 
877 15 1 
878 1 15 
879 15 15 
880 15 15 
881 15 15 
882 15 1 
883 1 15 
884 15 1 
885 1 15 
886 15 1 
887 1 15 
888 15 1 
889 1 15 
890 15 1 
891 1 15 
892 15 1 
893 1 15 
894 15 1 
895 1 15 
896 15 1 
897 1 15 
898 15 1 
899 1 15 
900 15 1 
901 1 15 
902 15 1 
903 1 15 
904 15 15 
905 15 15 
906 15 15 
907 15 15 
908 15 15 
909 15 15 
910 15 15 
911 15 15 
912 15 15 
913 15 15 
914 15 1 
915 1 15 
916 15 1 
917 1 15 
918 15 1 
919 1 15 
920 15 1 
921 1 15 
922 15 1 
923 1 15 
924 15 1 
925 1 15 
926 15 1 
927 1 15 
928 15 1 
929 1 15 
930 15 1 
931 1 15 
932 15 1 
933 1 15 
934 15 1 
935 1 15 
936 15 15 
937 15 15 
938 15 15 
939 15 15 
940 15 15 
941 15 15 
942 15 15 
943 15 15 
944 15 15 
945 15 15 
946 15 15 
947 15 15 
948 15 1 
949 1 15 
950 15 1 
951 1 15 
952 15 1 
953 1 15 
954 15 15 
955 15 15 
956 15 15 
957 15 15 
958 15 15 
959 15 15 
960 15 15 
961 15 15 
962 15 15 
963 15 15 
964 15 15 
965 15 15 
966 15 15 
967 15 15 
968 15 15 
969 15 15 
970 15 15 
971 15 15 
972 15 15 
973 15 15 
974 15 15 
975 15 15 
976 15 15 
977 15 15 
978 15 15 
979 15 15 
980 15 15 
981 15 15 
982 15 15 
983 15 15 
984 15 15 
985 15 15 
986 15 15 
987 15 15 
988 15 15 
989 15 15 
990 15 15 
991 15 15 
992 15 15 
993 15 15 
994 15 15 
995 15 15 
996 15 15 
997 15 15 
998 15 15 
999 15 15 
1000 15 15 
1001 15 15 
1002 15 15 
1003 15 15 
1004 15 15 
1005 15 15 
1006 15 15 
1007 15 15 
1008 15 15 
1009 15 15 
1010 15 15 
1011 15 15 
1012 15 15 
1013 15 15 
1014 15 15 
1015 15 15 
1016 15 15 
1017 15 15 
1018 15 15 
1019 15 15 
1020 15 15 
1021 15 15 
1022 15 15 
1023 15 15 
1024 15 15 
1025 15 15 
1026 15 15 
1027 15 15 
1028 15 15 
1029 15 15 
1030 15 15 
1031 15 15 
1032 15 15 
1033 15 15 
1034 15 15 
1035 15 15 
1036 15 15 
1037 15 15 
1038 15 15 
1039 15 15 
1040 15 15 
1041 15 15 
1042 15 15 
1043 15 15 
1044 15 15 
1045 15 15 
1046 15 15 
1047 15 15 
1048 15 15 
1049 15 15 
1050 15 15 
1051 15 15 
1052 15 15 
1053 15 15 
1054 15 15 
1055 15 15 
1056 15 15 
1057 15 15 
1058 15 15 
1059 15 15 
1060 15 15 
1061 15 15 
1062 15 15 
1063 15 15 
1064 15 15 
1065 15 15 
1066 15 15 
1067 15 1 
1068 1 15 
1069 15 1 
1070 1 15 
1071 15 1 
1072 1 15 
1073 15 15 
1074 15 15 
1075 15 15 
1076 15 15 
1077 15 15 
1078 15 15 
1079 15 15 
1080 15 15 
1081 15 15 
1082 15 15 
1083 15 15 
1084 15 15 
1085 15 15 
1086 15 15 
1087 15 1 
1088 1 15 
1089 15 1 
1090 1 15 
1091 15 1 
1092 1 15 
1093 15 15 
1094 15 15 
1095 15 15 
1096 15 15 
1097 15 15 
1098 15 15 
1099 15 15 
1100 15 15 
1101 15 15 
1102 15 15 
1103 15 15 
1104 15 15 
1105 15 15 
1106 15 1 
1107 1 15 
1108 15 15 
1109 15 15 
1110 15 15 
1111 15 15 
1112 15 15 
1113 15 15 
1114 15 15 
1115 15 15 
1116 15 15 
1117 15 15 
1118 15 15 
1119 15 15 
1120 15 1 
1121 1 15 
1122 15 1 
1123 1 15 
1124 15 15 
1125 15 15 
1126 15 15 
1127 15 15 
1128 15 15 
1129 15 15 
1130 15 15 
1131 15 15 
1132 15 15 
1133 15 15 
1134 15 15 
1135 15 15 
1136 15 15 
1137 15 15 
1138 15 15 
1139 15 15 
1140 15 15 
1141 15 15 
1142 15 15 
1143 15 15 
1144 15 15 
1145 15 15 
1146 15 15 
1147 15 15 
1148 15 15 
1149 15 15 
1150 15 15 
1151 15 15 
1152 15 15 
1153 15 15 
1154 15 15 
1155 15 15 
1156 15 15 
1157 15 15 
1158 15 15 
1159 15 15 
1160 15 15 
1161 15 15 
1162 15 15 
1163 15 15 
1164 15 15 
1165 15 15 
1166 15 15 
1167 15 15 
1168 15 15 
1169 15 15 
1170 15 15 
1171 15 15 
1172 15 15 
1173 15 15 
1174 15 15 
1175 15 15 
1176 15 15 
1177 15 15 
1178 15 15 
1179 15 15 
1180 15 15 
1181 15 15 
1182 15 15 
1183 15 15 
1184 15 15 
1185 15 15 
1186 15 15 
1187 15 15 
1188 15 15 
1189 15 15 
1190 15 15 
1191 15 15 
1192 15 15 
1193 15 15 
1194 15 15 
1195 15 15 
1196 15 15 
1197 15 15 
1198 15 15 
1199 15 15 
1200 15 15 
1201 15 15 
1202 15 15 
1203 15 15 
1204 15 15 
1205 15 15 
1206 15 15 
1207 15 15 
1208 15 15 
1209 15 15 
1210 15 15 
1211 15 15 
1212 15 15 
1213 15 15 
1214 15 15 
1215 15 15 
1216 15 15 
1217 15 15 
1218 15 15 
1219 15 15 
1220 15 15 
1221 15 15 
1222 15 15 
1223 15 15 
1224 15 15 
1225 15 15 
1226 15 15 
1227 15 15 
1228 15 15 
1229 15 15 
1230 15 15 
1231 15 15 
1232 15 15 
1233 15 15 
1234 15 15 
1235 15 15 
1236 15 15 
1237 15 15 
1238 15 15 
1239 15 15 
1240 15 15 
1241 15 15 
1242 15 15 
1243 15 15 
1244 15 15 
1245 15 15 
1246 15 15 
1247 15 15 
1248 15 15 
1249 15 15 
1250 15 15 
1251 15 15 
1252 15 15 
1253 15 15 
1254 15 15 
1255 15 15 
1256 15 15 
1257 15 15 
1258 15 15 
1259 15 15 
1260 15 15 
1261 15 15 
1262 15 15 
1263 15 15 
1264 15 15 
1265 15 15 
1266 15 15 
1267 15 15 
1268 15 15 
1269 15 15 
1270 15 15 
1271 15 15 
1272 15 15 
1273 15 15 
1274 15 15 
1275 15 15 
1276 15 15 
1277 15 15 
1278 15 15 
1279 15 15 
1280 15 15 
1281 15 15 
1282 15 15 
1283 15 15 
1284 15 15 
1285 15 15 
1286 15 15 
1287 15 15 
1288 15 15 
1289 15 15 
1290 15 15 
1291 15 15 
1292 15 15 
1293 15 15 
1294 15 15 
1295 15 15 
1296 15 15 
1297 15 15 
1298 15 15 
1299 15 15 
1300 15 15 
1301 15 15 
1302 15 15 
1303 15 15 
1304 15 15 
1305 15 15 
1306 15 15 
1307 15 15 
1308 15 15 
1309 15 15 
1310 15 15 
1311 15 15 
1312 15 15 
1313 15 15 
1314 15 15 
1315 15 15 
1316 15 15 
1317 15 15 
1318 15 15 
1319 15 15 
1320 15 15 
1321 15 15 
1322 15 15 
1323 15 15 
1324 15 15 
1325 15 15 
1326 15 1 
1327 1 15 
1328 15 1 
1329 1 15 
1330 15 1 
1331 1 15 
1332 15 15 
1333 15 15 
1334 15 15 
1335 15 15 
1336 15 15 
1337 15 15 
1338 15 15 
1339 15 15 
1340 15 15 
1341 15 15 
1342 15 15 
1343 15 15 
1344 15 15 
1345 15 15 
1346 15 15 
1347 15 15 
1348 15 15 
1349 15 15 
1350 15 15 
1351 15 15 
1352 15 15 
1353 15 15 
1354 15 15 
1355 15 15 
1356 15 15 
1357 15 15 
1358 15 15 
1359 15 15 
1360 15 15 
1361 15 15 
1362 15 15 
1363 15 15 
1364 15 15 
1365 15 15 
1366 15 15 
1367 15 15 
1368 15 15 
1369 15 15 
1370 15 15 
1371 15 15 
1372 15 15 
1373 15 15 
1374 15 15 
1375 15 15 
1376 15 15 
1377 15 15 
1378 15 15 
1379 15 15 
1380 15 15 
1381 15 15 
1382 15 15 
1383 15 15 
1384 15 15 
1385 15 15 
1386 15 15 
1387 15 15 
1388 15 15 
1389 15 15 
1390 15 15 
1391 15 15 
1392 15 15 
1393 15 15 
1394 15 15 
1395 15 15 
1396 15 15 
1397 15 15 
1398 15 15 
1399 15 15 
1400 15 15 
1401 15 15 
1402 15 15 
1403 15 15 
1404 15 15 
1405 15 15 
1406 15 15 
1407 15 15 
1408 15 15 
1409 15 15 
1410 15 15 
1411 15 15 
1412 15 15 
1413 15 15 
1414 15 15 
1415 15 15 
1416 15 15 
1417 15 15 
1418 15 15 
1419 15 15 
1420 15 15 
1421 15 15 
1422 15 15 
1423 15 15 
1424 15 15 
1425 15 15 
1426 15 15 
1427 15 15 
1428 15 15 
1429 15 15 
1430 15 15 
1431 15 15 
1432 15 15 
1433 15 15 
1434 15 15 
1435 15 15 
1436 15 15 
1437 15 15 
1438 15 15 
1439 15 15 
1440 15 15 
1441 15 15 
1442 15 15 
1443 15 15 
1444 15 15 
1445 15 15 
1446 15 15 
1447 15 15 
1448 15 15 
1449 15 15 
1450 15 15 
1451 15 15 
1452 15 15 
1453 15 15 
1454 15 15 
1455 15 15 
1456 15 15 
1457 15 15 
1458 15 15 
1459 15 15 
1460 15 15 
1461 15 15 
1462 15 15 
1463 15 15 
1464 15 15 
1465 15 15 
1466 15 15 
1467 15 15 
1468 15 15 
1469 15 15 
1470 15 15 
1471 15 15 
1472 15 15 
1473 15 15 
1474 15 15 
1475 15 15 
1476 15 15 
1477 15 15 
1478 15 15 
1479 15 15 
1480 15 15 
1481 15 15 
1482 15 15 
1483 15 15 
1484 15 15 
1485 15 15 
1486 15 15 
1487 15 15 
1488 15 15 
1489 15 15 
1490 15 15 
1491 15 15 
1492 15 15 
1493 15 15 
1494 15 15 
1495 15 15 
1496 15 15 
1497 15 15 
1498 15 15 
1499 15 15 
1500 15 15 
1501 15 15 
1502 15 15 
1503 15 15 
1504 15 15 
1505 15 15 
1506 15 15 
1507 15 15 
1508 15 15 
1509 15 15 
1510 15 15 
1511 15 15 
1512 15 15 
1513 15 15 
1514 15 15 
1515 15 15 
1516 15 15 
1517 15 15 
1518 15 15 
1519 15 15 
1520 15 15 
1521 15 15 
1522 15 15 
1523 15 15 
1524 15 15 
1525 15 15 
1526 15 15 
1527 15 15 
1528 15 15 
1529 15 15 
1530 15 15 
1531 15 15 
1532 15 15 
1533 15 15 
1534 15 15 
1535 15 15 
1536 15 15 
1537 15 15 
1538 15 15 
1539 15 15 
1540 15 15 
1541 15 15 
1542 15 15 
1543 15 15 
1544 15 15 
1545 15 15 
1546 15 15 
1547 15 15 
1548 15 15 
1549 15 15 
1550 15 15 
1551 15 15 
1552 15 15 
1553 15 15 
1554 15 15 
1555 15 15 
1556 15 15 
1557 15 15 
1558 15 15 
1559 15 15 
1560 15 15 
1561 15 15 
1562 15 15 
1563 15 15 
1564 15 15 
1565 15 15 
1566 15 15 
1567 15 15 
1568 15 15 
1569 15 15 
1570 15 15 
1571 15 15 
1572 15 15 
1573 15 15 
1574 15 15 
1575 15 15 
1576 15 15 
1577 15 15 
1578 15 15 
1579 15 15 
1580 15 15 
1581 15 15 
1582 15 15 
1583 15 15 
1584 15 15 
1585 15 15 
1586 15 15 
1587 15 15 
1588 15 15 
1589 15 15 
1590 15 15 
1591 15 15 
1592 15 15 
1593 15 15 
1594 15 15 
1595 15 15 
1596 15 15 
1597 15 15 
1598 15 15 
1599 15 15 
1600 15 15 
1601 15 15 
1602 15 15 
1603 15 15 
1604 15 15 
1605 15 15 
1606 15 15 
1607 15 15 
1608 15 15 
1609 15 15 
1610 15 15 
1611 15 15 
1612 15 15 
1613 15 15 
1614 15 15 
1615 15 15 
1616 15 15 
1617 15 15 
1618 15 15 
1619 15 15 
1620 15 15 
1621 15 15 
1622 15 15 
1623 15 15 
1624 15 15 
1625 15 15 
1626 15 15 
1627 15 15 
1628 15 15 
1629 15 15 
1630 15 15 
1631 15 15 
1632 15 15 
1633 15 15 
1634 15 15 
1635 15 15 
1636 15 15 
1637 15 15 
1638 15 15 
1639 15 15 
1640 15 15 
1641 15 15 
1642 15 15 
1643 15 15 
1644 15 15 
1645 15 15 
1646 15 15 
1647 15 15 
1648 15 15 
1649 15 15 
1650 15 15 
1651 15 15 
1652 15 15 
1653 15 15 
1654 15 15 
1655 15 15 
1656 15 15 
1657 15 15 
1658 15 15 
1659 15 15 
1660 15 15 
1661 15 15 
1662 15 15 
1663 15 15 
1664 15 15 
1665 15 15 
1666 15 15 
1667 15 15 
1668 15 15 
1669 15 15 
1670 15 15 
1671 15 15 
1672 15 15 
1673 15 15 
1674 15 15 
1675 15 15 
1676 15 15 
1677 15 15 
1678 15 15 
1679 15 15 
1680 15 15 
1681 15 15 
1682 15 15 
1683 15 15 
1684 15 15 
1685 15 15 
1686 15 15 
1687 15 15 
1688 15 15 
1689 15 15 
1690 15 15 
1691 15 15 
1692 15 15 
1693 15 15 
1694 15 15 
1695 15 15 
1696 15 15 
1697 15 15 
1698 15 15 
1699 15 15 
1700 15 15 
1701 15 15 
1702 15 15 
1703 15 15 
1704 15 15 
1705 15 15 
1706 15 15 
1707 15 15 
1708 15 15 
1709 15 15 
1710 15 15 
1711 15 15 
1712 15 15 
1713 15 15 
1714 15 15 
1715 15 15 
1716 15 15 
1717 15 15 
1718 15 15 
1719 15 15 
1720 15 15 
1721 15 15 
1722 15 15 
1723 15 15 
1724 15 15 
1725 15 15 
1726 15 15 
1727 15 15 
1728 15 15 
1729 15 15 
1730 15 15 
1731 15 15 
1732 15 15 
1733 15 15 
1734 15 15 
1735 15 15 
1736 15 15 
1737 15 15 
1738 15 15 
1739 15 15 
1740 15 15 
1741 15 15 
1742 15 15 
1743 15 15 
1744 15 15 
1745 15 15 
1746 15 15 
1747 15 15 
1748 15 15 
1749 15 15 
1750 15 15 
1751 15 15 
1752 15 15 
1753 15 15 
1754 15 15 
1755 15 15 
1756 15 15 
1757 15 15 
1758 15 15 
1759 15 15 
1760 15 15 
1761 15 15 
1762 15 15 
1763 15 15 
1764 15 15 
1765 15 15 
1766 15 15 
1767 15 15 
1768 15 15 
1769 15 15 
1770 15 15 
1771 15 15 
1772 15 15 
1773 15 15 
1774 15 15 
1775 15 15 
1776 15 15 
1777 15 15 
1778 15 15 
1779 15 15 
1780 15 15 
1781 15 15 
1782 15 15 
1783 15 15 
1784 15 15 
1785 15 15 
1786 15 15 
1787 15 15 
1788 15 15 
1789 15 15 
1790 15 15 
1791 15 15 
1792 15 15 
1793 15 15 
1794 15 15 
1795 15 15 
1796 15 15 
1797 15 15 
1798 15 15 
1799 15 15 
1800 15 15 
1801 15 15 
1802 15 15 
1803 15 15 
1804 15 15 
1805 15 15 
1806 15 15 
1807 15 15 
1808 15 15 
1809 15 15 
1810 15 15 
1811 15 15 
1812 15 15 
1813 15 15 
1814 15 15 
1815 15 15 
1816 15 15 
1817 15 15 
1818 15 15 
1819 15 15 
1820 15 15 
1821 15 15 
1822 15 15 
1823 15 15 
1824 15 15 
1825 15 15 
1826 15 15 
1827 15 15 
1828 15 15 
1829 15 15 
1830 15 15 
1831 15 15 
1832 15 15 
1833 15 15 
1834 15 15 
1835 15 15 
1836 15 15 
1837 15 15 
1838 15 15 
1839 15 15 
1840 15 15 
1841 15 15 
1842 15 15 
1843 15 15 
1844 15 15 
1845 15 15 
1846 15 15 
1847 15 15 
1848 15 15 
1849 15 15 
1850 15 15 
1851 15 15 
1852 15 15 
1853 15 15 
1854 15 15 
1855 15 15 
1856 15 15 
1857 15 15 
1858 15 15 
1859 15 15 
1860 15 15 
1861 15 15 
1862 15 15 
1863 15 15 
1864 15 15 
1865 15 15 
1866 15 15 
1867 15 15 
1868 15 15 
1869 15 15 
1870 15 15 
1871 15 15 
1872 15 15 
1873 15 15 
1874 15 15 
1875 15 15 
1876 15 15 
1877 15 15 
1878 15 15 
1879 15 15 
1880 15 15 
1881 15 15 
1882 15 15 
1883 15 15 
1884 15 15 
1885 15 15 
1886 15 15 
1887 15 15 
1888 15 15 
1889 15 15 
1890 15 15 
1891 15 15 
1892 15 15 
1893 15 15 
1894 15 15 
1895 15 15 
1896 15 15 
1897 15 15 
1898 15 15 
1899 15 15 
1900 15 15 
1901 15 15 
1902 15 15 
1903 15 15 
1904 15 15 
1905 15 15 
1906 15 15 
1907 15 15 
1908 15 15 
1909 15 15 
1910 15 15 
1911 15 15 
1912 15 15 
1913 15 15 
1914 15 15 
1915 15 15 
1916 15 15 
1917 15 15 
1918 15 15 
1919 15 15 
1920 15 15 
1921 15 15 
1922 15 15 
1923 15 15 
1924 15 15 
1925 15 15 
1926 15 15 
1927 15 15 
1928 15 15 
1929 15 15 
1930 15 15 
1931 15 15 
1932 15 15 
1933 15 15 
1934 15 15 
1935 15 15 
1936 15 15 
1937 15 15 
1938 15 15 
1939 15 15 
1940 15 15 
1941 15 15 
1942 15 15 
1943 15 15 
1944 15 15 
1945 15 15 
1946 15 15 
1947 15 15 
1948 15 15 
1949 15 15 
1950 15 15 
1951 15 15 
1952 15 15 
1953 15 15 
1954 15 15 
1955 15 15 
1956 15 15 
1957 15 15 
1958 15 15 
1959 15 15 
1960 15 15 
1961 15 15 
1962 15 15 
1963 15 15 
1964 15 15 
1965 15 15 
1966 15 15 
1967 15 15 
1968 15 15 
1969 15 15 
1970 15 15 
1971 15 15 
1972 15 15 
1973 15 15 
1974 15 15 
1975 15 15 
1976 15 15 
1977 15 15 
1978 15 15 
1979 15 15 
1980 15 15 
1981 15 15 
1982 15 15 
1983 15 15 
1984 15 15 
1985 15 15 
1986 15 15 
1987 15 15 
1988 15 15 
1989 15 15 
1990 15 15 
1991 15 15 
1992 15 15 
1993 15 15 
1994 15 15 
1995 15 15 
1996 15 15 
1997 15 15 
1998 15 15 
1999 15 15 
2000 15 15 
2001 15 15 
2002 15 15 
2003 15 15 
2004 15 15 
2005 15 15 
2006 15 15 
2007 15 15 
2008 15 15 
2009 15 15 
2010 15 15 
2011 15 15 
2012 15 15 
2013 15 15 
2014 15 15 
2015 15 15 
2016 15 15 
2017 15 15 
2018 15 15 
2019 15 15 
2020 15 15 
2021 15 15 
2022 15 15 
2023 15 15 
2024 15 15 
2025 15 15 
2026 15 15 
2027 15 15 
2028 15 15 
2029 15 15 
2030 15 15 
2031 15 15 
2032 15 15 
2033 15 15 
2034 15 15 
2035 15 15 
2036 15 15 
2037 15 15 
2038 15 15 
2039 15 15 
2040 15 15 
2041 15 15 
2042 15 15 
2043 15 15 
2044 15 15 
2045 15 15 
2046 15 15 
2047 15 15 
2048 15 15 
2049 15 15 
2050 15 15 
2051 15 15 
2052 15 15 
2053 15 15 
2054 15 15 
2055 15 15 
2056 15 15 
2057 15 15 
2058 15 15 
2059 15 15 
2060 15 15 
2061 15 15 
2062 15 15 
2063 15 15 
2064 15 15 
2065 15 15 
2066 15 15 
2067 15 15 
2068 15 15 
2069 15 15 
2070 15 15 
2071 15 15 
2072 15 15 
2073 15 15 
2074 15 15 
2075 15 15 
2076 15 15 
2077 15 15 
2078 15 15 
2079 15 15 
2080 15 15 
2081 15 15 
2082 15 15 
2083 15 15 
2084 15 15 
2085 15 15 
2086 15 15 
2087 15 15 
2088 15 15 
2089 15 15 
2090 15 15 
2091 15 15 
2092 15 15 
2093 15 15 
2094 15 15 
2095 15 15 
2096 15 15 
2097 15 15 
2098 15 15 
2099 15 15 
2100 15 15 
2101 15 15 
2102 15 15 
2103 15 15 
2104 15 15 
2105 15 15 
2106 15 15 
2107 15 15 
2108 15 15 
2109 15 15 
2110 15 15 
2111 15 15 
2112 15 15 
2113 15 15 
2114 15 15 
2115 15 15 
2116 15 15 
2117 15 15 
2118 15 15 
2119 15 15 
2120 15 15 
2121 15 15 
2122 15 15 
2123 15 15 
2124 15 15 
2125 15 15 
2126 15 15 
2127 15 15 
2128 15 15 
2129 15 15 
2130 15 15 
2131 15 15 
2132 15 15 
2133 15 15 
2134 15 15 
2135 15 15 
2136 15 15 
2137 15 15 
2138 15 15 
2139 15 15 
2140 15 15 
2141 15 15 
2142 15 15 
2143 15 15 
2144 15 15 
2145 15 15 
2146 15 15 
2147 15 15 
2148 15 15 
2149 15 15 
2150 15 15 
2151 15 15 
2152 15 15 
2153 15 15 
2154 15 15 
2155 15 15 
2156 15 15 
2157 15 15 
2158 15 15 
2159 15 15 
2160 15 15 
2161 15 15 
2162 15 15 
2163 15 15 
2164 15 15 
2165 15 15 
2166 15 15 
2167 15 15 
2168 15 15 
2169 15 15 
2170 15 15 
2171 15 15 
2172 15 15 
2173 15 15 
2174 15 15 
2175 15 15 
2176 15 15 
2177 15 15 
2178 15 15 
2179 15 15 
2180 15 15 
2181 15 15 
2182 15 15 
2183 15 15 
2184 15 15 
2185 15 15 
2186 15 15 
2187 15 15 
2188 15 15 
2189 15 15 
2190 15 15 
2191 15 15 
2192 15 15 
2193 15 15 
2194 15 15 
2195 15 15 
2196 15 15 
2197 15 15 
2198 15 15 
2199 15 15 
2200 15 15 
2201 15 15 
2202 15 15 
2203 15 15 
2204 15 15 
2205 15 15 
2206 15 15 
2207 15 15 
2208 15 15 
2209 15 15 
2210 15 15 
2211 15 15 
2212 15 15 
2213 15 15 
2214 15 15 
2215 15 15 
2216 15 15 
2217 15 15 
2218 15 15 
2219 15 15 
2220 15 15 
2221 15 15 
2222 15 15 
2223 15 15 
2224 15 15 
2225 15 15 
2226 15 15 
2227 15 15 
2228 15 15 
2229 15 15 
2230 15 15 
2231 15 15 
2232 15 15 
2233 15 15 
2234 15 15 
2235 15 15 
2236 15 15 
2237 15 15 
2238 15 15 
2239 15 15 
2240 15 15 
2241 15 15 
2242 15 15 
2243 15 15 
2244 15 15 
2245 15 15 
2246 15 15 
2247 15 15 
2248 15 15 
2249 15 15 
2250 15 15 
2251 15 15 
2252 15 15 
2253 15 15 
2254 15 15 
2255 15 15 
2256 15 15 
2257 15 15 
2258 15 15 
2259 15 15 
2260 15 15 
2261 15 15 
2262 15 15 
2263 15 15 
2264 15 15 
2265 15 15 
2266 15 15 
2267 15 15 
2268 15 15 
2269 15 15 
2270 15 15 
2271 15 15 
2272 15 15 
2273 15 15 
2274 15 15 
2275 15 15 
2276 15 15 
2277 15 15 
2278 15 15 
2279 15 15 
2280 15 15 
2281 15 15 
2282 15 15 
2283 15 15 
2284 15 15 
2285 15 15 
2286 15 15 
2287 15 15 
2288 15 15 
2289 15 15 
2290 15 15 
2291 15 15 
2292 15 15 
2293 15 15 
2294 15 15 
2295 15 15 
2296 15 15 
2297 15 15 
2298 15 15 
2299 15 15 
2300 15 15 
2301 15 15 
2302 15 15 
2303 15 15 
2304 15 15 
2305 15 15 
2306 15 15 
2307 15 15 
2308 15 15 
2309 15 15 
2310 15 15 
2311 15 15 
2312 15 15 
2313 15 15 
2314 15 15 
2315 15 15 
2316 15 15 
2317 15 15 
2318 15 15 
2319 15 15 
2320 15 15 
2321 15 15 
2322 15 15 
2323 15 15 
2324 15 15 
2325 15 15 
2326 15 15 
2327 15 15 
2328 15 15 
2329 15 15 
2330 15 15 
2331 15 15 
2332 15 15 
2333 15 15 
2334 15 15 
2335 15 15 
2336 15 15 
2337 15 15 
2338 15 15 
2339 15 15 
2340 15 15 
2341 15 15 
2342 15 15 
2343 15 15 
2344 15 15 
2345 15 15 
2346 15 15 
2347 15 15 
2348 15 15 
2349 15 15 
2350 15 15 
2351 15 15 
2352 15 15 
2353 15 15 
2354 15 15 
2355 15 15 
2356 15 15 
2357 15 15 
2358 15 15 
2359 15 15 
2360 15 15 
2361 15 15 
2362 15 15 
2363 15 15 
2364 15 15 
2365 15 15 
2366 15 15 
2367 15 15 
2368 15 15 
2369 15 15 
2370 15 15 
2371 15 15 
2372 15 15 
2373 15 15 
2374 15 15 
2375 15 15 
2376 15 15 
2377 15 15 
2378 15 15 
2379 15 15 
2380 15 15 
2381 15 15 
2382 15 15 
2383 15 15 
2384 15 15 
2385 15 15 
2386 15 15 
2387 15 15 
2388 15 15 
2389 15 15 
2390 15 15 
2391 15 15 
2392 15 15 
2393 15 15 
2394 15 15 
2395 15 15 
2396 15 15 
2397 15 15 
2398 15 15 
2399 15 15 
2400 15 15 
2401 15 15 
2402 15 15 
2403 15 15 
2404 15 15 
2405 15 15 
2406 15 15 
2407 15 15 
2408 15 15 
2409 15 15 
2410 15 15 
2411 15 15 
2412 15 15 
2413 15 15 
2414 15 15 
2415 15 15 
2416 15 15 
2417 15 15 
2418 15 15 
2419 15 15 
2420 15 15 
2421 15 15 
2422 15 15 
2423 15 15 
2424 15 15 
2425 15 15 
2426 15 15 
2427 15 15 
2428 15 15 
2429 15 15 
2430 15 15 
2431 15 15 
2432 15 15 
2433 15 15 
2434 15 15 
2435 15 15 
2436 15 15 
2437 15 15 
2438 15 15 
2439 15 15 
2440 15 15 
2441 15 15 
2442 15 15 
2443 15 15 
2444 15 15 
2445 15 15 
2446 15 15 
2447 15 15 
2448 15 15 
2449 15 15 
2450 15 15 
2451 15 15 
2452 15 15 
2453 15 15 
2454 15 15 
2455 15 15 
2456 15 15 
2457 15 15 
2458 15 15 
2459 15 15 
2460 15 15 
2461 15 15 
2462 15 15 
2463 15 15 
2464 15 15 
2465 15 15 
2466 15 15 
2467 15 15 
2468 15 15 
2469 15 15 
2470 15 15 
2471 15 15 
2472 15 15 
2473 15 15 
2474 15 15 
2475 15 15 
2476 15 15 
2477 15 15 
2478 15 15 
2479 15 15 
2480 15 15 
2481 15 15 
2482 15 15 
2483 15 15 
2484 15 15 
2485 15 15 
2486 15 15 
2487 15 15 
2488 15 15 
2489 15 15 
2490 15 15 
2491 15 15 
2492 15 15 
2493 15 15 
2494 15 15 
2495 15 15 
2496 15 15 
2497 15 15 
2498 15 15 
2499 15 15 
2500 15 15 
2501 15 15 
2502 15 15 
2503 15 15 
2504 15 15 
2505 15 15 
2506 15 15 
2507 15 15 
2508 15 15 
2509 15 15 
2510 15 15 
2511 15 15 
2512 15 15 
2513 15 15 
2514 15 15 
2515 15 15 
2516 15 15 
2517 15 15 
2518 15 15 
2519 15 15 
2520 15 15 
2521 15 15 
2522 15 15 
2523 15 15 
2524 15 15 
2525 15 15 
2526 15 15 
2527 15 15 
2528 15 15 
2529 15 15 
2530 15 15 
2531 15 15 
2532 15 15 
2533 15 15 
2534 15 15 
2535 15 15 
2536 15 15 
2537 15 15 
2538 15 15 
2539 15 15 
2540 15 15 
2541 15 15 
2542 15 15 
2543 15 15 
2544 15 15 
2545 15 15 
2546 15 15 
2547 15 15 
2548 15 15 
2549 15 15 
2550 15 15 
2551 15 15 
2552 15 15 
2553 15 15 
2554 15 15 
2555 15 15 
2556 15 15 
2557 15 15 
2558 15 15 
2559 15 15 
2560 15 15 
2561 15 15 
2562 15 15 
2563 15 15 
2564 15 15 
2565 15 15 
2566 15 15 
2567 15 15 
2568 15 15 
2569 15 15 
2570 15 15 
2571 15 15 
2572 15 15 
2573 15 15 
2574 15 15 
2575 15 15 
2576 15 15 
2577 15 15 
2578 15 15 
2579 15 15 
2580 15 15 
2581 15 15 
2582 15 15 
2583 15 15 
2584 15 15 
2585 15 15 
2586 15 15 
2587 15 15 
2588 15 15 
2589 15 15 
2590 15 15 
2591 15 15 
2592 15 15 
2593 15 15 
2594 1 15 
2595 15 15 
2596 1 15 
2597 15 1 
2598 15 15 
2599 15 1 
2600 15 15 
2601 15 15 
2602 15 15 
2603 15 15 
2604 15 15 
2605 15 15 
2606 15 15 
2607 15 15 
2608 15 15 
2609 15 15 
2610 15 15 
2611 15 15 
2612 15 15 
2613 15 15 
2614 15 15 
2615 15 15 
2616 15 15 
2617 15 15 
2618 1 15 
2619 15 15 
2620 1 15 
2621 15 1 
2622 1 15 
2623 15 1 
2624 1 15 
2625 15 1 
2626 15 15 
2627 15 1 
2628 15 15 
2629 15 15 
2630 15 15 
2631 15 15 
2632 15 15 
2633 15 15 
2634 15 15 
2635 15 15 
2636 15 15 
2637 15 15 
2638 15 15 
2639 15 15 
2640 15 15 
2641 15 15 
2642 15 15 
2643 15 15 
2644 1 15 
2645 15 15 
2646 15 15 
2647 15 1 
2648 15 15 
2649 15 15 
2650 15 15 
2651 15 15 
2652 15 15 
2653 15 15 
2654 15 15 
2655 15 15 
2656 15 15 
2657 15 15 
2658 1 15 
2659 15 15 
2660 1 15 
2661 15 1 
2662 1 15 
2663 15 1 
2664 15 15 
2665 15 1 
2666 15 15 
2667 15 15 
2668 15 15 
2669 15 15 
2670 15 15 
2671 15 15 
2672 15 15 
2673 15 15 
2674 15 15 
2675 15 15 
2676 15 15 
2677 15 15 
2678 15 15 
2679 15 15 
2680 15 15 
2681 15 15 
2682 15 15 
2683 15 15 
2684 15 15 
2685 15 15 
2686 15 15 
2687 15 15 
2688 15 15 
2689 15 15 
2690 15 15 
2691 15 15 
2692 15 15 
2693 15 15 
2694 15 15 
2695 15 15 
2696 15 15 
2697 15 15 
2698 15 15 
2699 15 15 
2700 15 15 
2701 15 15 
2702 15 15 
2703 15 15 
2704 15 15 
2705 15 15 
2706 15 15 
2707 15 15 
2708 15 15 
2709 15 15 
2710 15 15 
2711 15 15 
2712 15 15 
2713 15 15 
2714 15 15 
2715 15 15 
2716 15 15 
2717 15 15 
2718 15 15 
2719 15 15 
2720 15 15 
2721 15 15 
2722 15 15 
2723 15 15 
2724 15 15 
2725 15 15 
2726 15 15 
2727 15 15 
2728 15 15 
2729 15 15 
2730 15 15 
2731 15 15 
2732 15 15 
2733 15 15 
2734 15 15 
2735 15 15 
2736 15 15 
2737 15 15 
2738 15 15 
2739 15 15 
2740 15 15 
2741 15 15 
2742 15 15 
2743 15 15 
2744 15 15 
2745 15 15 
2746 15 15 
2747 15 15 
2748 15 15 
2749 15 15 
2750 15 15 
2751 15 15 
2752 15 15 
2753 15 15 
2754 15 15 
2755 15 15 
2756 15 15 
2757 15 15 
2758 15 15 
2759 15 15 
2760 15 15 
2761 15 15 
2762 15 15 
2763 15 15 
2764 15 15 
2765 15 15 
2766 15 15 
2767 15 15 
2768 15 15 
2769 15 15 
2770 15 15 
2771 15 15 
2772 15 15 
2773 15 15 
2774 15 15 
2775 15 15 
2776 15 15 
2777 15 15 
2778 15 15 
2779 15 15 
2780 15 15 
2781 15 15 
2782 15 15 
2783 15 15 
2784 15 15 
2785 15 15 
2786 15 15 
2787 15 15 
2788 15 15 
2789 15 15 
2790 15 15 
2791 15 15 
2792 15 15 
2793 15 15 
2794 15 15 
2795 15 15 
2796 15 15 
2797 15 15 
2798 15 15 
2799 15 15 
2800 15 15 
2801 15 15 
2802 15 15 
2803 15 15 
2804 15 15 
2805 15 15 
2806 15 15 
2807 15 15 
2808 15 15 
2809 15 15 
2810 15 15 
2811 15 15 
2812 15 15 
2813 15 15 
2814 15 15 
2815 15 15 
2816 15 15 
2817 15 15 
2818 15 15 
2819 15 15 
2820 15 15 
2821 15 15 
2822 15 15 
2823 15 15 
2824 15 15 
2825 15 15 
2826 15 15 
2827 15 15 
2828 15 15 
2829 15 15 
2830 15 15 
2831 15 15 
2832 15 15 
2833 15 15 
2834 15 15 
2835 15 15 
2836 15 15 
2837 15 15 
2838 15 15 
2839 15 15 
2840 15 15 
2841 15 15 
2842 15 15 
2843 15 15 
2844 15 15 
2845 15 15 
2846 15 15 
2847 15 15 
2848 15 15 
2849 15 15 
2850 15 15 
2851 15 15 
2852 15 15 
2853 15 15 
2854 15 15 
2855 15 15 
2856 15 15 
2857 15 15 
2858 15 15 
2859 15 15 
2860 15 15 
2861 15 15 
2862 15 15 
2863 15 15 
2864 15 15 
2865 15 15 
2866 15 15 
2867 15 15 
2868 15 15 
2869 15 15 
2870 15 15 
2871 15 15 
2872 15 15 
2873 15 15 
2874 15 15 
2875 15 15 
2876 15 15 
2877 15 15 
2878 15 15 
2879 15 15 
2880 15 15 
2881 15 15 
2882 15 15 
2883 15 15 
2884 15 15 
2885 15 15 
2886 15 15 
2887 15 15 
2888 15 15 
2889 15 15 
2890 15 15 
2891 15 15 
2892 15 15 
2893 15 15 
2894 15 15 
2895 15 15 
2896 15 15 
2897 15 15 
2898 15 15 
2899 15 15 
2900 15 15 
2901 15 15 
2902 15 15 
2903 15 15 
2904 15 15 
2905 15 15 
2906 15 15 
2907 15 15 
2908 15 15 
2909 15 15 
2910 15 15 
2911 15 15 
2912 15 15 
2913 15 15 
2914 15 15 
2915 15 15 
2916 15 15 
2917 15 15 
2918 15 15 
2919 15 15 
2920 15 15 
2921 15 15 
2922 15 15 
2923 15 15 
2924 15 15 
2925 15 15 
2926 15 15 
2927 15 15 
2928 15 15 
2929 15 15 
2930 15 15 
2931 15 15 
2932 15 15 
2933 15 15 
2934 15 15 
2935 15 15 
2936 15 15 
2937 15 15 
2938 15 15 
2939 15 15 
2940 15 15 
2941 15 15 
2942 15 15 
2943 15 15 
2944 15 15 
2945 15 15 
2946 15 15 
2947 15 15 
2948 15 15 
2949 15 15 
2950 15 15 
2951 15 15 
2952 15 15 
2953 15 15 
2954 15 15 
2955 15 15 
2956 15 15 
2957 15 15 
2958 15 15 
2959 15 15 
2960 15 15 
2961 15 15 
2962 15 15 
2963 15 15 
2964 15 15 
2965 15 15 
2966 15 15 
2967 15 15 
2968 15 15 
2969 15 15 
2970 15 15 
2971 15 15 
2972 15 15 
2973 15 15 
2974 15 15 
2975 15 15 
2976 15 15 
2977 15 15 
2978 15 15 
2979 15 15 
2980 15 15 
2981 15 15 
2982 15 15 
2983 15 15 
2984 15 15 
2985 15 15 
2986 15 15 
2987 15 15 
2988 15 15 
2989 15 15 
2990 15 15 
2991 15 15 
2992 15 15 
2993 15 15 
2994 15 15 
2995 15 15 
2996 15 15 
2997 15 15 
2998 15 15 
2999 15 15 
3000 15 15 
3001 15 15 
3002 15 15 
3003 15 15 
3004 15 15 
3005 15 15 
3006 15 15 
3007 15 15 
3008 15 15 
3009 15 15 
3010 15 15 
3011 15 15 
3012 15 15 
3013 15 15 
3014 15 15 
3015 15 15 
3016 15 15 
3017 15 15 
3018 15 15 
3019 15 15 
3020 15 15 
3021 15 15 
3022 15 15 
3023 15 15 
3024 15 15 
3025 15 15 
3026 15 15 
3027 15 15 
3028 15 15 
3029 15 15 
3030 15 15 
3031 15 15 
3032 15 15 
3033 15 15 
3034 15 15 
3035 15 15 
3036 15 15 
3037 15 15 
3038 15 15 
3039 15 15 
3040 15 15 
3041 15 15 
3042 15 15 
3043 15 15 
3044 15 15 
3045 15 15 
3046 15 15 
3047 15 15 
3048 15 15 
3049 15 15 
3050 15 15 
3051 15 15 
3052 15 15 
3053 15 15 
3054 15 15 
3055 15 15 
3056 15 15 
3057 15 15 
3058 15 15 
3059 15 15 
3060 15 15 
3061 15 15 
3062 15 15 
3063 15 15 
3064 15 15 
3065 15 15 
3066 15 15 
3067 15 15 
3068 15 15 
3069 15 15 
3070 15 15 
3071 15 15 
3072 15 15 
3073 15 15 
3074 15 15 
3075 15 15 
3076 15 15 
3077 15 15 
3078 15 15 
3079 15 15 
3080 15 15 
3081 15 15 
3082 15 15 
3083 15 15 
3084 15 15 
3085 15 15 
3086 15 15 
3087 15 15 
3088 15 15 
3089 15 15 
3090 15 15 
3091 15 15 
3092 15 15 
3093 15 15 
3094 15 15 
3095 15 15 
3096 15 15 
3097 15 15 
3098 15 15 
3099 15 15 
3100 15 15 
3101 15 15 
3102 15 15 
3103 15 15 
3104 15 15 
3105 15 15 
3106 15 15 
3107 15 15 
3108 15 15 
3109 15 15 
3110 15 15 
3111 15 15 
3112 15 15 
3113 15 15 
3114 15 15 
3115 15 15 
3116 15 15 
3117 15 15 
3118 15 15 
3119 15 15 
3120 15 15 
3121 15 15 
3122 15 15 
3123 15 15 
3124 15 15 
3125 15 15 
3126 15 15 
3127 15 15 
3128 15 15 
3129 15 15 
3130 15 15 
3131 15 15 
3132 15 15 
3133 15 15 
3134 15 15 
3135 15 15 
3136 15 15 
3137 15 15 
3138 15 15 
3139 15 15 
3140 15 15 
3141 15 15 
3142 15 15 
3143 15 15 
3144 15 15 
3145 15 15 
3146 15 15 
3147 15 15 
3148 15 15 
3149 15 15 
3150 15 15 
3151 15 15 
3152 15 15 
3153 15 15 
3154 15 15 
3155 15 15 
3156 15 15 
3157 15 15 
3158 15 15 
3159 15 15 
3160 15 15 
3161 15 15 
3162 15 15 
3163 15 15 
3164 15 15 
3165 15 15 
3166 15 15 
3167 15 15 
3168 15 15 
3169 15 15 
3170 15 15 
3171 15 15 
3172 15 15 
3173 15 15 
3174 15 15 
3175 15 15 
3176 15 15 
3177 15 15 
3178 15 15 
3179 15 15 
3180 15 15 
3181 15 15 
3182 15 15 
3183 1 15 
3184 15 1 
3185 1 15 
3186 15 1 
3187 1 15 
3188 15 1 
3189 1 15 
3190 15 1 
3191 15 15 
3192 15 15 
3193 15 15 
3194 15 15 
3195 15 15 
3196 15 15 
3197 15 15 
3198 15 15 
3199 15 15 
3200 15 15 
3201 1 15 
3202 15 1 
3203 1 15 
3204 15 1 
3205 15 15 
3206 15 15 
3207 15 15 
3208 15 15 
3209 15 15 
3210 15 15 
3211 15 15 
3212 15 15 
3213 15 15 
3214 15 15 
3215 15 15 
3216 15 15 
3217 15 15 
3218 15 15 
3219 15 15 
3220 15 15 
3221 15 15 
3222 15 15 
3223 1 15 
3224 15 1 
3225 1 15 
3226 15 1 
3227 1 15 
3228 15 1 
3229 1 15 
3230 15 1 
3231 1 15 
3232 15 1 
3233 1 15 
3234 15 1 
3235 1 15 
3236 15 1 
3237 1 15 
3238 15 1 
3239 1 15 
3240 15 1 
3241 1 15 
3242 15 1 
3243 1 15 
3244 15 1 
3245 1 15 
3246 15 1 
3247 1 15 
3248 15 1 
3249 15 15 
3250 15 15 
3251 15 15 
3252 15 15 
3253 15 15 
3254 15 15 
3255 15 15 
3256 15 15 
3257 15 15 
3258 15 15 
3259 15 15 
3260 15 15 
3261 15 15 
3262 15 15 
3263 15 15 
3264 15 15 
3265 15 15 
3266 15 15 
3267 15 15 
3268 15 15 
3269 1 15 
3270 15 1 
3271 1 15 
3272 15 1 
3273 1 15 
3274 15 1 
3275 15 15 
3276 15 15 
3277 15 15 
3278 15 15 
3279 15 15 
3280 15 15 
3281 15 15 
3282 15 15 
3283 15 15 
3284 15 15 
3285 15 15 
3286 15 15 
3287 15 15 
3288 15 15 
3289 15 15 
3290 15 15 
3291 15 15 
3292 15 15 
3293 15 15 
3294 15 15 
3295 15 15 
3296 15 15 
3297 15 15 
3298 15 15 
3299 15 15 
3300 15 15 
3301 15 15 
3302 15 15 
3303 15 15 
3304 15 15 
3305 15 15 
3306 15 15 
3307 15 15 
3308 15 15 
3309 15 15 
3310 15 15 
3311 15 15 
3312 15 15 
3313 15 15 
3314 15 15 
3315 15 15 
3316 15 15 
3317 15 15 
3318 15 15 
3319 15 15 
3320 15 15 
3321 15 15 
3322 15 15 
3323 15 15 
3324 15 15 
3325 15 15 
3326 15 15 
3327 15 15 
3328 15 15 
3329 15 15 
3330 15 15 
3331 15 15 
3332 15 15 
3333 15 15 
3334 15 15 
3335 15 15 
3336 15 15 
3337 15 15 
3338 15 15 
3339 15 15 
3340 15 15 
3341 15 15 
3342 15 15 
3343 15 15 
3344 15 15 
3345 15 15 
3346 15 15 
3347 15 15 
3348 15 15 
3349 1 15 
3350 15 1 
3351 1 15 
3352 15 1 
3353 1 15 
3354 15 1 
3355 1 15 
3356 15 1 
3357 1 15 
3358 15 1 
3359 1 15 
3360 15 1 
3361 1 15 
3362 15 1 
3363 1 15 
3364 15 1 
3365 1 15 
3366 15 1 
3367 1 15 
3368 15 1 
3369 1 15 
3370 15 1 
3371 1 15 
3372 15 1 
3373 15 15 
3374 15 15 
3375 15 15 
3376 15 15 
3377 15 15 
3378 15 15 
3379 15 15 
3380 15 15 
3381 15 15 
3382 15 15 
3383 15 15 
3384 15 15 
3385 15 15 
3386 15 15 
3387 15 15 
3388 15 15 
3389 15 15 
3390 15 15 
3391 15 15 
3392 15 15 
3393 15 15 
3394 15 15 
3395 15 15 
3396 15 15 
3397 15 15 
3398 15 15 
3399 15 15 
3400 15 15 
3401 15 15 
3402 15 15 
3403 15 15 
3404 15 15 
3405 15 15 
3406 15 15 
3407 15 15 
3408 15 15 
3409 15 15 
3410 15 15 
3411 15 15 
3412 15 15 
3413 1 15 
3414 15 15 
3415 1 15 
3416 15 1 
3417 1 15 
3418 15 1 
3419 1 15 
3420 15 1 
3421 1 15 
3422 15 1 
3423 1 15 
3424 15 1 
3425 1 15 
3426 15 1 
3427 1 15 
3428 15 1 
3429 1 15 
3430 15 1 
3431 15 15 
3432 15 1 
3433 15 15 
