0 19.75072753129091 
1 23.979372602379467 
2 9.208536049881443 
3 15.723903174168782 
4 10.426304001431834 
5 14.187392604418948 
6 16.669795835635167 
7 10.540067698818161 
8 18.56280980031157 
9 12.734593746109915 
10 13.273659992341457 
11 11.864672203489556 
12 13.273659992341457 
13 22.796617170685046 
14 15.17168735712012 
15 16.48633117278734 
16 15.155570009033424 
17 15.570675497082101 
18 16.69873195978899 
19 25.162754143994434 
20 22.916062481901776 
21 22.314756784652136 
22 19.649133327087043 
23 20.258227799190504 
24 10.490008453423636 
25 8.927451093075874 
26 45.36638760897311 
27 15.84382460487746 
28 17.7043578097827 
29 15.457856990174616 
30 16.16675917360469 
31 33.61278379266407 
32 27.610090052135448 
33 23.185631920221557 
34 16.651794682451772 
35 8.052048477727928 
36 11.768067472097055 
37 10.08908249885141 
38 17.90585804424484 
39 19.328768007078406 
40 9.619720603379273 
41 8.323699789045026 
42 18.809212886560953 
43 14.72941490463799 
44 11.526676523450167 
45 12.492379724139164 
46 21.949479038563183 
47 48.36103264190755 
48 18.970853762234725 
49 20.86157947616063 
50 15.669155966661561 
51 19.318707942020442 
52 16.293874506635174 
53 22.33055774431927 
54 18.243163658981086 
55 23.662008699135164 
56 14.461322042780896 
57 11.245385811571666 
58 16.402067902924315 
59 17.847190781747315 
60 10.571095165725318 
61 17.870916063059223 
62 21.333116321652 
63 26.057242257633646 
64 34.33957197360449 
65 16.731238556446883 
66 22.230664857530527 
67 14.733347149967859 
68 22.118356800084374 
69 23.933534191545697 
70 17.65465221508997 
71 22.121856540084387 
72 18.61570280946252 
73 13.708891830497949 
74 21.20509411163971 
75 23.14060456930368 
76 11.83217248782029 
77 21.081141938078005 
78 20.825222809761424 
79 17.060418954647144 
80 20.997031393142667 
81 20.79816727575657 
82 17.538895138055473 
83 24.28749116935157 
84 20.133754476243507 
85 22.274937996887896 
86 15.883544265448789 
87 20.68136051201641 
88 25.198128000096123 
89 19.376092540236893 
90 31.135571705354426 
91 19.238338118870917 
92 32.853727695705985 
93 33.050217876082485 
94 21.55279898872594 
95 31.201815138553098 
96 16.093870268403585 
97 14.812749200967668 
98 16.373638556850743 
99 24.876067565002845 
100 48.10257468891565 
101 31.01103126016621 
102 24.13987913669065 
103 24.761371753773858 
104 21.21689337184539 
105 27.956062706622586 
106 26.44780185133806 
107 15.26217082640448 
108 17.447623484779154 
109 21.476320923302218 
110 13.491106293463368 
111 13.888975720889572 
112 11.239750567440314 
113 15.446300926931844 
114 14.935863058674387 
115 15.036796971348267 
116 15.4758801868483 
117 20.26439397233536 
118 20.70637486979231 
119 16.100975047984644 
120 25.00494220187315 
121 20.442369271409564 
122 14.747696938158395 
123 12.007878704594384 
124 27.621545087554082 
125 23.982937553963417 
126 20.687787001277478 
127 37.01324579285027 
128 15.999450702452386 
129 16.072655091412827 
130 23.273631233457444 
131 11.025253202322654 
132 10.972901983560153 
133 20.13278804984352 
134 11.84968880576564 
135 17.706226280484458 
136 8.689238265510118 
137 10.89913701929948 
138 12.026229846629374 
139 12.0788379352847 
140 20.56162402506042 
141 26.540180718317345 
142 10.539114265971481 
143 17.381825415243842 
144 12.141882405389053 
145 20.676262964861774 
146 21.566540862393435 
147 27.757913476238063 
148 14.313955948700098 
149 11.318550661280355 
150 17.0188150991475 
151 16.896233065714895 
152 9.955386769836938 
153 9.823485187379822 
154 9.04198158966952 
155 29.88694518273609 
156 12.432872099503195 
157 18.515364343070043 
158 13.944432438901947 
159 16.736779939665766 
160 8.465730807657762 
161 13.891827798864622 
162 13.905045435106203 
163 23.110258910910183 
164 6.182750874131028 
165 15.619498752467136 
166 21.078493353770384 
167 12.623293917241254 
168 26.79741117691782 
169 38.41500586166471 
170 16.326474686845568 
171 23.839806294298526 
172 16.66542433357041 
173 20.58341962300818 
174 20.539874536613077 
175 24.934333646426577 
176 12.745351504930337 
177 22.14054054054054 
178 20.826050040467337 
179 12.6597185122136 
180 23.09956767176098 
181 12.6597185122136 
182 38.17028866804994 
183 12.6597185122136 
184 10.555399246528975 
185 12.6597185122136 
186 22.864718709114698 
187 12.6597185122136 
188 15.580161065050072 
189 12.6597185122136 
190 22.746423419417116 
191 12.6597185122136 
192 15.339982371636621 
193 12.6597185122136 
194 11.638882259899548 
195 12.6597185122136 
196 49.74800441223565 
197 18.26596523011532 
198 18.778643862908822 
199 12.996123754783337 
200 15.234730051723137 
201 25.007327557937792 
202 19.78641280504201 
203 16.91572193117244 
204 10.111020309769179 
205 11.336201863824083 
206 14.611906760913717 
207 25.625494113406283 
208 39.176402458388594 
209 16.105364609932074 
210 12.213229748735525 
211 13.793105262638653 
212 45.19237151169055 
213 23.625888582211456 
214 18.324780350129103 
215 17.322386136487534 
216 12.233213362810693 
217 16.881272161604127 
218 22.077840592068554 
219 15.882461640993018 
220 19.266263056839165 
221 12.441686417475239 
222 33.21589559212506 
223 15.998047113389479 
