0 2.090157354046413 
1 2.0397131402700346 
2 3.022019063276394 
3 3.172448480219857 
4 3.1508263917798107 
5 3.4689205449572165 
6 2.217429465027662 
7 2.5854490608341814 
8 2.4610799189451926 
9 2.803840125667732 
10 2.6780710822476013 
11 2.2165190869527707 
12 1.8604778909292028 
13 1.6204956648879913 
14 2.3788261393421823 
15 2.2702535908283563 
16 2.6196125899657052 
17 2.5058334000082674 
18 2.41388658436255 
19 2.542717564769824 
20 2.6253218322007035 
21 2.2941743790714613 
22 2.103385471631378 
23 1.8355266472266802 
24 2.472234543629048 
25 2.111583453125834 
26 3.068996912455476 
27 2.6810271909253434 
28 3.098664456464902 
29 3.018190537135231 
30 3.0264722323654594 
31 2.8568639758498042 
32 3.212984677348321 
33 2.7779949087764764 
34 2.5294132764373236 
35 3.1957309692045497 
36 3.429500743862446 
37 3.0265856351927543 
38 3.2359395264713102 
39 3.028004131627187 
40 3.240748888374879 
41 3.1311040259533134 
42 2.684412483851579 
43 3.251117289340432 
44 2.7501686030307657 
45 3.3068894734674315 
46 3.036105409493426 
47 3.1922026386831 
48 3.434802758224495 
49 3.5134011137204855 
50 2.6740893341342558 
51 2.711772636610511 
52 2.8698126960734607 
53 3.254428042624233 
54 2.68255837155609 
55 2.7522235172574376 
56 2.7341721553378395 
57 3.114425603175202 
58 2.783061599594634 
59 2.7619495866293264 
60 3.247861922198207 
61 3.204258970947565 
62 2.4935955727644066 
63 2.5111673463996342 
64 2.7263425747904786 
65 2.7157529579841007 
66 2.981252889805094 
67 3.1654996855087694 
68 2.6070661298119058 
69 2.6781475750526487 
70 2.600065640427383 
71 2.7235588597939504 
72 3.21208731854865 
73 3.1009799329906307 
74 2.898402443239627 
75 2.918751433894564 
76 2.7663170842898515 
77 2.9262192153053346 
78 2.88307757691982 
79 3.1237830171336762 
80 3.104050360377222 
81 2.9353551292731828 
82 3.455043441630263 
83 3.4004503880343115 
84 2.8969295787722795 
85 2.9357685334307524 
86 3.7201994363754984 
87 3.4830396338172513 
88 3.256762045564101 
89 3.620496730357187 
90 3.123842756997085 
91 3.207833234005542 
92 3.2199880487393955 
93 3.0023640356011283 
94 2.9827846317656315 
95 2.9450256806819333 
96 3.043341606253747 
97 3.445851324762436 
98 2.9628758084492977 
99 2.9574001868777793 
100 2.7056969900956664 
101 2.3874708720504327 
102 2.8942467879950664 
103 2.902953043748333 
104 2.817453644307389 
105 2.8678659325451807 
106 2.935758365052581 
107 2.6635368382382243 
108 2.6216663720067244 
109 2.6513708118621895 
110 2.9929934802771805 
111 2.996346847625367 
112 2.7700266261844146 
113 2.753309334944345 
114 3.7067532303472923 
115 2.922612265893381 
116 3.3294253940696104 
117 3.1424297403374974 
118 3.2488832222642356 
119 2.8392206691669744 
120 2.9941441289437325 
121 2.782962567274977 
122 3.0161043435443835 
123 3.072127105636826 
124 3.508871846990922 
125 3.453807232108277 
126 3.412789713146381 
127 2.855606702249217 
128 2.832959743486198 
129 2.952488058180542 
130 2.333923168182451 
131 2.2683759803499868 
132 3.0613363691774884 
133 2.8982671545989804 
134 3.2175657316102324 
135 2.9250341767245365 
136 3.021177508901688 
137 2.98604765623441 
138 2.6123435978066603 
139 2.814403841717443 
140 3.537837917683235 
141 3.916715900615018 
142 3.194389649281983 
143 3.028466461053278 
144 3.239461668480751 
145 2.997783813034477 
146 2.449066917311902 
147 2.454355046491921 
148 3.0225263052962856 
149 3.221283061689676 
150 2.9706028677216754 
151 3.262737521105208 
152 2.7416718532958635 
153 2.660212089920693 
154 3.163423373762183 
155 3.618029079614738 
156 3.4223149637926977 
157 3.08930664623261 
158 2.7502441786230336 
159 3.0334052296401444 
160 2.8108471101261014 
161 2.727694270666488 
162 3.0205080718128334 
163 2.8967422442923345 
164 2.8597764771070944 
165 2.359374703464322 
166 2.915324732167354 
167 3.3011579209359274 
168 3.1406486842790255 
169 2.9242405759630445 
170 2.8284790080789306 
171 2.76875952176062 
172 2.808625927431854 
173 2.9928276943727483 
174 3.187969536607219 
175 3.0864218651723108 
176 2.8305312193837215 
177 2.9834244359182134 
178 3.263115103162591 
179 3.118341163918221 
180 3.3852001870599646 
181 3.5324812553182934 
182 2.871007058550489 
183 2.837739347292387 
184 2.951563096221217 
185 3.2649043953439083 
186 3.2898652709837446 
187 3.601441472829799 
188 2.8195514924234617 
189 2.9741156854622863 
190 3.283179932773431 
191 3.3391550440176565 
192 3.310701564362664 
193 3.1140596981018454 
194 3.3873706467168017 
195 3.38844318959442 
196 2.9303269153709404 
197 2.9947298107060205 
198 3.245155184017986 
199 2.9859735544103496 
200 2.7197449982745376 
201 3.297168967237189 
202 2.5170704459963322 
203 2.627597710868365 
204 2.5520795084517447 
205 2.690455555409494 
206 2.71261136079612 
207 2.6978186132806306 
208 2.6114977400478336 
209 3.4454131733190887 
210 3.114374681201357 
211 3.7637331739933875 
212 2.9667787047427607 
213 3.247143726935541 
214 3.879963276705241 
215 3.388469657628984 
216 3.0956649908378173 
217 3.5878976600096806 
218 3.1260389433176465 
219 3.210032229312292 
220 2.7833959711270477 
221 3.0895378932362627 
222 2.414313721546889 
223 2.788920406973604 
224 3.1774477150185616 
225 3.6052789841562247 
226 3.2991121596741797 
227 3.252748829320268 
228 2.816009084486096 
229 3.205157145381741 
230 2.8678372412226274 
231 2.927671598466517 
232 2.75347864723544 
233 2.978579342749953 
234 3.107265446968712 
235 3.068801875088904 
236 3.114003909148898 
237 3.460206364898321 
238 3.582444104344515 
239 3.4625257785374437 
240 2.906533789021002 
241 2.8048883385407026 
242 2.9826369583510086 
243 2.692902243110508 
244 3.2886234390961357 
245 3.1140240950577733 
246 2.9229154598401736 
247 3.074136311777918 
248 3.4369667662889523 
249 3.030177839000662 
250 2.854466139722871 
251 3.0350725912786896 
252 2.8791258168131546 
253 3.169597489101945 
254 3.2148358168306355 
255 3.425029026863852 
256 2.7203574556138648 
257 3.31815918219778 
258 2.8441520300471224 
259 2.8684636528246865 
260 2.880641454061963 
261 3.192173219685448 
262 2.926110675442593 
263 3.6296812760483843 
264 2.7161157381696803 
265 2.9153484890544137 
