0 11.132739134820069 
1 12.849684295662243 
2 11.609019726153276 
3 18.012746293783177 
4 17.20486000016408 
5 13.020410824100605 
6 12.89967645502971 
7 17.446970295711782 
8 19.647200453436138 
9 8.76558055745386 
10 8.828533841312607 
11 14.496008184086651 
12 12.218958113627492 
13 20.690440367606072 
14 15.058931661676109 
15 13.646581118717302 
16 13.125493656784142 
17 18.943350209788946 
18 22.186802084159858 
19 21.05606008122612 
20 16.46749534750414 
21 18.64764987284594 
22 23.417475294511753 
23 14.950983292756392 
24 16.22969113971072 
25 24.992724390868844 
26 13.586066383563152 
27 10.76207630923973 
28 14.403714336735394 
29 9.60260813025999 
30 11.938461888781676 
31 10.877936817098442 
32 4.933506005290726 
33 10.51296228992518 
34 11.600543200179223 
35 14.989935956084173 
36 18.95353692373042 
37 14.772629295163494 
38 15.118749639540919 
39 10.91700915411024 
40 14.50478097431588 
41 11.520376184158845 
42 12.272551446470215 
43 14.080704722770548 
44 11.380648872464027 
45 13.501050971303494 
46 12.632722826103326 
47 7.151108648395209 
48 10.003539383994543 
49 15.78455679243721 
50 17.92813024949669 
51 12.339999117374484 
52 12.400378429517502 
53 11.492314352569828 
54 11.717602228250394 
55 8.085966447792039 
56 8.105828081547147 
57 30.39196562493207 
58 14.934746227416127 
59 14.687172591534303 
60 15.570155281924116 
61 18.22374389544483 
62 24.370186162177237 
63 9.890966716503087 
64 8.626793776159772 
65 9.507400909416496 
66 6.394097246042091 
67 5.994012138638283 
68 13.390535359114258 
69 12.593881270586682 
70 16.1821654134178 
71 10.18173343949663 
72 20.836810023200012 
73 21.403769117324366 
74 16.098317744095983 
75 8.406884567048763 
76 12.102084096751948 
77 10.74908572761218 
78 13.490325236722931 
79 17.51340968971694 
80 7.976949541938711 
81 10.41126738188263 
82 14.07574308429061 
83 9.780694206396399 
84 9.58695865838021 
85 26.752970742255023 
86 19.73780829266686 
87 12.803907442456804 
88 13.51972047086734 
89 13.745326796528852 
90 15.222842044518323 
91 7.8097639179308045 
92 12.188209038497304 
93 16.616040408041993 
94 12.35159139632954 
95 28.561824991487914 
96 24.019333188258067 
97 11.629813864373036 
98 11.669840351238404 
99 20.226867859743543 
100 17.184277157302173 
101 10.26880580534752 
