0 1.8991553025290322 
1 1.9541069579414083 
2 1.7211389390929899 
3 1.4160978235546529 
4 1.7438295633465466 
5 3.006479942834225 
6 1.4213938703776523 
7 1.4029994522128697 
8 2.240684034099491 
9 2.6456514040711 
10 1.7731670711347982 
11 1.4041168625635747 
12 2.438620685086156 
13 6.011051122650654 
14 3.1337470216654992 
15 2.47799199052787 
16 2.4867707467518554 
17 2.46903578838303 
18 1.260692512746456 
19 1.2585803340367097 
20 2.1315068691348245 
21 2.0846577812834868 
22 2.4782348057781096 
23 1.7639835411964717 
24 2.258323816470833 
25 2.398471050955377 
26 2.757967055714979 
27 1.4454453869058908 
28 1.523093481376498 
29 1.2677007481796023 
30 1.746499828503091 
31 1.5895827219902146 
32 2.5735150970645257 
33 2.5005237569100935 
34 2.324345700228047 
35 2.4103233730026106 
36 4.074148485501206 
37 2.6803084089414106 
38 2.154509725821902 
39 1.9477155883276864 
40 2.0574606719052753 
41 3.8439169188949665 
42 1.7347742610521961 
43 2.9336215143533177 
44 1.409191428743457 
45 2.734127702949409 
46 1.5845871166888748 
47 1.4587799839363667 
48 1.9264030126346148 
49 1.443995398338358 
50 2.6098417998076546 
51 1.546499648885687 
52 1.7481816093698996 
53 0.9261672117945636 
54 2.7811976292368517 
55 2.558200873706168 
56 2.2877615593103897 
57 1.660108705508695 
58 1.9699237538301624 
59 2.3425949733993043 
60 2.483928089817958 
61 1.8859144371598289 
62 3.3112390026989003 
63 3.5615456014752356 
64 2.0236741639540865 
65 1.439339541644075 
66 2.1416405921762314 
67 1.4838867708609313 
68 1.255900053634738 
69 0.7927007275132714 
70 1.1195817086548523 
71 2.6268280403319606 
72 1.3812657868793434 
73 0.7786754607868436 
74 1.4704060554947491 
75 0.851701798893016 
76 3.9841937909916325 
77 2.926364206120804 
78 2.726575562698309 
79 3.762405992849575 
80 2.0458782140305005 
81 2.063797382732382 
82 1.492959298921716 
83 1.1204769212424375 
84 1.6947937550212893 
85 1.083994458521408 
86 3.4382586406277174 
87 1.1210692156459658 
88 1.3544189638758657 
89 2.154480960832423 
90 1.8015325129609494 
91 1.7554891146670748 
92 1.674317031159489 
93 0.9248323241629701 
94 2.772050887434826 
95 3.8440426920624406 
96 2.7890629939103317 
97 3.1774756852522095 
98 1.0873413636514595 
99 1.4194892490405298 
100 1.9017531775134644 
101 3.209931264032737 
102 4.345823772547088 
103 3.147476291243541 
104 2.0216080656997804 
105 2.395348370194794 
106 1.8450517466480287 
107 1.790373943359902 
108 2.1917820208287635 
109 2.605293827055265 
