0 17.382257623353695 
1 10.52097897712593 
2 23.94979700677786 
3 13.269418642909569 
4 11.400260387645993 
5 23.918657367541645 
6 14.853929241774976 
7 11.238003885055932 
8 19.148051094290697 
9 22.644373059792144 
10 14.567652707879647 
11 9.425995343527234 
12 21.726741535783848 
13 15.620662172730997 
14 13.53874757908328 
15 13.013502779984114 
16 38.396367531147874 
17 17.188220734196097 
18 18.602080053220977 
19 12.156451524083623 
20 11.162723358048874 
21 9.832189765793304 
22 20.75165620253415 
23 22.873447128756066 
24 15.421029023552682 
25 11.674322804751778 
26 12.051385636502076 
27 23.523726731762583 
28 20.781885296667905 
29 12.500682510446284 
30 20.111357250400378 
31 13.714046560292964 
32 17.51911550333524 
33 16.83357480845872 
34 58.61322824522422 
35 19.66009346539109 
36 12.37305265393658 
37 21.715605212610086 
38 19.94305657255342 
39 21.230747426072345 
40 20.31100608220664 
41 16.215949554035717 
42 12.436079212735235 
43 34.00796218368158 
44 16.81009654884955 
45 45.8378850966635 
46 19.893774752768753 
47 20.280463215917607 
48 21.7853102649471 
49 17.110878123406426 
50 9.451313714002433 
51 4.157196860820318 
52 29.863962918396265 
53 18.09082714031236 
54 46.174976605933836 
55 13.997390279960888 
56 23.082914158035507 
57 7.302264687038636 
58 10.05628136366143 
59 13.06995064067408 
60 10.573067101591391 
61 33.71870955294193 
62 18.93052540360981 
63 13.708802217305045 
64 16.511382737919497 
65 16.295647038711984 
66 20.44854837530166 
67 20.867703176695937 
68 20.820777570390373 
69 15.696951778596958 
70 23.671757362319823 
71 11.864504394413848 
72 9.152773019388768 
73 23.303371910193516 
74 14.261101364124743 
75 19.359011165010454 
76 18.262306788000174 
77 10.345883653011287 
78 28.821681349037284 
79 6.757899757029704 
80 12.816192332842398 
81 32.50642486243509 
82 32.30114747785907 
83 22.93448234380639 
84 18.74599542334096 
85 12.58779606487317 
86 24.035575115756657 
87 17.375776757751005 
88 10.880561161754253 
89 19.329391541584673 
90 12.612627350036686 
91 23.14711758148365 
92 7.070700191336744 
93 21.58329859878249 
94 31.261815498595034 
95 16.967592386577397 
96 31.049828623883094 
97 20.62725117784182 
98 24.09273364351772 
99 24.641212584084833 
100 46.63706009896036 
101 14.821909675595448 
102 14.34362004815058 
103 11.571355659593957 
104 12.519264061511276 
105 13.868310199115191 
106 12.083500907493303 
107 18.118335169226118 
108 19.980773353277723 
109 8.753141323561023 
110 32.29965500246427 
111 14.190368570983916 
112 20.468706231425045 
113 24.454871962311675 
114 19.107924156970654 
115 13.235626942678174 
116 45.383077256005194 
117 18.64159966577332 
118 15.820219294440694 
119 3.111686153480919 
120 39.4223734421114 
121 14.71081696286086 
122 16.816431919235658 
123 7.404910120016525 
124 18.088018526584527 
125 14.330877830775329 
126 13.692869711700125 
127 18.51348464383767 
128 15.312429038205282 
129 17.825497879284992 
130 15.172730133809873 
131 18.743733549030036 
132 15.575879561203497 
133 16.347601044549247 
134 16.480760087545235 
135 25.18239401526204 
136 23.00265438192388 
137 20.434999098664562 
138 16.07548876445405 
139 20.975505346015744 
140 9.97212097869012 
141 16.64406349206349 
142 19.16055969995843 
143 12.069974302084322 
144 12.328283629907883 
145 15.943134951858568 
146 9.847240319577779 
147 17.18498123473786 
148 5.833946265933002 
149 16.653116972322255 
150 13.854521551567522 
151 18.802973111097163 
152 17.58581161820507 
153 13.263963468240265 
154 8.44218208752745 
155 10.06731216966776 
156 16.964572741355532 
157 17.3410068135212 
158 16.23961963171181 
159 11.635621173409234 
160 7.241034388104433 
161 9.953780216337824 
162 23.062226107802868 
163 30.81328239788422 
164 17.917178569292677 
165 17.37225031788831 
166 26.02248417917856 
167 23.542872538673972 
168 32.001464910808295 
169 16.56518167456556 
170 20.03278375331945 
171 23.22684682689113 
172 8.047104959719427 
173 6.733521806906095 
174 19.736786628519802 
175 8.095049138057483 
176 21.703244901866427 
177 9.592089043993715 
178 14.850878808050194 
179 21.136383793590003 
180 20.47640063270128 
181 20.340457311898355 
182 15.595628781033758 
183 18.601667553663297 
184 24.443613010006352 
185 18.56100259321869 
186 21.286993239814045 
187 9.63147247054393 
188 12.023230614877454 
189 14.360120514927416 
190 7.498545630724289 
191 22.32532788281383 
192 36.27349303813889 
193 44.03607462702237 
194 10.462898566631909 
195 15.069211312945505 
196 30.831855804995662 
197 14.88751406473505 
198 20.845198099516928 
199 18.948998631108623 
200 9.333701254194743 
201 12.440763832450422 
202 10.32665210765136 
203 10.481776924768589 
204 22.20442044522089 
205 25.201156020741077 
206 15.323113793456182 
207 10.410440463248397 
208 32.94016382499156 
209 10.189376510743742 
210 36.687227752217346 
211 25.256849686269316 
212 21.9687933752704 
213 24.243971237659245 
214 19.120729033228635 
215 13.550557296546376 
216 19.120729033228635 
217 18.839120006467898 
218 23.696097263338682 
219 21.987680661784363 
220 34.036387243366065 
221 12.444861155205308 
222 11.286661500043055 
223 19.586005939817323 
224 9.625990585848479 
225 12.359635190287458 
226 30.876114337875343 
227 16.938880677183036 
228 25.854377789284218 
229 35.613157403161985 
230 14.455341264698989 
231 11.37160828543542 
232 38.844420571047536 
233 14.397188049209138 
234 16.80517981921918 
235 7.404165026417572 
236 38.09471217598227 
237 8.505145503691582 
238 28.374785208837896 
239 10.592318726387457 
240 14.739508437528553 
241 12.302609348601464 
242 19.646004103159807 
243 29.24571874825682 
