0 0 
1 4 
2 0 
3 4 
4 2 
5 4 
6 1 
7 4 
8 3 
9 4 
10 3 
11 4 
12 3 
13 4 
14 3 
15 4 
16 3 
17 4 
18 3 
19 4 
20 3 
21 4 
22 3 
23 4 
24 3 
25 4 
26 3 
27 4 
28 3 
29 4 
30 3 
31 4 
32 3 
33 4 
34 3 
35 4 
36 3 
37 4 
38 3 
39 4 
40 3 
41 4 
42 3 
43 4 
44 3 
45 4 
46 3 
47 4 
48 3 
49 4 
50 3 
51 2 
52 3 
53 2 
54 3 
55 2 
56 3 
57 4 
58 3 
59 2 
60 3 
61 4 
62 3 
63 4 
64 3 
65 2 
66 3 
67 2 
68 3 
69 4 
70 3 
71 4 
72 3 
73 4 
74 3 
75 4 
76 3 
77 4 
78 3 
79 4 
80 3 
81 4 
82 3 
83 4 
84 3 
85 4 
86 3 
87 4 
88 3 
89 4 
90 3 
91 4 
92 3 
93 2 
94 3 
95 1 
96 3 
97 1 
98 3 
99 2 
100 3 
101 3 
102 3 
103 2 
104 3 
105 2 
106 3 
107 2 
108 3 
109 2 
110 3 
111 2 
112 3 
113 2 
114 3 
115 2 
116 3 
117 2 
118 3 
119 2 
120 3 
121 2 
122 3 
123 2 
124 3 
125 2 
126 3 
127 2 
128 3 
129 2 
130 3 
131 2 
132 3 
133 2 
134 3 
135 2 
136 3 
137 2 
138 3 
139 2 
140 3 
141 2 
142 3 
143 2 
144 3 
145 2 
146 3 
147 2 
148 3 
149 2 
150 3 
151 2 
152 3 
153 2 
154 3 
155 2 
156 3 
157 3 
158 3 
159 2 
160 3 
161 2 
162 3 
163 2 
164 3 
165 2 
166 3 
167 2 
168 3 
169 2 
170 3 
171 2 
172 3 
173 2 
174 3 
175 2 
176 3 
177 2 
178 3 
179 2 
180 3 
181 2 
182 3 
183 2 
184 3 
185 2 
186 3 
187 2 
188 3 
189 2 
190 3 
191 2 
192 3 
193 2 
194 3 
195 2 
196 3 
197 2 
198 3 
199 2 
200 3 
201 2 
202 3 
203 2 
204 3 
205 2 
206 3 
207 2 
208 3 
209 2 
210 3 
211 2 
212 3 
213 3 
214 3 
215 1 
216 3 
217 2 
218 3 
219 2 
220 3 
221 2 
222 3 
223 2 
224 3 
225 2 
226 3 
227 2 
228 3 
229 2 
230 3 
231 2 
232 3 
233 2 
234 3 
235 2 
236 3 
237 2 
238 3 
239 2 
240 3 
241 2 
242 3 
243 2 
