0 19.741245575721063 
1 20.982325897837388 
2 10.461097961555632 
3 10.554124340415038 
4 25.15837712037237 
5 11.388343135178578 
6 13.756552255694583 
7 20.636486639409192 
8 27.966314834941358 
9 20.410238442822383 
10 19.99916080181572 
11 14.997600700838504 
12 15.177012509091435 
13 20.869052950015423 
14 15.463841051789421 
15 13.907673534892666 
16 10.253994098391114 
17 18.967422173181628 
18 32.89056876014523 
19 18.78040961071758 
20 9.041046046930708 
21 13.346180036274541 
22 11.590669551688595 
23 9.848095797135478 
24 27.516804765559908 
25 22.26146031813429 
26 12.167807255479323 
27 14.104996250374121 
28 15.869121397168433 
29 20.660272987444152 
30 21.175546389462472 
31 7.991007434108497 
32 9.321193399633312 
33 7.884222734766075 
34 12.490556822851833 
35 13.300683378521937 
36 11.403607890050434 
37 11.144097563567765 
38 15.215166179361981 
39 18.84504510980914 
40 34.187864758240686 
41 15.020480663517631 
42 23.37050203376609 
43 21.055214477548255 
44 9.663805060572967 
45 20.57231424213144 
46 16.73905096380253 
47 25.565515265663382 
48 8.859302755394088 
49 16.71143977305326 
50 30.528674056875005 
51 25.555390370812667 
52 28.90769368611856 
53 15.032754980986413 
54 38.49998623133198 
55 16.854070561761635 
56 12.618584739057315 
57 12.52520836506216 
58 24.3327203216281 
59 15.831983270800148 
60 16.223664565040806 
61 11.52807049368668 
62 12.544050531453557 
63 12.444528839306907 
64 31.600271227303548 
65 15.079938735447872 
66 30.112457641720752 
67 7.302963980575593 
68 13.484860370758557 
69 10.163303779340959 
70 11.795967612656826 
71 14.014788974762512 
72 19.695081751674007 
73 11.087917055491081 
74 36.651962669090146 
75 11.981705940998518 
76 10.566062071745264 
77 18.398410324120174 
78 9.839755454991192 
79 11.819335640294419 
80 18.934712930108255 
81 18.423786661512715 
82 22.357935585667224 
83 13.803545746848023 
84 28.752923756118292 
85 18.485823714261787 
86 31.803942978465273 
87 18.944975925273493 
88 14.494355075593953 
89 14.672632311734107 
90 16.92739585603474 
91 22.985384459411325 
92 17.381537288444644 
93 33.607127976667414 
94 19.922216839085372 
95 15.503337744231949 
96 22.200306992007622 
97 16.10177859163797 
98 8.831359370690182 
99 22.036546281799364 
100 23.121469876462903 
101 26.570780594726774 
102 19.717117015475452 
103 15.864679627808458 
104 12.481598862036847 
105 11.733500436407581 
106 23.780199344589462 
107 26.602125986249586 
108 24.033233822863725 
109 18.37688728432601 
110 14.336315006921538 
111 13.751681131005268 
112 17.062501017004312 
113 15.536070407301498 
114 20.94627973292183 
115 14.756050280921606 
116 12.700813653142118 
117 12.99753331267431 
118 12.700813653142118 
119 12.99753331267431 
120 14.107842840469152 
121 33.10264707275109 
122 15.239324344454982 
123 26.9877682334395 
124 17.27081591896399 
125 22.15562751240023 
126 20.764600753491457 
127 21.752432320298723 
128 29.725754783841246 
129 43.29917000454226 
130 19.02610115672488 
131 16.3265382384654 
132 21.552466741003755 
133 24.505880634512575 
134 25.581107702441436 
135 28.058360370605747 
136 22.74309324859967 
137 28.737360657197865 
138 17.825194855972324 
139 19.95026588913517 
140 14.271582758292162 
141 15.09959103738264 
142 17.0188150991475 
143 23.683118672395977 
144 23.08558218895341 
145 35.60378591740588 
146 14.414852339236557 
147 14.644916201117319 
148 45.487419746659725 
149 29.49311244401004 
150 33.40983423742045 
151 27.26495270907141 
152 18.002772758293595 
153 11.761038844507006 
154 25.698345107313756 
155 28.20174146915448 
156 20.821191000972973 
157 19.349722969325946 
158 10.090004787232763 
159 22.633375603701804 
160 23.59465586589036 
161 28.594342902722197 
162 18.11786558157416 
163 19.188259137094153 
164 16.50254759778251 
165 15.003663003663004 
166 21.843171769460312 
167 26.315715504693067 
168 10.84724442030672 
169 18.672305644468384 
170 15.601836077281892 
171 11.894145804739164 
172 13.241476851194141 
173 20.760489622982384 
174 22.495717327526563 
175 41.619655278486164 
176 11.085367529680413 
177 10.064558237750155 
178 29.089335376975733 
179 29.34885803851321 
180 35.100540612917804 
181 18.938987826463894 
182 13.366893681302047 
183 27.903429464790605 
184 24.003800040060664 
185 18.634311482328897 
186 11.975719090665098 
187 24.888023877479572 
188 12.125454960697756 
189 9.87906209885412 
190 27.796913003426315 
191 22.677429645048797 
192 21.167104041342 
193 10.090393169630936 
194 13.517454751714537 
195 13.692869711700125 
196 16.612091807434105 
197 19.34106797011897 
198 18.466290675507302 
199 19.84360925021763 
200 32.62171201020424 
201 28.600192290645264 
202 19.846050477425216 
203 22.210887523829697 
204 17.284196038192256 
205 22.602639477924416 
206 18.720476324375472 
207 11.967654863469056 
208 24.065777318759505 
209 27.46868901201095 
210 10.67733813956922 
211 47.32802238721762 
212 42.218728295771385 
213 16.428536736308587 
214 17.854484156038755 
215 6.083762434256903 
216 31.76444215564509 
217 26.954815076636354 
218 11.450055007602788 
219 17.77059209829467 
220 57.01571420803654 
221 25.697085546590205 
222 24.79357329061471 
223 17.931042738112033 
224 44.43306919784737 
225 25.148572079553425 
226 11.44074782262398 
227 10.490349527918465 
228 22.971159428227175 
229 26.000545513154307 
230 15.333196853157078 
231 49.17005462943425 
232 17.788982148688827 
233 14.381637824326317 
234 10.912152353201343 
235 9.339479040022802 
236 16.194536574065136 
237 12.053047958688111 
238 18.50956302239168 
239 18.025674194726776 
240 21.879405949890714 
241 16.81724103366011 
242 21.933180289806568 
243 11.163020450746808 
244 42.52865964328808 
245 16.11241764784972 
246 8.012485887470365 
247 13.445048868601322 
248 13.436262465442734 
249 11.312170625010113 
