0 3.2634024736979397 
1 3.40727970332886 
2 3.2634024736979397 
3 3.40727970332886 
4 3.18836951629734 
5 3.35613480815762 
6 3.1515255207496398 
7 3.26641200057806 
8 3.08450213598864 
9 3.1430837102733 
10 3.11864696155452 
11 3.03081859290592 
12 3.24817171890066 
13 2.89485919658204 
14 3.3266512950274603 
15 2.98327213672686 
16 3.33243558547674 
17 2.9465054504465003 
18 3.41426803468386 
19 3.11783418361568 
20 3.4334379080755197 
21 3.2125154064122805 
22 3.36211357032658 
23 3.15106991694234 
24 3.1430714938898 
25 2.91651183854872 
26 3.10488432294514 
27 3.01126829477038 
28 3.10155517792378 
29 2.84754369025026 
30 3.0609029345733 
31 2.96599205672042 
32 2.9858641462345 
33 3.10182098675384 
34 3.08130426046294 
35 3.22978706385884 
36 3.2296667682553197 
37 3.2236568230766203 
38 3.2510170559311597 
39 3.30473172987744 
40 3.33059351296928 
41 3.37455021074384 
42 3.5500497661896198 
43 3.4739524475613 
44 3.62871533310746 
45 3.64029440779062 
46 3.5392535950048 
47 3.55953355715628 
48 3.6699227111673 
49 3.75580419959554 
50 3.600347018298 
51 3.65890046164954 
52 3.61563764330426 
53 3.51680343466386 
54 3.66283892751634 
55 3.3951614015430005 
56 3.67629170377352 
57 3.5157120852913204 
58 3.6844820109000205 
59 3.4498700636192803 
60 3.8200602386602 
61 3.4457744149261003 
62 3.7152471858947202 
63 3.6604384601228803 
64 3.73444075863298 
65 3.73914169931666 
66 3.7200554269090396 
67 3.71317938519474 
68 3.6514945908720002 
69 3.7189926085648204 
70 3.74460379452918 
71 3.7867712567093 
72 3.8672257202833 
73 3.8030951128656 
74 3.9058344160497804 
75 3.80410840726172 
76 3.835386420754 
77 3.9014199660310602 
78 3.87610235637706 
79 3.85361683480778 
80 3.82856302567048 
81 3.8869482304269605 
82 3.8982585482445797 
83 3.78692413749542 
84 4.02850582826002 
85 3.98116609481184 
86 4.14296771839734 
87 3.7859861148966205 
88 4.01153806046028 
89 3.68822482008906 
90 4.123510225178579 
91 3.6784529967698605 
92 4.02895093839934 
93 3.50011986432634 
94 3.89524675584106 
95 3.3134035441231804 
96 3.80973609813784 
97 3.37679532684756 
98 3.88747603325468 
99 3.4440122044616404 
100 3.74703427097378 
101 3.4205692923061 
102 3.61198923040926 
103 3.5277248821024 
104 3.50844226463778 
105 3.4243049137457198 
106 3.49513103630656 
107 3.47392229965208 
108 3.3664782047724997 
109 3.3608984712515997 
110 3.3871124019877596 
111 3.24507846375924 
112 3.4743934409536004 
113 3.37486352537924 
114 3.5434845407527398 
115 3.4597414908142197 
116 3.60257823089904 
117 3.3506460225158596 
118 3.8034644717427804 
119 3.58164424676038 
120 3.6487824596162803 
121 3.58369371069534 
122 3.75459357983772 
123 3.4807458365860198 
124 3.6618060446796 
125 3.3845310282927 
126 3.54693548982274 
127 3.5075787089973196 
128 3.51205418228812 
129 3.40329286725382 
130 3.5448341448780396 
131 3.6269304346704 
132 3.42527585714004 
133 3.7172996300187995 
134 3.45441629246478 
135 3.75066488309698 
136 3.5886614436191797 
137 3.860926983722 
138 3.65678852622286 
139 3.90072171052996 
140 3.7990250020997998 
141 3.85728683086316 
142 3.9093179444065003 
143 3.79407775364986 
144 3.9168134597182998 
145 3.8856835742822597 
146 4.0068098129417 
147 3.6102815720982 
148 3.97895246182658 
149 3.62612536321448 
150 4.0683216058366805 
151 3.3953915375319603 
152 3.98605684344412 
153 3.3110249644084804 
154 3.9996131662009 
155 3.2370633912001403 
156 3.7550616688837004 
157 3.33362982738682 
158 3.6517132443726403 
159 3.2485909261695602 
160 3.39041689319518 
161 3.23883081897894 
162 3.30498250213502 
163 3.3116978082599204 
164 3.2914093401769398 
165 3.3262675659522203 
166 3.3143916834141995 
167 3.32596641670764 
168 3.23842239622344 
169 3.2579441652000396 
170 3.3390266664304797 
171 3.3954077152547795 
172 3.3580470833343 
173 3.22966372057632 
174 3.41990303147402 
175 3.2290987158009203 
176 3.45098721539292 
177 3.06393605924466 
178 3.5443142204821796 
179 3.05181021673388 
180 3.5408027865311396 
181 3.2035551398284396 
182 3.4773992295445404 
183 3.51070041483214 
184 3.45977056103744 
185 3.54753746389978 
186 3.3117721164616 
187 3.73111975695032 
188 3.32640846889378 
189 3.80782091442284 
190 3.45065582052766 
191 3.67230635550976 
192 3.7164847044181797 
193 3.52620794168826 
194 3.7716044014845798 
195 3.5846848969378597 
196 3.9600091712871803 
197 3.49730658628366 
198 4.07180282016124 
199 3.69068832016168 
200 3.9670855129685 
201 3.6135230686221598 
202 3.8307419708939796 
203 3.4709503113639997 
204 3.7290793651421197 
205 3.35893313424004 
206 3.61921600232566 
207 3.3437361240671004 
208 3.4938461438556403 
209 3.16755178260332 
210 3.35928864111668 
211 3.34331850106364 
212 3.26157769224082 
213 3.43812394234918 
214 3.28928110102132 
215 3.42890084202268 
216 3.24316130704518 
217 3.56448617105882 
218 3.21023179808068 
219 3.57438063904126 
220 3.37328161763638 
221 3.5633993978920997 
222 3.4206816373933 
223 3.5412112633315 
224 3.33339095450608 
225 3.5878128130430804 
226 3.52640025055224 
227 3.5339239727417797 
228 3.5641394919667397 
229 3.47525771518148 
230 3.62633986334806 
231 3.44131160796846 
232 3.66417707866402 
233 3.5857631296715 
234 3.8782184378070803 
235 3.5857454106628603 
236 3.83734220515662 
237 3.74073164828114 
238 3.83026303068648 
239 3.89037580999576 
240 3.86799055547988 
241 3.9520504011398003 
242 3.9611112931542998 
243 3.90446618719548 
244 3.9609005586185395 
245 3.9415762413020197 
246 4.02566586849778 
247 3.84355587522652 
248 4.01245864644346 
249 3.70890202923432 
250 4.01128848228014 
251 3.5460047588023995 
252 4.01112771319986 
253 3.4391533052533196 
254 3.9723898422028596 
255 3.4813915079461197 
256 3.9059946759157 
257 3.3666231204720196 
258 3.9784358366964 
259 3.4432221224434203 
260 3.82442361280168 
261 3.5322603015853 
262 3.67967242378998 
263 3.5821026088907404 
264 3.7474083894539603 
265 3.7122470175079 
266 3.67837607274614 
267 3.7195382692092203 
268 3.65058858001074 
269 3.76679595519868 
270 3.7059952297318 
271 3.8815289543004803 
272 3.71580425538154 
273 3.9609534661601002 
274 3.61083053636168 
275 3.77148348523908 
276 3.6300010144248196 
277 3.89026383233116 
278 3.6687090510108398 
279 3.8353065579948398 
280 3.7578526256089604 
281 3.7838844927932 
282 3.81150787888608 
283 3.4800942364261402 
284 3.83557351788156 
285 3.55464718423774 
286 3.88831052914882 
287 3.3333873027394803 
288 3.89121024532734 
289 3.4103597121117404 
290 3.8253518853209 
291 3.31942721445766 
292 3.58630628863198 
293 3.6310475560582396 
294 3.51900201884258 
295 3.5811610303049797 
296 3.35070741774368 
297 3.8086490269945203 
298 3.2879882369084 
299 3.6004686061496 
300 3.2464038628713197 
301 3.6790750042644 
302 3.5854895395915003 
303 3.6701137588640997 
304 3.73765953448696 
305 3.81750960722382 
306 3.9581945016942597 
307 3.7681014121778604 
308 3.96821265770114 
309 3.9762497932537797 
310 3.98141342890174 
311 3.90139875147988 
312 3.92856062919804 
313 3.9327331409068798 
314 3.80175207304044 
315 3.76450638533518 
316 3.7398683358697604 
317 3.6310195853563 
