0 32.6340247369794 
1 34.0727970332886 
2 10.8780082456598 
3 34.0727970332886 
4 10.6278983876578 
5 33.5613480815762 
6 10.505085069165466 
7 32.6641200057806 
8 10.281673786628799 
9 31.430837102733 
10 10.3954898718484 
11 10.102728643019733 
12 10.827239063002201 
13 9.649530655273466 
14 11.088837650091534 
15 9.9442404557562 
16 11.1081186182558 
17 9.821684834821667 
18 11.380893448946201 
19 10.392780612052267 
20 11.444793026918399 
21 10.708384688040935 
22 11.207045234421933 
23 10.5035663898078 
24 10.476904979632666 
25 9.721706128495734 
26 10.349614409817134 
27 10.037560982567934 
28 10.338517259745933 
29 9.4918123008342 
30 10.203009781911 
31 9.886640189068066 
32 9.952880487448333 
33 10.339403289179467 
34 10.271014201543133 
35 10.765956879529467 
36 10.7655558941844 
37 10.745522743588735 
38 10.836723519770532 
39 11.0157724329248 
40 11.101978376564267 
41 11.248500702479467 
42 11.833499220632065 
43 11.579841491871 
44 12.095717777024866 
45 12.1343146926354 
46 11.797511983349333 
47 11.8651118571876 
48 12.233075703890998 
49 12.519347331985132 
50 12.001156727660002 
51 12.196334872165133 
52 12.052125477680868 
53 11.7226781155462 
54 12.209463091721133 
55 11.317204671810002 
56 12.254305679245066 
57 11.7190402843044 
58 12.281606703000067 
59 11.499566878730933 
60 12.733534128867333 
61 11.485914716420334 
62 12.384157286315734 
63 12.201461533742934 
64 12.448135862109934 
65 12.463805664388866 
66 12.400184756363466 
67 12.3772646173158 
68 12.17164863624 
69 12.396642028549401 
70 12.482012648430599 
71 12.622570855697667 
72 12.890752400944335 
73 12.676983709552 
74 13.019448053499268 
75 12.680361357539068 
76 12.784621402513332 
77 13.004733220103533 
78 12.920341187923533 
79 12.845389449359267 
80 12.761876752234933 
81 12.956494101423202 
82 12.994195160815266 
83 12.623080458318066 
84 13.428352760866732 
85 13.2705536493728 
86 13.809892394657801 
87 12.619953716322067 
88 13.3717935348676 
89 12.2940827336302 
90 13.7450340839286 
91 12.261509989232868 
92 13.429836461331133 
93 11.667066214421133 
94 12.984155852803534 
95 11.044678480410601 
96 12.699120327126133 
97 11.2559844228252 
98 12.958253444182267 
99 11.480040681538801 
100 12.490114236579267 
101 11.401897641020334 
102 12.0399641013642 
103 11.759082940341335 
104 11.694807548792602 
105 11.414349712485732 
106 11.650436787688534 
107 11.579740998840267 
108 11.221594015908332 
109 11.202994904172 
110 11.290374673292533 
111 10.816928212530799 
112 11.581311469845334 
113 11.249545084597466 
114 11.811615135842466 
115 11.532471636047399 
116 12.0085941029968 
117 11.168820075052865 
118 12.678214905809268 
119 11.938814155867933 
120 12.162608198720934 
121 11.9456457023178 
122 12.5153119327924 
123 11.6024861219534 
124 12.206020148932 
125 11.281770094309001 
126 11.823118299409133 
127 11.691929029991066 
128 11.706847274293734 
129 11.344309557512732 
130 11.816113816260133 
131 12.089768115567999 
132 11.4175861904668 
133 12.390998766729332 
134 11.5147209748826 
135 12.502216276989934 
136 11.962204812063932 
137 12.869756612406666 
138 12.189295087409533 
139 13.002405701766534 
140 12.663416673666 
141 12.857622769543866 
142 13.031059814688334 
143 12.646925845499533 
144 13.056044865727666 
145 12.952278580940865 
146 13.356032709805667 
147 12.034271906994 
148 13.263174872755267 
149 12.087084544048267 
150 13.561072019455601 
151 11.317971791773202 
152 13.286856144813733 
153 11.036749881361601 
154 13.332043887336333 
155 10.790211304000467 
156 12.516872229612334 
157 11.112099424622734 
158 12.172377481242135 
159 10.828636420565202 
160 11.301389643983933 
161 10.7961027299298 
162 11.016608340450068 
163 11.038992694199735 
164 10.971364467256466 
165 11.087558553174068 
166 11.047972278047332 
167 11.0865547223588 
168 10.7947413207448 
169 10.859813884000133 
170 11.130088888101598 
171 11.318025717515932 
172 11.193490277781 
173 10.765545735254399 
174 11.399676771580067 
175 10.763662386003068 
176 11.5032907179764 
177 10.2131201974822 
178 11.814380734940599 
179 10.172700722446267 
180 11.8026759551038 
181 10.678517132761465 
182 11.591330765148468 
183 11.702334716107133 
184 11.532568536791466 
185 11.825124879665934 
186 11.039240388205334 
187 12.437065856501066 
188 11.088028229645934 
189 12.692736381409468 
190 11.502186068425532 
191 12.241021185032535 
192 12.3882823480606 
193 11.7540264722942 
194 12.572014671615266 
195 11.948949656459533 
196 13.200030570957267 
197 11.657688620945533 
198 13.572676067204133 
199 12.302294400538933 
200 13.223618376561667 
201 12.045076895407199 
202 12.769139902979932 
203 11.569834371213332 
204 12.430264550473732 
205 11.196443780800132 
206 12.064053341085533 
207 11.145787080223668 
208 11.646153812852134 
209 10.558505942011067 
210 11.197628803722267 
211 11.144395003545467 
212 10.871925640802734 
213 11.460413141163933 
214 10.964270336737734 
215 11.429669473408934 
216 10.810537690150602 
217 11.881620570196068 
218 10.700772660268933 
219 11.914602130137533 
220 11.244272058787933 
221 11.877997992973667 
222 11.402272124644334 
223 11.804037544438332 
224 11.111303181686933 
225 11.959376043476935 
226 11.7546675018408 
227 11.779746575805932 
228 11.880464973222466 
229 11.584192383938266 
230 12.087799544493533 
231 11.4710386932282 
232 12.213923595546733 
233 11.952543765571667 
234 12.927394792690267 
235 11.952484702209533 
236 12.791140683855401 
237 12.469105494270467 
238 12.767543435621599 
239 12.967919366652533 
240 12.8933018515996 
241 13.173501337132668 
242 13.203704310514333 
243 13.0148872906516 
244 13.203001862061798 
245 13.138587471006732 
246 13.418886228325933 
247 12.811852917421733 
248 13.374862154811533 
249 12.3630067641144 
250 13.370961607600465 
251 11.820015862674666 
252 13.370425710666199 
253 11.463844350844399 
254 13.241299474009532 
255 11.604638359820399 
256 13.019982253052333 
257 11.222077068240067 
258 13.261452788988 
259 11.477407074811401 
260 12.748078709338934 
261 11.774201005284333 
262 12.265574745966601 
263 11.9403420296358 
264 12.491361298179868 
265 12.374156725026333 
266 12.261253575820467 
267 12.398460897364068 
268 12.1686286000358 
269 12.555986517328932 
270 12.353317432439333 
271 12.938429847668267 
272 12.386014184605132 
273 13.203178220533667 
274 12.036101787872267 
275 12.571611617463601 
276 12.100003381416066 
277 12.967546107770533 
278 12.229030170036133 
279 12.784355193316133 
280 12.526175418696534 
281 12.612948309310667 
282 12.7050262629536 
283 11.600314121420467 
284 12.7852450596052 
285 11.848823947459133 
286 12.961035097162734 
287 11.1112910091316 
288 12.9707008177578 
289 11.367865707039135 
290 12.751172951069668 
291 11.064757381525533 
292 11.954354295439934 
293 12.103491853527466 
294 11.730006729475265 
295 11.937203434349932 
296 11.169024725812266 
297 12.695496756648401 
298 10.959960789694668 
299 12.001562020498667 
300 10.821346209571066 
301 12.263583347548 
302 11.951631798638333 
303 12.233712529546999 
304 12.458865114956533 
305 12.725032024079399 
306 13.1939816723142 
307 12.560338040592868 
308 13.227375525670467 
309 13.2541659775126 
310 13.271378096339134 
311 13.004662504932933 
312 13.0952020973268 
313 13.109110469689599 
314 12.6725069101348 
315 12.548354617783934 
316 12.466227786232535 
317 12.103398617854333 
