0 15.2046313851017 
1 17.81679006681874 
2 25.730505677600622 
3 21.255816546306853 
4 10.525282435545472 
5 12.111134852938628 
6 12.567730181940217 
7 13.779873118710555 
8 13.887596103543498 
9 14.882284481535098 
10 16.29203907630756 
11 16.530123710771388 
12 16.022308894143535 
13 19.293647909546305 
14 17.96868346306919 
15 15.064394361138547 
16 17.078828104322334 
17 21.080506217142627 
18 16.9169500070583 
19 23.511858782113446 
20 33.60362771096886 
21 17.824513091185707 
22 19.886700488359963 
23 19.094267127372383 
24 17.20140258781553 
25 17.68644053502454 
26 16.994197919030178 
27 16.402516903848486 
28 29.118618180808376 
29 42.62590703063071 
30 16.6459130379566 
31 20.61447725396139 
32 17.279069288412657 
33 8.683068209107246 
34 26.69762704959772 
35 8.992277578392656 
36 28.33319147498902 
37 18.958505848957675 
38 27.272753282051614 
39 14.759581243951791 
40 17.6105470882143 
41 16.423261860384983 
42 11.304609380474684 
43 21.505722137905575 
44 15.377156642054246 
45 14.966027367932776 
46 20.860334417554434 
47 14.209935392506615 
48 31.576718939388236 
49 10.076115523396323 
50 27.03682646503323 
51 18.745157628466977 
52 8.7045482845355 
53 8.267668544530606 
54 27.88914303952338 
55 20.83287720221923 
56 24.98915070451905 
57 10.704615871492667 
58 14.616744263849005 
59 13.666501577040377 
60 17.870078522097387 
61 11.120460269904818 
62 42.59084677951645 
63 12.531570157066499 
64 55.427423617718574 
65 19.960234708494145 
66 27.441910980548666 
67 14.349901467046202 
68 31.440380795322515 
69 14.048304712908163 
70 24.08775254700619 
71 12.710782471664949 
72 18.49519794689079 
73 23.51805499484143 
74 19.998493308094655 
75 14.970140410738887 
76 19.445802347792224 
77 12.702890803640383 
78 18.00826070155854 
79 19.051768542786153 
80 34.816170000830084 
81 19.2400148624535 
82 19.080890013056315 
83 16.18341416737083 
84 22.699152496509324 
85 17.499234411832198 
86 41.05984278176425 
87 16.531622220295294 
88 55.76567880552564 
89 17.4764851227307 
90 17.312090343244893 
91 22.848277515089446 
92 13.285684872711839 
93 15.341048411874004 
94 27.49173472464376 
95 12.969520434636067 
96 15.969783734389278 
97 13.745912411390517 
98 25.08615038637288 
99 13.187064157302665 
100 28.54763379457267 
101 18.956535101397005 
102 18.69119429590018 
103 21.092273264438912 
104 14.256157166649672 
105 20.61640246749736 
106 12.711668490136594 
107 8.881815197941703 
108 13.74474123156277 
109 20.127957309172576 
110 18.87336771151129 
111 23.335785063732008 
112 25.105971364267585 
113 16.205924741029236 
114 15.26572594293784 
115 20.638720629843768 
116 17.249791281960594 
117 19.683066468942993 
118 20.772210638919567 
119 28.169731486829555 
120 22.13364714325669 
121 17.428918105812542 
122 25.998128072100215 
123 14.664680749893362 
124 17.6626071723348 
125 43.97328664437059 
126 16.568911642826386 
127 16.34932155623034 
128 17.054799923555795 
129 18.19678347223608 
130 34.6287544789551 
131 30.777557639530958 
132 13.470092716592962 
133 20.300192629734674 
134 26.48738561802578 
135 30.59079571147254 
136 13.609783797289273 
137 10.669841439433831 
138 14.757192466425774 
139 16.350723722424284 
140 18.015531578585666 
141 12.2837654597585 
142 22.58632963742791 
143 12.476141183749473 
144 27.26991619367129 
145 27.881541948907486 
146 29.199501542017362 
147 11.336048670664898 
148 16.208930883233823 
149 24.21122386543368 
150 10.619351441129409 
151 15.579582345905548 
152 13.828804294069936 
153 12.795158082268673 
154 12.764279649540319 
155 12.690207706155546 
156 37.22777057852414 
157 19.893774752768753 
158 13.997156720751267 
159 16.471698928278293 
160 19.211285926943777 
161 14.090165145997663 
162 20.91254661853573 
163 16.0555510896236 
164 32.435034103036024 
165 15.746630525375242 
166 12.155641211418635 
167 15.24015493397865 
168 25.55398909434307 
169 14.598683638059637 
170 30.139938632231733 
171 22.681353860796115 
172 19.684729248993307 
173 20.864796565567126 
174 21.35027385824527 
175 35.62192874432035 
176 20.786107917377 
177 18.163529202880664 
178 30.33152543353437 
179 13.930445815024793 
180 27.601005514536528 
181 18.69102770920045 
182 17.118979302801122 
183 22.611168913782972 
184 20.43032080195618 
185 9.201869199885918 
186 12.301238246628696 
187 22.518906671964007 
188 31.2536623895322 
189 34.50511698311889 
190 22.232432403780404 
191 17.285763151929775 
192 13.652622259257331 
193 25.16094277710124 
194 16.627765642406054 
195 23.82423374911958 
196 31.588609644597415 
197 20.562934491650896 
198 31.70369698481447 
199 20.785386860662765 
200 26.889494367976 
201 19.614399685743415 
202 33.211424408706876 
203 13.96932566419429 
204 37.34677268558505 
205 12.053186506237374 
206 11.4158678315778 
207 19.212781941110723 
208 21.27284991910411 
209 22.194198389264585 
210 13.97859037766787 
211 19.02446148891681 
212 13.737943322808443 
213 17.203236960079405 
214 17.25000411272147 
215 17.692483559500058 
216 21.066106819620096 
217 24.183583569731773 
218 21.326933344180773 
219 7.415488301208952 
220 7.31436224569872 
221 16.53259965549726 
222 21.708861480174114 
223 23.287457664760424 
224 20.870299049609393 
225 14.432907672561225 
226 26.06096606230816 
227 14.979282660790624 
228 30.26149694809599 
229 28.43634489959186 
230 29.555251772200066 
231 20.83018717998381 
232 15.970695859114707 
233 13.869273222074156 
234 17.985249219580805 
235 12.946581473593234 
236 12.477365961333083 
237 15.54551384688371 
238 12.818934216799716 
239 25.998128072100215 
240 33.08019433402738 
241 24.142380217806735 
242 16.54923375578037 
243 17.890811682356606 
244 22.293526097586902 
245 14.491550663197792 
246 16.628227085315572 
247 19.94789382820563 
248 17.077924087329702 
249 20.016913399956096 
250 22.44659820076315 
251 27.542644007249613 
252 16.30869967571603 
253 12.83965371569912 
254 15.290268015981802 
255 33.54342975504035 
256 29.86672743067918 
257 12.842209042782828 
258 25.594688602218778 
259 38.61482797668916 
260 10.415274628948591 
261 19.417444805029465 
262 12.302861953355762 
263 22.157734306075767 
264 12.506198975484379 
265 24.131684780419885 
266 13.972815947977187 
267 11.147503687658636 
268 21.154293092317623 
269 25.63536127715232 
270 16.450379853079024 
271 11.91330108586669 
272 15.167517683306091 
273 26.123945837537526 
274 15.850830086428758 
275 41.6233724992061 
276 23.72437822764476 
277 45.43518859544598 
278 23.29728828998967 
279 20.57887506378302 
280 31.991945387285 
281 17.20288416579852 
282 15.506719461112159 
283 20.081507583882335 
284 20.365246608465966 
285 16.87298707463563 
286 40.151096560504676 
287 23.916066052367484 
288 17.363045143129177 
289 22.70246981071821 
290 16.44896054339599 
291 19.880573527669156 
292 13.924572399872517 
293 18.202074382675868 
294 22.649631173656186 
295 17.66841063229285 
296 20.384844184373723 
297 22.564822087605847 
298 21.67935080374218 
299 19.37340760653678 
300 10.420216836100925 
301 12.004785538058194 
302 19.166075671723632 
303 22.11684058995059 
304 21.71864125932063 
305 17.17583272590275 
306 31.182561632021887 
307 10.483453640199157 
308 11.551819679084295 
309 13.903478269516993 
310 6.8234348640211095 
311 20.836913538541026 
312 30.765141235064146 
313 23.763492764954506 
314 15.730331010583638 
315 17.706226280484458 
316 32.26387692307692 
317 16.83269656788776 
