0 0.0 0.0 
1 0.0 0.0 
2 0.0 0.0 
3 0.0 0.0 
4 0.0 0.0 
5 0.0 0.0 
6 20.0 0.0 
7 0.0 20.0 
8 20.0 0.0 
9 0.0 20.0 
10 20.0 0.0 
11 0.0 20.0 
12 20.0 0.0 
13 0.0 20.0 
14 20.0 0.0 
15 20.0 20.0 
16 20.0 20.0 
17 20.0 20.0 
18 20.0 20.0 
19 20.0 20.0 
20 20.0 20.0 
21 20.0 20.0 
22 20.0 20.0 
23 20.0 20.0 
24 20.0 20.0 
25 20.0 20.0 
26 0.0 20.0 
27 20.0 0.0 
28 0.0 20.0 
29 20.0 0.0 
30 0.0 20.0 
31 20.0 0.0 
32 0.0 20.0 
33 20.0 0.0 
34 0.0 20.0 
35 20.0 0.0 
36 0.0 20.0 
37 20.0 0.0 
38 0.0 20.0 
39 20.0 0.0 
40 0.0 20.0 
41 20.0 0.0 
42 0.0 20.0 
43 20.0 0.0 
44 0.0 20.0 
45 20.0 0.0 
46 0.0 20.0 
47 20.0 0.0 
48 0.0 20.0 
49 20.0 0.0 
50 0.0 20.0 
51 20.0 0.0 
52 0.0 20.0 
53 20.0 0.0 
54 0.0 20.0 
55 20.0 0.0 
56 0.0 20.0 
57 20.0 0.0 
58 0.0 20.0 
59 20.0 0.0 
60 0.0 20.0 
61 20.0 0.0 
62 0.0 20.0 
63 20.0 0.0 
64 0.0 20.0 
65 20.0 0.0 
66 0.0 20.0 
67 20.0 0.0 
68 0.0 20.0 
69 20.0 0.0 
70 0.0 20.0 
71 20.0 0.0 
72 0.0 20.0 
73 20.0 0.0 
74 0.0 20.0 
75 20.0 0.0 
76 0.0 20.0 
77 20.0 0.0 
78 0.0 20.0 
79 20.0 0.0 
80 0.0 20.0 
81 20.0 0.0 
82 0.0 20.0 
83 20.0 0.0 
84 0.0 20.0 
85 20.0 0.0 
86 0.0 20.0 
87 20.0 0.0 
88 0.0 20.0 
89 20.0 0.0 
90 0.0 20.0 
91 20.0 0.0 
92 0.0 20.0 
93 20.0 0.0 
94 0.0 20.0 
95 20.0 0.0 
96 0.0 20.0 
97 20.0 0.0 
98 0.0 20.0 
99 20.0 0.0 
100 0.0 20.0 
101 20.0 0.0 
102 0.0 20.0 
103 20.0 0.0 
104 0.0 20.0 
105 20.0 0.0 
106 0.0 20.0 
107 20.0 0.0 
108 0.0 20.0 
109 20.0 0.0 
110 0.0 20.0 
111 20.0 0.0 
112 0.0 20.0 
113 20.0 0.0 
114 0.0 20.0 
115 20.0 0.0 
116 0.0 20.0 
117 20.0 0.0 
118 0.0 20.0 
119 20.0 0.0 
120 0.0 20.0 
121 20.0 0.0 
122 0.0 20.0 
123 20.0 0.0 
124 0.0 20.0 
125 20.0 0.0 
126 0.0 20.0 
127 20.0 0.0 
128 0.0 20.0 
129 20.0 0.0 
130 0.0 20.0 
131 20.0 0.0 
132 0.0 20.0 
133 20.0 0.0 
134 0.0 20.0 
135 20.0 0.0 
136 0.0 20.0 
137 20.0 0.0 
138 0.0 20.0 
139 20.0 0.0 
140 0.0 20.0 
141 20.0 0.0 
142 0.0 20.0 
143 20.0 0.0 
144 0.0 20.0 
145 20.0 0.0 
146 0.0 20.0 
147 20.0 0.0 
148 0.0 20.0 
149 20.0 0.0 
150 0.0 20.0 
151 20.0 0.0 
152 0.0 20.0 
153 20.0 0.0 
154 0.0 20.0 
155 20.0 0.0 
156 0.0 20.0 
157 20.0 0.0 
158 0.0 20.0 
159 20.0 0.0 
160 0.0 20.0 
161 20.0 0.0 
162 0.0 20.0 
163 20.0 0.0 
164 0.0 20.0 
165 20.0 0.0 
166 0.0 20.0 
167 20.0 0.0 
168 0.0 20.0 
169 20.0 0.0 
170 0.0 20.0 
171 20.0 0.0 
172 0.0 20.0 
173 20.0 0.0 
174 0.0 20.0 
175 20.0 0.0 
176 0.0 20.0 
177 20.0 0.0 
178 0.0 20.0 
179 20.0 0.0 
180 0.0 20.0 
181 20.0 0.0 
182 0.0 20.0 
183 20.0 0.0 
184 0.0 20.0 
185 20.0 0.0 
186 0.0 20.0 
187 20.0 0.0 
188 0.0 20.0 
189 20.0 0.0 
190 0.0 20.0 
191 20.0 0.0 
192 0.0 20.0 
193 20.0 0.0 
194 0.0 20.0 
195 20.0 0.0 
196 0.0 20.0 
197 20.0 0.0 
198 0.0 20.0 
199 20.0 0.0 
200 0.0 20.0 
201 20.0 0.0 
202 0.0 20.0 
203 20.0 0.0 
204 0.0 20.0 
205 20.0 0.0 
206 0.0 20.0 
207 20.0 0.0 
208 0.0 20.0 
209 20.0 0.0 
210 0.0 20.0 
211 20.0 0.0 
212 0.0 20.0 
213 20.0 0.0 
214 0.0 20.0 
215 20.0 0.0 
216 0.0 20.0 
217 20.0 0.0 
218 0.0 20.0 
219 20.0 0.0 
220 0.0 20.0 
221 20.0 0.0 
222 0.0 20.0 
223 20.0 0.0 
224 0.0 20.0 
225 20.0 0.0 
226 0.0 20.0 
227 20.0 0.0 
228 0.0 20.0 
229 20.0 0.0 
230 0.0 20.0 
231 20.0 0.0 
232 0.0 20.0 
233 20.0 0.0 
234 0.0 20.0 
235 20.0 0.0 
236 0.0 20.0 
237 20.0 0.0 
238 0.0 20.0 
239 20.0 0.0 
240 0.0 20.0 
241 20.0 0.0 
242 0.0 20.0 
243 20.0 0.0 
244 0.0 20.0 
245 20.0 0.0 
246 0.0 20.0 
247 20.0 0.0 
248 0.0 20.0 
249 20.0 0.0 
250 0.0 20.0 
251 20.0 0.0 
252 0.0 20.0 
253 20.0 0.0 
254 0.0 20.0 
255 20.0 0.0 
256 0.0 20.0 
257 20.0 0.0 
258 0.0 20.0 
259 20.0 0.0 
260 0.0 20.0 
261 20.0 0.0 
262 0.0 20.0 
263 20.0 0.0 
264 0.0 20.0 
265 20.0 0.0 
266 0.0 20.0 
267 20.0 0.0 
268 0.0 20.0 
269 20.0 0.0 
270 0.0 20.0 
271 20.0 0.0 
272 0.0 20.0 
273 20.0 0.0 
274 0.0 20.0 
275 20.0 0.0 
276 0.0 20.0 
277 20.0 0.0 
278 0.0 20.0 
279 20.0 0.0 
280 0.0 20.0 
281 20.0 0.0 
282 0.0 20.0 
283 20.0 0.0 
284 0.0 20.0 
285 20.0 0.0 
286 0.0 20.0 
287 20.0 0.0 
288 0.0 20.0 
289 20.0 0.0 
290 0.0 20.0 
291 20.0 0.0 
292 0.0 20.0 
293 20.0 0.0 
294 0.0 20.0 
295 20.0 0.0 
296 0.0 20.0 
297 20.0 0.0 
298 0.0 20.0 
299 20.0 0.0 
300 0.0 20.0 
301 20.0 0.0 
302 0.0 20.0 
303 20.0 0.0 
304 0.0 20.0 
305 20.0 0.0 
306 0.0 20.0 
307 20.0 0.0 
308 0.0 20.0 
309 20.0 0.0 
310 0.0 20.0 
311 20.0 0.0 
312 0.0 20.0 
313 20.0 0.0 
314 0.0 20.0 
315 20.0 0.0 
316 0.0 20.0 
317 20.0 0.0 
318 0.0 20.0 
319 20.0 0.0 
320 0.0 20.0 
321 20.0 0.0 
322 0.0 20.0 
323 20.0 0.0 
324 0.0 20.0 
325 20.0 0.0 
326 0.0 20.0 
327 20.0 0.0 
328 0.0 20.0 
329 20.0 0.0 
330 0.0 20.0 
331 20.0 0.0 
332 0.0 20.0 
333 20.0 0.0 
334 0.0 20.0 
335 20.0 0.0 
336 0.0 20.0 
337 20.0 0.0 
338 0.0 20.0 
339 20.0 0.0 
340 0.0 20.0 
341 20.0 0.0 
342 0.0 20.0 
343 20.0 0.0 
344 0.0 20.0 
345 20.0 0.0 
346 0.0 20.0 
347 20.0 0.0 
348 0.0 20.0 
349 20.0 0.0 
350 0.0 20.0 
351 20.0 0.0 
352 0.0 20.0 
353 20.0 0.0 
354 0.0 20.0 
355 20.0 0.0 
356 0.0 20.0 
357 20.0 0.0 
358 0.0 20.0 
359 20.0 0.0 
360 0.0 20.0 
361 20.0 0.0 
362 0.0 20.0 
363 20.0 0.0 
364 0.0 20.0 
365 20.0 0.0 
366 0.0 20.0 
367 20.0 0.0 
368 0.0 20.0 
369 20.0 0.0 
370 0.0 20.0 
371 20.0 0.0 
372 0.0 20.0 
373 20.0 0.0 
374 0.0 20.0 
375 20.0 0.0 
376 0.0 20.0 
377 20.0 0.0 
378 0.0 20.0 
379 20.0 0.0 
380 0.0 20.0 
381 20.0 0.0 
382 0.0 20.0 
383 20.0 0.0 
384 0.0 20.0 
385 20.0 0.0 
386 0.0 20.0 
387 20.0 0.0 
388 0.0 20.0 
389 20.0 0.0 
390 0.0 20.0 
391 20.0 0.0 
392 0.0 20.0 
393 20.0 0.0 
394 0.0 20.0 
395 20.0 0.0 
396 0.0 20.0 
397 20.0 0.0 
398 0.0 20.0 
399 20.0 0.0 
400 0.0 20.0 
401 20.0 0.0 
402 0.0 20.0 
403 20.0 0.0 
404 0.0 20.0 
405 20.0 0.0 
406 0.0 20.0 
407 20.0 0.0 
408 0.0 20.0 
409 20.0 0.0 
410 0.0 20.0 
411 20.0 0.0 
412 0.0 20.0 
413 20.0 0.0 
414 0.0 20.0 
415 20.0 0.0 
416 0.0 20.0 
417 20.0 0.0 
418 0.0 20.0 
419 20.0 0.0 
420 0.0 20.0 
421 20.0 0.0 
422 0.0 20.0 
423 20.0 0.0 
424 0.0 20.0 
425 20.0 0.0 
426 0.0 20.0 
427 20.0 0.0 
428 0.0 20.0 
429 20.0 0.0 
430 0.0 20.0 
431 20.0 0.0 
432 0.0 20.0 
433 20.0 0.0 
434 0.0 20.0 
435 20.0 0.0 
436 0.0 20.0 
437 20.0 0.0 
438 0.0 20.0 
439 20.0 0.0 
440 0.0 20.0 
441 20.0 0.0 
442 0.0 20.0 
443 20.0 0.0 
444 0.0 20.0 
445 20.0 0.0 
446 0.0 20.0 
447 20.0 0.0 
448 0.0 20.0 
449 20.0 0.0 
450 0.0 20.0 
451 20.0 0.0 
452 0.0 20.0 
453 20.0 0.0 
454 0.0 20.0 
455 20.0 0.0 
456 0.0 20.0 
457 20.0 0.0 
458 0.0 20.0 
459 20.0 0.0 
460 0.0 20.0 
461 20.0 0.0 
462 0.0 20.0 
463 20.0 0.0 
464 0.0 20.0 
465 20.0 0.0 
466 0.0 20.0 
467 20.0 0.0 
468 0.0 20.0 
469 20.0 0.0 
470 0.0 20.0 
471 20.0 0.0 
472 0.0 20.0 
473 20.0 0.0 
474 0.0 20.0 
475 20.0 0.0 
476 0.0 20.0 
477 20.0 0.0 
478 0.0 20.0 
479 20.0 0.0 
480 0.0 20.0 
481 20.0 0.0 
482 0.0 20.0 
483 20.0 0.0 
484 0.0 20.0 
485 20.0 0.0 
486 0.0 20.0 
487 20.0 0.0 
488 0.0 20.0 
489 20.0 0.0 
490 0.0 20.0 
491 20.0 0.0 
492 0.0 20.0 
493 20.0 0.0 
494 0.0 20.0 
495 20.0 0.0 
496 0.0 20.0 
497 20.0 0.0 
498 0.0 20.0 
499 20.0 0.0 
500 0.0 20.0 
501 20.0 0.0 
502 0.0 20.0 
503 20.0 0.0 
504 0.0 20.0 
505 20.0 0.0 
506 0.0 20.0 
507 20.0 0.0 
508 0.0 20.0 
509 20.0 0.0 
510 0.0 20.0 
511 20.0 0.0 
512 0.0 20.0 
513 20.0 0.0 
514 0.0 20.0 
515 20.0 0.0 
516 0.0 20.0 
517 20.0 0.0 
518 0.0 20.0 
519 20.0 0.0 
520 0.0 20.0 
521 20.0 0.0 
522 0.0 20.0 
523 20.0 0.0 
524 0.0 20.0 
525 20.0 0.0 
526 0.0 20.0 
527 20.0 0.0 
528 0.0 20.0 
529 20.0 0.0 
530 0.0 20.0 
531 20.0 0.0 
532 0.0 20.0 
533 20.0 0.0 
534 0.0 20.0 
535 20.0 0.0 
536 0.0 20.0 
537 20.0 0.0 
538 0.0 20.0 
539 20.0 0.0 
540 0.0 20.0 
541 20.0 0.0 
542 0.0 20.0 
543 20.0 0.0 
544 0.0 20.0 
545 20.0 0.0 
546 0.0 20.0 
547 20.0 0.0 
548 0.0 20.0 
549 20.0 0.0 
550 0.0 20.0 
551 20.0 0.0 
552 0.0 20.0 
553 20.0 0.0 
554 0.0 20.0 
555 20.0 0.0 
556 0.0 20.0 
557 20.0 0.0 
558 0.0 20.0 
559 20.0 0.0 
560 0.0 20.0 
561 20.0 0.0 
562 0.0 20.0 
563 20.0 0.0 
564 0.0 20.0 
565 20.0 0.0 
566 0.0 20.0 
567 20.0 0.0 
568 0.0 20.0 
569 20.0 0.0 
570 0.0 20.0 
571 20.0 0.0 
572 0.0 20.0 
573 20.0 0.0 
574 0.0 20.0 
575 20.0 0.0 
576 0.0 20.0 
577 20.0 0.0 
578 0.0 20.0 
579 20.0 0.0 
580 0.0 20.0 
581 20.0 0.0 
582 0.0 20.0 
583 20.0 0.0 
584 0.0 20.0 
585 20.0 0.0 
586 0.0 20.0 
587 20.0 0.0 
588 0.0 20.0 
589 20.0 0.0 
590 0.0 20.0 
591 20.0 0.0 
592 0.0 20.0 
593 20.0 0.0 
594 0.0 20.0 
595 20.0 0.0 
596 0.0 20.0 
597 20.0 0.0 
598 0.0 20.0 
599 20.0 0.0 
600 0.0 20.0 
601 20.0 0.0 
602 0.0 20.0 
603 20.0 0.0 
604 0.0 20.0 
605 20.0 0.0 
606 0.0 20.0 
607 20.0 0.0 
608 0.0 20.0 
609 20.0 0.0 
610 0.0 20.0 
611 20.0 0.0 
612 0.0 20.0 
613 20.0 0.0 
614 0.0 20.0 
615 20.0 0.0 
616 0.0 20.0 
617 20.0 0.0 
618 0.0 20.0 
619 20.0 0.0 
620 0.0 20.0 
621 20.0 0.0 
622 0.0 20.0 
623 20.0 0.0 
624 0.0 20.0 
625 20.0 0.0 
626 0.0 20.0 
627 20.0 0.0 
628 0.0 20.0 
629 20.0 0.0 
630 0.0 20.0 
631 20.0 0.0 
632 0.0 20.0 
633 20.0 0.0 
634 0.0 20.0 
635 20.0 0.0 
636 0.0 20.0 
637 20.0 0.0 
638 0.0 20.0 
639 20.0 0.0 
640 0.0 20.0 
641 20.0 0.0 
642 0.0 20.0 
643 20.0 0.0 
644 0.0 20.0 
645 20.0 0.0 
646 0.0 20.0 
647 20.0 0.0 
648 0.0 20.0 
649 20.0 0.0 
650 0.0 20.0 
651 20.0 0.0 
652 0.0 20.0 
653 20.0 0.0 
654 0.0 20.0 
655 20.0 0.0 
656 0.0 20.0 
657 20.0 0.0 
658 0.0 20.0 
659 20.0 0.0 
660 0.0 20.0 
661 20.0 0.0 
662 0.0 20.0 
663 20.0 0.0 
664 0.0 20.0 
665 20.0 0.0 
666 0.0 20.0 
667 20.0 0.0 
668 0.0 20.0 
669 20.0 0.0 
