0 14.07988755612624 16.40612647293704 
1 17.09319963504332 14.07988755612624 
2 22.5179600496614 17.09319963504332 
3 21.0777604998772 22.5179600496614 
4 23.5491207473056 21.0777604998772 
5 21.6313511521772 23.5491207473056 
6 0.7629886459359932 21.6313511521772 
7 11.2349094403397 0.7629886459359932 
8 0.8098041587080134 11.2349094403397 
9 13.3953639941752 0.8098041587080134 
10 0.9283580940572332 13.3953639941752 
11 12.2297161383228 0.9283580940572332 
12 0.6963362020096666 12.2297161383228 
13 12.1158542698755 0.6963362020096666 
14 0.5967794583984053 12.1158542698755 
15 0.7528700505811867 0.5967794583984053 
16 0.7346977618735266 0.7528700505811867 
17 0.7898563493934134 0.7346977618735266 
18 0.7443112644198266 0.7898563493934134 
19 0.73053125637974 0.7443112644198266 
20 0.7004618313974468 0.73053125637974 
21 0.73278181255442 0.7004618313974468 
22 0.7050966037893267 0.73278181255442 
23 0.7040361256645199 0.7050966037893267 
24 0.70106260859014 0.7040361256645199 
25 0.9124418846674267 0.70106260859014 
26 10.7131512270876 0.9124418846674267 
27 0.9858355130991333 10.7131512270876 
28 11.5443980268094 0.9858355130991333 
29 0.95862908656816 11.5443980268094 
30 12.1085367702719 0.95862908656816 
31 0.9948463911364 12.1085367702719 
32 13.4573889656596 0.9948463911364 
33 0.9614183986756266 13.4573889656596 
34 14.2336628810847 0.9614183986756266 
35 1.00676515105886 14.2336628810847 
36 16.1511661848769 1.00676515105886 
37 0.9859057868824334 16.1511661848769 
38 15.3974828261109 0.9859057868824334 
39 1.23906330870194 15.3974828261109 
40 14.1388986481239 1.23906330870194 
41 1.1888643588861332 14.1388986481239 
42 13.2932178530568 1.1888643588861332 
43 1.1373837671156068 13.2932178530568 
44 12.3130758622128 1.1373837671156068 
45 0.8737296638002799 12.3130758622128 
46 9.04139889496819 0.8737296638002799 
47 0.7863183636715533 9.04139889496819 
48 10.6381712501481 0.7863183636715533 
49 0.5724155557162446 10.6381712501481 
50 10.6844405589017 0.5724155557162446 
51 0.5376962270681607 10.6844405589017 
52 10.5676376527791 0.5376962270681607 
53 0.7343264854101066 10.5676376527791 
54 12.3638707289382 0.7343264854101066 
55 0.8548121163278334 12.3638707289382 
56 13.1328309912863 0.8548121163278334 
57 1.0167527748516534 13.1328309912863 
58 12.4898672357204 1.0167527748516534 
59 1.0170646832655332 12.4898672357204 
60 13.4960907581973 1.0170646832655332 
61 1.1060332214481068 13.4960907581973 
62 14.429050523059 1.1060332214481068 
63 0.8957005253261866 14.429050523059 
64 12.3590578007883 0.8957005253261866 
65 0.76149102008718 12.3590578007883 
66 11.1349262085426 0.76149102008718 
67 0.609563406892304 11.1349262085426 
68 9.47613901634516 0.609563406892304 
69 0.515936833869934 9.47613901634516 
70 8.54729756543673 0.515936833869934 
71 0.4487120474992413 8.54729756543673 
72 7.78279607427627 0.4487120474992413 
73 0.5869912048998867 7.78279607427627 
74 9.45984862930437 0.5869912048998867 
75 0.7492175667851 9.45984862930437 
76 10.604771077761 0.7492175667851 
77 0.8024717178678866 10.604771077761 
78 11.4985409864998 0.8024717178678866 
79 0.8470654586482066 11.4985409864998 
80 12.0972954691653 0.8470654586482066 
81 0.8567857600073067 12.0972954691653 
82 11.8271797091177 0.8567857600073067 
83 0.8119304386370599 11.8271797091177 
84 12.5985091804091 0.8119304386370599 
85 0.8851499404735067 12.5985091804091 
86 13.8300229610606 0.8851499404735067 
87 0.9354181937098667 13.8300229610606 
88 13.3406896730918 0.9354181937098667 
89 0.9092566981123734 13.3406896730918 
90 12.3341922691576 0.9092566981123734 
91 0.8575598059359333 12.3341922691576 
92 12.5985035872529 0.8575598059359333 
93 0.8764821256151933 12.5985035872529 
94 12.5788555922477 0.8764821256151933 
95 0.7461440980538067 12.5788555922477 
96 10.5100827020012 0.7461440980538067 
97 0.7072680528451066 10.5100827020012 
98 11.6876091512205 0.7072680528451066 
99 0.8465907174086467 11.6876091512205 
100 12.2580806152968 0.8465907174086467 
101 0.968552498101 12.2580806152968 
102 12.1002416276241 0.968552498101 
103 0.90901881802118 12.1002416276241 
104 9.9651953368649 0.90901881802118 
105 0.8925328329345933 9.9651953368649 
106 9.90234618691381 0.8925328329345933 
107 0.8009389617460734 9.90234618691381 
108 8.53494184442377 0.8009389617460734 
109 0.6731546219346534 8.53494184442377 
110 8.56319558564055 0.6731546219346534 
111 0.5554298712895653 8.56319558564055 
112 7.47206342676323 0.5554298712895653 
113 0.5335962098106107 7.47206342676323 
114 7.41309380225087 0.5335962098106107 
115 0.7120095952459267 7.41309380225087 
116 9.7971626016229 0.7120095952459267 
117 0.7368112217793733 9.7971626016229 
118 11.912757025205 0.7368112217793733 
119 0.73271428091224 11.912757025205 
120 11.395378552651 0.73271428091224 
121 0.71435984910436 11.395378552651 
122 11.6852637261155 0.71435984910436 
123 0.7203241978466667 11.6852637261155 
124 11.5973538570493 0.7203241978466667 
125 0.48445688679891136 11.5973538570493 
126 8.9569656026887 0.48445688679891136 
127 0.49341294652507334 8.9569656026887 
128 7.22855521438871 0.49341294652507334 
129 0.5454242435542767 7.22855521438871 
130 7.57717593218033 0.5454242435542767 
131 0.5690335286559847 7.57717593218033 
132 8.46266007250154 0.5690335286559847 
133 0.6599774098228827 8.46266007250154 
134 8.73554768765916 0.6599774098228827 
135 0.69224842927488 8.73554768765916 
136 8.51144283120204 0.69224842927488 
137 0.6996868226820268 8.51144283120204 
138 8.72689603398047 0.6996868226820268 
139 0.7239500806124467 8.72689603398047 
140 9.72457889145111 0.7239500806124467 
141 0.9072233999487866 9.72457889145111 
142 8.66438314641277 0.9072233999487866 
143 0.8729397401720933 8.66438314641277 
144 8.32074114422468 0.8729397401720933 
145 0.7974016307938334 8.32074114422468 
146 9.89247901471311 0.7974016307938334 
147 0.8089068898455467 9.89247901471311 
148 10.7504935705562 0.8089068898455467 
149 0.8101764910764533 10.7504935705562 
150 11.4356470943638 0.8101764910764533 
151 0.6728794071313734 11.4356470943638 
152 12.0482544559187 0.6728794071313734 
153 0.71895738009658 12.0482544559187 
154 13.8173079802579 0.71895738009658 
155 1.0305402380104 13.8173079802579 
156 12.5915864768217 1.0305402380104 
157 0.9688780557927933 12.5915864768217 
158 14.1512142774965 0.9688780557927933 
159 1.00184345940268 14.1512142774965 
160 12.1314781045618 1.00184345940268 
161 1.0475694653943934 12.1314781045618 
162 10.8491146779076 1.0475694653943934 
163 0.90587699163308 10.8491146779076 
164 9.58316901418117 0.90587699163308 
165 0.612583415994692 9.58316901418117 
166 11.3469475553051 0.612583415994692 
167 0.6899628289488666 11.3469475553051 
168 8.85514229880983 0.6899628289488666 
169 0.6575406009969307 8.85514229880983 
170 9.96065221998671 0.6575406009969307 
171 0.6159307736739307 9.96065221998671 
172 10.5577806481181 0.6159307736739307 
173 0.6727576882394734 10.5577806481181 
174 12.5442286314728 0.6727576882394734 
175 0.75217550179428 12.5442286314728 
176 13.3715728267136 0.75217550179428 
177 0.7676516986424 13.3715728267136 
178 14.0064613584828 0.7676516986424 
179 0.7314712911284467 14.0064613584828 
180 12.6972704869973 0.7314712911284467 
181 0.6476745588981754 12.6972704869973 
182 14.4990723721513 0.6476745588981754 
183 0.6545630385575654 14.4990723721513 
184 13.6662398272511 0.6545630385575654 
185 0.8010108919045867 13.6662398272511 
186 11.4786038158233 0.8010108919045867 
187 0.8242314243953467 11.4786038158233 
188 11.8708097208007 0.8242314243953467 
189 0.83142688679564 11.8708097208007 
190 13.4606551246059 0.83142688679564 
191 0.8937850710861867 13.4606551246059 
192 13.0123782586874 0.8937850710861867 
193 0.9547289098190667 13.0123782586874 
194 11.0688154299293 0.9547289098190667 
195 0.7647312946589067 11.0688154299293 
196 11.0921333964447 0.7647312946589067 
197 0.6552901349027519 11.0921333964447 
198 11.0135396061428 0.6552901349027519 
199 0.6822505867254267 11.0135396061428 
200 11.6596732776083 0.6822505867254267 
201 0.7773011498494067 11.6596732776083 
202 11.3205477508511 0.7773011498494067 
203 0.7852273877260733 11.3205477508511 
204 13.1473073993515 0.7852273877260733 
205 0.9056252179849 13.1473073993515 
206 16.1755780246461 0.9056252179849 
207 1.0919746399819599 16.1755780246461 
208 17.0574833645313 1.0919746399819599 
209 1.0878322771813667 17.0574833645313 
210 15.9646778692165 1.0878322771813667 
211 1.1089655757558465 15.9646778692165 
212 14.8325774927158 1.1089655757558465 
213 1.0006889958256802 14.8325774927158 
214 15.2046017232715 1.0006889958256802 
215 0.9988362048154866 15.2046017232715 
216 11.884002031913 0.9988362048154866 
217 1.1084862103608868 11.884002031913 
218 10.5851991521536 1.1084862103608868 
219 1.1342087304668667 10.5851991521536 
220 12.0587683389911 1.1342087304668667 
221 1.0777113434942 12.0587683389911 
222 10.71843539298 1.0777113434942 
223 1.0822252447966534 10.71843539298 
224 11.2705826577926 1.0822252447966534 
225 1.17593623281326 11.2705826577926 
226 10.387878260414 1.17593623281326 
227 1.1669834552211333 10.387878260414 
228 11.4385545309718 1.1669834552211333 
229 0.9647175981688666 11.4385545309718 
230 11.9917264202943 0.9647175981688666 
231 0.9635012478102667 11.9917264202943 
232 11.9917264202943 0.9635012478102667 
233 0.9177253175723934 11.9917264202943 
234 11.7996187392485 0.9177253175723934 
235 0.8062105923728466 11.7996187392485 
236 10.754714817963 0.8062105923728466 
237 0.6657022808951473 10.754714817963 
238 10.8224016585859 0.6657022808951473 
239 0.5622225527625273 10.8224016585859 
240 11.2063243596553 0.5622225527625273 
241 0.5858934054257127 11.2063243596553 
242 10.4192419183256 0.5858934054257127 
243 0.5667267159618106 10.4192419183256 
244 11.3458629784823 0.5667267159618106 
245 0.6614406984562946 11.3458629784823 
246 11.6298080347113 0.6614406984562946 
247 0.70057105916074 11.6298080347113 
248 10.4893570364276 0.70057105916074 
249 0.7528039735825399 10.4893570364276 
250 9.16786801815599 0.7528039735825399 
251 0.6928695310667999 9.16786801815599 
252 8.72175418544591 0.6928695310667999 
253 0.6239760460397801 8.72175418544591 
254 8.31196182822438 0.6239760460397801 
255 0.600078247034052 8.31196182822438 
256 8.97858546306551 0.600078247034052 
257 0.61380478958842 8.97858546306551 
258 9.77360847732642 0.61380478958842 
259 0.70434095686908 9.77360847732642 
260 11.5334996682661 0.70434095686908 
261 0.7243895371023066 11.5334996682661 
262 12.1620014530552 0.7243895371023066 
263 0.9280964928383733 12.1620014530552 
264 11.6162002906111 0.9280964928383733 
265 0.92193529768316 11.6162002906111 
266 12.8443017056396 0.92193529768316 
267 1.1036982585021933 12.8443017056396 
268 13.20975477591 1.1036982585021933 
269 1.07820259982916 13.20975477591 
270 11.9172920735236 1.07820259982916 
271 1.0545333436582134 11.9172920735236 
272 11.2937992357501 1.0545333436582134 
273 0.95879589242498 11.2937992357501 
274 11.9412770332678 0.95879589242498 
275 0.9927668350460667 11.9412770332678 
276 10.3497458899801 0.9927668350460667 
277 0.7756678231790933 10.3497458899801 
278 15.2424630690054 0.7756678231790933 
279 0.6736537076060467 15.2424630690054 
280 15.1836900502926 0.6736537076060467 
281 0.8212350044389733 15.1836900502926 
282 14.9688804931388 0.8212350044389733 
283 0.7295575335306066 14.9688804931388 
284 15.0765730337677 0.7295575335306066 
285 0.6710409557199533 15.0765730337677 
286 15.5944416378889 0.6710409557199533 
287 0.7645248321947601 15.5944416378889 
288 12.0588501528253 0.7645248321947601 
289 0.8612223028488134 12.0588501528253 
290 13.2226657757729 0.8612223028488134 
291 0.7271354864927467 13.2226657757729 
292 13.6342524733962 0.7271354864927467 
293 0.7793499260405866 13.6342524733962 
294 13.4965736351601 0.7793499260405866 
295 0.8319274421509133 13.4965736351601 
296 13.2717168643188 0.8319274421509133 
297 0.77430219506668 13.2717168643188 
298 10.8558809382925 0.77430219506668 
299 0.6834467623406401 10.8558809382925 
300 9.28277494179798 0.6834467623406401 
301 0.75189594986066 9.28277494179798 
302 8.68608858290734 0.75189594986066 
303 0.70005788518224 8.68608858290734 
304 9.41682345904455 0.70005788518224 
305 0.7553064865094866 9.41682345904455 
306 9.1140820195843 0.7553064865094866 
307 0.8077133925075 9.1140820195843 
308 10.8318980064244 0.8077133925075 
309 0.9927964474305733 10.8318980064244 
310 12.5664782153584 0.9927964474305733 
311 1.04147994678294 12.5664782153584 
312 14.3796178963412 1.04147994678294 
313 1.1265848865577266 14.3796178963412 
314 14.7121947254841 1.1265848865577266 
315 1.1197270048330599 14.7121947254841 
316 15.6207454984107 1.1197270048330599 
317 1.1655431667178 15.6207454984107 
318 14.4363501553543 1.1655431667178 
319 1.0312250274614534 14.4363501553543 
320 14.6250426193693 1.0312250274614534 
321 0.9012126432374533 14.6250426193693 
322 13.6567326523584 0.9012126432374533 
323 0.8365420657192068 13.6567326523584 
324 13.7861625644944 0.8365420657192068 
325 0.8479246177585533 13.7861625644944 
326 14.3644596033776 0.8479246177585533 
327 0.75309317869736 14.3644596033776 
328 15.6328338369348 0.75309317869736 
329 0.8319456258593999 15.6328338369348 
330 13.6565200725245 0.8319456258593999 
331 0.84242009374854 13.6565200725245 
332 13.8397199021127 0.84242009374854 
333 0.8667458594439333 13.8397199021127 
334 12.114874714903 0.8667458594439333 
335 0.76358098105198 12.114874714903 
336 10.7717091176457 0.76358098105198 
337 0.7366065513334 10.7717091176457 
338 9.15658437804901 0.7366065513334 
339 0.6834082465538734 9.15658437804901 
340 9.24298234686831 0.6834082465538734 
341 0.8072453647813733 9.24298234686831 
342 8.42171454126774 0.8072453647813733 
343 0.7955925489527667 8.42171454126774 
344 8.64265198365522 0.7955925489527667 
345 0.8233695258808733 8.64265198365522 
346 11.510610262547 0.8233695258808733 
347 0.9713236950208933 11.510610262547 
348 12.7670281082219 0.9713236950208933 
349 0.9829843424012866 12.7670281082219 
350 13.0438726878911 0.9829843424012866 
351 0.94376975081126 13.0438726878911 
352 14.7587885051418 0.94376975081126 
353 1.0086516513748933 14.7587885051418 
354 14.5683165434913 1.0086516513748933 
355 0.9709819916743466 14.5683165434913 
356 11.68616088149 0.9709819916743466 
357 0.8478723189901867 11.68616088149 
358 11.8658624405873 0.8478723189901867 
359 0.7914979580582467 11.8658624405873 
360 13.2250156987592 0.7914979580582467 
361 0.7046502424385267 13.2250156987592 
362 12.8759750057 0.7046502424385267 
363 0.649735719111062 12.8759750057 
364 12.7041083403426 0.649735719111062 
365 0.6477281697405727 12.7041083403426 
366 13.2949353513758 0.6477281697405727 
367 0.7730419328549734 13.2949353513758 
368 13.6388435843403 0.7730419328549734 
369 0.8462321610342266 13.6388435843403 
370 13.6009293838144 0.8462321610342266 
371 0.90848325341638 13.6009293838144 
372 12.7721126874135 0.90848325341638 
373 0.8922862050202933 12.7721126874135 
374 12.7866924390582 0.8922862050202933 
375 0.8599750698411534 12.7866924390582 
376 12.1731979294055 0.8599750698411534 
377 0.6772698228733532 12.1731979294055 
378 9.85880695905405 0.6772698228733532 
379 0.5930680523755547 9.85880695905405 
380 8.78718356714898 0.5930680523755547 
381 0.5800018548808487 8.78718356714898 
382 9.39449776768265 0.5800018548808487 
383 0.5724084159632734 9.39449776768265 
384 11.2501408836724 0.5724084159632734 
385 0.6585233908938927 11.2501408836724 
386 11.3276871090092 0.6585233908938927 
387 0.7512371572321933 11.3276871090092 
388 12.634257795028 0.7512371572321933 
389 0.8062761417507333 12.634257795028 
390 14.4452729717249 0.8062761417507333 
391 0.8616328353380334 14.4452729717249 
392 13.7212345284387 0.8616328353380334 
393 0.8734033981618533 13.7212345284387 
394 11.9177522080379 0.8734033981618533 
395 0.8213117513667334 11.9177522080379 
396 11.6742152140592 0.8213117513667334 
397 0.7441840604471067 11.6742152140592 
398 10.7041600187915 0.7441840604471067 
399 0.6878032055447266 10.7041600187915 
400 10.204099486021 0.6878032055447266 
401 0.6002114853469547 10.204099486021 
402 10.6075903188676 0.6002114853469547 
403 0.5833192427603527 10.6075903188676 
404 9.82858758435271 0.5833192427603527 
405 0.558979987759758 9.82858758435271 
406 10.1921579478291 0.558979987759758 
407 0.6016847011071147 10.1921579478291 
408 10.2422092805561 0.6016847011071147 
409 0.627365746336506 10.2422092805561 
410 8.81688363027331 0.627365746336506 
411 0.6533384957630306 8.81688363027331 
412 8.79492836595425 0.6533384957630306 
413 0.6589526802295254 8.79492836595425 
414 10.646885722552 0.6589526802295254 
415 0.7797589257069267 10.646885722552 
416 11.1772024135492 0.7797589257069267 
417 0.8889174254365266 11.1772024135492 
418 12.7365686606486 0.8889174254365266 
419 0.9407509319550067 12.7365686606486 
420 12.5583363430936 0.9407509319550067 
421 0.9163307644011867 12.5583363430936 
422 13.5256096869448 0.9163307644011867 
423 0.9219234375497799 13.5256096869448 
424 12.7110283416143 0.9219234375497799 
425 0.8707109351521066 12.7110283416143 
426 12.6956334202802 0.8707109351521066 
427 0.76522966119342 12.6956334202802 
428 10.6778051302067 0.76522966119342 
429 0.6639012405778506 10.6778051302067 
430 10.7594634128486 0.6639012405778506 
431 0.78641991862172 10.7594634128486 
432 9.72761788516335 0.78641991862172 
433 0.7938335614432267 9.72761788516335 
434 9.71549180241425 0.7938335614432267 
435 0.7136092940835533 9.71549180241425 
436 9.05906885501109 0.7136092940835533 
437 0.66843846224026 9.05906885501109 
438 10.0280776312103 0.66843846224026 
439 0.7753961759962067 10.0280776312103 
440 11.6370923374639 0.7753961759962067 
441 0.64023220261587 11.6370923374639 
442 12.5051905982957 0.64023220261587 
443 0.6742275933612399 12.5051905982957 
444 11.7827495791945 0.6742275933612399 
445 0.7704831513062866 11.7827495791945 
446 11.0600501403194 0.7704831513062866 
447 0.77575810296368 11.0600501403194 
448 10.4442235912136 0.77575810296368 
449 0.72916812109962 10.4442235912136 
450 8.44377407892385 0.72916812109962 
451 0.7634963750998334 8.44377407892385 
452 7.87538511932551 0.7634963750998334 
453 0.7464035977345134 7.87538511932551 
454 7.64648406398906 0.7464035977345134 
455 0.6918631331041933 7.64648406398906 
456 7.64482429119689 0.6918631331041933 
457 0.67742217301688 7.64482429119689 
458 7.75446334858875 0.67742217301688 
459 0.6275577236386527 7.75446334858875 
460 8.6913729804736 0.6275577236386527 
461 0.6773056630389866 8.6913729804736 
462 8.41152365892082 0.6773056630389866 
463 0.6692065675964533 8.41152365892082 
464 8.33154148030008 0.6692065675964533 
465 0.6186742281188821 8.33154148030008 
466 8.54916203850631 0.6186742281188821 
467 0.7202401910987266 8.54916203850631 
468 7.37482714433955 0.7202401910987266 
469 0.7720073825713266 7.37482714433955 
470 7.47840905434643 0.7720073825713266 
471 0.7697840349339333 7.47840905434643 
472 9.20049097221529 0.7697840349339333 
473 0.7546494840436734 9.20049097221529 
474 10.8359648806596 0.7546494840436734 
475 0.9568027058289666 10.8359648806596 
476 11.3402213481376 0.9568027058289666 
477 1.0684986624848067 11.3402213481376 
478 12.4926826298467 1.0684986624848067 
479 1.0754696828854933 12.4926826298467 
480 14.5417470074158 1.0754696828854933 
481 0.9298627609755267 14.5417470074158 
482 14.3217400010406 0.9298627609755267 
483 1.0100899250682933 14.3217400010406 
484 13.9158363623103 1.0100899250682933 
485 0.9262065829253266 13.9158363623103 
486 14.540008055877 0.9262065829253266 
487 0.9121815617354466 14.540008055877 
488 15.1823257754486 0.9121815617354466 
489 0.8901496220733133 15.1823257754486 
490 13.6859483455656 0.8901496220733133 
491 0.93953562908782 13.6859483455656 
492 11.2908768316421 0.93953562908782 
493 0.7984672781019934 11.2908768316421 
494 11.1629981156278 0.7984672781019934 
495 0.7309293875574799 11.1629981156278 
496 9.84076141405111 0.7309293875574799 
497 0.6356947605893066 9.84076141405111 
498 8.31707598379517 0.6356947605893066 
499 0.619106090692068 8.31707598379517 
500 7.93290771826239 0.619106090692068 
501 0.5742215269968707 7.93290771826239 
502 9.34365441213874 0.5742215269968707 
503 0.6142090200705547 9.34365441213874 
504 9.64029537764259 0.6142090200705547 
505 0.6795226482712067 9.64029537764259 
506 10.2997780054783 0.6795226482712067 
507 0.6039225330949647 10.2997780054783 
508 10.6492700332369 0.6039225330949647 
509 0.6231286582464353 10.6492700332369 
510 10.0658205223052 0.6231286582464353 
511 0.7733177048943266 10.0658205223052 
512 10.8871605940164 0.7733177048943266 
513 0.8849695562642134 10.8871605940164 
514 11.2969316405836 0.8849695562642134 
515 0.83202580160368 11.2969316405836 
516 11.4452441992568 0.83202580160368 
517 0.7521146271007001 11.4452441992568 
518 11.5755762628943 0.7521146271007001 
519 0.9165879190938266 11.5755762628943 
520 10.7816854014971 0.9165879190938266 
521 0.9318684505760667 10.7816854014971 
522 11.2302506318285 0.9318684505760667 
523 0.9155073953672399 11.2302506318285 
524 10.6302851743492 0.9155073953672399 
525 0.9209845004725067 10.6302851743492 
526 11.1940009504701 0.9209845004725067 
527 1.10596336129668 11.1940009504701 
528 12.0736015377838 1.10596336129668 
529 0.95029894330978 12.0736015377838 
530 12.3518988535505 0.95029894330978 
531 0.9759360919091733 12.3518988535505 
532 13.2697192848263 0.9759360919091733 
533 0.9176867829455334 13.2697192848263 
534 12.1651464077095 0.9176867829455334 
535 0.8778611139815333 12.1651464077095 
536 11.6449377837543 0.8778611139815333 
537 0.8863913559205867 11.6449377837543 
538 12.7052350069962 0.8863913559205867 
539 0.9572062387187467 12.7052350069962 
540 11.5786404717994 0.9572062387187467 
541 0.8746126946570201 11.5786404717994 
542 9.57727081141628 0.8746126946570201 
543 0.85656227261048 9.57727081141628 
544 10.4303260772856 0.85656227261048 
545 0.9100566630430333 10.4303260772856 
546 10.759377153111 0.9100566630430333 
547 0.8976335455210334 10.759377153111 
548 11.6419236197455 0.8976335455210334 
549 0.8624072807452267 11.6419236197455 
550 11.6898826708438 0.8624072807452267 
551 0.7547327039575333 11.6898826708438 
552 11.8218979934925 0.7547327039575333 
553 0.6644107194841233 11.8218979934925 
554 12.9043689618551 0.6644107194841233 
555 0.6887987769612933 12.9043689618551 
556 14.3173213955757 0.6887987769612933 
557 0.8058948469016534 14.3173213955757 
558 14.9197671988351 0.8058948469016534 
559 0.84539506322356 14.9197671988351 
560 13.8094136701098 0.84539506322356 
561 0.8816306850555133 13.8094136701098 
562 13.4271198538372 0.8816306850555133 
563 0.9176369252507467 13.4271198538372 
564 14.0311094790444 0.9176369252507467 
565 1.0073397016962067 14.0311094790444 
566 14.0311094790444 1.0073397016962067 
567 1.0073397016962067 14.0311094790444 
568 14.0311094790444 1.0073397016962067 
569 1.0073397016962067 14.0311094790444 
570 13.4681675389245 1.0073397016962067 
571 0.9344808458922267 13.4681675389245 
572 12.961376198159 0.9344808458922267 
573 0.9391322550282933 12.961376198159 
574 14.0003801462599 0.9391322550282933 
575 0.8755791976230733 14.0003801462599 
576 13.5413027751855 0.8755791976230733 
577 0.86026289107386 13.5413027751855 
578 11.9140610282971 0.86026289107386 
579 0.7789236409699067 11.9140610282971 
580 11.9362027532517 0.7789236409699067 
581 0.8923716345223534 11.9362027532517 
582 11.2910819441252 0.8923716345223534 
583 0.80140056588684 11.2910819441252 
584 9.53329195621148 0.80140056588684 
585 0.7630887560803867 9.53329195621148 
586 8.56575827798012 0.7630887560803867 
587 0.6463397735887847 8.56575827798012 
588 9.30779107545957 0.6463397735887847 
589 0.6560891249041033 9.30779107545957 
590 9.28430131665829 0.6560891249041033 
591 0.7478391379101067 9.28430131665829 
592 9.90823862077346 0.7478391379101067 
593 0.72584960800194 9.90823862077346 
594 9.70875822788877 0.72584960800194 
595 0.73088145025566 9.70875822788877 
596 9.55761316352949 0.73088145025566 
597 0.8223008878969267 9.55761316352949 
598 8.91156891204849 0.8223008878969267 
599 0.8409094747027267 8.91156891204849 
600 9.63069639879301 0.8409094747027267 
601 0.7194677263777733 9.63069639879301 
602 8.09022095423557 0.7194677263777733 
603 0.6932828950303467 8.09022095423557 
604 9.32468879238962 0.6932828950303467 
605 0.9294467920522067 9.32468879238962 
606 10.9084884595278 0.9294467920522067 
607 0.9352260823445866 10.9084884595278 
608 12.0296389386964 0.9352260823445866 
609 0.91090495321354 12.0296389386964 
610 12.4157395865347 0.91090495321354 
611 0.90389805275618 12.4157395865347 
612 14.3692071606973 0.90389805275618 
613 0.7597448246683733 14.3692071606973 
614 14.3574356782411 0.7597448246683733 
615 0.7191341116256934 14.3574356782411 
616 15.5915332142285 0.7191341116256934 
617 0.8130617429038867 15.5915332142285 
618 15.1582730835639 0.8130617429038867 
619 0.9304653968655067 15.1582730835639 
620 14.848756491481 0.9304653968655067 
621 0.9332426301323934 14.848756491481 
622 14.8529149326918 0.9332426301323934 
623 0.8989144827554266 14.8529149326918 
624 12.0808279489894 0.8989144827554266 
625 0.8823862158827533 12.0808279489894 
626 12.0265345980699 0.8823862158827533 
627 0.9783752159651 12.0265345980699 
628 10.4271813243059 0.9783752159651 
629 0.8166687796666999 10.4271813243059 
630 10.3720867923468 0.8166687796666999 
631 0.7556737487088733 10.3720867923468 
632 10.0230705294556 0.7556737487088733 
633 0.73876948196002 10.0230705294556 
634 10.6178449209864 0.73876948196002 
635 0.6803570594172467 10.6178449209864 
636 10.3930608524196 0.6803570594172467 
637 0.6348842131400934 10.3930608524196 
638 12.1286071816458 0.6348842131400934 
639 0.6408555513341007 12.1286071816458 
640 10.6634548192167 0.6408555513341007 
641 0.6795491140999267 10.6634548192167 
642 11.498552043473 0.6795491140999267 
643 0.8761163612398534 11.498552043473 
644 10.106617215114 0.8761163612398534 
645 0.8467892510877933 10.106617215114 
646 11.0515328038305 0.8467892510877933 
647 0.9167079799320933 11.0515328038305 
648 11.3549286415782 0.9167079799320933 
649 0.9364203280040599 11.3549286415782 
650 13.1687105709861 0.9364203280040599 
651 0.9382105924430533 13.1687105709861 
652 11.8081144297594 0.9382105924430533 
653 0.7588546406425666 11.8081144297594 
654 12.6888572348943 0.7588546406425666 
655 0.81938828002176 12.6888572348943 
656 12.9748445831802 0.81938828002176 
657 0.88106758993254 12.9748445831802 
658 11.6773729290816 0.88106758993254 
659 0.9035790954864 11.6773729290816 
660 10.967583057628 0.9035790954864 
661 0.9455517869529066 10.967583057628 
662 11.591570218889 0.9455517869529066 
663 0.9233938806494467 11.591570218889 
664 11.4013467504693 0.9233938806494467 
665 1.0698958950891668 11.4013467504693 
666 10.2654150227399 1.0698958950891668 
667 0.9090269433345733 10.2654150227399 
668 9.82800609975222 0.9090269433345733 
669 0.85573876794372 9.82800609975222 
