0 0 
1 0 
2 0 
3 0 
4 0 
5 0 
6 0 
7 0 
8 0 
9 0 
10 0 
11 0 
12 0 
13 0 
14 0 
15 0 
16 0 
17 0 
18 0 
19 0 
20 0 
21 3 
22 0 
23 0 
24 0 
25 0 
26 0 
27 0 
28 0 
29 0 
30 0 
31 0 
32 0 
33 3 
34 0 
35 0 
36 0 
37 0 
38 0 
39 1 
40 0 
41 1 
42 3 
43 1 
44 3 
45 0 
46 3 
47 0 
48 3 
49 0 
50 3 
51 0 
52 0 
53 0 
54 3 
55 2 
56 3 
57 2 
58 3 
59 2 
60 3 
61 2 
62 3 
63 1 
64 2 
65 1 
66 1 
67 1 
68 1 
69 1 
70 1 
71 1 
72 1 
73 1 
74 1 
75 1 
76 1 
77 1 
78 1 
79 1 
80 1 
81 1 
82 1 
83 1 
84 1 
85 1 
86 1 
87 1 
88 1 
89 1 
90 1 
91 1 
92 1 
93 1 
94 1 
95 1 
96 1 
97 1 
98 1 
99 1 
100 1 
101 1 
102 1 
103 1 
104 1 
105 1 
106 1 
107 1 
108 1 
109 1 
110 1 
111 1 
112 1 
113 1 
114 1 
115 1 
116 1 
117 1 
118 1 
119 1 
120 1 
121 1 
122 1 
123 1 
124 1 
125 1 
126 1 
127 1 
128 1 
129 1 
130 1 
131 1 
132 1 
133 1 
134 1 
135 1 
136 1 
137 1 
138 1 
139 1 
140 1 
141 1 
142 1 
143 1 
144 1 
145 1 
146 1 
147 1 
148 3 
149 1 
150 2 
151 1 
152 2 
153 1 
154 2 
155 1 
156 2 
157 1 
158 2 
159 1 
160 2 
161 1 
162 2 
163 1 
164 2 
165 1 
166 2 
167 1 
168 2 
169 1 
170 2 
171 1 
172 2 
173 1 
174 1 
175 1 
176 1 
177 1 
178 1 
179 1 
180 1 
181 1 
182 1 
183 1 
184 1 
185 1 
186 1 
187 1 
188 1 
189 1 
190 1 
191 1 
192 1 
193 1 
194 1 
195 1 
196 1 
197 1 
198 1 
199 1 
200 1 
201 1 
202 1 
203 1 
204 1 
205 1 
206 1 
207 1 
208 2 
209 1 
210 2 
211 1 
212 2 
213 1 
214 2 
215 1 
216 2 
217 1 
218 2 
219 1 
220 2 
221 1 
222 2 
223 1 
224 2 
225 1 
226 2 
227 1 
228 2 
229 1 
230 2 
231 1 
232 2 
233 1 
234 2 
235 1 
236 2 
237 1 
238 2 
239 1 
240 2 
241 1 
242 2 
243 1 
244 2 
245 1 
246 2 
247 1 
248 2 
249 1 
250 2 
251 1 
252 2 
253 1 
254 2 
255 1 
256 2 
257 1 
258 2 
259 1 
260 2 
261 1 
262 2 
263 1 
264 0 
265 0 
266 0 
267 0 
268 0 
269 0 
270 0 
271 0 
272 0 
273 0 
274 0 
275 0 
276 0 
277 0 
278 0 
279 0 
280 0 
281 0 
282 0 
283 0 
284 0 
285 0 
286 0 
287 0 
288 0 
289 0 
290 0 
291 0 
