0 1.260298813160151 
1 1.658164494841707 
2 2.917560097140753 
3 2.744479850759486 
4 2.291023593675642 
5 1.72069063597525 
6 1.845829432395623 
7 2.9353207070985214 
8 2.993596740925686 
9 3.1120238580578414 
10 1.9317189078308954 
11 3.2086459205269584 
12 1.2921599801200467 
13 1.562839292192376 
14 2.628751588512548 
15 3.4733093689797165 
16 3.4300367780996988 
17 3.593424614774587 
18 2.8048024373382385 
19 2.9428671687160075 
20 2.11225785347343 
21 2.206972477002668 
22 3.0414197949096833 
23 3.077582309630465 
24 2.6849114293043974 
25 3.4513680531017243 
26 3.6558199417033053 
27 1.8854331867076897 
28 1.4659450963390965 
29 2.557030110021348 
30 3.364509273588599 
31 2.624506942596568 
32 1.482379258623218 
33 1.9546234401961986 
34 4.00216703976692 
35 2.9869083479021636 
36 1.756928360215763 
37 1.8077021349029476 
38 3.8568997201538147 
39 3.0314839845990127 
40 1.5560203806895117 
41 3.062626976092427 
42 1.9587818635276533 
43 1.976495001733787 
44 1.6678818396329453 
45 2.962081656573285 
46 2.578349559709348 
47 1.2892120628435717 
48 1.7398205243565488 
49 2.535886643547971 
50 1.7934426902083032 
51 1.4343229206067154 
52 3.1915006039320497 
53 2.956847790515791 
54 3.5613424256232893 
55 3.4968907218080734 
56 1.915002353758941 
57 1.5971311759447826 
58 2.3954368255535874 
59 3.1166510490051644 
60 2.14534250674388 
61 3.070130135829406 
62 1.846425438699463 
63 1.800103444818031 
64 1.4945319631662934 
65 1.3255695605108482 
66 1.1828158588126683 
67 1.1336159951154503 
68 1.6442691424996474 
69 2.957696761559059 
70 3.1928879335320097 
71 3.630241197800254 
72 3.0258688896329917 
73 3.919408039543562 
74 2.4544886837778517 
75 3.951052679610457 
76 2.195112142266975 
77 3.4492766111237296 
78 2.238023040378521 
79 3.453053549691728 
80 1.3426221662400206 
81 1.870884332251438 
82 2.2511383703320913 
83 3.052408927444391 
84 3.1971198405791634 
85 2.610271967069094 
86 1.981926266714927 
87 2.5097545832249413 
88 1.4248499254622229 
89 1.2094310252583313 
90 3.651160925714944 
91 2.4647635765672504 
92 4.0264291174030005 
93 3.731463665392418 
94 2.2543846154090175 
95 2.0728586329361045 
96 3.6418549586366047 
97 2.5752138162389056 
98 1.7529513439364344 
99 1.790536978333623 
100 2.6963247121001293 
101 3.2473424609726242 
102 2.299629500498014 
103 2.1610476368800553 
104 2.229935465250433 
105 3.3641720050465382 
106 1.27083696557162 
107 1.815373432840009 
108 5.104201231095113 
109 3.5538607631451358 
110 2.0390857935024442 
111 1.9180519806694059 
112 2.8043070792467693 
113 4.292341575753001 
114 2.703376508223372 
115 3.7471248193155553 
116 2.762990052463709 
117 3.166225555037343 
118 2.8388275237307097 
119 3.9908537778349644 
120 3.6144498322071854 
121 2.472131166793753 
122 1.2618413057880495 
123 1.4657280816960223 
124 2.8388275237307097 
125 3.9908537778349644 
126 3.6144498322071854 
127 2.472131166793753 
128 1.2618413057880495 
129 1.4657280816960223 
130 2.620639515088052 
131 2.759317682919977 
132 2.3335850705610484 
133 2.1443715899403806 
134 3.979739026894301 
135 3.109763336732044 
136 1.8903367899488102 
137 1.7854763235966196 
138 1.8903367899488102 
139 1.7854763235966196 
140 5.018941218215822 
141 2.7811150149189983 
142 2.9277841908191196 
143 3.109413139938038 
144 1.6462167249603323 
145 1.4700322083814712 
146 2.621946426374913 
147 4.002544996351855 
148 1.9498343696896714 
149 1.9702367024576202 
150 1.771259460251745 
151 2.1059917356952065 
152 3.4095019322360134 
153 2.8598640144561642 
154 2.5712885175601823 
155 2.2856723039287146 
156 2.85989294871428 
157 3.3449624945052774 
158 2.488768076127843 
159 2.746832443584358 
160 1.5010982011734026 
161 1.971125543615645 
162 2.694555750040914 
163 2.1053134748255493 
164 1.9719885812136329 
165 2.552217280858428 
166 3.885548512444942 
167 3.0833159862114465 
168 2.902982895889895 
169 1.6422250755085717 
170 1.9888175590091042 
171 2.0184606136280756 
172 2.6594896793176517 
173 2.439074029339719 
174 4.569862290511456 
175 2.4123039937414648 
176 2.8413891880211004 
177 3.502458781143315 
178 3.699662030201799 
179 3.29910982744958 
180 1.8633224703713018 
181 2.8259054895828957 
182 3.389665568128097 
183 3.2231333679065024 
184 1.662043810001179 
185 2.2744799414029995 
186 2.2658412722663277 
187 2.3352269466912694 
188 1.907670877970859 
189 1.9658521264074378 
190 2.475095279086602 
191 2.515580988759395 
192 2.383108025140898 
193 2.6488737228442707 
194 3.2614831840791862 
195 2.9544757907314128 
196 2.5310870666617786 
197 2.588274383111615 
198 2.5845573167806357 
199 2.4433426143422263 
