0 4.293285781841694 
1 2.8493711880737465 
2 2.8552650011840868 
3 3.0799179991222 
4 3.0703511614274532 
5 3.3226052285140333 
6 3.30186502014028 
7 3.569236424926613 
8 3.5344777406015133 
9 3.8061132501961468 
10 3.7545206176444537 
11 4.02054877583786 
12 4.04084179409828 
13 4.059251115338706 
14 4.280153920104527 
15 4.2825877217651405 
16 4.550794211012233 
17 4.618311307422833 
18 4.90312102047824 
19 4.9504823501465465 
20 5.153346960800094 
21 5.170887158499746 
22 5.3757685803624 
23 5.439882990505147 
24 5.580882428505126 
25 5.594970001980706 
26 5.799556077202253 
27 5.829686975979687 
28 5.868024404166906 
29 5.950086755106 
30 6.116289049662626 
31 6.206060489352393 
32 6.324564205332533 
33 6.3544967728793935 
34 6.294518492787127 
35 6.28990792870556 
36 6.315925632762673 
37 6.263698601682827 
38 6.315690982825253 
39 6.258228767669686 
40 6.326557030945473 
41 6.2647561887645935 
42 6.265694804637807 
43 6.2043188399094795 
44 6.24092265143608 
45 6.163122831334706 
46 6.244871269337374 
47 6.1535569980858265 
48 6.250880681964319 
49 6.169003193880673 
50 6.23066538041206 
51 6.150119169480654 
52 6.2525187078530395 
53 6.240659333913933 
54 6.256128146669386 
55 6.276621454707434 
56 6.246949591296926 
57 6.2863772242527665 
58 6.242342121174167 
59 6.290099605208046 
60 6.20972256199688 
61 6.298190878495807 
62 6.21899666969784 
63 6.247311018789066 
64 6.259603238929227 
65 6.302061186696299 
66 6.254733445095726 
67 6.285005983313933 
68 6.273972718349287 
69 6.301611302270267 
70 6.243498527277474 
71 6.26352963865948 
72 6.200236926051853 
73 6.236032988436873 
74 6.13217546038942 
75 6.135883718469906 
76 6.078739811870114 
77 6.091573016623907 
78 6.028423127469213 
79 6.0191478633213 
80 6.023395540235607 
81 6.015467262013714 
82 6.06358722858456 
83 6.0210932543810936 
84 6.0645386143113535 
85 6.04446139108762 
86 6.03798437866568 
87 6.07033280903218 
88 6.0291918541842335 
89 6.1126717331514335 
90 6.020272255805133 
91 6.0982481229976395 
92 6.034620099165774 
93 6.173885027843006 
94 6.163231879083 
95 6.2318008374728135 
96 6.263832432793007 
97 6.31691782965058 
98 6.3221968622736275 
99 6.36209563663902 
100 6.400090497543347 
101 6.442049648468487 
102 6.4219749318142405 
103 6.393314972383774 
104 6.322468114937366 
105 6.321550118454474 
106 6.285503733116646 
107 6.275220487079267 
108 6.222438086734219 
109 6.181943221494553 
110 6.1356367049205796 
111 6.0912603016013 
112 6.090912179569247 
113 6.102343130148906 
114 6.02835172480476 
115 6.123956054354994 
116 6.0014846540858 
117 6.160542202554921 
118 5.93489474211006 
119 6.194461142374039 
120 5.937766531543847 
121 6.288014580437387 
122 5.807005596875634 
123 6.235723583603334 
124 5.946236795358146 
125 6.291774266197479 
126 6.002644055078506 
127 6.254077677318926 
128 6.084854797410014 
129 6.257630075990673 
130 6.137781111628693 
131 6.204100202444407 
132 6.293454748234054 
133 6.258449892147113 
134 6.2268523891978935 
135 6.179250783267933 
136 6.139921698672654 
137 6.158437056840714 
138 6.196432310006686 
139 6.203902247014113 
140 6.18859646777572 
141 6.189520484751206 
142 6.1948734035986 
143 6.201199465410947 
144 6.2251816653701075 
145 6.26185635748618 
146 6.309738175781621 
147 6.32982408497266 
148 6.319535431910807 
149 6.3195799241489725 
150 6.321509938317933 
151 6.340438964550646 
152 6.278864471830474 
153 6.287452382630633 
154 6.23804161064728 
155 6.202954407581493 
156 6.115255887524953 
157 6.085733479385593 
158 6.03176795312168 
159 6.012517781759047 
160 6.0701913110395465 
161 6.0458435206989805 
162 6.135432221987746 
163 6.129267481110687 
164 6.116948533679493 
165 6.148789230740227 
166 6.131734307974367 
167 6.190657150860954 
168 6.151510815800287 
169 6.19486340830358 
170 6.17754690706198 
171 6.193867712692853 
172 6.10435555680106 
173 6.087614035399473 
174 6.118022825627761 
175 6.0571955902407995 
176 6.249140618057827 
177 6.103086846265827 
178 6.27169604173008 
179 6.1381680339820734 
180 6.24257158640896 
181 6.154700037388939 
182 6.258733649224927 
183 6.199833086820153 
184 6.297546558874067 
185 6.272962755580373 
186 6.186282296997313 
187 6.2218106755204134 
188 6.1604646078792475 
189 6.208991052954513 
190 6.13101589133958 
191 6.181512051253001 
192 6.135898294184419 
193 6.207268840461553 
194 6.17955530629714 
195 6.21424997511448 
196 6.136640107267433 
197 6.1719060749062535 
198 6.114917662425946 
199 6.151573888643913 
200 6.033020740392227 
201 6.073193460871633 
202 6.062041587160273 
203 6.073193460871633 
204 5.997469166602047 
205 6.02340943594712 
206 6.017570740854647 
207 6.021559488573026 
208 5.982680039818834 
209 6.0140047356202 
210 5.97564127733592 
211 6.038764955447607 
212 5.90105230696864 
213 5.95215821716238 
214 5.979285631477133 
215 6.0137710648058595 
216 6.004545496887887 
217 6.050549632467447 
218 6.0966776320083405 
219 6.15693958327308 
220 6.168394333249654 
221 6.189428076486667 
222 6.180319292486661 
223 6.25480079188624 
224 6.2057306676685196 
225 6.3224582444235535 
226 6.271325148701941 
227 6.362042497479373 
228 6.171645293150074 
229 6.241608517943053 
230 6.2380394163149795 
231 6.3207959500889865 
232 6.2364597528652 
233 6.26848660483476 
234 6.2037698760826 
235 6.172457723187001 
236 6.173762712233693 
237 6.145505805629187 
238 6.171645075770614 
239 6.178978361609826 
240 6.1107005849695 
241 6.09676993448116 
242 6.125689774045 
243 6.117502099985174 
244 6.22030248221428 
245 6.183564620293346 
246 6.219821523856827 
247 6.196474425541553 
248 6.2639026729192935 
249 6.22196986586992 
250 6.253426032476027 
251 6.20599341216768 
252 6.270475122854866 
253 6.232438106797627 
254 6.256327591818973 
255 6.2188131453784266 
256 6.230868381089866 
257 6.180579424855953 
258 6.230352032712973 
259 6.119144929258247 
260 6.270286501189521 
261 6.1011426242269 
262 6.2432714466145605 
263 6.051613130252933 
264 6.20330467151668 
265 6.065922247295127 
266 6.212788411312606 
267 6.120481510334766 
268 6.1411597490298995 
269 6.129571278980481 
270 6.125928903546627 
271 6.192812607927521 
272 6.116610374780053 
273 6.174112003324713 
274 6.143347144888433 
275 6.207884646325474 
276 6.184053860860647 
277 6.21277719595334 
278 6.215512124767426 
279 6.231768634127406 
280 6.192382618807533 
281 6.20775778666252 
282 6.242174654539667 
283 6.2708320065188135 
284 6.24326405358768 
285 6.246787496254833 
286 6.1249035339878795 
287 6.13930644166042 
288 6.1636329986718605 
289 6.1774480281777935 
290 6.17271834167828 
291 6.185691091289127 
292 6.099001844219927 
293 6.123099688739553 
294 6.03734925192834 
295 6.062002029629526 
296 6.0091025422232205 
297 6.0445134118627 
298 6.053153061402927 
299 6.081697873112794 
300 6.02459970267812 
301 6.032379330693167 
302 6.09160351818048 
303 6.1196799501788925 
304 6.077190075950639 
305 6.1273604553243 
306 6.063351032612267 
307 6.130194975193533 
308 6.105466602505394 
309 6.176571367439954 
310 6.1802689538929805 
311 6.225624026807687 
312 6.192726366914407 
313 6.209091537341287 
314 6.245004545684247 
315 6.255068387046293 
316 6.153725099748287 
317 6.146101159356173 
318 6.025434983241806 
319 6.047397210973934 
320 6.0187841343170865 
321 6.1082336266040675 
322 5.996886887195693 
323 6.089507206520974 
324 5.9683509158313335 
325 6.046444010352107 
326 6.05042458853892 
327 6.123519663185807 
328 6.2396701359170805 
329 6.322036035021401 
330 6.2298996212755995 
331 6.282508447081413 
332 6.24879667825988 
333 6.297844607547447 
334 6.234266263977481 
335 6.294311944742581 
336 6.188164884138506 
337 6.289545473255347 
338 6.253799197874206 
339 6.309740525582559 
340 6.22487447294526 
341 6.312437901704807 
342 6.2212359812372 
343 6.3085803817155 
344 6.167618147447 
345 6.259424246081654 
346 6.123839938636526 
347 6.211953777635067 
348 6.120743234069187 
349 6.16452135806426 
350 6.1262863521312925 
351 6.1322039779052995 
352 6.13732311134246 
353 6.079290418968693 
354 6.19737157275312 
355 6.1097736894847126 
356 6.190468591818173 
357 6.083296894913133 
358 6.20166023206146 
359 6.107775077499833 
360 6.23587799623058 
361 6.143091737928846 
362 6.238840580217221 
363 6.227266329753906 
364 6.21601420254122 
365 6.223426197767121 
366 6.20846108226894 
367 6.251122476024427 
368 6.201197092860453 
369 6.21631867409936 
370 6.165849920921254 
371 6.171358230334573 
372 6.1187056804980875 
373 6.096229972427067 
374 6.174246599143586 
375 6.139574787093454 
376 6.20173819498286 
377 6.12141282228934 
378 6.140609616769381 
379 6.075148329657821 
380 6.111198405870507 
381 6.0513898685858605 
382 6.064373852899741 
383 6.046064899346494 
384 6.017279185978246 
385 6.022881177001107 
386 6.040633600899433 
387 6.0766085373324605 
388 6.038251253396719 
389 6.091745934336033 
390 6.038704579125073 
391 6.092442786538553 
392 6.113293769654894 
393 6.150833926318673 
394 6.155877122602447 
395 6.178184194643753 
396 6.252930368654947 
397 6.2816079912695395 
398 6.21847284568254 
399 6.2439908436428135 
400 6.300995381287806 
401 6.2881324765171405 
402 6.356352881568974 
403 6.334197908437307 
404 6.3447677121000865 
405 6.30586328368424 
406 6.314288946218894 
407 6.2189151171982004 
408 6.346600682829333 
409 6.251862636987467 
410 6.264590348367061 
411 6.218566791103907 
412 6.181380592677754 
413 6.14857422250092 
414 6.138487896549126 
415 6.1249655331373 
416 6.125940994640433 
417 6.128510422373407 
418 6.017779619550439 
419 6.036589575458966 
420 6.021536317055626 
421 6.000855600826127 
422 5.993580388413387 
423 5.970549559338327 
424 6.041556317948653 
425 6.03340408551328 
426 6.08443695152826 
427 6.096228790967387 
428 6.204386437547893 
429 6.2329871277182605 
430 6.247102969651706 
431 6.332540063263746 
432 6.325722896337161 
433 6.412956590111047 
434 6.310181326202961 
435 6.3420567126675875 
436 6.314622696365287 
437 6.314123583866366 
438 6.263996641855166 
439 6.21158418086112 
440 6.22387745924658 
441 6.15574242029538 
442 6.196051064473447 
443 6.12289147212178 
444 6.179172840887507 
445 6.128219664083566 
446 6.160253034628 
447 6.161408385537327 
448 6.1930816057845925 
449 6.22420310909348 
450 6.231574479592553 
451 6.234234412218707 
452 6.2447370459421805 
453 6.2550170535067595 
454 6.260442278854559 
455 6.288466026230407 
456 6.253426317256573 
457 6.269270079082393 
458 6.24385923189168 
459 6.257179332220287 
460 6.285338211819074 
461 6.30999577072532 
462 6.252916794165967 
463 6.26056969740038 
464 6.215245781446067 
465 6.227997474056893 
466 6.165925476535687 
467 6.1789792748361 
468 6.133604524247533 
469 6.159693169605053 
470 6.0143860083545135 
471 6.068711404441673 
472 6.0256258507993605 
473 6.0915607644335665 
474 6.079421392800353 
475 6.147727596440633 
476 6.13377849500812 
477 6.154502376101274 
478 6.189092517126407 
479 6.214663822706121 
480 6.315127849124246 
481 6.289971784959021 
482 6.297012153777453 
483 6.250943750040687 
484 6.175757429340707 
485 6.149779245413881 
486 6.09699520897044 
487 6.099716653860106 
488 6.012769965451233 
489 6.007972342744346 
490 5.9212392922581465 
491 5.969499389783754 
492 5.871334897199094 
493 5.96610186241938 
494 5.955498856534 
495 6.023076921694393 
496 5.979893121871673 
497 6.014007789185441 
498 6.043473709991173 
499 6.078901626992347 
500 6.0371701911799605 
501 6.046150641255079 
502 6.1257075862993595 
503 6.115250732819727 
504 6.0828836578287735 
505 6.064300348068747 
506 6.18178700541764 
507 6.177755525928287 
508 6.099797674874321 
509 6.0845375610860195 
510 6.165628491361599 
511 6.118663180921967 
512 6.068280962465633 
513 6.025551816218694 
514 6.06801627380304 
515 6.036886045852193 
516 5.98577253811358 
517 6.003638784840827 
518 6.013259294035747 
519 6.0281851002803535 
520 5.984265921345653 
521 5.9973127831291935 
522 6.040865034080853 
523 6.073747971890467 
524 6.11741801234766 
525 6.113926941251546 
526 6.1308604727423335 
527 6.0582159720248 
528 6.18925379578134 
529 6.120031152716201 
530 6.201935130130207 
531 6.149022323878327 
532 6.19765333550604 
533 6.0996721841394725 
534 6.231683357957554 
535 6.129001701467939 
536 6.252108430799367 
537 6.182031169803726 
538 6.272545198675826 
539 6.195802737530307 
540 6.249104188425487 
541 6.209817839473927 
542 6.275781712727113 
543 6.2412215041566474 
544 6.22700315367928 
545 6.251947896767073 
546 6.202360093016573 
547 6.25431501432766 
548 6.123846490432967 
549 6.202919852925301 
550 6.141664210345753 
551 6.2162238586581395 
552 6.13691654258528 
553 6.237092534882421 
554 6.162024232640746 
555 6.258615864211587 
556 6.148502118065974 
557 6.238949209081613 
558 6.144915141704627 
559 6.28918638369496 
560 6.164836929533847 
561 6.302458727423059 
562 6.1551381331489265 
563 6.301930296522433 
564 6.090304190303059 
565 6.2929866586136 
566 5.987240730417734 
567 6.151709319197306 
568 5.995053004430926 
569 6.1656864991952 
570 5.851036853908814 
571 6.011799881895693 
572 5.868890067086827 
573 6.016347967559973 
574 5.842861769046486 
575 5.923877179782454 
576 5.842861769046486 
577 5.923877179782454 
578 5.9167403797325475 
579 5.977812383371933 
580 5.9214554186957 
581 5.894339977122173 
582 6.056418917871407 
583 6.0248188379647525 
584 6.02907299915966 
585 6.000218899230847 
586 6.132959476916519 
587 6.098952524997739 
588 6.196528849688647 
589 6.194870267253653 
590 6.282753611288167 
591 6.30657520609966 
592 6.28305930580514 
593 6.319916180561574 
594 6.312671197192793 
595 6.342010590232847 
596 6.271963972931694 
597 6.3725440303012 
598 6.222910509825073 
599 6.303690917010886 
600 6.142077793997533 
601 6.22948735540072 
602 6.14604096365812 
603 6.224498288294327 
604 6.120070173990147 
605 6.1491891403345 
606 6.165533034691033 
607 6.1110846449367875 
608 6.217220087816593 
609 6.173786653016914 
610 6.25813606338384 
611 6.183756473178967 
612 6.200592997252794 
613 6.158431236799767 
614 6.22601780804452 
615 6.194030466867107 
616 6.20204544460016 
617 6.1880059475172935 
618 6.220849722978947 
619 6.192645031815826 
620 6.26212922457458 
621 6.246146485669853 
622 6.311904115149726 
623 6.27206044528254 
624 6.278532447193066 
625 6.27706409851396 
626 6.274817634240693 
627 6.259159754328826 
628 6.195779188900439 
629 6.258930298815994 
630 6.148564761646626 
631 6.2139287308636 
632 6.1097456281285005 
633 6.160131776070533 
634 6.104518424167233 
635 6.14866569228484 
636 6.097171669682713 
637 6.1459206541211335 
638 6.16055893022316 
639 6.1548698406577325 
640 6.17533371456052 
641 6.179370683440447 
642 6.176851305720294 
643 6.198934626531294 
644 6.243880517905613 
645 6.25581067674016 
646 6.26315779245256 
647 6.272641060258793 
648 6.213649322762254 
649 6.217546135655687 
650 6.205972984771833 
651 6.16452841906376 
652 6.170151437272019 
653 6.157683305883441 
654 6.12157236038568 
655 6.0977762760701 
656 6.1281749947234525 
657 6.093783504290694 
658 6.1811222271436606 
659 6.146008469709373 
660 6.1784787813245865 
661 6.17297935036914 
662 6.22749731173706 
663 6.208649395731727 
664 6.232536414493061 
665 6.2342685336792805 
666 6.189491604956366 
667 6.2076386694769 
668 6.141995559732041 
669 6.198057204525266 
670 6.1396980628678675 
671 6.239166473566766 
672 6.14406861366328 
673 6.233308387866134 
674 6.179338551218553 
675 6.24852884761554 
676 6.26048730610988 
677 6.331228015861133 
678 6.265580996828086 
679 6.311327756798754 
680 6.219481527989654 
681 6.2257053751949405 
682 6.194109632228667 
683 6.1674033408110205 
684 6.180079950757594 
685 6.158663303169913 
686 6.015744349981326 
687 6.046661101520921 
688 6.045045471673227 
689 6.063606988444754 
690 6.059566115287293 
691 6.07191577536004 
692 6.080063494558747 
693 6.132836426756526 
694 6.096643720663306 
695 6.159997178583173 
696 6.19509612033374 
697 6.231938328576747 
698 6.23385112431658 
699 6.291157810078406 
700 6.257346072839639 
701 6.371137945931487 
702 6.316686208290907 
703 6.423300989469507 
704 6.337542165828647 
705 6.452415017904347 
706 6.357858097478107 
707 6.470915064885393 
708 6.355239226087334 
709 6.44324617281936 
710 6.362505134141774 
711 6.424231368994673 
712 6.33326757133966 
713 6.373927096111974 
714 6.323121567132986 
715 6.329770292931514 
716 6.2408795493326465 
717 6.214371118322741 
718 6.221461833667553 
719 6.222734688057507 
720 6.20616986736266 
721 6.225606995575267 
722 6.1265633703520805 
723 6.194226500141487 
724 6.042263449476301 
725 6.139918787473473 
726 6.0931989773523405 
727 6.195461231471827 
728 6.1417799170231 
729 6.2050010215092675 
730 6.1544613057692805 
731 6.193558856242194 
732 6.23190810931312 
733 6.243081870072267 
734 6.3392041295685795 
735 6.329897054512746 
736 6.28697458261422 
737 6.266247954728347 
738 6.237501996071846 
739 6.218324566374 
740 6.1785966721472 
741 6.194972285567553 
742 6.146724457215747 
743 6.1389809188914475 
744 6.063574767588373 
745 6.073382443729479 
746 6.111548873924413 
747 6.133701199143874 
748 6.133718066211987 
749 6.182340388931901 
750 6.13629031494824 
751 6.143467609095546 
752 6.124345360438894 
753 6.199986740419139 
754 6.192201788796393 
755 6.230021741900426 
756 6.181341191633834 
757 6.23751853573174 
758 6.185968834907 
759 6.220900466979454 
760 6.179617030319606 
761 6.241193421441186 
762 6.219811964904 
763 6.216042306638854 
764 6.210120552467941 
765 6.237655736825373 
766 6.254186787836333 
767 6.263029546054953 
768 6.26651268527056 
769 6.248886715940739 
770 6.276635058424334 
771 6.25849949281524 
772 6.2748184910802 
773 6.28339965006736 
774 6.209189866559387 
775 6.204044840377087 
776 6.25261955998186 
777 6.2491964161246605 
778 6.244674826912893 
779 6.227432338803147 
780 6.2547821235684005 
781 6.22541209933162 
782 6.285552154262306 
783 6.2263483783759535 
784 6.3374371289909925 
785 6.277724243518446 
786 6.278155971380573 
787 6.2020467434052335 
788 6.249420175610126 
789 6.214967876303247 
790 6.294611474141827 
791 6.281109809980861 
792 6.247108137312753 
793 6.229965128756899 
794 6.292484616547333 
795 6.26294189389282 
796 6.281211338467833 
797 6.2674274451376535 
798 6.320590383056614 
799 6.326096058000213 
800 6.2867046355692935 
801 6.298410406709039 
802 6.297609156279541 
803 6.325399046426127 
804 6.2275644861082275 
805 6.288053422130054 
806 6.27170998841034 
807 6.3291905821259 
808 6.264588296001061 
809 6.275297577577294 
810 6.282360793026986 
811 6.25761992719476 
812 6.283941781460073 
813 6.2712927941877465 
814 6.30989621305254 
815 6.28924199661166 
816 6.273257574294893 
817 6.296622275747847 
818 6.242457554265473 
819 6.28743603842764 
820 6.1598626502291465 
821 6.2304743687194595 
822 6.121085098440987 
823 6.178008404723546 
824 6.062477933720607 
825 6.11028817841952 
826 6.134432279215013 
827 6.0613535956787326 
828 6.190556954124106 
829 6.062080510268946 
830 6.1918488151941595 
831 5.996996102406814 
832 6.1540980078832135 
833 5.981294372695913 
834 6.108037456791293 
835 5.8998292081185 
836 6.18282337803382 
837 5.978198381644813 
838 6.179781647429493 
839 5.9825508456588805 
840 6.1410037742086 
841 6.086296554395673 
842 6.1680700613495 
843 6.137079037076074 
844 6.2457846099352 
845 6.249387757697 
846 6.18846287524346 
847 6.2213825187583005 
848 6.268487634495947 
849 6.31084259246272 
850 6.203236956535786 
851 6.268865447113019 
852 6.189493024587374 
853 6.216767704994886 
854 6.188912537191386 
855 6.20149418660726 
856 6.190607697753433 
857 6.183227690866726 
858 6.203661270684126 
859 6.204057986769654 
860 6.25545346445348 
861 6.185178971904693 
862 6.281098093829653 
863 6.25353868146338 
864 6.221032173872346 
865 6.20772887108722 
866 6.1361189485946 
867 6.141609440327727 
868 6.091516043654081 
869 6.093449691157427 
870 6.101880672047421 
871 6.125558541396587 
872 6.126657497829274 
873 6.1576499611989925 
874 6.149731838953593 
875 6.180656938076673 
876 6.2058781186097605 
877 6.198865029017747 
878 6.23794493647808 
879 6.2415577476709325 
880 6.226851066730579 
881 6.25897830176122 
882 6.230688112234247 
883 6.235700508456514 
884 6.271657803627007 
885 6.28972724522184 
886 6.334094343407234 
887 6.359638495357974 
888 6.323108298200487 
889 6.303219875853247 
890 6.210307959655373 
891 6.207232795647666 
892 6.139287801580786 
893 6.136866238410193 
894 6.161965231836233 
895 6.16386117379474 
896 6.154551988346827 
897 6.1672092204917535 
898 6.116612257963367 
899 6.155481857944079 
900 6.194796813178287 
901 6.21419058610216 
902 6.300786500200446 
903 6.312677926669966 
904 6.263617372908153 
905 6.2612161179923005 
906 6.285307942951487 
907 6.268819391904447 
908 6.311672923320933 
909 6.307341389038339 
910 6.31639741375158 
911 6.327291020632614 
912 6.255057234562906 
913 6.295867278203834 
914 6.253387759687307 
915 6.288159634960894 
916 6.22090106625128 
917 6.279659239524267 
918 6.2672445842973525 
919 6.3061197324237 
920 6.317552729610887 
921 6.322429274185673 
922 6.289638384315833 
923 6.268568464303921 
924 6.282842004279273 
925 6.26964728465716 
926 6.2985653532714 
927 6.29042557540124 
928 6.224182491120207 
929 6.229786877646453 
930 6.205494878426699 
931 6.2424246594320865 
932 6.205531689168726 
933 6.25186411021594 
934 6.2531023343478935 
935 6.2827824117627875 
936 6.232560502812793 
937 6.226029556190194 
938 6.302632334027546 
939 6.267144600559426 
940 6.315672482931706 
941 6.277459130507567 
942 6.348636816853699 
943 6.3033238851070195 
944 6.19024296600674 
945 6.1616544069953 
946 6.103228197340833 
947 6.065032907387233 
948 5.943723647907301 
949 5.9268098712551405 
950 5.8364026476421 
951 5.8455686839586605 
952 5.744392945058866 
953 5.732294674461786 
954 5.744392945058866 
955 5.732294674461786 
956 5.872293680577973 
957 5.879584616619407 
958 5.951876902998733 
959 6.014585550831174 
960 6.04237360270366 
961 6.106069153097174 
962 6.166524931950886 
963 6.241307334463233 
964 6.265269810115233 
965 6.348333989827626 
966 6.2230537021079 
967 6.261772468164453 
968 6.225616566759606 
969 6.2504450353743595 
970 6.2797605140610875 
971 6.3080547367308 
972 6.216555761963453 
973 6.214977511747059 
974 6.238552756734387 
975 6.251938932601046 
976 6.250593329234634 
977 6.250249705993447 
978 6.260683482023439 
979 6.277279789556514 
980 6.1944130252919605 
981 6.1917327899043935 
982 6.18435055231816 
983 6.154380957426194 
984 6.08316483552742 
985 6.032507900454573 
986 6.1367135649100994 
987 6.15011515113822 
988 6.15334651156408 
989 6.1370409236786125 
990 6.190588023312187 
991 6.215500932545546 
992 6.254527541605353 
993 6.29542339690932 
994 6.325753293144293 
995 6.375596189205473 
996 6.349083413255539 
997 6.349866637628501 
998 6.37151665654052 
999 6.38063586600014 
1000 6.327358114806273 
1001 6.3032460875650935 
1002 6.2396884746101335 
1003 6.20677809613976 
1004 6.185039721447013 
1005 6.155585276046433 
1006 6.100119561258226 
1007 6.112193405158827 
1008 6.079902852029154 
1009 6.080781668907107 
1010 6.109025047672813 
1011 6.102392887476867 
1012 6.158533217610393 
1013 6.159350832782753 
1014 6.23450025051988 
1015 6.260684449206966 
1016 6.319173760904653 
1017 6.2987368237483805 
1018 6.351856570404533 
1019 6.3387863148719665 
1020 6.395895167778433 
1021 6.4044801687246 
1022 6.409374004425906 
1023 6.425253124434186 
1024 6.42446379470558 
1025 6.444737585291921 
1026 6.3269768974619005 
1027 6.396458155946966 
1028 6.2398150430944 
1029 6.3176870310677335 
1030 6.2182679452867795 
1031 6.2909056189917 
1032 6.186096364396927 
1033 6.221400810818693 
1034 6.1169504842732065 
1035 6.140320481777027 
1036 6.15237223784684 
1037 6.159725862927947 
1038 6.20145801044104 
1039 6.146217659907293 
1040 6.152189244216406 
1041 6.063268052679294 
1042 6.133631408715267 
1043 6.109838233951547 
1044 6.1547274445380395 
1045 6.097763633528974 
1046 6.153560017537107 
1047 6.07919025372604 
1048 6.12394970133694 
1049 6.0812158696604195 
1050 6.23959734362574 
1051 6.2136531864876865 
1052 6.272287575634113 
1053 6.1869988675955865 
1054 6.269572492050213 
1055 6.174847051971433 
1056 6.2572861285631065 
1057 6.156290100511427 
1058 6.262522427396553 
1059 6.173995627248714 
1060 6.211372619544453 
1061 6.1363142907443065 
1062 6.191313652711647 
1063 6.146866387106954 
1064 6.189939650875407 
1065 6.175808058638786 
1066 6.167578311688093 
1067 6.169689890834267 
1068 6.17924770893438 
1069 6.136816547396687 
1070 6.10398489947858 
1071 6.05708493752854 
1072 6.1083638973637475 
1073 6.088399210967986 
1074 6.08241216006666 
1075 6.0449631119183 
1076 6.0396539430991725 
1077 6.015829723605333 
1078 5.974431768336267 
1079 6.003043617254793 
1080 5.96871118686704 
1081 6.001077923641167 
1082 5.985282488463 
1083 6.030698841003773 
1084 6.019935673979113 
1085 6.121757978384246 
1086 6.023820196361367 
1087 6.155114103615953 
1088 6.004292616119834 
1089 6.169374930726501 
1090 6.045752639484807 
1091 6.208826059173947 
1092 6.045469058311234 
1093 6.15691197178678 
1094 6.026399419840506 
1095 6.077965488056267 
1096 6.078651038172393 
1097 6.1264642240237395 
1098 6.165783790097707 
1099 6.228788910265926 
1100 6.197234167476033 
1101 6.261766032884293 
1102 6.179128740153607 
1103 6.266463121603667 
1104 6.233689754446446 
1105 6.396643840167513 
1106 6.2652347933464405 
1107 6.43349477131166 
1108 6.2655305039796865 
1109 6.381989718287479 
1110 6.2703653772370265 
1111 6.392125959172134 
1112 6.2635378618569995 
1113 6.374152098777574 
1114 6.182856588764153 
1115 6.24111731341968 
1116 6.175735906727273 
1117 6.191932452759153 
1118 6.164621939226479 
1119 6.175559258066907 
1120 6.143699027453047 
1121 6.11625005832136 
1122 6.186657509877066 
1123 6.132561914222933 
1124 6.245304904176066 
1125 6.218032141527487 
1126 6.241541686234694 
1127 6.221605230755774 
1128 6.256378117262794 
1129 6.245719947233426 
1130 6.26855782413028 
1131 6.274242248540159 
1132 6.285729606024353 
1133 6.310686088565514 
1134 6.31092354031632 
1135 6.2991488099330075 
1136 6.304897809859027 
1137 6.305768575351213 
1138 6.312515620284686 
1139 6.294092475777507 
1140 6.33044198960668 
1141 6.2869725523602265 
1142 6.298444105413986 
1143 6.257056987183926 
1144 6.282017808288053 
1145 6.24536424927426 
1146 6.302226681504006 
1147 6.26891859659096 
1148 6.279601034580613 
1149 6.22755931146306 
1150 6.202557990076433 
1151 6.197177505096754 
1152 6.160946259093319 
1153 6.151273770825647 
1154 6.177414752044867 
1155 6.123651141199627 
1156 6.173844241053207 
1157 6.122853963749219 
1158 6.198645527533093 
1159 6.139621496668853 
1160 6.064631908650173 
1161 6.02798917424618 
1162 6.07477200288998 
1163 5.981825039550739 
1164 6.007974556174034 
1165 5.893624137100907 
1166 5.953705117729047 
1167 5.8487432381705595 
1168 5.891677164384727 
1169 5.783254356285053 
1170 5.9277301359371535 
1171 5.78021699950778 
1172 5.85404430104368 
1173 5.78521480669848 
1174 5.924352478637786 
1175 5.8950993893919525 
1176 6.010848903316247 
1177 5.945644832976286 
1178 6.106408134073654 
1179 6.011306775712427 
1180 6.10682368420342 
1181 6.043856604713007 
1182 6.253180784494593 
1183 6.142685208122373 
1184 6.182693241099673 
1185 6.093199400618507 
1186 6.033254664216687 
1187 6.151814685558327 
1188 5.989051073830594 
1189 6.3206196115017335 
1190 5.865284579457973 
1191 6.454635688274487 
1192 5.729710822474714 
1193 6.52759767944488 
1194 5.6490956617240675 
1195 6.6525426509378 
1196 5.6654501178254 
1197 6.53007236817778 
1198 5.6582508694798 
1199 6.3628377622220995 
1200 5.697183535556079 
1201 6.311530186811553 
1202 5.718486195557933 
1203 6.2313779598156 
1204 5.783494847148034 
1205 6.21001086886782 
1206 5.929251367056174 
1207 6.25760349207104 
1208 6.041147859218873 
1209 6.27034170077086 
1210 6.230828346996727 
1211 6.3966880602330605 
1212 6.284792058405607 
1213 6.364420669858407 
1214 6.3678227697724665 
1215 6.3510046978414465 
1216 6.284159150207773 
1217 6.291227722465254 
1218 6.1761186484330794 
1219 6.199596443756487 
1220 6.110050211649927 
1221 6.0994207711780275 
1222 6.167960016828514 
1223 6.186571490898779 
1224 6.157347176683526 
1225 6.164076944551801 
1226 6.1985024610858135 
1227 6.18135851836274 
1228 6.18182553733374 
1229 6.18662244144966 
1230 6.18509000351438 
1231 6.206239781939934 
1232 6.112804277481406 
1233 6.1344424459663 
1234 6.052152441040273 
1235 6.079854058408087 
1236 6.0419680232561666 
1237 6.049435866182113 
1238 6.075455137198273 
1239 6.115291220723833 
1240 6.044415576154001 
1241 6.032899510243481 
1242 6.070974993860187 
1243 6.00900493252362 
1244 6.064230349487673 
1245 5.92137289818852 
1246 6.068463774848801 
1247 5.987747578104114 
1248 6.038668804884146 
1249 5.9746262430515 
1250 6.057312290580774 
1251 6.044142833417826 
1252 6.068248726089307 
1253 6.098569717788074 
1254 6.096286499639753 
1255 6.1768488232205065 
1256 6.174615867074674 
1257 6.19947242206948 
1258 6.2336252484823405 
1259 6.212142742601267 
1260 6.257172071410746 
1261 6.2204036937594465 
1262 6.2297974828451 
1263 6.1475352603698665 
1264 6.21231565993308 
1265 6.161610839393361 
1266 6.180669010387466 
1267 6.1596320605451 
1268 6.162336771552254 
1269 6.153707802192026 
1270 6.14978434779632 
1271 6.176048871660433 
1272 6.136293216039779 
1273 6.203857327872886 
1274 6.180789555003074 
1275 6.2215583390963 
1276 6.190676815487613 
1277 6.188978448859447 
1278 6.177963585969213 
1279 6.1905410787299004 
1280 6.2317806961555275 
1281 6.206982137071886 
1282 6.304884719120653 
1283 6.247672495457699 
1284 6.28156393502514 
1285 6.2492085000739195 
1286 6.302001196312887 
1287 6.314236142189206 
1288 6.252493261225253 
1289 6.28396311672056 
1290 6.269260767831313 
1291 6.300680340101874 
1292 6.2254728777076265 
1293 6.293377740236046 
1294 6.25163515825422 
1295 6.340972282989854 
1296 6.229357803410507 
1297 6.32417146316108 
1298 6.249172018134466 
1299 6.347358427553126 
1300 6.253914023568027 
1301 6.357932636653467 
1302 6.25436046222488 
1303 6.361457455479166 
1304 6.20516984289678 
1305 6.318254804155927 
1306 6.189038622189133 
1307 6.25128213607524 
1308 6.147151625602407 
1309 6.199394073330047 
1310 6.106763659851926 
1311 6.1382701316344 
1312 6.154842398209301 
1313 6.110510530544267 
1314 6.198368353816353 
1315 6.099710332373206 
1316 6.232441197853514 
1317 6.135486304143513 
1318 6.247297925310273 
1319 6.206392225368094 
1320 6.300686275177566 
1321 6.237357937924107 
1322 6.275250425959193 
1323 6.265061360333827 
1324 6.289335657318354 
1325 6.291591882900874 
1326 6.306458930431806 
1327 6.287398715604213 
1328 6.280531609710053 
1329 6.265525769980467 
1330 6.253433393330926 
1331 6.2297449750612595 
1332 6.218531012237187 
1333 6.193343569689527 
1334 6.152069086721234 
1335 6.17159976046716 
1336 5.9843704352354266 
1337 5.9562405378673935 
1338 6.03096095307384 
1339 5.969793650439254 
1340 6.03613594431918 
1341 6.010359732057033 
1342 6.11916918193752 
1343 6.073116894685779 
1344 6.03150841540166 
1345 5.933970368452914 
1346 6.1815938230275265 
1347 6.123952113459173 
1348 6.1525064754063665 
1349 6.140199901244181 
1350 6.162768176415233 
1351 6.121836136401 
1352 6.035481865061061 
1353 6.02607740022286 
1354 6.132036918252433 
1355 6.140506729236219 
1356 6.103624135432066 
1357 6.100874571161227 
1358 6.13504597808544 
1359 6.133799181728347 
1360 6.14313293162702 
1361 6.124627749085007 
1362 6.1733726289579804 
1363 6.163082804205914 
1364 6.2046559962333205 
1365 6.165725239773273 
1366 6.171416096947373 
1367 6.151527877847374 
1368 6.11871828036384 
1369 6.1345966388466735 
1370 6.165033624682773 
1371 6.1705034138747665 
1372 2.8493711880737465 
1373 2.8552650011840868 
1374 3.0799179991222 
1375 3.0703511614274532 
1376 3.3226052285140333 
1377 3.30186502014028 
1378 3.569236424926613 
1379 3.5344777406015133 
1380 3.8061132501961468 
1381 3.7545206176444537 
1382 4.02054877583786 
1383 4.04084179409828 
1384 4.059251115338706 
1385 4.280153920104527 
1386 4.2825877217651405 
1387 4.550794211012233 
1388 4.618311307422833 
1389 4.90312102047824 
1390 4.9504823501465465 
1391 5.153346960800094 
1392 5.170887158499746 
1393 5.3757685803624 
1394 5.439882990505147 
1395 5.580882428505126 
1396 5.594970001980706 
1397 5.799556077202253 
1398 5.829686975979687 
1399 5.868024404166906 
1400 5.950086755106 
1401 6.116289049662626 
1402 6.206060489352393 
1403 6.324564205332533 
1404 6.3544967728793935 
1405 6.294518492787127 
1406 6.28990792870556 
1407 6.315925632762673 
1408 6.263698601682827 
1409 6.315690982825253 
1410 6.258228767669686 
1411 6.326557030945473 
1412 6.2647561887645935 
1413 6.265694804637807 
1414 6.2043188399094795 
1415 6.24092265143608 
1416 6.163122831334706 
1417 6.244871269337374 
1418 6.1535569980858265 
1419 6.250880681964319 
1420 6.169003193880673 
1421 6.23066538041206 
1422 6.150119169480654 
1423 6.2525187078530395 
1424 6.240659333913933 
1425 6.256128146669386 
1426 6.276621454707434 
1427 6.246949591296926 
1428 6.2863772242527665 
1429 6.242342121174167 
1430 6.290099605208046 
1431 6.20972256199688 
1432 6.298190878495807 
1433 6.21899666969784 
1434 6.247311018789066 
1435 6.259603238929227 
1436 6.302061186696299 
1437 6.254733445095726 
1438 6.285005983313933 
1439 6.273972718349287 
1440 6.301611302270267 
1441 6.243498527277474 
1442 6.26352963865948 
1443 6.200236926051853 
1444 6.236032988436873 
1445 6.13217546038942 
1446 6.135883718469906 
1447 6.078739811870114 
1448 6.091573016623907 
1449 6.028423127469213 
1450 6.0191478633213 
1451 6.023395540235607 
1452 6.015467262013714 
1453 6.06358722858456 
1454 6.0210932543810936 
1455 6.0645386143113535 
1456 6.04446139108762 
1457 6.03798437866568 
1458 6.07033280903218 
1459 6.0291918541842335 
1460 6.1126717331514335 
1461 6.020272255805133 
1462 6.0982481229976395 
1463 6.034620099165774 
1464 6.173885027843006 
1465 6.163231879083 
1466 6.2318008374728135 
1467 6.263832432793007 
1468 6.31691782965058 
1469 6.3221968622736275 
1470 6.36209563663902 
1471 6.400090497543347 
1472 6.442049648468487 
1473 6.4219749318142405 
1474 6.393314972383774 
1475 6.322468114937366 
1476 6.321550118454474 
1477 6.285503733116646 
1478 6.275220487079267 
1479 6.222438086734219 
1480 6.181943221494553 
1481 6.1356367049205796 
1482 6.0912603016013 
1483 6.090912179569247 
1484 6.102343130148906 
1485 6.02835172480476 
1486 6.123956054354994 
1487 6.0014846540858 
1488 6.160542202554921 
1489 5.93489474211006 
1490 6.194461142374039 
1491 5.937766531543847 
1492 6.288014580437387 
1493 5.807005596875634 
1494 6.235723583603334 
1495 5.946236795358146 
1496 6.291774266197479 
1497 6.002644055078506 
1498 6.254077677318926 
1499 6.084854797410014 
1500 6.257630075990673 
1501 6.137781111628693 
1502 6.204100202444407 
1503 6.293454748234054 
1504 6.258449892147113 
1505 6.2268523891978935 
1506 6.179250783267933 
1507 6.139921698672654 
1508 6.158437056840714 
1509 6.196432310006686 
1510 6.203902247014113 
1511 6.18859646777572 
1512 6.189520484751206 
1513 6.1948734035986 
1514 6.201199465410947 
1515 6.2251816653701075 
1516 6.26185635748618 
1517 6.309738175781621 
1518 6.32982408497266 
1519 6.319535431910807 
1520 6.3195799241489725 
1521 6.321509938317933 
1522 6.340438964550646 
1523 6.278864471830474 
1524 6.287452382630633 
1525 6.23804161064728 
1526 6.202954407581493 
1527 6.115255887524953 
1528 6.085733479385593 
1529 6.03176795312168 
1530 6.012517781759047 
1531 6.0701913110395465 
1532 6.0458435206989805 
1533 6.135432221987746 
1534 6.129267481110687 
1535 6.116948533679493 
1536 6.148789230740227 
1537 6.131734307974367 
1538 6.190657150860954 
1539 6.151510815800287 
1540 6.19486340830358 
1541 6.17754690706198 
1542 6.193867712692853 
1543 6.10435555680106 
1544 6.087614035399473 
1545 6.118022825627761 
1546 6.0571955902407995 
1547 6.249140618057827 
1548 6.103086846265827 
1549 6.27169604173008 
1550 6.1381680339820734 
1551 6.24257158640896 
1552 6.154700037388939 
1553 6.258733649224927 
1554 6.199833086820153 
1555 6.297546558874067 
1556 6.272962755580373 
1557 6.186282296997313 
1558 6.2218106755204134 
1559 6.1604646078792475 
1560 6.208991052954513 
1561 6.13101589133958 
1562 6.181512051253001 
1563 6.188677614853353 
1564 6.188677614853353 
1565 6.135898294184419 
1566 6.207268840461553 
1567 6.17955530629714 
1568 6.21424997511448 
1569 6.136640107267433 
1570 6.1719060749062535 
1571 6.114917662425946 
1572 6.151573888643913 
1573 6.033020740392227 
1574 6.073193460871633 
1575 6.062041587160273 
1576 6.073193460871633 
1577 5.997469166602047 
1578 6.02340943594712 
1579 6.017570740854647 
1580 6.021559488573026 
1581 5.982680039818834 
1582 6.0140047356202 
1583 5.97564127733592 
1584 6.038764955447607 
1585 5.90105230696864 
1586 5.95215821716238 
1587 5.979285631477133 
1588 6.0137710648058595 
1589 6.004545496887887 
1590 6.050549632467447 
1591 6.0966776320083405 
1592 6.15693958327308 
1593 6.168394333249654 
1594 6.189428076486667 
1595 6.180319292486661 
1596 6.25480079188624 
1597 6.2057306676685196 
1598 6.3224582444235535 
1599 6.271325148701941 
1600 6.362042497479373 
1601 6.171645293150074 
1602 6.241608517943053 
1603 6.2380394163149795 
1604 6.3207959500889865 
1605 6.2364597528652 
1606 6.26848660483476 
1607 6.2037698760826 
1608 6.172457723187001 
1609 6.173762712233693 
1610 6.145505805629187 
1611 6.171645075770614 
1612 6.178978361609826 
1613 6.1107005849695 
1614 6.09676993448116 
1615 6.125689774045 
1616 6.117502099985174 
1617 6.22030248221428 
1618 6.183564620293346 
1619 6.219821523856827 
1620 6.196474425541553 
1621 6.2639026729192935 
1622 6.22196986586992 
1623 6.253426032476027 
1624 6.20599341216768 
1625 6.270475122854866 
1626 6.232438106797627 
1627 6.256327591818973 
1628 6.2188131453784266 
1629 6.230868381089866 
1630 6.180579424855953 
1631 6.230352032712973 
1632 6.119144929258247 
1633 6.270286501189521 
1634 6.1011426242269 
1635 6.2432714466145605 
1636 6.051613130252933 
1637 6.20330467151668 
1638 6.065922247295127 
1639 6.212788411312606 
1640 6.120481510334766 
1641 6.1411597490298995 
1642 6.129571278980481 
1643 6.125928903546627 
1644 6.192812607927521 
1645 6.116610374780053 
1646 6.174112003324713 
1647 6.143347144888433 
1648 6.207884646325474 
1649 6.184053860860647 
1650 6.21277719595334 
1651 6.215512124767426 
1652 6.231768634127406 
1653 6.192382618807533 
1654 6.20775778666252 
1655 6.242174654539667 
1656 6.2708320065188135 
1657 6.24326405358768 
1658 6.246787496254833 
1659 6.1249035339878795 
1660 6.13930644166042 
1661 6.1636329986718605 
1662 6.1774480281777935 
1663 6.17271834167828 
1664 6.185691091289127 
1665 6.099001844219927 
1666 6.123099688739553 
1667 6.03734925192834 
1668 6.062002029629526 
1669 6.0091025422232205 
1670 6.0445134118627 
1671 6.053153061402927 
1672 6.081697873112794 
1673 6.02459970267812 
1674 6.032379330693167 
1675 6.09160351818048 
1676 6.1196799501788925 
1677 6.077190075950639 
1678 6.1273604553243 
1679 6.063351032612267 
1680 6.130194975193533 
1681 6.105466602505394 
1682 6.176571367439954 
1683 6.1802689538929805 
1684 6.225624026807687 
1685 6.192726366914407 
1686 6.209091537341287 
1687 6.245004545684247 
1688 6.255068387046293 
1689 6.153725099748287 
1690 6.146101159356173 
1691 6.025434983241806 
1692 6.047397210973934 
1693 6.0187841343170865 
1694 6.1082336266040675 
1695 5.996886887195693 
1696 6.089507206520974 
1697 5.9683509158313335 
1698 6.046444010352107 
1699 6.05042458853892 
1700 6.123519663185807 
1701 6.2396701359170805 
1702 6.322036035021401 
1703 6.2298996212755995 
1704 6.282508447081413 
1705 6.24879667825988 
1706 6.297844607547447 
1707 6.234266263977481 
1708 6.294311944742581 
1709 6.188164884138506 
1710 6.289545473255347 
1711 6.253799197874206 
1712 6.309740525582559 
1713 6.22487447294526 
1714 6.312437901704807 
1715 6.2212359812372 
1716 6.3085803817155 
1717 6.167618147447 
1718 6.259424246081654 
1719 6.123839938636526 
1720 6.211953777635067 
1721 6.120743234069187 
1722 6.16452135806426 
1723 6.1262863521312925 
1724 6.1322039779052995 
1725 6.13732311134246 
1726 6.079290418968693 
1727 6.19737157275312 
1728 6.1097736894847126 
1729 6.190468591818173 
1730 6.083296894913133 
1731 6.20166023206146 
1732 6.107775077499833 
1733 6.23587799623058 
1734 6.143091737928846 
1735 6.238840580217221 
1736 6.227266329753906 
1737 6.21601420254122 
1738 6.223426197767121 
1739 6.20846108226894 
1740 6.251122476024427 
1741 6.201197092860453 
1742 6.21631867409936 
1743 6.165849920921254 
1744 6.171358230334573 
1745 6.1187056804980875 
1746 6.096229972427067 
1747 6.174246599143586 
1748 6.139574787093454 
1749 6.20173819498286 
1750 6.12141282228934 
1751 6.140609616769381 
1752 6.075148329657821 
1753 6.111198405870507 
1754 6.0513898685858605 
1755 6.064373852899741 
1756 6.046064899346494 
1757 6.017279185978246 
1758 6.022881177001107 
1759 6.040633600899433 
1760 6.0766085373324605 
1761 6.038251253396719 
1762 6.091745934336033 
1763 6.038704579125073 
1764 6.092442786538553 
1765 6.113293769654894 
1766 6.150833926318673 
1767 6.155877122602447 
1768 6.178184194643753 
1769 6.252930368654947 
1770 6.2816079912695395 
1771 6.21847284568254 
1772 6.2439908436428135 
1773 6.300995381287806 
1774 6.2881324765171405 
1775 6.356352881568974 
1776 6.334197908437307 
1777 6.3447677121000865 
1778 6.30586328368424 
1779 6.314288946218894 
1780 6.2189151171982004 
1781 6.346600682829333 
1782 6.251862636987467 
1783 6.264590348367061 
1784 6.218566791103907 
1785 6.181380592677754 
1786 6.14857422250092 
1787 6.138487896549126 
1788 6.1249655331373 
1789 6.125940994640433 
1790 6.128510422373407 
1791 6.017779619550439 
1792 6.036589575458966 
1793 6.021536317055626 
1794 6.000855600826127 
1795 5.993580388413387 
1796 5.970549559338327 
1797 6.041556317948653 
1798 6.03340408551328 
1799 6.08443695152826 
1800 6.096228790967387 
1801 6.204386437547893 
1802 6.2329871277182605 
1803 6.247102969651706 
1804 6.332540063263746 
1805 6.325722896337161 
1806 6.412956590111047 
1807 6.310181326202961 
1808 6.3420567126675875 
1809 6.314622696365287 
1810 6.314123583866366 
1811 6.263996641855166 
1812 6.21158418086112 
1813 6.22387745924658 
1814 6.15574242029538 
1815 6.196051064473447 
1816 6.12289147212178 
1817 6.179172840887507 
1818 6.128219664083566 
1819 6.160253034628 
1820 6.161408385537327 
1821 6.1930816057845925 
1822 6.22420310909348 
1823 6.231574479592553 
1824 6.234234412218707 
1825 6.2447370459421805 
1826 6.2550170535067595 
1827 6.260442278854559 
1828 6.288466026230407 
1829 6.253426317256573 
1830 6.269270079082393 
1831 6.24385923189168 
1832 6.257179332220287 
1833 6.285338211819074 
1834 6.30999577072532 
1835 6.252916794165967 
1836 6.26056969740038 
1837 6.215245781446067 
1838 6.227997474056893 
1839 6.165925476535687 
1840 6.1789792748361 
1841 6.133604524247533 
1842 6.159693169605053 
1843 6.0143860083545135 
1844 6.068711404441673 
1845 6.0256258507993605 
1846 6.0915607644335665 
1847 6.079421392800353 
1848 6.147727596440633 
1849 6.13377849500812 
1850 6.154502376101274 
1851 6.189092517126407 
1852 6.214663822706121 
1853 6.315127849124246 
1854 6.289971784959021 
1855 6.297012153777453 
1856 6.250943750040687 
1857 6.175757429340707 
1858 6.149779245413881 
1859 6.09699520897044 
1860 6.099716653860106 
1861 6.012769965451233 
1862 6.007972342744346 
1863 5.9212392922581465 
1864 5.969499389783754 
1865 5.871334897199094 
1866 5.96610186241938 
1867 5.955498856534 
1868 6.023076921694393 
1869 5.979893121871673 
1870 6.014007789185441 
1871 6.043473709991173 
1872 6.078901626992347 
1873 6.0371701911799605 
1874 6.046150641255079 
1875 6.1257075862993595 
1876 6.115250732819727 
1877 6.0828836578287735 
1878 6.064300348068747 
1879 6.18178700541764 
1880 6.177755525928287 
1881 6.099797674874321 
1882 6.0845375610860195 
1883 6.165628491361599 
1884 6.118663180921967 
1885 6.068280962465633 
1886 6.025551816218694 
1887 6.06801627380304 
1888 6.036886045852193 
1889 5.98577253811358 
1890 6.003638784840827 
1891 6.013259294035747 
1892 6.0281851002803535 
1893 5.984265921345653 
1894 5.9973127831291935 
1895 6.040865034080853 
1896 6.073747971890467 
1897 6.11741801234766 
1898 6.113926941251546 
1899 6.1308604727423335 
1900 6.0582159720248 
1901 6.18925379578134 
1902 6.120031152716201 
1903 6.201935130130207 
1904 6.149022323878327 
1905 6.19765333550604 
1906 6.0996721841394725 
1907 6.231683357957554 
1908 6.129001701467939 
1909 6.252108430799367 
1910 6.182031169803726 
1911 6.272545198675826 
1912 6.195802737530307 
1913 6.249104188425487 
1914 6.209817839473927 
1915 6.275781712727113 
1916 6.2412215041566474 
1917 6.22700315367928 
1918 6.251947896767073 
1919 6.202360093016573 
1920 6.25431501432766 
1921 6.123846490432967 
1922 6.202919852925301 
1923 6.141664210345753 
1924 6.2162238586581395 
1925 6.13691654258528 
1926 6.237092534882421 
1927 6.162024232640746 
1928 6.258615864211587 
1929 6.148502118065974 
1930 6.238949209081613 
1931 6.144915141704627 
1932 6.28918638369496 
1933 6.164836929533847 
1934 6.302458727423059 
1935 6.1551381331489265 
1936 6.301930296522433 
1937 6.090304190303059 
1938 6.2929866586136 
1939 5.987240730417734 
1940 6.151709319197306 
1941 5.995053004430926 
1942 6.1656864991952 
1943 5.851036853908814 
1944 6.011799881895693 
1945 5.868890067086827 
1946 6.016347967559973 
1947 5.842861769046486 
1948 5.923877179782454 
1949 5.842861769046486 
1950 5.923877179782454 
1951 5.9167403797325475 
1952 5.977812383371933 
1953 5.9214554186957 
1954 5.894339977122173 
1955 6.056418917871407 
1956 6.0248188379647525 
1957 6.02907299915966 
1958 6.000218899230847 
1959 6.132959476916519 
1960 6.098952524997739 
1961 6.196528849688647 
1962 6.194870267253653 
1963 6.282753611288167 
1964 6.30657520609966 
1965 6.28305930580514 
1966 6.319916180561574 
1967 6.312671197192793 
1968 6.342010590232847 
1969 6.271963972931694 
1970 6.3725440303012 
1971 6.222910509825073 
1972 6.303690917010886 
1973 6.142077793997533 
1974 6.22948735540072 
1975 6.14604096365812 
1976 6.224498288294327 
1977 6.120070173990147 
1978 6.1491891403345 
1979 6.165533034691033 
1980 6.1110846449367875 
1981 6.217220087816593 
1982 6.173786653016914 
1983 6.25813606338384 
1984 6.183756473178967 
1985 6.200592997252794 
1986 6.158431236799767 
1987 6.22601780804452 
1988 6.194030466867107 
1989 6.20204544460016 
1990 6.1880059475172935 
1991 6.220849722978947 
1992 6.192645031815826 
1993 6.26212922457458 
1994 6.246146485669853 
1995 6.311904115149726 
1996 6.27206044528254 
1997 6.278532447193066 
1998 6.27706409851396 
1999 6.274817634240693 
2000 6.259159754328826 
2001 6.195779188900439 
2002 6.258930298815994 
2003 6.148564761646626 
2004 6.2139287308636 
2005 6.1097456281285005 
2006 6.160131776070533 
2007 6.104518424167233 
2008 6.14866569228484 
2009 6.097171669682713 
2010 6.1459206541211335 
2011 6.16055893022316 
2012 6.1548698406577325 
2013 6.17533371456052 
2014 6.179370683440447 
2015 6.176851305720294 
2016 6.198934626531294 
2017 6.243880517905613 
2018 6.25581067674016 
2019 6.26315779245256 
2020 6.272641060258793 
2021 6.213649322762254 
2022 6.217546135655687 
2023 6.205972984771833 
2024 6.16452841906376 
2025 6.170151437272019 
2026 6.157683305883441 
2027 6.12157236038568 
2028 6.0977762760701 
2029 6.1281749947234525 
2030 6.093783504290694 
2031 6.1811222271436606 
2032 6.146008469709373 
2033 6.1784787813245865 
2034 6.17297935036914 
2035 6.22749731173706 
2036 6.208649395731727 
2037 6.232536414493061 
2038 6.2342685336792805 
2039 6.189491604956366 
2040 6.2076386694769 
2041 6.141995559732041 
2042 6.198057204525266 
2043 6.1396980628678675 
2044 6.239166473566766 
2045 6.14406861366328 
2046 6.233308387866134 
2047 6.179338551218553 
2048 6.24852884761554 
2049 6.26048730610988 
2050 6.331228015861133 
2051 6.265580996828086 
2052 6.311327756798754 
2053 6.219481527989654 
2054 6.2257053751949405 
2055 6.194109632228667 
2056 6.1674033408110205 
2057 6.180079950757594 
2058 6.158663303169913 
2059 6.015744349981326 
2060 6.046661101520921 
2061 6.045045471673227 
2062 6.063606988444754 
2063 6.059566115287293 
2064 6.07191577536004 
2065 6.080063494558747 
2066 6.132836426756526 
2067 6.096643720663306 
2068 6.159997178583173 
2069 6.19509612033374 
2070 6.231938328576747 
2071 6.23385112431658 
2072 6.291157810078406 
2073 6.257346072839639 
2074 6.371137945931487 
2075 6.316686208290907 
2076 6.423300989469507 
2077 6.337542165828647 
2078 6.452415017904347 
2079 6.357858097478107 
2080 6.470915064885393 
2081 6.355239226087334 
2082 6.44324617281936 
2083 6.362505134141774 
2084 6.424231368994673 
2085 6.33326757133966 
2086 6.373927096111974 
2087 6.323121567132986 
2088 6.329770292931514 
2089 6.2408795493326465 
2090 6.214371118322741 
2091 6.221461833667553 
2092 6.222734688057507 
2093 6.20616986736266 
2094 6.225606995575267 
2095 6.1265633703520805 
2096 6.194226500141487 
2097 6.042263449476301 
2098 6.139918787473473 
2099 6.0931989773523405 
2100 6.195461231471827 
2101 6.1417799170231 
2102 6.2050010215092675 
2103 6.1544613057692805 
2104 6.193558856242194 
2105 6.23190810931312 
2106 6.243081870072267 
2107 6.3392041295685795 
2108 6.329897054512746 
2109 6.28697458261422 
2110 6.266247954728347 
2111 6.237501996071846 
2112 6.218324566374 
2113 6.1785966721472 
2114 6.194972285567553 
2115 6.146724457215747 
2116 6.1389809188914475 
2117 6.063574767588373 
2118 6.073382443729479 
2119 6.111548873924413 
2120 6.133701199143874 
2121 6.133718066211987 
2122 6.182340388931901 
2123 6.13629031494824 
2124 6.143467609095546 
2125 6.124345360438894 
2126 6.199986740419139 
2127 6.192201788796393 
2128 6.230021741900426 
2129 6.181341191633834 
2130 6.23751853573174 
2131 6.185968834907 
2132 6.220900466979454 
2133 6.179617030319606 
2134 6.241193421441186 
2135 6.219811964904 
2136 6.216042306638854 
2137 6.210120552467941 
2138 6.237655736825373 
2139 6.254186787836333 
2140 6.263029546054953 
2141 6.26651268527056 
2142 6.248886715940739 
2143 6.276635058424334 
2144 6.25849949281524 
2145 6.2748184910802 
2146 6.28339965006736 
2147 6.209189866559387 
2148 6.204044840377087 
2149 6.25261955998186 
2150 6.2491964161246605 
2151 6.244674826912893 
2152 6.227432338803147 
2153 6.2547821235684005 
2154 6.22541209933162 
2155 6.285552154262306 
2156 6.2263483783759535 
2157 6.3374371289909925 
2158 6.277724243518446 
2159 6.278155971380573 
2160 6.2020467434052335 
2161 6.249420175610126 
2162 6.214967876303247 
2163 6.294611474141827 
2164 6.281109809980861 
2165 6.247108137312753 
2166 6.229965128756899 
2167 6.292484616547333 
2168 6.26294189389282 
2169 6.281211338467833 
2170 6.2674274451376535 
2171 6.320590383056614 
2172 6.326096058000213 
2173 6.2867046355692935 
2174 6.298410406709039 
2175 6.297609156279541 
2176 6.325399046426127 
2177 6.2275644861082275 
2178 6.288053422130054 
2179 6.27170998841034 
2180 6.3291905821259 
2181 6.264588296001061 
2182 6.275297577577294 
2183 6.282360793026986 
2184 6.25761992719476 
2185 6.283941781460073 
2186 6.2712927941877465 
2187 6.30989621305254 
2188 6.28924199661166 
2189 6.273257574294893 
2190 6.296622275747847 
2191 6.242457554265473 
2192 6.28743603842764 
2193 6.1598626502291465 
2194 6.2304743687194595 
2195 6.121085098440987 
2196 6.178008404723546 
2197 6.062477933720607 
2198 6.11028817841952 
2199 6.134432279215013 
2200 6.0613535956787326 
2201 6.190556954124106 
2202 6.062080510268946 
2203 6.1918488151941595 
2204 5.996996102406814 
2205 6.1540980078832135 
2206 5.981294372695913 
2207 6.108037456791293 
2208 5.8998292081185 
2209 6.18282337803382 
2210 5.978198381644813 
2211 6.179781647429493 
2212 5.9825508456588805 
2213 6.1410037742086 
2214 6.086296554395673 
2215 6.1680700613495 
2216 6.137079037076074 
2217 6.2457846099352 
2218 6.249387757697 
2219 6.18846287524346 
2220 6.2213825187583005 
2221 6.268487634495947 
2222 6.31084259246272 
2223 6.203236956535786 
2224 6.268865447113019 
2225 6.189493024587374 
2226 6.216767704994886 
2227 6.188912537191386 
2228 6.20149418660726 
2229 6.190607697753433 
2230 6.183227690866726 
2231 6.203661270684126 
2232 6.204057986769654 
2233 6.25545346445348 
2234 6.185178971904693 
2235 6.281098093829653 
2236 6.25353868146338 
2237 6.221032173872346 
2238 6.20772887108722 
2239 6.1361189485946 
2240 6.141609440327727 
2241 6.091516043654081 
2242 6.093449691157427 
2243 6.101880672047421 
2244 6.125558541396587 
2245 6.126657497829274 
2246 6.1576499611989925 
2247 6.149731838953593 
2248 6.180656938076673 
2249 6.2058781186097605 
2250 6.198865029017747 
2251 6.23794493647808 
2252 6.2415577476709325 
2253 6.226851066730579 
2254 6.25897830176122 
2255 6.230688112234247 
2256 6.235700508456514 
2257 6.271657803627007 
2258 6.28972724522184 
2259 6.334094343407234 
2260 6.359638495357974 
2261 6.334190336735826 
2262 6.334190336735826 
2263 6.323108298200487 
2264 6.303219875853247 
2265 6.210307959655373 
2266 6.207232795647666 
2267 6.139287801580786 
2268 6.136866238410193 
2269 6.161965231836233 
2270 6.16386117379474 
2271 6.154551988346827 
2272 6.1672092204917535 
2273 6.116612257963367 
2274 6.155481857944079 
2275 6.194796813178287 
2276 6.21419058610216 
2277 6.300786500200446 
2278 6.312677926669966 
2279 6.263617372908153 
2280 6.2612161179923005 
2281 6.285307942951487 
2282 6.268819391904447 
2283 6.311672923320933 
2284 6.307341389038339 
2285 6.31639741375158 
2286 6.327291020632614 
2287 6.255057234562906 
2288 6.295867278203834 
2289 6.253387759687307 
2290 6.288159634960894 
2291 6.22090106625128 
2292 6.279659239524267 
2293 6.2672445842973525 
2294 6.3061197324237 
2295 6.317552729610887 
2296 6.322429274185673 
2297 6.289638384315833 
2298 6.268568464303921 
2299 6.282842004279273 
2300 6.26964728465716 
2301 6.2985653532714 
2302 6.29042557540124 
2303 6.224182491120207 
2304 6.229786877646453 
2305 6.205494878426699 
2306 6.2424246594320865 
2307 6.205531689168726 
2308 6.25186411021594 
2309 6.2531023343478935 
2310 6.2827824117627875 
2311 6.232560502812793 
2312 6.226029556190194 
2313 6.302632334027546 
2314 6.267144600559426 
2315 6.315672482931706 
2316 6.277459130507567 
2317 6.348636816853699 
2318 6.3033238851070195 
2319 6.19024296600674 
2320 6.1616544069953 
2321 6.103228197340833 
2322 6.065032907387233 
2323 5.943723647907301 
2324 5.9268098712551405 
2325 5.8364026476421 
2326 5.8455686839586605 
2327 5.732294674461786 
2328 5.732294674461786 
2329 5.744392945058866 
2330 5.732294674461786 
2331 5.744392945058866 
2332 5.732294674461786 
2333 5.872293680577973 
2334 5.879584616619407 
2335 5.951876902998733 
2336 6.014585550831174 
2337 6.04237360270366 
2338 6.106069153097174 
2339 6.166524931950886 
2340 6.241307334463233 
2341 6.265269810115233 
2342 6.348333989827626 
2343 6.2230537021079 
2344 6.261772468164453 
2345 6.225616566759606 
2346 6.2504450353743595 
2347 6.2797605140610875 
2348 6.3080547367308 
2349 6.216555761963453 
2350 6.214977511747059 
2351 6.238552756734387 
2352 6.251938932601046 
2353 6.250593329234634 
2354 6.250249705993447 
2355 6.260683482023439 
2356 6.277279789556514 
2357 6.1944130252919605 
2358 6.1917327899043935 
2359 6.18435055231816 
2360 6.154380957426194 
2361 6.08316483552742 
2362 6.032507900454573 
2363 6.1367135649100994 
2364 6.15011515113822 
2365 6.15334651156408 
2366 6.1370409236786125 
2367 6.190588023312187 
2368 6.215500932545546 
2369 6.254527541605353 
2370 6.29542339690932 
2371 6.325753293144293 
2372 6.375596189205473 
2373 6.349083413255539 
2374 6.349866637628501 
2375 6.37151665654052 
2376 6.38063586600014 
2377 6.327358114806273 
2378 6.3032460875650935 
2379 6.2396884746101335 
2380 6.20677809613976 
2381 6.185039721447013 
2382 6.155585276046433 
2383 6.100119561258226 
2384 6.112193405158827 
2385 6.079902852029154 
2386 6.080781668907107 
2387 6.109025047672813 
2388 6.102392887476867 
2389 6.158533217610393 
2390 6.159350832782753 
2391 6.23450025051988 
2392 6.260684449206966 
2393 6.319173760904653 
2394 6.2987368237483805 
2395 6.351856570404533 
2396 6.3387863148719665 
2397 6.395895167778433 
2398 6.4044801687246 
2399 6.409374004425906 
2400 6.425253124434186 
2401 6.42446379470558 
2402 6.444737585291921 
2403 6.3269768974619005 
2404 6.396458155946966 
2405 6.2398150430944 
2406 6.3176870310677335 
2407 6.2182679452867795 
2408 6.2909056189917 
2409 6.186096364396927 
2410 6.221400810818693 
2411 6.1169504842732065 
2412 6.140320481777027 
2413 6.15237223784684 
2414 6.159725862927947 
2415 6.20145801044104 
2416 6.146217659907293 
2417 6.152189244216406 
2418 6.063268052679294 
2419 6.133631408715267 
2420 6.109838233951547 
2421 6.1547274445380395 
2422 6.097763633528974 
2423 6.153560017537107 
2424 6.07919025372604 
2425 6.12394970133694 
2426 6.0812158696604195 
2427 6.23959734362574 
2428 6.2136531864876865 
2429 6.272287575634113 
2430 6.1869988675955865 
2431 6.269572492050213 
2432 6.174847051971433 
2433 6.2572861285631065 
2434 6.156290100511427 
2435 6.262522427396553 
2436 6.173995627248714 
2437 6.211372619544453 
2438 6.1363142907443065 
2439 6.191313652711647 
2440 6.146866387106954 
2441 6.189939650875407 
2442 6.175808058638786 
2443 6.167578311688093 
2444 6.169689890834267 
2445 6.17924770893438 
2446 6.136816547396687 
2447 6.10398489947858 
2448 6.05708493752854 
2449 6.1083638973637475 
2450 6.088399210967986 
2451 6.08241216006666 
2452 6.0449631119183 
2453 6.0396539430991725 
2454 6.015829723605333 
2455 5.974431768336267 
2456 6.003043617254793 
2457 5.96871118686704 
2458 6.001077923641167 
2459 5.985282488463 
2460 6.030698841003773 
2461 6.019935673979113 
2462 6.121757978384246 
2463 6.023820196361367 
2464 6.155114103615953 
2465 6.004292616119834 
2466 6.169374930726501 
2467 6.045752639484807 
2468 6.208826059173947 
2469 6.045469058311234 
2470 6.15691197178678 
2471 6.026399419840506 
2472 6.077965488056267 
2473 6.078651038172393 
2474 6.1264642240237395 
2475 6.165783790097707 
2476 6.228788910265926 
2477 6.197234167476033 
2478 6.261766032884293 
2479 6.179128740153607 
2480 6.266463121603667 
2481 6.233689754446446 
2482 6.396643840167513 
2483 6.2652347933464405 
2484 6.43349477131166 
2485 6.2655305039796865 
2486 6.381989718287479 
2487 6.2703653772370265 
2488 6.392125959172134 
2489 6.2635378618569995 
2490 6.374152098777574 
2491 6.182856588764153 
2492 6.24111731341968 
2493 6.175735906727273 
2494 6.191932452759153 
2495 6.164621939226479 
2496 6.175559258066907 
2497 6.143699027453047 
2498 6.11625005832136 
2499 6.186657509877066 
2500 6.132561914222933 
2501 6.245304904176066 
2502 6.218032141527487 
2503 6.241541686234694 
2504 6.221605230755774 
2505 6.256378117262794 
2506 6.245719947233426 
2507 6.26855782413028 
2508 6.274242248540159 
2509 6.285729606024353 
2510 6.310686088565514 
2511 6.31092354031632 
2512 6.2991488099330075 
2513 6.304897809859027 
2514 6.305768575351213 
2515 6.312515620284686 
2516 6.294092475777507 
2517 6.33044198960668 
2518 6.2869725523602265 
2519 6.298444105413986 
2520 6.257056987183926 
2521 6.282017808288053 
2522 6.24536424927426 
2523 6.302226681504006 
2524 6.26891859659096 
2525 6.279601034580613 
2526 6.22755931146306 
2527 6.202557990076433 
2528 6.197177505096754 
2529 6.160946259093319 
2530 6.151273770825647 
2531 6.177414752044867 
2532 6.123651141199627 
2533 6.173844241053207 
2534 6.122853963749219 
2535 6.198645527533093 
2536 6.139621496668853 
2537 6.064631908650173 
2538 6.02798917424618 
2539 6.07477200288998 
2540 5.981825039550739 
2541 6.007974556174034 
2542 5.893624137100907 
2543 5.953705117729047 
2544 5.8487432381705595 
2545 5.891677164384727 
2546 5.783254356285053 
2547 5.9277301359371535 
2548 5.78021699950778 
2549 5.85404430104368 
2550 5.78521480669848 
2551 5.924352478637786 
2552 5.8950993893919525 
2553 6.010848903316247 
2554 5.945644832976286 
2555 6.106408134073654 
2556 6.011306775712427 
2557 6.10682368420342 
2558 6.043856604713007 
2559 6.253180784494593 
2560 6.142685208122373 
2561 6.182693241099673 
2562 6.093199400618507 
2563 6.033254664216687 
2564 6.151814685558327 
2565 5.989051073830594 
2566 6.3206196115017335 
2567 5.865284579457973 
2568 6.454635688274487 
2569 5.729710822474714 
2570 6.52759767944488 
2571 5.6490956617240675 
2572 6.6525426509378 
2573 5.6654501178254 
2574 6.53007236817778 
2575 5.6582508694798 
2576 6.3628377622220995 
2577 5.697183535556079 
2578 6.311530186811553 
2579 5.718486195557933 
2580 6.2313779598156 
2581 5.783494847148034 
2582 6.21001086886782 
2583 5.929251367056174 
2584 6.25760349207104 
2585 6.041147859218873 
2586 6.27034170077086 
2587 6.230828346996727 
2588 6.3966880602330605 
2589 6.284792058405607 
2590 6.364420669858407 
2591 6.3678227697724665 
2592 6.3510046978414465 
2593 6.284159150207773 
2594 6.291227722465254 
2595 6.1761186484330794 
2596 6.199596443756487 
2597 6.110050211649927 
2598 6.0994207711780275 
2599 6.167960016828514 
2600 6.186571490898779 
2601 6.157347176683526 
2602 6.164076944551801 
2603 6.1985024610858135 
2604 6.18135851836274 
2605 6.18182553733374 
2606 6.18662244144966 
2607 6.18509000351438 
2608 6.206239781939934 
2609 6.112804277481406 
2610 6.1344424459663 
2611 6.052152441040273 
2612 6.079854058408087 
2613 6.0419680232561666 
2614 6.049435866182113 
2615 6.075455137198273 
2616 6.115291220723833 
2617 6.044415576154001 
2618 6.032899510243481 
2619 6.070974993860187 
2620 6.00900493252362 
2621 6.064230349487673 
2622 5.92137289818852 
2623 6.068463774848801 
2624 5.987747578104114 
2625 6.038668804884146 
2626 5.9746262430515 
2627 6.057312290580774 
2628 6.044142833417826 
2629 6.068248726089307 
2630 6.098569717788074 
2631 6.096286499639753 
2632 6.1768488232205065 
2633 6.174615867074674 
2634 6.19947242206948 
2635 6.2336252484823405 
2636 6.212142742601267 
2637 6.257172071410746 
2638 6.2204036937594465 
2639 6.2297974828451 
2640 6.1475352603698665 
2641 6.21231565993308 
2642 6.161610839393361 
2643 6.180669010387466 
2644 6.1596320605451 
2645 6.162336771552254 
2646 6.153707802192026 
2647 6.14978434779632 
2648 6.176048871660433 
2649 6.136293216039779 
2650 6.203857327872886 
2651 6.180789555003074 
2652 6.2215583390963 
2653 6.190676815487613 
2654 6.188978448859447 
2655 6.177963585969213 
2656 6.1905410787299004 
2657 6.2317806961555275 
2658 6.206982137071886 
2659 6.304884719120653 
2660 6.247672495457699 
2661 6.28156393502514 
2662 6.2492085000739195 
2663 6.302001196312887 
2664 6.314236142189206 
2665 6.252493261225253 
2666 6.28396311672056 
2667 6.269260767831313 
2668 6.300680340101874 
2669 6.2254728777076265 
2670 6.293377740236046 
2671 6.25163515825422 
2672 6.340972282989854 
2673 6.229357803410507 
2674 6.32417146316108 
2675 6.249172018134466 
2676 6.347358427553126 
2677 6.253914023568027 
2678 6.357932636653467 
2679 6.25436046222488 
2680 6.361457455479166 
2681 6.20516984289678 
2682 6.318254804155927 
2683 6.189038622189133 
2684 6.25128213607524 
2685 6.147151625602407 
2686 6.199394073330047 
2687 6.106763659851926 
2688 6.1382701316344 
2689 6.154842398209301 
2690 6.110510530544267 
2691 6.198368353816353 
2692 6.099710332373206 
2693 6.232441197853514 
2694 6.135486304143513 
2695 6.247297925310273 
2696 6.206392225368094 
2697 6.300686275177566 
2698 6.237357937924107 
2699 6.275250425959193 
2700 6.265061360333827 
2701 6.289335657318354 
2702 6.291591882900874 
2703 6.306458930431806 
2704 6.287398715604213 
2705 6.280531609710053 
2706 6.265525769980467 
2707 6.253433393330926 
2708 6.2297449750612595 
2709 6.218531012237187 
2710 6.193343569689527 
2711 6.152069086721234 
2712 6.17159976046716 
2713 5.9843704352354266 
2714 5.9562405378673935 
2715 6.03096095307384 
2716 5.969793650439254 
2717 6.03613594431918 
2718 6.010359732057033 
2719 6.11916918193752 
2720 6.073116894685779 
2721 6.03150841540166 
2722 5.933970368452914 
2723 6.1815938230275265 
2724 6.123952113459173 
2725 6.1525064754063665 
2726 6.140199901244181 
2727 6.162768176415233 
2728 6.121836136401 
2729 6.035481865061061 
2730 6.02607740022286 
2731 6.132036918252433 
2732 6.140506729236219 
2733 6.103624135432066 
2734 6.100874571161227 
2735 6.13504597808544 
2736 6.133799181728347 
2737 6.14313293162702 
2738 6.124627749085007 
2739 6.1733726289579804 
2740 6.163082804205914 
2741 6.2046559962333205 
2742 6.165725239773273 
2743 6.171416096947373 
2744 6.151527877847374 
2745 6.11871828036384 
2746 6.1345966388466735 
2747 6.165033624682773 
2748 6.1705034138747665 
2749 6.211216741884787 
