0 3.812867967181167 
1 3.5841522744401546 
2 3.6672888061977096 
3 3.331338682334836 
4 2.9709188131743227 
5 3.6301277341484885 
6 3.549989386569152 
7 3.7116280690091505 
8 3.39018806284993 
9 3.3109939965897737 
10 3.2050266344976217 
11 2.8988508620939353 
12 3.561138301230784 
13 3.3165782812999516 
14 2.7286946669228174 
15 3.605450544940264 
16 3.559104415552207 
17 3.2886689021213478 
18 2.977686043783006 
19 3.386025641361306 
20 3.7494175931775144 
21 2.8814212552801006 
22 3.8646363250470226 
23 3.887009078828504 
24 3.473396946270622 
25 3.1039590078399657 
26 3.546184017504666 
27 3.262350980017636 
28 3.794028982927399 
29 3.5755962525881966 
30 3.6479795007763753 
31 2.8092298883524887 
32 3.067474212975463 
33 2.177709120487263 
34 3.40748805520235 
35 3.0871826165341107 
36 3.218340500346204 
37 3.3368390417766243 
38 3.3491181224645237 
39 3.9426073593569857 
40 3.123841058901019 
41 3.2113904744248147 
42 3.300837634383769 
43 3.382232638186889 
44 3.167956720432338 
45 3.8578487678593185 
46 3.5706365538600595 
47 3.4873588123646337 
48 2.7161589370158334 
49 3.468813017620543 
50 3.5837886744188823 
51 3.546689798545431 
52 2.9834658411128654 
53 3.0381935429598155 
54 3.5359348869507987 
55 2.732382589222369 
56 3.098115221063338 
57 2.4914099483226195 
58 3.5455687426005227 
59 3.2767572630094497 
60 3.500278363582539 
61 3.3822813112850936 
62 3.4573228830700553 
63 3.0100596792015173 
64 2.421834381349056 
65 3.587766439285574 
66 2.3262843796293042 
67 2.851410632601355 
68 3.555995124288182 
69 2.9482077520375984 
70 3.231406629632241 
71 2.534755228706632 
72 3.688734601270141 
73 2.5536710990862463 
74 3.0688289248292393 
75 2.9898578613514104 
76 3.1735563886685427 
77 3.1353346923051992 
78 3.464331956734048 
79 3.411352732436999 
80 3.1475998143221977 
81 3.7922627318339455 
82 3.058096958556291 
83 2.559041402606808 
84 3.3298573592398317 
85 3.0384607948453675 
86 3.145001674114066 
87 3.1353896134777366 
88 3.3154448108137258 
89 3.9737578811005534 
90 3.3130303797507485 
91 3.3243111210883236 
92 3.9748667247928653 
93 3.2014063328202678 
94 3.573122495588261 
95 3.602160790281049 
96 3.5176514057785435 
97 3.589888134102293 
98 2.8144866761647584 
99 2.978377736988451 
100 3.5307668382354436 
101 3.7514073976546944 
