0 10.918316399976051 
1 12.241782489157147 
2 16.565835933488685 
3 15.77523610364113 
4 14.550520714082523 
5 23.982526159300132 
6 13.934472196198032 
7 25.184964573075536 
8 11.811181229636764 
9 17.255752529138057 
10 14.74116613362387 
11 17.74765793593704 
12 18.45775794541406 
13 22.015725878413136 
14 45.03031864639698 
15 47.44848807086213 
16 18.914732038169454 
17 9.75603311321435 
18 19.796872566279788 
19 11.443588344428681 
20 13.876385387511498 
21 12.323973003229153 
22 15.809247400181677 
23 12.315107668637802 
24 17.029732879131767 
25 14.618323510652758 
26 13.134412861647727 
27 13.393870688581547 
28 12.223765544535988 
29 13.972117751698086 
30 28.711394051408426 
31 17.977309256743144 
32 36.6657400365407 
33 33.939441018918615 
34 21.347231270358307 
35 34.028103196495216 
36 12.59206643229628 
37 11.516422205259719 
38 8.526030560575354 
39 7.623623157848818 
40 17.21771399484409 
41 14.924171206336442 
42 38.648986850713676 
43 24.851011387740108 
44 40.884539278090244 
45 19.86870739598581 
46 35.32104961767777 
47 25.160037191445966 
48 20.614679891085313 
49 24.113787671469144 
50 9.466224008702698 
51 8.48055416829263 
52 14.172148374409536 
53 21.25150862614952 
54 14.172148374409536 
55 20.927780937839916 
56 36.34263928602374 
57 11.8187028547115 
58 16.977894715537655 
59 7.860257229544479 
60 21.8672005338672 
61 33.979584562040245 
62 22.304432910746193 
63 11.80998397855548 
64 20.864277613068825 
65 15.377325771101962 
66 15.943801602627458 
67 17.86855592145903 
68 15.536876106653628 
69 25.889327136146758 
70 32.669226635095455 
71 12.493682122282657 
72 12.240746415448955 
73 46.56147245257046 
74 29.808356252976 
75 21.213352215253895 
76 21.10766443560968 
77 14.21181317936624 
78 15.679172211672174 
79 12.620786981732179 
80 11.745526438120628 
81 8.682259376636603 
82 9.786011264529797 
83 18.502214458384064 
84 23.740626698061945 
85 24.296917631656694 
86 18.395344043436882 
87 9.070393173261364 
88 13.197479004817328 
89 23.138944975891782 
90 17.953992483327198 
91 24.326087460851408 
92 10.382788693135826 
93 31.426011118936657 
94 25.346289581822578 
95 38.26849875002281 
96 49.80648838645324 
97 27.86209462062735 
98 11.0717021574264 
99 15.590875129635757 
100 22.661134163208853 
101 30.57563166105352 
102 17.16894259422995 
103 19.136344556985126 
104 21.067482382251153 
105 11.149726194906693 
106 8.823445017344786 
107 31.37711148016817 
108 17.2026019407919 
109 18.7691481554406 
110 22.75716060703066 
111 13.909287772718681 
112 8.581766398088169 
113 12.46738917193287 
114 18.234360191633844 
115 26.76816644329568 
116 18.237452333433342 
117 22.54759703257714 
118 32.96320397353075 
119 19.020579192250832 
120 17.214534022302576 
121 21.929396018069266 
122 18.146162498918404 
123 26.728591274646003 
124 29.585063235781647 
125 17.489019076409882 
126 11.620405437977741 
127 13.30380529766455 
128 11.753689225164635 
129 12.848109835106431 
130 21.473901935787755 
131 17.050778693356207 
132 20.703921810598022 
133 24.2529432173008 
134 23.888823073768624 
135 19.477769831613557 
136 14.377546053488548 
137 9.552177893571764 
138 10.055630409244564 
139 18.115126805334807 
140 41.688738693966805 
141 28.130434199407116 
142 22.400803251459365 
143 39.37648097035243 
144 12.278838835087884 
145 14.863140736015875 
146 18.71596542661187 
147 17.50719604634855 
148 18.661007372209838 
149 9.052773802817509 
150 6.518816005222135 
151 15.90329796995503 
152 32.84163710820355 
153 26.018609960050618 
154 16.958948087707878 
155 15.00935422228266 
156 26.955681233933163 
157 9.472573534725734 
158 16.424612420555516 
159 32.45812632523874 
160 22.055782255689707 
161 21.689889127916597 
162 22.83807594716151 
163 13.9561713483333 
164 10.026016990883058 
165 10.648522668995598 
166 19.258389924285208 
167 15.389908122229723 
168 17.082097272112666 
169 17.23143667063802 
170 14.46077359876158 
171 14.881439641225057 
172 11.316016101356528 
173 12.487247199206877 
174 29.586524082277588 
175 21.591409362806164 
176 16.116627665256466 
177 29.62748643761302 
178 14.247876051783233 
179 31.598604759788152 
180 10.125226014682204 
181 14.231873829365618 
182 17.892643388861636 
183 21.116484667240606 
184 36.641076264523456 
185 27.77408866668874 
186 32.052821422021154 
187 33.37580469328156 
188 11.119664260320205 
189 20.790641419649052 
190 7.074015418684234 
191 8.986555424859286 
192 51.18812775357278 
193 24.359429447567717 
194 9.592681364925442 
195 17.566220353393 
196 18.55738923448575 
197 20.75401789248674 
198 14.932725719168328 
199 35.70197734101684 
200 40.04529353917834 
201 20.907126051760578 
202 36.90252421717594 
203 20.954337443296495 
204 15.75171626432724 
205 41.77552016414179 
206 5.949072031884942 
207 10.897777731586974 
208 34.82224011822431 
209 54.53593207556983 
210 14.980085145289866 
211 4.379353585766566 
212 34.30222040482519 
213 40.68308486182915 
214 4.957940936928545 
215 19.81005639364084 
216 16.507093915172124 
217 15.346661592951438 
218 18.66341541555795 
219 16.267837473044043 
220 15.622233065035775 
221 9.76741543204989 
222 49.4238310708899 
223 23.01653953794655 
224 5.736459299256256 
225 7.542247189394866 
226 11.53384004487807 
227 11.230330941415872 
228 19.319241841505264 
229 19.704889690682904 
230 22.12068983703391 
231 15.02693833096278 
232 7.2415344586766945 
233 7.478143971473145 
234 16.311300026055743 
235 6.7068086603345165 
236 13.19365970122962 
237 11.268831071133034 
238 22.52930907606448 
239 24.963420585889608 
240 25.71410004107582 
241 43.59077114944918 
242 15.406980759199806 
243 14.00762782620312 
244 6.492398995097774 
245 18.894197460234516 
246 17.76727990545137 
247 19.899626612516784 
248 31.67544462485368 
249 24.326087460851408 
250 13.40200216640412 
251 22.568585987398237 
252 22.173079159662088 
253 30.825284602438504 
254 40.72732922270234 
255 23.9943250726528 
256 17.787322468331617 
257 16.696737724169502 
258 27.236270836444866 
259 27.754056271670947 
260 22.983369225120963 
261 20.856911272557298 
262 23.665479904983833 
263 23.604349098439997 
264 16.909856917662143 
265 30.3431551989814 
266 24.376418076994607 
267 41.76137800567531 
268 18.93043996317091 
269 30.568055272133634 
270 20.332766151355177 
271 24.67876391536633 
272 14.510601935298615 
273 11.73231888111888 
274 23.876719892978112 
275 20.368213515665975 
276 44.9805784636503 
277 25.011204732344645 
278 14.861402837422226 
279 20.426738874224434 
280 33.3914815699387 
281 25.56567109594051 
282 31.738242794336866 
283 25.925492789724508 
284 26.020062657030305 
285 9.866072016635146 
286 12.684412670186836 
287 24.831884813034314 
288 13.343250439811795 
289 12.75787347686168 
290 22.062163029356224 
291 18.5237050024511 
292 7.613949545356354 
293 10.451869812134156 
294 8.883489429117265 
295 19.205655962525586 
296 54.28606189249705 
297 22.09854583772392 
298 39.904327888192256 
299 19.14114774671991 
300 42.71881365599283 
301 22.589492392621516 
302 26.208503086805468 
303 17.270744803504957 
304 55.980033366700034 
305 17.627421808676065 
306 21.75367332437801 
307 20.646238512239663 
308 31.3639721827563 
309 22.407026128951262 
310 45.262110567947595 
311 27.752587142365613 
312 29.73123325346981 
313 26.753482675919784 
314 24.132517850670013 
315 46.727985739750444 
316 19.927422688249184 
317 27.53758075529177 
318 10.303263446209023 
319 18.266840292143737 
320 26.353414260222674 
321 25.04196643401735 
322 18.70436403528331 
323 19.930452798091682 
324 17.705105150739982 
325 21.5245944545086 
326 34.936811768037714 
327 25.42464690549797 
328 8.4267305289128 
329 7.88988816884717 
330 25.381413728207395 
331 32.48930270027421 
332 24.068401179805583 
333 26.912096091163413 
334 15.56229848209946 
335 15.813837047091203 
336 18.38131675015229 
337 17.382185587176075 
338 6.776044847251168 
339 7.114886745115867 
340 15.378960877057896 
341 16.82081555391575 
342 23.75555190557371 
343 12.366668435732777 
344 24.855723987531555 
345 25.743297652950996 
346 19.26051238250056 
347 19.774752008448687 
348 36.388672959466966 
349 31.326725869937036 
350 15.322665965250684 
351 16.82081555391575 
352 17.548728290566466 
353 13.225610544405379 
354 14.198438758860688 
355 21.818287747479687 
356 19.442196799733 
357 10.630278638084762 
358 48.25587335189489 
359 10.153487133554432 
360 5.383462391013325 
361 5.823028310583426 
362 21.858197793493044 
363 23.181403163584513 
364 11.086012126594456 
365 16.5297979837788 
366 10.566621067720734 
367 5.812739148330517 
368 20.692992323328006 
369 10.544996517939525 
370 7.854325370965446 
371 11.436941862335814 
372 7.405093148401859 
373 23.344876911174563 
374 14.998190621267709 
375 9.705352597624975 
376 11.641757406024741 
377 24.221150681134397 
378 17.48894615262732 
379 18.796821712027032 
380 30.967299897373803 
381 28.663126746895735 
382 29.979014781141892 
383 32.8008008008008 
384 43.38247036676941 
385 28.18790575142139 
386 14.765868461630536 
387 13.681167740357171 
388 14.38622534728177 
389 20.08785524765563 
390 11.246712572666624 
391 11.771469306308253 
392 15.943316760175767 
393 16.81103981210195 
394 9.973567443917611 
395 8.809064656032428 
396 9.607139094144971 
397 8.479868343108533 
398 21.421040535640415 
399 14.731225546322378 
400 15.511479289940828 
401 17.211990889878326 
402 28.124209608743755 
403 41.44692036325188 
404 21.730568767032445 
405 31.036961942888432 
406 27.597554957527585 
407 14.791696936781893 
408 7.452274431347744 
409 13.006521395324318 
410 25.421410864835053 
411 21.342343213331638 
412 17.599389059293976 
413 42.99072394247819 
414 30.300191439407623 
415 31.67424860293007 
416 26.49089875576328 
417 33.700016069419895 
418 12.136190947416544 
419 12.64430007687322 
420 10.03530045100549 
421 11.798954093186415 
422 16.058624663555232 
423 19.406214720633688 
424 19.848868024532443 
425 19.82813083537793 
426 16.96038819247877 
427 27.833066790537178 
428 36.54975774687162 
429 38.90892224345535 
430 35.95847157566249 
431 23.087107054983406 
432 12.325892489802635 
433 12.14606656975229 
434 18.88934725237113 
435 18.281649500712646 
436 15.593309564616089 
437 14.220100625177993 
438 45.57688504460648 
439 45.63688986573238 
440 14.818872377560611 
441 14.55132839766585 
442 32.58698945700057 
443 25.561464345133984 
444 18.800697466975656 
445 17.586032821527702 
446 13.46161919281072 
447 17.5911958126426 
448 18.363531286667484 
449 15.400588220174997 
450 25.20554794355905 
451 26.144300594032252 
452 23.37988160403126 
453 15.13216777666337 
454 19.62513744554817 
455 14.086994488535415 
456 31.796950928291473 
457 21.233756897686426 
458 26.840110065911563 
459 43.29425365662321 
460 28.57895095460678 
461 47.623039978199905 
462 17.24610304971567 
463 16.6472343938528 
464 19.342762669421372 
465 28.964987638633758 
466 20.38325914118539 
467 40.96520066024007 
468 12.186580043815047 
469 9.291253253585866 
470 18.033036673975666 
471 21.169133864626286 
472 16.894803834689437 
473 18.10332042799121 
474 35.025795622510415 
475 23.74896098748655 
476 33.05308283949061 
477 28.462009296644386 
478 12.93340733888375 
479 19.07906731320336 
480 13.89500326313453 
481 13.06677466587744 
482 15.212075931554248 
483 21.834302461777124 
484 30.873159816276058 
485 34.226643273899384 
486 26.33438604642402 
487 21.855919794483786 
488 18.493974681758257 
489 14.506486634178735 
490 17.236039367975508 
491 12.877299954254205 
492 21.129675622030902 
493 10.328864547523123 
494 10.712845543406356 
495 8.993646580024572 
496 15.333589240212476 
497 10.673262539665576 
498 13.791472529206933 
499 33.36359225231675 
500 10.296358485656352 
501 35.22227727345253 
502 15.044725580994946 
503 14.204689849496742 
504 17.398625301259795 
505 16.886029574578583 
506 11.293134411946053 
507 37.283696454127664 
508 36.38015109592249 
509 31.957819345498876 
510 10.192793629115158 
511 10.481672147862334 
512 17.627866316992804 
513 14.217304941460405 
514 14.410345562113914 
515 8.025548248341526 
516 23.59638147531392 
517 61.31664814923104 
518 17.592007415454177 
519 41.6821099914535 
520 14.240039654651444 
521 10.91283374875763 
522 22.56348681202223 
523 23.26962851182815 
524 16.79992950469034 
525 11.043076461311225 
