0 2 
1 2 
2 2 
3 2 
4 2 
5 2 
6 2 
7 2 
8 2 
9 2 
10 2 
11 2 
12 2 
13 2 
14 2 
15 2 
16 2 
17 2 
18 2 
19 2 
20 2 
21 2 
22 2 
23 2 
24 2 
25 2 
26 2 
27 2 
28 2 
29 2 
30 2 
31 2 
32 2 
33 2 
34 2 
35 2 
36 2 
37 2 
38 2 
39 2 
40 2 
41 2 
42 2 
43 2 
44 2 
45 2 
46 2 
47 2 
48 2 
49 2 
50 2 
51 2 
52 3 
53 2 
54 3 
55 1 
56 3 
57 1 
58 3 
59 1 
60 3 
61 1 
62 3 
63 1 
64 3 
65 2 
66 3 
67 2 
68 3 
69 2 
70 3 
71 2 
72 3 
73 2 
74 3 
75 1 
76 3 
77 1 
78 3 
79 2 
80 3 
81 2 
82 3 
83 2 
84 3 
85 2 
86 3 
87 2 
88 2 
89 2 
90 3 
91 2 
92 3 
93 2 
94 2 
95 3 
96 2 
97 3 
98 2 
99 3 
100 2 
101 3 
102 2 
103 3 
104 2 
105 3 
106 2 
107 3 
108 2 
109 3 
110 2 
111 3 
112 2 
113 2 
114 2 
115 2 
116 2 
117 3 
118 2 
119 3 
120 2 
121 3 
122 2 
123 3 
124 3 
125 3 
126 3 
127 3 
128 3 
129 3 
130 3 
131 3 
132 3 
133 3 
134 3 
135 3 
136 3 
137 3 
138 3 
139 3 
140 3 
141 3 
142 3 
143 3 
144 2 
145 3 
146 2 
147 3 
148 2 
149 2 
150 2 
151 2 
152 2 
153 2 
154 2 
155 3 
156 2 
157 3 
158 2 
159 3 
160 2 
161 2 
162 2 
163 2 
164 2 
165 2 
166 2 
167 2 
168 2 
169 2 
170 2 
171 2 
172 1 
173 2 
174 1 
175 2 
176 1 
177 2 
178 1 
179 2 
180 2 
181 2 
182 2 
183 2 
184 2 
185 2 
186 2 
187 2 
188 2 
189 2 
190 2 
191 2 
192 3 
193 2 
194 3 
195 2 
196 3 
197 2 
198 3 
199 3 
200 2 
201 3 
202 2 
203 3 
204 2 
205 3 
206 2 
207 3 
208 2 
209 3 
210 2 
211 3 
212 2 
213 3 
214 2 
215 3 
216 2 
217 3 
218 2 
219 3 
220 2 
221 3 
222 2 
223 3 
224 2 
225 3 
226 2 
227 3 
228 2 
229 3 
230 2 
231 3 
232 2 
233 3 
234 2 
235 3 
236 2 
237 2 
238 2 
239 2 
240 2 
241 2 
242 2 
243 2 
244 2 
245 2 
246 2 
247 2 
248 2 
249 1 
250 2 
251 1 
252 2 
253 1 
254 2 
255 1 
256 3 
257 1 
258 3 
259 1 
260 3 
261 2 
262 3 
263 3 
264 3 
265 3 
266 3 
267 3 
268 3 
269 2 
270 3 
271 2 
272 3 
273 2 
274 3 
275 2 
276 2 
277 2 
278 2 
279 2 
280 2 
281 2 
282 2 
283 2 
284 2 
285 2 
286 2 
287 2 
288 2 
289 2 
290 2 
291 2 
292 1 
293 2 
294 2 
295 2 
296 2 
297 2 
298 3 
299 3 
300 3 
301 3 
302 3 
303 3 
304 2 
305 3 
306 2 
307 3 
308 2 
309 3 
310 2 
311 3 
312 2 
313 3 
314 2 
315 3 
316 2 
317 3 
318 2 
319 3 
320 2 
321 2 
322 2 
323 2 
324 2 
325 3 
326 1 
327 3 
328 1 
329 3 
330 1 
331 3 
332 2 
333 3 
334 2 
335 3 
336 2 
337 3 
338 2 
339 3 
340 2 
341 3 
342 1 
343 3 
344 2 
345 3 
346 2 
347 3 
348 2 
349 3 
350 2 
351 3 
352 2 
353 2 
354 2 
355 2 
356 2 
357 3 
358 2 
359 3 
360 3 
361 3 
362 3 
363 3 
364 3 
365 3 
366 3 
367 3 
368 3 
369 3 
370 2 
371 3 
372 2 
373 3 
374 2 
375 2 
376 2 
377 2 
378 2 
379 2 
380 2 
381 2 
382 2 
383 2 
384 2 
385 2 
386 2 
387 2 
388 3 
389 2 
390 3 
391 2 
392 3 
393 2 
394 2 
395 2 
396 2 
397 2 
398 2 
399 2 
400 2 
401 2 
402 3 
403 2 
404 3 
405 2 
406 3 
407 2 
408 3 
409 2 
410 3 
411 2 
412 3 
413 2 
414 3 
415 2 
416 3 
417 2 
418 3 
419 2 
420 3 
421 2 
422 3 
423 2 
424 3 
425 2 
426 3 
427 2 
428 3 
429 2 
430 3 
431 2 
432 3 
433 2 
434 3 
435 2 
436 3 
437 2 
438 2 
439 2 
440 2 
441 2 
442 2 
443 2 
444 2 
445 2 
446 2 
447 2 
448 2 
449 2 
450 2 
451 2 
452 2 
453 2 
454 3 
455 2 
456 3 
457 2 
458 3 
459 2 
460 3 
461 2 
462 3 
463 2 
464 3 
465 2 
466 3 
467 2 
468 3 
469 2 
470 3 
471 2 
472 3 
473 2 
474 3 
475 2 
476 3 
477 2 
478 2 
479 2 
480 2 
481 2 
482 2 
483 2 
484 2 
485 2 
486 2 
487 2 
488 2 
489 2 
490 2 
491 2 
492 2 
493 2 
494 2 
495 2 
496 2 
497 2 
498 2 
499 2 
500 3 
501 2 
502 3 
503 2 
504 2 
505 2 
506 2 
507 2 
508 2 
509 2 
510 2 
511 2 
512 2 
513 2 
514 2 
515 2 
516 2 
517 2 
518 2 
519 2 
520 2 
521 2 
522 2 
523 2 
524 2 
525 2 
526 2 
527 2 
528 2 
529 2 
530 2 
531 2 
532 2 
533 2 
534 2 
535 2 
536 2 
537 2 
538 2 
539 2 
540 2 
541 2 
542 2 
543 2 
544 2 
545 2 
546 2 
547 2 
548 2 
549 2 
550 2 
551 2 
552 2 
553 2 
554 2 
555 2 
556 2 
557 2 
558 2 
559 2 
560 2 
561 2 
562 2 
563 2 
564 2 
565 2 
566 2 
567 2 
568 2 
569 2 
570 2 
571 2 
572 2 
573 2 
574 2 
575 1 
576 2 
577 1 
578 2 
579 1 
580 2 
581 1 
582 2 
583 1 
584 2 
585 1 
586 2 
587 2 
588 2 
589 2 
590 2 
591 2 
592 2 
593 2 
594 2 
595 2 
596 2 
597 1 
598 2 
599 2 
600 2 
601 2 
602 2 
603 2 
604 2 
605 2 
606 2 
607 2 
608 2 
609 2 
610 2 
611 2 
612 2 
613 1 
614 2 
615 1 
616 2 
617 1 
618 2 
619 1 
620 2 
621 1 
622 2 
623 1 
624 2 
625 1 
626 2 
627 1 
628 2 
629 2 
630 2 
631 2 
632 2 
633 2 
634 2 
635 2 
636 2 
637 2 
638 2 
639 2 
640 2 
641 3 
642 2 
643 3 
644 2 
645 3 
646 2 
647 3 
648 2 
649 3 
650 2 
651 3 
652 2 
653 3 
654 2 
655 3 
656 2 
657 3 
658 2 
659 2 
660 2 
661 2 
662 2 
663 2 
664 2 
665 2 
666 2 
667 2 
668 2 
669 2 
670 2 
671 2 
672 3 
673 2 
674 3 
675 2 
676 3 
677 2 
678 3 
679 2 
680 3 
681 2 
682 3 
683 2 
684 3 
685 2 
686 3 
687 2 
688 3 
689 2 
690 3 
691 2 
692 3 
693 2 
694 3 
695 2 
696 3 
697 2 
698 3 
699 2 
700 3 
701 2 
702 3 
703 2 
704 3 
705 2 
706 3 
707 2 
708 3 
709 2 
710 3 
711 2 
712 3 
713 3 
714 3 
715 3 
716 3 
717 3 
718 3 
719 3 
720 3 
721 3 
722 3 
723 3 
724 3 
725 3 
726 3 
727 3 
728 3 
729 3 
730 3 
731 3 
732 3 
733 2 
734 3 
735 2 
736 3 
737 2 
738 3 
739 2 
740 3 
741 2 
742 2 
743 2 
744 2 
745 2 
746 2 
747 2 
748 2 
749 2 
750 2 
751 2 
752 2 
753 2 
754 2 
755 2 
756 2 
757 2 
758 2 
759 2 
760 2 
761 2 
762 2 
763 2 
764 2 
765 3 
766 2 
767 3 
768 2 
769 3 
770 2 
771 3 
772 2 
773 3 
774 2 
775 3 
776 2 
777 3 
778 2 
779 3 
780 2 
781 3 
782 2 
783 3 
784 2 
785 3 
786 2 
787 2 
788 2 
789 2 
790 2 
791 2 
792 2 
793 2 
794 2 
795 2 
796 2 
797 2 
798 2 
799 2 
800 2 
801 2 
802 3 
803 2 
804 3 
805 3 
806 3 
807 3 
808 2 
809 3 
810 2 
811 3 
812 2 
813 3 
814 2 
815 3 
816 2 
817 2 
818 2 
819 3 
820 3 
821 3 
822 3 
823 3 
824 3 
825 3 
826 2 
827 3 
828 3 
829 2 
830 2 
831 2 
832 2 
833 2 
834 2 
835 2 
836 2 
837 2 
838 2 
839 2 
840 3 
841 2 
842 3 
843 2 
844 3 
845 2 
846 2 
847 2 
848 2 
849 2 
850 2 
851 2 
852 2 
853 2 
854 2 
855 2 
856 2 
857 2 
858 2 
859 2 
860 2 
861 3 
862 2 
863 3 
864 2 
865 3 
866 2 
867 3 
868 2 
869 3 
870 2 
871 3 
872 1 
873 3 
874 1 
875 3 
876 1 
877 3 
878 2 
879 3 
880 2 
881 3 
882 2 
883 3 
884 2 
885 3 
886 2 
887 3 
888 2 
889 3 
890 2 
891 3 
892 2 
893 3 
894 2 
895 3 
896 2 
897 3 
898 2 
899 3 
900 2 
901 3 
902 2 
903 3 
904 2 
905 3 
906 2 
907 3 
908 2 
909 3 
910 2 
911 3 
912 2 
913 3 
914 2 
915 3 
916 2 
917 3 
918 2 
919 3 
920 2 
921 3 
922 3 
923 3 
924 3 
925 3 
926 3 
927 3 
928 3 
929 3 
930 3 
931 3 
932 2 
933 3 
934 2 
935 3 
936 2 
937 3 
938 2 
939 3 
940 2 
941 3 
942 2 
943 3 
944 2 
945 3 
946 3 
947 3 
948 3 
949 3 
950 3 
951 3 
952 3 
953 3 
954 3 
955 3 
956 3 
957 3 
958 3 
959 3 
960 3 
961 3 
962 3 
963 3 
964 3 
965 3 
966 3 
967 3 
968 3 
969 2 
970 3 
971 2 
972 3 
973 3 
974 3 
975 3 
976 3 
977 3 
978 3 
979 3 
980 3 
981 3 
982 3 
983 3 
984 3 
985 3 
986 3 
987 3 
988 3 
989 3 
990 3 
991 3 
992 3 
993 3 
994 3 
995 3 
996 3 
997 3 
998 3 
999 3 
1000 3 
1001 3 
1002 3 
1003 3 
1004 3 
1005 3 
1006 3 
1007 3 
1008 3 
1009 3 
1010 3 
1011 3 
1012 3 
1013 3 
1014 3 
1015 3 
1016 3 
1017 3 
1018 3 
1019 3 
1020 3 
1021 3 
1022 3 
1023 3 
1024 2 
1025 3 
1026 2 
1027 3 
1028 2 
1029 3 
1030 2 
1031 3 
1032 2 
1033 3 
1034 2 
1035 3 
1036 2 
1037 3 
1038 2 
1039 3 
1040 3 
1041 3 
1042 3 
1043 3 
1044 2 
1045 3 
1046 2 
1047 3 
1048 2 
1049 3 
1050 2 
1051 3 
1052 2 
1053 2 
1054 2 
1055 2 
1056 2 
1057 2 
1058 2 
1059 2 
1060 2 
1061 2 
1062 2 
1063 2 
1064 2 
1065 2 
1066 2 
1067 2 
1068 3 
1069 1 
1070 2 
1071 1 
1072 2 
1073 1 
1074 2 
1075 2 
1076 2 
1077 2 
1078 2 
1079 2 
1080 2 
1081 2 
1082 3 
1083 2 
1084 3 
1085 1 
1086 3 
1087 1 
1088 3 
1089 1 
1090 3 
1091 2 
1092 3 
1093 2 
1094 3 
1095 2 
1096 3 
1097 2 
1098 3 
1099 2 
1100 3 
1101 2 
1102 3 
1103 2 
1104 3 
1105 2 
1106 3 
1107 2 
1108 1 
1109 2 
1110 2 
1111 2 
1112 2 
1113 2 
1114 3 
1115 1 
1116 2 
1117 1 
1118 3 
1119 2 
1120 3 
1121 2 
1122 3 
1123 2 
1124 3 
1125 2 
1126 3 
1127 2 
1128 3 
1129 2 
1130 3 
1131 2 
1132 3 
1133 2 
1134 3 
1135 2 
1136 3 
1137 2 
1138 3 
1139 2 
1140 3 
1141 3 
1142 3 
1143 3 
1144 3 
1145 3 
