0 3.9135300563039834 
1 0.8919872391906871 
2 2.396151348058954 
3 3.6759495634384085 
4 2.9109220363364656 
5 3.204533487077992 
6 1.5279143778533435 
7 1.8502275848808618 
8 2.065280849088998 
9 2.119131596941542 
10 2.229372491064659 
11 2.251263307917693 
12 2.474853765293145 
13 3.098086641985941 
14 2.882763321343034 
15 2.337296377055714 
16 2.293606877316914 
17 2.2023388256070806 
18 3.402004180244553 
19 2.2511859922000204 
20 3.519574277504261 
21 2.302164971029365 
22 2.702300381213072 
23 2.2305105547785233 
24 2.846945919348514 
25 2.796132831379535 
26 2.6395691718069823 
27 4.383067337525889 
28 2.4489474491710417 
29 2.4442840829655825 
30 5.815896935339597 
31 3.0339471734421597 
32 3.0683053248036356 
33 2.972200700441043 
34 1.340707938135334 
35 3.5440019099907727 
36 1.2989270934002435 
37 1.6731867153707094 
38 2.757309980704187 
39 1.4947533206517367 
40 2.1297365382968447 
41 1.6457966259401116 
42 2.1841246228115923 
43 2.3818561568783863 
44 2.9477233830729057 
45 3.3051502202159564 
46 1.9614161424689787 
47 2.6068788238841076 
48 1.8458745667943863 
49 0.811416251558041 
50 1.2311445161397079 
51 1.3679718733762047 
52 2.725755322634396 
53 2.1900870709582487 
54 1.209610009252268 
55 2.106899624624375 
56 3.0321432311892664 
57 2.8022279616612136 
58 1.3207394350258124 
59 3.524463106721119 
60 1.7630135315193 
61 2.1259080477494576 
62 1.590765269504021 
63 1.5483776868883032 
64 1.7968551515203293 
65 1.7959970478227212 
66 3.0142786110029727 
67 3.0824523088571674 
68 2.1875467405676345 
69 2.773133782754588 
70 2.0229867179475427 
71 2.918313145980221 
72 2.769197425538499 
73 2.334835177890956 
74 3.417124360801022 
75 3.5170016998516784 
76 2.1613692056302587 
77 2.1600899558017055 
78 1.8222287392389747 
79 1.657208278883308 
80 2.771087649057854 
81 3.30088918553048 
82 2.909651133297439 
83 2.121451304802876 
84 2.4597249600460724 
85 2.54003907712812 
86 2.6543752017223032 
87 3.5742899057174387 
88 2.511336551341559 
89 2.398286160131601 
90 2.6510200788491654 
91 1.9898961347756614 
92 3.426634903262934 
93 3.290827955079742 
94 2.6483912616421152 
95 3.470207717878867 
96 1.983557870814543 
97 2.6792464645101775 
98 1.977691896518167 
99 3.3751635550910426 
100 1.894213511964034 
101 2.7380205147450827 
102 2.568311717594841 
103 4.070890855593539 
104 3.7636690807061086 
105 3.2236642000160742 
106 1.2607318970596233 
107 4.913336048733161 
108 3.106828567211031 
109 3.1803241196252854 
110 2.7367078408279433 
111 2.2166979827257944 
112 3.5907949549801867 
113 2.985383957208049 
114 3.534823801432972 
115 5.251648834465283 
116 2.5485380125528634 
117 2.097293530856326 
118 2.8640794142285753 
119 2.561529342189246 
120 4.055344181242088 
121 2.705531930023806 
122 2.5300564528170115 
123 3.8480168176523577 
124 3.0076952442339397 
125 2.797763279862135 
126 5.90987399875668 
127 3.1814179329665992 
128 2.3684909204351703 
129 2.667507544938551 
130 2.6444259377226205 
131 3.0830412497488773 
132 4.3956849101735065 
133 4.120211700079761 
134 2.9545020476747066 
135 2.732342105449241 
136 4.371745276711549 
137 6.2837506913627 
138 1.4022969519677084 
139 1.384569129644538 
140 1.1248354734015056 
141 1.357621135775635 
142 2.636249594055634 
143 2.985676550257341 
144 1.7886583511047685 
145 1.5182237521634476 
146 2.626612707924316 
147 2.3498964452481053 
148 1.9496308213294646 
149 4.165823628840658 
150 3.1475998478425438 
151 3.283786325162348 
152 2.528090241426364 
153 5.319787724653573 
154 5.337782052842243 
155 4.9905429846776705 
156 3.631175852178259 
157 2.7669784810405496 
158 3.5636574222513935 
159 2.7183027945632454 
160 2.110320780844676 
161 2.681573016882739 
162 2.568148837203686 
163 3.6099057302541726 
164 3.2276832937235014 
165 2.5790236861538185 
166 3.13467082415963 
167 3.422946285826826 
168 1.2161046696386157 
169 3.2091877678425447 
170 2.0296537535103685 
171 3.1814662460813112 
172 2.6383539521701147 
173 5.108757788531648 
174 1.981183744268291 
175 3.9814576190462834 
176 1.2538650663924895 
177 1.792040527986512 
178 2.1359643704302216 
179 2.168181447076583 
180 3.21764808657042 
181 1.5347619341087613 
182 2.9086406806213727 
183 2.638884500281456 
184 3.0357425630714334 
185 3.3828188775386296 
186 1.3170428252704198 
187 5.138665653883199 
188 2.6706753309059925 
189 3.0677247725269137 
190 2.4164873035640095 
191 3.1585589348578034 
192 1.6471830075896043 
193 3.3836733620148483 
194 2.5541159108375213 
195 2.721068792775881 
196 1.3259607507785793 
197 2.1208939608756356 
198 2.4312595806245616 
199 2.0062184799969485 
200 2.61461435472813 
201 2.445431939050407 
202 2.608772513031446 
203 2.3126868433662358 
204 1.9823091306505636 
205 2.737665890582467 
206 3.4559788731001784 
207 2.9116210114424157 
208 2.1324594673755675 
209 1.2918925022006547 
210 3.1831242663264137 
211 0.7862188690371554 
212 1.885400570358446 
213 1.594346819663201 
214 2.3095150303420104 
215 2.2334792026502925 
216 3.03167693511939 
217 5.807810599615711 
218 2.183747494546223 
219 2.3378752192579255 
220 3.0202555426190907 
221 3.0637806498331104 
222 2.1797064430428774 
223 1.9044968992813356 
224 2.7654240262730725 
225 2.051227702380696 
226 3.03221845232611 
227 1.6338248030375477 
228 3.2454395093741355 
229 1.8672440704820465 
230 2.626728568669194 
231 3.9961206449915276 
232 3.8649542306896523 
233 2.8340912184580613 
234 2.902219928263486 
235 4.436925499241147 
236 4.0106647196564005 
237 3.2235416505532477 
238 3.67040188728747 
239 2.341115569152022 
240 2.2756893483492746 
241 2.2780754844857327 
242 2.6873928987544344 
243 1.98827997448576 
244 2.1837393055773724 
245 2.852034140486878 
246 3.3289055349016023 
247 2.4499130899576316 
248 2.5539838889349413 
249 2.266130638781325 
250 3.157011785813123 
251 2.60038311801094 
252 2.464977454924258 
253 1.5967500199649598 
254 1.7450942266696003 
255 2.7036490087832004 
256 4.470025219817768 
257 1.7006267929666983 
258 2.5235205902265436 
259 1.7910638692787102 
260 3.072501968365905 
261 2.701268892555585 
262 3.012338115227735 
263 2.349670463111825 
264 2.537179355440559 
265 2.5309648915763505 
266 6.230552801372737 
267 4.2706067145783555 
268 2.139471480486426 
269 3.5257860539127646 
270 3.2307542553898205 
271 1.9664027404363016 
272 2.385454943497489 
273 2.994581422646367 
274 2.795019262793131 
275 5.987630858836187 
276 2.946696282493253 
277 2.76996344883867 
278 3.3866339741214344 
279 3.273576098859269 
280 1.5750075126307328 
281 1.3801107660057 
282 3.8440933362154874 
283 3.9842121742873227 
284 1.9629361976123914 
285 2.1830843796689114 
286 4.596250820197645 
287 2.8710565317673082 
288 3.1769327465896904 
289 2.600297173021639 
290 2.3115969813860415 
291 3.3402917562542416 
292 2.764937016750369 
293 2.5133973657767514 
294 2.6224340035457314 
295 2.3404205719804354 
296 2.39876559803114 
297 2.672773487266495 
298 1.9665283685636477 
299 1.5404413004671653 
300 1.6837412552583217 
301 4.574109455998013 
302 1.6208155286382333 
303 2.091667234815834 
304 2.051420171944067 
305 6.215839144427147 
306 1.7102372932347973 
307 1.4775864248457686 
308 7.116665147125552 
309 1.2977767223568257 
310 6.017305272100354 
311 3.673146691442269 
312 6.7154430503345415 
313 2.175059775385571 
314 2.8596886474359184 
315 2.4404165545801666 
316 5.240467389512679 
317 2.888710704034334 
318 2.782847319999109 
319 5.550430964659516 
