0 26.23095829242209 
1 11.573271378234224 
2 13.365317698043464 
3 12.096115911266972 
4 30.534897095973385 
5 15.848733780219614 
6 23.68887031368252 
7 13.019723731181127 
8 18.75538384488803 
9 17.372106411971554 
10 10.425707922367165 
11 18.087160512993005 
12 16.10802424093461 
13 21.8646926966585 
14 9.393275135379668 
15 8.564733172968934 
16 24.17828608321708 
17 18.25006961849067 
18 13.089284042466874 
19 14.9802991556781 
20 12.750892254561595 
21 7.786118175574078 
22 13.297057042586175 
23 16.410153682431375 
24 13.55826658132754 
25 28.37037087140915 
26 8.81769465741934 
27 20.411827684880574 
28 9.175960463533999 
29 12.289596207319896 
30 14.430722756845839 
31 27.763241854984976 
32 11.538409058397614 
33 14.529552367029936 
34 13.490238458223175 
35 24.554371052061562 
36 26.308452718468526 
37 7.397322412756194 
38 20.12226001602372 
39 19.05930039170067 
40 17.806049542569674 
41 17.637057844011235 
42 19.43444939717725 
43 13.8566727895022 
44 14.417775822241778 
45 13.844872091104143 
46 7.537435552768109 
47 10.13315165527555 
48 19.29151814255555 
49 15.13839401726677 
50 14.12009628170816 
51 17.36469847893948 
52 13.275046367509194 
53 40.369050712711385 
54 22.307398562941767 
55 32.5538566616476 
56 10.226941673595482 
57 12.294999985343217 
58 37.92489714724897 
59 16.09485838395389 
60 11.857829445091543 
61 45.41501813653836 
62 28.786273635084587 
63 25.220400947650717 
64 9.664918474002931 
65 22.588762447423267 
66 18.659596049470593 
67 12.791294986627143 
68 40.75938739018891 
69 17.826255482642548 
70 12.192177108041486 
71 16.233962673107143 
72 19.561525259309008 
73 27.419307179886122 
74 28.15252542202235 
75 19.274319772437973 
76 13.591877869917592 
77 16.155239287433798 
78 13.373542456484932 
79 10.869789669005982 
80 39.820601917782206 
81 21.154293092317623 
82 19.09704914151463 
83 14.766336319949303 
84 14.799473552357194 
85 11.895798767396416 
86 12.268889766428268 
87 19.591495086132806 
88 13.027245282081227 
89 16.215698782557595 
90 16.24276409037045 
91 16.23276893008495 
92 15.966014723907698 
93 9.988673655532429 
94 23.7585122834048 
95 17.38420282586801 
96 8.60153028056511 
97 22.42247858952838 
98 17.85174844223501 
99 25.01478472980146 
100 25.04824752611243 
101 10.240675044497562 
102 13.097295170527289 
103 15.774346168021843 
104 21.21378138339841 
105 28.62283245869644 
106 11.29672354121497 
107 19.0415624389956 
108 11.720156145650249 
109 9.832074525192573 
110 12.715946229452532 
111 12.856498283472291 
112 15.502363624939477 
113 8.638983005464368 
114 5.450312064276274 
115 15.490912582776565 
116 13.81677790002833 
117 23.509881954642783 
118 16.677219392522435 
119 15.707062422996408 
120 13.949580279104419 
121 18.104648853973323 
122 11.350344084799382 
123 9.16014903272867 
124 22.657216940363007 
125 5.990485045582373 
126 36.367218118128534 
127 12.16801905430535 
128 11.214266807480984 
129 15.578887939679827 
130 10.774184930591947 
131 31.081120736289062 
132 10.477404270094599 
133 11.322033715296055 
134 18.390101458298624 
135 20.708419529872963 
136 18.301751936293225 
137 20.281051598334695 
138 9.612753737449207 
139 12.233320402847818 
140 21.351795477453447 
141 29.37681403036925 
142 13.878681190687333 
143 11.349453404048058 
144 15.578251455016138 
145 17.09107652938564 
146 23.016918458845286 
147 19.72973074679662 
148 14.783251092626534 
149 8.843238912491172 
150 22.07760816928098 
151 11.537488618765078 
152 21.478630465285388 
153 8.565485270842906 
154 20.75463407392746 
155 12.335607736106537 
156 12.05741373709614 
157 22.349238827522633 
158 14.589086456855052 
159 26.742224659211182 
160 14.53554435029717 
161 19.680203450589566 
162 26.034598553738245 
163 16.843647345129188 
164 8.512930842016814 
165 12.03257798088812 
166 27.67330188368027 
167 19.956245985488284 
168 37.54905015129541 
169 12.10704461154329 
170 18.915243841942438 
171 26.465825340737002 
172 21.132017674235822 
173 16.802688876336525 
174 13.197146803683857 
175 13.270678166665611 
176 16.089301811737357 
177 30.81350876806324 
178 23.09346283235053 
179 19.025583336357368 
180 7.782723013406319 
181 12.534378884957444 
182 10.285501289885921 
183 27.406765595697827 
184 9.934706658423874 
185 17.999296215872906 
186 17.43130841704105 
187 22.969775631020642 
188 11.76925623916179 
189 13.73200628601362 
190 7.565551637370467 
191 7.447550423577583 
192 21.611768646141954 
193 14.92156960404141 
194 11.373057514649139 
195 19.521102113003817 
196 16.901067019116084 
197 10.653120523422976 
198 16.879845460399228 
199 9.799798597660274 
200 10.863089410679969 
201 11.02415202449634 
202 8.306522940303918 
203 24.973527835665376 
204 19.55532347401205 
205 17.155459572657964 
206 9.601860712143619 
207 16.809422854188625 
208 45.52000173645026 
209 22.83248139619704 
210 17.538088428376696 
211 9.72885507515309 
212 24.51017677136596 
213 21.8558059069971 
214 15.956903504633786 
215 21.52448399380074 
216 20.029244206313958 
217 15.457800021375474 
218 19.10905586966327 
219 25.657315536415577 
220 19.64674030147176 
221 9.980236091381308 
222 13.03724702145053 
223 19.755658026744037 
224 16.65523307297354 
225 7.499350067675209 
226 7.88351142312066 
227 21.910379773285275 
228 9.597027287995203 
229 26.86710267562599 
230 23.848617176128094 
231 15.241096378230868 
232 20.70709045489104 
233 12.522328972431376 
234 8.49530908207081 
235 9.592571670345 
236 13.744606108271071 
237 21.392197565118046 
238 16.707845027446044 
239 12.378091716369239 
