0 2 
1 3 
2 2 
3 2 
4 2 
5 2 
6 2 
7 2 
8 2 
9 2 
10 3 
11 2 
12 3 
13 2 
14 3 
15 2 
16 3 
17 2 
18 3 
19 2 
20 3 
21 2 
22 2 
23 2 
24 2 
25 1 
26 2 
27 1 
28 2 
29 2 
30 2 
31 2 
32 2 
33 2 
34 2 
35 2 
36 2 
37 2 
38 2 
39 2 
40 2 
41 3 
42 2 
43 3 
44 2 
45 3 
46 2 
47 3 
48 2 
49 2 
50 1 
51 2 
52 1 
53 2 
54 2 
55 2 
56 2 
57 2 
58 2 
59 2 
60 2 
61 2 
62 2 
63 2 
64 2 
65 2 
66 2 
67 2 
68 2 
69 2 
70 2 
71 2 
72 2 
73 2 
74 2 
75 2 
76 2 
77 2 
78 2 
79 2 
80 2 
81 2 
82 2 
83 2 
84 2 
85 2 
86 2 
87 2 
88 2 
89 2 
90 2 
91 2 
92 2 
93 2 
94 3 
95 2 
96 3 
97 2 
98 3 
99 2 
100 3 
101 2 
102 3 
103 2 
104 3 
105 2 
106 2 
107 2 
108 2 
109 2 
110 2 
111 2 
112 3 
113 2 
114 3 
115 2 
116 3 
117 2 
118 3 
119 2 
120 3 
121 2 
122 3 
123 2 
124 3 
125 2 
126 3 
127 2 
128 3 
129 2 
130 3 
131 2 
132 2 
133 2 
134 2 
135 2 
136 2 
137 2 
138 2 
139 2 
140 2 
141 2 
142 2 
143 2 
144 2 
145 2 
146 2 
147 2 
148 3 
149 2 
150 3 
151 2 
152 3 
153 2 
154 3 
155 2 
156 3 
157 2 
158 2 
159 2 
160 2 
161 2 
162 2 
163 1 
164 3 
165 1 
166 3 
167 2 
168 3 
169 3 
170 3 
171 3 
172 2 
173 3 
174 2 
175 3 
176 2 
177 3 
178 2 
179 3 
180 2 
181 3 
182 2 
183 3 
184 2 
185 3 
186 2 
187 3 
188 3 
189 3 
190 3 
191 3 
192 3 
193 3 
194 2 
195 3 
196 2 
197 3 
198 2 
199 3 
200 2 
201 3 
202 2 
203 3 
204 2 
205 3 
206 2 
207 3 
208 2 
209 3 
210 2 
211 2 
212 2 
213 2 
214 2 
215 2 
216 2 
217 2 
218 2 
219 2 
220 2 
221 3 
222 2 
223 3 
224 2 
225 3 
226 2 
227 3 
228 2 
229 3 
230 2 
231 3 
232 2 
233 3 
234 2 
235 3 
236 2 
237 3 
238 2 
239 3 
240 2 
241 3 
242 2 
243 3 
244 2 
245 3 
246 2 
247 3 
248 2 
249 3 
250 2 
251 3 
252 2 
253 3 
254 2 
255 3 
256 2 
257 3 
258 2 
259 3 
260 2 
261 3 
262 2 
263 3 
264 2 
265 3 
266 2 
267 3 
268 2 
269 3 
270 2 
271 3 
272 2 
273 3 
274 2 
275 3 
276 2 
277 3 
278 2 
279 3 
280 2 
281 3 
282 2 
283 3 
284 2 
285 2 
286 2 
287 2 
288 2 
289 2 
290 2 
291 2 
292 2 
293 2 
294 2 
295 2 
296 2 
297 2 
298 2 
299 2 
300 2 
301 2 
302 2 
303 2 
304 2 
305 3 
306 2 
307 3 
308 2 
309 3 
310 2 
311 3 
312 2 
313 3 
314 2 
315 3 
316 2 
317 3 
318 2 
319 3 
320 2 
321 3 
322 2 
323 3 
324 2 
325 3 
326 2 
327 3 
328 2 
329 3 
330 2 
331 3 
332 2 
333 3 
334 2 
335 3 
336 2 
337 3 
338 2 
339 3 
340 2 
341 3 
342 2 
343 3 
344 2 
345 3 
346 2 
347 3 
348 2 
349 3 
350 2 
351 3 
352 2 
353 3 
354 2 
355 3 
356 2 
357 3 
358 2 
359 3 
360 2 
361 3 
362 2 
363 3 
364 2 
365 3 
366 3 
367 3 
368 3 
369 3 
370 3 
371 3 
372 3 
373 3 
374 3 
375 3 
376 3 
377 3 
378 3 
379 3 
380 3 
381 3 
382 3 
383 3 
384 3 
385 3 
386 3 
387 3 
388 3 
389 3 
390 3 
391 3 
392 3 
393 3 
394 3 
395 3 
396 2 
397 3 
398 2 
399 3 
400 2 
401 3 
402 1 
403 3 
404 1 
405 3 
406 1 
407 3 
408 1 
409 3 
410 1 
411 3 
412 1 
413 3 
414 1 
415 3 
416 1 
417 3 
418 1 
419 3 
420 1 
421 3 
422 1 
423 3 
424 1 
425 3 
426 2 
427 2 
428 2 
429 2 
430 2 
431 2 
432 2 
433 2 
434 2 
435 2 
436 2 
437 2 
438 2 
439 2 
440 2 
441 2 
442 2 
443 2 
444 2 
445 2 
446 2 
447 2 
448 2 
449 2 
450 2 
451 2 
452 2 
453 2 
454 2 
455 2 
456 2 
457 2 
458 2 
459 2 
460 2 
461 2 
462 2 
463 2 
464 2 
465 2 
466 2 
467 2 
468 2 
469 2 
470 2 
471 2 
472 2 
473 2 
474 2 
475 2 
476 2 
477 2 
478 2 
479 2 
480 2 
481 2 
482 2 
483 2 
484 2 
485 2 
486 2 
487 2 
488 2 
489 2 
490 2 
491 2 
492 2 
493 2 
494 2 
495 2 
496 2 
497 2 
498 2 
499 2 
500 2 
501 2 
502 2 
503 2 
504 2 
505 2 
506 2 
507 2 
508 2 
509 2 
510 2 
511 2 
512 2 
513 2 
514 2 
515 2 
516 2 
517 2 
518 2 
519 2 
520 2 
521 2 
522 2 
523 2 
524 2 
525 2 
526 2 
527 2 
528 2 
529 2 
530 2 
531 2 
532 2 
533 2 
534 2 
535 2 
536 2 
537 2 
538 2 
539 2 
540 2 
541 2 
542 2 
543 2 
544 2 
545 2 
546 2 
547 2 
548 2 
549 2 
550 2 
551 2 
552 2 
553 2 
554 2 
555 2 
556 2 
557 2 
558 2 
559 2 
560 2 
561 2 
562 2 
563 2 
564 2 
565 2 
566 2 
567 2 
568 2 
569 2 
570 2 
571 2 
572 2 
573 2 
574 2 
575 2 
576 2 
577 2 
578 2 
579 2 
580 2 
581 2 
582 2 
583 2 
584 2 
585 2 
586 2 
587 2 
588 2 
589 2 
590 2 
591 2 
592 2 
593 2 
594 2 
595 2 
596 2 
597 2 
598 2 
599 2 
600 2 
601 2 
602 2 
603 2 
604 2 
605 2 
606 2 
607 2 
608 2 
609 2 
610 2 
611 2 
612 2 
613 2 
614 2 
615 2 
616 2 
617 2 
618 2 
619 2 
620 2 
621 2 
622 2 
623 2 
624 2 
625 2 
626 2 
627 2 
628 2 
629 2 
630 2 
631 2 
632 2 
633 2 
634 2 
635 2 
636 2 
637 2 
638 2 
639 2 
640 2 
641 2 
642 2 
643 2 
644 2 
645 2 
646 2 
647 2 
648 2 
649 2 
650 2 
651 2 
652 2 
653 2 
654 2 
655 2 
656 2 
657 2 
658 2 
659 2 
660 2 
661 2 
662 2 
663 2 
664 2 
665 2 
666 2 
667 2 
668 2 
669 2 
670 2 
671 2 
672 2 
673 2 
674 2 
675 2 
676 2 
677 2 
678 2 
679 2 
680 2 
681 2 
682 2 
683 2 
684 2 
685 2 
686 2 
687 2 
688 2 
689 2 
690 2 
691 2 
692 2 
693 2 
694 2 
695 2 
696 2 
697 2 
698 2 
699 2 
700 2 
701 2 
702 2 
703 2 
704 2 
705 2 
706 2 
707 2 
708 2 
709 2 
710 2 
711 2 
712 2 
713 2 
714 2 
715 2 
716 2 
717 2 
718 2 
719 2 
720 2 
721 2 
722 2 
723 2 
724 2 
725 2 
726 2 
727 2 
728 2 
729 2 
730 2 
731 2 
732 2 
733 2 
734 2 
735 2 
736 2 
737 2 
738 2 
739 2 
740 2 
741 2 
742 2 
743 2 
744 2 
745 2 
746 2 
747 2 
748 2 
749 2 
750 2 
751 1 
752 2 
753 1 
754 2 
755 2 
756 2 
757 2 
758 2 
759 2 
760 2 
761 2 
762 2 
763 2 
764 2 
765 2 
766 2 
767 2 
768 2 
769 2 
770 2 
771 2 
772 2 
773 2 
774 2 
775 2 
776 2 
777 3 
778 2 
779 3 
780 2 
781 3 
782 2 
783 3 
784 2 
785 3 
786 2 
787 3 
788 2 
789 3 
790 2 
791 3 
792 2 
793 3 
794 2 
795 2 
796 2 
797 2 
798 2 
799 2 
800 2 
801 2 
802 2 
803 2 
804 2 
805 2 
806 2 
807 2 
808 2 
809 2 
810 2 
811 2 
812 3 
813 2 
814 3 
815 2 
816 3 
817 2 
818 3 
819 2 
820 3 
821 2 
822 3 
823 2 
824 3 
825 2 
826 3 
827 2 
828 3 
829 2 
830 3 
831 2 
832 3 
833 2 
834 3 
835 2 
836 3 
837 2 
838 3 
839 2 
840 3 
841 2 
842 3 
843 2 
844 3 
845 2 
846 3 
847 2 
848 3 
849 2 
850 3 
851 2 
852 3 
853 2 
854 3 
855 2 
856 3 
857 2 
858 3 
859 2 
860 3 
861 2 
862 3 
863 2 
864 3 
865 2 
866 3 
867 2 
868 3 
869 2 
870 3 
871 2 
872 3 
873 2 
874 3 
875 2 
876 3 
877 2 
878 3 
879 2 
880 3 
881 2 
882 3 
883 2 
884 3 
885 2 
886 3 
887 2 
888 3 
889 2 
890 3 
891 2 
892 3 
893 2 
894 3 
895 2 
896 3 
897 2 
898 3 
899 2 
900 3 
901 2 
902 3 
903 2 
904 3 
905 2 
906 3 
907 2 
908 3 
909 2 
910 3 
911 2 
912 3 
913 2 
914 3 
915 2 
916 3 
917 2 
918 3 
919 2 
920 3 
921 2 
922 3 
923 2 
924 3 
925 2 
926 3 
927 2 
928 3 
929 2 
930 3 
931 2 
932 3 
933 2 
934 3 
935 2 
936 3 
937 2 
938 3 
939 2 
940 3 
941 2 
942 3 
943 2 
944 3 
945 2 
946 3 
947 2 
948 3 
949 2 
950 3 
951 2 
952 3 
953 2 
954 3 
955 2 
956 3 
957 2 
958 3 
959 2 
960 3 
961 2 
962 3 
963 2 
964 3 
965 2 
966 3 
967 2 
968 3 
969 2 
970 3 
971 2 
972 3 
973 2 
974 3 
975 2 
976 3 
977 2 
978 3 
979 2 
980 3 
981 2 
982 3 
983 2 
984 3 
985 2 
986 3 
987 2 
988 3 
989 2 
990 3 
991 2 
992 2 
993 2 
994 2 
995 2 
996 2 
997 2 
998 2 
999 2 
1000 2 
1001 2 
1002 2 
1003 2 
1004 2 
1005 2 
1006 2 
1007 2 
1008 2 
1009 2 
1010 2 
1011 2 
1012 2 
1013 2 
1014 2 
1015 2 
1016 2 
1017 3 
1018 2 
1019 3 
1020 2 
1021 3 
1022 2 
1023 3 
1024 2 
1025 3 
1026 2 
1027 3 
1028 2 
1029 2 
1030 2 
1031 2 
1032 2 
1033 2 
1034 2 
1035 3 
1036 2 
1037 3 
1038 2 
1039 3 
1040 2 
1041 3 
1042 2 
1043 3 
1044 2 
1045 3 
1046 2 
1047 3 
1048 2 
1049 3 
1050 2 
1051 3 
1052 2 
1053 3 
1054 2 
1055 3 
1056 2 
1057 3 
1058 2 
1059 3 
1060 2 
1061 3 
1062 2 
1063 3 
1064 2 
1065 3 
1066 2 
1067 2 
1068 2 
1069 2 
1070 2 
1071 2 
1072 2 
1073 2 
1074 2 
1075 2 
1076 2 
1077 2 
1078 2 
1079 2 
1080 2 
1081 2 
1082 2 
1083 2 
1084 2 
1085 2 
1086 2 
1087 2 
1088 2 
1089 2 
1090 2 
1091 2 
1092 2 
1093 2 
1094 2 
1095 2 
1096 2 
1097 2 
1098 2 
1099 2 
1100 3 
1101 2 
1102 3 
1103 2 
1104 3 
1105 2 
1106 3 
1107 2 
1108 3 
1109 2 
1110 3 
1111 2 
1112 3 
1113 2 
1114 3 
1115 2 
1116 3 
1117 2 
1118 3 
1119 2 
1120 3 
1121 2 
1122 3 
1123 2 
1124 3 
1125 2 
1126 3 
1127 2 
1128 3 
1129 2 
1130 3 
1131 2 
1132 3 
1133 2 
1134 3 
1135 2 
1136 3 
1137 2 
1138 3 
1139 2 
1140 3 
1141 2 
1142 3 
1143 2 
1144 3 
1145 2 
1146 3 
1147 2 
1148 3 
1149 2 
1150 3 
1151 2 
1152 3 
1153 2 
1154 3 
1155 2 
1156 3 
1157 2 
1158 3 
1159 2 
1160 3 
1161 2 
1162 3 
1163 2 
1164 3 
1165 3 
1166 3 
1167 2 
1168 3 
1169 2 
1170 3 
1171 2 
1172 3 
1173 2 
1174 3 
1175 2 
1176 3 
1177 2 
1178 3 
1179 2 
1180 2 
1181 2 
1182 3 
1183 2 
1184 3 
1185 2 
1186 3 
1187 2 
1188 3 
1189 2 
1190 3 
1191 2 
1192 3 
1193 2 
1194 3 
1195 2 
1196 3 
1197 2 
1198 3 
1199 2 
1200 3 
1201 2 
1202 3 
1203 2 
1204 3 
1205 2 
1206 3 
1207 2 
1208 3 
1209 2 
1210 2 
1211 2 
1212 3 
1213 3 
1214 3 
1215 3 
1216 3 
1217 3 
1218 3 
1219 3 
1220 3 
1221 3 
1222 3 
1223 3 
1224 3 
1225 3 
1226 3 
1227 3 
1228 3 
1229 3 
1230 3 
1231 3 
1232 3 
1233 3 
1234 3 
1235 3 
1236 3 
1237 3 
1238 3 
1239 3 
1240 3 
1241 3 
1242 3 
1243 3 
1244 3 
1245 3 
1246 3 
1247 3 
1248 2 
1249 3 
1250 2 
1251 3 
1252 2 
1253 3 
1254 2 
1255 3 
