0 3.5 
1 18.5 
2 3.5 
3 16.5 
4 3.5 
5 16.5 
6 3.5 
7 16.5 
8 3.5 
9 16.5 
10 18.5 
11 16.5 
12 18.5 
13 16.5 
14 18.5 
15 16.5 
16 18.5 
17 16.5 
18 18.5 
19 16.5 
20 18.5 
21 16.5 
22 16.5 
23 16.5 
24 16.5 
25 15.5 
26 16.5 
27 15.5 
28 16.5 
29 16.5 
30 16.5 
31 16.5 
32 16.5 
33 16.5 
34 16.5 
35 16.5 
36 16.5 
37 16.5 
38 16.5 
39 16.5 
40 16.5 
41 18.5 
42 16.5 
43 18.5 
44 16.5 
45 18.5 
46 16.5 
47 18.5 
48 16.5 
49 16.5 
50 1.5 
51 16.5 
52 1.5 
53 16.5 
54 3.5 
55 16.5 
56 3.5 
57 16.5 
58 3.5 
59 16.5 
60 3.5 
61 16.5 
62 3.5 
63 16.5 
64 3.5 
65 16.5 
66 16.5 
67 16.5 
68 16.5 
69 16.5 
70 16.5 
71 16.5 
72 16.5 
73 16.5 
74 16.5 
75 16.5 
76 16.5 
77 16.5 
78 16.5 
79 16.5 
80 16.5 
81 16.5 
82 16.5 
83 16.5 
84 16.5 
85 16.5 
86 16.5 
87 16.5 
88 16.5 
89 16.5 
90 16.5 
91 16.5 
92 16.5 
93 16.5 
94 18.5 
95 16.5 
96 18.5 
97 16.5 
98 18.5 
99 16.5 
100 18.5 
101 16.5 
102 18.5 
103 16.5 
104 18.5 
105 16.5 
106 16.5 
107 16.5 
108 16.5 
109 16.5 
110 16.5 
111 16.5 
112 18.5 
113 16.5 
114 18.5 
115 16.5 
116 18.5 
117 16.5 
118 18.5 
119 16.5 
120 18.5 
121 16.5 
122 18.5 
123 16.5 
124 18.5 
125 16.5 
126 18.5 
127 16.5 
128 18.5 
129 16.5 
130 18.5 
131 16.5 
132 16.5 
133 16.5 
134 16.5 
135 16.5 
136 16.5 
137 16.5 
138 16.5 
139 16.5 
140 16.5 
141 16.5 
142 16.5 
143 16.5 
144 16.5 
145 16.5 
146 16.5 
147 16.5 
148 18.5 
149 16.5 
150 18.5 
151 16.5 
152 18.5 
153 16.5 
154 18.5 
155 16.5 
156 18.5 
157 16.5 
158 16.5 
159 16.5 
160 16.5 
161 16.5 
162 16.5 
163 15.5 
164 18.5 
165 15.5 
166 18.5 
167 16.5 
168 18.5 
169 18.5 
170 18.5 
171 18.5 
172 3.5 
173 18.5 
174 3.5 
175 18.5 
176 3.5 
177 18.5 
178 3.5 
179 18.5 
180 3.5 
181 18.5 
182 3.5 
183 18.5 
184 3.5 
185 18.5 
186 3.5 
187 18.5 
188 18.5 
189 18.5 
190 18.5 
191 18.5 
192 18.5 
193 18.5 
194 16.5 
195 18.5 
196 16.5 
197 18.5 
198 16.5 
199 18.5 
200 16.5 
201 18.5 
202 16.5 
203 18.5 
204 16.5 
205 18.5 
206 16.5 
207 18.5 
208 16.5 
209 18.5 
210 16.5 
211 3.5 
212 16.5 
213 3.5 
214 16.5 
215 3.5 
216 16.5 
217 3.5 
218 16.5 
219 3.5 
220 16.5 
221 18.5 
222 16.5 
223 18.5 
224 16.5 
225 18.5 
226 16.5 
227 18.5 
228 16.5 
229 18.5 
230 16.5 
231 18.5 
232 16.5 
233 18.5 
234 16.5 
235 18.5 
236 16.5 
237 18.5 
238 16.5 
239 18.5 
240 16.5 
241 18.5 
242 16.5 
243 18.5 
244 16.5 
245 18.5 
246 16.5 
247 18.5 
248 16.5 
249 18.5 
250 16.5 
251 18.5 
252 16.5 
253 18.5 
254 16.5 
255 18.5 
256 16.5 
257 18.5 
258 16.5 
259 18.5 
260 16.5 
261 18.5 
262 16.5 
263 18.5 
264 16.5 
265 18.5 
266 16.5 
267 18.5 
268 16.5 
269 18.5 
270 16.5 
271 18.5 
272 16.5 
273 18.5 
274 16.5 
275 18.5 
276 16.5 
277 18.5 
278 16.5 
279 18.5 
280 16.5 
281 18.5 
282 16.5 
283 18.5 
284 16.5 
285 16.5 
286 16.5 
287 16.5 
288 16.5 
289 16.5 
290 16.5 
291 16.5 
292 16.5 
293 16.5 
294 16.5 
295 16.5 
296 16.5 
297 16.5 
298 16.5 
299 16.5 
300 16.5 
301 16.5 
302 16.5 
303 16.5 
304 16.5 
305 18.5 
306 16.5 
307 18.5 
308 16.5 
309 18.5 
310 16.5 
311 18.5 
312 16.5 
313 18.5 
314 16.5 
315 18.5 
316 16.5 
317 18.5 
318 16.5 
319 18.5 
320 16.5 
321 18.5 
322 16.5 
323 18.5 
324 16.5 
325 18.5 
326 16.5 
327 18.5 
328 16.5 
329 18.5 
330 16.5 
331 18.5 
332 16.5 
333 18.5 
334 16.5 
335 18.5 
336 16.5 
337 18.5 
338 16.5 
339 18.5 
340 16.5 
341 18.5 
342 16.5 
343 18.5 
344 16.5 
345 18.5 
346 16.5 
347 18.5 
348 16.5 
349 18.5 
350 16.5 
351 18.5 
352 16.5 
353 18.5 
354 16.5 
355 18.5 
356 16.5 
357 18.5 
358 16.5 
359 18.5 
360 16.5 
361 18.5 
362 16.5 
363 18.5 
364 16.5 
365 18.5 
366 18.5 
367 18.5 
368 18.5 
369 18.5 
370 18.5 
371 18.5 
372 18.5 
373 18.5 
374 18.5 
375 18.5 
376 18.5 
377 18.5 
378 18.5 
379 18.5 
380 18.5 
381 18.5 
382 18.5 
383 18.5 
384 18.5 
385 18.5 
386 18.5 
387 18.5 
388 18.5 
389 18.5 
390 18.5 
391 18.5 
392 18.5 
393 18.5 
394 18.5 
395 18.5 
396 16.5 
397 18.5 
398 16.5 
399 18.5 
400 16.5 
401 18.5 
402 15.5 
403 18.5 
404 15.5 
405 18.5 
406 15.5 
407 18.5 
408 15.5 
409 18.5 
410 15.5 
411 18.5 
412 15.5 
413 18.5 
414 15.5 
415 18.5 
416 15.5 
417 18.5 
418 15.5 
419 18.5 
420 15.5 
421 18.5 
422 15.5 
423 18.5 
424 15.5 
425 18.5 
426 16.5 
427 16.5 
428 16.5 
429 16.5 
430 16.5 
431 16.5 
432 16.5 
433 16.5 
434 16.5 
435 16.5 
436 16.5 
437 16.5 
438 16.5 
439 16.5 
440 16.5 
441 16.5 
442 16.5 
443 16.5 
444 16.5 
445 16.5 
446 16.5 
447 16.5 
448 16.5 
449 16.5 
450 16.5 
451 16.5 
452 16.5 
453 16.5 
454 16.5 
455 16.5 
456 16.5 
457 16.5 
458 16.5 
459 16.5 
460 16.5 
461 16.5 
462 16.5 
463 16.5 
464 16.5 
465 16.5 
466 16.5 
467 16.5 
468 16.5 
469 16.5 
470 16.5 
471 16.5 
472 16.5 
473 16.5 
474 16.5 
475 16.5 
476 16.5 
477 16.5 
478 16.5 
479 16.5 
480 16.5 
481 16.5 
482 16.5 
483 16.5 
484 16.5 
485 16.5 
486 16.5 
487 16.5 
488 16.5 
489 16.5 
490 16.5 
491 16.5 
492 16.5 
493 16.5 
494 16.5 
495 16.5 
496 16.5 
497 16.5 
498 16.5 
499 16.5 
500 16.5 
501 16.5 
502 16.5 
503 16.5 
504 16.5 
505 16.5 
506 16.5 
507 16.5 
508 16.5 
509 16.5 
510 16.5 
511 16.5 
512 16.5 
513 16.5 
514 16.5 
515 16.5 
516 16.5 
517 16.5 
518 16.5 
519 16.5 
520 16.5 
521 16.5 
522 16.5 
523 16.5 
524 16.5 
525 16.5 
526 16.5 
527 16.5 
528 16.5 
529 16.5 
530 16.5 
531 16.5 
532 16.5 
533 16.5 
534 16.5 
535 16.5 
536 16.5 
537 16.5 
538 16.5 
539 16.5 
540 16.5 
541 16.5 
542 16.5 
543 16.5 
544 16.5 
545 16.5 
546 16.5 
547 16.5 
548 16.5 
549 16.5 
550 16.5 
551 16.5 
552 16.5 
553 16.5 
554 16.5 
555 16.5 
556 16.5 
557 16.5 
558 16.5 
559 16.5 
560 16.5 
561 16.5 
562 16.5 
563 16.5 
564 16.5 
565 16.5 
566 16.5 
567 16.5 
568 16.5 
569 16.5 
570 16.5 
571 16.5 
572 16.5 
573 16.5 
574 16.5 
575 16.5 
576 16.5 
577 16.5 
578 16.5 
579 16.5 
580 16.5 
581 16.5 
582 16.5 
583 16.5 
584 16.5 
585 16.5 
586 16.5 
587 16.5 
588 16.5 
589 16.5 
590 16.5 
591 16.5 
592 16.5 
593 16.5 
594 16.5 
595 16.5 
596 16.5 
597 16.5 
598 16.5 
599 16.5 
600 16.5 
601 16.5 
602 16.5 
603 16.5 
604 16.5 
605 16.5 
606 16.5 
607 16.5 
608 16.5 
609 16.5 
610 16.5 
611 16.5 
612 16.5 
613 16.5 
614 16.5 
615 16.5 
616 16.5 
617 16.5 
618 16.5 
619 16.5 
620 16.5 
621 16.5 
622 16.5 
623 16.5 
624 16.5 
625 16.5 
626 16.5 
627 16.5 
628 16.5 
629 16.5 
630 16.5 
631 16.5 
632 16.5 
633 16.5 
634 16.5 
635 16.5 
636 16.5 
637 16.5 
638 16.5 
639 16.5 
640 16.5 
641 16.5 
642 16.5 
643 16.5 
644 16.5 
645 16.5 
646 16.5 
647 16.5 
648 16.5 
649 16.5 
650 16.5 
651 16.5 
652 16.5 
653 16.5 
654 16.5 
655 16.5 
656 16.5 
657 16.5 
658 16.5 
659 16.5 
660 16.5 
661 16.5 
662 16.5 
663 16.5 
664 16.5 
665 16.5 
666 16.5 
667 16.5 
668 16.5 
669 16.5 
670 16.5 
671 16.5 
672 16.5 
673 16.5 
674 16.5 
675 16.5 
676 16.5 
677 16.5 
678 16.5 
679 16.5 
680 16.5 
681 16.5 
682 16.5 
683 16.5 
684 16.5 
685 16.5 
686 16.5 
687 16.5 
688 16.5 
689 16.5 
690 16.5 
691 16.5 
692 16.5 
693 16.5 
694 16.5 
695 16.5 
696 16.5 
697 16.5 
698 16.5 
699 16.5 
700 16.5 
701 16.5 
702 16.5 
703 16.5 
704 16.5 
705 16.5 
706 16.5 
707 16.5 
708 16.5 
709 16.5 
710 16.5 
711 16.5 
712 16.5 
713 16.5 
714 16.5 
715 16.5 
716 16.5 
717 16.5 
718 16.5 
719 16.5 
720 16.5 
721 16.5 
722 16.5 
723 16.5 
724 16.5 
725 16.5 
726 16.5 
727 16.5 
728 16.5 
729 16.5 
730 16.5 
731 16.5 
732 16.5 
733 16.5 
734 16.5 
735 16.5 
736 16.5 
737 16.5 
738 16.5 
739 16.5 
740 16.5 
741 16.5 
742 16.5 
743 16.5 
744 16.5 
745 16.5 
746 16.5 
747 16.5 
748 16.5 
749 16.5 
750 16.5 
751 1.5 
752 16.5 
753 1.5 
754 16.5 
755 3.5 
756 16.5 
757 3.5 
758 16.5 
759 3.5 
760 16.5 
761 3.5 
762 16.5 
763 3.5 
764 16.5 
765 3.5 
766 16.5 
767 3.5 
768 16.5 
769 3.5 
770 16.5 
771 3.5 
772 16.5 
773 3.5 
774 16.5 
775 3.5 
776 16.5 
777 18.5 
778 16.5 
779 18.5 
780 16.5 
781 18.5 
782 16.5 
783 18.5 
784 16.5 
785 18.5 
786 16.5 
787 18.5 
788 16.5 
789 18.5 
790 16.5 
791 18.5 
792 16.5 
793 18.5 
794 16.5 
795 16.5 
796 16.5 
797 16.5 
798 16.5 
799 16.5 
800 16.5 
801 16.5 
802 16.5 
803 16.5 
804 16.5 
805 16.5 
806 16.5 
807 16.5 
808 16.5 
809 16.5 
810 16.5 
811 16.5 
812 18.5 
813 16.5 
814 18.5 
815 16.5 
816 18.5 
817 16.5 
818 18.5 
819 16.5 
820 18.5 
821 16.5 
822 18.5 
823 16.5 
824 18.5 
825 16.5 
826 18.5 
827 16.5 
828 18.5 
829 16.5 
830 18.5 
831 16.5 
832 18.5 
833 16.5 
834 18.5 
835 16.5 
836 18.5 
837 16.5 
838 18.5 
839 16.5 
840 18.5 
841 16.5 
842 18.5 
843 16.5 
844 18.5 
845 16.5 
846 18.5 
847 16.5 
848 18.5 
849 16.5 
850 18.5 
851 16.5 
852 18.5 
853 16.5 
854 18.5 
855 16.5 
856 18.5 
857 16.5 
858 18.5 
859 16.5 
860 18.5 
861 16.5 
862 18.5 
863 16.5 
864 18.5 
865 16.5 
866 18.5 
867 16.5 
868 18.5 
869 16.5 
870 18.5 
871 16.5 
872 18.5 
873 16.5 
874 18.5 
875 16.5 
876 18.5 
877 16.5 
878 18.5 
879 16.5 
880 18.5 
881 16.5 
882 18.5 
883 16.5 
884 18.5 
885 16.5 
886 18.5 
887 16.5 
888 18.5 
889 16.5 
890 18.5 
891 16.5 
892 18.5 
893 16.5 
894 18.5 
895 16.5 
896 18.5 
897 16.5 
898 18.5 
899 16.5 
900 18.5 
901 16.5 
902 18.5 
903 16.5 
904 18.5 
905 16.5 
906 18.5 
907 16.5 
908 18.5 
909 16.5 
910 18.5 
911 16.5 
912 18.5 
913 16.5 
914 18.5 
915 16.5 
916 18.5 
917 16.5 
918 18.5 
919 16.5 
920 18.5 
921 16.5 
922 18.5 
923 16.5 
924 18.5 
925 16.5 
926 18.5 
927 16.5 
928 18.5 
929 16.5 
930 18.5 
931 16.5 
932 18.5 
933 16.5 
934 18.5 
935 16.5 
936 18.5 
937 16.5 
938 18.5 
939 16.5 
940 18.5 
941 16.5 
942 18.5 
943 16.5 
944 18.5 
945 16.5 
946 18.5 
947 16.5 
948 18.5 
949 16.5 
950 18.5 
951 16.5 
952 18.5 
953 16.5 
954 18.5 
955 16.5 
956 18.5 
957 16.5 
958 18.5 
959 16.5 
960 18.5 
961 16.5 
962 18.5 
963 16.5 
964 18.5 
965 16.5 
966 18.5 
967 16.5 
968 18.5 
969 16.5 
970 18.5 
971 16.5 
972 18.5 
973 16.5 
974 18.5 
975 16.5 
976 18.5 
977 16.5 
978 18.5 
979 16.5 
980 18.5 
981 16.5 
982 18.5 
983 16.5 
984 18.5 
985 16.5 
986 18.5 
987 16.5 
988 18.5 
989 16.5 
990 18.5 
991 16.5 
992 16.5 
993 16.5 
994 16.5 
995 16.5 
996 16.5 
997 16.5 
998 16.5 
999 16.5 
1000 16.5 
1001 16.5 
1002 16.5 
1003 16.5 
1004 16.5 
1005 16.5 
1006 16.5 
1007 16.5 
1008 16.5 
1009 16.5 
1010 16.5 
1011 16.5 
1012 16.5 
1013 16.5 
1014 16.5 
1015 16.5 
1016 16.5 
1017 18.5 
1018 16.5 
1019 18.5 
1020 16.5 
1021 18.5 
1022 16.5 
1023 18.5 
1024 16.5 
1025 18.5 
1026 16.5 
1027 18.5 
1028 16.5 
1029 16.5 
1030 16.5 
1031 16.5 
1032 16.5 
1033 16.5 
1034 16.5 
1035 18.5 
1036 16.5 
1037 18.5 
1038 16.5 
1039 18.5 
1040 16.5 
1041 18.5 
1042 16.5 
1043 18.5 
1044 16.5 
1045 18.5 
1046 16.5 
1047 18.5 
1048 16.5 
1049 18.5 
1050 16.5 
1051 18.5 
1052 16.5 
1053 18.5 
1054 16.5 
1055 18.5 
1056 16.5 
1057 18.5 
1058 16.5 
1059 18.5 
1060 16.5 
1061 18.5 
1062 16.5 
1063 18.5 
1064 16.5 
1065 18.5 
1066 16.5 
1067 16.5 
1068 16.5 
1069 16.5 
1070 16.5 
1071 16.5 
1072 16.5 
1073 16.5 
1074 16.5 
1075 16.5 
1076 16.5 
1077 16.5 
1078 16.5 
1079 16.5 
1080 16.5 
1081 16.5 
1082 16.5 
1083 16.5 
1084 16.5 
1085 16.5 
1086 16.5 
1087 16.5 
1088 16.5 
1089 16.5 
1090 16.5 
1091 16.5 
1092 16.5 
1093 16.5 
1094 16.5 
1095 16.5 
1096 16.5 
1097 16.5 
1098 16.5 
1099 16.5 
1100 18.5 
1101 16.5 
1102 18.5 
1103 16.5 
1104 18.5 
1105 16.5 
1106 18.5 
1107 16.5 
1108 18.5 
1109 16.5 
1110 18.5 
1111 16.5 
1112 18.5 
1113 16.5 
1114 18.5 
1115 16.5 
1116 18.5 
1117 16.5 
1118 18.5 
1119 16.5 
1120 18.5 
1121 16.5 
1122 18.5 
1123 16.5 
1124 18.5 
1125 16.5 
1126 18.5 
1127 16.5 
1128 18.5 
1129 16.5 
1130 18.5 
1131 16.5 
1132 18.5 
1133 16.5 
1134 18.5 
1135 16.5 
1136 18.5 
1137 16.5 
1138 18.5 
1139 16.5 
1140 18.5 
1141 16.5 
1142 18.5 
1143 16.5 
1144 18.5 
1145 16.5 
1146 18.5 
1147 16.5 
1148 18.5 
1149 16.5 
1150 18.5 
1151 16.5 
1152 18.5 
1153 16.5 
1154 18.5 
1155 16.5 
1156 18.5 
1157 16.5 
1158 18.5 
1159 16.5 
1160 18.5 
1161 16.5 
1162 18.5 
1163 16.5 
1164 18.5 
1165 18.5 
1166 18.5 
1167 16.5 
1168 18.5 
1169 16.5 
1170 18.5 
1171 16.5 
1172 18.5 
1173 16.5 
1174 18.5 
1175 16.5 
1176 18.5 
1177 16.5 
1178 18.5 
1179 16.5 
1180 16.5 
1181 16.5 
1182 18.5 
1183 16.5 
1184 18.5 
1185 16.5 
1186 18.5 
1187 16.5 
1188 18.5 
1189 16.5 
1190 18.5 
1191 16.5 
1192 18.5 
1193 16.5 
1194 18.5 
1195 16.5 
1196 18.5 
1197 16.5 
1198 18.5 
1199 16.5 
1200 18.5 
1201 16.5 
1202 18.5 
1203 16.5 
1204 18.5 
1205 16.5 
1206 18.5 
1207 16.5 
1208 18.5 
1209 16.5 
1210 16.5 
1211 16.5 
1212 18.5 
1213 18.5 
1214 18.5 
1215 18.5 
1216 18.5 
1217 18.5 
1218 18.5 
1219 18.5 
1220 18.5 
1221 18.5 
1222 18.5 
1223 18.5 
1224 18.5 
1225 18.5 
1226 18.5 
1227 18.5 
1228 18.5 
1229 18.5 
1230 18.5 
1231 18.5 
1232 18.5 
1233 18.5 
1234 18.5 
1235 18.5 
1236 18.5 
1237 18.5 
1238 18.5 
1239 18.5 
1240 18.5 
1241 18.5 
1242 18.5 
1243 18.5 
1244 18.5 
1245 18.5 
1246 18.5 
1247 18.5 
1248 16.5 
1249 18.5 
1250 16.5 
1251 18.5 
1252 16.5 
1253 18.5 
1254 16.5 
1255 18.5 
