0 3.19847574393856 
1 3.48381439843694 
2 3.11580613895144 
3 3.33755041940002 
4 3.03115567647508 
5 3.3769987451291796 
6 3.10655886101116 
7 3.33305385734576 
8 3.2805862471369402 
9 3.3751442186881397 
10 3.46922789650712 
11 3.3667815708272 
12 3.7000107591567 
13 3.2004466287524402 
14 3.4800573853893804 
15 3.44247598485964 
16 3.6309255225057 
17 3.42294825708814 
18 3.4840750399129803 
19 3.3074076895977003 
20 3.3871709638897203 
21 3.2536068187994998 
22 3.1969344072048798 
23 3.35641008471678 
24 3.36953847451138 
25 3.27792885154142 
26 3.31541640543038 
27 3.2342032563005603 
28 3.34961133275552 
29 3.3754033571656996 
30 3.4808326913828203 
31 3.48160983145454 
32 3.6185518401911403 
33 3.38183574748102 
34 3.48500050124954 
35 3.5281421323601996 
36 3.6148282811067602 
37 3.6543020520625604 
38 3.73424073562268 
39 3.71529897948692 
40 3.74598398466794 
41 3.8183175537030403 
42 3.8521978377032804 
43 3.9051345901307597 
44 3.95463987642916 
45 3.81679656143204 
46 3.8006890026219 
47 3.9242597404616397 
48 3.83936577713406 
49 3.89020636399936 
50 3.79476244774456 
51 3.9348090582874398 
52 3.8046049896789 
53 3.98607458085574 
54 3.8793122619428204 
55 4.0006799129732995 
56 3.97676937680608 
57 3.7093582641041403 
58 3.7234169993680197 
59 3.7644922552665796 
60 3.69689747130396 
61 3.63807980357214 
62 3.5569741135148596 
63 3.6565907970345 
64 3.5360906511339403 
65 3.7570970906985997 
66 3.55044455381122 
67 3.9374919774073596 
68 3.6874032191006796 
69 3.87018197750558 
70 3.6931529937000596 
71 3.97035169060008 
72 3.8249669896573204 
73 3.94142503381856 
74 3.8517565971463803 
75 3.9045782922824204 
76 3.88776979635004 
77 3.8622069562967396 
78 3.9223245306727597 
79 3.8807209420316804 
80 3.9067221924814604 
81 3.88979724461568 
82 3.9198411144712204 
83 3.7516178256634 
84 3.8584806546078605 
85 3.871734954952 
86 3.8985944714952 
87 3.7452717295637 
88 3.77263332861886 
89 3.7407925451788797 
90 3.82338207686778 
91 3.70286477621024 
92 3.7957869831492 
93 3.5041743076303598 
94 3.60106064383844 
95 3.56845559529048 
96 3.7042648980025596 
97 3.7465617451070004 
98 3.7478936907245197 
99 3.61602998223862 
100 3.6421241632481802 
101 3.5960265240118403 
102 3.60836616559054 
103 3.6263291213635 
104 3.83584556032804 
105 3.44662062808652 
106 3.5963835234016 
107 3.38466419278924 
108 3.62418378197046 
109 3.57128441966724 
110 3.63564700108844 
111 3.38739544155804 
112 3.43334265255976 
113 3.58280888449656 
114 3.56112717981944 
115 3.6478784546906 
116 3.4338577878375602 
117 3.66786196388638 
118 3.46319997580174 
119 3.54017904704716 
120 3.45589580525954 
121 3.6786844287017204 
122 3.67682082748264 
123 3.77228350363118 
124 3.79217581607016 
125 3.7626548614123996 
126 3.8181811873566405 
127 3.65432986224848 
128 3.73505263640498 
129 3.59039054788038 
130 3.48494546326216 
131 3.6489625454393 
132 3.5520510605114604 
133 3.6448100218700197 
134 3.6000377204844805 
135 3.79453299678596 
136 3.6709396783243 
137 3.7924151999621403 
138 3.7336800556645997 
139 3.60126256909764 
140 3.83202065861744 
141 3.5148428197270802 
142 3.7172065478903398 
143 3.45324121934152 
144 3.6467597088426205 
145 3.2464411673396802 
146 3.50523777520356 
147 3.36847423258416 
148 3.55428924521292 
149 3.50000978991582 
150 3.5824253949762004 
151 3.6662121604863005 
152 3.74172707331604 
153 3.7976263122656597 
154 3.83798072719028 
155 3.9207020029648 
156 3.9203905141400397 
157 4.0226695715441405 
158 3.9537523978647 
159 4.0762487501358 
160 3.95544870704362 
161 4.09923806938038 
162 3.97063085028256 
163 4.078597808684821 
164 3.9189079478043 
165 4.00999220022452 
166 3.83502049169958 
167 3.92920075300228 
168 3.911500596788 
169 3.86785011170006 
170 4.0144729924936 
171 3.81259735579494 
172 3.9685578769181604 
173 3.8959194740194 
174 4.12302077570872 
175 3.98440883223712 
176 4.23118724015894 
177 4.0245463619454 
178 4.14550269355288 
179 4.1798235651105795 
180 4.12574243916588 
181 4.100987268489741 
182 4.07635847931938 
183 4.16265675094686 
184 4.077907606950999 
185 4.19594042770732 
186 4.084693581099 
187 4.15361728973994 
188 4.09212817049864 
189 4.11449266641214 
190 4.1630623914671805 
191 4.23761678578396 
192 4.24520911372186 
193 4.2681227510766595 
194 4.282370319903221 
195 4.3058558967053004 
196 4.3553427391097 
197 4.31743926146524 
198 4.44256383704942 
199 4.33876282289282 
200 4.20754267792246 
201 4.13004412856326 
202 4.03035092365936 
203 4.1646744910594204 
204 4.03079461930626 
205 3.9768666318054997 
206 3.89844981745806 
207 3.9178730347520996 
208 3.8653254414762004 
209 3.72081209850914 
210 4.05800378380708 
211 3.732544908661 
212 4.047871023765881 
213 3.4221433378793797 
214 3.7638699138214 
215 3.39805565601988 
216 3.70582758114388 
217 3.60116442573808 
218 3.62755963330396 
219 3.564772673059 
220 3.48671650879538 
221 3.7608885600461797 
222 3.6980743801485803 
223 3.97119355554618 
224 3.85469710512834 
225 3.9830487011392597 
226 3.79926746500058 
227 3.95596406686104 
228 3.9331601158101797 
229 3.9213477348227004 
230 3.83711246134108 
231 3.86638488667248 
232 3.7970442421233797 
233 3.89590041455912 
234 3.94100872326254 
235 3.9944628462644998 
236 4.16858658597498 
237 4.08714803447252 
238 4.2836223741495605 
239 4.14999850203558 
240 4.15533135375398 
241 4.11296668530306 
242 4.10577666821408 
243 4.11917634308574 
244 4.0954392247707405 
245 4.19472482834584 
246 4.03263556690574 
247 4.2053146361737 
248 4.053280688735979 
249 4.06875639434832 
250 4.04148976829488 
251 4.11955579130806 
252 4.16656943297704 
253 4.004859211239561 
254 4.07034756835786 
255 3.87336362050538 
256 3.9499572368202798 
257 3.9233099889381 
258 4.0075522405620605 
259 3.90659772897598 
260 3.9024902078180603 
261 3.84470030613556 
262 3.7576697389210403 
263 3.93059145509118 
264 3.79848948918778 
265 4.03127865574612 
266 3.93638270722206 
267 4.00200858353722 
268 3.8368032522107796 
269 3.9725792916735996 
270 3.9287727184653 
271 3.9281798668681 
272 3.9085566674522396 
273 3.9352760767359003 
274 3.9493837428272998 
275 3.9174996328514 
276 3.9579474284929197 
277 3.9260032997403598 
278 4.03151665967908 
279 4.02274639871488 
280 4.07110068501038 
281 4.177917910762 
282 4.1769179793116 
283 4.0100780022691405 
284 3.99513646767628 
285 3.95419387451308 
286 3.9366772177525804 
287 3.919420860231 
288 3.94599233025604 
289 3.951506773826 
290 3.8792972007839404 
291 3.7983978202376 
292 3.79106979992238 
293 3.8787350314217 
294 3.87740440060808 
295 3.8940001635173 
296 3.85268167750462 
297 3.85737657730036 
298 3.7900006123631202 
299 3.87845238989674 
300 3.8789966221948804 
301 4.01739117732752 
302 3.90338108476166 
303 4.01490932239956 
304 3.87836475692774 
305 3.9849545223655802 
306 3.86380140337954 
307 4.12940538848284 
308 4.0534481337071595 
309 4.00692734939946 
310 4.07994562636814 
311 3.9416687788416604 
312 4.04926754982234 
313 4.00922824732446 
314 4.0449414968579 
315 4.05582675595266 
316 4.1365701110306805 
317 4.04998318189338 
318 4.08976652641182 
319 4.03787941736366 
320 4.1359887632874806 
321 4.10836772597352 
322 4.02410165204358 
323 4.120460365063741 
324 4.08944362263832 
325 4.21331886691992 
326 4.08888019604302 
327 4.037831777097081 
328 3.97876998089772 
329 3.95326292651538 
330 3.86337347051644 
331 3.86701447434982 
332 3.74142226463378 
333 3.81290206721744 
334 3.7591789123180597 
335 3.7326339015484598 
336 3.6823035985797197 
337 3.60917283317146 
338 3.5041962584508197 
339 3.55844796001546 
340 3.4818516224806997 
341 3.44266941095914 
342 3.6395570430829403 
343 3.3604123850350804 
344 3.4798432986386603 
345 3.25000729469026 
346 3.4308009268373 
347 3.50437799558656 
348 3.64406717142544 
349 3.56812335189034 
350 3.6549070264215 
351 3.67809081622366 
352 3.7263053599702403 
353 3.78059473988154 
354 3.84943446939682 
355 3.94729447367546 
356 3.9983115967874197 
357 3.82098672247538 
358 3.89626837449858 
359 3.8207404383925003 
360 3.9091114075993403 
361 3.8148364920972804 
362 3.9083974107598998 
363 3.82715834216958 
364 4.0145424742202005 
365 3.7134917110649397 
366 3.89614371265154 
367 3.88337089181604 
368 4.11135500742172 
369 4.00764838176062 
370 4.28781002760918 
371 4.1647807456666 
372 4.0748332923358195 
373 4.1664281836754 
374 3.9557434861621203 
375 4.23501418685084 
376 4.07348540702208 
377 4.1220255622448 
378 3.9367359804846997 
379 3.90266633165326 
380 4.00102448667812 
381 3.86497687889998 
382 3.9627547564512398 
383 3.7402547431324003 
384 3.93378079995992 
385 3.72318235864566 
386 3.9236622145255198 
387 3.90691053663044 
388 4.04556794637662 
389 3.9465197435576598 
390 4.123858951621 
391 3.89992013109786 
392 4.05985645108058 
393 3.9579060071606795 
394 4.00255213149692 
395 3.85956722159568 
396 3.8408609135550797 
397 3.7724470920529596 
398 3.7565541862604803 
399 3.8100499493806197 
400 3.8671047680222204 
401 3.83238403790714 
402 3.8712898485661804 
403 3.8816207669423797 
404 4.009243507306 
405 4.04363186353994 
406 4.13606946378954 
407 3.9928916663902 
408 4.13015497610306 
409 4.08149402270608 
410 4.07727278986278 
411 4.10659604199016 
412 4.08257485034596 
413 3.9499955647907 
414 3.87355014588354 
415 3.97413337526176 
416 3.87945451076988 
417 3.86991251197976 
418 3.73557908957336 
419 3.8057712240526 
420 3.57804812151038 
421 3.7622813836296 
422 3.58637944734638 
423 3.79983801670748 
424 3.6048246946184 
425 3.7421569802514396 
426 3.6836808340603397 
427 3.9154029205805 
428 3.86159620844128 
429 3.8638334365697404 
430 3.8676672087740203 
431 3.95329284173338 
432 3.9322452608507 
433 4.0074565445018795 
434 4.0289732653703805 
435 4.04634162414 
436 3.98430175373772 
437 3.95057000527216 
438 3.8993766413661803 
439 4.02630261003806 
440 3.87722510031386 
441 3.89944150262276 
442 3.7382698484819 
443 3.9326131634114 
444 3.73798227247568 
445 3.7939415234017 
446 3.6596701717899998 
447 3.77749239724114 
448 3.68884878755604 
449 3.8444514463008197 
450 3.68857140529636 
451 3.8470536199446004 
452 3.7050106372722396 
453 3.9127656659825396 
454 3.81887805161254 
455 3.94204024770346 
456 3.8563625782433597 
457 3.90768491239722 
458 3.8177607009959997 
459 3.9313215192259 
460 3.8395742408632403 
461 3.9071873436588 
462 3.9935720737037004 
463 3.7587723331384404 
464 3.84722313050504 
465 3.7551544738050198 
466 3.7531271545235 
467 3.7956584395634203 
468 3.81546583784204 
469 3.7232122129839604 
470 3.7363893661317595 
471 3.68758033327108 
472 3.54828760493542 
473 3.6623033451273996 
474 3.5452193604377 
475 3.54388983229718 
476 3.4968830352292004 
477 3.57178162352456 
478 3.4482443637456 
479 3.36614644623788 
480 3.3355805515689605 
481 3.3420752101551003 
482 3.32514952973874 
483 3.41431347903526 
484 3.2994242857291396 
485 3.50455027748092 
486 3.33270329036782 
487 3.68216801325816 
488 3.57662781887242 
489 3.7242263455558997 
490 3.6883349206402003 
491 3.85516449132652 
492 3.91468083788972 
493 3.95366978967854 
494 4.05137398223188 
495 4.0238507203787 
496 4.13875128511288 
497 3.92305140910094 
498 4.0417872242587 
499 3.71997329278328 
500 3.8847427109446997 
501 3.6520181279946797 
502 3.7658653427774396 
503 3.4679094629602405 
504 3.5679366549749405 
505 3.35912136273308 
506 3.4648502695496197 
507 3.4003660488263003 
508 3.54124546323182 
509 3.4730879548547597 
510 3.606096430086 
511 3.4956045785273 
512 3.62010914605854 
513 3.54045362550182 
514 3.73570182332912 
515 3.6472569857292796 
516 3.8503656109745004 
517 3.6027991349209003 
518 3.7447955998351397 
519 3.70549902007808 
520 3.8143278678407198 
521 3.76607465888436 
522 3.84698425630834 
523 3.91280518932656 
524 4.07199178520922 
525 3.8163091318281 
526 3.9381436906507603 
527 4.03090412440686 
528 4.05996118901542 
529 4.09809524606692 
530 4.14410005683808 
531 4.0603551736958 
532 4.226599321383221 
533 4.10063300003914 
534 4.10954647820652 
535 4.27031917833302 
536 4.275693902090341 
537 4.0787944629114 
538 4.1464375036322 
539 3.87075377164926 
540 3.95948950698234 
541 3.8272484168245198 
542 3.8295489019483804 
543 3.5942648579719196 
544 3.65821336713496 
545 3.3540583348993005 
546 3.50534525440116 
547 3.4834406715385198 
548 3.66986805136384 
549 3.61291497595998 
550 3.77466266000038 
551 3.60451659501918 
552 3.7227915680195203 
553 3.83034323953592 
554 3.9240019348521997 
555 4.062604004028961 
556 4.10334386003656 
557 4.04824322755046 
558 4.07296806689766 
559 4.01360923522928 
560 4.02747239874334 
561 4.10448188653048 
562 4.131279401333559 
563 4.14719681186444 
564 4.17886897233516 
565 4.14558285054322 
566 4.24051658402024 
567 4.09092991870872 
568 4.13308156583472 
569 4.1916112712933 
570 4.22879075020468 
571 4.0999427787856595 
572 4.12630360582422 
573 3.9672416085866 
574 3.9658449186920004 
575 3.9276304962651 
576 3.8527485957961405 
577 3.98092643003368 
578 3.8975046802519797 
579 3.86873063462966 
580 3.8347086997080195 
581 3.84985795816676 
582 3.8504016156198198 
583 3.90867904633284 
584 3.95745491483454 
585 3.8589733308409797 
586 3.90305077860586 
587 3.76451166274886 
588 3.8675331453896 
589 3.7468503393053405 
590 3.85998854460002 
591 3.7608632627175402 
592 3.87521511684542 
593 3.84520265454848 
594 3.89830448148496 
595 3.8271088312064996 
596 3.9436606210567198 
597 3.87936897828724 
598 3.97232636215076 
599 3.91032849497266 
600 4.090071209115139 
601 4.1173949044708404 
602 4.1652905572635 
603 4.0150829479671994 
604 4.07352255571642 
605 4.0799297081663 
606 4.19426308255622 
607 4.119140145193819 
608 4.20087746301366 
609 4.17150748009556 
610 4.068082381168621 
611 4.208685955235319 
612 4.08313327482404 
613 4.11172639172634 
614 4.08006299755178 
615 4.06983069193516 
616 3.9093096595140997 
617 4.02513121898916 
618 3.9631131883117 
619 4.08175814293116 
620 4.12899200314638 
621 3.90076417284848 
622 3.92328548782124 
623 3.8134555926060996 
624 3.79920298523606 
625 3.84724109226594 
626 3.84133576969322 
627 3.7834601819405598 
628 3.73045788696598 
629 3.67927292567568 
630 3.6580350969769397 
631 3.74969054686714 
632 3.7961298294285797 
633 3.7770880115397802 
634 3.8487366596470403 
635 3.8604853122671003 
636 3.95505451762172 
637 3.95278395982668 
638 4.038017472166279 
639 3.89265146289926 
640 3.9276282429818004 
641 3.89460757134506 
642 3.9391862745058197 
643 3.9682781576507202 
644 3.9980821566075795 
645 3.85156336342954 
646 3.8325324820628 
647 3.80373111118926 
648 3.80762236797048 
649 3.89283376344646 
650 3.89729105338982 
651 3.87535356716634 
652 3.8805587642503 
653 3.7696776933747005 
654 3.8333052575882 
655 3.8110354091019802 
656 3.96107044623376 
657 3.93302844816158 
658 4.04943251423488 
659 3.86535201094632 
660 3.93980928307914 
661 3.90359899337746 
662 3.9255772646089397 
663 4.00260642661352 
664 4.00804112633248 
665 4.01744367291842 
666 4.0400504003941204 
667 3.9964197011108196 
668 3.9856479755117595 
669 4.0149139279492 
670 4.01296320447782 
671 4.12940272623418 
672 4.15751881368484 
673 4.148009003150699 
674 4.17790910716262 
675 4.04732123899272 
676 4.05717953089038 
677 4.0965821410299395 
678 4.1044940912303804 
679 3.94041616422784 
680 4.05165337023326 
681 3.82149883780328 
682 3.9104581458250998 
683 3.61895913884614 
684 3.7316977281558996 
685 3.56745271773014 
686 3.62092630125128 
687 3.57450796224728 
688 3.7224046154164596 
689 3.76560785035 
690 3.8619696678962 
691 3.80873904378774 
692 3.92124983652596 
693 3.8912908984611 
694 3.9968627602337 
695 4.1396939051801 
696 4.1724406232717 
697 3.94336430636982 
698 3.9394166594041002 
699 3.95196085837554 
700 3.8793669492796 
701 3.9687749070014 
702 3.8655401128459 
703 3.9202679057986005 
704 3.8843605985527 
705 3.85971287329118 
706 3.9735252362679803 
707 3.84926016314774 
708 3.99325985916576 
709 4.061620614384401 
710 4.15818495831726 
711 4.12381254351584 
712 4.104424326382761 
713 4.18104298480726 
714 4.1550493804193405 
715 4.14914095519002 
716 4.06959511839184 
717 4.16638435152114 
718 4.0293920668171 
719 4.15568732320248 
720 4.02204911615752 
721 4.04366344711626 
722 4.01446843459182 
723 4.1550890137594205 
724 4.0807737245979 
725 4.07311659571634 
726 3.97925089539064 
727 3.9422135703609795 
728 3.8805189356235 
729 3.84435165633018 
730 3.9473034188032203 
731 3.96938009353108 
732 4.09687094273908 
733 3.92392241396128 
734 4.16962388511214 
735 3.9396956468731403 
736 4.157188193662661 
737 3.9348858848967403 
738 4.12192355287602 
739 3.8986489209614397 
740 3.96451733368312 
741 3.8581552918251605 
742 3.927931796486 
743 3.81419861488414 
744 3.77587613998814 
745 3.7870221648811997 
746 3.7810789826249596 
747 3.8652596808176 
748 3.94182661258366 
749 3.77932739500772 
750 3.90027758966436 
751 3.7158082928644602 
752 3.9233334578527397 
753 3.6802480473866197 
754 3.96569587898954 
755 3.7499330653748997 
756 4.06616394810512 
757 3.84122533090662 
758 4.07987369327546 
759 4.0684100274552595 
760 4.2467679591105 
761 4.0837724356909595 
762 4.17079117596544 
763 4.28751600094904 
764 4.24841586823406 
765 4.29462060234604 
766 4.22165056018558 
767 4.1712237644863 
768 4.15581084236886 
769 4.191938647624459 
770 4.209750021745 
771 4.1370212100794 
772 4.257327006629319 
773 4.01041759099764 
774 4.14173712359744 
775 3.9580460912898197 
776 4.082917020949 
777 3.9808551769487996 
778 4.0888542620476 
779 3.8433454000005804 
780 4.01313749604722 
781 3.94359032503188 
782 4.0273910358823795 
783 3.8893631862982803 
784 4.01128535166428 
785 3.9941394952985 
786 4.17703060398984 
787 4.1931566552750805 
788 4.16381332500496 
789 4.1814137733779395 
790 4.0768219438247595 
791 4.26665227147936 
792 4.01549320897736 
793 4.1298593435379995 
794 3.8441392031429205 
795 4.116999361114059 
796 3.7770430027560202 
797 3.8371836252522002 
798 3.6727003179248 
799 3.8781890828959 
800 3.6687790779753002 
801 3.6688096428517802 
802 3.59201207913796 
803 3.85828926529076 
804 3.8295318750580796 
805 3.69563536141966 
806 3.66308672846056 
807 3.8443406119665804 
808 3.7434771837354397 
809 3.8605558527046595 
810 3.7816599859695996 
811 3.9040119946724197 
812 3.88667235605104 
813 3.8241177602065797 
814 3.79396721413318 
815 3.88020559748158 
816 3.87304004105008 
817 3.6440133658635196 
818 3.6723517768335 
819 3.5740669461319796 
820 3.66414251169786 
821 3.53970423210936 
822 3.47819159605834 
823 3.4266682074008203 
824 3.35659164374304 
825 3.27304696965052 
826 3.22215766033504 
827 3.5256925464404 
828 3.5802024074762 
829 3.5849300563054003 
830 3.5609671901888 
831 3.80964659681682 
832 3.82384631048086 
833 3.9901094311166196 
834 3.9654757819763 
835 4.21215937886344 
836 4.11782862656654 
837 4.078861333557819 
838 3.9259693116536605 
839 4.1708103907426 
840 4.0647618948165 
841 3.9890758351164 
842 3.9597822254568795 
843 3.9220221552299 
844 3.86390689503284 
845 3.99788748887404 
846 3.95253374855814 
847 4.07032292064744 
848 4.0171903444782995 
849 4.14186673123326 
850 4.038499458565839 
851 4.08293267110882 
852 3.9775489793248604 
853 4.149391402870419 
854 4.04329002955972 
855 4.14326590649558 
856 4.03158023454864 
857 4.121917113702 
858 4.019862560731299 
859 4.068986403406759 
860 3.99554330632846 
861 4.1065535564895 
862 4.02633398467232 
863 4.07953853476204 
864 4.07540747397522 
865 4.0075695568125 
866 4.02597155044616 
867 3.97568635458378 
868 3.9849824601279997 
869 4.01329473957366 
870 4.05911131138794 
871 3.8562273658334 
872 4.00254055480894 
873 3.8630505356021203 
874 4.01603115217466 
875 3.7718551162083203 
876 3.93252989445808 
877 3.8487271618722 
878 3.9524741615182 
879 3.83978667646086 
880 3.8948961806185602 
881 3.9589487762801605 
882 3.93772826960558 
883 4.0185801550794995 
884 3.93342306603976 
885 4.08098000848302 
886 4.0146436043708595 
887 4.0225832498199 
888 3.98487560635204 
889 3.9113188903461795 
890 3.94663778952532 
891 3.86135232206624 
892 3.9060082454963796 
893 3.75932028615458 
894 3.86432904380712 
895 3.5722730670421 
896 3.7127720289577604 
897 3.74969910444122 
898 3.79645588718286 
899 3.7871385855502404 
900 3.8144432731895 
901 3.8316539767657196 
902 3.9334957707180003 
903 3.98144146046918 
904 3.9830807303797 
905 4.206216001047 
906 4.20474516801098 
907 4.19688974286304 
908 4.142853092852301 
909 3.9792704435891997 
910 3.9969547006589403 
911 3.8673443992007597 
912 3.8809022656383596 
913 3.6691464687047004 
914 3.74451715892242 
915 3.56622196802532 
916 3.61563272296954 
917 3.4692105319501003 
918 3.5355208877190996 
919 3.48878707593202 
920 3.55982772037078 
921 3.6536747404595404 
922 3.60843433886716 
923 3.8378961275943397 
924 3.7095515563688997 
925 3.9983549447573 
926 3.83411844918558 
927 4.1960577437209405 
928 4.03246612169264 
929 4.27191729824662 
930 4.1339682928889 
931 4.2158561264902605 
932 4.26800976814862 
933 4.10044847856088 
934 4.2708393778098 
935 4.0124616775914 
936 4.19803578517382 
937 3.9395128212881403 
938 4.08175276180536 
939 4.06250421603834 
940 4.162193610713301 
941 3.97355512799004 
942 3.99631739906782 
943 3.9845579514150202 
944 3.98185095117152 
945 4.00278940020004 
946 4.03464958395112 
947 3.8960833216257598 
948 3.94793658952326 
949 3.68554104622026 
950 3.79057231545872 
951 3.8307205425551403 
952 3.91390782523992 
953 3.8281690126738397 
954 3.9409659387648803 
955 3.81010790142672 
956 3.89296899931704 
957 3.97675927198636 
958 4.0009263717974 
959 4.05027187521476 
960 4.0419616387522 
961 4.19248305792254 
962 4.10222488063218 
963 4.29933958426436 
964 4.10825871025948 
965 4.31709761560648 
966 4.0920019408983 
967 4.23092737223214 
968 4.07089518631812 
969 4.17349031376446 
970 4.0467123575950605 
971 4.2419502403162 
972 4.08620894918076 
973 4.2101721760185 
974 4.11716530327228 
975 4.23663445363842 
976 4.2163476011531404 
977 4.2875912389041195 
978 4.33710552005056 
979 4.20515559608474 
980 4.2052639745592 
981 4.2152921004187 
982 4.22016561918036 
983 4.20121617499304 
984 4.22954497037104 
985 4.2112015832158 
986 4.2475101788641805 
987 4.10179602216118 
988 4.10590412527958 
989 4.07667352315664 
990 4.08023947585014 
991 4.10252609910196 
992 4.2453516483905 
993 4.0300863219212 
994 4.0971410905969 
995 3.9736319861970797 
996 4.00054483090692 
997 4.16327773709866 
998 4.07544026558482 
999 4.02782801092372 
1000 3.92825016547636 
1001 3.9757783132419595 
1002 3.9504035211170603 
1003 4.1198173084308 
1004 3.99837908924644 
1005 4.05994539503536 
1006 3.95620521497368 
1007 4.00015126023294 
1008 3.88983853703182 
1009 4.13082878175766 
1010 4.03204294669742 
1011 4.05250292733142 
1012 3.9443072590684203 
1013 3.87929662704014 
1014 3.925050075509 
1015 3.9461081540786203 
1016 3.92423416307978 
1017 3.77014446808926 
1018 3.83529586391546 
1019 3.66461587767526 
1020 3.66912576975528 
1021 3.64890281354392 
1022 3.6817575841448997 
1023 3.7428517950874403 
1024 3.64874230483572 
1025 3.8306404414771 
1026 3.7751206425412 
1027 3.8730832278895795 
1028 3.78992233465056 
1029 3.8736050776991595 
1030 3.84065327647638 
1031 3.90310528012838 
1032 3.82737795086978 
1033 3.9279825868011002 
1034 3.99676035750622 
1035 3.7494025691450803 
1036 3.76340010549726 
1037 3.8453049622445805 
1038 3.899527729066 
1039 4.06316244269972 
1040 4.0729148222941 
1041 4.0860280929803 
1042 4.10023269011684 
1043 4.1269082638753405 
1044 4.1217322905462 
1045 4.26298002086008 
1046 4.29883261585072 
1047 4.2589268861441 
1048 4.3183280674292 
1049 4.29443334843336 
1050 4.30433110446174 
1051 4.19339956057376 
1052 4.18445277576434 
1053 4.04353729450836 
1054 4.0415171436495 
1055 4.05640824382984 
1056 4.013895601788279 
1057 4.00591853987496 
1058 3.95828415414852 
1059 3.89645258893524 
1060 3.964393946035 
1061 3.9833183540762 
1062 4.06225111064716 
1063 4.01260843285774 
1064 4.0694267754440405 
1065 3.9311527785432405 
1066 3.97200001699266 
1067 3.97565142627706 
1068 4.04963162138092 
1069 3.8085818542225 
1070 3.8053569680897197 
1071 3.79821241888018 
1072 3.81305678330858 
1073 3.6303060174537998 
1074 3.65877215467018 
1075 3.6471349228010803 
1076 3.67734483314344 
1077 3.53291661859612 
1078 3.534431345422 
1079 3.5658560860699198 
1080 3.6100107631298597 
1081 3.5683850468758203 
1082 3.57916923907226 
1083 3.9189656418890797 
1084 3.7195412482187598 
1085 3.9184981441834204 
1086 3.79255528335148 
1087 3.96270486747978 
1088 3.87882083026608 
1089 4.0006158750745 
1090 3.69640416635292 
1091 3.9698662012309596 
1092 3.7225220222503 
1093 3.9069034345293603 
1094 3.8260121632905197 
1095 3.8399848929881 
1096 3.74453790364666 
1097 3.9326339054724997 
1098 3.72809411944752 
1099 3.9367873454455 
1100 3.85559606980884 
1101 4.02916444367912 
1102 3.97238961906604 
1103 3.7962554265802195 
1104 3.79313569583228 
1105 3.8073722577576 
1106 3.7913230139375997 
1107 3.61254828062754 
1108 3.5957077792362595 
1109 3.7181275591675798 
1110 3.662368409057 
1111 3.57646941144582 
1112 3.4917782352227595 
1113 3.6174577816888402 
1114 3.5285390278060604 
1115 3.68481751115302 
1116 3.6034676660865004 
1117 3.9712277071136 
1118 3.82351278986566 
1119 4.059361852077879 
1120 3.95960286938122 
1121 3.9824238881243197 
1122 3.9082719353264204 
1123 4.06262663634056 
1124 4.0188343436639 
1125 4.1030022276722 
1126 4.0886185703447 
1127 3.94418775674382 
1128 4.0013071344425395 
1129 4.07716196123262 
1130 4.02474509235466 
1131 3.9482324955559798 
1132 3.8526047577248796 
1133 4.07238808090846 
1134 3.9532275554941 
1135 4.14404589670496 
1136 3.9299688265353403 
1137 4.1686559826952605 
1138 3.9936286567014 
1139 3.91271041489966 
1140 3.84638223644768 
1141 3.96475060207052 
1142 3.99448004746176 
1143 3.77019802145344 
1144 3.7622757527864 
1145 3.71287025873038 
1146 3.75123656005148 
1147 3.59736382465832 
1148 3.6296880655002197 
1149 3.6179253801419398 
1150 3.55462858188854 
1151 3.6551607776689403 
1152 3.5317983740176997 
1153 3.6896073324720198 
1154 3.6100056600033 
1155 3.48896590332852 
1156 3.51001858759824 
1157 3.6061455202003203 
1158 3.63542152277764 
1159 3.5480704906894402 
1160 3.73979975188836 
1161 3.64567439973016 
1162 3.8170030248301403 
1163 3.66391527826744 
1164 3.83245787226382 
1165 3.73574755442678 
1166 3.78374922376648 
1167 3.6845356975359005 
1168 3.72734928178604 
1169 3.88535083437574 
1170 3.82695010135588 
1171 3.8706129591944802 
1172 3.76648683991814 
1173 3.92568430842338 
1174 3.84502747515498 
1175 3.94838409882272 
1176 3.9781513927590195 
1177 3.9870342943013397 
1178 3.977495061818 
1179 4.01598194186722 
1180 4.01076328812056 
1181 4.020005281241319 
1182 4.114196619170761 
1183 3.9720395396649204 
1184 4.05848092384444 
1185 3.99220359481738 
1186 4.08067285629176 
1187 3.9137574751824196 
1188 4.06329746832634 
1189 3.817051302218 
1190 3.99817440888082 
1191 3.76092566507858 
1192 3.97263050123462 
1193 3.62393359981838 
1194 3.7733611545208 
1195 3.5595488167359397 
1196 3.6978906529980797 
1197 3.7537285834573404 
1198 3.83257623646512 
1199 3.6804941887669402 
1200 3.7605846236676 
1201 3.69867746851178 
1202 3.71174344110148 
1203 3.76460021091368 
1204 3.8071489614704603 
1205 3.81361255871224 
1206 3.82433304701638 
1207 3.7523330090236398 
1208 3.79556930665332 
1209 3.78289959548364 
1210 3.8179552780485997 
1211 3.7708425956919003 
1212 3.8020914047936403 
1213 3.7792358938133197 
1214 3.8558675190647795 
1215 3.7713090668930596 
1216 3.86826049654814 
1217 3.7027003116992803 
1218 3.93651459407222 
1219 3.5428744464214197 
1220 3.82980971154372 
1221 3.5622714722341597 
1222 3.98781273384524 
1223 3.6907341510173195 
1224 4.1943933551475405 
1225 3.6527204233679798 
1226 4.18099983011592 
1227 3.58039964152604 
1228 3.9558538540713997 
1229 3.7633552107112798 
1230 4.01061256888644 
1231 3.8839911460779595 
1232 4.01134568863786 
1233 3.8273998666573803 
1234 3.8097239522111996 
1235 3.9217408300257803 
1236 3.8772735246142 
1237 3.93885520240132 
1238 3.91273902808152 
1239 3.7893718913221397 
1240 3.84473253757976 
1241 3.49981978142864 
1242 3.56247333642306 
1243 3.55156944882534 
1244 3.5417081980361 
1245 3.4675926463636997 
1246 3.4280431507439197 
1247 3.5366585502304195 
1248 3.4831474296992804 
1249 3.8329657353965603 
1250 3.78967021336258 
1251 3.9513641556489603 
1252 3.86918839557242 
1253 3.88548406745092 
1254 3.8796373438061997 
1255 4.04707496060958 
1256 4.01352966607834 
1257 4.09573442653816 
1258 4.16296911760452 
1259 3.98579722351736 
1260 4.00204926311576 
1261 4.1497278271442 
1262 4.0906764890118605 
1263 4.11650217625142 
1264 4.08913877316958 
1265 4.08120532032944 
1266 3.97813627835178 
1267 4.088752681974119 
1268 3.8464525957098203 
1269 4.14981673902054 
1270 3.9558479449572403 
1271 4.03832705921908 
1272 3.9240809284770597 
1273 4.16403586492272 
1274 4.03094972858612 
1275 4.07717051710116 
1276 4.03537782044894 
1277 4.071102105430279 
1278 4.05176418503034 
1279 4.04967636327204 
1280 3.9903751441955797 
1281 4.0577355463464 
1282 4.02464502362154 
1283 4.04519643297108 
1284 4.0102204898849205 
1285 4.15398316777372 
1286 4.063166748840279 
1287 4.051709258589041 
1288 3.94797018090292 
1289 4.02584096826252 
1290 3.9457561682680398 
1291 4.02960667953102 
1292 3.9290913918909802 
1293 4.017071068371 
1294 3.9578923654077203 
1295 3.9146721274066403 
1296 4.00974569242676 
1297 3.99833382354388 
1298 4.15614822705224 
1299 4.081558366619619 
1300 4.1895658882758 
1301 4.08855649170474 
1302 4.23958939181336 
1303 4.00941503932758 
1304 4.08499197331024 
1305 4.03473695620294 
1306 4.1330786896850595 
1307 3.9330537518897204 
1308 4.05285132888854 
1309 3.69894485761968 
1310 3.8469324035527004 
1311 3.5742851970981397 
1312 3.7361736440873203 
1313 3.5962439585057604 
1314 3.8288278860908798 
1315 3.47465005856508 
1316 3.69272596000748 
1317 3.57545980741538 
1318 3.78290397971704 
1319 3.6832616628613004 
1320 3.8870557913318997 
1321 3.73327663829654 
1322 3.9442998891915004 
1323 3.59216469065336 
1324 3.79358639990964 
1325 3.71568515104014 
1326 3.80813011535212 
1327 3.6948848484917 
1328 3.71355777894302 
1329 3.6998397629814597 
1330 3.71967776709966 
1331 3.75606481639226 
1332 3.7071750889550996 
1333 3.9038777453837197 
1334 3.8680923338935402 
1335 3.8519821815780197 
1336 3.82101222438624 
1337 3.85673075819902 
1338 3.81426677802256 
1339 3.83065949692984 
1340 3.7703810481208597 
1341 3.87119345093042 
1342 3.8936639265810795 
1343 3.8998718354036797 
1344 3.8964330655998802 
1345 4.06225859229416 
1346 4.01555865436802 
1347 3.99758635928726 
1348 3.9764730057282 
1349 3.9930114314252 
1350 4.10716644539312 
1351 3.99697106688188 
1352 4.097997977067299 
1353 3.96987154258474 
1354 4.00556056563982 
1355 3.82298819438 
1356 3.9614444607725403 
1357 3.8745110447585605 
1358 4.03404784232666 
1359 3.81548080973282 
1360 3.8529055924558 
1361 3.74109787424032 
1362 3.6921861552924 
1363 3.7525976409148 
1364 3.79078832811314 
1365 3.97200234648612 
1366 3.9072566892634 
1367 4.0645947278115795 
1368 4.00142740939356 
1369 4.08079273247394 
1370 4.1173662063974 
1371 4.08599983680826 
1372 4.2757940167565796 
1373 4.14278228422014 
1374 4.26421883776856 
1375 3.96341204065072 
1376 4.23235734028066 
1377 3.9111024284952003 
1378 4.1337219282781 
1379 4.0238608968722 
1380 4.08848728988922 
1381 4.08083867610124 
1382 3.99686312392316 
1383 4.03495171852806 
1384 4.0520959763125 
1385 3.9924986023178803 
1386 3.92588502213378 
1387 4.06278289804024 
1388 3.9796927884246203 
1389 4.11487364460054 
1390 4.04022276897586 
1391 4.06764677884726 
1392 4.02352033069472 
1393 4.0795198886229205 
1394 4.0187590117131 
1395 4.1017199937769595 
1396 4.08684669971964 
1397 4.04024888337392 
1398 3.9494161245839003 
1399 3.9614817933124598 
1400 3.9255797316986802 
1401 3.8074271920804796 
1402 3.9396853578767397 
1403 3.6489352023650397 
1404 3.74393972180584 
1405 3.62046702021786 
1406 3.6639769423589 
1407 3.58743057388034 
1408 3.74931106729266 
1409 3.66841315055544 
1410 3.7187352553918602 
1411 3.74307867825612 
1412 3.76646021896318 
1413 3.91361066403718 
1414 3.8902369159035404 
1415 3.9035259824256996 
1416 3.8978566423759 
1417 3.8876125263748 
1418 3.8929279558454 
1419 3.9900162246057 
1420 3.9788267571019604 
1421 3.9325614673804203 
1422 3.87093083462076 
1423 3.9070621372710796 
1424 3.81863736666324 
1425 3.82515712477876 
1426 3.7072101928034797 
1427 3.6529658561984 
1428 3.5094240910943197 
1429 3.6088393195593 
1430 3.45410798159622 
1431 3.44221212426224 
1432 3.34331014750128 
1433 3.36784551523468 
1434 3.4450571141688995 
1435 3.44185884208434 
1436 3.6293766892681396 
1437 3.60543386419046 
1438 3.8448457761588997 
1439 3.66679283097346 
1440 3.82630308367866 
1441 3.88571914321806 
1442 4.13123987515322 
1443 4.05068840386198 
1444 4.08684503223532 
1445 4.06519431849914 
1446 3.9892028900664798 
1447 4.11876140164408 
1448 4.03730262188908 
1449 4.045863549292919 
1450 4.1182720481059 
1451 4.07429310003268 
1452 4.08429566603278 
1453 4.00447047445836 
1454 4.13319530682376 
1455 4.0417518443835805 
1456 4.207403007560201 
1457 3.8144136887158195 
1458 3.94985636519442 
1459 3.6902011169700004 
1460 3.77634473644308 
1461 3.5019324925186197 
1462 3.57107654542152 
1463 3.2652752417366004 
1464 3.322216416122 
1465 3.2756446472818803 
1466 3.3098454058164997 
1467 3.31615264299752 
1468 3.43874709129834 
1469 3.4025539655929995 
1470 3.45261978008084 
1471 3.5856730857285597 
1472 3.6025862311454198 
1473 3.83034130079684 
1474 3.7172730320022196 
1475 3.9154174816478404 
1476 3.7692514459739597 
1477 4.0159692124993 
1478 3.7754328898348595 
1479 3.8051355165319203 
1480 3.59885356083318 
1481 3.56713836934538 
1482 3.3560539359257398 
1483 3.2729065438084 
1484 3.1708925929234 
1485 3.30477960646554 
1486 3.04658851974012 
1487 3.4220495428262603 
1488 3.1496269716846 
1489 3.71914002184016 
1490 3.40765703464648 
1491 3.90452308681526 
1492 3.5821938428474396 
1493 4.1016593071151 
1494 3.79928330797432 
1495 3.95109674811986 
1496 3.7966828345892205 
1497 3.8295880670970197 
1498 3.71455448068172 
1499 3.80907269272952 
1500 3.7640390491501003 
1501 3.9230338368909203 
1502 3.85179472268488 
1503 4.02688597677406 
1504 3.90865551590034 
1505 3.9915464805367398 
1506 3.9373042383673997 
1507 4.086994902769 
1508 3.99549173749838 
1509 4.007891205069 
1510 3.93745179728842 
1511 3.92507993492086 
1512 3.88885811423888 
1513 3.8658999923409803 
1514 3.89881898119312 
1515 3.9479108269347796 
1516 4.00983573850596 
1517 3.6993660512943203 
1518 3.8545674173394 
1519 3.86030699963512 
1520 3.9610249857609405 
1521 3.8446204369220602 
1522 3.9126122606565197 
1523 3.69551526138036 
1524 3.76059895812174 
1525 3.5064046027455804 
1526 3.52837111281368 
1527 3.7344498075659205 
1528 3.7095067602015597 
1529 3.6590789035708395 
1530 3.6876044333908 
1531 3.7420346657154395 
1532 3.7627890111084397 
1533 3.9340379397294796 
1534 3.9052813658115397 
1535 4.0751943790773 
1536 4.0571092457749796 
1537 3.86011258897246 
1538 3.82211277828092 
1539 3.977859484818 
1540 3.78796656588642 
1541 3.8830385261256 
1542 3.7081382732933 
1543 3.78649978284946 
1544 3.63250229574034 
1545 3.6365944405077797 
1546 3.4328405535382998 
1547 3.8944096132177997 
1548 3.73100637602296 
1549 3.6681974332345595 
1550 3.7013766176827803 
1551 3.7637543637734603 
1552 3.85562167620216 
1553 3.7793910363434597 
1554 3.88687029374046 
1555 3.91100052312594 
1556 3.99913864371054 
1557 3.99348964374242 
1558 4.00675849634718 
1559 3.93373404352064 
1560 3.91327315148612 
1561 3.77584900280644 
1562 3.67974338824164 
1563 3.78949878024712 
1564 3.73634214826984 
1565 3.8082852917255403 
1566 3.7813071177298 
1567 3.7540917564231995 
1568 3.7030676417688198 
1569 3.8596000303273 
1570 3.7168452353890205 
1571 4.03192947757892 
1572 3.89608916235296 
1573 4.11143059270646 
1574 3.9680717135755 
1575 4.15941569292904 
1576 4.1184238417279 
1577 4.12847354649268 
1578 4.1725901343128005 
1579 4.05089461909808 
1580 4.14716856550518 
1581 3.9333318677983202 
1582 4.0660163747018 
1583 3.76466286983352 
1584 3.88840526884396 
1585 3.8532726346987403 
1586 3.81958638600098 
1587 3.8484247238471196 
1588 3.80134300974884 
1589 3.81655382247056 
1590 3.74201641230558 
1591 3.82327371546304 
1592 3.77629776773684 
1593 3.94662320145864 
1594 3.89826851002688 
1595 3.76207332095598 
1596 3.72793922656288 
1597 3.6715952335787003 
1598 3.58136332870018 
1599 3.76336821185088 
1600 3.71410064966762 
1601 3.7751697741910397 
1602 3.71579590461988 
1603 3.8662082316984803 
1604 3.80683108103794 
1605 3.9851299271033596 
1606 3.95568841520452 
1607 4.031898365090759 
1608 4.12264986005302 
1609 3.97080204395836 
1610 4.15475087060514 
1611 3.80433720622596 
1612 3.98341177736476 
1613 3.58053358276156 
1614 3.72779992120712 
1615 3.38898663975282 
1616 3.67394925410886 
1617 3.3709898189461596 
1618 3.63570966722092 
1619 3.40679459015202 
1620 3.55120821254852 
1621 3.5885477998388 
1622 3.6922156089519604 
1623 3.68142656238334 
1624 3.89429220037822 
1625 3.95695279262448 
1626 4.068281206192561 
1627 3.82598349912794 
1628 3.84188284560424 
1629 3.8510839093308595 
1630 3.9401619272664 
1631 3.9713581897871797 
1632 3.96762804034302 
1633 3.98531008929922 
1634 3.9640157809200196 
1635 3.8350162274947004 
1636 3.8865025891391 
1637 3.99822456277872 
1638 3.99341023615292 
1639 3.86217933260842 
1640 3.83435690755394 
1641 3.7031546105218 
1642 3.85172858702414 
1643 3.74353865087338 
1644 3.81014574702872 
1645 3.7159490819035597 
1646 3.64441930021614 
1647 3.5663613446001 
1648 3.6334521322196403 
1649 3.6631283556793 
1650 3.74492308643634 
1651 3.51775906561508 
1652 3.59079772358528 
1653 3.3773220774493 
1654 3.4080264715718798 
1655 3.31419164623208 
1656 3.40204115863724 
1657 3.4717344529879197 
1658 3.5339402331348198 
1659 3.51203608441494 
1660 3.5794558381917 
1661 3.70904512150844 
1662 3.798453284715 
1663 3.85051410094394 
1664 3.9915568168911397 
1665 3.97186617015198 
1666 4.09276246999376 
1667 3.83892996315272 
1668 3.9380874403544603 
1669 3.9042800342748003 
1670 3.98079719483668 
1671 3.85032579270824 
1672 3.92259897830062 
1673 3.7278656534941397 
1674 3.74489246236728 
1675 3.61222221977076 
1676 3.6218649124410396 
1677 3.57611069566144 
1678 3.5840955202758202 
1679 3.5386120222361797 
1680 3.51550332106398 
1681 3.61827099512342 
1682 3.50017209144022 
1683 3.70121310297626 
1684 3.6271878240002797 
1685 3.6343162835121605 
1686 3.59415074465454 
1687 3.6201529106448596 
1688 3.60230519118278 
1689 3.53396821584996 
1690 3.5528867876788803 
1691 3.52477683917762 
1692 3.5962359219666196 
1693 3.57121430022102 
1694 3.53054436736652 
1695 3.70880115815754 
1696 3.75831902993364 
1697 3.70756110622498 
1698 3.7419381355436 
1699 3.8975007831863997 
1700 3.7681005476247798 
1701 3.7196126322723004 
1702 3.5819002499493005 
1703 3.75558104169516 
1704 3.54934508508722 
1705 3.58117048053888 
1706 3.32193143304318 
1707 3.4493654295616 
1708 3.3441171370447598 
1709 3.36229303607918 
1710 3.2188493082484597 
1711 3.48132885869732 
1712 3.3072957913260197 
1713 3.26049215254926 
1714 3.26576916218742 
1715 3.41523321663096 
1716 3.37884266447218 
1717 3.52892366318084 
1718 3.4447037883777596 
1719 3.62862459628018 
1720 3.55999081006262 
1721 3.6416057377527205 
1722 3.6021319225388 
1723 3.7539012956955404 
1724 3.7166493537269405 
1725 3.78589100547076 
1726 3.7272557573221 
1727 3.7508564253405803 
1728 3.72375641182444 
1729 3.77220873031236 
1730 3.685634071207 
1731 3.7713482422981004 
1732 3.6635104828010805 
1733 3.86606980163864 
1734 3.67916303358534 
1735 4.01941995558488 
1736 3.7993352367232 
1737 3.8564150468783405 
1738 3.6484238104498403 
1739 3.7151799624246005 
1740 3.5804299621378597 
1741 3.6751753133901404 
1742 3.5419021400176804 
1743 3.47401970455126 
1744 3.4036414163259203 
1745 3.33353461727176 
1746 3.32013173515928 
1747 3.47224287875256 
1748 3.50881586097184 
1749 3.6272627539344597 
1750 3.69860853353534 
1751 3.7335621529243603 
1752 3.85221212979024 
1753 3.9219083340458 
1754 4.075679045102779 
1755 3.8314681153239 
1756 4.00940101992188 
1757 3.8198228393153797 
1758 3.83825578853684 
1759 3.8952437301610603 
1760 3.9345973540609003 
1761 3.7791871674210595 
1762 3.78024791246308 
1763 3.7274116985583197 
1764 3.62940703052548 
1765 3.74117244572044 
1766 3.5761827775982 
1767 3.78206562422354 
1768 3.75123601111832 
1769 3.8569944073366003 
1770 3.77812781604156 
1771 3.8309319745522403 
1772 3.73963897246784 
1773 3.7286103368487 
1774 3.6949522720301404 
1775 3.7887747755908 
1776 3.77308893078744 
1777 3.7245716730203 
1778 3.71970087084152 
1779 3.49693555360138 
1780 3.4972057160312198 
1781 3.5542239740659 
1782 3.5964373862753805 
1783 3.57032276989192 
1784 3.6885837420827996 
1785 3.51060409326696 
1786 3.7031228965138197 
1787 3.63813536473774 
1788 3.83827448756794 
1789 3.7811440150127402 
1790 3.9580986105196403 
1791 3.8880443190542997 
1792 4.02742255466194 
1793 4.03880391150848 
1794 4.07759971035332 
1795 4.11982275996046 
1796 4.09167180760348 
1797 4.03272481127756 
1798 4.02266773903642 
1799 4.01918017544308 
1800 4.0010358959099 
1801 4.056715364294 
1802 4.14168815365204 
1803 3.89086232773152 
1804 4.0053963656869795 
1805 3.8797727733532 
1806 3.91825063437856 
1807 3.9466751003534197 
1808 3.8704758629470595 
1809 3.9310854893370197 
1810 3.8315716770751203 
1811 3.8031646085740802 
1812 3.6915487319083 
1813 3.8420702479620603 
1814 3.7575138584370995 
1815 3.97173044201178 
1816 3.96860320819698 
1817 3.9209833438203 
1818 4.00294292601688 
1819 3.96529985274186 
1820 3.99567365321208 
1821 3.89419841203978 
1822 3.80432135075982 
1823 3.91250575538088 
1824 3.8366683519204003 
1825 3.7138657723171598 
1826 3.7026253127817 
1827 3.7976072701758397 
1828 3.75924982696582 
1829 3.69693249313896 
1830 3.78220303945976 
1831 3.7696926359330805 
1832 3.94250335187594 
1833 3.93618566171208 
1834 3.9899255342208 
1835 3.9973246447513398 
1836 4.00407022405244 
1837 4.00006884416712 
1838 4.05188505586922 
1839 3.99050583880244 
1840 4.06034023352492 
1841 4.05408526404636 
1842 4.095159550710941 
1843 3.87961243511796 
1844 3.98636420388044 
1845 3.93987131269418 
1846 4.0541383180478 
1847 3.96621644081124 
1848 3.9908402189494603 
1849 3.9357551118059 
1850 3.8801132888030403 
1851 3.9124884716856 
1852 3.8136949102368805 
1853 3.85106235377262 
1854 3.7509696325262 
1855 3.91841096373862 
1856 3.6969891426721397 
1857 3.77473867451796 
1858 3.52702744016828 
1859 3.7996134752919604 
1860 3.5267977387696 
1861 3.75259850684306 
1862 3.48464382543848 
1863 3.76754272254986 
1864 3.5091285936505203 
1865 3.55075080508632 
1866 3.50585436774252 
1867 3.5669355725685796 
1868 3.64386037745342 
1869 3.63180951977312 
1870 3.74560774154142 
1871 3.6306083465180796 
1872 3.7822742499244 
1873 3.78832301580816 
1874 3.9549647279153595 
1875 3.9356917338151804 
1876 4.01424567931618 
1877 3.90335657542494 
1878 4.13735420783736 
1879 3.9099254235283603 
1880 4.18990576680404 
1881 3.89291349122362 
1882 4.16779135603892 
1883 3.8669706582410797 
1884 4.09500420951412 
1885 3.9122554060944 
1886 4.12412061112296 
1887 3.9976269055472002 
1888 3.93868600949322 
1889 4.05015186565646 
1890 3.8369054854708 
1891 4.07940879320486 
1892 3.84540777141392 
1893 3.9368887175085 
1894 3.84241404394592 
1895 3.84869143412944 
1896 3.75872032381062 
1897 3.77813935748708 
1898 3.83080899510634 
1899 3.76630636508676 
1900 3.9072846169352404 
1901 3.83447351885546 
1902 4.066186563828699 
1903 3.9065853658787604 
1904 4.02579720551258 
1905 4.02573031831256 
1906 4.1285740895948795 
1907 4.06169050537354 
1908 4.23066892890124 
1909 4.08981573883784 
1910 4.22766885278116 
1911 4.02920056669152 
1912 4.09507521481516 
1913 4.10745764661908 
1914 4.17151746755638 
1915 4.01636745759182 
1916 4.099008795508761 
1917 3.94996193129138 
1918 3.9050268287115997 
1919 3.7341400239102 
1920 3.68342410565986 
1921 3.8387582321200595 
1922 3.771617705691 
1923 3.90226223429596 
1924 3.9049852086611603 
1925 3.7924035432075796 
1926 3.74907441199652 
1927 3.85748316304606 
1928 3.8194305161909803 
1929 4.0358284563747 
1930 4.00484579367062 
1931 4.07074513642152 
1932 4.02714758433504 
1933 3.96878948670978 
1934 3.9533993982986404 
1935 4.2358224514431795 
1936 4.15338207815764 
1937 4.21181263721272 
1938 4.08339509965164 
1939 4.0621011384623795 
1940 4.0578880033962 
1941 3.71869976949284 
1942 3.7538311097821397 
1943 3.73723132763896 
1944 3.66529471124934 
1945 3.4011040314464998 
1946 3.43196596544292 
1947 3.57424319593202 
1948 3.5423389437513597 
1949 3.6962852924623597 
1950 3.62124443093104 
1951 3.9567547071606 
1952 3.8629500145136197 
1953 3.97100927440806 
1954 3.9318895725397196 
1955 4.1512431716192 
1956 4.1483422251560595 
1957 4.0327058928092 
1958 4.09294148221516 
1959 4.0535386475638 
1960 4.13762832721904 
1961 3.96436186022344 
1962 4.1064501975138805 
1963 3.90092187572778 
1964 3.96783377593394 
1965 3.95784024388632 
1966 3.9964788507585403 
1967 3.9636339969333796 
1968 4.07465075698048 
1969 3.95451884158624 
1970 4.02710881617908 
1971 4.05268899667978 
1972 4.043065097467521 
1973 4.2197770647082 
1974 4.24315250723088 
1975 4.12077717350568 
1976 4.19738272149982 
1977 3.953723943106 
1978 4.019932837103 
1979 4.01785933165854 
1980 4.0538409962015 
1981 3.96865480137226 
1982 4.01685926243458 
1983 3.88541885024686 
1984 3.9156800830983998 
1985 4.04845979737164 
1986 4.0228834021802795 
1987 4.1825060176837 
1988 4.17010218449392 
1989 4.14873421864186 
1990 4.2076716141477 
1991 4.19115625383344 
1992 4.2808024526084 
1993 4.04556802769366 
1994 4.18380057859976 
1995 3.8045917669388998 
1996 3.9419088201202 
1997 3.71992832395986 
1998 3.7753679436233596 
1999 3.64519778004444 
2000 3.7583507790674404 
2001 3.54506023555876 
2002 3.63608616058508 
2003 3.7419421580228205 
2004 3.84705550389882 
2005 3.92937828265066 
2006 4.00076674675556 
2007 3.86052782770064 
2008 3.98553130638622 
2009 3.88476563855944 
2010 3.91867268931138 
2011 3.97195196193708 
2012 3.95666728857426 
2013 3.8065377120896997 
2014 3.72513411218356 
2015 3.8435828906128 
2016 3.6777317930721205 
2017 3.94599648370058 
2018 3.8088010044042 
2019 4.0791716323246 
2020 3.86669171801332 
2021 4.018947265446419 
2022 3.861069573255 
2023 3.9490177952275 
2024 3.83711654097066 
2025 3.8396016536947 
2026 3.8119010945643197 
2027 3.91455025950804 
2028 3.77290754817358 
2029 3.74883891214258 
2030 3.73671354144536 
2031 3.9474421101846 
2032 3.9341834905526802 
2033 3.93199565147426 
2034 3.96562818218854 
2035 3.88570397867164 
2036 4.02720263771714 
2037 3.70121148176816 
2038 3.91230718571544 
2039 3.7290184939838 
2040 3.88386859860384 
2041 3.65061169798742 
2042 3.78490873463614 
2043 3.65070411545072 
2044 3.8392289104177997 
2045 3.72319483037922 
2046 3.78112532881048 
2047 3.86686846507052 
2048 3.90990421064548 
2049 3.99650313702354 
2050 3.9567674056505 
2051 4.1266617217362995 
2052 4.02782503773162 
2053 4.08138851753492 
2054 3.9496298725756396 
2055 4.0876457718859 
2056 3.93453044596872 
2057 4.036680639548321 
2058 3.87082401713788 
2059 3.9442270692839 
2060 3.9474116335672003 
2061 3.9599257585901 
2062 4.01232611520158 
2063 3.8329490922323997 
2064 3.86601783886442 
2065 3.7454133184755003 
2066 3.8725438673187 
2067 3.84695356742058 
2068 3.9922315108775996 
2069 3.73597062347446 
2070 3.82305397242648 
2071 3.50199849564652 
2072 3.62161353275782 
2073 3.56441948839418 
2074 3.6654538776757 
2075 3.48069963026188 
2076 3.5126783873972003 
2077 3.48265259691808 
2078 3.52531396366222 
2079 3.5052625330889597 
2080 3.5310403319331 
2081 3.7110555785497397 
2082 3.6932777510892203 
2083 3.80166540326758 
2084 3.7646307808333397 
2085 3.9513116567343802 
2086 3.96605658161572 
2087 3.93808354487142 
2088 3.93242025818436 
2089 3.9985347975114403 
2090 4.0092825600449995 
2091 3.87233037528328 
2092 3.88319696909726 
2093 3.9182156332990403 
2094 3.95259629410914 
2095 3.8240819055045003 
2096 3.9309742622100403 
2097 3.87354755572414 
2098 3.93802153725074 
2099 3.9280886206442402 
2100 3.96522939168378 
2101 4.17885366043716 
2102 4.23229564823422 
2103 4.0566086855028605 
2104 4.16651364911502 
2105 4.1870484587456405 
2106 4.2003532874509 
2107 4.0796223949754005 
2108 4.15588277257962 
2109 3.9679067454796195 
2110 4.11231139645802 
2111 3.9030093085042203 
2112 4.04157380159902 
2113 3.9931864791066 
2114 4.0021025450389205 
2115 3.9942629450156404 
2116 3.9862978203255204 
2117 3.95029344205316 
2118 3.9181566943297 
2119 4.02819541274222 
2120 3.95654776935354 
2121 4.0474226930245 
2122 4.05611830496116 
2123 4.00466577026306 
2124 4.07045149975442 
2125 4.04159729477156 
2126 4.13334874608572 
2127 3.9493454073596403 
2128 4.05309449637196 
2129 3.8868920004386 
2130 3.96843995658498 
2131 3.7633822454354204 
2132 3.77050393315034 
2133 3.6587804667691004 
2134 3.7368098862793198 
2135 3.4983458456148804 
2136 3.63538209234288 
2137 3.69539639050486 
2138 3.82509911463936 
2139 3.60041557361156 
2140 3.76785660358426 
2141 3.65024519753986 
2142 3.77639927882048 
2143 3.6687112871111403 
2144 3.72415683875888 
2145 3.87190959414004 
2146 3.7682164816702604 
2147 3.8306098837161597 
2148 3.71608861876596 
2149 4.0627106827445605 
2150 3.885289533291 
2151 4.15248257751728 
2152 3.97808114252706 
2153 4.30941425353854 
2154 4.120681843137421 
2155 4.21773600022092 
2156 4.17112143857088 
2157 4.27292253482946 
2158 4.214120464817141 
2159 4.18503070512216 
2160 4.14584888541358 
2161 4.1253771619593005 
2162 4.09226898158484 
2163 4.02963818282026 
2164 4.01631038084242 
2165 3.9585217772420798 
2166 3.9295638471335996 
2167 3.8353921366037396 
2168 3.81883258233716 
2169 3.89301425137364 
2170 3.91659859723566 
2171 3.94752655541918 
2172 3.96034651443138 
2173 3.9856196215932997 
2174 3.98747795997638 
2175 4.07301474694144 
2176 3.9944319451134804 
2177 4.04164794496064 
2178 3.9777738209689 
2179 4.07722844888798 
2180 3.91969955103304 
2181 4.03963467600806 
2182 3.83062766067282 
2183 4.075069763855501 
2184 3.8560475733171002 
2185 3.8558876445797203 
2186 3.66824990410838 
2187 3.8754191118417403 
2188 3.63732955564416 
2189 3.7897149115766404 
2190 3.5877078358558996 
2191 3.7996619550879602 
2192 3.7013646730227 
2193 3.7415810714493603 
2194 3.6181013271955402 
2195 3.98905553033664 
2196 3.87800214939782 
2197 4.0635159491436 
2198 3.97770585212914 
2199 4.02313976736846 
2200 4.0052774777344196 
2201 4.01707143008262 
2202 3.93019266947286 
2203 4.05287981368486 
2204 3.9738982299884 
2205 3.94346884234682 
2206 3.9636487048283597 
2207 3.8897349151773 
2208 3.98885737198666 
2209 3.8556847683165403 
2210 3.93400667740408 
2211 3.9461691097454596 
2212 3.9705367192062 
2213 3.99497498612588 
2214 4.1210871083308 
2215 3.92358501447372 
2216 3.9883363277495802 
2217 3.90673172733662 
2218 3.8878950417092595 
2219 3.82916187462322 
2220 3.7958995471877204 
2221 3.7661835193477797 
2222 3.7363853611963598 
2223 3.7371842218702804 
2224 3.6649395377586798 
2225 3.8553371758384203 
2226 3.64547808843912 
2227 3.76180115354248 
2228 3.55446016479958 
2229 3.95990334935952 
2230 3.76868568931026 
2231 3.6977703237519997 
2232 3.6042303769423 
2233 3.55063415685998 
2234 3.41446787757684 
2235 3.5067511630195805 
2236 3.55409343647922 
2237 3.6803162304231796 
2238 3.79094015037604 
2239 3.61094498700624 
2240 3.6497925228121 
2241 3.7995412773255404 
2242 3.8442455573884997 
2243 4.0181388229173205 
2244 4.0217969518146806 
2245 4.0433941771241 
2246 4.08591388315024 
2247 4.06793753921758 
2248 4.04980947305592 
2249 4.02376891954422 
2250 4.06396172556034 
2251 4.1149464644587 
2252 4.19596181797138 
2253 4.0526898908343 
2254 4.19792042171358 
2255 4.0059495620951 
2256 4.06178148482936 
2257 3.93515868399876 
2258 3.9654670428346797 
2259 3.9457662085936596 
2260 3.95950985748172 
2261 3.83755368155758 
2262 3.8243047233976397 
2263 3.7269477754543 
2264 3.70984238923198 
2265 3.86885128786932 
2266 3.82308749874302 
2267 3.78091649364436 
2268 3.79882723728768 
2269 3.969185415983 
2270 4.03843311547934 
2271 4.1660379319431 
2272 4.2067494659619005 
2273 4.05829725332286 
2274 4.08974480564342 
2275 4.114152555257521 
2276 4.05206634830168 
2277 4.14912875146658 
2278 4.08588113084578 
2279 4.13152469602064 
2280 3.99966516322842 
2281 3.93974992931904 
2282 3.8227939501185197 
2283 3.93163557959056 
2284 3.9020382854571998 
2285 3.6988373044081 
2286 3.7686033378445005 
2287 3.73110691583594 
2288 3.6922103564502997 
2289 3.73574231070472 
2290 3.6188533248529 
2291 3.83347587188144 
2292 3.6892519753836197 
2293 4.05806817461902 
2294 3.75158895757444 
2295 4.30736181487992 
2296 3.8709441775769795 
2297 4.303314456889099 
2298 3.95396331112486 
2299 4.3068416016127795 
2300 4.00781563432726 
2301 4.3392793686989 
2302 4.09961405988232 
2303 4.28137456956588 
2304 4.09069955356464 
2305 4.24109092865346 
2306 4.17525321615766 
2307 4.19211830211452 
2308 4.1540245574239005 
2309 4.13894650299328 
2310 4.15089232291766 
2311 4.08200049763732 
2312 4.10717984164516 
2313 4.035723283198459 
2314 4.09936816318946 
2315 3.8213930858900604 
2316 3.9230590409829396 
2317 3.82704362819184 
2318 3.9411952815234796 
2319 3.8742381644251 
2320 3.9581703497245995 
2321 3.92980042732538 
2322 3.98137828776418 
2323 3.9604010988044402 
2324 3.9689211802072597 
2325 4.11221768130806 
2326 4.0416701997454805 
2327 4.0470727145825 
2328 3.9553808687939798 
2329 3.79219578984294 
2330 3.69342373767268 
2331 3.59109994610348 
2332 3.45944044704128 
2333 3.54948916000738 
2334 3.43171827883996 
2335 3.33608233213542 
2336 3.263668527171 
2337 3.44364567497178 
2338 3.3141465474969203 
2339 3.62971440653934 
2340 3.54885885258276 
2341 3.79971921315654 
2342 3.7086962288008003 
2343 3.8999068836939204 
2344 3.77506869698218 
2345 4.09707668025258 
2346 3.9968368747854597 
2347 4.041593739318779 
2348 4.03363911759596 
2349 3.87901024938198 
2350 3.9144863546361797 
2351 3.8347090452826 
2352 3.8663327411300004 
2353 3.5728853438422803 
2354 3.66435604904216 
2355 3.45594907523364 
2356 3.46956767908828 
2357 3.59545519267796 
2358 3.6202371798517 
2359 3.7412835790259598 
2360 3.7851422180670395 
2361 3.83509860843606 
2362 3.87826755784898 
2363 4.08158633751866 
2364 4.15821806280686 
2365 4.21936322304472 
2366 4.32190765666476 
2367 4.14611626138166 
2368 4.23532878736404 
2369 4.02750277650496 
2370 4.18325996463704 
2371 3.97631093618802 
2372 4.09428475720216 
2373 3.8735310613380003 
2374 3.93347057425116 
2375 3.7905542249207995 
2376 3.8710276127367402 
2377 3.67402146505854 
2378 3.68310106096256 
2379 3.63624159865216 
2380 3.5820296070979403 
2381 3.4479289265174797 
2382 3.46160673798052 
2383 3.5743996502400597 
2384 3.54202672161248 
2385 3.5645305596685803 
2386 3.5490586666195805 
2387 3.6867971651959004 
2388 3.6866262826423997 
2389 3.74711263339022 
2390 3.66777218095162 
2391 3.5007186559096803 
2392 3.52485628872684 
2393 3.6451678502104996 
2394 3.64262681229498 
2395 3.6869443129371398 
2396 3.6901893189959205 
2397 3.69315789330082 
2398 3.7327552736225202 
2399 3.8023925008214596 
2400 3.88590515898846 
2401 3.9534610353306 
2402 4.06153242186822 
2403 4.1258391568022805 
2404 4.29727504387184 
2405 4.11305808822322 
2406 4.21369667314012 
2407 4.1427057278782 
2408 4.28490743948554 
2409 4.2106753054125 
2410 4.3393374950548 
2411 4.2393656972476 
2412 4.2138043280874395 
2413 4.07501974217514 
2414 4.0029243865079005 
2415 4.04269710107198 
2416 4.05029475233378 
2417 4.1202061743254195 
2418 4.022276733417501 
2419 4.07639676633174 
2420 3.97999422994866 
2421 3.9979538548042 
2422 3.9749443131676 
2423 4.1415252987651 
2424 4.1447598389837 
2425 4.17185700884112 
2426 4.20278783459378 
2427 4.203562369953 
2428 4.2050138172857405 
2429 4.20226270252328 
2430 4.1571970718357 
2431 4.2196154280755405 
2432 4.20637030674528 
2433 4.11364009085492 
2434 4.17361488619176 
2435 3.97844168712108 
2436 4.0153459970323 
2437 3.93533747783052 
2438 4.0160746529778 
2439 3.82490871227998 
2440 3.9503592824209597 
2441 3.8039286783253203 
2442 3.88446627841356 
2443 3.9119847002969004 
2444 3.8915266724251603 
2445 4.07327670469512 
2446 4.0546523358843 
2447 4.02259026416876 
2448 4.011735464602181 
2449 4.07933824081156 
2450 4.05113176133222 
2451 4.12668510828486 
2452 4.10740703936802 
2453 4.0141978020466 
2454 4.01015957760036 
2455 4.01100432814154 
2456 3.99205816245876 
2457 3.90431360913734 
2458 3.8702931468422 
2459 3.85610623606566 
2460 3.8449608815940204 
2461 3.8035680516339 
2462 3.82290106522584 
2463 3.7849356822918603 
2464 3.82010620784068 
2465 3.7831418297671804 
2466 3.79381534531566 
2467 3.9357896443413205 
2468 3.9987643545538 
2469 3.94800607327572 
2470 4.03098009153032 
2471 3.98823254074608 
2472 4.02583205274574 
2473 4.04585544150256 
2474 4.02317425173486 
2475 4.06262785328708 
2476 4.01382325793828 
2477 3.98206469478236 
2478 4.03123011698956 
2479 4.0636671158085 
2480 4.19105570211012 
2481 3.91838747253488 
2482 4.0964692036887795 
2483 3.81521873486464 
2484 4.03521599272364 
2485 3.71638642254398 
2486 4.12053260214906 
2487 3.7212944761675204 
2488 3.9698195303543797 
2489 3.65999653971988 
2490 3.75316351682446 
2491 3.81961727019806 
2492 3.86564876768114 
2493 3.8049582873356003 
2494 3.9000898319237995 
2495 3.7994232814181204 
2496 3.76329336387442 
2497 3.57018095806094 
2498 3.5760231597971597 
2499 3.37653498655414 
2500 3.38402604344204 
2501 3.24847862857452 
2502 3.2942984264653603 
2503 3.2112777978408404 
2504 3.2722519992749 
2505 3.06836053235536 
2506 3.10432840422332 
2507 3.33097572734068 
2508 3.2759819519996 
2509 3.6685772056477397 
2510 3.60461613674378 
2511 3.78365992427842 
2512 3.64555520653766 
2513 3.8089580672244403 
2514 3.6765787161779 
2515 3.9732424726723203 
2516 3.88766524793174 
2517 4.04639937802624 
2518 3.99257445358936 
2519 3.9993543671501 
2520 3.96266570489986 
2521 4.054842217850981 
2522 4.07760897056832 
2523 3.9434067037382396 
2524 3.92830714854962 
2525 3.9195048050551002 
2526 3.89740033518472 
2527 3.72538001520054 
2528 3.7679934187440205 
2529 3.62538069774046 
2530 3.72238007730326 
2531 3.62150835443238 
2532 3.75719436711516 
2533 3.7763392451901403 
2534 3.86330310350192 
2535 3.9084845702942195 
2536 3.99166765384402 
2537 4.075546323251 
2538 3.9805700948650604 
2539 4.04933171467496 
2540 3.9493610586582 
2541 3.8448893387852 
2542 3.70778740359384 
2543 3.81947114176826 
2544 3.75709449417624 
2545 3.64255944292938 
2546 3.5498926242355204 
2547 3.61613026563804 
2548 3.65866165212356 
2549 3.6885975671376796 
2550 3.64283159209932 
2551 3.82203201506658 
2552 3.7343014920365 
2553 3.96076154499524 
2554 3.8625698639877597 
2555 4.0087096152281605 
2556 3.91513775704936 
2557 3.9996567931486195 
2558 3.9637685628589203 
2559 3.94217133900126 
2560 3.9381850135613803 
2561 3.95276686025968 
2562 4.01983668945402 
2563 3.96674182105176 
2564 4.05321874540952 
2565 4.0224449344957005 
2566 4.08436301310844 
2567 3.93182529692882 
2568 3.9967902281537597 
2569 3.9707392414078 
2570 4.06857001390094 
2571 3.8664324661473004 
2572 3.84875565690022 
2573 3.7384371687158597 
2574 3.66718284858882 
2575 3.80245365941434 
2576 3.7496104831907204 
2577 3.8611052835939397 
2578 3.7466101178216804 
2579 3.83517892861094 
2580 3.6938532150279 
2581 3.9135307565142803 
2582 3.9508817152708198 
2583 4.00806465133576 
2584 4.01443376372726 
2585 3.92664100759704 
2586 3.9968800728226 
2587 3.8451907573424 
2588 3.9756906248390598 
2589 3.82610302314164 
2590 4.0058785512225805 
2591 3.7471365355871002 
2592 3.8899533895059 
2593 3.6490964571665403 
2594 3.7575306244028197 
2595 3.57276502081208 
2596 3.6138623358471795 
2597 3.5322551115602003 
2598 3.54894128000724 
2599 3.4724798194843203 
2600 3.48910140058634 
2601 3.55745874034182 
2602 3.5527565819882 
2603 3.6265856893712196 
2604 3.7084480254186 
2605 3.7211832664712197 
2606 3.81203487868074 
2607 3.76259867491144 
2608 3.79844660297696 
2609 3.57141551266268 
2610 3.61031851448532 
2611 3.60802333661688 
2612 3.70807263297426 
2613 3.6241932291980197 
2614 3.6509819026607198 
2615 3.5664287976009 
2616 3.61298988303466 
2617 3.50827469086376 
2618 3.64070505551008 
2619 3.53533875637824 
2620 3.58936779105424 
2621 3.6067288520180396 
2622 3.68970668037248 
2623 3.63125460478458 
2624 3.7921834063419197 
2625 3.68177194646006 
2626 3.79139571288158 
2627 3.894421330555 
2628 3.7483270737872205 
2629 3.98692053230272 
2630 3.79391375736792 
2631 4.00215124003332 
2632 3.78615310921066 
2633 4.01287628488214 
2634 3.6880665945636997 
2635 4.005277662278219 
2636 3.7917677355007795 
2637 3.9316967062863397 
2638 3.94937970819298 
2639 3.8958117280379803 
2640 3.95855103947448 
2641 3.96503689515838 
2642 3.93717642841196 
2643 3.9780516091435 
2644 3.97915259628038 
2645 4.02882756593854 
2646 3.92212909856476 
2647 4.06154068053592 
2648 3.8942887027492397 
2649 3.93884243650798 
2650 3.7308730351875603 
2651 3.98173994200204 
2652 3.8411332553903597 
2653 3.80017935169744 
2654 3.7050575587478796 
2655 3.6364905408704 
2656 3.5714867590555004 
2657 3.4698950625905196 
2658 3.6347203562490398 
2659 3.60642865169294 
2660 3.7069171274954202 
2661 3.62425848267358 
2662 3.74656924760588 
2663 3.80648617934148 
2664 3.99078256219344 
2665 4.0417638953714 
2666 4.1268177410285 
2667 4.197526028799301 
2668 3.95359241284876 
2669 4.20595354417016 
2670 4.0121565353479 
2671 3.9291107848038997 
2672 3.76633671063776 
2673 3.73475502374364 
2674 3.4774322915524998 
2675 3.4200192688459197 
2676 3.27847243719174 
2677 3.37927654351842 
2678 3.45777314133828 
2679 3.40991507014932 
2680 3.5393152793769405 
2681 3.66421387446938 
2682 3.7844992172107603 
2683 3.82378704115754 
2684 3.89683552024306 
2685 4.083324718923199 
2686 4.13456117085552 
2687 3.98048893813334 
2688 4.04278524946372 
2689 3.77921511003102 
2690 3.91895995820864 
2691 3.9760032469428195 
2692 4.06266976844282 
2693 3.8416857794311605 
2694 3.9504903979679398 
2695 3.67240350387094 
2696 3.8529421207286605 
2697 3.8336326072446196 
2698 3.79693397759178 
2699 3.9077595796401803 
2700 3.9424467075056198 
2701 3.70103123586138 
2702 3.9262031824202195 
2703 3.83001926878814 
2704 3.9278215387424 
2705 3.86281963425136 
2706 3.89077675313616 
2707 3.83818174940572 
2708 4.13185560236838 
2709 4.00714934292202 
2710 4.01474462535956 
2711 3.90019676844476 
2712 3.71272010963882 
2713 3.7063724605783 
2714 3.68951017681394 
2715 3.8513877714239597 
2716 3.7570026920478803 
2717 3.74031211482082 
2718 3.6368184294212 
2719 3.6501566357182 
2720 3.63724891601206 
2721 3.77439452888454 
2722 3.78759708015298 
2723 3.85477395931796 
2724 3.9033874403370197 
2725 3.79712086340218 
2726 3.90031429640984 
2727 3.971243343765 
2728 3.7772606483663402 
2729 3.95965079396708 
2730 3.76505677359678 
2731 3.89267957774654 
2732 3.7405101707223403 
2733 3.98774840327494 
2734 3.8011461346183197 
2735 4.01912756253574 
2736 3.87711326607664 
2737 3.93701133508434 
2738 4.03678501524362 
2739 3.97258210185408 
2740 4.0863934927706 
2741 4.07192681698656 
2742 4.10398362162032 
2743 4.05122305076262 
2744 4.08664963090646 
2745 3.9785339068419 
2746 4.0188107666361805 
2747 3.94453577214608 
2748 3.94177574527098 
2749 3.9978016167123203 
2750 4.02917383454052 
2751 4.00742405328534 
2752 4.07200184972336 
2753 4.00356579122278 
2754 4.0932881953638 
2755 3.9312872935838 
2756 4.00297143954218 
2757 3.90708742226812 
2758 3.9952605041929203 
2759 3.7047330877330196 
2760 3.7761315045278203 
2761 3.6188607293055197 
2762 3.7478444380276796 
2763 3.5068734702761803 
2764 3.6185423542393202 
2765 3.55783604775606 
2766 3.7145928246414597 
2767 3.55431376278298 
2768 3.6459126531448596 
2769 3.598350024176 
2770 3.8195915859114202 
2771 3.53700149068126 
2772 3.80535425602246 
2773 3.62114600603476 
2774 3.9340343101973 
2775 3.7866791496537404 
2776 4.0219618507075 
2777 3.9484003099265204 
2778 4.070206913326301 
2779 4.012854392487521 
2780 4.04268062736136 
2781 3.92328636493694 
2782 3.8562851506628597 
2783 3.91625076509726 
2784 3.73320281721688 
2785 3.7574671698575997 
2786 3.6427412810893003 
2787 3.62277064905064 
2788 3.76215910652236 
2789 3.53466009017586 
2790 3.65077963480706 
2791 3.5573949279752 
2792 3.65304190966296 
2793 3.5148100864682803 
2794 3.66866884959716 
2795 3.4098803636943003 
2796 3.6019328263954598 
2797 3.4999923563957602 
2798 3.42133239277128 
2799 3.7062097765983197 
2800 3.6814926127679 
2801 3.83339210932546 
2802 3.86989678865298 
2803 3.91648037805408 
2804 3.9557262021996005 
2805 4.01774167765268 
2806 4.06967558086634 
2807 3.9821882852206203 
2808 4.27453063527862 
2809 3.9351972189441 
2810 4.20715887454854 
2811 3.99655511163646 
2812 4.1392773615734795 
2813 3.9147481522426197 
2814 4.11612981565344 
2815 3.7979179743713205 
2816 3.90879271432702 
2817 3.72952256359752 
2818 3.8269468041140398 
2819 3.6883129604465203 
2820 3.8530245580741997 
2821 3.6101829933782397 
2822 3.80514477266138 
2823 3.6903678998646 
2824 3.7801980769107204 
2825 3.9364477454104403 
2826 4.0648470210748 
2827 3.94435422992668 
2828 3.98178908768532 
2829 4.0262954901575805 
2830 3.96972396978756 
2831 4.1144774018748995 
2832 4.0372228032982 
2833 4.06013384678236 
2834 3.99289408487482 
2835 4.12023620348286 
2836 4.00329706819884 
2837 4.10395650211956 
2838 4.00379246389244 
2839 4.0324520114338 
2840 4.02144448889824 
2841 3.9218252371098004 
2842 3.9182904446653404 
2843 3.85449192035322 
2844 3.90274304412596 
2845 3.68117547638676 
2846 3.78701262937088 
2847 3.5783341906738997 
2848 3.7513524622327603 
2849 3.65903158909166 
2850 3.72980439395226 
2851 3.84044076900404 
2852 3.91861500583152 
2853 3.9870241250779204 
2854 4.0299587684644 
2855 4.04614520443792 
2856 3.99723415941936 
2857 4.229816451953139 
2858 3.9351566775151605 
2859 4.08915715732438 
2860 3.81023591299306 
2861 3.9053015652180596 
2862 3.6662961923574997 
2863 3.79443470764312 
2864 3.5695447735216397 
2865 3.65379045540352 
2866 3.49124334753676 
2867 3.4251600847503196 
2868 3.65009182130042 
2869 3.4084414607171603 
2870 3.6213684365997403 
2871 3.1821698890278998 
2872 3.43390221785328 
2873 3.13431977499334 
2874 3.32327081541726 
2875 3.1569612057132 
2876 3.3614339746240196 
2877 3.4536083091833 
2878 3.105221477796 
2879 3.65032456418142 
2880 3.39223128055938 
2881 3.7755220509234197 
2882 3.50413848646618 
2883 3.8336720732472203 
2884 3.59987057217052 
2885 3.8336961956257603 
2886 3.53816152818714 
2887 3.77657765761084 
2888 3.88258811412504 
2889 3.6893483265039 
2890 3.8733668212517003 
2891 3.7423211077766405 
2892 3.9685396507322204 
2893 3.7594255734177 
2894 4.00633452633686 
2895 3.93328034409116 
2896 4.229169743605 
2897 3.84878163543774 
2898 4.1686581046537 
2899 3.9912964921964202 
2900 4.2675692485142 
2901 4.0940906267293204 
2902 4.07892211928782 
2903 4.15162105563792 
2904 4.1622053117392195 
2905 4.00445386000516 
2906 4.008030461647239 
2907 3.9911028288237196 
2908 3.9259381647699003 
2909 3.9065786271567395 
2910 4.006028689774761 
2911 3.8388693798286395 
2912 3.97420281204534 
2913 3.80843877770918 
2914 3.94897051005798 
2915 3.8606149500209397 
2916 3.9750020694093005 
2917 3.90141394169152 
2918 4.04697279276436 
2919 3.93467284833212 
2920 4.08589590291004 
2921 3.9632472027587804 
2922 4.06830104805262 
2923 3.99597535865462 
