0 2.9780379087821736 
1 2.912592072384915 
2 2.619682906157478 
3 4.128389856632144 
4 3.0621373917135832 
5 3.410507485254937 
6 3.096465145478841 
7 3.8009920971728635 
8 3.6455616986636676 
9 4.85 
10 2.8209812623326203 
11 4.85 
12 3.905549505787321 
13 4.85 
14 3.9280124053267538 
15 3.846184757006372 
16 3.5604474147165415 
17 4.85 
18 3.416810996656194 
19 4.85 
20 3.8457253173289705 
21 4.85 
22 3.87093836975305 
23 4.85 
24 3.576779763616431 
25 4.85 
26 3.3939050204112604 
27 3.8226389507087712 
28 3.393692081545165 
29 4.85 
30 2.9747657057556083 
31 3.9735558003716656 
32 3.4261117669949077 
33 3.53317317564661 
34 3.8516104525123454 
35 3.133114310050288 
36 4.103561347266019 
37 4.85 
38 4.056072212774763 
39 4.948788827713945 
40 3.6199308162993904 
41 3.36475175616774 
42 4.32142948891493 
43 3.407997783889494 
44 4.85 
45 3.709384667133901 
46 4.85 
47 3.759887741592411 
48 4.233245503779759 
49 3.8985011205093234 
50 4.0097517807444865 
51 4.052249182453219 
52 4.85 
53 3.7937382910726525 
54 4.85 
55 3.377448661163808 
56 3.78844655300166 
57 3.2489700023449375 
58 3.9746382927347237 
59 3.8181078376893587 
60 4.45462004826888 
61 3.717888932096177 
62 4.5786936595899475 
63 3.0065083381911646 
64 4.85 
65 3.701411723773364 
66 4.85 
67 3.616561240253427 
68 4.815051064257074 
69 3.493575537573324 
70 4.474343533774455 
71 3.801143411181744 
72 4.84301867407904 
73 3.144686976921133 
74 3.592320235880547 
75 3.049209264446426 
76 4.526495165002381 
77 2.8656122430000455 
78 4.85 
79 3.8271999089719673 
80 4.8744823150259515 
81 3.666999770673307 
82 4.85 
83 2.690218040812277 
84 3.3870238415523493 
85 3.3347721164643374 
86 4.0106888026528935 
87 2.8959988286652965 
88 4.24976543622921 
89 2.9887414999456454 
90 3.1535955948765793 
91 3.855047187990268 
92 3.743612357158721 
93 2.4786400763124914 
94 2.9304550739893034 
95 3.156229642243308 
96 3.1822053447773264 
97 2.8379936453899375 
98 4.693055894520372 
99 3.838854380530844 
100 4.163592673461473 
101 3.5243168485908645 
102 4.1588531272288165 
103 3.4001749113048056 
104 4.422041814388996 
105 3.611754676722839 
106 4.85 
107 3.5901051994796993 
108 3.9734239854174898 
109 3.584727065427776 
110 3.703200498725557 
111 3.7140145745806303 
112 4.228638452405377 
113 3.508652722397829 
114 4.379749517919019 
115 3.673345704890416 
116 4.109655958076776 
117 4.0196251742894455 
118 4.218447754905803 
119 3.439605603184586 
120 4.85 
121 3.9063113265500684 
122 4.85 
123 2.643596189890142 
124 3.684516740310808 
125 3.5111511641988216 
126 4.721564565004414 
127 3.79375543326799 
128 3.874383443333305 
129 3.804889710172212 
130 4.073580392111008 
131 4.176031240221171 
132 3.6963038406292217 
133 3.8300057558049545 
134 4.713754921295134 
135 3.7044964265079203 
136 4.85 
137 4.12770217756168 
138 4.915960869499441 
139 4.0192940498813785 
140 4.85 
141 3.4819199504607075 
142 4.85 
143 3.6572294230867457 
144 4.85 
145 3.2768045792500278 
146 3.6421421996532337 
147 4.0238769073385035 
148 4.85 
149 3.8351854239117293 
150 4.85 
151 3.599855832642968 
152 4.174050578097518 
153 3.5237504208486325 
154 4.88042914513563 
155 4.3182922309213225 
156 4.85 
157 3.9556879029283696 
158 4.85 
159 4.005364755552486 
160 4.85 
161 3.5014505901926105 
162 3.029548324576961 
163 3.8475100866135294 
164 4.85 
165 3.615620849306259 
166 4.192138899516815 
167 3.613756120950944 
168 4.57244985836092 
169 3.228401262524337 
170 3.975549000266212 
171 3.7901469480656678 
172 4.85 
173 4.053275021543328 
174 3.874184663648281 
175 3.5776202638089685 
176 4.85 
177 3.2592692477079326 
178 4.85 
179 3.663147854712504 
180 4.663135005845422 
181 3.390647480466611 
182 4.62898357937956 
183 3.996911944240508 
184 3.8303242753901783 
185 4.11901152562526 
186 4.85 
187 3.468793925762646 
188 4.85 
189 3.429118873959421 
190 4.85 
191 2.564893267703119 
192 4.14844622394544 
193 3.275233053825262 
194 4.610014961681956 
195 4.281312866012662 
196 4.505015780210011 
197 3.6539836801893046 
198 4.85 
199 3.928808181385267 
200 4.85 
201 3.7584987562225924 
202 4.443035669227015 
203 3.9062124711902477 
204 4.654937366081749 
205 3.415638059857027 
206 3.6365083646075034 
207 3.933030896498761 
208 4.043892697833909 
209 4.057215815736021 
210 4.85 
211 3.279585906932512 
212 4.85 
213 3.5977755399044447 
214 4.85 
215 3.8298759419044854 
216 4.85 
217 4.2520676553484655 
218 4.85 
219 3.8340616443250837 
220 4.85 
221 4.365568401833832 
222 4.85 
223 3.9103470604746327 
224 4.85 
225 3.1956435982137315 
226 4.85 
227 3.423116740720533 
228 4.469142369184959 
229 3.411122388250061 
230 4.766462066901866 
231 3.5963244218900003 
232 4.85 
233 3.625197214478286 
234 4.437994330637672 
235 3.6853678767862803 
236 4.85 
237 3.273529706224743 
238 3.4249749464069343 
239 4.2819690174583815 
240 4.85 
241 3.4879843693514823 
242 3.2186121980016367 
243 3.70963261524412 
244 4.044295112268598 
245 3.9984873690848963 
246 4.267329853954269 
247 4.409363909485104 
248 3.992741710426561 
249 3.8091218684809753 
250 3.3635620672754323 
251 3.7557477967689876 
252 4.484834253668529 
253 4.060820123288328 
254 3.7945130489676497 
255 4.035467849141661 
256 4.086211355409702 
257 3.0874291962867257 
258 3.281326908360799 
259 3.6756157227911466 
260 3.7286718208891667 
261 3.3375052471256494 
262 3.231711933302979 
263 3.9764784052380815 
264 4.3304534875741885 
265 3.531465812417958 
266 2.8994551463782865 
267 3.7681626925294274 
268 4.089143977153401 
269 3.7064520383938366 
270 3.9205579886001263 
271 4.142637361330299 
272 4.0854886427827415 
273 3.760045205583199 
274 4.102006867823059 
275 3.920073903278612 
276 4.157959304455317 
277 4.237648561618828 
278 4.26231878657208 
279 3.3274550711384396 
280 3.907743195859164 
281 3.9177029391012907 
282 4.118588977415585 
283 4.227829869687415 
284 4.243111981072437 
285 3.9423458053261324 
286 3.9100157419833 
287 3.969526688051737 
288 3.432499651934533 
289 3.806684918293662 
290 3.8257402031739667 
291 3.53614190345266 
292 3.6238424156536424 
293 3.060985829104717 
294 2.8528205167901244 
295 4.189338089678245 
296 4.05126548145358 
297 3.939734470986534 
298 3.7731945308558847 
299 3.6220965519190114 
300 3.7956027143866216 
301 4.064020316978647 
302 3.6889493602119368 
303 3.765709692096705 
304 3.802191080759309 
305 3.6729496336741208 
306 3.648595280888886 
307 3.8147408269333627 
308 3.7267754539491156 
309 3.738648010652339 
310 4.003482292940548 
311 3.1607494969806202 
312 3.761924567121304 
313 3.7089212100024698 
314 4.322575267915135 
315 4.144395426057491 
316 3.7516572067947953 
317 4.237181816372984 
318 3.704533100240092 
319 3.7351300621454215 
320 3.3946680379153356 
321 3.5206744148230804 
322 4.337897475016063 
323 4.118874636051718 
324 4.436509445483261 
325 3.7046999260289106 
326 3.306996615500782 
327 3.513326291017031 
328 3.990651053142141 
329 3.6457271321113507 
330 3.5226347507455142 
331 3.189290820472185 
332 3.4724509051799863 
333 3.674173787889757 
334 3.9063682825006456 
335 3.910939399507954 
336 4.284565513437293 
337 3.937095854243999 
338 3.4736975401716137 
339 2.912636312032202 
340 3.5655837849756487 
341 3.072250959438404 
342 3.764613688171213 
343 3.9485287923940673 
344 3.3789994541604873 
345 3.0293576414559333 
346 4.0087219263571265 
347 3.7655596672473344 
348 3.64280010176428 
349 3.9148566441871937 
350 3.75924268263154 
351 4.293680115851896 
352 4.0157441646236 
353 3.6779079404714583 
354 4.273668024731049 
355 4.150052091141228 
356 3.215246600727648 
357 3.709121331380361 
358 3.398376724775985 
359 3.491730454724159 
360 3.0220644691778165 
361 3.2669572161906375 
362 4.142780851924998 
363 3.626636722464928 
364 3.5733135929962976 
365 4.027275502201482 
366 3.6624792772137758 
367 3.6748815526675522 
368 3.971541421695842 
369 3.5174685025124357 
370 3.6250006715759038 
371 3.4617683852284977 
372 4.10434642777675 
373 3.9266558173701376 
374 3.886903562275022 
375 3.577220534385839 
376 3.958226759841649 
377 3.686989800327828 
378 4.076697387088399 
379 4.054542477864883 
380 4.447817391337467 
381 3.814673874456653 
382 3.614580916735829 
383 3.912171564432042 
384 3.092560630004259 
385 3.551999637378024 
386 3.7455757338275815 
387 3.780617059574265 
388 3.4851849204343885 
389 4.3213554870008535 
390 3.6411060612035793 
391 4.146473715824498 
392 4.003019497866242 
393 2.75944007975383 
394 3.063782619706692 
395 4.019914683565521 
396 4.236861788546141 
397 4.355948869322347 
398 3.6131790344973074 
399 2.7995585852980143 
400 3.210273244940154 
401 3.237411463648303 
402 4.10566220565095 
403 3.9008584967940054 
404 4.026247953307368 
405 3.9734982732342576 
406 3.472570273592163 
407 3.844374959253129 
408 4.264813934166085 
409 4.070996669103563 
410 4.096812020906333 
411 4.196017248913216 
412 4.088621622374684 
413 3.688958040870444 
414 3.6392272352505097 
415 3.2452666578254368 
416 4.17296708908433 
417 3.65888578374633 
418 4.395393144933394 
419 3.782152484099589 
420 4.007509744928225 
421 4.013857551066448 
422 3.979946280282205 
423 3.0567078419374107 
424 3.248484149249616 
425 3.2323169038388304 
426 3.2116729312852352 
427 4.277860392501298 
428 3.128567460289931 
429 3.7568022218225305 
430 3.4310541996261987 
431 3.9682097861275194 
432 4.128217175327787 
433 3.2800453940614847 
434 3.2915436214030813 
435 4.146999101371229 
436 3.7128334600859323 
437 3.07754468726999 
438 3.23305770144409 
439 3.853143994717225 
440 3.7743007561849002 
441 3.4845829543837064 
