0 0 
1 0 
2 0 
3 1 
4 0 
5 3 
6 1 
7 3 
8 1 
9 3 
10 1 
11 3 
12 1 
13 3 
14 1 
15 3 
16 1 
17 3 
18 1 
19 3 
20 1 
21 3 
22 1 
23 3 
24 1 
25 3 
26 1 
27 3 
28 1 
29 3 
30 1 
31 3 
32 1 
33 3 
34 1 
35 3 
36 1 
37 2 
38 1 
39 2 
40 3 
41 2 
42 3 
43 2 
44 3 
45 2 
46 3 
47 2 
48 3 
49 2 
50 3 
51 2 
52 3 
53 2 
54 3 
55 2 
56 3 
57 2 
58 3 
59 2 
60 3 
61 2 
62 3 
63 2 
64 3 
65 2 
66 3 
67 2 
68 3 
69 2 
70 3 
71 1 
72 3 
73 2 
74 3 
75 1 
76 3 
77 1 
78 3 
79 1 
80 3 
81 0 
82 3 
83 0 
84 3 
85 0 
86 2 
87 1 
88 2 
89 1 
90 2 
91 1 
92 2 
93 0 
94 2 
95 0 
96 1 
97 0 
98 1 
99 1 
100 3 
101 1 
102 3 
103 1 
104 3 
105 1 
106 3 
107 1 
108 3 
109 1 
110 3 
111 1 
112 3 
113 1 
114 3 
115 1 
116 3 
117 1 
118 3 
119 1 
120 3 
121 1 
122 3 
123 1 
124 3 
125 1 
126 3 
127 1 
128 3 
129 1 
130 3 
131 1 
132 3 
133 1 
134 3 
135 1 
136 3 
137 1 
138 3 
139 1 
140 3 
141 1 
142 3 
143 1 
144 3 
145 1 
146 3 
147 1 
148 3 
149 1 
150 3 
151 1 
152 3 
153 1 
154 3 
155 1 
156 3 
157 1 
158 3 
159 1 
160 3 
161 1 
162 3 
163 1 
164 1 
165 1 
166 3 
167 1 
168 3 
169 1 
170 3 
171 1 
172 3 
173 1 
174 3 
175 1 
176 3 
177 1 
178 3 
179 1 
180 3 
181 1 
182 3 
183 1 
184 3 
185 1 
186 3 
187 1 
188 3 
189 1 
190 3 
191 1 
192 3 
193 1 
194 3 
195 1 
196 3 
197 1 
198 3 
199 1 
200 3 
201 1 
202 3 
203 1 
204 3 
205 1 
206 3 
207 1 
208 3 
209 1 
210 3 
211 1 
212 3 
213 1 
214 3 
215 1 
216 3 
217 1 
218 3 
219 1 
220 3 
221 1 
222 3 
223 1 
224 3 
225 1 
226 3 
227 1 
228 3 
229 1 
230 3 
231 1 
232 3 
233 1 
234 3 
235 1 
236 3 
237 1 
238 3 
239 1 
240 2 
241 1 
242 2 
243 1 
244 2 
245 1 
246 2 
247 1 
248 2 
249 1 
250 2 
251 1 
252 2 
253 1 
254 2 
255 1 
256 2 
257 1 
258 2 
259 1 
260 2 
261 1 
262 2 
263 1 
264 2 
265 1 
266 2 
267 1 
268 2 
269 1 
270 2 
271 1 
272 2 
273 1 
274 2 
275 1 
276 2 
277 1 
278 2 
279 1 
280 2 
281 1 
282 2 
283 1 
284 2 
285 1 
286 2 
287 1 
288 2 
289 1 
290 2 
291 1 
292 2 
293 1 
294 2 
295 1 
296 2 
297 1 
298 2 
299 1 
300 2 
301 1 
302 2 
303 1 
304 2 
305 1 
306 2 
307 1 
308 2 
309 1 
310 2 
311 1 
312 2 
313 1 
314 2 
315 1 
316 2 
317 1 
318 2 
319 1 
320 2 
321 1 
322 2 
323 1 
324 2 
325 1 
326 2 
327 1 
328 2 
329 1 
330 2 
331 1 
332 2 
333 1 
334 2 
335 1 
336 2 
337 1 
338 2 
339 1 
340 2 
341 1 
342 2 
343 1 
344 2 
345 1 
346 2 
347 1 
348 2 
349 1 
350 2 
351 1 
352 2 
353 1 
354 2 
355 1 
356 2 
357 1 
358 2 
359 1 
360 2 
361 1 
362 2 
363 1 
364 2 
365 1 
366 2 
367 1 
368 2 
369 1 
370 2 
371 1 
372 2 
373 1 
374 2 
375 1 
376 2 
377 1 
378 2 
379 1 
380 2 
381 1 
382 2 
383 1 
384 2 
385 1 
386 2 
387 1 
388 2 
389 1 
390 2 
391 1 
392 2 
393 1 
394 2 
395 1 
396 2 
397 1 
398 2 
399 1 
400 2 
401 1 
402 2 
403 1 
404 2 
405 1 
406 2 
407 1 
408 2 
409 1 
410 2 
411 1 
412 2 
413 1 
414 2 
415 1 
416 2 
417 1 
418 2 
419 1 
420 2 
421 1 
422 2 
423 1 
424 2 
425 1 
426 2 
427 1 
428 2 
429 1 
430 2 
431 1 
432 2 
433 1 
434 2 
435 1 
436 2 
437 1 
438 2 
439 1 
440 2 
441 1 
