0 19.02092422112376 
1 7.568281922428026 
2 13.615129421999468 
3 19.971164376386785 
4 34.205429738788624 
5 21.33648049893427 
6 40.17186257889646 
7 35.806213131407986 
8 10.626965808176141 
9 11.87992907680891 
10 22.990172057509632 
11 17.087177397999714 
12 9.09991169776771 
13 8.520349646230008 
14 26.027167066912398 
15 16.551846063992677 
16 34.63361545766071 
17 25.149929244717338 
18 19.94286692405713 
19 10.846879743872888 
20 18.253961484060493 
21 10.396299839877852 
22 38.75325923256738 
23 27.019061423003834 
24 12.446301395878834 
25 8.423971833758117 
26 15.707591826951884 
27 5.403533814729166 
28 7.545517183067172 
29 17.84650733338723 
30 43.34122801578936 
31 9.398537214972036 
32 9.805571985309072 
33 21.555678898139583 
34 17.94746233402796 
35 27.565814032966166 
36 34.208498491150806 
37 12.284520985267845 
38 13.553491047395003 
39 12.444418071284673 
40 26.052548542181697 
41 34.434579861253646 
42 25.848004535706362 
43 10.396789474075598 
44 24.86721844096094 
45 17.57107727110869 
46 10.348997991541776 
47 18.03086605507742 
48 14.382426867196797 
49 10.236426247672322 
50 15.763971000003759 
51 15.694837244285122 
52 35.946452751924035 
53 18.167148172371824 
54 12.189448782741875 
55 65.78681222159483 
56 21.7153803540272 
57 27.860058851271013 
58 15.816580185833233 
59 10.966762189637501 
60 21.169240708214726 
61 22.74272328981044 
62 26.084466750001553 
63 14.618425409261848 
64 16.158164405303992 
65 23.341369216557037 
66 13.440223538874166 
67 12.266234620794938 
68 29.035166417455834 
69 20.811376458154502 
70 15.94361978325243 
71 22.070173223043085 
72 29.289627865727194 
73 24.52938458749291 
74 10.049053267622304 
75 8.325318925528135 
76 19.530737494994273 
77 17.488873229452896 
78 11.705894665747529 
79 10.887509085245561 
80 16.034191562971884 
81 11.240865114035323 
82 27.547166341562733 
83 21.897225195123863 
84 16.404762277257152 
85 7.678725211634787 
86 11.831338079817662 
87 14.72620857456841 
88 12.37422076676845 
89 10.492606425692765 
90 10.872015531806246 
91 11.271465694929283 
92 10.635076473690615 
93 27.648675016479896 
94 22.06750251227199 
95 20.604350474543633 
96 20.60121319285837 
97 25.177405606579025 
98 10.89460737839263 
99 14.608496973327668 
100 22.319862918932724 
101 19.938695569499906 
102 14.151061927495403 
103 13.743345085652123 
104 34.3210264467138 
105 19.529464352231244 
106 24.72706692449182 
107 10.799596267534554 
108 13.61711853566524 
109 11.722285260727881 
110 22.796741074097625 
111 21.308838920105266 
112 16.251260214420494 
113 18.15833928610083 
114 12.380503153936296 
115 11.627847146754197 
116 12.89412459113155 
117 10.566221778845911 
118 39.39127331467533 
119 21.350925954206247 
120 22.286063452761113 
121 21.268966496452894 
122 20.556484576402436 
123 20.89181771541569 
124 14.619546387728 
125 19.34445766573503 
126 36.38993579732778 
127 9.847078489191068 
128 16.352189880622852 
129 15.88859846504686 
130 32.27579413937454 
131 13.880977753655324 
