0 4.186201129166727 
1 2.7538045651896734 
2 2.7778759844378063 
3 3.0198918973467737 
4 3.047703562188827 
5 3.277085873382813 
6 3.3012513611740197 
7 3.5349536772270462 
8 3.5489945086393333 
9 3.7864459004293134 
10 3.7991296252049938 
11 4.02321841646118 
12 4.02880916576346 
13 4.06988976631588 
14 4.114681846931293 
15 4.0797236271603134 
16 4.14245487939842 
17 4.1015097535155 
18 4.17128382012038 
19 4.251211804937847 
20 4.341246271637973 
21 4.360124359965947 
22 4.433158861680673 
23 4.565110859805067 
24 4.6613761030863134 
25 4.81712868266112 
26 4.901673682316294 
27 5.056425488724087 
28 5.102774013344873 
29 5.065912329427486 
30 5.092863293890146 
31 5.04233949350854 
32 4.9069137061694335 
33 5.139906316301767 
34 4.995220991908426 
35 5.029809927812466 
36 4.862023217617587 
37 4.9516587214475605 
38 4.801681014138507 
39 5.069437648594087 
40 4.9082944389004135 
41 5.08646932248668 
42 5.0456108926937535 
43 5.314774256943213 
44 5.21873638442798 
45 5.511679229396367 
46 5.455250293465887 
47 5.56301483743928 
48 5.562574131797613 
49 5.635556044860394 
50 5.6214104407603 
51 5.69993228888574 
52 5.640113678505947 
53 5.648344991692267 
54 5.569327150660066 
55 5.686233399072527 
56 5.557758430794993 
57 5.80460317977962 
58 5.603019682908187 
59 5.7735892508410265 
60 5.654250554164233 
61 5.740991504681247 
62 5.71962458572046 
63 5.663117585805947 
64 5.705960918238993 
65 5.562635297157493 
66 5.600753619258733 
67 5.538430017209646 
68 5.55193117798004 
69 5.296160730566194 
70 5.240155905803181 
71 5.158634252778447 
72 5.007298716380247 
73 4.981991681710933 
74 4.910480623602793 
75 4.790114551839514 
76 4.786133420954253 
77 4.624191126359573 
78 4.62908743850966 
79 4.9676946539724005 
80 4.9660123479532805 
81 5.1814110466745005 
82 5.268123422270453 
83 5.394142421296653 
84 5.382778909536234 
85 5.637545314168773 
86 5.621050601238107 
87 5.809079874986813 
88 5.8622322286049995 
89 5.680897153296487 
90 5.757744084588533 
91 5.6211076887432005 
92 5.688229098315767 
93 5.564168570158853 
94 5.66441801412228 
95 5.532096159323647 
96 5.620026276389534 
97 5.487819956526327 
98 5.572154689692746 
99 5.363990063164607 
100 5.369025471928386 
101 5.208279440155467 
102 5.1448647583549 
103 5.061569836770786 
104 4.981658029151814 
105 4.9298965780290205 
106 4.84931323171568 
107 4.796163565664613 
108 4.6675488082517065 
109 4.858907714854367 
110 4.84625487340002 
111 4.9095209993850935 
112 4.954351700711953 
113 4.98222590407688 
114 5.022632471766786 
115 5.003040861717287 
116 5.037572865743633 
117 5.064774644426053 
118 5.1219358723036335 
119 5.276399336002586 
120 5.314160883321986 
121 5.349445055982867 
122 5.374787673713693 
123 5.432561705144839 
124 5.47517030270726 
125 5.602734617529699 
126 5.57451387974156 
127 5.6918952068010205 
128 5.664641045175554 
129 5.60102537319036 
130 5.5569323928757735 
131 5.672994336401939 
132 5.606217117773887 
133 5.710631901136519 
134 5.631396009319007 
135 5.657181508900366 
136 5.602717951400353 
137 5.718661788485427 
138 5.634049670901033 
139 5.716646316294127 
140 5.683858086346194 
141 5.7785208597036535 
142 5.747300452212966 
143 5.81283288514934 
144 5.8508185229698135 
145 5.91383210674364 
146 6.01902785494472 
147 5.948019297590547 
148 6.142199558191533 
149 6.005755689051287 
150 6.1513937500008 
151 5.957799990977713 
152 6.101169698622367 
153 6.000983893499313 
154 6.087678528401093 
155 5.99591568012988 
156 6.03945736798254 
157 5.901990858130933 
158 5.896607772567067 
159 5.69980959861368 
160 5.6672793271882 
161 5.577004717054586 
162 5.494523014471214 
163 5.368578475065241 
164 5.342162374387886 
165 5.211418134395033 
166 5.0795889610347595 
167 5.101468399500947 
168 4.995829589143253 
169 5.20769468645812 
170 5.153368496844693 
171 5.257040733844673 
172 5.317217465058033 
173 5.368181092300187 
174 5.37356205553504 
175 5.451008032521799 
176 5.5384983106956405 
177 5.520804831239979 
178 5.636714507783126 
179 5.479299517241693 
180 5.54529536768598 
181 5.525570104002781 
182 5.645445654383253 
183 5.563075395483167 
184 5.68656144419658 
185 5.49989698230882 
186 5.638841747576553 
187 5.478230432935454 
188 5.585252172595947 
189 5.26796853891972 
190 5.426735284042973 
191 5.133455552952607 
192 5.1082040003427 
193 4.979422000164013 
194 4.90096700936882 
195 4.860975708908566 
196 4.78726077491524 
197 4.783140814720113 
198 4.616410335290554 
199 4.8043959721063665 
200 4.6041228093664595 
201 4.718597843570254 
202 4.636633982502986 
203 4.63702695427234 
204 4.615044129047834 
205 4.629268648815013 
206 4.5726715590308205 
207 4.636233011817279 
208 4.618301863377133 
209 4.940130094749846 
210 4.896651710113313 
211 5.19325544662956 
212 5.12032684093798 
213 5.458990542649274 
214 5.4494801665226795 
215 5.749382381635506 
216 5.709017587011346 
217 5.981492414210634 
218 5.95259838212376 
219 5.9097902339013935 
220 5.87532510125158 
221 5.8857971105637725 
222 5.839561621451306 
223 5.841166215389233 
224 5.7991407425197 
225 5.810693012154013 
226 5.764795040690373 
227 5.74999457910484 
228 5.662511136037453 
229 5.80209262192682 
230 5.681707254883659 
231 5.805163073234367 
232 5.6763027601022 
233 5.854657469035594 
234 5.722636313562041 
235 5.803519250598534 
236 5.73328991921766 
237 5.831319637426314 
238 5.783538563062873 
239 5.688579071910347 
240 5.698319077271006 
241 5.622711567319114 
242 5.661386926620267 
243 5.585726646296201 
244 5.593207101879433 
245 5.427172065940966 
246 5.413442035657947 
247 5.317606814174313 
248 5.293343922400086 
249 5.3383637748950195 
250 5.321547580264474 
251 5.334264386665153 
252 5.3568500321158465 
253 5.3624469967653 
254 5.36398168121002 
255 5.48594902413458 
256 5.392829230805414 
257 5.50526534592662 
258 5.45249105686744 
259 5.5558819374886665 
260 5.4210847616051865 
261 5.626582372050053 
262 5.386769162474213 
263 5.57278638084356 
264 5.359794598671473 
265 5.6180376213372005 
266 5.378368039768373 
267 5.646960589852447 
268 5.39586545462864 
269 5.62702968111676 
270 5.490770011586441 
271 5.627528386566801 
272 5.4850472561358465 
273 5.629025537456486 
274 5.495550737283394 
275 5.6281567346522605 
276 5.558358059963173 
277 5.585125223774207 
278 5.50574150724458 
279 5.612001861986633 
280 5.437885491092287 
281 5.5934634140065 
282 5.4957811787702004 
283 5.602695904749886 
284 5.53416282764294 
285 5.514843338359913 
286 5.443676156022846 
287 5.611532785920001 
288 5.55056584095336 
289 5.681746285872387 
290 5.66919913089948 
291 5.8115988261617595 
292 5.752559106821767 
293 5.941188013713567 
294 5.76344709644554 
295 6.1394129167347335 
296 5.99191261331974 
297 6.153847037581641 
298 6.110158582120293 
299 6.028206313307127 
300 6.047392778789246 
301 5.846625206140607 
302 5.86610741141488 
303 5.66979541910614 
304 5.6636682120320865 
305 5.452509995265133 
306 5.616247025352053 
307 5.271601051075507 
308 5.378014784938954 
309 5.241904218548173 
310 5.3118122531887595 
311 5.24536160194568 
312 5.2749605860271265 
313 5.1877994432846 
314 5.325712684175453 
315 5.170228311222046 
316 5.271902443328913 
317 5.237193939157293 
318 5.3409155611015064 
319 5.171094305865087 
320 5.263721628664594 
321 5.126028278994407 
322 5.163987776563514 
323 5.025137423060014 
324 5.087761277417926 
325 5.029039133231874 
326 4.939348719309954 
327 4.96147198120908 
328 4.7859438740548 
329 5.02619190776246 
330 4.93974939556196 
331 5.170766687598054 
332 5.1166766796125005 
333 5.32966218495526 
334 5.168258723504727 
335 5.420801504011614 
336 5.284551087292093 
337 5.5167352398503935 
338 5.364037159639721 
339 5.381071037405561 
340 5.183768065738067 
341 5.183054032995747 
342 5.054646442214174 
343 4.9793287155156 
344 5.036011548733013 
345 4.791998984224793 
346 4.894244755838707 
347 4.60721222760604 
348 4.794652580385233 
349 4.62321497924688 
350 4.8382713057167 
351 4.693555728162027 
352 4.834370581227454 
353 4.76126241697862 
354 4.784795354706794 
355 4.7966128492116 
356 4.861826071603333 
357 4.90065531490172 
358 4.92739521973466 
359 4.961768222010487 
360 4.94270536068284 
361 4.979321234527934 
362 4.986486864570287 
363 4.970747860296494 
364 5.035040609405427 
365 5.0811350841476335 
366 5.229409710929027 
367 5.066687814604207 
368 5.24852792246614 
369 4.9298553621834005 
370 5.14407138776818 
371 4.743772342387727 
372 5.050030675369473 
373 4.635346287075307 
374 4.941780481546153 
375 4.485928474574253 
376 4.70469204166644 
377 4.334661562781286 
378 4.5439349326069935 
379 4.432871348827846 
380 4.579135460163607 
381 4.54024924642028 
382 4.64560767739916 
383 4.553393805745573 
384 4.674494421613853 
385 4.6237469112603335 
386 4.722789472451407 
387 4.6805648057900795 
388 4.8471279063163 
389 4.814433690811467 
390 4.99979687603724 
391 5.0253369681699995 
392 5.181224491707053 
393 5.196859104487953 
394 5.350241176407347 
395 5.36182817343714 
396 5.524796979474734 
397 5.50773893749498 
398 5.665447382732533 
399 5.306589195483647 
400 5.558999153302594 
401 5.128134093815659 
402 5.365923346203407 
403 5.041711589596287 
404 5.18706179379868 
405 4.857836308113 
406 5.0034850875700405 
407 4.809585684765667 
408 4.809585684765667 
409 4.728735991591454 
410 4.73986713421358 
411 4.726117430390134 
412 4.751791503854767 
413 4.814435977446773 
414 4.8038442011859335 
415 4.853049900576427 
416 4.8853714891862 
417 4.841711021671333 
418 4.891788049172427 
419 4.862155616653554 
420 5.012817873603893 
421 4.923439825612847 
422 5.021551449111153 
423 4.9388920670367735 
424 5.067404488732853 
425 4.996777100509873 
426 5.060279767014747 
427 4.97462187791676 
428 5.044174579170367 
429 4.997989742724027 
430 5.011024099713739 
431 5.03449998916698 
432 5.01904365425072 
433 4.978181904320054 
434 5.0722108278887665 
435 4.922514073392247 
436 5.020409341826467 
437 4.914171503332073 
438 4.931866389891307 
439 4.781515865224353 
440 4.887319064703867 
441 4.773939433840707 
442 4.91473453590486 
443 4.8731827188616395 
444 5.055953100942333 
445 4.9744451635657 
446 5.1281274134377535 
447 5.080713968003547 
448 5.2064139221153605 
449 5.227776574825893 
450 5.267811744976447 
451 5.245454766765507 
452 5.3526342678069065 
453 5.220949341991534 
454 5.3593009002779075 
455 5.204026860915967 
456 5.32967689199568 
457 5.202035693229447 
458 5.378655646947 
459 5.23225168927498 
460 5.398864059664347 
461 5.142175151160173 
462 5.362232541618127 
463 4.930012613814166 
464 5.085856191910334 
465 4.852282829390027 
466 4.89873901711858 
467 4.704872113242346 
468 4.766662952025853 
469 4.5673699091967865 
470 4.675357656813907 
471 4.50600114324804 
472 4.5170037327109664 
473 4.667589085954893 
474 4.66096319885132 
475 4.73301145442396 
476 4.827192245810966 
477 4.86484152401784 
478 4.940012182438113 
479 4.9893585105695335 
480 5.0207486203847065 
481 5.125613505153813 
482 5.159040425529827 
483 5.143175850386426 
484 5.2980020896398266 
485 5.14498938111712 
486 5.35724854045564 
487 5.168090435660413 
488 5.328466188754473 
489 5.150056156707853 
490 5.346314885222353 
491 5.174693810566667 
492 5.382743131533053 
493 5.122153748919387 
494 5.163374928181306 
495 4.9786453426956205 
496 4.966667830495759 
497 4.808707213160947 
498 4.8970341446418795 
499 4.644516117565753 
500 4.7989726199067135 
501 4.429555901625286 
502 4.6260076094248 
503 4.4956377446838935 
504 4.7220733538730535 
505 4.641993658257054 
506 4.833085151333006 
507 4.60963804528446 
508 4.86794508133692 
509 4.84780672841888 
510 4.945291997460333 
511 4.9630443390625 
512 5.074014860737133 
513 5.084820524678567 
514 5.131035509366593 
515 5.1107846373801396 
516 5.11001620781354 
517 5.19839909904584 
518 5.160619475232493 
519 5.108450774000387 
520 5.174499478926813 
521 5.17972821679772 
522 5.2351266356018336 
523 5.091656771408867 
524 5.18127600483474 
525 5.00777246830048 
526 5.128478842878606 
527 4.85533773804782 
528 5.00459698632494 
529 4.763219316599954 
530 4.912859053616 
531 4.625563962006994 
532 4.735772556430347 
533 4.64980020241592 
534 4.725293190992093 
535 4.61611316623174 
536 4.653853746459434 
537 4.697954000792406 
538 4.628654615662767 
539 4.720733483469947 
540 4.60621173145736 
541 4.80463903332228 
542 4.642453365483573 
543 4.82205420286904 
544 4.683906930828413 
545 4.8961446443222 
546 4.770958134584734 
547 4.95999947421482 
548 4.861499899274047 
549 5.031716804592887 
550 4.893010359431114 
551 4.978553236580007 
552 4.964734334455806 
553 4.988551074815954 
554 4.978831290702467 
555 5.012507815451347 
556 5.0401316055307 
557 4.9752552685331795 
558 4.998852886942993 
559 4.9659612464666205 
560 5.07068488887728 
561 5.11578661734688 
562 5.044749001298487 
563 5.06371444269934 
564 4.996819732273114 
565 5.043363403992947 
566 4.85430837440434 
567 4.953819215502947 
568 4.72753205887256 
569 4.867003440161733 
570 4.759107139147407 
571 4.784143621508153 
572 4.777050243329927 
573 4.95018178409826 
574 4.998400970162867 
575 5.142540119434373 
576 5.246661668087853 
577 5.27939990176874 
578 5.468611091321541 
579 5.4730834161849 
580 5.465967414358274 
581 5.6593656203944995 
582 5.610535183087787 
583 5.585617684742854 
584 5.440111917414593 
585 5.372978394448733 
586 5.295534992064307 
587 5.181594189031006 
588 5.0872907155445395 
589 5.028550106441734 
590 4.993178424293327 
591 4.853913501879153 
592 4.7985414164540465 
593 5.0576921072842405 
594 4.945678425708254 
595 5.1419424044597735 
596 5.08299471359502 
597 5.3104777025266605 
598 5.258263031446513 
599 5.461563560743699 
600 5.390845236109761 
601 5.597686799184513 
602 5.5014232616168 
603 5.567468073634834 
604 5.4848772540326065 
605 5.470536567859134 
606 5.4758414765061465 
607 5.408652271042026 
608 5.438687926099626 
609 5.3372880140695464 
610 5.429501283200813 
611 5.232759739733747 
612 5.530371695476113 
613 5.292693597875126 
614 5.6150949730729875 
615 5.42548609029014 
616 5.6364333773571005 
617 5.515221734496727 
618 5.634537905656299 
619 5.595962577991074 
620 5.62140126316584 
621 5.736300005812794 
622 5.606786229142741 
623 5.574751062660794 
624 5.490809240296674 
625 5.460935215054293 
626 5.394403476472206 
627 5.323294985069467 
628 5.29293771231032 
629 5.19801892251542 
630 5.2390851750630665 
631 5.033497623880087 
632 5.10845846637972 
633 5.1601753742204135 
634 5.2384809089272535 
635 5.231513344169927 
636 5.291741667736146 
637 5.4017572406701 
638 5.4465899744519275 
639 5.530778729726207 
640 5.552974905189253 
641 5.630744134817067 
642 5.647200007718554 
643 5.428492110371466 
644 5.464775096551606 
645 5.277864359624007 
646 5.346208806597439 
647 5.058975056887854 
648 5.18137524914718 
649 4.927123055344567 
650 5.010409635646494 
651 4.7887254024283665 
652 4.841060443084326 
653 4.8933524190346 
654 4.816725564718913 
655 4.943723143573373 
656 4.798378596077414 
657 4.9596489736674 
658 4.87320669674766 
659 4.988377497443826 
660 4.892795808669733 
661 5.041952210172886 
662 4.996884041244513 
663 4.863361803694473 
664 4.928246005614493 
665 4.739488254192554 
666 4.8207953915424335 
667 4.626357678575613 
668 4.6637773404389735 
669 4.473704562305507 
670 4.611931990850813 
671 4.32961565282966 
672 4.4524126116540605 
673 4.529234916265427 
674 4.6087140318116 
675 4.69606667533084 
676 4.763557552412233 
677 4.950534976409506 
678 5.040280129940227 
679 5.136877600027673 
680 5.19935273853302 
681 5.328417538328753 
682 5.399562885427387 
683 5.263059875167387 
684 5.328595815220407 
685 5.192277920310193 
686 5.2659072506874205 
687 5.14163900833868 
688 5.121758718866333 
689 5.084636488082514 
690 4.9843836552986 
691 4.99594757302282 
692 4.8258793300208 
693 5.09802684981432 
694 4.9106668742685065 
695 5.225964211022833 
696 4.99476847580338 
697 5.296403210952673 
698 5.036900466935413 
699 5.400374358135873 
700 5.17630545984248 
701 5.532776729879487 
702 5.331620308983354 
703 5.499469199412267 
704 5.308044089567747 
705 5.47604233994948 
706 5.263257873217273 
707 5.394189821093927 
708 5.231058600689433 
709 5.30005853836982 
710 5.18759758594652 
711 5.176014862614854 
712 5.1419908248530595 
713 4.9450310197976 
714 4.986933519047713 
715 4.787282166934687 
716 4.82552231763514 
717 4.574640634098547 
718 4.6698785282569935 
719 4.416723661784033 
720 4.508727610685447 
721 4.2884111033221135 
722 4.32402691101608 
723 4.5884393671196335 
724 4.6391624010976935 
725 4.7723530164779335 
726 4.82148914709328 
727 5.01095549439282 
728 5.09585940400816 
729 5.240912658286973 
730 5.3291790766739995 
731 5.458085570133846 
732 5.563214010670493 
733 5.469211266305347 
734 5.625841267809766 
735 5.458484050479826 
736 5.602882367395047 
737 5.484065217248514 
738 5.6389460018530935 
739 5.5067759254806 
740 5.627731738648154 
741 5.5579878549635735 
742 5.650426630098347 
743 5.572694474181547 
744 5.651352055167361 
745 5.668803747846294 
746 5.747968681365987 
747 5.728177259483327 
748 5.742331057501834 
749 5.8519305363355665 
750 5.782107943370747 
751 5.930571591245493 
752 5.8412184942141065 
753 5.869519821231293 
754 5.783585614029207 
755 5.835864245441447 
756 5.666136636205714 
757 5.834151209585747 
758 5.634241891070613 
759 5.710738058501433 
760 5.586792002230273 
761 5.632473771643213 
762 5.52243156841912 
763 5.589231155974886 
764 5.50847664788646 
765 5.666967780762987 
766 5.508083219327273 
767 5.605873612224914 
768 5.472442044125927 
769 5.6850263360705275 
770 5.511199715692907 
771 5.682248248907173 
772 5.554525028226506 
773 5.645861477364506 
774 5.638895775859006 
775 5.62912531960686 
776 5.690453663879279 
777 5.626806635478913 
778 5.7528356650677 
779 5.546203103936254 
780 5.71984415260878 
781 5.550279695373093 
782 5.7342920860378 
783 5.569988613943226 
784 5.7504996931586065 
785 5.584133650401601 
786 5.772007928178687 
787 5.618856997942667 
788 5.756426663214921 
789 5.63752885653712 
790 5.7460312786220475 
791 5.709193168666327 
792 5.689653987346066 
793 5.508277114620459 
794 5.411703737049013 
795 5.382830006606047 
796 5.22271930320644 
797 5.182741588943253 
798 5.039257444370986 
799 5.044147224907774 
800 4.889106271955574 
801 4.722222392529633 
802 4.758897437121994 
803 4.7841863094124 
804 4.986016443385167 
805 4.82678943333036 
806 5.098979136851853 
807 4.969419319805266 
808 5.1503268917515195 
809 5.004106433298953 
810 5.236346114582713 
811 5.148660900688733 
812 5.358026709307107 
813 5.215246354911193 
814 5.295799270460433 
815 5.279202677859094 
816 5.370629714897887 
817 5.28679055065666 
818 5.47396733797726 
819 5.353582663765134 
820 5.515764976323947 
821 5.456134510138654 
822 5.58859066950086 
823 5.473557727470086 
824 5.645638556060253 
825 5.4928280326788 
826 5.593832874728033 
827 5.524707481806121 
828 5.546156557794987 
829 5.5605725144453535 
830 5.610273963674794 
831 5.5636064472138935 
832 5.549730681668279 
833 5.639853194966874 
834 5.576892157850874 
835 5.68147607827268 
836 5.6314005243036265 
837 5.730113843357607 
838 5.7037949572717 
839 5.811212613355347 
840 5.719110445753947 
841 5.866494650854267 
842 5.819796036120973 
843 5.848739425041494 
844 5.791754339663274 
845 5.863352946372 
846 5.861794252897607 
847 5.8666434935239336 
848 5.832738849798861 
849 5.8593527362609334 
850 5.85168014858004 
851 5.797315478787066 
852 5.829764928484373 
853 5.69219352868162 
854 5.78456360808654 
855 5.5860699508089935 
856 5.60929453287216 
857 5.480151263042294 
858 5.55533479600552 
859 5.335960424112773 
860 5.414908379298814 
861 5.389616068948393 
862 5.2433850719657 
863 5.428899053286493 
864 5.312884903177353 
865 5.4176569565812605 
866 5.326767294311667 
867 5.44841340371126 
868 5.350259398735273 
869 5.464712832349247 
870 5.381053088116606 
871 5.36387316018184 
872 5.45661845514752 
873 5.45453092740716 
874 5.462378545128661 
875 5.553444994264367 
876 5.569476973011533 
877 5.554265225424246 
878 5.619744197249527 
879 5.614764565114947 
880 5.645861063593361 
881 5.70132456741396 
882 5.7029947171512 
883 5.629240536137547 
884 5.678092970525941 
885 5.607869069124587 
886 5.624871712738994 
887 5.693321488672054 
888 5.649495944580134 
889 5.6852273643538 
890 5.66380043061676 
891 5.712171516395993 
892 5.708192992813167 
893 5.855912562516426 
894 5.78321600035206 
895 5.914743404291694 
896 5.785994035075414 
897 6.01618762716172 
898 5.8515541689751 
899 6.123407448627393 
900 5.900042653773514 
901 6.11135974884816 
902 5.8790325797430265 
903 6.0462556677902475 
904 5.8832872143780195 
905 6.036832170993974 
906 5.900736381616827 
907 5.901489714615167 
908 5.861477389716146 
909 5.766879093507 
910 5.84118983317792 
911 5.795413770504907 
912 5.81810930206604 
913 5.751425115701153 
914 5.745051536983246 
915 5.653254961013054 
916 5.729342593864341 
917 5.6491979253219275 
918 5.69154325682704 
919 5.723867318591367 
920 5.6792453142253265 
921 5.659607658698533 
922 5.676378119468647 
923 5.656302711148807 
924 5.667549972069633 
925 5.81106768887792 
926 5.760192417945627 
927 5.9680892126986 
928 5.816468055500347 
929 5.996881007682814 
930 5.84996269630786 
931 6.039055604037039 
932 5.856523047410353 
933 6.075958239629667 
934 5.88617010481742 
935 5.966558603276213 
936 5.85793684191282 
937 5.87567253373932 
938 5.788945268763533 
939 5.839904446978853 
940 5.808911493089041 
941 5.8106129600525 
942 5.84092826701288 
943 5.731990112406393 
944 5.732239715687086 
945 5.685635221810627 
946 5.7252168881234065 
947 5.646783147408293 
948 5.680630392884001 
949 5.5779709573175005 
950 5.64036085022704 
951 5.520854719852667 
952 5.503319209709553 
953 5.53959003426992 
954 5.604266776058593 
955 5.610428375472879 
956 5.6848034985981135 
957 5.617416980728073 
958 5.742606094045279 
959 5.739312035511986 
960 5.773726787935014 
961 5.7992580297658 
962 5.903647758712499 
963 5.921933123962713 
964 5.8738685406927535 
965 5.855461740039554 
966 5.80387945904592 
967 5.917860259929687 
968 5.763136653757847 
969 5.90712861620174 
970 5.691502834055367 
971 5.922607745766547 
972 5.7104622021406675 
973 5.927389898774586 
974 5.78811172598196 
975 5.991268008579413 
976 5.782146897283059 
977 6.008750389233313 
978 5.911111375200793 
979 6.004080212977381 
980 6.025103978456674 
981 6.033902479293114 
982 6.066866487659694 
983 5.983677208215734 
984 6.07595188717826 
985 5.93404665189938 
986 6.083201566502307 
987 5.89451102631078 
988 5.983772339643327 
989 5.8293360718939065 
990 5.966585150131034 
991 5.827850989473254 
992 5.9309688830236205 
993 5.767551784250087 
994 5.8602637438631335 
995 5.6875749378233325 
996 5.717799064495473 
997 5.626091846834194 
998 5.652630576718013 
999 5.53879799852466 
1000 5.582080306407153 
1001 5.4563680951455 
1002 5.501475651193213 
1003 5.498469878140507 
1004 5.528726056012274 
1005 5.495379830256646 
1006 5.5693697288526804 
1007 5.461717567794953 
1008 5.56545460198248 
1009 5.516869413959607 
1010 5.517271384043361 
1011 5.566331207479767 
1012 5.538663578268253 
1013 5.629001568304407 
1014 5.629294469360601 
1015 5.735585060147954 
1016 5.786157984562987 
1017 5.84191373959024 
1018 5.854584542853627 
1019 5.93969966497768 
1020 5.9619967439472275 
1021 5.90622234437782 
1022 6.025525725731433 
1023 5.905936048573653 
1024 6.006027837097027 
1025 5.943282037992507 
1026 5.99758553968172 
1027 6.000546030391347 
1028 6.105656483160433 
1029 6.007668376417761 
1030 6.120202927592366 
1031 6.144997338518187 
1032 6.123365035914479 
1033 6.098906690172767 
1034 6.0900531837286875 
1035 6.025819275148353 
1036 6.052396290166906 
1037 5.953690065744887 
1038 5.946378711399894 
1039 5.867833707603126 
1040 5.88860860915036 
1041 5.808700741259766 
1042 5.88660233256848 
1043 5.8645876360428995 
1044 5.9371748415185195 
1045 5.929510622213947 
1046 5.9608791109770465 
1047 5.978800821126647 
1048 6.02928141523034 
1049 5.982481797396001 
1050 6.109935946364886 
1051 5.991227591799166 
1052 6.153639171388313 
1053 5.948180530141053 
1054 6.1246275772898535 
1055 5.930829090889493 
1056 6.11452384109528 
1057 5.924019337578421 
1058 6.120622983718721 
1059 5.941904693400541 
1060 6.148521287566374 
1061 5.967837365440847 
1062 6.108807230881053 
1063 5.9350149941431 
1064 6.12915274260914 
1065 5.880274085726467 
1066 6.117633065000767 
1067 5.850098420007714 
1068 6.015517685679534 
1069 5.8385004654287735 
1070 6.0100566144711 
1071 5.7543753433285865 
1072 6.028922734901573 
1073 5.825801325090193 
1074 6.010661437836 
1075 5.881775227236034 
1076 6.0212677309093605 
1077 5.9653774968429 
1078 6.08187138593956 
1079 5.9656860601737405 
1080 6.017803887620214 
1081 6.05855324310764 
1082 6.0207742058658935 
1083 6.032529763600693 
1084 5.992731701033059 
1085 6.052036338753481 
1086 6.030833955787173 
1087 6.01579915621904 
1088 5.98461484138824 
1089 5.9964837214672 
1090 6.00136319930246 
1091 5.960119834537934 
1092 5.99475094580404 
1093 5.8912552076351465 
1094 5.9768628652603 
1095 5.84836141205632 
1096 5.923144762761013 
1097 5.845478610122814 
1098 5.969000594495454 
1099 5.837215851251454 
1100 6.027058098962374 
1101 5.799740814529087 
1102 5.98680118218858 
1103 5.836712498421707 
1104 5.90875321547342 
1105 5.794141311157694 
1106 5.816565997961567 
1107 5.80538853566588 
1108 5.7524071652908795 
1109 5.835751427327594 
1110 5.676950285065627 
1111 5.839334421571846 
1112 5.666921674457573 
1113 5.882455284956534 
1114 5.796390916501294 
1115 5.956308227241827 
1116 5.86799810051208 
1117 5.98693451182264 
1118 6.007024526519927 
1119 6.014240506578527 
1120 6.01535311096702 
1121 6.085535760006313 
1122 6.11673222712968 
1123 5.974584145426653 
1124 6.005188807741387 
1125 5.836162472021219 
1126 5.9327254207513995 
1127 5.769570859284613 
1128 5.792341520438174 
1129 5.7200070204975 
1130 5.7955285482255405 
1131 5.654143821449453 
1132 5.750110507178634 
1133 5.642386995589593 
1134 5.758418702845926 
1135 5.643005144028407 
1136 5.669683793200353 
1137 5.5768259904792465 
1138 5.642344103473794 
1139 5.51966350324432 
1140 5.568829964439387 
1141 5.4507009047431865 
1142 5.428522759851419 
1143 5.51414898111292 
1144 5.492213609311801 
1145 5.65343749126382 
1146 5.6557680935845935 
1147 5.771290063805534 
1148 5.682127696838413 
1149 5.82878716145382 
1150 5.703850370209573 
1151 5.926484002061247 
1152 5.7560195772077805 
1153 5.8746401091096 
1154 5.71420433702308 
1155 5.8028968225060735 
1156 5.672908037782267 
1157 5.8044191710811335 
1158 5.711725245705914 
1159 5.821062592788739 
1160 5.749923260029333 
1161 5.8045892147674 
1162 5.849300449170314 
1163 5.822366909209887 
1164 5.946773092474994 
1165 5.8509831592734125 
1166 5.97912542324196 
1167 5.8084258259085 
1168 5.951912572780574 
1169 5.815358670963627 
1170 5.9322403898007465 
1171 5.7975229557903205 
1172 5.889978710535273 
1173 5.762923723993474 
1174 5.722962799414259 
1175 5.7628734472493335 
1176 5.774440936611853 
1177 5.73454246733002 
1178 5.734900237912967 
1179 5.7848569647782275 
1180 5.755757473959086 
1181 5.786995065380114 
1182 5.709338726769807 
1183 5.90189293798104 
1184 5.846241465616987 
1185 5.932056567628074 
1186 5.830128377837853 
1187 6.039711453135793 
1188 5.950145376291647 
1189 6.043706308057793 
1190 5.989613187777141 
1191 6.070619929207774 
1192 6.056444263884461 
1193 6.02767723597776 
1194 6.058090726208473 
1195 5.9357643444524735 
1196 5.960677504911893 
1197 5.84454645836804 
1198 5.933709378825707 
1199 5.668968655417827 
1200 5.829528866257373 
1201 5.676368398385599 
1202 5.750608612706453 
1203 5.687721883540547 
1204 5.68264957014372 
1205 5.752809084824913 
1206 5.7755486582806475 
1207 5.858260321019873 
1208 5.722059393573847 
1209 5.990828076412793 
1210 5.7862802206342 
1211 5.9485813980036335 
1212 5.793706185314573 
1213 5.893992425152174 
1214 5.816330660446454 
1215 5.913960736087094 
1216 5.806219312533194 
1217 5.8107474353723205 
1218 5.828886980818546 
1219 5.76360826718048 
1220 5.834264689061819 
1221 5.7134975859791135 
1222 5.837068099100507 
1223 5.647211232499839 
1224 5.729542100082626 
1225 5.530502822331813 
1226 5.66478064497688 
1227 5.506809257448094 
1228 5.534537118374453 
1229 5.451696089763506 
1230 5.447352523423554 
1231 5.461544510687734 
1232 5.399111566635793 
1233 5.488801547889754 
1234 5.428741081035413 
1235 5.5172529700934865 
1236 5.391749828997253 
1237 5.506904039365214 
1238 5.393724538694567 
1239 5.522701367822379 
1240 5.406034838294606 
1241 5.519089586719687 
1242 5.403253942041927 
1243 5.49216960952506 
1244 5.3417073429208335 
1245 5.387751999472073 
1246 5.219547093834073 
1247 5.3196547475875935 
1248 5.20788403197576 
1249 5.286231083090001 
1250 5.104993684376026 
1251 5.183953441745786 
1252 5.0208954480019665 
1253 5.136971421818253 
1254 5.072415677489786 
1255 5.18063705537462 
1256 5.165094087861667 
1257 5.19918685783092 
1258 5.214310996324507 
1259 5.160753532153946 
1260 5.341607909143714 
1261 5.224237639449126 
1262 5.430194482647313 
1263 5.395047179141167 
1264 5.44216424460808 
1265 5.5646893316681805 
1266 5.473834590982386 
1267 5.666433320205967 
1268 5.5363242103554535 
1269 5.773313080940214 
1270 5.554230381653887 
1271 5.913072919054247 
1272 5.6978351743630204 
1273 5.8986184017038275 
1274 5.900972486049067 
1275 5.917127323888646 
1276 5.940353797885746 
1277 5.92165127998616 
1278 5.93913876808556 
1279 5.978621646625407 
1280 5.98615570117708 
1281 5.984173870360813 
1282 5.958757861733647 
1283 5.992410201315454 
1284 5.8877673109554465 
1285 5.8520056314646 
1286 5.88791401147034 
1287 5.77586112736784 
1288 5.886251152924994 
1289 5.660130747474613 
1290 5.828336161121993 
1291 5.556873384684514 
1292 5.763711939803627 
1293 5.40090322385326 
1294 5.574155436025014 
1295 5.39484889424132 
1296 5.521212134799714 
1297 5.34111458719532 
1298 5.453344572043494 
1299 5.3341979937985675 
1300 5.3818123803937725 
1301 5.23000636826062 
1302 5.27175029826488 
1303 5.388944638277273 
1304 5.4252461336832 
1305 5.5005103732548735 
1306 5.5582255963445535 
1307 5.605073760159381 
1308 5.649459946680953 
1309 5.7254999960368265 
1310 5.7898138243498805 
1311 5.911869281009526 
1312 5.94828579507206 
1313 5.8395820023489735 
1314 5.870929578236974 
1315 5.827901577252461 
1316 5.848133673025347 
1317 5.792767979487547 
1318 5.803942617911919 
1319 5.752222209290853 
1320 5.800853359310506 
1321 5.647737704190793 
1322 5.732703086756093 
1323 5.6354671488941195 
1324 5.732280821756567 
1325 5.5954956228911 
1326 5.7742200060036595 
1327 5.5975655704869665 
1328 5.794052578287334 
1329 5.584651922670919 
1330 5.814338038485494 
1331 5.580921061838713 
1332 5.871886743187594 
1333 5.693488951736547 
1334 5.905396172431754 
1335 5.689774199625373 
1336 5.858985358200013 
1337 5.732828589655373 
1338 5.877729298644533 
1339 5.76289484376768 
1340 5.857375501101999 
1341 5.797358246423407 
1342 5.809645890337666 
1343 5.760164295520741 
1344 5.831441968054867 
1345 5.7376029564648405 
1346 5.810932389818866 
1347 5.692287352539007 
1348 5.810260035455247 
1349 5.7364700730754805 
1350 5.806359960548633 
1351 5.7464354945896865 
1352 5.78022742517834 
1353 5.57017057242848 
1354 5.702357575075073 
1355 5.5066835397281535 
1356 5.62367946566328 
1357 5.294861389591887 
1358 5.559959421202961 
1359 5.235669831569967 
1360 5.387905043357153 
1361 5.211911627249793 
1362 5.431392216887613 
1363 5.311194364278607 
1364 5.430718042423034 
1365 5.380918609765693 
1366 5.488956415781407 
1367 5.549167304151847 
1368 5.519624247295933 
1369 5.634165987330413 
1370 5.6285150557494 
1371 5.683621151253033 
1372 5.6565989885927666 
1373 5.68745247480512 
1374 5.666370177413193 
1375 5.701333986312246 
1376 5.676747190854594 
1377 5.631473933031473 
1378 5.677728474575594 
1379 5.577107473538354 
1380 5.676424877537253 
1381 5.4772256564127995 
1382 5.587209418665167 
1383 5.420862634080393 
1384 5.5155258437557535 
1385 5.3178537622134865 
1386 5.428901075139273 
1387 5.249960957712213 
1388 5.3090081486596405 
1389 5.201271507448333 
1390 5.223617118010393 
1391 5.1430808309993665 
1392 5.132739258232373 
1393 5.125793900669334 
1394 5.217682104149447 
1395 5.1033275072428 
1396 5.182362138167126 
1397 5.094737561574154 
1398 5.251323919358566 
1399 5.0850674710961865 
1400 5.2186504749077 
1401 5.121163381553734 
1402 5.285841865783953 
1403 5.147476031648133 
1404 5.15824117350766 
1405 5.2093373416971 
1406 5.13373451938534 
1407 5.2208556811023 
1408 5.1182965261138405 
1409 5.16784320420828 
1410 5.081598088894693 
1411 5.082608331252693 
1412 4.969253510461167 
1413 5.053555277020826 
1414 4.9302410269095 
1415 5.067334832925987 
1416 4.912624664600247 
1417 5.064236398271786 
1418 4.7774689811873134 
1419 5.07853209228358 
1420 4.76307650373884 
1421 5.12945683955638 
1422 4.76587451973982 
1423 5.101976693749546 
1424 4.871818785188093 
1425 5.00899331329048 
1426 4.892270945827773 
1427 5.006923590625247 
1428 5.0405130888215135 
1429 4.9793329328101334 
1430 5.1253755182554865 
1431 4.9070524292961135 
1432 5.1911688541273735 
1433 5.017187482306913 
1434 5.169779443256206 
1435 5.1235707886924065 
1436 5.292124489737446 
1437 5.148850830035 
1438 5.33932320723896 
1439 5.204023276228207 
1440 5.336035776552514 
1441 5.271969923260014 
1442 5.3468814006958665 
1443 5.203112579402447 
1444 5.331128541954947 
1445 5.15548464316496 
1446 5.251552149266947 
1447 5.1531178962760995 
1448 5.158209728226667 
1449 5.1321496466464795 
1450 5.162275208700566 
1451 5.126143795948994 
1452 5.14387326178716 
1453 5.039487410975259 
1454 5.06983503078624 
1455 4.9351989591321805 
