0 0 
1 0 
2 0 
3 0 
4 0 
5 0 
6 0 
7 1 
8 0 
9 1 
10 0 
11 1 
12 0 
13 1 
14 0 
15 1 
16 0 
17 1 
18 0 
19 1 
20 0 
21 1 
22 0 
23 1 
24 0 
25 1 
26 1 
27 1 
28 1 
29 1 
30 1 
31 1 
32 1 
33 1 
34 1 
35 3 
36 1 
37 1 
38 1 
39 1 
40 1 
41 1 
42 1 
43 3 
44 1 
45 3 
46 1 
47 3 
48 1 
49 1 
50 1 
51 1 
52 1 
53 3 
54 1 
55 3 
56 1 
57 3 
58 1 
59 3 
60 1 
61 3 
62 1 
63 3 
64 1 
65 3 
66 1 
67 3 
68 1 
69 3 
70 1 
71 3 
72 1 
73 3 
74 1 
75 3 
76 1 
77 3 
78 1 
79 3 
80 1 
81 3 
82 1 
83 3 
84 1 
85 3 
86 1 
87 3 
88 1 
89 3 
90 1 
91 3 
92 1 
93 3 
94 1 
95 3 
96 1 
97 3 
98 1 
99 3 
100 1 
101 1 
102 1 
103 3 
104 1 
105 3 
106 1 
107 3 
108 1 
109 3 
110 1 
111 3 
112 1 
113 3 
114 1 
115 3 
116 1 
117 3 
118 1 
119 3 
120 1 
121 1 
122 1 
123 3 
124 1 
125 1 
126 1 
127 3 
128 1 
129 3 
130 1 
131 3 
132 1 
133 3 
134 1 
135 3 
136 1 
137 3 
138 1 
139 3 
140 3 
141 3 
142 3 
143 1 
144 3 
145 1 
146 3 
147 1 
148 3 
149 1 
150 3 
151 1 
152 3 
153 1 
154 3 
155 1 
156 3 
157 1 
158 3 
159 1 
160 3 
161 1 
162 3 
163 1 
164 3 
165 1 
166 3 
167 1 
168 1 
169 1 
170 1 
171 1 
172 3 
173 1 
174 3 
175 3 
176 3 
177 1 
178 3 
179 1 
180 3 
181 1 
182 3 
183 1 
184 3 
185 1 
186 3 
187 1 
188 1 
189 1 
190 3 
191 1 
192 3 
193 1 
194 3 
195 1 
196 3 
197 1 
198 3 
199 1 
200 3 
201 1 
202 3 
203 1 
204 3 
205 1 
206 3 
207 1 
208 3 
209 1 
210 3 
211 1 
212 3 
213 1 
214 3 
215 1 
216 3 
217 1 
218 3 
219 1 
220 3 
221 1 
222 3 
223 1 
224 3 
225 1 
226 3 
227 1 
228 3 
229 1 
230 3 
231 1 
232 3 
233 1 
234 3 
235 1 
236 3 
237 1 
238 3 
239 1 
240 3 
241 1 
242 3 
243 1 
244 3 
245 1 
246 3 
247 1 
248 3 
249 1 
250 3 
251 1 
252 1 
253 1 
254 1 
255 1 
256 1 
257 1 
258 1 
259 1 
260 3 
261 1 
262 3 
263 1 
264 3 
265 1 
266 3 
267 1 
268 3 
269 1 
270 3 
271 1 
272 3 
273 1 
274 1 
275 1 
276 1 
277 1 
278 1 
279 1 
280 1 
281 1 
282 1 
283 1 
284 1 
285 1 
286 1 
287 1 
288 1 
289 1 
290 1 
291 1 
292 1 
293 1 
294 1 
295 1 
296 1 
297 1 
298 1 
299 1 
300 1 
301 1 
302 1 
303 1 
304 1 
305 1 
306 1 
307 1 
308 1 
309 1 
310 1 
311 1 
312 1 
313 1 
314 1 
315 1 
316 1 
317 1 
318 1 
319 1 
320 1 
321 1 
322 1 
323 1 
324 1 
325 1 
326 1 
327 1 
328 1 
329 1 
330 1 
331 1 
332 1 
333 1 
334 1 
335 1 
336 1 
337 1 
338 1 
339 1 
