0 3.6597023481012796 
1 3.6304425005562004 
2 3.6493429400362403 
3 3.6327505245809 
4 3.6464143726294 
5 3.68635204857328 
6 3.51939869374334 
7 3.6428476573086597 
8 3.45317693992616 
9 3.3581095290337997 
10 3.30224613826156 
11 3.4339205640798602 
12 3.34237548992762 
13 3.6151401293674397 
14 3.28468118447852 
15 3.53726213192366 
16 3.4182421081028997 
17 3.6429352276357 
18 3.68290896282366 
19 4.0542190107146405 
20 3.6739375222776998 
21 4.0511303023968 
22 3.67946155569508 
23 3.99990787466902 
24 3.6039957829542404 
25 3.95316249824234 
26 3.55989869641668 
27 3.7700101029221402 
28 3.54219155509494 
29 3.75246994721792 
30 3.65344060379174 
31 3.67593027457672 
32 3.6455799509649 
33 3.54607274375426 
34 3.75159792378172 
35 3.61330825717548 
36 3.7749622999723598 
37 3.68242200481646 
38 3.72117260270304 
39 3.6304186618845002 
40 3.55693984474796 
41 3.6771292209094 
42 3.5402663911343 
43 3.6899611754873 
44 3.32486297750496 
45 3.5318377849332 
46 3.3205630167597002 
47 3.5447290482584597 
48 3.22357841973916 
49 3.24926570693928 
50 3.1966256890207 
51 3.15987611038366 
52 3.10326557071382 
53 3.09539292022236 
54 3.27165295772402 
55 3.23924031627978 
56 3.25925935334364 
57 3.2710381637995196 
58 3.3103735276959596 
59 3.3740336405389 
60 3.3078295740634203 
61 3.37398009250098 
62 3.47568592515022 
63 3.4447575966160997 
64 3.4356629313389595 
65 3.44393445534944 
66 3.2612406708554196 
67 3.2800430123760598 
68 3.07045790996 
69 3.06888868566906 
70 3.06527633225328 
71 2.98081597634138 
72 3.03724403134936 
73 2.87794497380692 
74 3.12115013555822 
75 3.10757555455562 
76 3.11057822400506 
77 3.32228168357882 
78 3.26680515912634 
79 3.5388040736726802 
80 3.47644014132774 
81 3.7309823418027 
82 3.39971205067082 
83 3.86064143326096 
84 3.37662759125474 
85 3.71088211248506 
86 3.5080577357350995 
87 3.6588392764464404 
88 3.5817668727300203 
89 3.66437695677284 
90 3.5571239668654995 
91 3.5564529505165803 
92 3.4815728781047 
93 3.5351264351041203 
94 3.3613231265335997 
95 3.30102491940102 
96 3.34938210680886 
97 3.3244644898699804 
98 3.3319562967523 
99 3.3213369563527797 
100 3.3202067806191797 
101 3.37191809164394 
102 3.33040413770348 
103 3.3373949431417005 
104 3.4659425955985803 
105 3.46553699130202 
106 3.5627925805014797 
107 3.5072613071210803 
108 3.6306149490013198 
109 3.53710044161154 
110 3.5595229884861 
111 3.5214375297303597 
112 3.4826210697906 
113 3.50812609726158 
114 3.7107169996085196 
115 3.42482198981252 
116 3.67384669973272 
117 3.5834086995169003 
118 3.58295198231812 
119 3.5056258245760397 
120 3.46225065064264 
121 3.3956185679556397 
122 3.70268241071456 
123 3.2690439862890996 
124 3.5480351378016004 
125 3.2422342722840596 
126 3.74985482849128 
127 3.11539998251054 
128 3.86173794634918 
129 3.20507215092632 
130 3.9679472626078 
131 3.37971995334854 
132 3.87564895040432 
133 3.72577582983964 
134 4.0302962233173 
135 4.0169781975338 
136 3.93872853952024 
137 4.16735626131466 
138 3.95074310568574 
139 4.1916342510712 
140 3.90288487334528 
141 4.15692072062712 
142 4.09581412997614 
143 4.19401547373452 
144 4.0145673486738 
145 4.00426093904834 
146 3.8892172119585604 
147 3.89384759877444 
148 3.70473103534648 
149 3.6784667686584003 
150 3.3906650879780003 
151 3.5670427453131 
152 3.508156908685 
153 3.4477410884520197 
154 3.42997749308064 
155 3.51642384205552 
156 3.4825055519259203 
157 3.4739503373833998 
158 3.5782159073906 
159 3.63310134540432 
160 3.88631616595676 
161 3.78464914302754 
162 3.7528557361811004 
163 3.87159286630242 
164 3.7534432903156003 
165 3.9189297472437197 
166 3.80904217445106 
167 3.8540206345453 
168 3.8467077395104 
169 3.9572133041778996 
170 3.8914276739399805 
171 3.8716690204482 
172 3.84158879414382 
173 3.8002404855626204 
174 3.6776807809178598 
175 3.6741333164165804 
176 3.76467845408404 
177 3.60230585668492 
178 3.7229274621547397 
179 3.49778733773138 
180 3.68020294560444 
181 3.5371255364469 
182 3.5760579818541602 
183 3.4802582983795 
184 3.60807107871016 
185 3.52749414648178 
186 3.38038625841752 
187 3.461469902418 
188 3.18365568764194 
189 3.2698383945828198 
190 3.4114486933976003 
191 3.30057715592444 
192 3.2338905418114003 
193 3.0720709005331797 
194 3.1180580789043 
195 3.018114079005 
196 3.08178052524982 
197 3.01377068114506 
198 3.344536451517 
199 3.2772924115970397 
200 3.28216662323712 
201 3.3320068864 
202 3.4632387849646 
203 3.5510507472951196 
204 3.70424101285888 
205 3.58023753303328 
206 3.7692322024644 
207 3.6842015830723 
208 3.8330872694324 
209 3.69906156040408 
210 3.77313690670976 
211 3.5983409067581804 
212 3.82068269226004 
213 3.7072844857038603 
214 3.78326204042186 
215 3.75060351614932 
216 3.7241893660207 
217 3.69984022994048 
218 3.65261483933548 
219 3.71210891032356 
220 3.85091985687122 
221 3.7111669459846 
222 3.70524144047332 
223 3.5271567083593 
224 3.7289521039254403 
225 3.6009689230515796 
226 3.7991044073627998 
227 3.67954454645976 
228 3.6848830859756605 
229 3.6554101849431397 
230 3.6397194595522597 
231 3.82767430147166 
232 3.79652606510614 
233 3.9635767419038404 
234 3.70348180272682 
235 3.77315392844474 
236 3.80046870946138 
237 3.83101692680496 
238 3.82679831421884 
239 3.98865258631254 
240 3.8699296995115398 
241 4.15119361156988 
242 3.9083405438267 
243 4.26586591598682 
244 3.9582708324483797 
245 4.37160860343256 
246 4.03415224887316 
247 4.23044924831996 
248 4.30079396208502 
249 4.2111301896421995 
250 4.3942658362881 
251 4.07136062119516 
252 4.38120779352224 
253 3.9852391609594 
254 4.26784612664692 
255 4.01870690455034 
256 4.2589287636951605 
257 4.01815334754108 
258 4.051457410736139 
259 4.0495726121700795 
260 4.07611362064414 
261 4.0431636184952 
262 4.05471290659386 
263 3.9264420791859598 
264 4.14292881771576 
265 3.8749731476585403 
266 4.09417398527346 
267 4.0552868728824 
268 4.09666964667574 
269 4.05682957999844 
270 3.97775654110196 
271 4.0145138592143805 
272 4.14764639862646 
273 4.2503636675158 
274 4.1915295305189195 
275 4.22143927523718 
276 4.11538166264324 
277 4.34969398354648 
278 4.11899831573668 
279 4.34931329887064 
280 4.1198318308698605 
281 4.31120907726738 
282 4.01478140391264 
283 4.14683718556296 
284 3.8901289115697204 
285 4.02185423821146 
286 4.00794443370676 
287 3.8590398726491997 
288 4.00199191797874 
289 3.6305346598813 
290 3.82921262803504 
291 3.57084353949996 
292 3.94360560742766 
293 3.4580156165649 
294 4.1159842967713 
295 3.73079002486148 
296 4.02904372341758 
297 3.6485949311300603 
298 3.92602820569264 
299 3.56126320121704 
300 3.9957532215007 
301 3.54946786701338 
302 3.9957532215007 
303 3.55761435841348 
304 3.9226241246894604 
305 3.4939447523125 
306 3.93516378618624 
307 3.73895421160618 
308 4.089476471322159 
309 3.80134040797626 
310 4.13918512578314 
311 4.16866935778038 
312 4.08720196260658 
313 4.20445853126856 
314 4.18496105357454 
315 4.38681763656902 
316 4.29127028488962 
317 4.3442935678887 
318 4.40346167255464 
319 4.5911656364623195 
320 4.37009748607486 
321 4.56763310383126 
322 4.40127662313472 
323 4.674215822289581 
324 4.3224927706247795 
325 4.57170578858058 
326 4.1095208146567 
327 4.406881636751001 
328 3.92018616232264 
329 4.19835003944186 
330 3.9633130001989203 
331 4.19835003944186 
332 3.9605827240943 
333 4.0332135179504 
334 3.96538765541654 
335 4.08445948237668 
336 4.06402928961734 
337 4.19211794956776 
338 4.09471414485506 
339 4.26995298574738 
340 4.05058690716504 
341 4.29905596007782 
342 3.9927678251228 
343 4.25542871650932 
344 3.97159765322902 
345 4.3202844343737 
346 3.9562611227820597 
347 4.26400571056324 
348 3.9975500668829604 
349 4.28179923454774 
350 3.9258183286428805 
351 4.2526962602173 
352 3.9965208865684 
353 4.3512268191968 
354 3.97326256907782 
355 4.130498046080961 
356 3.96549623151454 
357 4.1505176149783605 
358 3.86489780378394 
359 4.03936843921862 
360 3.87156786324444 
361 3.8918789461572603 
362 3.6997894643640996 
363 4.04379858958762 
364 3.7291061268352204 
365 4.2509357141218 
366 3.73196052520062 
367 4.18536437790452 
368 3.82890539664866 
369 4.29293011908508 
370 3.94128888228012 
371 4.4404196121464405 
372 4.0534118323304 
373 4.2516151821207 
374 3.9988854518087202 
375 3.98186286115894 
376 3.96655755299458 
377 3.93218852449408 
378 3.9667697992873796 
379 3.87828719239604 
380 3.7825972582518803 
381 3.8550879435820598 
382 3.8526221714229 
383 3.9892615292837 
384 3.94565100745688 
385 4.2884101311528 
386 3.85662301910694 
387 4.18725300915596 
388 3.67244605135786 
389 4.01261476963132 
390 3.60006413957804 
391 3.8662066042602 
392 3.75878008429286 
393 3.7080440318534 
394 3.80650657648006 
395 3.44039130674104 
396 3.99102076771318 
397 3.50124134747362 
398 4.22725226859786 
399 3.5026876159285 
400 4.2224781746732605 
401 3.6795727048544995 
402 4.31601683343662 
403 3.9656067084926803 
404 4.29776401641808 
405 3.9660574094585 
406 4.17629873592588 
407 3.9209247165759797 
408 4.179786593682239 
409 4.0518998344243995 
410 4.16729291189428 
411 3.7625427081865 
412 4.1884043005930005 
413 3.75933906831094 
414 4.1074248321794995 
415 3.7069279398881596 
416 4.1200062720098405 
417 3.81594322399296 
418 3.9987289360375002 
419 3.86962559599948 
420 3.8622967056710005 
421 4.01201444171324 
422 3.76462275342534 
423 4.01969481388358 
424 3.7756139436675604 
425 4.03711751052166 
426 3.9078758679509398 
427 4.264736581677679 
428 4.05240864157202 
429 4.43023754445196 
430 3.9344265887314798 
431 4.26010700160378 
432 4.06247711589948 
433 4.38876130164568 
434 4.14526935268824 
435 4.453950271247 
436 4.1815108906539 
437 4.370390378437881 
438 3.96191011126108 
439 4.08781688023492 
440 4.0986850146078 
441 3.9354582309538797 
442 3.9386107622428397 
443 3.7940773838163997 
444 3.9099844038169005 
445 3.7060094827483803 
446 3.80606692058186 
447 3.47363133215604 
448 3.9331328431411 
449 3.4667548882832797 
450 3.8682430346364796 
451 3.7892440804125003 
452 3.7673699068746203 
453 3.75484952117586 
454 3.77437984453438 
455 3.77918057576462 
456 3.68547039900906 
457 3.7286683354769004 
458 3.5993636298122604 
459 3.7026112429751796 
460 3.7652427713336203 
461 3.49068954041386 
462 3.8152743616398603 
463 3.4692459897528005 
464 3.71892696658986 
465 3.53651294051444 
466 3.90299497220298 
467 3.73596043491578 
468 4.066212098453 
469 3.8558371817520403 
470 4.14316454071474 
471 4.067758884313379 
472 4.2431556124408 
473 4.30456373160478 
474 4.35902815022466 
475 4.37400561610906 
476 4.32132346248852 
477 4.3778765333431 
478 4.1998089380376005 
479 4.38244155831252 
480 4.001466279202161 
481 4.38244155831252 
482 3.9666387150835596 
483 4.36116964853852 
484 3.89752963467924 
485 4.36930203376314 
486 3.8544483873452995 
487 4.29315488441032 
488 3.9165514848616603 
489 4.23236316221244 
490 3.85765313216978 
491 3.9182169229204398 
492 3.6851478078123003 
493 3.88206254705214 
494 3.5624869620434803 
495 3.91458307664916 
496 3.3983717598792405 
497 3.85184324584858 
498 3.2532404312632 
499 3.89687755733452 
500 3.22615855956186 
501 3.90035224227302 
502 3.25698991020984 
503 3.67392582367642 
504 3.2557657243289198 
505 3.50322129184102 
506 3.28206061301756 
507 3.47399936765902 
508 3.23275420667028 
509 3.58943034319732 
510 3.4622139980485 
511 3.62686302399866 
512 3.5544141339811803 
513 3.756847663066 
514 3.7808982346975397 
515 3.75777835903598 
516 3.8597204914445795 
517 3.83243358308374 
518 3.84420906254526 
519 3.676783889038 
520 3.6187699249858 
521 3.95002276259016 
522 3.71096381556728 
523 3.8585618571033797 
524 3.6274403488743197 
525 3.8824213829121 
526 3.467027192992 
527 3.73920395192944 
528 3.68638603813456 
529 3.9316424584447 
530 3.93275076946476 
531 3.5900877421977597 
532 3.72257046957564 
533 3.4789386303919003 
534 3.6288933124630196 
535 3.50847688727754 
536 3.6826538227417798 
537 3.71604801761478 
538 3.61619988896164 
539 3.72173189303628 
540 3.53966008629758 
541 4.00413759279916 
542 3.68170435145064 
543 4.1486321874155 
544 3.6207415659115 
545 4.11842644764746 
546 3.64329879314812 
547 4.05337336640342 
548 3.5744624526047195 
549 3.9127481488537 
550 3.2692913660201 
551 3.97189716533776 
552 3.14734327677096 
553 3.9221857178389 
554 3.142468135305 
555 3.87956494956934 
556 3.16642041624696 
557 3.7520213112063403 
558 3.1791649208228803 
559 3.6369536730128202 
560 3.36703437279266 
561 3.2985965322729798 
562 3.38137993203218 
563 3.2652474677440204 
564 3.58974386086732 
565 3.2721135247137196 
566 3.6634987972240802 
567 3.3453884540297603 
568 3.7769535624161596 
569 3.4377421106380197 
570 3.7489677083193795 
571 3.75472166016092 
572 4.042665472502501 
573 3.7514518313527 
574 4.0493630962557 
575 3.9758803273624403 
576 4.08776132972826 
577 4.05316940160062 
578 4.1074188055109 
579 4.222209495427959 
580 4.03309659058568 
581 4.24358708664488 
582 3.95809577765728 
583 4.33351219442328 
584 3.8744355430763 
585 4.20189245371314 
586 4.05591791893372 
587 4.28164160428162 
588 4.01486318745554 
589 4.2236202680821 
590 4.2716007173099 
591 3.8570565647381003 
592 4.05260291358194 
593 3.76955392705442 
594 4.20298331561082 
595 3.7984638244908195 
596 4.04771855688098 
597 3.7925294264956597 
598 4.0885871122313 
599 3.7596329827323 
600 4.09793635361672 
601 4.05401978482952 
602 4.237036445358401 
603 4.34744159644822 
604 4.1650754189103605 
605 4.24313644279802 
606 4.11530318844688 
607 4.06493600765398 
608 4.2561764723424 
609 4.09122680690054 
610 4.36404711313976 
611 3.94270699210348 
612 4.35722974608882 
613 3.67963956252324 
614 4.46081977736506 
615 3.6886373139595 
616 4.34558249255538 
617 3.6151971868120802 
618 4.34558249255538 
619 3.7230422828903995 
620 4.34558249255538 
621 3.7590363742305 
622 4.1863096072590205 
623 3.69300077272202 
624 4.22414357037996 
625 3.6396703406568003 
626 4.41487639010428 
627 3.80830233702448 
628 4.41487639010428 
629 3.52778743754972 
630 4.3855768700392 
631 3.4725580018313797 
632 4.45187102153566 
633 3.52065396373024 
634 4.45187102153566 
635 3.5504756900969396 
636 4.45077530865578 
637 3.5739307560310003 
638 4.290698784420259 
639 3.61214702021392 
640 4.33471079490648 
641 3.5565237730121604 
642 4.3234984604352 
643 3.5579075366272397 
644 4.3234984604352 
645 3.77785896852712 
646 4.3866909243997805 
647 3.8277545751515 
648 4.3982101597979 
649 3.81969440273784 
650 4.38349766937676 
651 4.0329699699137 
652 4.4172187810813 
653 4.13161824958176 
654 4.32615936450534 
655 3.8072227637358402 
656 4.24923463631588 
657 3.8806097332567395 
658 4.28280288845226 
659 4.13096854096222 
660 4.02614669356932 
661 3.95678511778016 
662 3.8794811281193198 
663 3.91549162397308 
664 3.9219244232115402 
665 4.11597667551504 
666 3.7909061001193995 
667 4.06698711139426 
668 3.63341164443054 
669 3.92744821616172 
670 3.5856823997784604 
671 3.94907751962162 
672 3.66833655656266 
673 3.8762726816769204 
674 3.5554079145955 
675 3.88216074215946 
676 3.83031601745516 
677 4.0265086756808 
678 3.86520043970756 
679 4.02367495541206 
680 3.9057847792889397 
681 3.95949696335792 
682 3.91685865503088 
683 3.9819397269955403 
684 4.0784034184818 
685 3.9319831397505602 
686 3.90368175568396 
687 3.8573314800315996 
688 3.903888504199 
689 3.89563214220288 
690 3.8703161234277403 
691 3.9367190372017 
692 3.8626281295375002 
693 3.95308752588018 
694 3.87294982996728 
695 3.9450983905630403 
696 3.9255413244497 
697 3.9360395388117198 
698 3.8740385440799003 
699 3.9330368663361597 
700 3.9251995912544997 
701 3.8862132314504203 
702 3.96985893570886 
703 3.7143496186705804 
704 3.7271887630406804 
705 3.58387374972612 
706 3.8493189313561205 
707 3.6689466321066595 
708 3.9103701869137404 
709 3.6992150714699 
710 3.8937478311141 
711 3.72261914282542 
712 3.81568978414138 
713 3.69758572232866 
714 4.04803825637976 
715 3.7700039484510803 
716 3.9014291551662197 
717 3.7849719906215804 
718 3.8743627647439602 
719 3.76909492139274 
720 3.9631254265688396 
721 3.8565434227245197 
722 4.14631535030402 
723 3.84540758999146 
724 4.14631535030402 
725 3.8184801501119603 
726 4.29292445151758 
727 3.5920521970943198 
728 4.0650939199613605 
729 3.43493520294282 
730 3.85112878589002 
731 3.178270440734 
732 3.7092644605087797 
733 3.17625969509462 
734 3.7092644605087797 
735 3.2102827307910196 
736 3.69272612014422 
737 3.18938566872372 
738 3.8613459808654604 
739 3.30192213876772 
740 3.9239550668685 
741 3.3607646791901202 
742 3.98355899154828 
743 3.37271770644452 
744 3.89961628572172 
745 3.33071570729082 
746 3.84633118015798 
747 3.4505667377763203 
748 4.096538411891 
749 3.73280960769074 
750 4.0289326708939 
751 3.6795770560290597 
752 3.9806683310749 
753 3.64482683487248 
754 3.8882031982739798 
755 3.67760137425266 
756 3.73828296042364 
757 3.62745307720228 
758 3.6021533233619203 
759 3.45317997901952 
760 3.74390760660368 
761 3.6040260204097003 
762 3.8399528247994397 
763 3.7348370336195402 
764 4.00173502065152 
765 3.72867203957768 
766 4.21359941863736 
767 3.74157359263288 
768 4.27096608033062 
769 3.654469110521 
770 4.33737743321886 
771 3.7164204251835997 
772 4.38728144374182 
773 3.6980547407145203 
774 4.42442486974178 
775 3.7336711009103 
776 4.4323041555346006 
777 3.7054117021950397 
778 4.43072845365252 
779 3.8089814772019404 
780 4.34851611308802 
781 3.8128930979583204 
782 4.37127837830318 
783 3.86540301934642 
784 4.19630275456472 
785 3.8512479622647 
786 4.1676854234290195 
787 3.7762930955635197 
788 3.9849163620619796 
789 3.7001998204179003 
790 3.96160692160102 
791 3.61816900913052 
792 3.90907859382972 
793 3.5910875007501604 
794 3.86727984322768 
795 3.55563052608302 
796 3.8958971743633803 
797 3.71397310913692 
798 3.9866216422605802 
799 3.8459459415677997 
800 3.98147269249264 
801 3.88500726964316 
802 4.05636502631652 
803 3.880270316702 
804 4.13063696957172 
805 3.89092667387386 
806 3.9688986928023 
807 3.81782345996558 
808 3.9785674054804603 
809 3.7490543187823198 
810 3.90142467053192 
811 3.7535907834154 
812 3.7289611885513 
813 3.57248369170482 
814 3.8489458364119997 
815 3.59489393910144 
816 4.01068411318144 
817 3.58198452064782 
818 3.86579373611782 
819 3.4031334337934 
820 3.82214282671218 
821 3.4218448601077 
822 3.96936092447264 
823 3.44051723482328 
824 3.86662245773904 
825 3.39057293148418 
826 3.6530808521154396 
827 3.55635359723412 
828 3.8588335892828 
829 3.8988296594462 
830 3.8691812054714 
831 3.81139015408802 
832 4.09158023524012 
833 3.8926321062319404 
834 4.04634740856566 
835 3.91304080504558 
836 4.01191984609424 
837 3.69850916987248 
838 3.99298527942596 
839 3.48095094064366 
840 3.81960843772218 
841 3.40382216073028 
842 3.5918656199241 
843 3.4515476505029605 
844 3.46094250776202 
845 3.3690162485928 
846 3.42942047541162 
847 3.3339919952532 
848 3.3320849609748002 
849 3.25011334365328 
850 3.4434427375506202 
851 3.2486854067274202 
852 3.6215167562831803 
853 3.26891425233922 
854 3.9040338799675403 
855 3.32173459871442 
856 4.18352508041296 
857 3.48292776893108 
858 4.0803131144284 
859 3.5577792647983997 
860 3.89340213513506 
861 3.4740228451767003 
862 4.03259953480832 
863 3.60389201083292 
864 4.02359643850994 
865 3.62945846667798 
866 4.04645284875922 
867 3.5114437900652398 
868 4.32160822547778 
869 3.67680784511154 
870 4.4068920202612 
871 3.74096629000156 
872 4.22149079277048 
873 3.63944374179212 
874 4.226871170954579 
875 3.5996201815175 
876 4.002131112911799 
877 3.6374575597123404 
878 3.86715015326664 
879 3.4183810646965 
880 3.8908484013436597 
881 3.41378115951568 
882 3.9495267547683 
883 3.4503290472025805 
884 3.8180442418796603 
885 3.4690073267950603 
886 3.82232310122564 
887 3.4535847035343203 
888 3.8965283730250597 
889 3.64665905406126 
890 3.9602094766977403 
891 3.61781060308032 
892 4.01548256181676 
893 3.6737576138136 
894 4.13804580688874 
895 3.6237909006771196 
896 4.24671533227424 
897 3.64489963806202 
898 4.26703103133014 
899 3.5933535119722797 
900 4.22607095548762 
901 3.62477720198822 
902 4.14920624607564 
903 3.6738560464152004 
904 4.17668461485162 
905 3.74052178429788 
906 4.18946244561174 
907 3.82984834993414 
908 4.1295272553871 
909 3.7609366860494604 
910 4.10304038182384 
911 3.8088337874348803 
912 4.22945496439918 
913 3.83328533701834 
914 4.0927366378586 
915 3.8674341148564997 
916 4.14802258019556 
917 3.7754843513827 
918 4.1492281598763 
919 3.7391774245708396 
920 4.16495381616428 
921 3.7231209743861795 
922 4.0756704950995 
923 3.6224887445458798 
924 4.1892349293067195 
925 3.5694041621138197 
926 3.86798724365856 
927 3.44505510658398 
928 3.7466402320925196 
929 3.4517440474082 
930 3.7982276362754197 
931 3.44117346492338 
932 3.74753739970714 
933 3.33061686118534 
934 3.4343582131904595 
935 3.24814316701178 
936 3.7126725622661803 
937 3.2185266612588004 
938 3.7319379340045002 
939 3.18716261449878 
940 3.76392265726948 
941 3.4356988617865 
942 3.6735809679769 
943 3.3408686640271 
944 3.69086200914194 
945 3.3400967332823 
946 3.4700332550589 
947 3.45076902948916 
948 3.4628212699099996 
949 3.40668612429006 
950 3.427141461951 
951 3.2083189328277797 
952 3.5903723979205204 
953 3.49847390456586 
954 3.62181495273932 
955 3.5203760914735396 
956 3.6684113237667804 
957 3.4137537051016205 
958 3.91973038355694 
959 3.6261990783334 
960 3.9422667097300397 
961 3.6228459582956196 
962 3.98721670351338 
963 3.5798215620024 
964 4.114893887615279 
965 3.7542777181432796 
966 4.19998418148056 
967 3.9521158831287204 
968 4.0089760586844 
969 3.8863415231827405 
970 4.06423691270476 
971 4.04171932355272 
972 4.06323545508332 
973 4.0781542123638 
974 4.140999611713999 
975 4.16222003804644 
976 4.10570327118094 
977 4.1121515697715 
978 4.2167802539433 
979 4.132553759779 
980 4.2835304026358 
981 4.15741817904832 
982 4.24764572091094 
983 4.14371277944756 
984 4.033254275876439 
985 3.99574192225662 
986 4.06583326963656 
987 4.17822131281996 
988 3.95880601090622 
989 4.33096672567992 
990 3.72320840425546 
991 4.142833970124061 
992 3.6586801607608797 
993 4.14029346903974 
994 3.5907361046809796 
995 4.13487546101046 
996 3.56309658122728 
997 4.08626504235498 
998 3.5827868236577602 
999 3.79607618475532 
1000 3.5876672459604997 
1001 4.0500368501347 
1002 3.51819379234704 
1003 4.1562539147756 
1004 3.71908302869234 
1005 4.12696868338626 
1006 3.6924113804439402 
1007 4.175579102041739 
1008 3.74005466474544 
1009 4.221851737076539 
1010 3.8505605599671595 
1011 4.24234750416096 
1012 3.84886767885248 
1013 4.01798325359594 
1014 3.76558390139152 
1015 4.06872083038988 
1016 3.7851498190822603 
1017 3.9953658939257997 
1018 3.79099897273352 
1019 4.17523964221704 
1020 3.76775801581786 
1021 4.15474387513262 
1022 3.8328108586487 
1023 4.27746493279832 
1024 3.8355346901817002 
1025 4.4005773988647805 
1026 3.8173902808205598 
1027 4.33119719283368 
1028 3.7972192413124803 
1029 4.36273826103548 
1030 3.8372106970355397 
1031 4.36273826103548 
1032 3.83280180359136 
1033 4.471466651622061 
1034 3.74761636695706 
1035 4.6125829701776 
1036 3.66930693467974 
1037 4.44437008242108 
1038 3.6343764360737403 
1039 4.1689131692112 
1040 3.4282563493323996 
1041 3.84434104072432 
1042 3.3502012340486202 
1043 3.6185633748764197 
1044 3.49911448693704 
1045 3.52250643288586 
1046 3.6054082184375 
1047 3.6329553451059398 
1048 3.8415421837211197 
1049 3.68428379449004 
1050 3.9979265553370196 
1051 3.74569803021002 
1052 4.17319461226486 
1053 3.85402840036458 
1054 4.0543985042599 
1055 3.60749144692522 
1056 4.158734298842 
1057 3.52830251376838 
1058 3.89231074407214 
1059 3.3833318391453404 
1060 4.08668396437984 
1061 3.4575856453071196 
1062 3.99772529953396 
1063 3.29863104508348 
1064 4.14578934098252 
1065 3.38164846856874 
1066 4.21129017932494 
1067 3.3997212292367402 
1068 4.32815522870048 
1069 3.56240246259762 
1070 4.12894380055168 
1071 3.51675123630926 
1072 4.254599233509181 
1073 3.6493967402292804 
1074 4.311478268916639 
1075 3.81037541188242 
1076 4.14783263831226 
1077 3.88123668346924 
1078 4.01233854312656 
1079 3.86716110835732 
1080 4.13126840923686 
1081 4.08708333301956 
1082 4.00985591630068 
1083 4.21245306182408 
1084 3.8839474644663396 
1085 4.16977541441598 
1086 3.7696784999039403 
1087 4.22391551270686 
1088 3.7148592406629803 
1089 4.12339430774052 
1090 3.49236454699318 
1091 3.95396620539436 
1092 3.5279083563681604 
1093 3.8630310376420396 
1094 3.3597573769211997 
1095 3.72918593269152 
1096 3.31050503832696 
1097 3.59994290258658 
1098 3.2974471982213602 
1099 3.73288571879268 
1100 3.2804955096580004 
1101 3.68270917255202 
1102 3.2249000096179996 
1103 3.59416611301378 
1104 3.40024783759502 
1105 3.5972971458382603 
1106 3.6261141388996 
1107 3.63541911301854 
1108 3.6427975954404195 
1109 3.63075692598604 
1110 3.8164027597917602 
1111 3.6758958510655 
1112 3.92706772504456 
1113 3.84366881359096 
1114 3.9149242807437803 
1115 3.8508635863323 
1116 3.8881138818978203 
1117 3.8860536472274196 
1118 4.0561698993509 
1119 3.9202567930087 
1120 3.9472058831882597 
1121 3.9767371169266603 
1122 3.89884880889264 
1123 3.8224846385092803 
1124 3.7985203244116 
1125 3.95535333363406 
1126 3.93736434943946 
1127 4.01593507652996 
1128 3.63925720967458 
1129 3.80154726613162 
1130 3.503921855358 
1131 3.6173783504249797 
1132 3.35729983965944 
1133 3.66354845969796 
1134 3.38552517880768 
1135 3.79978046130194 
1136 3.1264231432188003 
1137 3.95573189528436 
1138 3.26593258313284 
1139 4.09019385878744 
1140 3.2914907638347204 
1141 4.0045431763604 
1142 3.32918955431902 
1143 4.12650564905486 
1144 3.58176452771444 
1145 4.1201428687737 
1146 3.6927011623343398 
1147 3.86572096288444 
1148 4.03296787786502 
1149 4.10868741701732 
1150 4.362588944231559 
1151 4.3436885912165 
1152 4.61705919992408 
1153 4.3698264197217 
1154 4.39340775437184 
1155 4.135395992317941 
1156 4.29346546708846 
1157 4.2350437207063205 
1158 4.068451136303841 
1159 3.9747645669279996 
1160 3.76417383908606 
1161 3.8261488676193998 
1162 3.45862076192038 
1163 3.54526249322934 
1164 3.5124905262774 
1165 3.70897414924612 
1166 3.44655858832456 
1167 3.6139243873841798 
1168 3.5866117449575596 
1169 3.5855179058966002 
1170 3.5699208534604 
1171 3.6395112193475803 
1172 3.6496987890919597 
1173 3.88309033839784 
1174 3.6519801911588 
1175 3.70293051771906 
1176 3.62878369935668 
1177 3.6797859461115996 
1178 3.5635837037458997 
1179 3.6912381423106604 
1180 3.6198845947227603 
1181 3.70800110365142 
1182 3.60620002137822 
1183 3.5472885067277 
1184 3.68915721865988 
1185 3.47890876634402 
1186 3.69117332823562 
1187 3.44463111470606 
1188 3.54122105756556 
1189 3.40712508363658 
1190 3.646989308367 
1191 3.31349674363414 
1192 3.71185224890088 
1193 3.27731474910604 
1194 3.6383335331628404 
1195 3.26886350654416 
1196 3.7839144849868 
1197 3.51629077980174 
1198 3.9817957777140998 
1199 3.7237481507640195 
1200 4.10119913360878 
1201 3.90569887723694 
1202 4.18271222467774 
1203 3.98736975499322 
1204 4.18176642997024 
1205 4.19630825123182 
1206 4.25099036068716 
1207 4.23213888637644 
1208 4.14539587682274 
1209 4.36741269459608 
1210 4.16247467399936 
1211 4.33555448684802 
1212 4.27051817954038 
1213 4.5360339833966 
1214 4.09934091581942 
1215 4.3027984054832 
1216 3.93804590670768 
1217 4.16437403442786 
1218 3.9178108841440804 
1219 3.99605770043294 
1220 3.74570253207458 
1221 3.7842623259336596 
1222 3.4801983094770597 
1223 3.4443917905154597 
1224 3.6132939539720197 
1225 3.75564578601684 
1226 3.4643475629008798 
1227 3.5444265894212004 
1228 3.41525988090076 
1229 3.43900837397666 
1230 3.57842114788766 
1231 3.5190895805881 
1232 3.8658531474343 
1233 3.78909197091994 
1234 3.92424645649932 
1235 3.72941117863362 
1236 4.097895066892439 
1237 3.7480614525241998 
1238 4.27607016188276 
1239 3.94857896315756 
1240 4.31754204661506 
1241 4.0245102104304005 
1242 4.143237186383439 
1243 3.87759948173874 
1244 4.00831177009702 
1245 3.7314689686121603 
1246 4.11251542616444 
1247 3.8348107975020804 
1248 4.02564740076474 
1249 3.8299079159595797 
1250 3.7857841548455395 
1251 3.8966194864117396 
1252 3.7655328487499196 
1253 4.04287480898134 
1254 3.82420377411214 
1255 4.009385537009161 
1256 3.86304236501286 
1257 3.97636997662016 
1258 3.80438489349414 
1259 3.7790636849623396 
1260 3.874945427221 
1261 3.7867335445196195 
1262 3.87272464788346 
1263 3.64423153785334 
1264 3.9062406935667 
1265 3.7556901602308996 
1266 3.89276951881006 
1267 3.7920917464458803 
1268 4.04332171089266 
1269 3.82644857195744 
1270 4.06145415879032 
1271 3.8397145329965197 
1272 4.2363487497375205 
1273 3.92110691370524 
1274 4.1676894305877195 
1275 3.9184309377473396 
1276 3.9692778520054603 
1277 3.8036488319375 
1278 3.92354622955306 
1279 3.74921836232064 
1280 3.85030694518788 
1281 3.56270585757552 
1282 3.66601233183268 
1283 3.5845705293040604 
1284 3.8094778958415603 
1285 3.55072835708532 
1286 3.8470721020028797 
1287 3.53864555038356 
1288 3.6775883757501 
1289 3.6380597225013602 
1290 3.6727971211154 
1291 3.69242705085518 
1292 3.6328607534389397 
1293 3.5581185654293597 
1294 3.5473723822332404 
1295 3.51543551971978 
1296 3.54860540584544 
1297 3.4987207713868402 
1298 3.5823283304532603 
1299 3.4174640151149602 
1300 3.8056966123470195 
1301 3.6969632188127797 
1302 3.78606455472002 
1303 3.60979850123068 
1304 3.83751051394312 
1305 3.50469650639414 
1306 3.9246901273008397 
1307 3.41987475081636 
1308 3.97133468079774 
1309 3.43114137535782 
1310 3.9872128674669 
1311 3.3886404613057004 
1312 4.26452999516288 
1313 3.41446876043328 
1314 4.43132419628924 
1315 3.49989242545008 
1316 4.6311657752092 
1317 3.76689874050986 
1318 4.7439202087647 
1319 3.7946278942556804 
1320 4.73373557849062 
1321 3.52917932605474 
1322 4.75900954104312 
1323 3.68947603062606 
1324 4.74743780672338 
1325 3.79358218837788 
1326 4.73247585014522 
1327 4.0251303560499 
1328 4.68355478784904 
1329 4.04635097108902 
1330 4.70426317681996 
1331 4.2433837473838 
1332 4.70426317681996 
1333 4.25378950344184 
1334 4.70426317681996 
1335 4.35071943368858 
1336 4.4620846299237 
1337 4.30256386649362 
1338 4.26465882058282 
1339 4.2688246635486795 
1340 4.2354916373156595 
1341 4.21515783518062 
1342 4.09846052439798 
1343 4.10432521128478 
1344 3.8962920309333198 
1345 4.03825300090122 
1346 3.9347333199454804 
1347 4.04724374739302 
1348 3.94149382182714 
1349 4.0338461328212 
1350 3.80292025729306 
1351 4.00245023984622 
1352 3.67573687769506 
1353 4.115385778945759 
1354 3.68286551927224 
1355 4.12293183740068 
1356 3.70698680687318 
1357 4.049536035474 
1358 3.72365641088144 
1359 4.0823242064560805 
1360 3.8094222237977 
1361 4.13343514317744 
1362 3.7530033142611203 
1363 4.03180577776972 
1364 3.86965092034772 
1365 3.7677811011723 
1366 3.84917028493588 
1367 3.8153472501477603 
1368 3.85853677469128 
1369 3.9118456089103804 
1370 3.5726296174581202 
1371 3.62257341615222 
1372 3.46798885194368 
1373 3.85183072809622 
1374 3.32859472803982 
1375 3.7333101555907198 
1376 3.29109732138524 
1377 3.67121702987732 
1378 3.31017333664376 
1379 3.66835114416332 
1380 3.5656757975789395 
1381 3.95764356689712 
1382 3.60599583790806 
1383 3.8445890050039204 
1384 3.73630236138822 
1385 4.06181604379002 
1386 3.67532402079186 
1387 3.99259075712688 
1388 3.69866783548866 
1389 3.9446146434230003 
1390 3.6745707860247 
1391 3.90477308389208 
1392 3.6403352105152202 
1393 3.9054688437238396 
1394 3.71357313322274 
1395 3.97184537811298 
1396 3.7254692425702602 
1397 4.092936095525721 
1398 3.7183684517961604 
1399 4.0405332311271795 
1400 3.64955394247306 
1401 3.84266754342704 
1402 3.65315640586858 
1403 3.88516559461602 
1404 3.5919957889299 
1405 3.9269428284331 
1406 3.54915584950652 
1407 3.8072919928282603 
1408 3.37068942258066 
1409 3.6838676885306 
1410 3.2336917718585196 
1411 3.6459998906892204 
1412 3.14068862660094 
1413 3.64458445492778 
1414 3.12408842903086 
1415 3.57548002513656 
1416 3.1202020543996 
1417 3.53602558055942 
1418 3.213948333786 
1419 3.6177642938455796 
1420 3.47462119443638 
1421 3.86585879663794 
1422 3.4567130051034196 
1423 3.97395068029644 
1424 3.5656011176901004 
1425 3.85569323400466 
1426 3.68239654810678 
1427 3.93362417532598 
1428 3.68565436242832 
1429 3.88970264541354 
1430 3.73505347398648 
1431 3.83964590748624 
1432 3.8372384392635603 
1433 3.90000561636404 
1434 3.91313046062602 
1435 3.89079848242974 
1436 4.01105479510576 
1437 4.013157583417479 
1438 4.09691031442308 
1439 4.11821436587238 
1440 4.09696570918398 
1441 4.1522284087523404 
1442 4.1130750680058 
1443 4.0586789439160595 
1444 4.12681078051366 
1445 4.02424748657866 
1446 3.8823997429158603 
1447 3.78310612007056 
1448 3.89472916701148 
1449 3.8761542076062 
1450 3.7634205231845597 
1451 3.76242836430076 
1452 3.7765923491381996 
1453 3.71126646448442 
1454 3.65901353283072 
1455 3.82748334056616 
1456 3.7196588140447604 
1457 3.98274474222998 
1458 3.6431005233355003 
1459 3.84375411273054 
1460 3.6597167440584797 
1461 3.83903696709424 
1462 3.5673921912677997 
1463 3.85522806550208 
1464 3.70784490852614 
1465 3.55352911369706 
1466 3.82310248547306 
1467 3.56656785791316 
1468 3.9729310980989405 
1469 3.6812951448205604 
1470 3.81669428967788 
1471 3.5504388071069997 
1472 3.61753203749934 
1473 3.36445695624978 
1474 3.4023324614034403 
1475 3.5660600320803 
1476 3.33765743903452 
1477 3.4774834150799996 
1478 3.2315395401629 
1479 3.37119863437382 
1480 3.39859923118278 
1481 3.43990331847978 
1482 3.67972452593486 
1483 3.6701666516911 
1484 3.8193235570914603 
1485 3.79641376252592 
1486 3.80232006089338 
1487 3.82721681198898 
1488 3.8488597388387804 
1489 3.9162605461263196 
1490 3.9089327393016395 
1491 4.07603448333912 
1492 3.85030464981 
1493 4.04282870180224 
1494 3.92385712572442 
1495 4.10026674864878 
1496 4.00479961166782 
1497 4.12734656907406 
1498 4.02819193635826 
1499 4.11153935841564 
1500 3.8512823967839998 
1501 3.9256937638430003 
1502 3.82771629477052 
1503 3.9165372651003203 
1504 3.86506197352276 
1505 3.82144241058898 
1506 3.7170754713526 
1507 3.7069831663576998 
1508 3.64348406830524 
1509 3.61902598898806 
1510 3.6652166837080005 
1511 3.5967406419810404 
1512 3.6632898559152998 
1513 3.59702245079026 
1514 3.6042845142334996 
1515 3.59275534693448 
1516 3.78805839806214 
1517 3.7777571294895402 
1518 3.66400464008748 
1519 3.68317799845856 
1520 3.79094462288568 
1521 3.8995908817622995 
1522 3.79664308549088 
1523 3.9064341782236602 
1524 3.8934963276155004 
1525 3.95940371537324 
1526 3.9265606673236 
1527 3.96193384926546 
1528 3.9216986123661997 
1529 3.96450067598892 
1530 3.9802862579739804 
1531 3.9119916142454003 
1532 3.82349994561934 
1533 3.78376318709356 
1534 3.8864422824194795 
1535 3.8514515069966597 
1536 3.9186286837961197 
1537 3.77682311121546 
1538 4.07877788589488 
1539 3.91175882197766 
1540 3.9832335403316597 
1541 3.8905012761257196 
1542 4.01349787724656 
1543 3.9493122203214197 
1544 4.00984532480916 
1545 3.8937041031767 
1546 3.98018862717662 
1547 3.92271758610634 
1548 4.04106647045176 
1549 3.99948774829574 
1550 4.01312963291312 
1551 4.06694099461746 
