0 40.0 
1 40.0 
2 40.0 
3 40.0 
4 40.0 
5 40.0 
6 40.0 
7 40.0 
8 40.0 
9 40.0 
10 40.0 
11 20.0 
12 40.0 
13 0.0 
14 40.0 
15 20.0 
16 40.0 
17 20.0 
18 40.0 
19 20.0 
20 40.0 
21 20.0 
22 20.0 
23 20.0 
24 20.0 
25 20.0 
26 20.0 
27 20.0 
28 20.0 
29 20.0 
30 20.0 
31 20.0 
32 40.0 
33 20.0 
34 40.0 
35 0.0 
36 40.0 
37 0.0 
38 20.0 
39 0.0 
40 20.0 
41 0.0 
42 0.0 
43 0.0 
44 0.0 
45 0.0 
46 20.0 
47 0.0 
48 20.0 
49 0.0 
50 20.0 
51 0.0 
52 20.0 
53 0.0 
54 20.0 
55 20.0 
56 0.0 
57 40.0 
58 0.0 
59 40.0 
60 0.0 
61 40.0 
62 0.0 
63 40.0 
64 0.0 
65 40.0 
66 0.0 
67 20.0 
68 0.0 
69 20.0 
70 0.0 
71 20.0 
72 0.0 
73 20.0 
74 0.0 
75 0.0 
76 0.0 
77 20.0 
78 0.0 
79 20.0 
80 0.0 
81 20.0 
82 0.0 
83 20.0 
84 20.0 
85 20.0 
86 20.0 
87 0.0 
88 20.0 
89 0.0 
90 20.0 
91 0.0 
92 20.0 
93 0.0 
94 20.0 
95 0.0 
96 20.0 
97 0.0 
98 20.0 
99 0.0 
100 20.0 
101 0.0 
102 20.0 
103 0.0 
104 20.0 
105 0.0 
106 40.0 
107 20.0 
108 40.0 
109 20.0 
110 40.0 
111 20.0 
112 40.0 
113 20.0 
114 40.0 
115 20.0 
116 20.0 
117 20.0 
118 20.0 
119 20.0 
120 20.0 
121 20.0 
122 20.0 
123 20.0 
124 20.0 
125 20.0 
126 20.0 
127 20.0 
128 20.0 
129 20.0 
130 20.0 
131 20.0 
132 20.0 
133 20.0 
134 0.0 
135 20.0 
136 0.0 
137 0.0 
138 0.0 
139 0.0 
140 0.0 
141 0.0 
142 0.0 
143 0.0 
144 0.0 
145 0.0 
146 20.0 
147 0.0 
148 20.0 
149 0.0 
150 20.0 
151 0.0 
152 20.0 
153 0.0 
154 20.0 
155 0.0 
156 0.0 
157 0.0 
158 20.0 
159 0.0 
160 20.0 
161 0.0 
162 20.0 
163 20.0 
164 20.0 
165 20.0 
166 20.0 
167 20.0 
168 0.0 
169 20.0 
170 0.0 
171 0.0 
172 0.0 
173 0.0 
174 0.0 
175 0.0 
176 0.0 
177 0.0 
178 0.0 
179 0.0 
180 0.0 
181 0.0 
182 0.0 
183 0.0 
184 0.0 
185 0.0 
186 0.0 
187 0.0 
188 20.0 
189 0.0 
190 20.0 
191 0.0 
192 20.0 
193 20.0 
194 20.0 
195 20.0 
196 20.0 
197 20.0 
198 0.0 
199 40.0 
200 20.0 
201 40.0 
202 40.0 
203 40.0 
204 40.0 
205 40.0 
206 40.0 
207 40.0 
208 40.0 
209 40.0 
210 40.0 
211 60.0 
212 20.0 
213 60.0 
214 20.0 
215 60.0 
216 20.0 
217 60.0 
218 40.0 
219 60.0 
220 40.0 
221 40.0 
222 40.0 
223 40.0 
224 40.0 
225 40.0 
226 60.0 
227 40.0 
228 60.0 
229 40.0 
230 60.0 
231 40.0 
232 80.0 
233 40.0 
234 80.0 
235 60.0 
236 60.0 
237 60.0 
238 40.0 
239 60.0 
240 40.0 
241 60.0 
242 40.0 
243 60.0 
244 40.0 
245 40.0 
246 40.0 
247 60.0 
248 40.0 
249 60.0 
250 40.0 
251 60.0 
252 40.0 
253 60.0 
254 40.0 
255 60.0 
256 40.0 
257 60.0 
258 40.0 
259 40.0 
260 40.0 
261 40.0 
262 40.0 
263 20.0 
264 40.0 
265 20.0 
266 40.0 
267 20.0 
268 40.0 
269 20.0 
270 40.0 
271 20.0 
272 40.0 
273 20.0 
274 40.0 
275 20.0 
276 40.0 
277 20.0 
278 40.0 
279 20.0 
280 40.0 
281 40.0 
282 40.0 
283 40.0 
284 40.0 
285 60.0 
286 40.0 
287 60.0 
288 40.0 
289 60.0 
290 20.0 
291 60.0 
292 20.0 
293 60.0 
294 20.0 
295 60.0 
296 20.0 
297 40.0 
298 20.0 
299 60.0 
300 20.0 
301 60.0 
302 20.0 
303 60.0 
304 20.0 
305 60.0 
306 20.0 
307 60.0 
308 20.0 
309 40.0 
310 20.0 
311 40.0 
312 20.0 
313 40.0 
314 20.0 
315 40.0 
316 20.0 
317 60.0 
318 20.0 
319 60.0 
320 20.0 
321 60.0 
322 20.0 
323 60.0 
324 20.0 
325 60.0 
326 20.0 
327 40.0 
328 20.0 
329 40.0 
330 20.0 
331 40.0 
332 20.0 
333 60.0 
334 20.0 
335 60.0 
336 20.0 
337 60.0 
338 20.0 
339 60.0 
340 20.0 
341 60.0 
342 20.0 
343 60.0 
344 20.0 
345 60.0 
346 20.0 
347 60.0 
348 20.0 
349 60.0 
350 20.0 
351 60.0 
352 20.0 
353 40.0 
354 20.0 
355 40.0 
356 20.0 
357 40.0 
358 20.0 
359 40.0 
360 20.0 
361 40.0 
362 20.0 
363 60.0 
364 20.0 
365 60.0 
366 20.0 
367 60.0 
368 20.0 
369 60.0 
370 20.0 
371 60.0 
372 20.0 
373 60.0 
374 20.0 
375 40.0 
376 20.0 
377 40.0 
378 20.0 
379 40.0 
380 20.0 
381 40.0 
382 20.0 
383 40.0 
384 20.0 
385 40.0 
386 20.0 
387 40.0 
388 20.0 
389 60.0 
390 20.0 
391 40.0 
392 20.0 
393 40.0 
394 20.0 
395 40.0 
396 20.0 
397 60.0 
398 20.0 
399 60.0 
400 20.0 
401 60.0 
402 20.0 
403 60.0 
404 20.0 
405 60.0 
406 20.0 
407 60.0 
408 20.0 
409 40.0 
410 20.0 
411 60.0 
412 20.0 
413 60.0 
414 20.0 
415 60.0 
416 20.0 
417 40.0 
418 20.0 
419 40.0 
420 20.0 
421 40.0 
422 20.0 
423 40.0 
424 20.0 
425 40.0 
426 20.0 
427 40.0 
428 20.0 
429 40.0 
430 20.0 
431 40.0 
432 20.0 
433 40.0 
434 20.0 
435 40.0 
436 20.0 
437 40.0 
438 20.0 
439 40.0 
440 20.0 
441 40.0 
442 20.0 
443 40.0 
444 20.0 
445 60.0 
446 20.0 
447 60.0 
448 20.0 
449 60.0 
450 20.0 
451 60.0 
452 0.0 
453 60.0 
454 0.0 
455 60.0 
456 0.0 
457 60.0 
458 0.0 
459 60.0 
460 0.0 
461 40.0 
462 0.0 
463 40.0 
464 0.0 
465 40.0 
466 0.0 
467 40.0 
468 0.0 
469 60.0 
470 0.0 
471 60.0 
472 20.0 
473 60.0 
474 20.0 
475 60.0 
476 20.0 
477 60.0 
478 20.0 
479 60.0 
480 20.0 
481 60.0 
482 20.0 
483 60.0 
484 20.0 
485 40.0 
486 20.0 
487 40.0 
488 20.0 
489 40.0 
490 40.0 
491 60.0 
492 40.0 
493 60.0 
494 60.0 
495 60.0 
496 60.0 
497 60.0 
498 60.0 
499 40.0 
500 60.0 
501 40.0 
502 60.0 
503 20.0 
504 40.0 
505 20.0 
506 40.0 
507 40.0 
508 40.0 
509 60.0 
510 40.0 
511 60.0 
512 40.0 
513 60.0 
514 40.0 
515 60.0 
516 40.0 
517 40.0 
518 40.0 
519 20.0 
520 40.0 
521 20.0 
522 40.0 
523 20.0 
524 40.0 
525 20.0 
526 60.0 
527 20.0 
528 60.0 
529 20.0 
530 40.0 
531 20.0 
532 20.0 
533 20.0 
534 20.0 
535 20.0 
536 20.0 
537 20.0 
538 20.0 
539 40.0 
540 20.0 
541 40.0 
542 40.0 
543 40.0 
544 40.0 
545 40.0 
546 20.0 
547 40.0 
548 40.0 
549 40.0 
550 40.0 
551 40.0 
552 20.0 
553 40.0 
554 20.0 
555 40.0 
556 20.0 
557 40.0 
558 0.0 
559 40.0 
560 0.0 
561 40.0 
562 0.0 
563 40.0 
564 20.0 
565 40.0 
566 20.0 
567 40.0 
568 40.0 
569 40.0 
570 40.0 
571 40.0 
572 40.0 
573 40.0 
574 40.0 
575 40.0 
576 40.0 
577 40.0 
578 40.0 
579 40.0 
580 40.0 
581 40.0 
582 40.0 
583 40.0 
584 20.0 
585 40.0 
586 20.0 
587 40.0 
588 20.0 
589 40.0 
590 40.0 
591 20.0 
592 40.0 
593 20.0 
594 40.0 
595 20.0 
596 40.0 
597 20.0 
598 40.0 
599 20.0 
600 40.0 
601 40.0 
602 40.0 
603 40.0 
604 60.0 
605 40.0 
606 60.0 
607 40.0 
608 40.0 
609 40.0 
610 40.0 
611 20.0 
612 40.0 
613 20.0 
614 40.0 
615 20.0 
616 40.0 
617 20.0 
618 40.0 
619 20.0 
620 40.0 
621 20.0 
622 40.0 
623 20.0 
624 40.0 
625 20.0 
626 40.0 
627 20.0 
628 60.0 
629 20.0 
630 60.0 
631 20.0 
632 60.0 
633 20.0 
634 60.0 
635 20.0 
636 60.0 
637 40.0 
638 40.0 
639 40.0 
640 40.0 
641 40.0 
642 40.0 
643 40.0 
644 40.0 
645 40.0 
646 60.0 
647 40.0 
648 60.0 
649 20.0 
650 40.0 
651 20.0 
652 40.0 
653 20.0 
654 40.0 
655 20.0 
656 40.0 
657 20.0 
658 40.0 
659 20.0 
660 40.0 
661 20.0 
662 40.0 
663 20.0 
664 40.0 
665 20.0 
666 20.0 
667 20.0 
668 20.0 
669 20.0 
670 20.0 
671 20.0 
672 20.0 
673 20.0 
674 20.0 
675 20.0 
676 40.0 
677 20.0 
678 40.0 
679 40.0 
680 40.0 
681 40.0 
682 40.0 
683 40.0 
684 40.0 
685 40.0 
686 40.0 
687 40.0 
688 40.0 
689 40.0 
690 40.0 
691 60.0 
692 40.0 
693 40.0 
694 40.0 
695 40.0 
696 40.0 
697 40.0 
698 40.0 
699 40.0 
700 40.0 
701 40.0 
702 40.0 
703 40.0 
704 40.0 
705 40.0 
706 40.0 
707 40.0 
708 40.0 
709 40.0 
710 40.0 
711 40.0 
712 40.0 
713 40.0 
714 40.0 
715 40.0 
716 20.0 
717 40.0 
718 20.0 
719 40.0 
720 20.0 
721 60.0 
722 20.0 
723 40.0 
724 0.0 
725 40.0 
726 0.0 
727 20.0 
728 0.0 
729 20.0 
730 0.0 
731 20.0 
732 0.0 
733 20.0 
734 0.0 
735 20.0 
736 0.0 
737 20.0 
738 0.0 
739 20.0 
740 0.0 
741 20.0 
742 0.0 
743 20.0 
744 20.0 
745 20.0 
746 20.0 
747 20.0 
748 20.0 
749 40.0 
750 20.0 
751 40.0 
752 20.0 
753 40.0 
754 20.0 
755 40.0 
756 20.0 
757 40.0 
758 20.0 
759 40.0 
760 20.0 
761 20.0 
762 20.0 
763 20.0 
764 20.0 
765 20.0 
766 20.0 
767 20.0 
768 40.0 
769 0.0 
770 40.0 
771 20.0 
772 60.0 
773 20.0 
774 60.0 
775 20.0 
776 60.0 
777 20.0 
778 60.0 
779 20.0 
780 60.0 
781 20.0 
782 60.0 
783 0.0 
784 60.0 
785 0.0 
786 60.0 
787 0.0 
788 60.0 
789 20.0 
790 60.0 
791 40.0 
792 40.0 
793 40.0 
794 40.0 
795 40.0 
796 60.0 
797 40.0 
798 40.0 
799 40.0 
800 60.0 
801 20.0 
802 60.0 
803 20.0 
804 60.0 
805 20.0 
806 60.0 
807 20.0 
808 60.0 
809 20.0 
810 60.0 
811 20.0 
812 60.0 
813 20.0 
814 60.0 
815 20.0 
816 40.0 
817 40.0 
818 40.0 
819 40.0 
820 20.0 
821 40.0 
822 20.0 
823 40.0 
824 20.0 
825 40.0 
826 20.0 
827 40.0 
828 20.0 
829 40.0 
830 40.0 
831 40.0 
832 60.0 
833 60.0 
834 40.0 
835 60.0 
836 40.0 
837 40.0 
838 40.0 
839 40.0 
840 40.0 
841 20.0 
842 20.0 
843 20.0 
844 20.0 
845 20.0 
846 20.0 
847 40.0 
848 20.0 
849 40.0 
850 0.0 
851 40.0 
852 20.0 
853 40.0 
854 40.0 
855 40.0 
856 40.0 
857 40.0 
858 40.0 
859 20.0 
860 40.0 
861 20.0 
862 60.0 
863 40.0 
864 40.0 
865 40.0 
866 40.0 
867 20.0 
868 40.0 
869 20.0 
870 20.0 
871 20.0 
872 0.0 
873 20.0 
874 0.0 
875 20.0 
876 0.0 
877 40.0 
878 20.0 
879 40.0 
880 20.0 
881 40.0 
882 20.0 
883 20.0 
884 20.0 
885 20.0 
886 40.0 
887 0.0 
888 20.0 
889 0.0 
890 20.0 
891 0.0 
892 20.0 
893 0.0 
894 20.0 
895 0.0 
896 0.0 
897 0.0 
898 20.0 
899 0.0 
900 20.0 
901 0.0 
902 20.0 
903 0.0 
904 20.0 
905 0.0 
906 20.0 
907 0.0 
908 0.0 
909 0.0 
910 0.0 
911 20.0 
912 0.0 
913 20.0 
914 0.0 
915 20.0 
916 0.0 
917 40.0 
918 20.0 
919 60.0 
920 20.0 
921 60.0 
922 40.0 
923 60.0 
924 40.0 
925 60.0 
926 40.0 
927 60.0 
928 20.0 
929 60.0 
930 40.0 
931 60.0 
932 40.0 
933 60.0 
934 40.0 
935 60.0 
936 40.0 
937 60.0 
938 40.0 
939 40.0 
940 20.0 
941 40.0 
942 0.0 
943 40.0 
944 0.0 
945 40.0 
946 0.0 
947 40.0 
948 0.0 
949 40.0 
950 20.0 
951 40.0 
952 20.0 
953 40.0 
954 40.0 
955 40.0 
956 60.0 
957 20.0 
958 80.0 
959 20.0 
960 80.0 
961 20.0 
962 80.0 
963 40.0 
964 80.0 
965 60.0 
966 60.0 
967 80.0 
968 40.0 
969 80.0 
970 20.0 
971 80.0 
972 20.0 
973 80.0 
974 0.0 
975 80.0 
976 20.0 
977 80.0 
978 20.0 
979 80.0 
980 20.0 
981 80.0 
982 20.0 
983 80.0 
984 20.0 
985 60.0 
986 0.0 
987 60.0 
988 0.0 
989 60.0 
990 0.0 
991 40.0 
992 0.0 
993 20.0 
994 0.0 
995 20.0 
996 20.0 
997 0.0 
998 20.0 
999 0.0 
1000 20.0 
1001 0.0 
1002 20.0 
1003 0.0 
1004 20.0 
1005 0.0 
1006 0.0 
1007 0.0 
1008 20.0 
1009 0.0 
1010 20.0 
1011 0.0 
1012 20.0 
1013 0.0 
1014 20.0 
1015 20.0 
1016 20.0 
1017 20.0 
1018 20.0 
1019 20.0 
1020 20.0 
1021 20.0 
1022 40.0 
1023 20.0 
1024 40.0 
1025 0.0 
1026 40.0 
1027 0.0 
1028 40.0 
1029 0.0 
1030 40.0 
1031 20.0 
1032 40.0 
1033 20.0 
1034 40.0 
1035 20.0 
1036 40.0 
1037 20.0 
1038 40.0 
1039 20.0 
1040 40.0 
1041 20.0 
1042 20.0 
1043 20.0 
1044 20.0 
1045 20.0 
1046 40.0 
1047 20.0 
1048 20.0 
1049 20.0 
1050 20.0 
1051 0.0 
1052 20.0 
1053 20.0 
1054 20.0 
1055 20.0 
1056 0.0 
1057 20.0 
1058 0.0 
1059 20.0 
1060 0.0 
1061 20.0 
1062 0.0 
1063 0.0 
1064 0.0 
1065 0.0 
1066 20.0 
1067 20.0 
1068 20.0 
1069 20.0 
1070 20.0 
1071 20.0 
1072 40.0 
1073 20.0 
1074 40.0 
1075 20.0 
1076 40.0 
1077 20.0 
1078 40.0 
1079 20.0 
1080 40.0 
1081 20.0 
1082 20.0 
1083 20.0 
1084 20.0 
1085 20.0 
1086 20.0 
1087 0.0 
1088 20.0 
1089 0.0 
1090 20.0 
1091 20.0 
1092 20.0 
1093 20.0 
1094 20.0 
1095 20.0 
1096 20.0 
1097 20.0 
1098 20.0 
1099 20.0 
1100 20.0 
1101 0.0 
1102 20.0 
1103 0.0 
1104 20.0 
1105 0.0 
1106 20.0 
1107 0.0 
1108 20.0 
1109 0.0 
1110 20.0 
1111 0.0 
1112 20.0 
1113 0.0 
1114 20.0 
1115 20.0 
1116 20.0 
1117 20.0 
1118 40.0 
1119 20.0 
1120 40.0 
1121 20.0 
1122 40.0 
1123 20.0 
1124 40.0 
1125 0.0 
1126 40.0 
1127 0.0 
1128 40.0 
1129 0.0 
1130 40.0 
1131 0.0 
1132 40.0 
1133 0.0 
1134 40.0 
1135 0.0 
1136 20.0 
1137 20.0 
1138 20.0 
1139 20.0 
1140 20.0 
1141 20.0 
1142 20.0 
1143 40.0 
1144 40.0 
1145 60.0 
1146 40.0 
1147 40.0 
1148 40.0 
1149 40.0 
1150 40.0 
1151 40.0 
1152 40.0 
1153 20.0 
1154 40.0 
1155 0.0 
1156 40.0 
1157 20.0 
1158 40.0 
1159 20.0 
1160 40.0 
1161 20.0 
1162 40.0 
1163 20.0 
1164 20.0 
1165 20.0 
1166 20.0 
1167 20.0 
1168 0.0 
1169 20.0 
1170 0.0 
1171 20.0 
1172 0.0 
1173 20.0 
1174 0.0 
1175 20.0 
1176 0.0 
1177 0.0 
1178 0.0 
1179 0.0 
1180 20.0 
1181 0.0 
1182 40.0 
1183 20.0 
1184 40.0 
1185 20.0 
1186 40.0 
1187 20.0 
1188 40.0 
1189 20.0 
1190 40.0 
1191 20.0 
1192 40.0 
1193 0.0 
1194 40.0 
1195 0.0 
1196 40.0 
1197 0.0 
1198 40.0 
1199 0.0 
1200 20.0 
1201 0.0 
1202 0.0 
1203 0.0 
1204 0.0 
1205 0.0 
1206 0.0 
1207 0.0 
1208 0.0 
1209 20.0 
1210 0.0 
1211 20.0 
1212 0.0 
1213 20.0 
1214 0.0 
1215 20.0 
1216 0.0 
1217 20.0 
1218 0.0 
1219 0.0 
1220 0.0 
1221 20.0 
1222 0.0 
1223 40.0 
1224 0.0 
1225 40.0 
1226 20.0 
1227 40.0 
1228 20.0 
1229 40.0 
1230 20.0 
1231 20.0 
1232 20.0 
1233 0.0 
1234 20.0 
1235 20.0 
1236 20.0 
1237 20.0 
1238 20.0 
1239 20.0 
1240 20.0 
1241 20.0 
1242 20.0 
1243 20.0 
1244 20.0 
1245 20.0 
1246 0.0 
1247 20.0 
1248 0.0 
1249 20.0 
1250 0.0 
1251 20.0 
1252 0.0 
1253 40.0 
1254 0.0 
1255 40.0 
1256 0.0 
1257 40.0 
1258 20.0 
1259 40.0 
1260 20.0 
1261 40.0 
1262 20.0 
1263 40.0 
1264 40.0 
1265 20.0 
1266 40.0 
1267 20.0 
1268 20.0 
1269 20.0 
1270 40.0 
1271 40.0 
1272 40.0 
1273 20.0 
1274 20.0 
1275 20.0 
1276 40.0 
1277 20.0 
1278 40.0 
1279 20.0 
1280 40.0 
1281 20.0 
1282 60.0 
1283 20.0 
1284 80.0 
1285 20.0 
1286 80.0 
1287 20.0 
1288 80.0 
1289 20.0 
1290 80.0 
1291 20.0 
1292 80.0 
1293 20.0 
1294 80.0 
1295 20.0 
1296 80.0 
1297 20.0 
1298 80.0 
1299 20.0 
1300 80.0 
1301 0.0 
1302 80.0 
1303 20.0 
1304 80.0 
1305 40.0 
1306 60.0 
1307 40.0 
1308 80.0 
1309 40.0 
1310 60.0 
1311 40.0 
1312 40.0 
1313 20.0 
1314 20.0 
1315 0.0 
1316 20.0 
1317 0.0 
1318 0.0 
1319 0.0 
1320 0.0 
1321 20.0 
1322 0.0 
1323 0.0 
1324 20.0 
1325 20.0 
1326 20.0 
1327 20.0 
1328 20.0 
1329 20.0 
1330 20.0 
1331 20.0 
1332 20.0 
1333 20.0 
1334 0.0 
1335 0.0 
1336 0.0 
1337 0.0 
1338 0.0 
1339 0.0 
1340 0.0 
1341 0.0 
1342 0.0 
1343 20.0 
1344 0.0 
1345 20.0 
1346 0.0 
1347 20.0 
1348 0.0 
1349 20.0 
1350 20.0 
1351 20.0 
1352 20.0 
1353 0.0 
1354 20.0 
1355 0.0 
1356 40.0 
1357 0.0 
1358 40.0 
1359 0.0 
1360 20.0 
1361 0.0 
1362 20.0 
1363 0.0 
1364 20.0 
1365 0.0 
1366 20.0 
1367 0.0 
1368 20.0 
1369 0.0 
1370 20.0 
1371 20.0 
1372 20.0 
1373 20.0 
1374 20.0 
1375 20.0 
1376 20.0 
1377 20.0 
1378 20.0 
1379 20.0 
1380 20.0 
1381 0.0 
1382 40.0 
1383 0.0 
1384 40.0 
1385 0.0 
1386 20.0 
1387 0.0 
1388 20.0 
1389 0.0 
1390 20.0 
1391 0.0 
1392 0.0 
1393 20.0 
1394 0.0 
1395 20.0 
1396 0.0 
1397 20.0 
1398 0.0 
1399 20.0 
1400 0.0 
1401 20.0 
1402 0.0 
1403 20.0 
1404 0.0 
1405 20.0 
1406 0.0 
1407 20.0 
1408 20.0 
1409 20.0 
1410 20.0 
1411 20.0 
1412 20.0 
1413 20.0 
1414 20.0 
1415 0.0 
1416 40.0 
1417 0.0 
1418 40.0 
1419 0.0 
1420 40.0 
1421 0.0 
1422 40.0 
1423 0.0 
1424 40.0 
1425 0.0 
1426 40.0 
1427 0.0 
1428 40.0 
1429 0.0 
1430 40.0 
1431 0.0 
1432 40.0 
1433 0.0 
1434 40.0 
1435 0.0 
1436 20.0 
1437 0.0 
1438 0.0 
1439 0.0 
1440 0.0 
1441 0.0 
1442 0.0 
1443 0.0 
1444 0.0 
1445 20.0 
1446 0.0 
1447 20.0 
1448 20.0 
1449 40.0 
1450 20.0 
1451 40.0 
1452 20.0 
1453 20.0 
1454 20.0 
1455 40.0 
1456 20.0 
1457 40.0 
1458 20.0 
1459 40.0 
1460 20.0 
1461 40.0 
1462 20.0 
1463 40.0 
1464 20.0 
1465 40.0 
1466 20.0 
1467 40.0 
1468 0.0 
1469 20.0 
1470 0.0 
1471 20.0 
1472 0.0 
1473 20.0 
1474 0.0 
1475 0.0 
1476 0.0 
1477 0.0 
1478 0.0 
1479 0.0 
1480 0.0 
1481 20.0 
1482 0.0 
1483 20.0 
1484 0.0 
1485 20.0 
1486 0.0 
1487 20.0 
1488 0.0 
1489 20.0 
1490 0.0 
1491 0.0 
1492 0.0 
1493 0.0 
1494 20.0 
1495 20.0 
1496 20.0 
1497 20.0 
1498 20.0 
1499 40.0 
1500 20.0 
1501 40.0 
1502 20.0 
1503 40.0 
1504 0.0 
1505 40.0 
1506 0.0 
1507 40.0 
1508 0.0 
1509 40.0 
1510 0.0 
1511 40.0 
1512 0.0 
1513 40.0 
1514 0.0 
1515 40.0 
1516 20.0 
1517 40.0 
1518 20.0 
1519 20.0 
1520 20.0 
1521 20.0 
1522 20.0 
1523 20.0 
1524 20.0 
1525 20.0 
1526 0.0 
1527 40.0 
1528 0.0 
1529 40.0 
1530 0.0 
1531 40.0 
1532 0.0 
1533 40.0 
1534 0.0 
1535 20.0 
1536 0.0 
1537 0.0 
1538 0.0 
1539 0.0 
1540 0.0 
1541 0.0 
1542 0.0 
1543 0.0 
1544 0.0 
1545 0.0 
1546 0.0 
1547 0.0 
1548 0.0 
1549 20.0 
1550 20.0 
1551 20.0 
