0 3.7075114536475327 
1 3.3975703543375015 
2 5.636967439935168 
3 6.586232724954423 
4 5.667296771064021 
5 6.427677775087428 
6 5.899858773751048 
7 5.685611457154282 
8 6.876674776860371 
9 10.010797702982018 
10 6.235881821209382 
11 6.117882496743638 
12 6.366591327552106 
13 6.82933437540706 
14 5.397894021564272 
15 9.67013266073067 
16 5.944948718966328 
17 6.187283796362542 
18 6.471882372728101 
19 14.365087900157203 
20 6.856025722127143 
21 11.452556159603313 
22 6.642421631757153 
23 11.816471993554094 
24 6.922230400813311 
25 8.723956903365364 
26 5.841950072636055 
27 9.671537441632559 
28 6.6903763821628415 
29 13.346434844589263 
30 5.92286152042985 
31 12.733317951644828 
32 7.529195507941523 
33 11.294107509740932 
34 6.258922122805656 
35 10.817450062542717 
36 5.956464439900023 
37 10.323500382734373 
38 6.445477121290354 
39 13.554279435764029 
40 5.415212364484256 
41 21.606647400332783 
42 6.203472154433667 
43 10.795399032757054 
44 5.482599824057117 
45 14.469753369648839 
46 8.19273606613094 
47 7.341105636699368 
48 5.482979680195773 
49 7.900752344247411 
50 6.620372664925143 
51 14.9829212792787 
52 4.982536252629778 
53 10.05095565822518 
54 5.8452310608172136 
55 8.278650957976161 
56 6.291282989717783 
57 15.535264791507707 
58 3.517749340364967 
59 15.836406747919593 
60 6.458707459004655 
61 12.486169161337953 
62 5.971117488952667 
63 5.9070294752645225 
64 9.096142335418167 
65 6.256037444010733 
66 1.1674335802375668 
67 11.720647411249217 
68 1.7932276998968348 
69 6.595844321679004 
70 7.48993557050815 
71 5.90663850161949 
72 1.5795904886470926 
73 5.741736413988342 
74 5.801683666553242 
75 6.3986916737605535 
76 6.683148659802356 
77 6.108571478505038 
78 5.827850493261081 
79 6.703935759404649 
80 6.33390264859959 
81 7.072393192513991 
82 7.6955893928190715 
83 8.668191860260853 
84 5.9970031455533315 
85 5.7921335436063295 
86 6.781676249361333 
87 6.603092239803654 
88 6.104730604985314 
89 6.109007438349959 
90 6.537970165074119 
91 6.060660006300086 
92 6.538622467909445 
93 6.36345209702575 
94 5.465859748437508 
95 6.1079309973234235 
96 6.637617720553443 
97 20.9427237548371 
98 6.326908833649354 
99 6.253584293518452 
100 6.077345056320763 
101 5.850285937456412 
102 6.985023423279392 
103 6.227253021349883 
104 6.61247166176364 
105 6.509245593696701 
106 5.328008251843835 
107 5.502732799630554 
108 5.58196334057756 
109 6.918257002701784 
110 6.421310960906941 
111 6.666503486389017 
112 4.5198264184857635 
113 6.115679149874312 
114 5.913258753286668 
115 6.569243009917366 
116 6.815407489255218 
117 5.508304539622379 
118 5.900597473084169 
119 5.340926049962181 
120 6.304588457757509 
121 5.468646223530685 
122 6.928691193402858 
123 6.575978878119601 
124 6.843128489432587 
125 6.671519100094164 
126 6.249149259513096 
127 5.555303314265128 
128 5.8707246474181325 
129 6.301093522542729 
130 6.331607891443589 
131 6.2374490474228885 
132 6.051801629568281 
133 6.1150371774311125 
134 6.728520506543549 
135 7.206460259097626 
136 5.510128100536128 
137 6.211069236407792 
138 8.004060898206564 
139 5.8567313318001375 
140 6.981825929760665 
141 7.850664750000468 
142 6.475119527847634 
143 8.32971690150635 
144 6.927707002687306 
145 6.510063947352083 
146 7.456606725393114 
147 6.069851781315936 
148 6.217716985411512 
149 14.874315118287273 
150 6.218961565036371 
151 6.601512540233413 
152 5.791949580272895 
153 6.840360748242738 
154 6.477589535296752 
155 5.99280458357742 
156 2.4223430803340675 
157 5.115104684969463 
158 5.695547908932156 
159 6.309871359562885 
160 6.083347716299261 
161 5.655368435245736 
162 6.787437838922504 
163 6.707141132391673 
164 6.409711981197096 
165 7.492464313338799 
166 6.689202680590597 
167 5.958139785954356 
168 6.366088842545583 
169 5.637747860123016 
170 6.457335256742838 
171 20.557895149590244 
172 5.769260077935762 
173 5.5580270831483665 
174 5.922468448267584 
175 6.648581215711326 
176 6.238172648324338 
177 5.419851707891942 
178 6.305365636594327 
179 6.399179792629119 
180 6.668093244792222 
181 8.29171106450025 
182 7.031464950000419 
183 5.956735139065624 
184 6.333950473728243 
185 6.3461502963289105 
186 6.125423337719446 
187 6.217975079498032 
188 6.415319786783319 
189 6.427214845575672 
190 6.493323693650039 
191 5.604638390727494 
192 5.934308541870346 
193 5.7352591687075 
194 4.667177786110978 
195 7.001814597241212 
196 6.798009692215433 
197 6.294285281233915 
198 6.458140609121424 
199 6.119301685676853 
200 6.751742544485189 
201 6.545980070074679 
202 5.286673481451978 
203 6.142629305862901 
204 4.233805404423269 
205 6.156405999785701 
206 6.666355147613939 
207 7.267998863266169 
208 6.9713586681913675 
209 6.752079486531431 
210 6.449263016757028 
211 6.136841350592498 
212 6.390132424905389 
213 6.3254298839064615 
214 6.757398928303298 
215 5.988039066481832 
216 6.054728235450361 
217 6.605952170954817 
218 5.801828121196025 
219 5.847186750683099 
220 6.481733776750281 
221 6.90005840112525 
222 6.9373664397382715 
223 6.08077243698941 
224 6.478590074296041 
225 5.691343651368728 
226 6.686675286124002 
227 6.6805407118704 
228 5.893235354039187 
229 5.953234867474189 
230 7.032761844079847 
231 6.97986237654244 
232 6.654678324995756 
233 5.734961174911842 
234 6.362187620875079 
235 4.8206290499428786 
236 5.673053461339739 
237 6.5561610003907775 
238 6.248078713531309 
239 6.379179283922865 
240 11.21669599448031 
241 7.315969775408681 
242 6.557175709879294 
243 7.805955843899643 
244 5.74271122855539 
245 6.262641586062526 
246 6.32443794387732 
247 6.022500175894802 
248 6.060362266070211 
249 6.43998458446378 
250 5.8473986956533865 
251 5.178255372945639 
252 6.174795586975276 
253 6.908980694471898 
254 5.800704774654666 
255 6.2125964075013815 
256 6.4150156157754505 
257 4.769945833082192 
258 6.014710163320384 
259 6.34765816539642 
260 6.536788197853645 
261 5.090520715000048 
262 5.8104361390136825 
263 5.554413147405082 
264 6.4800914624725765 
265 5.6995957303691425 
266 6.597203391163471 
267 6.024775344165843 
268 6.2465247474912955 
269 5.942623972796826 
270 9.620757677239405 
271 6.307328391898212 
272 2.358462578286398 
273 5.601659274454732 
274 7.043733815196838 
275 6.054833121607576 
276 6.4728012358234475 
277 6.425521288932941 
278 4.772507615091136 
279 6.790558666724951 
280 6.327729710565818 
281 6.756419260681585 
282 6.995823492520983 
283 5.505643729022248 
284 5.828295895893114 
285 8.602747593087125 
286 6.8980384610956795 
287 6.38137273248711 
288 6.943533661446978 
289 6.3972765500526965 
290 6.421999188504322 
291 8.077806323882305 
292 5.662713585207267 
293 5.719149307520396 
294 6.0586639548623245 
295 6.184747459703997 
296 6.576277883263065 
297 6.971822183215648 
298 6.5020106095696955 
299 7.581524401375927 
300 6.792318143761933 
301 6.892110305209295 
302 7.145504569963458 
303 6.975196111202577 
304 5.891091528623236 
305 5.822260411359942 
306 6.813702444405095 
307 6.687464225297319 
308 6.216933616736183 
309 6.085474847366344 
310 6.043021349308575 
311 6.3290091759454725 
312 6.078657401033325 
313 5.63345443800493 
314 6.161515793432306 
315 6.321225812966164 
316 6.69843267397255 
317 10.69798120209659 
318 5.473713333411635 
319 6.001525312896621 
320 6.515231395112222 
321 6.576989418619967 
322 6.606607704000063 
323 14.297902512689577 
324 2.655194155704392 
325 17.60485546512653 
326 5.789798876357964 
327 15.318804533219382 
328 6.353128999765221 
329 16.235345121233703 
330 6.476699315471457 
331 12.791841141361862 
332 5.692131476806992 
333 16.10171677774024 
334 6.169754507463038 
335 15.685328885614597 
336 6.138377150617891 
337 6.16921909289341 
338 6.038158279264014 
339 11.149489085244612 
340 6.232444103010644 
341 9.171405830439689 
342 5.909126642537838 
343 17.923150553808288 
344 7.726636172552719 
345 18.561906152777226 
346 9.33787800191909 
347 19.68454448178115 
348 7.582881358383593 
349 11.90211123723042 
350 6.5713117386706354 
351 7.509299111267071 
352 2.521056266450443 
353 17.245606677357017 
354 6.538805951534653 
355 15.033186023089357 
356 6.206593250486104 
357 19.390783341963164 
358 6.632684397875291 
359 15.884627037508332 
360 6.462140517488422 
361 15.303713271378584 
362 6.834765151416391 
363 10.350939019273957 
364 8.681091329058644 
365 13.972769399387694 
366 6.614400812468362 
367 9.89406988566266 
368 8.253676890199026 
369 10.178941262980606 
370 6.5707146583366365 
371 13.956357102452333 
372 6.580786875780569 
373 12.838238895146677 
374 6.3853364085466575 
375 13.84135407075937 
376 6.810140105960308 
377 15.848614008040869 
378 10.770201008638134 
379 10.346496161664003 
380 5.659282966577029 
381 14.419213223185954 
382 6.436179942179856 
383 11.024181000042054 
384 6.41860863710097 
385 21.613884651853073 
386 2.080351084640444 
387 9.938849935191262 
388 6.64429462158463 
389 13.968581295979911 
390 6.15696630648431 
391 18.719975006136885 
392 6.159932207472158 
393 11.88986373287448 
394 6.067612667284861 
395 10.240950088142943 
396 5.220256712472323 
397 21.19491439775231 
398 6.386687903326502 
399 10.189252745117093 
400 6.735208585243029 
401 6.6004009681145375 
402 5.92286152042985 
403 9.138375125550953 
404 6.152486706516557 
405 10.35853133883081 
406 9.533895839394821 
407 10.078633595893868 
408 6.323837208425744 
409 14.892853084876718 
410 6.461184865224585 
411 13.432819951127808 
412 6.398545252620483 
413 7.127218598075417 
414 6.975578927761258 
415 9.512877970007349 
416 5.982777582043268 
417 16.98215666665317 
418 5.8059882891986545 
419 14.350981640012865 
420 6.459214724833372 
421 12.875955879869961 
422 5.666370354358898 
423 9.021405464932204 
424 6.680104478562782 
425 13.308617609635832 
426 6.420288723673596 
427 16.355696977495974 
428 6.940305126253434 
429 7.926688173384209 
430 6.363094903976418 
431 15.983963842427984 
432 6.546276353329713 
433 11.045053917760603 
434 6.345027063497106 
435 9.93696619923192 
436 6.44340766116953 
437 7.2016469525711315 
438 5.826441849545893 
439 11.805031269525863 
440 5.808545171529389 
441 10.82582626763199 
442 6.440676820925615 
443 13.142149904903352 
444 6.217919771818588 
445 21.35233896544878 
446 6.771297205145426 
447 15.553930475929127 
448 6.01184795742418 
449 18.63605019016813 
450 6.165763821614478 
451 13.995008341675009 
452 6.874623431030922 
453 12.591801812079328 
454 6.236252691177695 
455 20.460817983140807 
456 6.253071520471585 
457 16.8956885682405 
458 5.923923912613626 
459 12.53093368706605 
460 5.888023359467674 
461 16.738984160178152 
462 5.533185493392716 
463 14.007066476980517 
464 8.430236507875891 
465 17.557029000066976 
466 5.979894525385621 
467 20.00097279511695 
