0 15.527155745260563 
1 12.819874561392783 
2 24.930480266286256 
3 21.007021866955153 
4 24.257852578005263 
5 35.960629651222604 
6 18.34417546852107 
7 13.013987315850223 
8 9.405492194052142 
9 17.82224091849699 
10 14.288063824931102 
11 28.886988023168524 
12 12.154161788740394 
13 20.29312096610317 
14 22.373797775584777 
15 16.883038887748405 
16 10.740360239476798 
17 12.445082708997848 
18 21.54770564905575 
19 15.602706653919553 
20 29.468039962342097 
21 12.681076210948955 
22 10.609037010056861 
23 25.40785926738107 
24 15.542000007411003 
25 20.821914544001352 
26 17.882649885310343 
27 29.436604297966117 
28 19.150761363376937 
29 12.354829492734627 
30 7.779431812491074 
31 19.775218176417617 
32 12.948779772471173 
33 16.45593041458563 
34 16.133862114329016 
35 11.281045505525805 
36 17.276222408033643 
37 29.28656016087588 
38 16.559753319409513 
39 40.250119954705106 
40 22.657461727114597 
41 16.30008005658368 
42 37.126276842459326 
43 27.352788882295016 
44 15.585024003804937 
45 15.475823085125617 
46 19.209878126416935 
47 15.69853805328283 
48 18.20160044437501 
49 16.179481244888827 
50 11.97927626881444 
51 7.799249883317249 
52 26.231778553291555 
53 12.41814801217447 
54 33.77953884687558 
55 19.94874770515662 
56 38.27338759718217 
57 47.24326150865613 
58 19.54447980689925 
59 21.38892486881492 
60 11.408012228589769 
61 22.16054398765778 
62 24.609116565065097 
63 15.743793401148606 
64 18.4851719472369 
65 19.531374128625778 
66 10.329500481466614 
67 12.216715939707274 
68 14.973828045510855 
69 16.412144263013527 
70 11.286509642888857 
71 13.216983569776456 
72 15.950835133408379 
73 21.802863172778025 
74 13.816868930439709 
75 32.04620920975222 
76 9.565313769267783 
77 19.905765324524936 
78 10.884796645005917 
79 21.34766587267656 
80 10.884796645005917 
81 12.347555249391352 
82 10.884796645005917 
83 16.06366787307788 
84 10.884796645005917 
85 22.57125790394188 
86 16.0371956441943 
87 12.699544617769597 
88 31.449103233159377 
89 21.034940345140598 
90 13.66721409765126 
91 15.458255783526393 
92 22.76049489906664 
93 35.75432405015813 
94 22.76049489906664 
95 20.069016335397187 
96 20.546615981502526 
97 18.62363796211603 
98 25.03165433277632 
99 16.83952223225936 
100 30.072084602975444 
101 16.416191124783754 
102 21.087077182962634 
103 22.48787758559679 
104 25.165924663698654 
105 24.229405920003696 
106 21.146720580005343 
107 22.621900770728498 
108 18.75278432284285 
109 11.121551282969138 
110 36.378888937074464 
111 20.367422255890293 
112 12.319014080370307 
113 13.44798022386026 
114 14.731587728078956 
115 31.981456064903774 
116 29.137228204237584 
117 31.981456064903774 
118 20.728990807551646 
119 31.981456064903774 
120 15.421029023552682 
121 31.981456064903774 
122 30.551800997924026 
123 31.981456064903774 
124 14.71572019002042 
125 31.981456064903774 
126 11.620147887109331 
127 31.981456064903774 
128 15.159294786072097 
129 31.981456064903774 
130 23.665479904983833 
131 31.981456064903774 
132 14.012681994641223 
133 31.981456064903774 
134 16.647498690205914 
135 31.981456064903774 
136 18.958934326563636 
137 31.981456064903774 
138 16.2284352341229 
139 31.981456064903774 
140 20.857948470577703 
141 31.981456064903774 
142 20.857948470577703 
143 31.981456064903774 
144 19.14079834252883 
145 24.154336984439606 
146 21.299100160467997 
147 17.89539165198247 
148 15.199121602278616 
149 33.33521959593712 
150 20.036707415528518 
151 13.410315026841067 
152 13.404400696697081 
153 21.913814002089865 
154 56.290315653854414 
155 15.466749268019264 
156 17.287473054681993 
157 17.704955677501054 
158 14.941609401773341 
159 18.79286335164392 
160 17.261220626363226 
161 17.301021734019166 
162 27.522221566041328 
163 12.657235285597025 
164 38.15084591595416 
165 24.82115740822933 
166 23.24783141278261 
167 21.033674508171647 
168 11.33359814308914 
169 25.00494220187315 
170 18.95816308081721 
171 22.532213788027743 
172 26.17481059896906 
173 19.22035358488145 
174 21.60219611559479 
175 31.981456064903774 
176 22.873946096877283 
177 31.981456064903774 
178 29.229821455949377 
179 31.981456064903774 
180 24.28988226573313 
181 31.981456064903774 
182 28.535203793532762 
183 31.981456064903774 
184 22.750618355391627 
185 31.981456064903774 
186 21.77309654946869 
187 31.981456064903774 
188 16.390530602036748 
189 31.981456064903774 
190 15.293390117262703 
191 31.981456064903774 
192 11.636751045955453 
193 31.981456064903774 
194 21.94086752735871 
195 31.981456064903774 
196 24.040672448084738 
197 31.981456064903774 
198 20.22784333961891 
199 31.981456064903774 
200 20.440376808627807 
201 31.981456064903774 
202 12.962746394862254 
203 31.981456064903774 
204 27.372067374521155 
205 31.981456064903774 
206 13.716558093294614 
207 31.981456064903774 
208 25.794275733982754 
209 20.25568412309 
210 29.87013061003575 
211 21.447109656635902 
212 25.050042702628453 
213 31.981456064903774 
214 35.53350615903353 
215 39.06256635684616 
216 14.704164125000876 
217 31.981456064903774 
218 14.949544488957956 
219 13.017016482680926 
220 19.53746972237749 
221 17.78769964121833 
222 59.34719981888672 
223 14.558753189052222 
224 27.557663878686736 
225 40.38265424016021 
226 18.38687673707006 
227 10.019263109616267 
228 18.147261666796467 
229 20.323505041743992 
230 15.457743052996241 
231 28.47998261719811 
232 16.599206113637354 
233 27.57668840732169 
234 16.124868326964332 
235 29.0498465885873 
236 12.038138098490894 
237 21.85216213400021 
238 16.306607312948312 
239 29.45520941599483 
240 8.546321822920168 
241 18.06472508635467 
242 18.1664399996535 
243 18.071574448283886 
244 6.641706386280502 
245 24.64628040897873 
246 31.526875577838076 
247 18.09402690180582 
248 12.651775614670653 
249 25.037332410071514 
250 12.150500005793809 
251 15.722783263234446 
252 16.629084118670878 
253 17.791774127867516 
254 17.687260950421063 
255 34.92546609710807 
256 14.880858869150888 
257 16.427507226169308 
258 12.69804517560723 
259 15.803945801745316 
260 20.16463224088114 
261 31.78153107074932 
262 17.89966840643044 
263 19.644807898570072 
264 11.707626432642762 
265 12.465388318929136 
266 15.116624558950202 
267 16.75784393241413 
268 13.625036545195849 
269 19.357134945541812 
270 21.146613963618762 
271 20.397335019209258 
272 22.377856384482822 
273 21.65618013496698 
274 18.45296682314329 
275 12.515379014835945 
276 13.454407811587787 
277 17.680327108713062 
278 11.878751490400546 
279 26.3539110164433 
280 13.920413134819752 
281 26.851622568068475 
282 13.823061813675732 
283 28.192452982375954 
284 14.284949440938366 
285 19.276002794220375 
286 17.30687562152103 
287 24.25350418651987 
288 18.605133118640158 
289 19.324760531323285 
290 33.99748725389273 
291 17.78325002013932 
292 22.29909672342937 
293 20.75042422983115 
294 24.048667213274545 
295 8.906162940816742 
296 17.818909446226396 
297 20.31553148824458 
298 16.301473788943472 
299 36.104259201873084 
300 25.50178450912319 
301 42.6059891918248 
302 18.55985273554348 
303 14.492051371531437 
304 22.881308406116514 
305 18.14686909155414 
306 23.352415524834502 
307 45.949365147182874 
308 16.986558345044326 
309 20.991461888794355 
310 30.837069440870494 
311 20.399219886095587 
312 24.4842795932425 
313 34.311761193053066 
314 30.872932568803964 
315 19.22599217081198 
316 32.37544769667778 
317 14.731484245759825 
318 15.62438628252982 
319 19.70405656167054 
320 22.06077054569362 
321 17.364267143590506 
322 18.439905389126785 
323 15.715360520360296 
324 21.50054080654504 
325 18.68112114234303 
326 25.11799932927706 
327 12.452102661540517 
328 10.792343497917079 
329 16.49748465027002 
330 23.676434228426597 
331 15.751657108950454 
332 28.878634526539017 
333 19.40953747194521 
334 27.63865441006886 
335 19.21322198961993 
336 13.153318824127096 
337 19.616050883921055 
338 33.5110017417427 
339 15.26217082640448 
340 18.715130313725666 
341 16.703852679033684 
342 19.05445162228219 
343 28.54083479633637 
344 22.699643889291785 
345 23.94063791410763 
346 18.804574820553515 
347 17.482385501592223 
348 16.85610255998071 
349 16.766418426533313 
350 22.772852644152458 
351 41.0586369598841 
352 37.6103299856528 
353 16.77500169977563 
354 18.31525811550789 
355 16.57100639640316 
356 19.737436766193735 
357 14.98972167026432 
358 22.811991471957533 
359 19.194318088212412 
360 9.507594870713788 
361 11.902381438852187 
362 41.296339326152456 
363 19.214894357809094 
364 32.02321018194034 
365 21.790063744564566 
366 15.31695844927949 
367 21.742734803479415 
368 17.775788706368985 
369 19.992869059535725 
370 19.83084953476057 
371 39.00916100110676 
372 24.783757592947126 
373 23.17346239695905 
374 17.070625918283454 
375 28.17957296999503 
376 16.45444559520447 
377 22.791785987925685 
378 14.197525598713717 
379 30.025799985682582 
380 8.70297693276535 
381 17.643141378875196 
382 16.41092417247046 
383 16.04627603409491 
384 15.866900201631971 
385 18.01088991566327 
386 19.231810428626453 
387 14.655611112858196 
388 12.703544862009643 
389 17.976076493504824 
390 16.618147095997116 
391 28.57875622602427 
392 19.697024058307232 
393 13.813911055926805 
394 14.506586979604402 
395 30.910701520366125 
396 17.972148188775293 
397 20.654575538363808 
398 18.672721282866327 
399 30.936692801876426 
400 19.245135151256534 
401 14.733088385097968 
402 13.932990957832006 
403 14.732208652525614 
404 11.059703302904214 
405 15.178495433029834 
406 44.540650751847764 
407 33.79614200763863 
408 21.668486880511658 
409 17.617574293814975 
410 14.500318057360953 
411 23.500266137752902 
412 12.038656383555825 
413 26.537997709571084 
414 13.190547773745353 
415 15.497838441017151 
416 20.59918964712816 
417 14.851983130729762 
418 12.589156221485856 
419 26.510824152555763 
420 31.937621832358673 
421 66.42968688132532 
422 17.993813734196493 
423 15.674250351281055 
424 16.166136057043747 
425 16.03523366772694 
426 11.218376047801689 
427 22.58924907231375 
428 18.624464929574962 
429 23.118666115474714 
430 11.218376047801689 
431 22.58924907231375 
432 18.624464929574962 
433 23.118666115474714 
434 47.46943117770886 
435 21.387834192558145 
436 27.98236051530779 
437 16.238990886072028 
438 13.80400003949356 
439 37.86942586021651 
440 20.918491623733836 
441 15.165269205598522 
442 24.308887111543857 
443 15.752544486257896 
444 20.88796812749004 
445 31.469159607751926 
446 20.946384338793447 
447 23.25234225144416 
448 16.879845460399228 
449 17.70346108391018 
450 18.46214522149447 
451 18.748174040533172 
452 18.980726500948062 
453 18.164630475736775 
454 21.777392405983417 
455 16.82479652457149 
456 21.043383153469097 
457 21.601306078725234 
458 11.63784884656578 
459 16.36935709853295 
460 22.82639266821952 
461 11.439562087991513 
462 16.440449825768948 
463 23.553581356170152 
464 18.343052318080634 
465 17.05507731969243 
466 16.956342805396204 
467 11.723071591080602 
468 23.344876911174563 
469 15.73310426833614 
470 25.077750938703275 
471 10.016726769039716 
472 14.91281577216405 
473 12.2633654855432 
474 30.153372777661954 
475 24.392295524332372 
476 25.13289990112952 
477 19.22114631117303 
478 19.74710100234933 
479 21.287209314128525 
480 17.087177397999714 
481 20.388708760092747 
482 21.974893643774756 
483 13.50618102895858 
484 17.33226443630834 
485 18.916438158464423 
486 22.170500676589988 
487 16.601965650592348 
488 26.954295408976403 
489 20.003357497138495 
490 21.053312117576787 
491 19.400559679918594 
492 23.400882630260494 
493 19.864284767082804 
494 31.355062496262185 
495 25.277093766761283 
496 16.761594194210996 
497 9.25586393939327 
498 36.99398472366773 
499 6.612607186944753 
500 11.568674718733881 
501 16.429308953598596 
502 37.621800046642626 
503 16.542249882666603 
504 34.242011592783086 
505 16.92002097704627 
506 20.33976684189087 
507 12.996929178996949 
508 20.598279181236002 
509 27.786416514296313 
510 22.503079597398973 
511 11.506249245591512 
512 29.948618350589076 
513 20.043409904377786 
514 13.084424922868632 
515 13.529881968884172 
516 12.917315462698335 
517 31.499410461492246 
518 24.03116835495256 
519 37.82741702741703 
520 13.663429682740828 
521 12.612589422912112 
522 18.096525063208126 
523 23.411593313052943 
524 17.427686989184316 
525 13.838979276030342 
526 32.412726134633665 
527 11.957044423728766 
528 16.680137599172813 
529 27.56780702619212 
530 15.320035503088258 
531 11.067115581495983 
532 9.981803686383703 
533 22.726457010338326 
534 10.427366746221162 
535 19.24575330145824 
536 18.154566663636796 
537 34.3637674510061 
538 15.05590454516085 
539 60.50378662204463 
540 20.73554944728984 
541 11.451836966493381 
542 13.28231907556186 
543 18.52755077700524 
544 15.976596782057532 
545 30.970043786134635 
546 21.085169061240084 
547 16.45502657957198 
548 20.07122519392643 
549 27.987028412048097 
550 6.300639181607193 
551 12.639575215691947 
552 11.443369792675574 
553 29.953965363327978 
554 15.095732543450172 
555 14.092674289285439 
556 16.24635025893891 
557 25.2460559658595 
558 22.291511875720808 
559 30.154239907976564 
560 22.760371389345618 
561 15.607351370660753 
562 35.270259588459375 
563 17.039626244160065 
564 23.026521951567656 
565 19.350080042812525 
566 14.225357558326861 
567 22.682703123648004 
568 20.16889867714309 
569 17.760207991937772 
570 20.851208526800363 
571 14.82080982046 
572 23.03221200839072 
573 16.87176537315114 
574 16.57899750582041 
575 13.524951953462576 
576 17.20810699926151 
577 25.377728029042505 
578 18.17974713171776 
579 17.600939991607216 
580 17.54645247657296 
581 17.883869867394363 
582 25.99748349707131 
583 11.951763284473522 
584 35.91751729807495 
585 12.562497940846125 
586 20.2916483229399 
587 16.487692126262825 
588 9.331209454228329 
589 17.171894830790897 
590 17.22344090701905 
591 25.73445246159132 
592 15.099156178901593 
593 23.919475794264077 
594 15.557449712723617 
595 16.717301192525987 
596 17.521823407526234 
597 25.40447362523546 
598 14.390667673094079 
599 20.894731860412982 
600 14.833336869876433 
601 12.26286352486456 
602 14.5430034638549 
603 19.45346857940605 
604 8.6104298949538 
605 31.249005379147977 
606 15.625725068269112 
607 18.293609912900116 
608 19.775497887748944 
609 11.369327268685927 
610 19.466560228717825 
611 14.372373051526397 
612 38.643645543496284 
613 10.472041625470634 
614 21.462693746386044 
615 13.924202586779273 
616 19.422480099652237 
617 27.095512186928687 
618 14.485094626329603 
619 13.136839995239258 
620 14.914618751800186 
621 11.290945554882562 
622 10.074832758848467 
623 19.12508834566753 
624 22.30989032031574 
625 34.302500940510654 
626 19.020234175894938 
627 19.12038037408314 
628 16.97184916623842 
629 15.432149821553406 
630 24.457438744212624 
631 22.144748790944224 
632 17.654800840162814 
633 15.88950133918255 
634 11.968918452314707 
635 17.89554435802148 
636 14.066726587338852 
637 14.509899157628906 
638 21.529787386943443 
639 19.290187276941758 
640 29.05306614392486 
641 24.195720771391816 
642 14.16999381754668 
643 28.06831200813748 
644 19.31070298939692 
645 22.084699266529416 
646 37.1072262722061 
647 33.238796389485444 
648 18.613307061804658 
649 18.91166179706381 
650 15.352391270927738 
651 13.936972500232597 
652 11.629878358182054 
653 40.72970217228755 
654 29.803061093978712 
655 14.375476405911547 
656 12.4427198751665 
657 12.479927637138335 
658 15.4333990756822 
659 13.254574297975616 
660 13.685497817135325 
661 13.163143359276926 
662 17.877009632597392 
663 22.079700150556427 
664 23.046259512623973 
665 20.00870129374499 
666 28.82148329863187 
667 16.99908809785318 
668 15.82290495627702 
669 23.268724862001054 
670 23.783031010960723 
671 18.74247718802785 
672 15.776185478987298 
673 12.45705833959507 
674 12.681536307866276 
675 17.50741527634583 
676 16.17455218556582 
677 17.82004503547606 
678 34.660232043103164 
679 18.079753781429293 
680 34.660232043103164 
681 11.817004659968783 
682 27.427196338074218 
683 9.194687898703542 
684 15.082541623215505 
685 23.86055613707732 
686 41.790504657998305 
687 16.303501461533678 
688 22.70283846103882 
689 12.23588992581399 
