0 6.40411812482622 
1 4.549711860089427 
2 4.923767109384333 
3 4.85644971125462 
4 5.0089411703474465 
5 4.930061086661387 
6 5.031618966458773 
7 5.167093349485807 
8 5.2715814313421 
9 5.406882357733887 
10 5.510094016771146 
11 5.43647890424156 
12 5.652054869135566 
13 5.664754877273246 
14 5.958469303653453 
15 6.095589899690086 
16 6.465230583741447 
17 6.1611638066316265 
18 6.53249349937352 
19 6.2368011380573405 
20 6.5577035440135205 
21 6.405279145554753 
22 6.554785831434686 
23 6.60901227880806 
24 6.796074707081067 
25 6.756522683712533 
26 6.7543344761562 
27 6.8979249837464 
28 6.898347574953667 
29 7.068599925304734 
30 7.1200724069726 
31 7.2845203983784 
32 7.457758434217333 
33 7.602788046583 
34 7.6850969977762 
35 7.698345056647933 
36 7.834766876323734 
37 7.788287781488333 
38 7.837346792538534 
39 7.789374814497866 
40 7.833733825490399 
41 8.085743266810267 
42 7.9960796645114 
43 7.996422483436 
44 7.990421418363867 
45 8.023275366952866 
46 7.993618877184133 
47 8.007443568670267 
48 7.9858974795116 
49 7.978951169468666 
50 8.022068255939534 
51 8.093801897780066 
52 8.5300398893048 
53 8.434078120183933 
54 8.492344045565668 
55 8.329050324042534 
56 8.386646720266468 
57 8.2888853163496 
58 8.388494022078467 
59 8.277557179745267 
60 8.3948392073294 
61 8.326993255682133 
62 8.0370210452002 
63 8.390169623261466 
64 8.179285692908666 
65 8.009884616463266 
66 8.268559699984333 
67 8.0107863308424 
68 8.270940268315734 
69 8.052577441734467 
70 8.241303916651066 
71 8.041859884365866 
72 8.300149695279066 
73 8.192576663995933 
74 8.165674831804733 
75 8.2434166906106 
76 8.167366190072933 
77 8.0992350425788 
78 7.983315816983066 
79 8.071379912431732 
80 7.986757448698467 
81 8.232301876507 
82 8.277420912574934 
83 8.034320527161933 
84 8.319964811001533 
85 8.2506791112756 
86 8.4135779704434 
87 8.1470057037998 
88 8.433211265608533 
89 8.130893380857867 
90 8.476727604789133 
91 8.052358694788266 
92 8.456709741895333 
93 8.030476395101866 
94 8.5388286620346 
95 8.1671895693528 
96 8.484406425017866 
97 8.143070390122533 
98 8.2832107976724 
99 8.176043422663133 
100 8.247443336158867 
101 8.336152901151399 
102 8.202231064442467 
103 8.268072967456867 
104 8.218016159907334 
105 8.143534837041267 
106 8.188452047662066 
107 8.0934238761496 
108 8.659212677919134 
109 8.061958333047134 
110 8.655842222113934 
111 7.7969861777398 
112 8.359509455951933 
113 7.809334707877067 
114 8.341966974758934 
115 7.9802590567310006 
116 8.3983648684032 
117 8.307442556584734 
118 8.1404784089788 
119 8.2962247635616 
120 8.177780609158066 
121 8.469759569513267 
122 8.468086585620267 
123 8.144976006757867 
124 8.435243467131066 
125 8.177935565474733 
126 8.4915999652088 
127 7.951707171299134 
128 8.493601936976667 
129 7.970550320474934 
130 8.466594029217067 
131 7.72619750858 
132 8.299892929119 
133 7.8620049179858 
134 8.463246952008067 
135 7.796838092983333 
136 8.431674721904999 
137 7.856982615455199 
138 8.457155241776933 
139 7.862620651490733 
140 8.4307160837794 
141 7.909481649372867 
142 8.5166543214304 
143 7.885681544481867 
144 8.476873085683133 
145 7.9002386092802 
146 8.455158826912733 
147 7.949963415638533 
148 8.467789238435666 
149 7.945761851963799 
150 8.489523862786067 
151 7.847560787588267 
152 8.244006182124332 
153 8.2088802732732 
154 8.357221615617734 
155 8.208783390300868 
156 8.389134908554533 
157 8.1651242263912 
158 8.281726612065533 
159 8.296779371497466 
160 8.296779371497466 
161 8.198311098573734 
162 8.282911744015133 
163 8.361675920668867 
164 8.3320732085702 
165 7.937623314696066 
166 8.237270076047066 
167 7.922144194675 
168 8.253850571885133 
169 7.9515919808544 
170 8.224222727398134 
171 7.9332173027177335 
172 8.264149630906466 
173 8.128717057502799 
174 8.546245223660668 
175 8.255083135667267 
176 8.618795394308467 
177 8.289109118775267 
178 8.610776771971 
179 8.203505329748067 
180 8.695392009609266 
181 8.2109915144494 
182 8.650640125603667 
183 8.155231178853667 
184 8.544385829934466 
185 7.972699867634733 
186 8.095633491820466 
187 7.955437352912266 
188 8.085302632653468 
189 8.0946469670918 
190 7.9913815450696 
191 8.100148234703534 
192 8.027087534063266 
193 8.103477176330866 
194 8.2700877711108 
195 8.099552010034268 
196 8.304373716045133 
197 8.379214142517267 
198 8.928611087072733 
199 8.381978416253933 
200 9.001601436095067 
201 8.366573260753468 
202 8.961297716275533 
203 8.412875819309866 
204 8.695135864860132 
205 8.448869770044533 
206 8.660956127176734 
207 8.2957736524998 
208 8.270021694563132 
209 8.268375552769333 
210 8.304143719653867 
211 8.227419125720667 
212 8.299227210864267 
213 7.856712468701733 
214 8.102126760989 
215 7.854300508436933 
216 8.0709605966762 
217 7.975877343789733 
218 8.075124746574133 
219 7.966041241206 
220 7.984716422513533 
221 8.0055295901764 
222 8.026469835277199 
223 8.226174839661667 
224 8.127195929403733 
225 8.288704068168133 
226 8.154215521529734 
227 8.085573860577332 
228 8.312064176896532 
229 8.124534958680533 
230 8.262074025562134 
231 8.002125626059 
232 8.292496989427267 
233 8.220594483726932 
234 8.105006867841732 
235 8.108068928424933 
236 8.103185874810466 
237 8.091795094005333 
238 7.839775400647734 
239 8.062524242663601 
240 7.842595860757867 
241 8.235971918294068 
242 7.938959696191334 
243 8.3970592445622 
244 8.279201927753599 
245 8.3829720226618 
246 8.3845536111476 
247 8.626743999742866 
248 8.522414391354266 
249 8.633797151256733 
250 8.565358141460667 
251 8.559480453827666 
252 8.414364123745868 
253 8.1544019830216 
254 8.209384740250133 
255 8.159282925183133 
256 8.068620819309134 
257 8.103136222016134 
258 7.729290014877267 
259 8.0803041326708 
260 7.730187880578534 
261 7.8599798958467995 
262 7.648610296449533 
263 7.5988128024536 
264 7.2272691655517995 
265 7.6316346290624 
266 7.2706146122122 
267 7.6860440282808 
268 7.552962201001066 
269 7.674705681944601 
270 7.541592198049333 
271 7.949101652386866 
272 7.700637144465866 
273 8.268334261114333 
274 8.123822952649 
275 8.2492039285152 
276 8.099937373929466 
277 8.133468414056866 
278 8.311159819197067 
279 8.155190782716067 
280 8.320575770262666 
281 8.168842641161467 
282 8.337521028067734 
283 8.215417247718733 
284 8.1182738337716 
285 8.2054432084956 
286 8.103215006396066 
287 8.203723353032533 
288 8.195661605888601 
289 8.211343458947733 
290 8.190958491699533 
291 8.1817588007126 
292 8.175866801633399 
293 8.146145670383067 
294 8.2815787988394 
295 8.209528090980266 
296 8.338775884033 
297 8.3584574808566 
298 8.1402752620844 
299 8.355694268397732 
300 8.132590736597333 
301 8.1925283616802 
302 7.9310679768496 
303 8.088824984986067 
304 8.156865373954734 
305 7.9933468335677995 
306 8.128348580284934 
307 7.806246340386333 
308 7.876627231131466 
309 7.7864706795938 
310 7.862625401007333 
311 7.757111715440133 
312 7.846432502738733 
313 7.526313380496799 
314 7.522435686104401 
315 7.568888457330867 
316 7.508085926037801 
317 7.537454949691266 
318 7.529747332112334 
319 7.495350385600934 
320 7.687366665852733 
321 7.385244626784 
322 7.633488511745134 
323 7.4024383190482 
324 7.586400295308134 
325 7.466947660028267 
326 7.62060453242 
327 7.512619260051333 
328 7.6753429423578 
329 7.4900108880511995 
330 7.5455575800086665 
331 7.850443415472333 
332 7.963653082218866 
333 8.018030882562266 
334 8.2315513301408 
335 7.962030448032134 
336 8.170794035890134 
337 7.884840036832667 
338 8.1755412196058 
339 7.959378018030333 
340 8.360711920567867 
341 7.932134192910667 
342 8.1894513479422 
343 8.297325239055732 
344 8.261513191522868 
345 8.354300471744734 
346 8.216004592387867 
347 8.432411473836199 
348 8.2392287354666 
349 8.521887466421267 
350 8.179481207675867 
351 8.495345544991933 
352 8.273097945047267 
353 8.2383757398424 
354 8.283595625439068 
355 8.207136012660401 
356 8.2760922130258 
357 8.182191572990266 
358 8.250184512759335 
359 8.085430463558067 
360 8.1218412029828 
361 8.0266234964242 
362 8.036181294474467 
363 7.875377465447933 
364 7.703418769834067 
365 7.9220310368855325 
366 7.7451551015988 
367 7.898714946234533 
368 7.704793305833401 
369 8.062306970230933 
370 7.776933695506133 
371 8.0711746831868 
372 7.650170152169401 
373 8.281666107380934 
374 7.903828595983467 
375 8.255689267451332 
376 7.8391008379646 
377 8.2644518253964 
378 7.889076483912267 
379 8.700269887340667 
380 7.907574424894 
381 8.3698785710094 
382 7.6146435353938 
383 8.317170549394666 
384 7.470176672665867 
385 8.314990009592334 
386 7.522558304554134 
387 8.3363154879504 
388 7.518112973542467 
389 8.1441507796608 
390 7.8635298659028665 
391 8.2735451637688 
392 8.1283044647664 
393 8.197077601604533 
394 8.1507933571782 
395 8.1778375936078 
396 8.106380566334533 
397 8.1277753794594 
398 8.092562555942466 
399 7.621302678368067 
400 7.9188588079844 
401 7.934855772126333 
402 8.523421757981067 
403 7.9586397204334 
404 8.5477545540962 
405 7.963502311908001 
406 8.5683848938352 
407 7.988067105743467 
408 8.571322661587066 
409 8.578695064486334 
410 8.9980974351692 
411 8.570475903439467 
412 9.0757946113152 
413 8.325082691459267 
414 8.553872022598133 
415 8.2902344222978 
416 8.568404794691933 
417 8.332283073223866 
418 8.553376402509 
419 7.921043087531733 
420 7.831026576695667 
421 7.789129593477999 
422 7.614553415055867 
423 7.929240873085466 
424 7.687901806196133 
425 7.987076854448066 
426 7.716902321498867 
427 7.965733060977133 
428 7.741814281818001 
429 7.807152571165333 
430 7.786345548581466 
431 7.813267495172799 
432 7.7536792225598665 
433 7.8331716824054 
434 7.746182559811533 
435 7.762433405910134 
436 7.699781985027333 
437 7.7886778335604 
438 7.665630887649066 
439 7.9443299692331335 
440 7.6593414243454 
441 8.06730604381 
442 7.851401564173799 
443 7.8768103992338006 
444 7.621254037976267 
445 7.922579061263267 
446 7.6243577820842665 
447 7.861490431831933 
448 7.679996896788066 
449 7.823268252942399 
450 7.6434206616868 
451 7.772491429555799 
452 7.5744809668793325 
453 7.8811044699648 
454 7.769060031299534 
455 7.961043193107 
456 7.778236600076533 
457 8.023834430271068 
458 7.766204014303334 
459 8.156904631562734 
460 7.7271170016298 
461 8.261214699053534 
462 7.901585823217066 
463 8.280493926243734 
464 8.269662319123267 
465 8.3026682956126 
466 8.264590648364933 
467 8.279184320652867 
468 8.277994874036866 
469 8.069179982980867 
470 8.567516819016001 
471 7.9092356409137325 
472 8.468533839278 
473 7.759400079590733 
474 7.971988873030334 
475 7.647641445165466 
476 7.9848014824392 
477 7.6455484104678 
478 7.974613302760599 
479 7.658610185657867 
480 7.7958416549138 
481 7.690968271842934 
482 7.7433700574486 
483 7.892679636423334 
484 8.128029672758133 
485 7.922749124920133 
486 8.138333814309 
487 8.1943745551046 
488 8.324882952980733 
489 8.190209624759 
490 8.3003748061706 
491 8.395379273880467 
492 8.3689477718478 
493 8.3189862644636 
494 8.416283871286133 
495 8.340302730626867 
496 8.407877997736401 
497 8.326457315333267 
498 8.419778722160933 
499 8.602095012792134 
500 8.6155557235288 
501 8.2475142529296 
502 8.075946478139134 
503 8.242892795683133 
504 7.861537578880867 
505 8.2832242636694 
506 7.841462832555133 
507 8.2989171499858 
508 7.824016878721867 
509 7.758159433649866 
510 7.468902068974266 
511 8.002705976462133 
512 7.937527300967534 
513 8.134241587879 
514 8.1377529162312 
515 8.044999239170933 
516 8.167408443283401 
517 8.030754827696 
518 8.188654686161401 
519 8.193309724287134 
520 8.271274623797467 
521 8.225798399321201 
522 8.316760104188 
523 8.363008551122666 
524 8.4870016538452 
525 8.412813737674266 
526 8.531038898971133 
527 8.4129000335902 
528 8.499521123709133 
529 8.235401076865067 
530 8.3113695713594 
531 8.191735986596866 
532 8.216404907498866 
533 7.914456292508734 
534 7.719955766420466 
535 7.871473489842134 
536 7.6686453778524 
537 7.860073560427067 
538 7.6661281083679995 
539 7.6029889765996 
540 7.548274951287801 
541 7.432470650568066 
542 7.418529094771866 
543 7.4410119984389995 
544 7.4477751250922 
545 7.403634293028333 
546 7.40846818565 
547 7.399184917829333 
548 7.4401860008769996 
549 7.762428497678467 
550 7.487063056825867 
551 8.0938847467352 
552 7.8132185390716 
553 8.234747427371133 
554 7.719005649003534 
555 8.324157222894334 
556 7.8125320643668665 
557 8.373545282994067 
558 7.792096771868466 
559 7.914793790416 
560 7.7943024274110675 
561 7.739109585112267 
562 7.816488900876267 
563 8.101351399559134 
564 8.091684096998733 
565 8.064430873678868 
566 7.978412084410134 
567 8.027033731948 
568 8.007418693894733 
569 8.780775423393933 
570 8.555159312197466 
571 8.764401145226866 
572 8.356895501434666 
573 8.7466471307074 
574 8.380687417705 
575 8.7779445040686 
576 8.433576462140733 
577 8.813819667354533 
578 8.415411217587467 
579 8.594965582753067 
580 8.043972939554667 
581 8.7493188377262 
582 8.1301978180626 
583 8.509868890958334 
584 7.9874502088221995 
585 8.4667414149158 
586 8.015295299518867 
587 8.443625867899467 
588 7.9789844045075995 
589 8.154615262910534 
590 7.862957398457933 
591 8.105023254386866 
592 7.8082419205926 
593 8.280387531345001 
594 8.035495187328934 
595 8.365542197936799 
596 8.061065680205534 
597 8.332200935997067 
598 8.111126596975867 
599 8.174729845852067 
600 7.969571668661067 
601 7.847813797175533 
602 7.835691190644799 
603 7.5674634858809995 
604 7.858885784712733 
605 7.4457088128878 
606 7.801508282904133 
607 7.492776791455667 
608 7.7914281643111325 
609 7.8919113372212 
610 8.041106866095665 
611 8.133697144254599 
612 8.078896518125333 
613 8.495555624735266 
614 8.411394136576801 
615 8.536723352983 
616 8.418042154000267 
617 8.521585382715934 
618 8.4398118507364 
619 8.331052989152132 
620 8.452578904967266 
621 8.115542010947667 
622 8.292205556594734 
623 8.017654156061933 
624 8.233247958384133 
625 8.017323617273933 
626 8.218981017392 
627 8.019209963505867 
628 8.172152305608199 
629 8.084776634234533 
630 8.2882994474696 
631 7.907737233697933 
632 8.081094679969 
633 7.9305841197006 
634 7.988650774009333 
635 7.9462260093948665 
636 7.9870643072076 
637 7.9603869035600665 
638 7.9999399036759336 
639 7.968335424480934 
640 7.804074843477 
641 7.804394286919333 
642 7.663604495254333 
643 7.8761511386209335 
644 7.776746790508 
645 7.8767138709368005 
646 7.783023665309 
647 7.8490031867942 
648 7.824662916030267 
649 7.665953251272666 
650 7.7375827404484 
651 7.9100248290874005 
652 8.009244903834732 
653 7.654279552742733 
654 7.823266382515867 
655 7.666202954890867 
656 7.867375279768534 
657 7.678187891506867 
658 7.849607377491933 
659 7.892937319603933 
660 8.378801107436866 
661 7.827050816572733 
662 8.414496603329667 
663 7.979487524365666 
664 8.486280758008867 
665 7.938145911175933 
666 8.569295509411733 
667 7.951833826804333 
668 8.588915903525534 
669 8.029451096492066 
670 8.575958741937734 
671 7.731444434411533 
672 8.454860444042533 
673 7.692512465059533 
674 8.534702880210133 
675 7.685803978106133 
676 8.420511444892933 
677 7.6640394204884 
678 8.452338340919267 
679 7.661742530591266 
680 8.155441287060533 
681 7.9930382586976 
682 8.015432100932534 
683 8.053692462144866 
684 7.9307640836317335 
685 8.132918620033733 
686 7.965892952095467 
687 8.148909068765066 
688 7.893815389497733 
689 7.843306035511667 
690 7.753803139144867 
691 7.741370811029934 
692 7.922071596706733 
693 7.842235885430134 
694 8.085766184669733 
695 7.758478020164733 
696 8.1427045521748 
697 7.7724671919768005 
698 8.136473997392466 
699 7.879323858137667 
700 8.440240234730533 
701 7.763541239480866 
702 8.415227875911333 
703 7.627873348945934 
704 8.250383009578067 
705 7.605658260470867 
706 8.2741057082048 
707 7.654250019627867 
708 8.1881550255856 
709 7.754941695263266 
710 7.9354627673796 
711 8.033915292219932 
712 7.8065461811752 
713 8.039022851646267 
714 7.7819442878648 
715 8.046233035675934 
716 7.755804018589333 
717 8.0073464659464 
718 7.753551429583734 
719 7.907867388744133 
720 7.610906897515666 
721 7.7773315360633335 
722 7.8042207542852005 
723 7.800272531460866 
724 7.998311259206933 
725 7.7896428275462 
726 7.970530673798533 
727 7.829656354965933 
728 7.9698424262278 
729 7.959977480609534 
730 8.137896631847399 
731 7.952371670494133 
732 8.1750296759266 
733 7.945614477328934 
734 8.075836461195466 
735 8.026575017401534 
736 8.119094885760132 
737 7.986582632921067 
738 8.1176667485736 
739 7.798819648922334 
740 7.9984261811912 
741 7.819500949275667 
742 7.965738861636333 
743 7.890310515053533 
744 8.142608227140734 
745 7.859669041451734 
746 8.171889809064467 
747 7.772113699936667 
748 8.144077635247667 
749 7.5874645121260675 
750 7.9233088197107335 
751 7.869807031051334 
752 8.0345514095438 
753 7.7932316179539995 
754 7.847885621390266 
755 7.817261892738199 
756 7.877006089324866 
757 7.852725016830667 
758 7.8665131680987335 
759 8.2506689610782 
760 8.2235268673712 
761 7.899168312195534 
762 8.046652589260933 
763 8.002677020781533 
764 8.103380614859999 
765 8.004796608793866 
766 8.0789717658502 
767 8.035296979001801 
768 8.069772419223266 
769 7.821484438625199 
770 7.871491320591467 
771 7.5469333231858 
772 7.5435867311926 
773 7.437652752300466 
774 7.400206042981734 
775 7.426223739172866 
776 7.3947476767661335 
777 7.383633205971667 
778 7.403567114841466 
779 7.783751083748066 
780 7.5977548105854 
781 7.985238205476733 
782 8.1072984003816 
783 7.892151833958667 
784 8.0806718497962 
785 8.0130455675138 
786 8.076468180928 
787 7.980177356995867 
788 8.0666752556082 
789 7.638085497619266 
790 8.131771712244934 
791 7.8543401301276 
792 8.445258350015466 
793 8.108228139691 
794 8.719311502284866 
795 8.007226980181334 
796 8.6829726986444 
797 8.075425945291734 
798 8.712590894354866 
799 7.624648622121334 
800 7.8192597121268 
801 7.5884550015988 
802 7.783382205415866 
803 7.227872286030067 
804 7.383099081260267 
805 7.2103308738692 
806 7.413161384049867 
807 7.192369868418267 
808 7.394202194012133 
809 7.735355907459467 
810 7.685793375976 
811 7.883733014410066 
812 7.7002017425675335 
813 8.061933923155733 
814 7.957423941026267 
815 8.065909588579933 
816 7.957563119526067 
817 8.058474555221066 
818 7.9678185578234 
819 8.0105909267304 
820 8.260435275889334 
821 8.107721372213867 
822 8.361844439126333 
823 8.162729737352667 
824 8.356675507787399 
825 8.197930947643199 
826 8.342853927008866 
827 8.176012550563867 
828 8.336997789241266 
829 8.309925588739466 
830 7.9777998152444 
831 8.023575095259 
832 7.8203118731964 
833 7.918305198571933 
834 7.765794301384467 
835 7.902371198907066 
836 7.869838071083266 
837 7.920082865189534 
838 7.842821355360001 
839 7.720081691663601 
840 7.6562213159856 
841 8.069287182508733 
842 8.283690292522133 
843 8.231087276145866 
844 8.311077621383733 
845 8.184332824072934 
846 8.2679153708294 
847 8.159120339915534 
848 8.289737707099867 
849 8.451367821741067 
850 8.7827753686694 
851 8.451493726874933 
852 8.328236735483467 
853 8.344570488917467 
854 8.3295225873828 
855 8.357997990234667 
856 8.358275205342133 
857 8.393267814551999 
858 8.3350072394742 
859 8.064371203560599 
860 7.956367608165199 
861 7.9754648930272 
862 8.022961732041267 
863 8.051714260267934 
864 8.031507169640067 
865 8.098236228789133 
866 8.046717041058933 
867 8.0871200741514 
868 8.0479390758744 
869 8.1862949869542 
870 8.238330577039534 
871 8.189447610203134 
872 8.1337425297934 
873 8.156155838403 
874 8.223292769975 
875 8.081836147072801 
876 8.2485046236088 
877 8.0789435964836 
878 8.231202357611133 
879 7.797744832254267 
880 8.081685338181266 
881 7.899596225365067 
882 8.056721865487601 
883 7.9741065131427336 
884 8.035272560570666 
885 8.056414702440733 
886 7.981795466691467 
887 8.107109248360599 
888 7.951509371888933 
889 8.631238124783932 
890 8.3621982439612 
891 8.548785578410866 
892 8.3621982439612 
893 8.241382906125 
894 8.060420087460733 
895 8.084860525083133 
896 8.018533415196066 
897 8.203454584331466 
898 8.138317274611333 
899 8.121220092548267 
900 8.1374044493864 
901 8.121220092548267 
902 8.141505900076867 
903 8.121220092548267 
904 8.022036826568668 
905 8.0039583951314 
906 7.9471502871052 
907 7.864288034270467 
908 7.7832085403478 
909 7.886526444421733 
910 7.7793713721338 
911 7.945785174646001 
912 7.775446883116 
913 7.819033702836933 
914 7.997932709635133 
915 8.231234563778132 
916 8.260793055046934 
917 8.3704236143386 
918 8.280833939490067 
919 8.3532166445402 
920 8.344253888318134 
921 8.339444245178466 
922 8.3434004878954 
923 8.5953452885916 
924 8.136792538886933 
925 8.402258537419133 
926 8.165039197912133 
927 8.189475612552334 
928 7.994145383941267 
929 8.2412072973662 
930 7.960656179606601 
931 8.250681883914734 
932 7.969683505184 
933 8.125763015616934 
934 8.300609491570468 
935 8.233526097873 
936 8.413627558206134 
937 8.350948464481533 
938 8.588054539259867 
939 8.335470961327466 
940 8.566370248043066 
941 8.3238277400766 
942 8.5954500910736 
943 8.355861690620067 
944 8.6347715730384 
945 8.582465577088067 
946 8.261310039089533 
947 8.5949157205678 
948 8.289931120769067 
949 8.6031046602766 
950 8.272588162039334 
951 8.609797586137999 
952 8.242535936628334 
953 8.356743420882667 
954 7.983702004761667 
955 8.219495077803801 
956 7.949769549759867 
957 8.188201783507866 
958 7.902437499570266 
959 8.167899962320933 
960 7.920044006541467 
961 8.162520078595067 
962 7.936985203332401 
963 7.886616062772201 
964 8.460678302880734 
965 7.676201678182999 
966 8.150189812380999 
967 7.521558386423201 
968 8.122544479757734 
969 7.486947440473201 
970 8.136586886419666 
971 7.506602266343267 
972 8.123578670651266 
973 7.851548796455599 
974 8.5349747795592 
975 8.000143482003468 
976 8.307110776126601 
977 7.9915351697996675 
978 8.3231077248174 
979 8.012552754582801 
980 8.312731954369333 
981 7.997604496266667 
982 8.337412620577867 
983 7.8745002501766 
984 7.881755430449534 
985 7.971620232851801 
986 7.9772779078030664 
987 7.995399118024934 
988 7.867772687909267 
989 8.006001323362867 
990 7.8945723152584 
991 8.0046068585634 
992 7.903099732366534 
993 7.8737745603116 
994 8.0897875837888 
995 8.148243558007334 
996 7.991953749060801 
997 8.216246363917667 
998 8.095754971017532 
999 8.1979313694278 
1000 8.0862761295118 
1001 8.151465716384132 
1002 8.067949270277401 
1003 8.117138845222133 
1004 8.186203517433666 
1005 8.1750998263742 
1006 8.167310718166867 
1007 7.806403604959001 
1008 8.092514557865467 
1009 7.882716043724533 
1010 8.0630350636272 
1011 7.928471447470733 
1012 8.032606589489866 
1013 7.828821430401334 
1014 7.813783077784801 
1015 7.7795756136886 
1016 7.8712586854368665 
1017 7.841871437194601 
1018 7.7143219850734 
1019 7.738063292548534 
1020 7.803568408178866 
1021 7.769510991429467 
1022 7.821593634724533 
1023 7.743119179938333 
1024 7.668579010011666 
1025 7.970649357570067 
1026 7.7503445360104 
1027 7.764777529981067 
1028 8.114540910440867 
1029 7.807775908510333 
1030 8.029911248030134 
1031 7.756341423660133 
1032 8.048707385236867 
1033 7.9793578745684 
1034 8.299139731570401 
1035 8.451236169591533 
1036 8.4107413737088 
1037 8.248122219892133 
1038 8.3327162073682 
1039 8.267069422120267 
1040 8.3511266271842 
1041 8.3094179557798 
1042 8.342087362374933 
1043 8.7437562664006 
1044 8.715997455179266 
1045 8.7124360505442 
1046 8.6855905875872 
1047 8.700740023590933 
1048 8.399045277263133 
1049 8.689115363114466 
1050 8.404690630582666 
1051 8.693132234512333 
1052 8.370281568252533 
1053 8.3897668805306 
1054 8.027899360597933 
1055 8.354222205398466 
1056 8.016568716965267 
1057 8.030378222214134 
1058 8.586633485522666 
1059 8.008010673628734 
1060 8.572467121117533 
1061 8.016745752501867 
1062 8.602294080900734 
1063 7.8006898833628 
1064 8.3367503286626 
1065 7.5386470934070005 
1066 8.136019742014867 
1067 7.78303735522 
1068 7.7466162469026 
1069 7.811093632985799 
1070 7.779515000071534 
1071 7.782820481132667 
1072 7.772597209698066 
1073 7.639962813025534 
1074 7.7366537766622665 
1075 7.908342098468133 
1076 7.9875456981022 
1077 7.950307949643533 
1078 7.598660800230067 
1079 7.966824656414733 
1080 7.635315972605533 
1081 7.961958965146334 
1082 7.6321963259146 
1083 8.0649141001074 
1084 7.622909595373667 
1085 8.2610068293004 
1086 7.558804229461667 
1087 7.735170694507133 
1088 8.275808193071866 
1089 7.708904303415333 
1090 8.170662312256667 
1091 7.7005426673920665 
1092 8.195773934301867 
1093 7.519112282825134 
1094 8.199155529110467 
1095 7.9119497965284005 
1096 8.007378681866333 
1097 7.6614484879784674 
1098 7.9358160051140665 
1099 7.665570205871133 
1100 7.978897369149533 
1101 7.710617183290666 
1102 7.9467229022058 
1103 8.058533601547067 
1104 8.164637750527334 
1105 8.249613015483334 
1106 7.576975612939534 
1107 8.395780177459732 
1108 7.709304331363334 
1109 8.3890362107954 
1110 7.677263388110333 
1111 8.366746783347866 
1112 7.674454062075466 
1113 8.5124333736682 
1114 7.518938004684 
1115 8.1627160351374 
1116 7.720227426999067 
1117 8.089896170821467 
1118 7.688674409815733 
1119 8.084395463981133 
1120 7.704732994551867 
1121 8.0549406713926 
1122 7.7110376518378 
1123 8.154703996657068 
1124 7.899190032729933 
1125 8.063027227257466 
1126 7.768897283515467 
1127 8.114768978215533 
1128 7.716899891409 
1129 8.082431775304068 
1130 7.808516361571001 
1131 8.087372644743 
1132 7.791116141830201 
1133 7.882617839315134 
1134 7.763463327419067 
1135 8.166930415406467 
1136 8.058176180267667 
1137 8.048407093085133 
1138 8.087008273291 
1139 8.134318447494866 
1140 8.000631205313267 
1141 8.213321755128534 
1142 7.997719240587133 
1143 8.1640211313832 
1144 7.9927607095991995 
1145 8.196561478845867 
1146 7.960939372907934 
1147 8.3829085051494 
1148 8.0905357995648 
1149 8.366321848949667 
1150 8.080105687513933 
1151 8.295979197995132 
1152 8.1222816087498 
1153 8.123658206015334 
1154 8.092703967079867 
1155 8.093320423921666 
1156 8.124323772869067 
1157 8.039419833921068 
1158 8.178155216018666 
1159 7.996696120763533 
1160 8.2194451341418 
1161 8.0005357564992 
1162 8.194762242991933 
1163 8.405552664621 
1164 8.4199406422884 
1165 8.367371576162666 
1166 8.362477799396 
1167 8.293382768305333 
1168 8.039438920058867 
1169 8.351010565895267 
1170 7.985518021900734 
1171 8.337044299178332 
1172 8.013855747831666 
1173 7.7808101463004 
1174 7.629597902183867 
1175 7.661894783816133 
1176 7.456664571977133 
1177 7.454327408225733 
1178 7.575310231565666 
1179 7.3885816234676005 
1180 7.613187299039667 
1181 7.381378626235667 
1182 7.595396665728733 
1183 7.55951958569 
1184 7.791693609170267 
1185 7.609829659320933 
1186 7.7844258850662 
1187 7.729856103970067 
1188 7.842797744013867 
1189 7.789001719248733 
1190 7.797134800991267 
1191 7.853477812232467 
1192 7.817307584279867 
1193 7.6889913391982 
1194 7.7565404005284 
1195 7.480101965536734 
1196 7.691006502849934 
1197 7.884745724250333 
1198 7.718501749715866 
1199 7.937699891810866 
1200 7.7331084944596 
1201 7.905870878491733 
1202 7.7208726127926 
1203 8.160038440545533 
1204 7.932237845926733 
1205 8.3985154851438 
1206 8.068707254018067 
1207 8.111810058108134 
1208 8.184196017512933 
1209 7.988123120459 
1210 8.2650775992884 
1211 7.995938307896133 
1212 8.259498866554067 
1213 8.035084871625067 
1214 8.064700271750533 
1215 7.999176162509933 
1216 8.066366306093666 
1217 8.040948422439 
1218 8.2782263427616 
1219 8.067621704882466 
1220 8.315143076689466 
1221 8.0483428187556 
1222 8.3173988139232 
1223 7.823922038570333 
1224 8.084328943186 
1225 7.850912204368466 
1226 8.181634699043933 
1227 8.250723812818068 
1228 8.344960490422201 
1229 8.254453711629466 
1230 8.2831163945222 
1231 8.307874649464333 
1232 8.2775743624862 
1233 8.4446848853242 
1234 8.405387632751667 
1235 8.456653116701466 
1236 8.345503060741601 
1237 8.358815080253601 
1238 8.214539899387534 
1239 8.405731351519067 
1240 8.172018683843666 
1241 8.364853315252601 
1242 8.176773252656 
1243 8.510493805657132 
1244 8.323822881634934 
1245 8.512260876816734 
1246 8.280168953391401 
1247 8.52924009845 
1248 7.982515357252001 
1249 8.450100948311066 
1250 8.031806115926933 
1251 8.4425019015256 
1252 8.023058428510733 
1253 8.176629999808467 
1254 7.809745086545533 
1255 8.1727472936678 
1256 7.907860650553733 
1257 7.780512742564734 
1258 8.111260599745867 
1259 7.7995805342122 
1260 8.088962025466133 
1261 7.7804760305958665 
1262 8.103308489559934 
1263 8.055748455023 
1264 8.752012538128067 
1265 8.0208067313116 
1266 8.571355406445067 
1267 8.179308878094 
1268 8.7033814443852 
1269 8.223988452860533 
1270 8.7322495687746 
1271 8.242008034739733 
1272 8.745617704881067 
1273 8.305585503667468 
1274 8.457394445216533 
1275 8.334680309410599 
1276 7.9917542235687336 
1277 8.429832550353934 
1278 8.037661315390201 
1279 8.40039803693 
1280 7.980103345648133 
1281 8.399763376333533 
1282 7.951108271244267 
1283 8.0695047599468 
1284 7.612395425661667 
1285 7.824357882194934 
1286 8.185277751416999 
1287 7.5315922625779335 
1288 8.050031636830534 
1289 7.493083937625734 
1290 8.0791410681776 
1291 7.473409562315333 
1292 8.073026917660199 
1293 7.390329536690867 
1294 7.9072516235668004 
1295 7.6278133753505335 
1296 7.322274935396667 
1297 7.9147338167002665 
1298 7.503887900496533 
1299 7.955697775812734 
1300 7.5211567715413326 
1301 7.961821229810799 
1302 7.520401697954067 
1303 7.859813734979067 
1304 7.542599767475533 
1305 7.445723076019401 
1306 7.742717260828866 
1307 7.212030037879867 
1308 7.483076908592733 
1309 7.180958792423733 
1310 7.441540613977467 
1311 7.162843114263733 
1312 7.4826328693483335 
1313 7.096665607591934 
1314 7.409947476968 
1315 7.652384331899133 
1316 7.058061103987534 
1317 7.352393068190199 
1318 6.9866837818639995 
1319 7.371984374241666 
1320 6.9676425204612675 
1321 7.418747656476133 
1322 6.9440630872292 
1323 7.634313060963801 
1324 7.2363508150696 
1325 7.899533770896 
1326 7.4257572263024665 
1327 7.3980955630992 
1328 7.610108460579267 
1329 7.460110294165866 
1330 7.583326905753267 
1331 7.4081273680676 
1332 7.6017390399544 
1333 7.745644634819733 
1334 7.742944547355467 
1335 7.964070332911134 
1336 7.8725461043568 
1337 8.3263067604494 
1338 7.982195444688734 
1339 8.275266922589 
1340 8.024558368931734 
1341 8.302856520591734 
1342 8.016217859668734 
1343 8.375412235948401 
1344 8.033838087165668 
1345 8.3228248204576 
1346 8.358162833884666 
1347 8.343623794458933 
1348 8.269635442800466 
1349 8.345717967564667 
1350 8.2746870872492 
1351 8.391119481548133 
1352 8.1968049550276 
1353 8.349486854087667 
1354 8.265081124777533 
1355 8.294158882533134 
1356 8.287223644582001 
1357 8.491555563875734 
1358 8.240026624192668 
1359 8.514015417312534 
1360 8.245755125676867 
1361 8.438448821071868 
1362 8.339442296246068 
1363 8.380465139519801 
1364 8.388076729905068 
1365 8.170434140257933 
1366 7.973058827426467 
1367 8.289999092623333 
1368 7.962795031887867 
1369 8.235809222888934 
1370 7.941970819633067 
1371 8.338827112860933 
1372 7.8967827517497335 
1373 8.609577075815066 
1374 7.6268287660982 
1375 8.395955793845266 
1376 7.572741151682133 
1377 8.021510976345601 
1378 8.0689992026736 
1379 8.097251887538865 
1380 8.078561611131134 
1381 8.035406124514866 
1382 8.116083395511934 
1383 7.7940188127502665 
1384 8.261297128761466 
1385 7.936992172271601 
1386 8.4153877578358 
1387 8.412485029284866 
1388 8.194098100012534 
1389 8.343304799992866 
1390 8.2437014392078 
1391 8.344729382756332 
1392 8.2355728686732 
1393 8.074299541352133 
1394 8.210400707559 
1395 7.952148803603134 
1396 8.079460526436133 
1397 8.199411653136867 
1398 8.180462664725933 
1399 8.180786021736134 
1400 8.116780729684601 
1401 8.155071978025733 
1402 8.1090343359706 
1403 8.2403865756108 
1404 7.825023572992534 
1405 8.194059104797 
1406 7.8054300543524 
1407 7.9446950059585335 
1408 7.891666158577067 
1409 8.0154435059856 
1410 7.869217947999666 
1411 8.036488720129933 
1412 7.869206794538267 
1413 8.187620831041334 
1414 8.1458862716608 
1415 8.324701989879001 
1416 8.248071172247133 
1417 8.558843592899533 
1418 7.8645816199524 
1419 8.559527374142066 
1420 7.9443111694942 
1421 8.583923345558667 
1422 7.935697389464999 
1423 8.663544028055666 
1424 8.035446115216734 
1425 8.748662729316132 
1426 8.157873666264333 
1427 8.343403042502468 
1428 8.372041428540266 
1429 8.389460819324734 
1430 8.317782999600334 
1431 8.393239372655467 
1432 8.368483775682934 
1433 8.283019990931466 
1434 8.3943482511732 
1435 8.093452806164066 
1436 8.202933660096333 
1437 8.340034658952266 
1438 8.4737136293388 
1439 8.299978481732532 
1440 8.461498015658067 
1441 8.252965756992134 
1442 8.399162157790734 
1443 8.251284367211733 
1444 8.390891978041866 
1445 8.294178251137067 
1446 8.5290190834546 
1447 8.232929089636134 
1448 8.408702436775 
1449 8.178925696695533 
1450 8.426248066565133 
1451 8.193391591775066 
1452 8.436357521602133 
1453 8.050341227093666 
1454 8.251639244639799 
1455 8.122260998875067 
1456 8.2292591681238 
1457 8.022477998937132 
1458 7.8807403290602664 
1459 8.059227108351333 
1460 7.934932925759733 
1461 8.107939149016532 
1462 7.957678573328867 
1463 8.528008466526334 
1464 8.088024267501934 
1465 8.502708683510267 
1466 8.080623810559468 
1467 8.3274182261462 
1468 8.155824944406666 
1469 8.349094611461533 
1470 8.238358616741866 
1471 8.294238960610533 
1472 8.214426366974868 
1473 8.063010652362866 
1474 8.513043411789267 
1475 7.959902851508066 
1476 8.353442411371333 
1477 7.857549628771467 
1478 8.465127569416333 
1479 7.899537856262399 
1480 8.324593075100266 
1481 7.9372016237436 
1482 8.367620301248067 
1483 7.7136358047446665 
1484 7.9425101012438 
1485 7.7664586185995335 
1486 7.979827694379666 
1487 8.0545307576658 
1488 8.413650465605267 
1489 7.960405694204733 
1490 8.437357237304868 
1491 7.900820202033 
1492 8.4006725329794 
1493 8.154104208057733 
1494 8.641488612244267 
1495 8.242540377513933 
1496 8.766516480031667 
1497 8.564940659628867 
1498 8.217196937988733 
1499 8.5843767014394 
1500 8.181282359446 
1501 8.604870187537133 
1502 8.193131689506666 
1503 8.353521468485667 
1504 7.9134041281532665 
1505 8.122515608396533 
1506 7.812357585319533 
1507 7.623261643903067 
1508 7.8461399518417325 
1509 7.627117418815067 
1510 7.857619230675933 
1511 7.631517530421067 
1512 7.849679031879867 
1513 8.098857028801733 
1514 7.9575495114812 
1515 8.275826546738333 
1516 7.9569944768616 
1517 8.350056380270267 
1518 7.5154143777152 
1519 8.349283977413533 
1520 7.5206723617446665 
1521 8.4173312198294 
1522 7.5151244199858 
1523 8.264037621976799 
1524 7.3540188095435335 
1525 8.1076509096462 
1526 7.2624371362572 
1527 7.938261808432666 
1528 7.615777816308533 
1529 7.892807007170333 
1530 7.6169832621080005 
1531 7.831602087580933 
1532 7.617716133976867 
1533 7.3960347029073334 
1534 7.400642855443734 
1535 7.733161935126 
1536 7.604579041259 
1537 7.725090957532067 
1538 7.808849323686733 
1539 7.773128332092867 
1540 7.8325667621614 
1541 7.787813909760067 
1542 7.842234797638667 
1543 8.080850633715867 
1544 8.279768721822466 
1545 7.901985384795334 
1546 8.217154047714534 
1547 8.166915868302533 
1548 7.909802140385334 
1549 8.114053289744666 
1550 7.921955330249333 
1551 8.103316437459066 
1552 7.889388818497 
1553 7.9626554414048 
1554 7.7226756669382 
1555 7.805961711363267 
1556 7.7281601057854 
1557 7.735457425730534 
1558 7.795158532911667 
1559 7.741524846103133 
1560 7.778424984791734 
1561 7.710527941519934 
1562 7.759574511840667 
1563 7.580445056449066 
1564 7.605057222364466 
1565 7.6160383938379335 
1566 7.4368296906698 
1567 7.453664594307733 
1568 7.980292552661267 
1569 7.463407542182 
1570 8.004726949262 
1571 7.488272160090866 
1572 8.052193732395134 
1573 7.426201799993333 
1574 8.017535077692667 
1575 7.447626573249533 
1576 8.053946590178333 
1577 7.640046374144467 
1578 7.569919333410266 
1579 7.6441987005127325 
1580 7.519076781295333 
1581 7.665134709547534 
1582 7.525715413818866 
1583 7.908104389079999 
1584 7.786436026218134 
1585 7.9729725293358 
1586 7.918296536788733 
1587 7.895748563812467 
1588 7.573827764800534 
1589 7.8705068842194 
1590 7.557160371514333 
1591 7.904022608090401 
1592 7.5399182230346 
1593 7.4926620194926 
1594 7.2454908957502 
1595 7.295487021832133 
1596 7.0398265719254 
1597 6.963468681870933 
1598 7.0333656867744 
1599 6.996123107587533 
1600 7.061430230520201 
1601 6.954823893292667 
1602 7.070067087899734 
1603 7.1694537083284 
1604 7.390766958994334 
1605 7.345434870232 
1606 7.520004160661667 
1607 7.394397120598133 
1608 8.279574381809999 
1609 7.3825555044346 
1610 8.298974400183534 
1611 7.3378810339774665 
1612 8.314126986064332 
1613 7.399799589195466 
1614 8.044065228794134 
1615 7.436226001320066 
1616 8.075632386864333 
1617 7.4779704326272665 
1618 7.6593367330934 
1619 7.544744831024533 
1620 7.626534480551601 
1621 7.616694437818 
1622 7.5905895766701335 
1623 7.810381803976733 
1624 7.8050915295109995 
1625 7.7964893453421995 
1626 7.760346152157333 
1627 7.958381400314667 
1628 7.602507833878467 
1629 7.910503809451267 
1630 7.603741486992933 
1631 7.922147270673267 
1632 7.627954717532867 
1633 7.8739158439562 
1634 8.0012112557108 
1635 7.980195489182734 
1636 8.1749190129472 
1637 7.836233867238533 
1638 8.470316702753934 
1639 7.854125135809199 
1640 8.522585920730199 
1641 7.798565704014667 
1642 8.509949742761266 
1643 7.893928918309999 
1644 8.374716100641667 
1645 7.714865964885667 
1646 8.100868435287799 
1647 7.8657947208746 
1648 8.162990786336733 
1649 7.8445115483878 
1650 8.123976631035399 
1651 7.822246196877 
1652 8.171308869033867 
1653 7.7526474924456 
1654 8.091019564121 
1655 7.860080209625067 
1656 8.329517202953067 
1657 8.0972679501602 
1658 8.4797905978096 
1659 8.128062923629868 
1660 8.478844903366333 
1661 8.150468943063867 
1662 8.414989517759667 
1663 7.930267423075333 
1664 8.141827657282734 
1665 7.995589805265266 
1666 8.233513579726134 
1667 7.8014171177651335 
1668 8.385698031721533 
1669 7.772642640880534 
1670 8.366739945270934 
1671 7.807702481003467 
1672 8.376574280950933 
1673 7.787556555166134 
1674 8.230080252833266 
1675 7.849228105896533 
1676 8.068446767799133 
1677 8.290493075384934 
1678 8.0300395581548 
1679 8.325679174569332 
1680 8.050709759099933 
1681 8.283578689010467 
1682 8.0871513567922 
1683 8.6768208603578 
1684 8.434088383460933 
1685 8.728238072679 
1686 8.565895036572067 
1687 8.582718762199134 
1688 8.348040678103333 
1689 8.576252031849068 
1690 8.3642814107594 
1691 8.573885752244534 
1692 8.368409567701734 
1693 8.484552771404934 
1694 8.4491001591954 
1695 8.306639526325332 
1696 8.3450136358324 
1697 8.1800510132928 
1698 8.4325303241798 
1699 8.179792127191801 
1700 8.423727937084132 
1701 8.158493220724067 
1702 8.374148043636334 
1703 8.058346735328401 
1704 8.209465467706266 
1705 8.007288914656 
1706 8.102422048858333 
1707 8.240165873731067 
1708 8.410371953981134 
1709 8.200606462939666 
1710 8.404586458837066 
1711 8.208331531508934 
1712 8.3987971167462 
1713 8.481421802243533 
1714 8.565933234662 
1715 8.266544943209 
1716 8.417793822719334 
1717 8.1156929815612 
1718 8.091704160171 
1719 8.121961451087 
1720 8.0838766830708 
1721 8.1549234065864 
1722 8.109258972770467 
1723 8.151149901346333 
1724 7.9603929809856 
1725 8.479871533505667 
1726 8.231607464803334 
1727 8.484203564793601 
1728 7.8839892724865335 
1729 8.4771519656366 
1730 7.8903594069765335 
1731 8.4832696667172 
1732 7.914899194260534 
1733 8.7542581065786 
1734 8.204184107623467 
1735 8.691404326814267 
1736 8.219271464982 
1737 8.568398177239333 
1738 8.341912417147867 
1739 8.614037888153801 
1740 8.338392568497268 
1741 8.650468695329065 
1742 8.324489844017334 
1743 8.284574509036068 
1744 8.196112703666666 
1745 8.349252165477933 
1746 8.367251487544467 
1747 8.332176603852199 
1748 8.39249459827 
1749 8.361980970705668 
1750 8.410281234633866 
1751 8.281561692029067 
1752 8.411423613958867 
1753 8.342631019737334 
1754 8.327498170805134 
1755 8.2379635108252 
1756 8.088478469491134 
1757 8.133301994726468 
1758 7.8476703123124665 
1759 8.0817476734058 
1760 7.846402885401133 
1761 8.065820209487866 
1762 7.891866783013533 
1763 7.838332262758066 
1764 7.845880220530733 
1765 7.950157452068267 
1766 7.8760972228672665 
1767 7.8830704831432 
1768 8.045117646936268 
1769 7.857962914669467 
1770 8.013908053499401 
1771 7.846396483684 
1772 7.985029195609467 
1773 8.067082915380666 
1774 8.066600782241533 
1775 7.9274128797986 
1776 8.010663800955067 
1777 7.912679891696733 
1778 8.476364753378267 
1779 7.914042893792334 
1780 8.539915112106133 
1781 7.959976320356134 
1782 8.510905256923666 
1783 7.694034459491999 
1784 8.60378952466 
1785 7.736851507249266 
1786 8.755897178196266 
1787 8.085939821584534 
1788 8.610353797253067 
1789 8.104384222778 
1790 8.589171083996334 
1791 8.1447340520084 
1792 8.555809322657867 
1793 8.035149335422467 
1794 8.392164687562333 
1795 8.0125392611266 
1796 8.2274913662036 
1797 8.122927122359867 
1798 8.320749757067 
1799 8.121296730976066 
1800 8.326235791891733 
1801 8.0991173086556 
1802 8.4172645052688 
1803 8.301147978944067 
1804 8.318238905728334 
1805 8.251376592955333 
1806 8.344958465516466 
1807 8.226315306464732 
1808 8.061787996444933 
1809 8.236936504195 
1810 8.047038237986799 
1811 8.260356261647134 
1812 8.005927863233799 
1813 8.316021127460733 
1814 7.955463017441933 
1815 8.345980075420666 
1816 7.9343770355942 
1817 7.849900672921801 
1818 8.113215977806332 
1819 7.831818178003466 
1820 8.109103419210467 
1821 7.803583125402334 
1822 8.095994075567267 
1823 7.626234013280933 
1824 8.3611178122388 
1825 7.614193939821733 
1826 8.534378133863266 
1827 7.885933490420601 
1828 8.2637009249722 
1829 7.905824066875801 
1830 8.231039180625467 
1831 7.8632892184738665 
1832 8.216791690709334 
1833 8.016816043078867 
1834 7.948075285054133 
1835 8.256378343695134 
1836 7.977862117605734 
1837 8.100249434950467 
1838 8.061290683718001 
1839 8.082383610389199 
1840 8.073033051589599 
1841 8.131257821869067 
1842 8.041338791191867 
1843 8.010024770250933 
1844 8.026403530029866 
1845 7.969780763224333 
1846 7.9285536832837336 
1847 7.851102202040266 
1848 8.3682049318874 
1849 7.8316715686550005 
1850 8.390970573806733 
1851 7.7593211717206 
1852 8.576067311942733 
1853 7.798515702332 
1854 8.531943995837667 
1855 7.535479396680734 
1856 8.4194622465686 
1857 7.795736750152 
1858 8.128098448951267 
1859 7.8286662251207995 
1860 8.1034798673428 
1861 7.920806557971933 
1862 7.981641204115133 
1863 7.935473955475399 
1864 8.03780087558 
1865 7.9378573839212665 
1866 7.825942677829867 
1867 8.1407971330622 
1868 7.951239235014866 
1869 8.110448685573866 
1870 7.985807996068534 
1871 8.037410281773667 
1872 7.996363480190467 
1873 7.838922773054066 
1874 8.187239754491067 
1875 7.631545485277667 
1876 7.9861678417154 
1877 7.4636125282138 
1878 8.207819875400068 
1879 7.501571407397333 
1880 8.218898840271 
1881 7.571933629216066 
1882 8.201602477267334 
1883 7.6420288743498 
1884 7.984811932303266 
1885 7.8088014183178664 
1886 8.1360761125246 
1887 8.043588036456534 
1888 7.9992331231042 
1889 8.018740486084466 
1890 7.980582110591933 
1891 7.996415155586466 
1892 7.927882001908199 
1893 8.1786560831424 
1894 8.163298770852267 
1895 8.244392232594667 
1896 8.197448767123467 
1897 8.363336040975733 
1898 8.5822025516796 
1899 8.377998030183333 
1900 8.574120564986666 
1901 8.434144717949467 
1902 8.658570330197401 
1903 8.287760594547999 
1904 8.7723338484448 
1905 8.102448332068333 
1906 8.1158144773452 
1907 7.799100800790133 
1908 7.939560854586733 
1909 7.746662612904733 
1910 7.952370217719733 
1911 7.635299893994733 
1912 7.8879790414538 
1913 7.729482121284867 
1914 7.677959882762933 
1915 7.919341882289 
1916 7.756545192369134 
1917 7.826139417734333 
1918 8.299496924832132 
1919 7.891613651283733 
1920 8.300902077197733 
1921 7.941756258124666 
1922 8.323022959865467 
1923 8.200742692033932 
1924 8.593196393149867 
1925 8.263063959928266 
1926 8.6621740268808 
1927 8.618396972675066 
1928 8.306088939894734 
1929 8.616743414102599 
1930 8.278422784268868 
1931 8.614500967264467 
1932 8.224689164681466 
1933 8.2595271464726 
1934 7.8374506113432005 
1935 7.852879104169734 
1936 8.150871113927534 
1937 7.705821546506133 
1938 7.993987951190267 
1939 7.6838664029802 
1940 8.051030193583133 
1941 7.670162771374266 
1942 8.0675702834106 
1943 7.621739055447667 
1944 8.098536509718732 
1945 7.6451074207602 
1946 8.0918583766692 
1947 7.6322032428697995 
1948 8.121227618711066 
1949 7.642449240950133 
1950 8.110236044248799 
1951 7.663757131912 
1952 8.1346485558662 
1953 7.816892931609133 
1954 8.257118857705667 
1955 8.174681008369001 
1956 8.141769836961133 
1957 8.330456508077132 
1958 8.312478735970666 
1959 8.324068945750467 
1960 8.267203128404333 
1961 8.295935392938867 
1962 8.272808132736934 
1963 8.541983312035066 
1964 8.3440871180686 
1965 8.208332377593333 
1966 8.2642471050218 
1967 8.035475230669533 
1968 8.1044438522116 
1969 8.059537832479133 
1970 8.112847433293267 
1971 8.087867971073067 
1972 8.127877136232799 
1973 7.591633838764333 
1974 7.932548736651533 
1975 7.771041733209 
1976 8.061844191869268 
1977 7.7436798463511325 
1978 7.915057578208334 
1979 7.747954177621467 
1980 7.935777907250267 
1981 7.7079363969584 
1982 7.8913544159278 
1983 8.020365090685534 
1984 7.8644548207916 
1985 8.003532781819667 
1986 7.839619134973799 
1987 8.219613181932933 
1988 8.070743823344333 
1989 8.221955223402066 
1990 8.0127267847398 
1991 8.207689294625533 
1992 8.0318949186648 
1993 8.399348144729332 
1994 7.920939921532 
1995 8.473447055851734 
1996 7.8966825765232675 
1997 8.506778562379134 
1998 7.867972643999867 
1999 8.449877684961466 
2000 7.9479491721386 
2001 8.453794599025134 
2002 7.950501672483333 
2003 8.255681039047667 
2004 8.183693440201466 
2005 8.0640510759394 
2006 7.8049568815315995 
2007 7.949079671797333 
2008 7.879767598604867 
2009 7.980000778936066 
2010 7.902214900731533 
2011 7.9795299535948 
2012 7.867166034997133 
2013 7.8215690213748 
2014 7.700708893306934 
2015 7.754409675213334 
2016 8.334996808630732 
2017 7.4904899846734 
2018 8.0646054722342 
2019 7.495482328392466 
2020 8.002561889861132 
2021 7.514956301904934 
2022 8.027234346249001 
2023 7.431940399138 
2024 8.101271152324733 
2025 7.909828389025133 
2026 8.3298830841716 
2027 8.155930420407467 
2028 8.129154807238933 
2029 8.124199261435066 
2030 8.142188105017732 
2031 8.162154863213534 
2032 8.1404399021126 
2033 8.309962114830267 
2034 8.2812061190208 
2035 8.291479496889133 
2036 8.067166243504134 
2037 8.057502481193934 
2038 7.949311796100267 
2039 8.063614359499999 
2040 7.9232194436584 
2041 8.0902703448112 
2042 7.950250913734734 
2043 8.5070930897342 
2044 8.149211788987733 
2045 8.410943294741466 
2046 7.916684569964066 
2047 8.554375250036133 
2048 7.986507779260333 
2049 8.605458801924401 
2050 8.029574398198667 
2051 8.522530437574467 
2052 8.005974839604534 
2053 7.9001895518138 
2054 7.479516915321 
2055 7.6232164146324 
2056 7.619786947889467 
2057 7.490062517974334 
2058 7.6367271351184 
2059 7.466151525308266 
2060 7.5893135708812665 
2061 7.485345104083467 
2062 7.6020427796066 
2063 7.762045473869467 
2064 7.9364145306138 
2065 7.917113847285534 
2066 7.968734151192867 
2067 7.8810560022809995 
2068 7.935739011063267 
2069 7.870240254482533 
2070 8.014161809891933 
2071 7.902519801082067 
2072 8.0501853229632 
2073 8.002394715280799 
2074 8.272090862286467 
2075 8.150322364407932 
2076 8.602217969993866 
2077 8.138930788676133 
2078 8.5524040474644 
2079 8.138653308499133 
2080 8.484156650771867 
2081 8.106262198775399 
2082 8.424442105005399 
2083 8.053489489358267 
2084 8.167336822691 
2085 8.345092651382533 
2086 8.120669692437067 
2087 8.345375229218734 
2088 8.106202624229667 
2089 8.3374381704788 
2090 8.084784823940867 
2091 8.340541233551066 
2092 8.171415146189199 
2093 8.501632409405333 
2094 8.390047685854734 
2095 8.394505630132066 
2096 8.631345426643401 
2097 8.4352462480086 
2098 8.601710215875334 
2099 8.456316488822534 
2100 8.6558505582404 
2101 8.507560582162133 
2102 8.582955343134666 
2103 8.2516419898358 
2104 8.211958807395066 
2105 7.9122032311842005 
2106 8.030871928293399 
2107 7.9280104714616 
2108 8.2808550519148 
2109 7.901440030818933 
2110 8.271681909858 
2111 7.870506652155534 
2112 8.271568149487868 
2113 8.019499351922933 
2114 8.513497252198599 
2115 8.477777512970734 
2116 8.147515524934468 
2117 8.530615822369267 
2118 8.036876235075667 
2119 8.523880200048266 
2120 8.033545503372201 
2121 8.488593379229467 
2122 8.098285477002067 
2123 8.190116300281934 
2124 7.7304059941158 
2125 7.611074536466667 
2126 7.934029863900133 
2127 7.5119736249136 
2128 7.924811372205667 
2129 7.520184313369467 
2130 7.903421073331667 
2131 7.566733966144067 
2132 7.908123378057467 
2133 7.625361529240866 
2134 8.133909672042734 
2135 7.768155027530867 
2136 7.4780338277194005 
2137 7.863204633241334 
2138 7.560375369917267 
2139 7.874442517446266 
2140 7.5537989107801335 
2141 7.814572847290666 
2142 7.563589951560666 
2143 8.206839805838467 
2144 7.570587172314467 
2145 7.670087272859533 
2146 8.289828382470933 
2147 7.408306353799066 
2148 7.9838370574317326 
2149 7.4012937558694 
2150 7.9951055358496665 
2151 7.4293426851078666 
2152 7.931147945364933 
2153 7.022470825295733 
2154 8.098418045399066 
2155 7.936850233844267 
2156 7.792720689806466 
2157 8.138543392537732 
2158 8.090319491290666 
2159 8.151727386200866 
2160 8.092164436395066 
2161 8.158428046640067 
2162 8.105274345041932 
2163 8.155520835804134 
2164 7.838683064707666 
2165 7.565764421287134 
2166 7.884519429470533 
2167 7.5457159625386 
2168 7.811493523197334 
2169 7.554199915113734 
2170 7.802056686583334 
2171 7.534595631158734 
2172 7.8322052624698 
2173 7.870607979272133 
2174 8.1336467016124 
2175 8.091755829655533 
2176 8.409714226158133 
2177 8.281951670688134 
2178 8.455117556122934 
2179 8.263784190991933 
2180 8.4901803301894 
2181 8.3559555073832 
2182 8.425880794241 
2183 8.178240699933268 
2184 8.623328663895068 
2185 8.4882359466114 
2186 8.443624904010866 
2187 8.385161428273467 
2188 8.554152965573666 
2189 8.3779560793734 
2190 8.551624187634733 
2191 8.314090882601866 
2192 8.6202965037896 
2193 8.333601792566533 
2194 8.422442167374667 
2195 8.253880403514334 
2196 8.429417847959334 
2197 8.073271588620933 
2198 8.267118749616067 
2199 8.101764428999733 
2200 8.2538896021324 
2201 8.083877435144666 
2202 8.209805896527133 
2203 7.799486219175866 
2204 7.9990443172966 
2205 7.9137621352759995 
2206 7.661590828592733 
2207 8.043501875528333 
2208 7.5782591220128 
2209 8.047637476747733 
2210 7.568120179264734 
2211 8.070370424933333 
2212 7.590607561596067 
2213 8.4779311695008 
2214 7.779850464044666 
2215 7.878331214506333 
2216 8.035137897632733 
2217 8.002309656256132 
2218 8.3020485835312 
2219 7.977809029407333 
2220 8.309567297691467 
2221 7.992512346744067 
2222 8.292047730362667 
2223 7.661846803062933 
2224 8.141774482200667 
2225 7.917708984184267 
2226 7.912476555045867 
2227 7.885619120361934 
2228 7.796283659106 
2229 7.8970785639587335 
2230 7.777866299857799 
2231 7.861739464592066 
2232 7.7462110831616 
2233 7.975042482787733 
2234 8.1287316296508 
2235 7.8612196291122 
2236 7.964870733358267 
2237 7.5711555144956 
2238 8.388231029030933 
2239 7.607695026868133 
2240 8.401384074017066 
2241 7.5815559934632 
2242 8.381567799779534 
2243 7.669187377780466 
2244 8.007215018139533 
2245 8.343777377970666 
2246 7.7502307725354 
2247 8.206949050743733 
2248 7.658880813249334 
2249 8.163239744553133 
2250 7.6759221526388 
2251 8.231516318471266 
2252 7.697691647835399 
2253 8.458042443505333 
2254 7.8638134122893995 
2255 8.0501632215662 
2256 8.072754740378667 
2257 8.240091724508867 
2258 8.2579697841594 
2259 8.252364493619867 
2260 8.260304624709667 
2261 8.261437583228133 
2262 8.310406271161867 
2263 8.115285472225134 
2264 8.1033316785926 
2265 8.269299098213734 
2266 7.951694475341533 
2267 8.298928634132201 
2268 7.988733967262333 
2269 8.290502371353734 
2270 7.982574838034733 
2271 8.268617821218333 
2272 7.933572174290133 
2273 8.1607941291278 
2274 8.257862878710133 
2275 7.9413541497296665 
2276 8.229006378633999 
2277 7.9216420052303995 
2278 8.172444245856667 
2279 7.9327492073682 
2280 8.208802761623799 
2281 7.934501639322067 
2282 8.214391195210933 
2283 8.211233891015267 
2284 8.0360326576986 
2285 8.2192135598662 
2286 8.016411752986134 
2287 8.2728573981432 
2288 8.047871518471533 
2289 8.246422870586334 
2290 7.999494923579401 
2291 8.258273579272666 
2292 8.011639563352334 
2293 7.9309672928422 
2294 7.722955653721001 
2295 8.163570672033 
2296 8.037085412485334 
2297 8.0884819878294 
2298 8.089500350586066 
2299 8.113241914606332 
2300 8.164420396921 
2301 8.1137562843306 
2302 8.15140611162 
2303 8.2409264234036 
2304 8.483617639311733 
2305 8.114608352772134 
2306 8.050011512827199 
2307 8.1998366154194 
2308 8.114959395783734 
2309 8.226947792274933 
2310 8.037517298568334 
2311 8.229583732805333 
2312 8.030475593464933 
2313 8.114151399340534 
2314 7.725375712495601 
2315 7.917477294070667 
2316 7.925020055073866 
2317 7.709091482951201 
2318 7.700595473367733 
2319 7.6977873846647995 
2320 7.697134569960533 
2321 7.6498338638478 
2322 7.684993259324799 
2323 7.9406377541508 
2324 7.825093683517267 
2325 8.058357006879932 
2326 7.6132261364258005 
2327 8.221509546436067 
2328 7.682611284805533 
2329 8.219057952228534 
2330 7.693870042708267 
2331 8.226442851556733 
2332 7.742415656319467 
2333 8.108036340742066 
2334 7.869744836238733 
2335 8.090999514070466 
2336 7.895062086046334 
2337 8.0970079822178 
2338 8.030297867553132 
2339 8.084498309147133 
2340 8.062032261697867 
2341 8.082545392772467 
2342 8.023697707639533 
2343 7.845069803653467 
