0 27.126003246606263 
1 21.864236788056342 
2 13.316941833883668 
3 10.498252920975961 
4 13.447937106434278 
5 15.629043917634872 
6 9.889147718163214 
7 11.614356009315179 
8 18.686864006558196 
9 17.80385764737843 
10 10.250310370783112 
11 21.62870830174863 
12 15.886672676448976 
13 12.098348928707411 
14 19.172120619277692 
15 9.467527425398401 
16 12.065772970485012 
17 18.553366922195632 
18 11.08378565501641 
19 22.08644367680512 
20 12.755817100801362 
21 10.510380566476972 
22 17.296740909971916 
23 9.407137602497622 
24 17.724183685974232 
25 29.679059169839093 
26 8.129047512912697 
27 7.523280299904934 
28 20.733191958437757 
29 12.37721506287016 
30 15.887214257305732 
31 7.7115777435801265 
32 19.840605487228004 
33 9.76989534344726 
34 17.945465825221948 
35 21.119355488418933 
36 9.75750836330475 
37 15.541942416719161 
38 8.896604093753314 
39 17.398192278815483 
40 15.324569415925582 
41 21.603531308428064 
42 11.350958428842443 
43 17.209872186775538 
44 10.735357051446123 
45 21.996790400570596 
46 8.086184692500481 
47 19.497961555447088 
48 38.2587248016054 
49 18.444608619173263 
50 20.669130619043393 
51 17.522043004014655 
52 16.6676760331104 
53 22.325803223539932 
54 14.472349602332523 
55 21.642100483480647 
56 5.348710931671791 
57 19.111145537638574 
58 12.511459057323625 
59 17.867261914904493 
