0 35.03837735786009 
1 14.569626233152702 
2 10.1828952383727 
3 10.675299950623318 
4 31.690522243713733 
5 16.423712022429232 
6 33.02341547909614 
7 14.319624726021317 
8 24.429518317898538 
9 16.066190665890357 
10 34.87696657242641 
11 22.584383766698796 
12 7.885586440932891 
13 22.695836151619275 
14 15.456091152637184 
15 16.502807319884955 
16 15.61153398072707 
17 39.166890781413414 
18 9.554789121906992 
19 22.353526794041624 
20 16.87590630004265 
21 17.06021077635823 
22 36.66798384417673 
23 24.501299748228547 
24 13.210447906922541 
25 16.12951903368341 
26 16.689163970889588 
27 31.3639721827563 
28 11.22344926132365 
29 7.765748385030263 
30 14.017224496616258 
31 11.727988546886184 
32 17.701294371362614 
33 25.8091956286305 
34 24.445465036310015 
35 10.720402816649415 
36 22.451885040120334 
37 21.61121187139324 
38 12.288120001171887 
39 34.939722101895974 
40 15.872724658083754 
41 33.539138153002234 
42 28.301646423751688 
43 15.192074904467827 
44 26.69864670460477 
45 18.70436403528331 
46 23.978687156267508 
47 24.899843867804115 
48 22.432072222400496 
49 46.960801657056486 
50 62.22818313996617 
51 18.809044189529764 
52 23.245641065431126 
53 19.061032693164158 
54 12.773920432223031 
55 39.904327888192256 
56 30.155974318232474 
57 19.6359788954275 
58 14.375574947046605 
59 3.0855467252833915 
60 16.481537222233136 
61 31.969024154147515 
62 19.191419851659337 
63 16.607290206606006 
64 26.850934977305755 
65 14.042613598317955 
66 23.784244788713227 
67 20.783635931182115 
68 18.412625386860995 
69 6.776044847251168 
70 15.555949515441704 
71 37.78720337303375 
72 14.137753898218246 
73 17.705105150739982 
74 37.171682796270694 
75 30.90341357028654 
76 12.055022562009599 
77 26.005704223605566 
78 23.4479782196705 
79 34.98110123267335 
80 19.461953571246283 
81 38.580374553883516 
82 21.889340027346645 
83 16.07912472110836 
84 35.47130111209776 
85 31.91866429234586 
86 36.93274395505697 
87 23.961700620422526 
88 15.780993445756296 
89 28.87883336316942 
90 53.12338830204929 
91 8.78138163789999 
92 37.98087510866416 
93 25.381413728207395 
94 11.855818370946588 
95 10.982153330540427 
96 25.121008121511224 
97 49.166019997890025 
98 32.239821056596234 
99 13.683399396460322 
100 11.807723166402509 
101 28.004967617012753 
102 25.93446981641903 
103 39.63059479378278 
104 20.266646050368195 
105 29.401319248266823 
106 17.227756282294568 
107 6.055418802777148 
108 13.025991086818118 
109 14.231873829365618 
110 7.0028199584269 
111 17.097346719984998 
112 14.448021549897865 
113 13.118925039253833 
114 13.848254731309183 
115 11.9008617142922 
116 14.039887260579363 
117 26.629656201390432 
118 19.136955738161177 
119 12.908370751764231 
