0 0 
1 0 
2 0 
3 0 
4 0 
5 0 
6 0 
7 0 
8 0 
9 0 
10 0 
11 0 
12 0 
13 0 
14 0 
15 0 
16 0 
17 0 
18 0 
19 0 
20 0 
21 0 
22 0 
23 0 
24 0 
25 0 
26 0 
27 0 
28 0 
29 0 
30 0 
31 0 
32 0 
33 0 
34 0 
35 0 
36 0 
37 0 
38 0 
39 0 
40 0 
41 0 
42 0 
43 0 
44 0 
45 0 
46 0 
47 0 
48 0 
49 0 
50 0 
51 0 
52 0 
53 0 
54 0 
55 0 
56 0 
57 0 
58 0 
59 0 
60 0 
61 0 
62 0 
63 0 
64 0 
65 0 
66 0 
67 0 
68 0 
69 0 
70 0 
71 0 
72 0 
73 0 
74 0 
75 0 
76 0 
77 0 
78 0 
79 0 
80 0 
81 0 
82 0 
83 0 
84 0 
85 0 
86 0 
87 0 
88 0 
89 0 
90 0 
91 0 
92 0 
93 0 
94 3 
95 0 
96 3 
97 0 
98 3 
99 0 
100 3 
101 0 
102 3 
103 0 
104 3 
105 0 
106 3 
107 0 
108 3 
109 0 
110 3 
111 0 
112 3 
113 0 
114 3 
115 0 
116 3 
117 0 
118 3 
119 0 
120 2 
121 0 
122 2 
123 0 
124 2 
125 0 
126 2 
127 0 
128 2 
129 0 
130 2 
131 0 
132 2 
133 0 
134 2 
135 0 
136 2 
137 0 
138 2 
139 0 
140 2 
141 0 
142 2 
143 0 
144 2 
145 0 
146 2 
147 0 
148 2 
149 0 
150 2 
151 0 
152 2 
153 0 
154 2 
155 0 
156 2 
157 0 
158 2 
159 0 
160 2 
161 0 
162 2 
163 0 
164 2 
165 0 
166 2 
167 0 
168 2 
169 0 
170 2 
171 0 
172 2 
173 0 
174 2 
175 0 
176 2 
177 0 
178 2 
179 0 
180 2 
181 0 
182 2 
183 0 
184 2 
185 0 
186 2 
187 0 
188 2 
189 0 
190 2 
191 0 
192 2 
193 0 
194 2 
195 0 
196 2 
197 0 
198 2 
199 0 
200 2 
201 0 
202 2 
203 0 
