0 17.870763777044935 
1 23.8596060094089 
2 9.87589857334925 
3 16.447218998023654 
4 20.061145229485927 
5 18.427914905582455 
6 14.963357770999448 
7 20.826670506626414 
8 28.80090090708709 
9 18.667734843022583 
10 11.800248704429977 
11 35.302023364643304 
12 13.527569213303403 
13 12.930576407878632 
14 22.3871728768688 
15 21.20906148867314 
16 20.743035464360073 
17 12.969680852708624 
18 20.59039184691363 
19 16.784399723081478 
20 17.84886165368739 
21 12.039520291177974 
22 23.217718141610067 
23 12.012762276817678 
24 9.442738691035002 
25 8.756357502385173 
26 25.19010726340192 
27 21.102460769072092 
28 15.644667248543444 
29 10.510591271879816 
30 6.320568538689202 
31 21.31750307490572 
32 9.443525327257253 
33 9.381761245442549 
34 12.61645916491952 
35 17.854104145648964 
36 19.671250351749368 
37 20.404975845645648 
38 21.784178789751685 
39 27.796544571318748 
40 24.935964281255387 
41 20.87777877330785 
42 15.743557020276713 
43 7.347445572582736 
44 25.22859273873397 
45 17.94001608239662 
46 14.617202719703913 
47 11.946725000284832 
48 11.80167642565117 
49 9.613018117644362 
50 17.27472817133443 
51 20.916092355258566 
52 16.85163281049113 
53 15.188499004164404 
54 27.341733864396392 
55 8.376947289373193 
56 22.30395847956948 
57 43.687936170656 
58 53.571890207298225 
59 27.553862122426455 
60 19.180186483384322 
61 27.015406811975062 
62 22.745929999240772 
63 9.963995381830449 
64 13.88773405294439 
65 24.3693366024844 
66 22.41984177891811 
67 30.49271906420164 
68 31.988773471224395 
69 22.591804197009523 
70 14.214124983055443 
71 14.645171878000664 
72 4.009988871509918 
73 25.137569372025844 
74 14.255381917301666 
75 25.03001115944883 
76 20.988415674618068 
77 14.076593402536556 
78 35.87144005610386 
79 22.827883485000218 
80 18.405595878568732 
81 17.74262786752793 
82 23.186529127555364 
83 16.90672148658726 
84 38.972914208193565 
85 19.13215465177806 
86 21.0814598129244 
87 12.541312466548458 
88 20.697689567028217 
89 14.717837329506178 
90 10.830634478377743 
91 22.095286259139854 
92 29.9910190773103 
93 22.732369328159212 
94 35.456907847463505 
95 21.507707138974638 
96 20.455429513377485 
97 20.426142008376353 
98 19.00920025742592 
99 21.272526246386366 
100 11.861719457013574 
101 3.5683995773360944 
102 14.738058259250149 
103 17.860262306251066 
104 31.901184989123657 
105 16.781982082911547 
106 17.331977950230993 
107 17.533836095179172 
108 27.52926659578099 
109 18.798927902327957 
110 21.896082065203206 
111 13.953199954756851 
112 25.41340135601025 
113 12.064488849642032 
114 19.304836905742704 
115 20.96177277565932 
116 16.57146469435489 
117 15.267559697146185 
118 28.624981231999783 
119 23.448502568861706 
120 28.624981231999783 
121 23.448502568861706 
122 11.758862663410833 
123 27.28783521788349 
124 20.034219061220785 
125 14.697311294804454 
126 17.912357947872582 
127 10.188807213755107 
128 19.703408621143222 
129 8.401748334394993 
130 9.126444534865756 
131 14.392149058092853 
132 9.329216971983238 
133 43.274599424285256 
134 12.761522265629754 
135 12.41281913933371 
136 17.813838914088645 
137 26.25756086567295 
138 13.024615795471837 
139 11.479324208561522 
140 26.771583583328013 
141 23.91920297913352 
142 19.054538185815982 
143 13.114289912984207 
144 17.490623553500164 
145 13.911502194037128 
146 9.315045128278019 
147 18.305985457529175 
148 18.284598282401152 
149 20.405770026028364 
150 17.44080369914507 
151 31.40742071960762 
152 8.43006706984952 
153 16.64234642457524 
154 16.704850587256008 
155 18.574071695857228 
156 9.269057205871304 
157 19.231986794442662 
158 11.368618490419774 
159 17.105086294085023 
160 11.13806051400256 
161 13.845877568267047 
162 22.93034469562365 
163 14.02087936700017 
164 34.19594798418328 
165 10.879573356574609 
166 10.972930690323643 
167 7.948318826902559 
168 16.57984947188666 
169 22.044769608384183 
170 7.2335416088203495 
171 16.707645364701385 
172 20.737292283656103 
173 21.212386650415468 
174 13.807362734673589 
175 19.41996212594743 
176 15.610952928609446 
177 15.91452161243322 
178 14.091301251125476 
179 19.049086218798823 
180 22.79884763820188 
181 16.442641138121505 
182 16.731572270845135 
183 18.39598949127416 
184 21.96545692589683 
185 19.195020822845635 
186 16.647762994951258 
187 11.599356191129376 
188 30.067126410414485 
189 20.316023501717098 
190 17.518310612135792 
191 22.052651226372934 
192 19.265024159914752 
193 22.49197769197769 
194 10.117630031310759 
195 11.913876359174212 
196 16.361183817878974 
197 20.23106309087401 
198 18.05912492357505 
199 18.801540233903975 
200 24.410182393817 
201 20.545810800219453 
202 10.786875633303673 
203 8.765617195581981 
204 24.4269573927831 
205 25.665165459173682 
206 32.94249226370933 
207 18.237690233933385 
208 12.851810429618917 
209 13.258261314856142 
210 14.416784678206591 
211 17.200979326692394 
212 15.27267430851916 
213 15.472511906035466 
214 12.813647347791685 
215 25.387866278471513 
216 18.804659128610243 
217 21.65282617561575 
218 13.24507293104156 
219 19.391141932501156 
220 7.511195239314693 
221 12.488697267811629 
