0 3.8310207251504664 
1 3.9612853418807936 
2 4.1541458232195065 
3 4.052103591085166 
4 4.396500615748827 
5 4.277079372736713 
6 4.76086420130254 
7 4.6754884203618 
8 5.42539412820792 
9 5.254395623156073 
10 5.648711992903813 
11 5.508833837691413 
12 0.5249599290717969 
13 0.5344101096485522 
14 0.4756163434645638 
15 0.48103677918161075 
16 0.4956968845471616 
17 0.5066129192040518 
18 0.5063060330959303 
19 0.5080224425410005 
20 0.5056775980563292 
21 0.5054203710419167 
22 0.5095489840764945 
23 0.5115827314010378 
24 0.5065481979621519 
25 0.5132387417857163 
26 0.5040734800633135 
27 0.5023780364049054 
28 0.502629364087819 
29 0.5055922996177006 
30 0.5100300295140687 
31 0.5132377605643794 
32 0.5755220725533784 
33 0.5759554029812325 
34 0.5750007874345081 
35 0.6487232115728242 
36 0.6515962919106 
37 0.6604346309413939 
38 0.6625821379863879 
39 0.6737010166352242 
40 0.720861151261194 
41 0.6876561300842302 
42 0.7149164769273758 
43 0.6055997691408055 
44 0.6401604227675082 
45 0.6015572385647622 
46 0.6363587912072595 
47 0.5997685691157892 
48 0.6348846560663621 
49 0.5954084500271352 
50 0.6406524376196217 
51 0.6314064451215298 
52 0.6506314355216702 
53 0.6353471532181568 
54 0.6553440483760811 
55 0.6441302314863027 
56 0.6840488724263135 
57 0.6624325393725784 
58 0.6971051907138163 
59 0.6799779508023892 
60 0.690264924935627 
61 0.6783733973544702 
62 0.6641706791133514 
63 0.6499677316427406 
64 0.6602911103436865 
65 0.6466982102426486 
66 0.6532041602116054 
67 0.6514211806472974 
68 0.6369379967742486 
69 0.6391016610757729 
70 0.6364003886875783 
71 0.6362744901031189 
72 0.6317652921137945 
73 0.6181476248449892 
74 0.6297872732025676 
75 0.6126896882711081 
76 0.607048366706519 
77 0.5886829748867026 
78 0.6322016421656595 
79 0.612813343080827 
80 0.636241687493919 
81 0.6415742242433081 
82 0.6358025955653513 
83 0.638352871707173 
84 0.636282320075119 
85 0.6387613004106865 
86 0.6440312428773568 
87 0.642413215485054 
88 0.6385523878962432 
89 0.6306536117049297 
90 0.6759424953309459 
91 0.6379552344470595 
92 0.6755834393579514 
93 0.638346477564227 
94 0.6789183297618433 
95 0.6368059017566108 
96 0.6796386735087729 
97 0.6469512002679405 
98 0.6790849596673189 
99 0.6527228857812216 
100 0.6492979801456595 
101 0.6608423438910973 
102 0.6449853154773297 
103 0.6635132046185513 
104 0.6412539882705838 
105 0.6638301689404055 
106 0.6494773537701188 
107 0.6582501204302594 
108 0.6717229357415784 
109 0.6788458873595676 
110 0.6731461057393838 
111 0.6771531071743729 
112 0.7011085832544163 
113 0.660257552793546 
114 0.701798478062681 
115 0.6619307364863243 
116 0.6956991322442649 
117 0.6620635574995568 
118 0.662345859514173 
119 0.6324275962605675 
120 0.5946819778786865 
121 0.6261414254379568 
122 0.5942665246624649 
123 0.6254294888559622 
124 0.5926420893225188 
125 0.6236327361596541 
126 0.5852981986765297 
127 0.6155185960843621 
128 0.6311726243477243 
129 0.6294530327114054 
130 0.6304509325368649 
131 0.6260393561308109 
132 0.6319778347993189 
133 0.6216652770790486 
134 0.6281152943719351 
135 0.6190006393645892 
136 0.6170610693171568 
137 0.6042695451314163 
138 0.5564988093462109 
139 0.5666334125983189 
140 0.5621865083478811 
141 0.5715821995450162 
142 0.6004815811952217 
143 0.5870721685265081 
144 0.6050905460848757 
145 0.5903498022154918 
146 0.6287257767017242 
147 0.6085295877836433 
148 0.6417363669599027 
149 0.6248899550855946 
150 0.635285189585854 
151 0.6236637572877082 
152 0.6164635504784162 
153 0.6038061858756378 
154 0.6155306010643892 
155 0.6034093194271352 
156 0.6022815622236866 
157 0.5947693701882487 
158 0.6176803534390486 
159 0.5998990001345837 
160 0.620256523195681 
161 0.5998538076899513 
162 0.5991785706893136 
163 0.5795537459070756 
164 0.6016791712357243 
165 0.5821576780896757 
166 0.6105371766357945 
167 0.5960299092088973 
168 0.6169166120885675 
169 0.6068912336589729 
170 0.6169736761688702 
171 0.6085696671943677 
172 0.6744650216770054 
173 0.6662769535069838 
174 0.6746416784249676 
175 0.6644779238633891 
176 0.6842500777815189 
177 0.6630772135453081 
178 0.6601609867729406 
179 0.6490870673728271 
180 0.6624955324923243 
181 0.6495311801020378 
182 0.6617495805688972 
183 0.6516346548091189 
184 0.6211194350346378 
185 0.6439551593424109 
186 0.6076885541210703 
187 0.6390584131024973 
188 0.6076334213171621 
189 0.6373534355793621 
190 0.6040375923871838 
191 0.6351970066521676 
192 0.6442949826251028 
193 0.5988338967177081 
194 0.6447362365603081 
195 0.597151793302973 
196 0.6383055683356703 
197 0.588902528178281 
198 0.6438358322469676 
199 0.619507257446973 
200 0.6428465104762324 
201 0.6216950972471298 
202 0.6346630202873675 
203 0.6773758391583999 
204 0.6311078442941513 
205 0.6783168080343892 
206 0.6363862940122271 
207 0.6966543995964972 
208 0.6357530751791783 
209 0.6828372839145892 
210 0.6376752360428 
211 0.6846300323723676 
212 0.639417318504692 
213 0.6850779316406594 
214 0.6155906281197081 
215 0.6473017425065621 
216 0.6236431294800703 
217 0.6431363978280865 
218 0.6421505351757028 
219 0.650127574284373 
220 0.6407419471431676 
221 0.6516738974560811 
222 0.6411411878152 
223 0.651706071115173 
224 0.6809347357389082 
225 0.6894822602492703 
226 0.6838643760239675 
227 0.6890464002724108 
228 0.699311464025892 
229 0.6944669401812487 
230 0.7018688217560163 
231 0.6868919955854756 
232 0.7019372120190541 
233 0.6844888462430649 
234 0.6804550698900217 
235 0.6735714242574918 
236 0.6755281666270594 
237 0.6780161245557513 
238 0.6446764673075513 
239 0.6646221139008216 
240 0.6443357278672163 
241 0.6657578022521243 
242 0.6438581230161621 
243 0.6681927977422216 
244 0.6346399369632163 
245 0.6594235865666864 
246 0.6279661951966379 
247 0.6553205201914757 
248 0.648062210210319 
249 0.6477368924486216 
250 0.6477368924486216 
251 0.6759262289351351 
252 0.6487288155623514 
253 0.6764892699309297 
254 0.6511128857978487 
255 0.6776159006281297 
256 0.637596579158946 
257 0.6445431887955352 
258 0.6410904959349946 
259 0.6350478951478217 
260 0.6225941188452812 
261 0.6055105570530432 
262 0.6227546866409406 
263 0.6047623666131784 
264 0.6202822253814324 
265 0.6072668364474108 
266 0.6273854553558216 
267 0.6133659864886378 
268 0.621051677876854 
269 0.6134918596107838 
270 0.6553396103079352 
271 0.6422731445746919 
272 0.6583342001485244 
273 0.6412965070903297 
274 0.6561426172834107 
275 0.6424475649828973 
276 0.6698287740030433 
277 0.6738804804084648 
278 0.6700546943447893 
279 0.6709944195643298 
280 0.6357859987853892 
281 0.6614245311865513 
282 0.6349334925319621 
283 0.6628609227309892 
284 0.6350278740809028 
285 0.6616138355292108 
286 0.6453375080087784 
287 0.6115139307309999 
288 0.6497087421021676 
289 0.6196571410069189 
290 0.6367032281167891 
291 0.6125981494127838 
292 0.6386115226125946 
293 0.6146339161056703 
294 0.6364444982643838 
295 0.612550543599227 
296 0.6524016530411946 
297 0.6502028254642054 
298 0.6591404817754325 
299 0.6604951760565893 
300 0.6810404122580703 
301 0.6652691588889676 
302 0.6828728886960864 
303 0.6632080345783135 
304 0.6795362101007352 
305 0.6609255159912107 
306 0.6640785789936703 
307 0.6332015007731352 
308 0.6563827226631676 
309 0.6181616702391892 
310 0.6590847966103892 
311 0.605371389482573 
312 0.6606873410228108 
313 0.6090309193663351 
314 0.6618647596886487 
315 0.616149418051373 
316 0.6641196766826271 
317 0.6718000609668 
318 0.6698524179791352 
319 0.6826940376664432 
320 0.6652504682296108 
321 0.6909770033246703 
322 0.6680188197776162 
323 0.6861859816501568 
324 0.6684253583860703 
325 0.6835464094364756 
326 0.629369924793346 
327 0.6506862987086972 
328 0.6345104256081243 
329 0.6535180981381135 
330 0.6573214294516703 
331 0.6757788766191838 
332 0.6554640902313242 
333 0.6762885281041027 
334 0.6502980789900054 
335 0.6720116957893081 
336 0.7025562266958162 
337 0.7046200812798811 
338 0.7026135959560432 
339 0.702745373018573 
340 0.7093459024023729 
341 0.7086604816740216 
342 0.7127844654928163 
343 0.7071033826100324 
344 0.7139463580252216 
345 0.7087637732021513 
346 0.6618156691152595 
347 0.6836262231388001 
348 0.6688516849422973 
349 0.670666766954546 
350 0.6228093273849189 
351 0.6366881710395136 
352 0.625196806548092 
353 0.6377537359899837 
354 0.628408585291908 
355 0.641433953783692 
356 0.6647631807041837 
357 0.6735493318990649 
358 0.6537814784826594 
359 0.6864744393406486 
360 0.6831682102948379 
361 0.7239168252620648 
362 0.6781525069179297 
363 0.7223161728618378 
364 0.6773535893392162 
365 0.7204692955704541 
366 0.6606981933149297 
367 0.7134914675184378 
368 0.6544315035091838 
369 0.7113634033431027 
370 0.6399947069983352 
371 0.6771918778014865 
372 0.6392024421518216 
373 0.681098723268427 
374 0.6382944718740594 
375 0.6820124654987729 
376 0.6707259613960325 
377 0.6820124654987729 
378 0.6827232626001188 
379 0.6780594851218378 
380 0.6822922313375838 
381 0.6830447649247298 
382 0.6854749171584054 
383 0.6824342042397568 
384 0.6862175586197892 
385 0.6849614484052486 
386 0.6458679795910216 
387 0.637535743476654 
388 0.639558615770827 
389 0.6408251617246161 
390 0.6741220767446324 
391 0.6625979831357027 
392 0.6719703325168865 
393 0.6616862582529567 
394 0.6700304488002756 
395 0.6576545028707189 
396 0.6672309044830919 
397 0.6959693142089892 
398 0.6746392236415784 
399 0.6945213301235675 
400 0.652521832858719 
401 0.6809927894307514 
402 0.6550926910480108 
403 0.6777049628611675 
404 0.6543542179205243 
405 0.6793922705269729 
406 0.6784271550370864 
407 0.6532597743371351 
408 0.6711192540360595 
409 0.6562074612243838 
410 0.6685187630545946 
411 0.6527930015045784 
412 0.6638124770042974 
413 0.653188778295627 
414 0.6712261898251405 
415 0.6510586277610054 
416 0.6050242216272919 
417 0.5953539426511567 
418 0.5851381462153892 
419 0.5743367849704702 
420 0.5911074846387352 
421 0.6113546524356919 
422 0.5947142817314378 
423 0.6142461797605675 
424 0.5889299010458703 
425 0.616253580114854 
426 0.6547986019174378 
427 0.6843323139277838 
428 0.6822583233047189 
429 0.704208594718892 
430 0.6878162757227946 
431 0.6854636364223622 
432 0.6879305032308757 
433 0.684007468850454 
434 0.6864696281975676 
435 0.6816604066066541 
436 0.6789416291146162 
437 0.6955220642591999 
438 0.6702245569472054 
439 0.6850226258706325 
440 0.6838069757169135 
441 0.6728189699386594 
442 0.6825006316644486 
443 0.6731307794112109 
444 0.6827194661827946 
445 0.6740711663456216 
446 0.7014806618937892 
447 0.6830788497701622 
448 0.6994284684654324 
449 0.6922349257586541 
450 0.6704601790773513 
451 0.6763268098156162 
452 0.6729794867780379 
453 0.6756106808959351 
454 0.672802698620681 
455 0.6782712743795621 
456 0.6809789555483081 
457 0.6782712743795621 
458 0.6824909570459567 
459 0.6767515541470107 
460 0.7055554075090217 
461 0.6877980609334433 
462 0.7020028261252811 
463 0.6911333109530865 
464 0.7015447608785513 
465 0.6910538996707459 
466 0.6419082408954703 
467 0.6049319510103514 
468 0.6422623266449027 
469 0.6045795882468379 
470 0.6212224369318649 
471 0.6289195304405297 
472 0.622632730817519 
473 0.6269501743891027 
474 0.621815211605681 
475 0.6278341855443675 
476 0.6814517315887622 
477 0.6908103484850973 
478 0.6841843636144703 
479 0.6990715880703189 
480 0.6849815463615296 
481 0.693075435528546 
482 0.6847071413650216 
483 0.6933871821039459 
484 0.6903763619924163 
485 0.6904095544975082 
486 0.6744603264848108 
487 0.7135553402171729 
488 0.6664522803359189 
489 0.6984231893628919 
490 0.6715073752866001 
491 0.6927596917383405 
492 0.6726462412229027 
493 0.6939796832201081 
494 0.6671071327259892 
495 0.6937963105639243 
496 0.6630344288829189 
497 0.6713010626097081 
498 0.6734451647069243 
499 0.6849763395362866 
500 0.6774216566385352 
501 0.6813746409878594 
502 0.6778470339097513 
503 0.6783841161016974 
504 0.6768769275343406 
505 0.6819720562833783 
506 0.6508200738847243 
507 0.6457749813188378 
508 0.6399897028431785 
509 0.6295557486281677 
510 0.6309782393891027 
511 0.6143768606213351 
512 0.6299952731417081 
513 0.614422522631373 
514 0.6341067094790541 
515 0.6131292158679351 
516 0.6575091635176324 
517 0.6726909550549243 
518 0.6628749154977729 
519 0.6844512408677621 
520 0.6589422941386919 
521 0.6940765265874054 
522 0.6608997154732811 
523 0.6946866237024433 
524 0.6624011041846 
525 0.6906123434246865 
526 0.6696042303994595 
527 0.6452514827964541 
528 0.6624831203871081 
529 0.6415461188761784 
530 0.6853312916401676 
531 0.663422094128654 
532 0.6829841898366487 
533 0.6639559963146379 
534 0.6803651519241622 
535 0.6664574207728217 
536 0.6749474731876757 
537 0.6940733361813567 
538 0.6848041588291298 
539 0.6980882989091082 
540 0.6639124923706109 
541 0.6664937069782109 
542 0.6621519715001135 
543 0.6662699915877244 
544 0.6638949945003891 
545 0.6657852134327297 
546 0.6640247115499514 
547 0.6483948260416108 
548 0.6592258933570541 
549 0.6440053366602162 
550 0.6469852432230812 
551 0.6319448540470108 
552 0.6484437775593784 
553 0.6316204559521406 
554 0.6498295673880811 
555 0.6309839965158163 
556 0.6497722428296324 
557 0.6078292293566432 
558 0.6488950361912487 
559 0.6058214815834 
560 0.6631287152985837 
561 0.6113557312346163 
562 0.6642682462413622 
563 0.6125224940546324 
564 0.6606019270108541 
565 0.6134866828322216 
566 0.623385095239146 
567 0.6194440723814433 
568 0.6351383029506433 
569 0.6256944121149406 
570 0.6293191217077567 
571 0.6365400376370163 
572 0.6282296755816649 
573 0.6353336383228271 
574 0.6273342760017135 
575 0.634397333370346 
576 0.6433232675149784 
577 0.630211683019027 
578 0.6402144414799622 
579 0.6333178457099405 
580 0.6360149674324486 
581 0.6159160849580216 
582 0.6350609623095027 
583 0.6165409065877567 
584 0.631328987013281 
585 0.6179844765271189 
586 0.6475843805164162 
587 0.6350526317385945 
588 0.6448119512826703 
589 0.6314136747646433 
590 0.6557685791071135 
591 0.6484662357219729 
592 0.6581300119692163 
593 0.6484057842855352 
594 0.664268829340254 
595 0.6544681304192649 
596 0.6601226949632 
597 0.6715177012070649 
598 0.6622880223410323 
599 0.6711091982794 
600 0.6784204130745243 
601 0.6817503643189621 
602 0.6760256524754109 
603 0.6847648736745946 
604 0.6737005799338162 
605 0.6789413814836757 
606 0.7036044600584216 
607 0.7004725997882648 
608 0.7046906542554 
609 0.6980541795796217 
610 0.6919937775286595 
611 0.6982333639515568 
612 0.6923209693977244 
613 0.6958104663954162 
614 0.6937800854123892 
615 0.6936104900894865 
616 0.6766906512883892 
617 0.6526939392326324 
618 0.6755184187477081 
619 0.6510070073346323 
620 0.6561768228944919 
621 0.6432914778903243 
622 0.6570091696349621 
623 0.6412267363934756 
624 0.6578016315333135 
625 0.6409972653236216 
626 0.6295284905267892 
627 0.6378143469201297 
628 0.6176310235707081 
629 0.6328255666890811 
630 0.6087698800975891 
631 0.6102751039723298 
632 0.6108187953914 
633 0.6131192505392649 
634 0.6089498175327026 
635 0.6134631959167135 
636 0.6543123926632324 
637 0.6613967058108703 
638 0.6653654213266432 
639 0.6759620217449892 
640 0.6940204105437406 
641 0.725300305882973 
642 0.6915760279822107 
643 0.7259109539036108 
644 0.691372737414081 
645 0.7258019789127677 
646 0.691372737414081 
647 0.7002290200240162 
648 0.6939061459930055 
649 0.7032847592431892 
650 0.6932558622488486 
651 0.6904686117518378 
652 0.6940052834197513 
653 0.6890915365605892 
654 0.6975512938318649 
655 0.6903033569780702 
656 0.685857147014946 
657 0.7191071676083838 
658 0.6883870923577892 
659 0.7146267341905945 
660 0.6786171745280378 
661 0.6952933785461459 
662 0.6787253652411513 
663 0.6950445348904486 
664 0.679282018730946 
665 0.693317104910654 
666 0.682986001915281 
667 0.680672025837173 
668 0.6783518393141675 
669 0.6751816601412757 
670 0.6781496097526432 
671 0.682989326437919 
672 0.6771607166323622 
673 0.6807421252354271 
674 0.6759649812946217 
675 0.6834149679832108 
676 0.6813730186630054 
677 0.6889951546813081 
678 0.676670326184346 
679 0.6887799723155136 
680 0.6640645466761135 
681 0.6963957755288162 
682 0.6660473334850757 
683 0.6987989377711946 
684 0.6653545991353946 
685 0.6974303906289675 
686 0.619334983175254 
687 0.6633914978642973 
688 0.6104246726430811 
689 0.6764703495065891 
690 0.6266817580604163 
691 0.6668422652118865 
692 0.6275965727476432 
693 0.6665539865043514 
694 0.6272789816789838 
695 0.665230512494027 
696 0.6758807239033136 
697 0.7056884712712757 
698 0.6928216599842107 
699 0.7023910086287081 
700 0.6965362846775676 
701 0.7048517363365946 
702 0.6948839300185081 
703 0.7055026448070703 
704 0.6924041412109135 
705 0.706308603776373 
706 0.6477836513178271 
707 0.6951125536624378 
708 0.6353850145167675 
709 0.6761538890436324 
710 0.6357889527133783 
711 0.6698932738193026 
712 0.6340397973596216 
713 0.6694640955562648 
714 0.6351288335755784 
715 0.6690621882762702 
716 0.6719542155340649 
717 0.6393697907319351 
718 0.6755235622575622 
719 0.6473202522612757 
720 0.6877247551854918 
721 0.6769028278132271 
722 0.6867571734369567 
723 0.6752295635349027 
724 0.6878602218679188 
725 0.6786584077332 
726 0.6455284088444108 
727 0.6666552356255135 
728 0.6363269484522973 
729 0.6626563999717352 
730 0.6099965094282108 
731 0.641341915699227 
732 0.6133964563729405 
733 0.6408403888287243 
734 0.6142562409801297 
735 0.6388101152879837 
736 0.6193174830844054 
737 0.6296073097893675 
738 0.6290804660213135 
739 0.6346421875750703 
740 0.6479856392121297 
741 0.6353307804944216 
742 0.6470231756983513 
743 0.6407341170001027 
744 0.6453861048635622 
745 0.642557055870573 
746 0.6904517837173946 
747 0.6707314054353297 
748 0.695217264759027 
749 0.6728827923593784 
750 0.7037757352211838 
751 0.6828047643750594 
752 0.7043432402933567 
753 0.6794674806999351 
754 0.7054234302030108 
755 0.6811877360586757 
756 0.7054234302030108 
757 0.7083608614898108 
758 0.6966114178533136 
759 0.7093448476249081 
760 0.6807274243312108 
761 0.6930149500721999 
762 0.6785721035112433 
763 0.6907214241771243 
764 0.6796337931511892 
765 0.686508239722519 
766 0.6796337931511892 
767 0.6777464202419081 
768 0.6814687260020487 
769 0.6730907076044811 
770 0.6904615734652271 
771 0.6787435714475946 
772 0.6922491624276325 
773 0.6832481329958919 
774 0.6909252772450325 
775 0.6829259700597459 
776 0.6818482116483351 
777 0.6960540693120432 
778 0.6855664041861189 
779 0.7043210300080595 
780 0.6873859817567946 
781 0.7070043002153243 
782 0.6881983539729838 
783 0.7054959829230216 
784 0.6881509817276432 
785 0.7073412628228216 
786 0.6798577813209297 
787 0.6742051758836108 
788 0.6852322764255514 
789 0.6757617902658108 
790 0.6836351904930054 
791 0.6734385934154379 
792 0.6827903948659784 
793 0.6731637504843838 
794 0.6811915592829622 
795 0.6734157329386864 
796 0.6910990110826595 
797 0.6752028223817838 
798 0.681483236323746 
799 0.661499371014746 
800 0.6865156011061622 
801 0.6700875494878811 
802 0.6866494540709406 
803 0.6717735107082486 
804 0.6916143545550054 
805 0.6740727186214162 
806 0.6925897593260433 
807 0.6601919192781189 
808 0.7063116323180433 
809 0.6742866557995189 
810 0.7049729485720972 
811 0.6729729222657082 
812 0.7061408165258162 
813 0.6695849315540432 
814 0.7031284630753297 
815 0.6669042312639459 
816 0.6656609835725135 
817 0.6825902859772108 
818 0.6586059390688108 
819 0.6754032675374271 
820 0.6510728178319297 
821 0.6646666209373567 
822 0.6511008917921945 
823 0.6655732867916324 
824 0.6550049094739134 
825 0.6649570644631081 
826 0.6568239783492054 
827 0.6497324172510703 
828 0.6600169153003135 
829 0.6474284724083136 
830 0.6678339095485352 
831 0.652234875353481 
832 0.6665491909405514 
833 0.6535881932890865 
834 0.6608818266687081 
835 0.6543113213067513 
836 0.6755228650150649 
837 0.6817252447102756 
838 0.6650564194902703 
839 0.6895087619476811 
840 0.6556302891114811 
841 0.6626858390973568 
842 0.6542139302638108 
843 0.6625654125698216 
844 0.6562430431415567 
845 0.6622880922780053 
846 0.665525405477746 
847 0.6529908229093675 
848 0.6420338889894648 
849 0.6454813305373297 
850 0.6253694094074379 
851 0.6559607312649838 
852 0.6263073395215514 
853 0.6555520888413838 
854 0.6259729364298865 
855 0.6575807117586595 
856 0.6580641898042486 
857 0.6518646686011622 
858 0.6571245157521891 
859 0.6548125358715622 
860 0.6766909041793676 
861 0.6608747377296541 
862 0.6762092993361026 
863 0.6601346819271622 
864 0.6736147071558162 
865 0.6586767332545784 
866 0.6506572868441243 
867 0.6572712328363135 
868 0.6537674116462486 
869 0.6669980927752432 
870 0.6547422785014919 
871 0.6870466088932649 
872 0.654935190965654 
873 0.6898113969634162 
874 0.6559183024127135 
875 0.6918043424173406 
876 0.6619382818818973 
877 0.6919286293956379 
878 0.6579993537163676 
879 0.6850085005005676 
880 0.6461670597071459 
881 0.678487308217827 
882 0.6469036819396486 
883 0.675495630164281 
884 0.6503106953697514 
885 0.6722185204081946 
886 0.6483700383706811 
887 0.6590067608949784 
888 0.6427348792807513 
889 0.6532698256500271 
890 0.6362521231607405 
891 0.6497220350638595 
892 0.6387435884023946 
893 0.6510435674136162 
894 0.6362948623047513 
895 0.6549676688205406 
896 0.648650749504254 
897 0.6649416946205189 
898 0.6864238921735892 
899 0.7059762735223135 
900 0.6895098361229298 
901 0.6851548180165081 
902 0.6866820764623514 
903 0.6839202759949405 
904 0.6844613941641243 
905 0.6799263091777189 
906 0.6804999706822378 
907 0.680460417214719 
908 0.6804999706822378 
909 0.6427105695475297 
910 0.6951184237047622 
911 0.6562711125519243 
912 0.6933134807435352 
913 0.6556966532653352 
914 0.6968043332206324 
915 0.6552066357399567 
916 0.6831992321436378 
917 0.645316362965708 
918 0.6290787307870432 
919 0.6662367982380054 
920 0.6117049256223406 
921 0.6496132238188 
922 0.6167313143572757 
923 0.6500667925928433 
924 0.6148728984405621 
925 0.6515406476508 
926 0.6301103405578324 
927 0.6612350306317568 
928 0.6800179611415513 
929 0.6660157454362541 
930 0.6953675747105784 
931 0.6817008498362379 
932 0.6917328165899459 
933 0.6812870985584865 
934 0.6905592419996001 
935 0.6800637159420811 
936 0.6806629894486325 
937 0.6712217621224811 
938 0.6621650739335134 
939 0.6708419840166379 
940 0.6667925395041298 
941 0.6546916492252378 
942 0.6437636357589784 
943 0.6558537964849297 
944 0.6558537964849297 
945 0.6280864388705947 
946 0.6602153265561675 
947 0.6270570466669891 
948 0.6598161655929892 
949 0.6339260526278974 
950 0.6579838561846107 
951 0.647238136562827 
952 0.6806946524726 
953 0.6602507233109352 
954 0.6686044917466486 
955 0.6837149918860811 
956 0.6686044917466486 
957 0.6837149918860811 
958 0.6686044917466486 
959 0.6837149918860811 
960 0.6686044917466486 
961 0.6837149918860811 
962 0.6686044917466486 
963 0.670702405137973 
964 0.6806946524726 
965 0.670702405137973 
966 0.6774160853015784 
967 0.6722656446065567 
968 0.6509280280978594 
969 0.6708167845352324 
970 0.6519093528929676 
971 0.6636569092578757 
972 0.6447776399391405 
973 0.6418513924502216 
974 0.6262177253241459 
975 0.612423476145681 
976 0.626342248399681 
977 0.6132538798594811 
978 0.6271780374224865 
979 0.6132403186456703 
980 0.6536660946262054 
981 0.6470021537005946 
982 0.6612411963345676 
983 0.6521714714545244 
984 0.6762762898639568 
985 0.6649464952511243 
986 0.6738059868115082 
987 0.6642341423118703 
988 0.6740753928906108 
989 0.6620951122427134 
990 0.6783378694808216 
991 0.6658939746867297 
992 0.6783378694808216 
993 0.6751723969388865 
994 0.6525116142777784 
995 0.6828071204953567 
996 0.6538651846527082 
997 0.6829794464897351 
998 0.6531161810520919 
999 0.6850029161864054 
1000 0.6593288522705621 
1001 0.6831468239726487 
1002 0.6463294703122648 
1003 0.6722962943152595 
1004 0.6937234628017351 
1005 0.6894688581446974 
1006 0.6932830773740271 
1007 0.6902532116223514 
1008 0.6949680424726378 
1009 0.6907776786621838 
1010 0.6854157325360757 
1011 0.6906756930602161 
1012 0.6940239884894325 
1013 0.6937529499985189 
1014 0.6912525877251081 
1015 0.6729991395420649 
1016 0.6932787417666756 
1017 0.6719190992563729 
1018 0.6936513996726756 
1019 0.6708403864516379 
1020 0.6982525664806324 
1021 0.6695529235407622 
1022 0.6509244065178378 
1023 0.6513664543338432 
1024 0.6488374223627189 
1025 0.6528093682678271 
1026 0.6484726329176379 
1027 0.6544463206541568 
1028 0.649575167426 
1029 0.6544929022048163 
1030 0.6481842139216433 
1031 0.6606305877001729 
1032 0.7077729560209622 
1033 0.6794252149290919 
1034 0.6860318097297243 
1035 0.6594109046175621 
1036 0.6859970579150487 
1037 0.6596084905570324 
1038 0.6842739483258864 
1039 0.662297366508627 
1040 0.6764044921943081 
1041 0.6558737948219946 
1042 0.6850736528572865 
1043 0.6649969188465513 
1044 0.717680037952454 
1045 0.6992450880068486 
1046 0.7147099299578973 
1047 0.6984452986331298 
1048 0.7117700574691027 
1049 0.7031532470754 
1050 0.7049594389075189 
1051 0.6938689284540054 
1052 0.6809620660642919 
1053 0.6759048620207081 
1054 0.667621164748773 
1055 0.6594470457352269 
1056 0.6707170811863675 
1057 0.6593975133029947 
1058 0.6730191631724757 
1059 0.6529391543809784 
1060 0.6684367087203784 
1061 0.6560137531619405 
1062 0.6612094690121081 
1063 0.6572502077913135 
1064 0.6467682757046379 
1065 0.6363722375199298 
1066 0.644897841066319 
1067 0.6375733831475892 
1068 0.6459906856963351 
1069 0.636724758566573 
1070 0.6533514623599568 
1071 0.6356131838411081 
1072 0.6890513389194595 
1073 0.6495418478051838 
1074 0.6833978869700973 
1075 0.6646030467791946 
1076 0.6851429461469783 
1077 0.6607322605156054 
1078 0.6851095920985621 
1079 0.6629717479448107 
1080 0.6801055855177621 
1081 0.6604004753215837 
1082 0.656717780584173 
1083 0.6732788641199514 
1084 0.6586608955693297 
1085 0.6796071148611946 
1086 0.6574368861120324 
1087 0.6818326015778812 
1088 0.6572918957928648 
1089 0.6804519196412595 
1090 0.6609066194078487 
1091 0.6827755853076054 
1092 0.670602199117281 
1093 0.6689251977977999 
1094 0.6786567381229568 
1095 0.6671968989899135 
1096 0.6804287885342702 
1097 0.6678768476781783 
1098 0.6786622961526271 
1099 0.6649360794643081 
1100 0.6758364676269459 
1101 0.6605884385124648 
1102 0.6786181477052486 
1103 0.6414342495672433 
1104 0.6600191581390108 
1105 0.6482287139830649 
1106 0.6600708269611838 
1107 0.6504594647559946 
1108 0.6637006721730541 
1109 0.6596287771548702 
1110 0.6711769276514703 
1111 0.6662918125124919 
1112 0.6109796979686595 
1113 0.6699168555541026 
1114 0.6360401110306757 
1115 0.6806095244294486 
1116 0.6330456626410919 
1117 0.6760809304593783 
1118 0.6305508858052594 
1119 0.6694303466964703 
1120 0.6251409863328217 
1121 0.6681971458876811 
1122 0.6709951108458972 
1123 0.6890535982618 
1124 0.6461730664788756 
1125 0.6591853029050324 
1126 0.6489452910509351 
1127 0.659967172463146 
1128 0.6446505612854974 
1129 0.6653071136585136 
1130 0.6458839195758703 
1131 0.6611616273819028 
1132 0.6534281475766864 
1133 0.6731939538463892 
1134 0.6744645278517081 
1135 0.6862998778312865 
1136 0.6747373331129783 
1137 0.6878651879796865 
1138 0.678051431729627 
1139 0.6891644797686811 
1140 0.674171033802946 
1141 0.6910281719608324 
1142 0.6818132069851351 
1143 0.6455450915668378 
1144 0.6753275081941298 
1145 0.6415796260259675 
1146 0.674729300704546 
1147 0.6398619361125676 
1148 0.6763289810979621 
1149 0.6365049933991945 
1150 0.6840406413754162 
1151 0.6368424544029568 
1152 0.6384691072576378 
1153 0.6275057120074486 
1154 0.6275018636879406 
1155 0.6212990150371892 
1156 0.6260013712555568 
1157 0.6208190147980378 
1158 0.6241901322809946 
1159 0.6171655451560919 
1160 0.6753536515233567 
1161 0.6330354615128703 
1162 0.6668633837256487 
1163 0.6246134777966325 
1164 0.6651110296798866 
1165 0.6134204436378756 
1166 0.666251928244427 
1167 0.6161805995557892 
1168 0.6683608433420919 
1169 0.6194146207162 
1170 0.6692141979543351 
1171 0.6243884496731837 
1172 0.6593188047642 
1173 0.6633383561059027 
1174 0.6963880107497568 
1175 0.6825659405496216 
1176 0.6957584311882811 
1177 0.6808791787012595 
1178 0.6945553236573081 
1179 0.6794203061282865 
1180 0.698595462352946 
1181 0.6872462619651243 
1182 0.7045772551564216 
1183 0.6924611043279297 
1184 0.6995098355968433 
1185 0.7149146161914595 
1186 0.6990628389577838 
1187 0.7150676990725513 
1188 0.697678475587027 
1189 0.7128866967574324 
1190 0.6950076087360433 
1191 0.7068630358844378 
1192 0.6700231133320973 
1193 0.6778408198095027 
1194 0.6484638402501244 
1195 0.6498055814007352 
1196 0.6481005130626 
1197 0.6510194514559028 
1198 0.6490124260117189 
1199 0.6526601813827838 
1200 0.6483496647661136 
1201 0.6489353706870487 
1202 0.6093302117490919 
1203 0.6023327966794378 
1204 0.6244982875212216 
1205 0.6133332617056216 
1206 0.6247215798528919 
1207 0.615267812779173 
1208 0.6256158936446756 
1209 0.6152780048011514 
1210 0.6245836437356594 
1211 0.617359500158173 
1212 0.692501192543281 
1213 0.6809216260858487 
1214 0.6681280694562702 
1215 0.6946322201096757 
1216 0.6684969609540162 
1217 0.6913073443854757 
1218 0.6683201976504757 
1219 0.6909339688379244 
1220 0.6724106176688487 
1221 0.6930017062584811 
1222 0.6562373320220973 
1223 0.6615070945271999 
1224 0.6657584947971406 
1225 0.6386262666793243 
1226 0.6653007063046865 
1227 0.6370094294532811 
1228 0.668447627381773 
1229 0.6359014195961622 
1230 0.6734862645666054 
1231 0.6358223813714541 
1232 0.6583397395249297 
1233 0.6743627312604865 
1234 0.661195606893281 
1235 0.6867050815247838 
1236 0.6606645858143135 
1237 0.6898918229376972 
1238 0.6581722546028757 
1239 0.6909475169032109 
1240 0.6477675362052703 
1241 0.6895134317987676 
1242 0.6725028975442594 
1243 0.6561137437176541 
1244 0.6944775275671298 
1245 0.6769246654822486 
1246 0.6961296701626648 
1247 0.6758369368614433 
1248 0.6947836382927622 
1249 0.6772129739695621 
1250 0.6987947800537514 
1251 0.6756639898585621 
1252 0.6575359841209188 
1253 0.6772610087661622 
1254 0.6398075432396378 
1255 0.6595686733436973 
1256 0.6395480133675837 
1257 0.6585912778723567 
1258 0.6396045751979945 
1259 0.6596557375839406 
1260 0.6415512932045297 
1261 0.661152386309654 
1262 0.6521132029602 
1263 0.6647803724272541 
1264 0.6781619735713892 
1265 0.6937572552145513 
1266 0.6771747991872324 
1267 0.6930235259538217 
1268 0.6773470090285892 
1269 0.6912795229813568 
1270 0.6756174547341945 
1271 0.6948096910427406 
1272 0.669100442443346 
1273 0.6832262404002162 
1274 0.6575229412602432 
1275 0.6603352137096055 
1276 0.6578456360578324 
1277 0.6619949600965622 
1278 0.6599024849942055 
1279 0.6614114131076378 
1280 0.6623826053153675 
1281 0.6576491545985838 
1282 0.6902605088116919 
1283 0.6803245726378541 
1284 0.6680915295435621 
1285 0.6769292393728973 
1286 0.6673841293320162 
1287 0.6784332450859406 
1288 0.6634299138344865 
1289 0.6814797514558054 
1290 0.6631594962733459 
1291 0.6829737825192648 
1292 0.6790799405944703 
1293 0.6927699154145351 
1294 0.6856433635667027 
1295 0.6862441794874702 
1296 0.6878089640419621 
1297 0.6842760641204595 
1298 0.6929931134661783 
1299 0.679967438699254 
1300 0.6880638567318595 
1301 0.6692519217917243 
1302 0.6927055872275351 
1303 0.6763405881899406 
1304 0.6653515354999946 
1305 0.6493750304694973 
1306 0.665200314186081 
1307 0.6493846700462758 
1308 0.6597368130479622 
1309 0.6534506765150054 
1310 0.6661365324197838 
1311 0.6663463128608161 
1312 0.661494801924108 
1313 0.6690279268043189 
1314 0.7001739212406433 
1315 0.7002882428429783 
1316 0.6979152353227676 
1317 0.6997930357831784 
1318 0.7002609585311351 
1319 0.6983055415565621 
1320 0.6859668760712 
1321 0.6898937270407568 
1322 0.6859668760712 
1323 0.6795516288137946 
1324 0.6860152555883405 
1325 0.6971085396998324 
1326 0.687619795901827 
1327 0.6984269899209622 
1328 0.6878859068538162 
1329 0.6968638026023567 
1330 0.6519641243072054 
1331 0.6791019895316757 
1332 0.6596942527510486 
1333 0.687639854968654 
1334 0.6639506066311568 
1335 0.6632296128983188 
1336 0.6635370337217406 
1337 0.6621398045425243 
1338 0.6618920680022811 
1339 0.6629901733908324 
1340 0.6674694972773405 
1341 0.6668852206259513 
1342 0.6814768073260918 
1343 0.6644868907055784 
1344 0.6867927268125837 
1345 0.673276219647492 
1346 0.6867334598682865 
1347 0.6761294304351028 
1348 0.6895007427098487 
1349 0.6766843322671622 
1350 0.6834011889508163 
1351 0.6724699577339082 
1352 0.6787411130613675 
1353 0.6693367102640757 
1354 0.6507881406979837 
1355 0.6438458162512216 
1356 0.6510274972854324 
1357 0.642644656442227 
1358 0.6479900526363298 
1359 0.6407120502395945 
1360 0.6449211941635459 
1361 0.6391182480484541 
1362 0.6307538214651351 
1363 0.6086938568815136 
1364 0.6363669057628432 
1365 0.6308426525237135 
1366 0.6397720805174163 
1367 0.6285844836431351 
1368 0.6429957811111622 
1369 0.6286545567025243 
1370 0.6498928350458432 
1371 0.6274108400490487 
1372 0.6579703294337406 
1373 0.6285312896375406 
1374 0.668301990542654 
1375 0.6234147247149568 
1376 0.6637032984999351 
1377 0.6232743481791622 
1378 0.6590137501791892 
1379 0.6256760125403513 
1380 0.6691590765394703 
1381 0.6228888567696 
1382 0.6651500206835081 
1383 0.6831466730923892 
1384 0.6668513852433567 
1385 0.6785227321231891 
1386 5.434646694917087 
1387 3.8310207251504664 
1388 3.9612853418807936 
1389 4.1541458232195065 
1390 4.052103591085166 
1391 4.396500615748827 
1392 4.277079372736713 
1393 4.76086420130254 
1394 4.6754884203618 
1395 5.42539412820792 
1396 5.254395623156073 
1397 5.648711992903813 
1398 5.508833837691413 
1399 0.5249599290717969 
1400 0.5344101096485522 
1401 0.4756163434645638 
1402 0.48103677918161075 
1403 0.4956968845471616 
1404 0.5066129192040518 
1405 0.5063060330959303 
1406 0.5080224425410005 
1407 0.5056775980563292 
1408 0.5054203710419167 
1409 0.5095489840764945 
1410 0.5115827314010378 
1411 0.5065481979621519 
1412 0.5132387417857163 
1413 0.5040734800633135 
1414 0.5023780364049054 
1415 0.502629364087819 
1416 0.5055922996177006 
1417 0.5100300295140687 
1418 0.5132377605643794 
1419 0.5755220725533784 
1420 0.5759554029812325 
1421 0.5750007874345081 
1422 0.6487232115728242 
1423 0.6515962919106 
1424 0.6604346309413939 
1425 0.6625821379863879 
1426 0.6737010166352242 
1427 0.720861151261194 
1428 0.6876561300842302 
1429 0.7149164769273758 
1430 0.6055997691408055 
1431 0.6401604227675082 
1432 0.6015572385647622 
1433 0.6363587912072595 
1434 0.5997685691157892 
1435 0.6348846560663621 
1436 0.5954084500271352 
1437 0.6406524376196217 
1438 0.6314064451215298 
1439 0.6506314355216702 
1440 0.6353471532181568 
1441 0.6553440483760811 
1442 0.6441302314863027 
1443 0.6840488724263135 
1444 0.6624325393725784 
1445 0.6971051907138163 
1446 0.6799779508023892 
1447 0.690264924935627 
1448 0.6783733973544702 
1449 0.6641706791133514 
1450 0.6499677316427406 
1451 0.6602911103436865 
1452 0.6466982102426486 
1453 0.6532041602116054 
1454 0.6514211806472974 
1455 0.6369379967742486 
1456 0.6391016610757729 
1457 0.6364003886875783 
1458 0.6362744901031189 
1459 0.6317652921137945 
1460 0.6181476248449892 
1461 0.6297872732025676 
1462 0.6126896882711081 
1463 0.607048366706519 
1464 0.5886829748867026 
1465 0.6322016421656595 
1466 0.612813343080827 
1467 0.636241687493919 
1468 0.6415742242433081 
1469 0.6358025955653513 
1470 0.638352871707173 
1471 0.636282320075119 
1472 0.6387613004106865 
1473 0.6440312428773568 
1474 0.642413215485054 
1475 0.6385523878962432 
1476 0.6306536117049297 
1477 0.6759424953309459 
1478 0.6379552344470595 
1479 0.6755834393579514 
1480 0.638346477564227 
1481 0.6789183297618433 
1482 0.6368059017566108 
1483 0.6796386735087729 
1484 0.6469512002679405 
1485 0.6790849596673189 
1486 0.6527228857812216 
1487 0.6492979801456595 
1488 0.6608423438910973 
1489 0.6449853154773297 
1490 0.6635132046185513 
1491 0.6412539882705838 
1492 0.6638301689404055 
1493 0.6494773537701188 
1494 0.6582501204302594 
1495 0.6717229357415784 
1496 0.6788458873595676 
1497 0.6731461057393838 
1498 0.6771531071743729 
1499 0.7011085832544163 
1500 0.660257552793546 
1501 0.701798478062681 
1502 0.6619307364863243 
1503 0.6956991322442649 
1504 0.6620635574995568 
1505 0.662345859514173 
1506 0.6324275962605675 
1507 0.5946819778786865 
1508 0.6261414254379568 
1509 0.5942665246624649 
1510 0.6254294888559622 
1511 0.5926420893225188 
1512 0.6236327361596541 
1513 0.5852981986765297 
1514 0.6155185960843621 
1515 0.6311726243477243 
1516 0.6294530327114054 
1517 0.6304509325368649 
1518 0.6260393561308109 
1519 0.6319778347993189 
1520 0.6216652770790486 
1521 0.6281152943719351 
1522 0.6190006393645892 
1523 0.6170610693171568 
1524 0.6042695451314163 
1525 0.5564988093462109 
1526 0.5666334125983189 
1527 0.5621865083478811 
1528 0.5715821995450162 
1529 0.6004815811952217 
1530 0.5870721685265081 
1531 0.6050905460848757 
1532 0.5903498022154918 
1533 0.6287257767017242 
1534 0.6085295877836433 
1535 0.6417363669599027 
1536 0.6248899550855946 
1537 0.635285189585854 
1538 0.6236637572877082 
1539 0.6164635504784162 
1540 0.6038061858756378 
1541 0.6155306010643892 
1542 0.6034093194271352 
1543 0.6022815622236866 
1544 0.5947693701882487 
1545 0.6176803534390486 
1546 0.5998990001345837 
1547 0.620256523195681 
1548 0.5998538076899513 
1549 0.5991785706893136 
1550 0.5795537459070756 
1551 0.6016791712357243 
1552 0.5821576780896757 
1553 0.6105371766357945 
1554 0.5960299092088973 
1555 0.6169166120885675 
1556 0.6068912336589729 
1557 0.6169736761688702 
1558 0.6085696671943677 
1559 0.6744650216770054 
1560 0.6662769535069838 
1561 0.6746416784249676 
1562 0.6644779238633891 
1563 0.6842500777815189 
1564 0.6630772135453081 
1565 0.6601609867729406 
1566 0.6490870673728271 
1567 0.6624955324923243 
1568 0.6495311801020378 
1569 0.6617495805688972 
1570 0.6516346548091189 
1571 0.6211194350346378 
1572 0.6439551593424109 
1573 0.6076885541210703 
1574 0.6390584131024973 
1575 0.6076334213171621 
1576 0.6373534355793621 
1577 0.6040375923871838 
1578 0.6351970066521676 
1579 0.6442949826251028 
1580 0.5988338967177081 
1581 0.6447362365603081 
1582 0.597151793302973 
1583 0.6383055683356703 
1584 0.588902528178281 
1585 0.6438358322469676 
1586 0.619507257446973 
1587 0.6428465104762324 
1588 0.6216950972471298 
1589 0.6346630202873675 
1590 0.6773758391583999 
1591 0.6311078442941513 
1592 0.6783168080343892 
1593 0.6363862940122271 
1594 0.6966543995964972 
1595 0.6357530751791783 
1596 0.6828372839145892 
1597 0.6376752360428 
1598 0.6846300323723676 
1599 0.639417318504692 
1600 0.6850779316406594 
1601 0.6155906281197081 
1602 0.6473017425065621 
1603 0.6236431294800703 
1604 0.6431363978280865 
1605 0.6421505351757028 
1606 0.650127574284373 
1607 0.6407419471431676 
1608 0.6516738974560811 
1609 0.6411411878152 
1610 0.651706071115173 
1611 0.6809347357389082 
1612 0.6894822602492703 
1613 0.6838643760239675 
1614 0.6890464002724108 
1615 0.699311464025892 
1616 0.6944669401812487 
1617 0.7018688217560163 
1618 0.6868919955854756 
1619 0.7019372120190541 
1620 0.6844888462430649 
1621 0.6804550698900217 
1622 0.6735714242574918 
1623 0.6755281666270594 
1624 0.6780161245557513 
1625 0.6446764673075513 
1626 0.6646221139008216 
1627 0.6443357278672163 
1628 0.6657578022521243 
1629 0.6438581230161621 
1630 0.6681927977422216 
1631 0.6346399369632163 
1632 0.6594235865666864 
1633 0.6279661951966379 
1634 0.6553205201914757 
1635 0.648062210210319 
1636 0.6759262289351351 
1637 0.6487288155623514 
1638 0.6764892699309297 
1639 0.6511128857978487 
1640 0.6776159006281297 
1641 0.637596579158946 
1642 0.6445431887955352 
1643 0.6410904959349946 
1644 0.6350478951478217 
1645 0.6225941188452812 
1646 0.6055105570530432 
1647 0.6227546866409406 
1648 0.6047623666131784 
1649 0.6202822253814324 
1650 0.6072668364474108 
1651 0.6273854553558216 
1652 0.6133659864886378 
1653 0.621051677876854 
1654 0.6134918596107838 
1655 0.6553396103079352 
1656 0.6422731445746919 
1657 0.6583342001485244 
1658 0.6412965070903297 
1659 0.6561426172834107 
1660 0.6424475649828973 
1661 0.6698287740030433 
1662 0.6738804804084648 
1663 0.6700546943447893 
1664 0.6709944195643298 
1665 0.6357859987853892 
1666 0.6614245311865513 
1667 0.6349334925319621 
1668 0.6628609227309892 
1669 0.6350278740809028 
1670 0.6616138355292108 
1671 0.6453375080087784 
1672 0.6115139307309999 
1673 0.6497087421021676 
1674 0.6196571410069189 
1675 0.6367032281167891 
1676 0.6125981494127838 
1677 0.6386115226125946 
1678 0.6146339161056703 
1679 0.6364444982643838 
1680 0.612550543599227 
1681 0.6524016530411946 
1682 0.6502028254642054 
1683 0.6591404817754325 
1684 0.6604951760565893 
1685 0.6810404122580703 
1686 0.6652691588889676 
1687 0.6828728886960864 
1688 0.6632080345783135 
1689 0.6795362101007352 
1690 0.6609255159912107 
1691 0.6640785789936703 
1692 0.6332015007731352 
1693 0.6563827226631676 
1694 0.6181616702391892 
1695 0.6590847966103892 
1696 0.605371389482573 
1697 0.6606873410228108 
1698 0.6090309193663351 
1699 0.6618647596886487 
1700 0.616149418051373 
1701 0.6641196766826271 
1702 0.6718000609668 
1703 0.6698524179791352 
1704 0.6826940376664432 
1705 0.6652504682296108 
1706 0.6909770033246703 
1707 0.6680188197776162 
1708 0.6861859816501568 
1709 0.6684253583860703 
1710 0.6835464094364756 
1711 0.629369924793346 
1712 0.6506862987086972 
1713 0.6345104256081243 
1714 0.6535180981381135 
1715 0.6573214294516703 
1716 0.6757788766191838 
1717 0.6554640902313242 
1718 0.6762885281041027 
1719 0.6502980789900054 
1720 0.6720116957893081 
1721 0.7025562266958162 
1722 0.7046200812798811 
1723 0.7026135959560432 
1724 0.702745373018573 
1725 0.7093459024023729 
1726 0.7086604816740216 
1727 0.7127844654928163 
1728 0.7071033826100324 
1729 0.7139463580252216 
1730 0.7087637732021513 
1731 0.6618156691152595 
1732 0.6836262231388001 
1733 0.6688516849422973 
1734 0.670666766954546 
1735 0.6228093273849189 
1736 0.6366881710395136 
1737 0.625196806548092 
1738 0.6377537359899837 
1739 0.628408585291908 
1740 0.641433953783692 
1741 0.6647631807041837 
1742 0.6735493318990649 
1743 0.6537814784826594 
1744 0.6864744393406486 
1745 0.6831682102948379 
1746 0.7239168252620648 
1747 0.6781525069179297 
1748 0.7223161728618378 
1749 0.6773535893392162 
1750 0.7204692955704541 
1751 0.6606981933149297 
1752 0.7134914675184378 
1753 0.6544315035091838 
1754 0.7113634033431027 
1755 0.6399947069983352 
1756 0.6771918778014865 
1757 0.6392024421518216 
1758 0.681098723268427 
1759 0.6382944718740594 
1760 0.6820124654987729 
1761 0.6707259613960325 
1762 0.6820124654987729 
1763 0.6827232626001188 
1764 0.6780594851218378 
1765 0.6822922313375838 
1766 0.6830447649247298 
1767 0.6854749171584054 
1768 0.6824342042397568 
1769 0.6862175586197892 
1770 0.6849614484052486 
1771 0.6458679795910216 
1772 0.637535743476654 
1773 0.639558615770827 
1774 0.6408251617246161 
1775 0.6741220767446324 
1776 0.6625979831357027 
1777 0.6719703325168865 
1778 0.6616862582529567 
1779 0.6700304488002756 
1780 0.6576545028707189 
1781 0.6672309044830919 
1782 0.6959693142089892 
1783 0.6746392236415784 
1784 0.6945213301235675 
1785 0.652521832858719 
1786 0.6809927894307514 
1787 0.6550926910480108 
1788 0.6777049628611675 
1789 0.6543542179205243 
1790 0.6793922705269729 
1791 0.6784271550370864 
1792 0.6532597743371351 
1793 0.6711192540360595 
1794 0.6562074612243838 
1795 0.6685187630545946 
1796 0.6527930015045784 
1797 0.6638124770042974 
1798 0.653188778295627 
1799 0.6712261898251405 
1800 0.6510586277610054 
1801 0.6050242216272919 
1802 0.5953539426511567 
1803 0.5851381462153892 
1804 0.5743367849704702 
1805 0.5911074846387352 
1806 0.6113546524356919 
1807 0.5947142817314378 
1808 0.6142461797605675 
1809 0.5889299010458703 
1810 0.616253580114854 
1811 0.6547986019174378 
1812 0.6843323139277838 
1813 0.6822583233047189 
1814 0.704208594718892 
1815 0.6878162757227946 
1816 0.6854636364223622 
1817 0.6879305032308757 
1818 0.684007468850454 
1819 0.6864696281975676 
1820 0.6816604066066541 
1821 0.6789416291146162 
1822 0.6955220642591999 
1823 0.6702245569472054 
1824 0.6850226258706325 
1825 0.6838069757169135 
1826 0.6728189699386594 
1827 0.6825006316644486 
1828 0.6731307794112109 
1829 0.6827194661827946 
1830 0.6740711663456216 
1831 0.7014806618937892 
1832 0.6830788497701622 
1833 0.6994284684654324 
1834 0.6922349257586541 
1835 0.6704601790773513 
1836 0.6763268098156162 
1837 0.6729794867780379 
1838 0.6756106808959351 
1839 0.672802698620681 
1840 0.6782712743795621 
1841 0.6809789555483081 
1842 0.6782712743795621 
1843 0.6824909570459567 
1844 0.6767515541470107 
1845 0.7055554075090217 
1846 0.6877980609334433 
1847 0.7020028261252811 
1848 0.6911333109530865 
1849 0.7015447608785513 
1850 0.6910538996707459 
1851 0.6419082408954703 
1852 0.6049319510103514 
1853 0.6422623266449027 
1854 0.6045795882468379 
1855 0.6212224369318649 
1856 0.6289195304405297 
1857 0.622632730817519 
1858 0.6269501743891027 
1859 0.621815211605681 
1860 0.6278341855443675 
1861 0.6814517315887622 
1862 0.6908103484850973 
1863 0.6841843636144703 
1864 0.6990715880703189 
1865 0.6849815463615296 
1866 0.693075435528546 
1867 0.6847071413650216 
1868 0.6933871821039459 
1869 0.6903763619924163 
1870 0.6904095544975082 
1871 0.6744603264848108 
1872 0.7135553402171729 
1873 0.6664522803359189 
1874 0.6984231893628919 
1875 0.6715073752866001 
1876 0.6927596917383405 
1877 0.6726462412229027 
1878 0.6939796832201081 
1879 0.6671071327259892 
1880 0.6937963105639243 
1881 0.6630344288829189 
1882 0.6713010626097081 
1883 0.6734451647069243 
1884 0.6849763395362866 
1885 0.6774216566385352 
1886 0.6813746409878594 
1887 0.6778470339097513 
1888 0.6783841161016974 
1889 0.6768769275343406 
1890 0.6819720562833783 
1891 0.6508200738847243 
1892 0.6457749813188378 
1893 0.6399897028431785 
1894 0.6295557486281677 
1895 0.6309782393891027 
1896 0.6143768606213351 
1897 0.6299952731417081 
1898 0.614422522631373 
1899 0.6341067094790541 
1900 0.6131292158679351 
1901 0.6575091635176324 
1902 0.6726909550549243 
1903 0.6628749154977729 
1904 0.6844512408677621 
1905 0.6589422941386919 
1906 0.6940765265874054 
1907 0.6608997154732811 
1908 0.6946866237024433 
1909 0.6624011041846 
1910 0.6906123434246865 
1911 0.6696042303994595 
1912 0.6452514827964541 
1913 0.6624831203871081 
1914 0.6415461188761784 
1915 0.6853312916401676 
1916 0.663422094128654 
1917 0.6829841898366487 
1918 0.6639559963146379 
1919 0.6803651519241622 
1920 0.6664574207728217 
1921 0.6749474731876757 
1922 0.6940733361813567 
1923 0.6848041588291298 
1924 0.6980882989091082 
1925 0.6639124923706109 
1926 0.6664937069782109 
1927 0.6621519715001135 
1928 0.6662699915877244 
1929 0.6638949945003891 
1930 0.6657852134327297 
1931 0.6640247115499514 
1932 0.6483948260416108 
1933 0.6592258933570541 
1934 0.6440053366602162 
1935 0.6469852432230812 
1936 0.6319448540470108 
1937 0.6484437775593784 
1938 0.6316204559521406 
1939 0.6498295673880811 
1940 0.6309839965158163 
1941 0.6497722428296324 
1942 0.6078292293566432 
1943 0.6488950361912487 
1944 0.6058214815834 
1945 0.6631287152985837 
1946 0.6113557312346163 
1947 0.6642682462413622 
1948 0.6125224940546324 
1949 0.6606019270108541 
1950 0.6134866828322216 
1951 0.623385095239146 
1952 0.6194440723814433 
1953 0.6351383029506433 
1954 0.6256944121149406 
1955 0.6293191217077567 
1956 0.6365400376370163 
1957 0.6282296755816649 
1958 0.6353336383228271 
1959 0.6273342760017135 
1960 0.634397333370346 
1961 0.6433232675149784 
1962 0.630211683019027 
1963 0.6402144414799622 
1964 0.6333178457099405 
1965 0.6360149674324486 
1966 0.6159160849580216 
1967 0.6350609623095027 
1968 0.6165409065877567 
1969 0.631328987013281 
1970 0.6179844765271189 
1971 0.6475843805164162 
1972 0.6350526317385945 
1973 0.6448119512826703 
1974 0.6314136747646433 
1975 0.6557685791071135 
1976 0.6484662357219729 
1977 0.6581300119692163 
1978 0.6484057842855352 
1979 0.664268829340254 
1980 0.6544681304192649 
1981 0.6601226949632 
1982 0.6715177012070649 
1983 0.6622880223410323 
1984 0.6711091982794 
1985 0.6784204130745243 
1986 0.6817503643189621 
1987 0.6760256524754109 
1988 0.6847648736745946 
1989 0.6737005799338162 
1990 0.6789413814836757 
1991 0.7036044600584216 
1992 0.7004725997882648 
1993 0.7046906542554 
1994 0.6980541795796217 
1995 0.6919937775286595 
1996 0.6982333639515568 
1997 0.6923209693977244 
1998 0.6958104663954162 
1999 0.6937800854123892 
2000 0.6936104900894865 
2001 0.6766906512883892 
2002 0.6526939392326324 
2003 0.6755184187477081 
2004 0.6510070073346323 
2005 0.6561768228944919 
2006 0.6432914778903243 
2007 0.6570091696349621 
2008 0.6412267363934756 
2009 0.6578016315333135 
2010 0.6409972653236216 
2011 0.6295284905267892 
2012 0.6378143469201297 
2013 0.6176310235707081 
2014 0.6328255666890811 
2015 0.6087698800975891 
2016 0.6102751039723298 
2017 0.6108187953914 
2018 0.6131192505392649 
2019 0.6089498175327026 
2020 0.6134631959167135 
2021 0.6543123926632324 
2022 0.6613967058108703 
2023 0.6653654213266432 
2024 0.6759620217449892 
2025 0.6940204105437406 
2026 0.725300305882973 
2027 0.6915760279822107 
2028 0.7259109539036108 
2029 0.691372737414081 
2030 0.7258019789127677 
2031 0.691372737414081 
2032 0.7002290200240162 
2033 0.6939061459930055 
2034 0.7032847592431892 
2035 0.6932558622488486 
2036 0.6904686117518378 
2037 0.6940052834197513 
2038 0.6890915365605892 
2039 0.6975512938318649 
2040 0.6903033569780702 
2041 0.685857147014946 
2042 0.7191071676083838 
2043 0.6883870923577892 
2044 0.7146267341905945 
2045 0.6786171745280378 
2046 0.6952933785461459 
2047 0.6787253652411513 
2048 0.6950445348904486 
2049 0.679282018730946 
2050 0.693317104910654 
2051 0.682986001915281 
2052 0.680672025837173 
2053 0.6783518393141675 
2054 0.6751816601412757 
2055 0.6781496097526432 
2056 0.682989326437919 
2057 0.6771607166323622 
2058 0.6807421252354271 
2059 0.6759649812946217 
2060 0.6834149679832108 
2061 0.6813730186630054 
2062 0.6889951546813081 
2063 0.676670326184346 
2064 0.6887799723155136 
2065 0.6640645466761135 
2066 0.6963957755288162 
2067 0.6660473334850757 
2068 0.6987989377711946 
2069 0.6653545991353946 
2070 0.6974303906289675 
2071 0.619334983175254 
2072 0.6633914978642973 
2073 0.6104246726430811 
2074 0.6764703495065891 
2075 0.6266817580604163 
2076 0.6668422652118865 
2077 0.6275965727476432 
2078 0.6665539865043514 
2079 0.6272789816789838 
2080 0.665230512494027 
2081 0.6758807239033136 
2082 0.7056884712712757 
2083 0.6928216599842107 
2084 0.7023910086287081 
2085 0.6965362846775676 
2086 0.7048517363365946 
2087 0.6948839300185081 
2088 0.7055026448070703 
2089 0.6924041412109135 
2090 0.706308603776373 
2091 0.6477836513178271 
2092 0.6951125536624378 
2093 0.6353850145167675 
2094 0.6761538890436324 
2095 0.6357889527133783 
2096 0.6698932738193026 
2097 0.6340397973596216 
2098 0.6694640955562648 
2099 0.6351288335755784 
2100 0.6690621882762702 
2101 0.6719542155340649 
2102 0.6393697907319351 
2103 0.6755235622575622 
2104 0.6473202522612757 
2105 0.6877247551854918 
2106 0.6769028278132271 
2107 0.6867571734369567 
2108 0.6752295635349027 
2109 0.6878602218679188 
2110 0.6786584077332 
2111 0.6455284088444108 
2112 0.6666552356255135 
2113 0.6363269484522973 
2114 0.6626563999717352 
2115 0.6099965094282108 
2116 0.641341915699227 
2117 0.6133964563729405 
2118 0.6408403888287243 
2119 0.6142562409801297 
2120 0.6388101152879837 
2121 0.6193174830844054 
2122 0.6296073097893675 
2123 0.6290804660213135 
2124 0.6346421875750703 
2125 0.6479856392121297 
2126 0.6353307804944216 
2127 0.6470231756983513 
2128 0.6407341170001027 
2129 0.6453861048635622 
2130 0.642557055870573 
2131 0.6904517837173946 
2132 0.6707314054353297 
2133 0.695217264759027 
2134 0.6728827923593784 
2135 0.7037757352211838 
2136 0.6828047643750594 
2137 0.7043432402933567 
2138 0.6794674806999351 
2139 0.7054234302030108 
2140 0.6811877360586757 
2141 0.7054234302030108 
2142 0.7083608614898108 
2143 0.6966114178533136 
2144 0.7093448476249081 
2145 0.6807274243312108 
2146 0.6930149500721999 
2147 0.6785721035112433 
2148 0.6907214241771243 
2149 0.6796337931511892 
2150 0.686508239722519 
2151 0.6796337931511892 
2152 0.6777464202419081 
2153 0.6814687260020487 
2154 0.6730907076044811 
2155 0.6904615734652271 
2156 0.6787435714475946 
2157 0.6922491624276325 
2158 0.6832481329958919 
2159 0.6909252772450325 
2160 0.6829259700597459 
2161 0.6818482116483351 
2162 0.6960540693120432 
2163 0.6855664041861189 
2164 0.7043210300080595 
2165 0.6873859817567946 
2166 0.7070043002153243 
2167 0.6881983539729838 
2168 0.7054959829230216 
2169 0.6881509817276432 
2170 0.7073412628228216 
2171 0.6798577813209297 
2172 0.6742051758836108 
2173 0.6852322764255514 
2174 0.6757617902658108 
2175 0.6836351904930054 
2176 0.6734385934154379 
2177 0.6827903948659784 
2178 0.6731637504843838 
2179 0.6811915592829622 
2180 0.6734157329386864 
2181 0.6910990110826595 
2182 0.6752028223817838 
2183 0.681483236323746 
2184 0.661499371014746 
2185 0.6865156011061622 
2186 0.6700875494878811 
2187 0.6866494540709406 
2188 0.6717735107082486 
2189 0.6916143545550054 
2190 0.6740727186214162 
2191 0.6925897593260433 
2192 0.6601919192781189 
2193 0.7063116323180433 
2194 0.6742866557995189 
2195 0.7049729485720972 
2196 0.6729729222657082 
2197 0.7061408165258162 
2198 0.6695849315540432 
2199 0.7031284630753297 
2200 0.6669042312639459 
2201 0.6656609835725135 
2202 0.6825902859772108 
2203 0.6586059390688108 
2204 0.6754032675374271 
2205 0.6510728178319297 
2206 0.6646666209373567 
2207 0.6511008917921945 
2208 0.6655732867916324 
2209 0.6550049094739134 
2210 0.6649570644631081 
2211 0.6568239783492054 
2212 0.6497324172510703 
2213 0.6600169153003135 
2214 0.6474284724083136 
2215 0.6678339095485352 
2216 0.652234875353481 
2217 0.6665491909405514 
2218 0.6535881932890865 
2219 0.6608818266687081 
2220 0.6543113213067513 
2221 0.6755228650150649 
2222 0.6817252447102756 
2223 0.6650564194902703 
2224 0.6895087619476811 
2225 0.6556302891114811 
2226 0.6626858390973568 
2227 0.6542139302638108 
2228 0.6625654125698216 
2229 0.6562430431415567 
2230 0.6622880922780053 
2231 0.665525405477746 
2232 0.6529908229093675 
2233 0.6420338889894648 
2234 0.6454813305373297 
2235 0.6253694094074379 
2236 0.6559607312649838 
2237 0.6263073395215514 
2238 0.6555520888413838 
2239 0.6259729364298865 
2240 0.6575807117586595 
2241 0.6580641898042486 
2242 0.6518646686011622 
2243 0.6571245157521891 
2244 0.6548125358715622 
2245 0.6766909041793676 
2246 0.6608747377296541 
2247 0.6762092993361026 
2248 0.6601346819271622 
2249 0.6736147071558162 
2250 0.6586767332545784 
2251 0.6506572868441243 
2252 0.6572712328363135 
2253 0.6537674116462486 
2254 0.6669980927752432 
2255 0.6547422785014919 
2256 0.6870466088932649 
2257 0.654935190965654 
2258 0.6898113969634162 
2259 0.6559183024127135 
2260 0.6918043424173406 
2261 0.6619382818818973 
2262 0.6919286293956379 
2263 0.6579993537163676 
2264 0.6850085005005676 
2265 0.6461670597071459 
2266 0.678487308217827 
2267 0.6469036819396486 
2268 0.675495630164281 
2269 0.6503106953697514 
2270 0.6722185204081946 
2271 0.6483700383706811 
2272 0.6590067608949784 
2273 0.6427348792807513 
2274 0.6532698256500271 
2275 0.6362521231607405 
2276 0.6497220350638595 
2277 0.6387435884023946 
2278 0.6510435674136162 
2279 0.6362948623047513 
2280 0.6549676688205406 
2281 0.648650749504254 
2282 0.6649416946205189 
2283 0.6864238921735892 
2284 0.7059762735223135 
2285 0.6895098361229298 
2286 0.6851548180165081 
2287 0.6866820764623514 
2288 0.6839202759949405 
2289 0.6844613941641243 
2290 0.6799263091777189 
2291 0.6804999706822378 
2292 0.680460417214719 
2293 0.6804999706822378 
2294 0.6427105695475297 
2295 0.6951184237047622 
2296 0.6562711125519243 
2297 0.6933134807435352 
2298 0.6556966532653352 
2299 0.6968043332206324 
2300 0.6552066357399567 
2301 0.6831992321436378 
2302 0.645316362965708 
2303 0.6290787307870432 
2304 0.6662367982380054 
2305 0.6117049256223406 
2306 0.6496132238188 
2307 0.6167313143572757 
2308 0.6500667925928433 
2309 0.6148728984405621 
2310 0.6515406476508 
2311 0.6301103405578324 
2312 0.6612350306317568 
2313 0.6800179611415513 
2314 0.6660157454362541 
2315 0.6953675747105784 
2316 0.6817008498362379 
2317 0.6917328165899459 
2318 0.6812870985584865 
2319 0.6905592419996001 
2320 0.6800637159420811 
2321 0.6806629894486325 
2322 0.6712217621224811 
2323 0.6621650739335134 
2324 0.6708419840166379 
2325 0.6667925395041298 
2326 0.6546916492252378 
2327 0.6410990256187027 
2328 0.6410990256187027 
2329 0.6437636357589784 
2330 0.6280864388705947 
2331 0.6602153265561675 
2332 0.6270570466669891 
2333 0.6598161655929892 
2334 0.6339260526278974 
2335 0.6579838561846107 
2336 0.647238136562827 
2337 0.6806946524726 
2338 0.6602507233109352 
2339 0.6686044917466486 
2340 0.6837149918860811 
2341 0.6686044917466486 
2342 0.6837149918860811 
2343 0.6686044917466486 
2344 0.6837149918860811 
2345 0.6686044917466486 
2346 0.6837149918860811 
2347 0.6686044917466486 
2348 0.670702405137973 
2349 0.6806946524726 
2350 0.670702405137973 
2351 0.6774160853015784 
2352 0.6722656446065567 
2353 0.6509280280978594 
2354 0.6708167845352324 
2355 0.6519093528929676 
2356 0.6636569092578757 
2357 0.6447776399391405 
2358 0.6418513924502216 
2359 0.6262177253241459 
2360 0.612423476145681 
2361 0.626342248399681 
2362 0.6132538798594811 
2363 0.6271780374224865 
2364 0.6132403186456703 
2365 0.6536660946262054 
2366 0.6470021537005946 
2367 0.6612411963345676 
2368 0.6521714714545244 
2369 0.6762762898639568 
2370 0.6649464952511243 
2371 0.6738059868115082 
2372 0.6642341423118703 
2373 0.6740753928906108 
2374 0.6620951122427134 
2375 0.6783378694808216 
2376 0.6658939746867297 
2377 0.6783378694808216 
2378 0.6751723969388865 
2379 0.6525116142777784 
2380 0.6828071204953567 
2381 0.6538651846527082 
2382 0.6829794464897351 
2383 0.6531161810520919 
2384 0.6850029161864054 
2385 0.6593288522705621 
2386 0.6831468239726487 
2387 0.6463294703122648 
2388 0.6722962943152595 
2389 0.6937234628017351 
2390 0.6894688581446974 
2391 0.6932830773740271 
2392 0.6902532116223514 
2393 0.6949680424726378 
2394 0.6907776786621838 
2395 0.6854157325360757 
2396 0.6906756930602161 
2397 0.6940239884894325 
2398 0.6937529499985189 
2399 0.6912525877251081 
2400 0.6729991395420649 
2401 0.6932787417666756 
2402 0.6719190992563729 
2403 0.6936513996726756 
2404 0.6708403864516379 
2405 0.6982525664806324 
2406 0.6695529235407622 
2407 0.6509244065178378 
2408 0.6513664543338432 
2409 0.6488374223627189 
2410 0.6528093682678271 
2411 0.6484726329176379 
2412 0.6544463206541568 
2413 0.649575167426 
2414 0.6544929022048163 
2415 0.6481842139216433 
2416 0.6606305877001729 
2417 0.7077729560209622 
2418 0.6794252149290919 
2419 0.6860318097297243 
2420 0.6594109046175621 
2421 0.6859970579150487 
2422 0.6596084905570324 
2423 0.6842739483258864 
2424 0.662297366508627 
2425 0.6764044921943081 
2426 0.6558737948219946 
2427 0.6850736528572865 
2428 0.6649969188465513 
2429 0.717680037952454 
2430 0.6992450880068486 
2431 0.7147099299578973 
2432 0.6984452986331298 
2433 0.7117700574691027 
2434 0.7031532470754 
2435 0.7049594389075189 
2436 0.6938689284540054 
2437 0.6809620660642919 
2438 0.6759048620207081 
2439 0.667621164748773 
2440 0.6594470457352269 
2441 0.6707170811863675 
2442 0.6593975133029947 
2443 0.6730191631724757 
2444 0.6529391543809784 
2445 0.6684367087203784 
2446 0.6560137531619405 
2447 0.6612094690121081 
2448 0.6572502077913135 
2449 0.6467682757046379 
2450 0.6363722375199298 
2451 0.644897841066319 
2452 0.6375733831475892 
2453 0.6459906856963351 
2454 0.636724758566573 
2455 0.6533514623599568 
2456 0.6356131838411081 
2457 0.6890513389194595 
2458 0.6495418478051838 
2459 0.6833978869700973 
2460 0.6646030467791946 
2461 0.6851429461469783 
2462 0.6607322605156054 
2463 0.6851095920985621 
2464 0.6629717479448107 
2465 0.6801055855177621 
2466 0.6604004753215837 
2467 0.656717780584173 
2468 0.6732788641199514 
2469 0.6586608955693297 
2470 0.6796071148611946 
2471 0.6574368861120324 
2472 0.6818326015778812 
2473 0.6572918957928648 
2474 0.6804519196412595 
2475 0.6609066194078487 
2476 0.6827755853076054 
2477 0.670602199117281 
2478 0.6689251977977999 
2479 0.6786567381229568 
2480 0.6671968989899135 
2481 0.6804287885342702 
2482 0.6678768476781783 
2483 0.6786622961526271 
2484 0.6649360794643081 
2485 0.6758364676269459 
2486 0.6605884385124648 
2487 0.6786181477052486 
2488 0.6414342495672433 
2489 0.6600191581390108 
2490 0.6482287139830649 
2491 0.6600708269611838 
2492 0.6504594647559946 
2493 0.6637006721730541 
2494 0.6596287771548702 
2495 0.6711769276514703 
2496 0.6662918125124919 
2497 0.6109796979686595 
2498 0.6699168555541026 
2499 0.6360401110306757 
2500 0.6806095244294486 
2501 0.6330456626410919 
2502 0.6760809304593783 
2503 0.6305508858052594 
2504 0.6694303466964703 
2505 0.6251409863328217 
2506 0.6681971458876811 
2507 0.6709951108458972 
2508 0.6890535982618 
2509 0.6461730664788756 
2510 0.6591853029050324 
2511 0.6489452910509351 
2512 0.659967172463146 
2513 0.6446505612854974 
2514 0.6653071136585136 
2515 0.6458839195758703 
2516 0.6611616273819028 
2517 0.6534281475766864 
2518 0.6731939538463892 
2519 0.6744645278517081 
2520 0.6862998778312865 
2521 0.6747373331129783 
2522 0.6878651879796865 
2523 0.678051431729627 
2524 0.6891644797686811 
2525 0.674171033802946 
2526 0.6910281719608324 
2527 0.6818132069851351 
2528 0.6455450915668378 
2529 0.6753275081941298 
2530 0.6415796260259675 
2531 0.674729300704546 
2532 0.6398619361125676 
2533 0.6763289810979621 
2534 0.6365049933991945 
2535 0.6840406413754162 
2536 0.6368424544029568 
2537 0.6384691072576378 
2538 0.6275057120074486 
2539 0.6275018636879406 
2540 0.6212990150371892 
2541 0.6260013712555568 
2542 0.6208190147980378 
2543 0.6241901322809946 
2544 0.6171655451560919 
2545 0.6753536515233567 
2546 0.6330354615128703 
2547 0.6668633837256487 
2548 0.6246134777966325 
2549 0.6651110296798866 
2550 0.6134204436378756 
2551 0.666251928244427 
2552 0.6161805995557892 
2553 0.6683608433420919 
2554 0.6194146207162 
2555 0.6692141979543351 
2556 0.6243884496731837 
2557 0.6593188047642 
2558 0.6633383561059027 
2559 0.6963880107497568 
2560 0.6825659405496216 
2561 0.6957584311882811 
2562 0.6808791787012595 
2563 0.6945553236573081 
2564 0.6794203061282865 
2565 0.698595462352946 
2566 0.6872462619651243 
2567 0.7045772551564216 
2568 0.6924611043279297 
2569 0.6995098355968433 
2570 0.7149146161914595 
2571 0.6990628389577838 
2572 0.7150676990725513 
2573 0.697678475587027 
2574 0.7128866967574324 
2575 0.6950076087360433 
2576 0.7068630358844378 
2577 0.6700231133320973 
2578 0.6778408198095027 
2579 0.6484638402501244 
2580 0.6498055814007352 
2581 0.6481005130626 
2582 0.6510194514559028 
2583 0.6490124260117189 
2584 0.6526601813827838 
2585 0.6483496647661136 
2586 0.6489353706870487 
2587 0.6093302117490919 
2588 0.6023327966794378 
2589 0.6244982875212216 
2590 0.6133332617056216 
2591 0.6247215798528919 
2592 0.615267812779173 
2593 0.6256158936446756 
2594 0.6152780048011514 
2595 0.6245836437356594 
2596 0.617359500158173 
2597 0.692501192543281 
2598 0.6809216260858487 
2599 0.6681280694562702 
2600 0.6946322201096757 
2601 0.6684969609540162 
2602 0.6913073443854757 
2603 0.6683201976504757 
2604 0.6909339688379244 
2605 0.6724106176688487 
2606 0.6930017062584811 
2607 0.6562373320220973 
2608 0.6615070945271999 
2609 0.6657584947971406 
2610 0.6386262666793243 
2611 0.6653007063046865 
2612 0.6370094294532811 
2613 0.668447627381773 
2614 0.6359014195961622 
2615 0.6734862645666054 
2616 0.6358223813714541 
2617 0.6583397395249297 
2618 0.6743627312604865 
2619 0.661195606893281 
2620 0.6867050815247838 
2621 0.6606645858143135 
2622 0.6898918229376972 
2623 0.6581722546028757 
2624 0.6909475169032109 
2625 0.6477675362052703 
2626 0.6895134317987676 
2627 0.6725028975442594 
2628 0.6561137437176541 
2629 0.6944775275671298 
2630 0.6769246654822486 
2631 0.6961296701626648 
2632 0.6758369368614433 
2633 0.6947836382927622 
2634 0.6772129739695621 
2635 0.6987947800537514 
2636 0.6756639898585621 
2637 0.6575359841209188 
2638 0.6772610087661622 
2639 0.6398075432396378 
2640 0.6595686733436973 
2641 0.6395480133675837 
2642 0.6585912778723567 
2643 0.6396045751979945 
2644 0.6596557375839406 
2645 0.6415512932045297 
2646 0.661152386309654 
2647 0.6521132029602 
2648 0.6647803724272541 
2649 0.6781619735713892 
2650 0.6937572552145513 
2651 0.6771747991872324 
2652 0.6930235259538217 
2653 0.6773470090285892 
2654 0.6912795229813568 
2655 0.6756174547341945 
2656 0.6948096910427406 
2657 0.669100442443346 
2658 0.6832262404002162 
2659 0.6575229412602432 
2660 0.6603352137096055 
2661 0.6578456360578324 
2662 0.6619949600965622 
2663 0.6599024849942055 
2664 0.6614114131076378 
2665 0.6623826053153675 
2666 0.6576491545985838 
2667 0.6902605088116919 
2668 0.6803245726378541 
2669 0.6680915295435621 
2670 0.6769292393728973 
2671 0.6673841293320162 
2672 0.6784332450859406 
2673 0.6634299138344865 
2674 0.6814797514558054 
2675 0.6631594962733459 
2676 0.6829737825192648 
2677 0.6790799405944703 
2678 0.6927699154145351 
2679 0.6856433635667027 
2680 0.6862441794874702 
2681 0.6878089640419621 
2682 0.6842760641204595 
2683 0.6929931134661783 
2684 0.679967438699254 
2685 0.6880638567318595 
2686 0.6692519217917243 
2687 0.6927055872275351 
2688 0.6763405881899406 
2689 0.6653515354999946 
2690 0.6493750304694973 
2691 0.665200314186081 
2692 0.6493846700462758 
2693 0.6597368130479622 
2694 0.6534506765150054 
2695 0.6661365324197838 
2696 0.6663463128608161 
2697 0.661494801924108 
2698 0.6690279268043189 
2699 0.7001739212406433 
2700 0.7002882428429783 
2701 0.6979152353227676 
2702 0.6997930357831784 
2703 0.7002609585311351 
2704 0.6983055415565621 
2705 0.6859668760712 
2706 0.6898937270407568 
2707 0.6859668760712 
2708 0.6795516288137946 
2709 0.6860152555883405 
2710 0.6971085396998324 
2711 0.687619795901827 
2712 0.6984269899209622 
2713 0.6878859068538162 
2714 0.6968638026023567 
2715 0.6519641243072054 
2716 0.6791019895316757 
2717 0.6596942527510486 
2718 0.687639854968654 
2719 0.6639506066311568 
2720 0.6632296128983188 
2721 0.6635370337217406 
2722 0.6621398045425243 
2723 0.6618920680022811 
2724 0.6629901733908324 
2725 0.6674694972773405 
2726 0.6668852206259513 
2727 0.6814768073260918 
2728 0.6644868907055784 
2729 0.6867927268125837 
2730 0.673276219647492 
2731 0.6867334598682865 
2732 0.6761294304351028 
2733 0.6895007427098487 
2734 0.6766843322671622 
2735 0.6834011889508163 
2736 0.6724699577339082 
2737 0.6787411130613675 
2738 0.6693367102640757 
2739 0.6507881406979837 
2740 0.6438458162512216 
2741 0.6510274972854324 
2742 0.642644656442227 
2743 0.6479900526363298 
2744 0.6407120502395945 
2745 0.6449211941635459 
2746 0.6391182480484541 
2747 0.6307538214651351 
2748 0.6086938568815136 
2749 0.6363669057628432 
2750 0.6308426525237135 
2751 0.6397720805174163 
2752 0.6285844836431351 
2753 0.6429957811111622 
2754 0.6286545567025243 
2755 0.6498928350458432 
2756 0.6274108400490487 
2757 0.6579703294337406 
2758 0.6285312896375406 
2759 0.668301990542654 
2760 0.6234147247149568 
2761 0.6637032984999351 
2762 0.6232743481791622 
2763 0.6590137501791892 
2764 0.6256760125403513 
2765 0.6691590765394703 
2766 0.6228888567696 
2767 0.6651500206835081 
2768 0.6831466730923892 
2769 0.6668513852433567 
