0 8.88842173076434 
1 12.454284153265078 
2 12.129873359881776 
3 21.869138802133573 
4 12.46861223167226 
5 20.840019477099503 
6 10.42951881976442 
7 16.294001103281097 
8 11.929090479887828 
9 10.388137478050025 
10 24.11517409502783 
11 13.557390084493202 
12 9.717314749601512 
13 20.208059511649868 
14 10.0879177439721 
15 11.343437293782927 
16 9.336797091867513 
17 19.642783884156252 
18 28.584014829353396 
19 9.852305986592063 
20 12.478850862656309 
21 23.773325246983205 
22 8.62491337669468 
23 13.647469186417295 
24 20.948058174844174 
25 22.590222384996956 
26 22.177534316110066 
27 8.266853777564037 
28 22.289261117251936 
29 3.576261619449906 
30 10.226792058108547 
31 16.95024409168795 
32 28.147424368507235 
33 15.358912576990399 
34 9.819828341051586 
35 38.87430255621258 
36 5.335626528125135 
37 25.082999934217217 
38 10.977439515917967 
39 12.848188548970596 
40 25.298896193980337 
41 32.45737279938093 
42 14.857244064086261 
43 17.004946240046706 
44 10.181041430000096 
45 13.318675595946894 
46 13.435616859612145 
47 26.55496745764429 
48 7.726337274204304 
49 24.10422569206986 
50 16.15673283230804 
51 13.931972789115646 
52 14.728690772585692 
53 26.04381302468829 
54 12.746784663635701 
55 7.672783350132718 
56 10.34381697160712 
57 22.46824193660708 
58 12.082561063787496 
59 9.430339930795226 
60 18.289701124163855 
61 13.694971038247798 
62 9.132028147425626 
63 22.72251717338072 
64 19.01342266667271 
65 13.87661493364918 
66 9.662513822336896 
67 13.03048303115408 
68 9.800874864470781 
69 6.238645862771638 
70 14.42184093800502 
71 12.240353467848784 
72 10.75727358529279 
73 13.36272026659785 
74 23.85553489059896 
75 19.202754301306644 
76 15.967291124976683 
77 13.788888158327307 
78 16.569631654630786 
79 9.215617515874586 
80 12.55824760171024 
81 13.231451600182968 
82 16.15411930997562 
83 19.668483001172334 
84 14.739456640533028 
85 20.672186736061825 
86 14.333032614341562 
87 14.525577223440102 
88 23.588153913640095 
89 11.996236074763683 
90 14.76560855315269 
91 15.517045685767453 
92 14.330388197590592 
93 20.525701757820148 
94 19.040179402325148 
95 13.49015168083984 
96 19.237720444903108 
97 11.125150194556657 
98 19.39562543352601 
99 16.30686090408264 
100 10.240325010315269 
101 11.409781124355968 
102 13.70866779971238 
103 10.320299793559753 
104 11.394159354540763 
105 14.83475339098449 
106 14.857717730908472 
107 42.4146913680123 
108 12.604326751150204 
109 12.643652104711032 
110 13.18072372452587 
111 13.451516793934749 
112 11.480643898647003 
113 15.8913073953254 
114 18.809128537667103 
115 10.02017267658259 
116 12.919901798613228 
117 11.112210888859451 
118 17.609733773894643 
119 22.937868803150035 
120 30.25975037876055 
121 16.71603531076261 
122 30.252547910821317 
123 14.312979026897168 
124 14.441455058791124 
125 13.522117731260135 
126 27.63701536596294 
127 32.03592896696582 
128 17.224784808463106 
129 15.177891243852748 
130 13.047872952668337 
131 10.598233755732714 
132 10.96211887574552 
133 17.138005287308417 
134 14.699680723926079 
135 13.732590766369706 
136 9.53430760802606 
137 20.001735837899446 
138 26.613097466418786 
139 14.198246504857655 
140 31.67090022199737 
141 9.493735810790929 
142 31.67090022199737 
143 34.50823974659591 
144 9.48341088636559 
145 17.59363084576697 
146 8.737168604299942 
147 18.435528675410527 
148 16.183913722917833 
149 13.568573914900087 
150 9.823439172398933 
151 12.516312700122647 
152 12.795938788958582 
153 14.70096877760175 
154 17.489383704445 
155 14.958394853030336 
156 46.63602299387349 
157 11.392271526002864 
158 34.35898192065404 
159 12.528238766025067 
160 14.203198705076412 
161 10.90347201281078 
162 13.341382962819237 
163 26.287182636925987 
164 17.793887559605626 
165 13.231117686583408 
166 17.295599714647413 
167 13.201799141976727 
168 17.60633345506597 
169 13.942949082338549 
170 29.417197362883996 
171 11.710699128880947 
172 27.03978957683282 
173 12.3248783469287 
174 18.655446337232576 
175 8.479868343108533 
176 19.654473716272573 
177 10.212573654735817 
178 14.080090234953287 
179 18.997060515338312 
180 11.965708775643531 
181 17.146692939459474 
182 23.73001567176423 
183 17.83186374960674 
184 19.05505758353588 
185 8.176764388229744 
186 11.66364205169561 
187 11.520217972874242 
188 23.401013189314646 
189 25.209789873539453 
190 29.297811554822893 
191 10.138491325860947 
192 45.56846725479119 
193 10.826804336602994 
194 21.209704987004056 
195 13.986188222975834 
196 16.18503783566856 
197 21.30321099519519 
198 18.60604098000683 
199 16.70039418674099 
200 30.81599905957034 
201 15.766993210985722 
202 10.349151204105803 
203 10.301922198370086 
204 17.355429488850543 
205 14.58244184308149 
206 21.921143956181794 
207 18.369804577665267 
208 12.325312959153688 
209 15.046722534726209 
210 24.436777189333426 
211 17.39220434566263 
212 25.97462177276021 
213 18.91814458657333 
214 11.330995618134763 
215 7.59240741880478 
216 12.733086016478346 
217 23.20512976558653 
218 16.843985558754905 
219 10.259135692551537 
220 8.498252453150549 
221 17.22344090701905 
222 17.411192335313434 
223 14.475796042050623 
224 12.482824711463486 
225 14.796810837507937 
226 15.554968773642283 
227 16.623877355274942 
228 15.562587194633263 
229 14.31561702185755 
230 13.69989155855185 
231 22.157266095078104 
232 17.3659207121416 
233 16.77352582431865 
234 16.544403158750068 
235 18.885689971137698 
236 12.272048733530928 
237 10.79942942772837 
238 10.734230602880169 
239 25.250159532839685 
240 29.1366209804589 
241 13.891045660936005 
242 36.49982160417011 
243 24.639475523859318 
244 36.91226711490905 
245 18.72808294412345 
246 9.939156109744596 
247 8.437936174878338 
248 13.14206754796319 
249 16.80517981921918 
250 13.914548174884635 
251 28.091058260945275 
252 20.475900820636493 
253 12.99652645441165 
254 10.578853914447135 
255 28.990814020196716 
256 21.15450648106118 
257 14.192529328762998 
258 19.00437694266477 
259 24.778779464760444 
260 50.758834349888666 
261 14.544869438568506 
262 10.88507912780347 
263 19.315772022252514 
264 10.528003614503193 
265 25.482417555712168 
266 20.390691162243495 
267 16.449476627670297 
268 10.958681918179016 
269 8.270293185685581 
270 23.248475711150036 
271 8.923196715208118 
272 10.597939186286846 
273 20.261163604042277 
274 10.942528495733141 
275 15.693780190751294 
276 24.022084512204902 
277 11.825500517363393 
278 14.984473580793827 
279 20.513454559682295 
280 24.530245343158757 
281 14.176794870494868 
282 23.50527064968253 
283 16.806526582359634 
284 12.01861403388121 
285 14.664065504534554 
286 32.138290373003954 
287 12.389572717739673 
288 13.043409575047036 
289 15.400135852104789 
290 24.00407478839143 
291 17.441238845318985 
292 11.105708407582261 
293 7.667845827871715 
294 11.414003864261028 
295 21.65908774031634 
296 13.027407131320661 
297 23.02765973800661 
298 8.140091021125052 
299 21.080188371052778 
300 19.652171468464626 
301 18.233567503651667 
302 11.50356683460913 
303 13.285600706993598 
304 11.376481629154664 
305 22.04164170476641 
306 13.054573749572038 
307 13.966302161722986 
308 9.782564786718693 
309 12.66778616732105 
310 14.89470413392188 
311 22.75765451457654 
312 15.5531230068675 
313 14.708650261783777 
314 20.517568790509966 
315 13.219066348978227 
316 12.716331752749852 
317 16.412529592455634 
318 17.406423392803045 
319 12.960783647235141 
320 17.68010352691236 
321 16.869933152606727 
322 8.603312260780026 
323 16.894191381122894 
324 20.617415882222822 
325 8.712051628769704 
326 9.48405419583582 
327 9.991481414428236 
328 8.226625739195246 
329 17.58006228440417 
330 14.354960042438865 
331 13.701995040982133 
332 8.42407334879844 
333 20.939168983919846 
334 23.584970591212226 
335 21.216678722640108 
336 17.260723383416256 
337 20.276933638222683 
338 21.757058600781207 
339 12.771897771322255 
340 10.868156071371196 
341 17.5092424065323 
342 25.660925904399484 
343 22.204067803788288 
