0 1.199376110254541 
1 1.2094710845391 
2 1.4920970305955414 
3 1.4821084305420906 
4 1.8502949442485372 
5 1.8742882578972773 
6 1.9560442965325957 
7 1.93478567496323 
8 1.853229696639321 
9 1.8887070282164242 
10 1.8033906760130165 
11 1.7834343983153553 
12 1.9283272323559753 
13 1.9502225143724172 
14 1.8014055686707722 
15 1.796060314261363 
16 1.8651759919919442 
17 1.8916851139595727 
18 1.8835687563033867 
19 1.9178755800662284 
20 1.8235954050854681 
21 1.8342076249231836 
22 1.866607227743574 
23 1.8471196261440965 
24 1.846840363896165 
25 1.8782704960255376 
26 1.82733516806251 
27 1.8365234417852632 
28 1.775162186959544 
29 1.7815344289616297 
30 1.903655698880034 
31 1.852861736636552 
32 1.9652748691023578 
33 1.9220647115103122 
34 1.8250405298147345 
35 1.8062955359256003 
36 1.9204900979552613 
37 1.917731226275159 
38 1.8720581530756433 
39 1.9369692076081118 
40 1.8679993893282487 
41 1.9171093591128563 
42 1.8505919219748859 
43 1.8532415701166274 
44 1.8988949936377508 
45 1.9002808941557692 
46 1.8767080372926492 
47 1.898744257033111 
48 1.8132946721119854 
49 1.7797073513832766 
50 1.856168953677935 
51 1.837223909885658 
52 1.934866461801047 
53 1.9194254939531141 
54 1.8648022260657526 
55 1.873475978762586 
56 1.8856643960226736 
57 1.9308074873940142 
58 1.79240343500628 
59 1.8471832484802233 
60 1.8982364563486522 
61 1.9133845605293593 
62 1.8944568741939096 
63 1.8890807360879935 
64 1.8780275058653497 
65 1.8837343015311492 
66 1.8769286258481996 
67 1.8607207070657574 
68 1.910278398057028 
69 1.904428335539915 
70 1.87589979340348 
71 1.8704068717754316 
72 1.8857603144635853 
73 1.848827772731855 
74 1.8007680009445166 
75 1.855912659830512 
76 1.8346245399738603 
77 1.832355971005295 
78 1.8641878298052652 
79 1.8615183368433896 
80 1.8344933476396492 
81 1.8314657922685358 
82 1.8683374367217431 
83 1.896770041188967 
84 1.7975769737673764 
85 1.8396832196764676 
86 1.7975769737673764 
87 1.8396832196764676 
88 1.9048196348094846 
89 1.9720871157222555 
90 1.8411498744792647 
91 1.871655743231551 
92 1.9604989138452575 
93 1.867110176850814 
94 1.7468739921181737 
95 1.7707743714077153 
96 1.8089068693925368 
97 1.870313219197568 
98 1.8227103683091603 
99 1.833404139917618 
100 1.8910760301065184 
101 1.8538517621844397 
102 1.8225644023254077 
103 1.833935285225241 
104 1.8950947833702347 
105 1.8396832252435729 
106 1.7837503333859799 
107 1.7871638403508348 
108 1.8534548343423038 
109 1.8258089902878296 
110 1.9188510862854091 
111 1.9423165802923914 
112 1.7728007293557035 
113 1.789480980615667 
114 1.8855725729886748 
115 1.8317304755816024 
116 1.9490243672470915 
117 1.9633462612189214 
118 1.8302971133662098 
119 1.8297611029426817 
120 1.7648807012795342 
121 1.776484257445866 
122 1.895617482836396 
123 1.9174202628637589 
124 1.8562878515869983 
125 1.8199346228626805 
126 1.8664546492305167 
127 1.859501556747796 
128 1.806884037483389 
129 1.8413420550874309 
130 1.8312226029842356 
131 1.8518968832811795 
132 1.8016621793503367 
133 1.8572643251450178 
134 1.7520914172703976 
135 1.7266066196869652 
136 1.908972847763517 
137 1.9100152828955628 
138 1.8046042837626048 
139 1.7877490207062328 
140 1.8192774771167848 
141 1.8109467132455763 
142 1.8882660172574115 
143 1.860975531440621 
144 1.8351552331663978 
145 1.8410248005827696 
146 1.8883401564953897 
147 1.8903607613474782 
148 1.827452823098748 
149 1.8089874309932013 
150 1.8995425197436588 
151 1.894054931420906 
152 1.894474806737028 
153 1.9143549338238868 
154 1.6657262840128064 
155 1.6730038120545643 
156 1.7624434932797386 
157 1.7780789618170298 
158 1.8640602080307118 
159 1.8577155804189083 
160 1.8636811620331717 
161 1.8585576595757396 
162 1.8274933773980044 
163 1.848746229924636 
164 1.8416018083336243 
165 1.824363647984162 
166 1.8647381970726657 
167 1.8733599460111197 
168 1.8543070777664767 
169 1.8808544713794426 
170 1.923929540583474 
171 1.9149517776210487 
172 1.862039726225081 
173 1.8857247774194885 
174 1.8304218539912163 
175 1.868122337682527 
176 1.8185635424775384 
177 1.8520930991836402 
178 1.898932685384703 
179 1.8938406905953729 
180 1.9029376330713959 
181 1.9247406166447483 
182 1.8898828927135238 
183 1.8824627877075226 
184 1.834363254405336 
185 1.8261397913153556 
186 1.7698084498686075 
187 1.835838127711399 
188 1.92250234711322 
189 1.882391491350351 
190 1.9542037078716585 
191 1.9250828877220143 
192 1.8877441715166525 
193 1.883227733506672 
194 1.82973608136935 
195 1.8061878102935724 
196 1.8986660897550276 
197 1.9524169089133858 
198 1.8607698410165576 
199 1.8477652809304235 
200 1.9115210103240396 
201 1.9070157657671312 
202 1.8775887249291696 
203 1.8821680520455426 
204 1.9007491631564417 
205 1.906334400751747 
206 1.815217464125829 
207 1.819181696123215 
208 1.8070091152706456 
209 1.7370905792220281 
210 1.7564058890511416 
211 1.7616188683004153 
212 1.8630410730766123 
213 1.8837410361395006 
214 1.8493442288612774 
215 1.7989563730028264 
216 1.8280925567433588 
217 1.8242511391969827 
218 1.8432366193670844 
219 1.8667765716751668 
220 1.908230958604332 
221 1.9142803453943382 
222 1.8192650278383764 
223 1.7984607127260959 
224 1.260101768593381 
225 1.9226171919170458 
226 1.1731773462975905 
227 2.149431342218339 
228 1.2703201040175576 
229 2.1483478389679753 
230 1.2648192263983447 
231 2.230281483710727 
232 1.7046014588976708 
233 1.9545508985208724 
234 1.5896559221192483 
235 1.7912816757582544 
236 1.8754612195913063 
237 1.8208553024521832 
238 1.8402336580192338 
239 1.8599085818319665 
240 1.7573247699138714 
241 1.781469256398746 
242 1.8208224488564144 
243 1.8425499568301844 
244 1.8753095954565808 
245 1.837875978727308 
246 1.7975450673010234 
247 1.8288073359333876 
248 1.884121970674786 
249 1.88229454919997 
250 1.8071981130699568 
251 1.797323105914433 
252 1.8433346261944241 
253 1.840164245856539 
254 1.816039238480239 
255 1.789202577148952 
256 1.7817995935236124 
257 1.765144820604653 
258 1.8194562428121157 
259 1.8805410227323243 
260 1.928167977430281 
261 1.9314471557258484 
262 1.9021320867384213 
263 1.881947000666996 
264 1.8584084837891133 
265 1.882143344790757 
266 1.8528652928060296 
267 1.8195748045974631 
268 1.9012385165591437 
269 1.8927266417043027 
270 1.8993546829012784 
271 1.9207470234128854 
272 1.8890515309053086 
273 1.869031298030968 
274 1.8155026882503291 
275 1.9041566302561792 
276 1.8840664469330461 
277 1.842599205215215 
278 1.669599822609047 
279 1.6632774133125152 
280 1.7945517388969137 
281 1.748457218119724 
282 1.9231744634142132 
283 1.9221239137946136 
284 1.8957831835553134 
285 1.8705926508614 
286 1.9046264785368738 
287 1.8842311412811044 
288 1.7527046448944854 
289 1.8023272669758876 
290 1.822087862495133 
291 1.8408264707100743 
292 1.8812822616340545 
293 1.886013717715527 
294 1.8423583807575494 
295 1.8555241080198521 
