0 0 
1 0 
2 3 
3 0 
4 0 
5 0 
6 0 
7 0 
8 1 
9 3 
10 3 
11 1 
12 0 
13 1 
14 0 
15 1 
16 0 
17 1 
18 0 
19 1 
20 0 
21 1 
22 4 
23 1 
24 2 
25 1 
26 4 
27 3 
28 4 
29 2 
30 4 
31 2 
32 4 
33 2 
34 4 
35 3 
36 0 
37 3 
38 0 
39 2 
40 0 
41 2 
42 4 
43 2 
44 4 
45 2 
46 4 
47 4 
48 4 
49 4 
50 2 
51 4 
52 2 
53 4 
54 2 
55 2 
56 2 
57 2 
58 2 
59 2 
60 2 
61 0 
62 2 
63 0 
64 4 
65 0 
66 4 
67 0 
68 0 
69 0 
70 0 
71 0 
72 0 
73 1 
74 0 
75 1 
76 1 
77 1 
78 1 
79 0 
80 1 
81 0 
82 4 
83 0 
84 4 
85 0 
86 4 
87 0 
88 4 
89 2 
90 4 
91 0 
92 4 
93 0 
94 4 
95 0 
96 4 
97 4 
98 4 
99 2 
100 4 
101 2 
102 2 
103 2 
104 2 
105 4 
106 4 
107 4 
108 4 
109 4 
110 4 
111 4 
112 4 
113 4 
114 4 
115 4 
116 4 
117 4 
118 4 
119 4 
120 4 
121 4 
122 4 
123 4 
124 4 
125 0 
126 2 
127 4 
128 4 
129 0 
130 4 
131 0 
132 4 
133 0 
134 4 
135 1 
136 4 
137 1 
138 4 
139 1 
140 4 
141 4 
142 4 
143 4 
144 0 
145 4 
146 0 
147 0 
148 0 
149 0 
150 0 
151 0 
152 0 
153 0 
154 1 
155 1 
156 1 
157 1 
158 4 
159 1 
160 4 
161 1 
162 4 
163 1 
164 4 
165 4 
166 4 
167 4 
168 4 
169 4 
170 2 
171 4 
172 0 
173 4 
174 0 
175 4 
176 0 
177 4 
178 0 
179 4 
180 0 
181 0 
182 0 
183 0 
184 0 
185 0 
186 4 
187 0 
188 4 
189 0 
190 4 
191 0 
192 4 
193 0 
194 4 
195 0 
196 4 
197 0 
198 4 
199 0 
200 4 
201 4 
202 4 
203 4 
204 4 
205 4 
206 4 
207 2 
