0 2.1405405219977363 
1 1.7285096012669556 
2 0.7801674359937869 
3 0.8006469082764847 
4 0.8063252816432929 
5 0.7779223768005505 
6 1.2718505877956332 
7 1.8652933799364455 
8 1.3492958070611392 
9 1.7173378606057959 
10 1.0285358718292068 
11 0.9490272572534018 
12 1.1005223083020237 
13 1.4599123746171196 
14 1.721089776008034 
15 1.9798062011684974 
16 1.392299823729168 
17 1.3208964908139456 
18 3.0015376365172663 
19 3.616230397871647 
20 1.6648310923949066 
21 1.5480146955088705 
22 2.8584115194869386 
23 3.23006968603586 
24 1.297992975259016 
25 1.661834239965096 
26 2.40625580804364 
27 3.5043006789132183 
28 1.952817440925342 
29 1.8278311689846962 
30 2.2470657457310237 
31 2.9028188322803796 
32 2.147080720511397 
33 2.4763237123356063 
34 2.143783215892131 
35 2.868268244956849 
36 2.020068691253696 
37 3.0221112140217166 
38 2.756223058428139 
39 3.739327414022883 
40 2.067040646222437 
41 3.8368200262094767 
42 2.153226050913288 
43 1.0917344841514587 
44 1.5488924231016443 
45 1.7149428164863372 
46 1.6758278942138434 
47 0.8143273726886675 
48 1.9737966402473799 
49 1.5890486508274553 
50 3.2984957176111944 
51 2.45307045862405 
52 2.1794141650403853 
53 2.2315480592065624 
54 1.1810709008521099 
55 4.85 
56 1.2966809322767574 
57 2.819948071819171 
58 1.964578458796151 
59 2.8279067327266403 
60 1.7506124980084246 
61 1.8117452748525131 
62 2.6429411548474997 
63 2.471316315686508 
64 3.046939460558578 
65 3.3481913342968856 
66 3.6297119657314316 
67 3.450927057805741 
68 3.8162051557569434 
69 4.223054182518116 
70 3.4607345565273766 
71 3.611619420529408 
72 3.024403508469403 
73 3.297035539964826 
74 2.8544700621681267 
75 3.0171298004070257 
76 3.3976427056755236 
77 3.559037162108421 
78 2.4487266622085317 
79 2.434030833851314 
80 3.117185822779776 
81 2.85233477755707 
82 3.6226524974435867 
83 3.6339977104536145 
84 4.108409572031827 
85 3.7285523509068894 
86 3.563936073175119 
87 3.8637181407094565 
88 4.0393611658264374 
89 4.1087298313677625 
90 3.2180753566658735 
91 3.3781530249152465 
92 4.294583714119366 
93 4.1121787397460645 
94 3.5618061757795267 
95 3.655170479636478 
96 3.221415576873935 
97 3.285098599357377 
98 3.273884576775786 
99 3.406810227189396 
100 3.8252223329441755 
101 3.5314866268778835 
102 4.046440899726442 
103 3.6210236317895506 
104 2.9265590948295745 
105 2.9159572167186445 
106 4.166021482900021 
107 3.869853229935285 
108 3.090541069577232 
109 3.146807652175541 
110 3.407260245572882 
111 3.8456695420301505 
112 4.004371576323419 
113 3.903132329361701 
114 3.8534558870595057 
115 3.5943847858999685 
116 3.7564126293196067 
117 3.7936613048192354 
118 3.995498118732936 
119 3.868168266841483 
120 4.036295829207809 
121 3.929663966333948 
122 3.4862888811039925 
123 3.195049561152712 
124 4.1169766998611665 
125 3.762740582724807 
126 3.9263542274692425 
127 3.6119285414379836 
128 3.0482207413943097 
129 3.169181493483167 
130 3.491259827192563 
131 3.265329935624976 
132 3.5977348818580466 
133 3.5523445096089543 
134 4.027798973353536 
135 3.870799005807103 
136 3.9006806485605727 
137 3.5934480008479 
138 3.8075906698624937 
139 3.767120869090921 
140 3.6278840497550418 
141 3.8083666532874685 
142 4.034348535368736 
143 3.7634926229453645 
144 3.482284046344392 
145 3.303102134001505 
146 4.5370693173804675 
147 3.816112466586724 
148 3.8570309572916086 
149 3.8784973636175764 
150 4.164993948488235 
151 3.7629662363251817 
152 4.161582270077292 
153 3.9561230129945586 
154 3.9201875692474974 
155 3.6627982680118456 
156 3.9391275316767365 
157 3.8863603277813445 
158 3.6674199078822385 
159 3.8035918813590346 
160 4.357836497800315 
161 3.9616572165199213 
162 4.384912123765567 
163 4.152026185465294 
164 4.189407847773064 
165 3.7302768162236792 
166 3.2787920917717397 
167 3.38954941132915 
168 4.205487606693877 
169 3.858187182665601 
170 4.364916332096574 
171 4.027288968168813 
172 3.9167882605769164 
173 3.4506272282030848 
174 4.084660820811664 
175 3.842376008743857 
176 3.662454466700086 
177 3.5873278063025986 
178 3.528061825564955 
179 3.7468703750916803 
180 3.7897175147423394 
181 3.7664272608492078 
182 3.8305962726207676 
183 3.6904803458849105 
184 3.3860700617298654 
185 3.5948888936066146 
186 2.8227107825886284 
187 2.6962421504359924 
188 3.744953471879787 
189 3.7387993101945702 
190 4.184340546439012 
191 4.076855694374074 
192 2.8040441349653213 
193 2.7597556393907197 
194 3.924702927742069 
195 3.8332411281228094 
196 3.042077138071105 
197 3.1396491944979563 
198 4.6032444569543784 
199 3.862195321232399 
200 3.2261497317964607 
201 3.1289098854122472 
202 3.9376744803547776 
203 3.751722276713481 
204 3.593620562003398 
205 3.742867757068475 
206 3.1354668530741776 
207 3.2161474629766955 
208 3.768997330548515 
209 3.533580836001527 
210 4.157256997551972 
211 4.128926604022703 
212 3.8742076098518474 
213 3.429935668657718 
214 3.210556948138162 
215 3.2412089055159754 
216 4.155459881368762 
217 4.09401620511157 
218 3.617194236592977 
219 3.294357589742411 
220 3.4832051742331998 
221 3.3322513717978914 
222 4.349117045644742 
223 4.042582854217444 
224 4.2258562547319976 
225 3.7986189274236875 
226 3.5338003061232452 
227 3.5218274634637865 
228 4.056522718707875 
229 3.9085921486177218 
230 4.493424463891155 
231 4.239677491131086 
232 3.491671918494659 
233 3.3894773021350697 
234 4.5675772989323296 
235 4.022987199778122 
236 3.914331293005824 
237 3.477517755686402 
238 3.438372847369342 
239 3.5720962787303487 
240 3.4555956489949455 
241 3.5226140380634394 
242 4.196858078280431 
243 3.821757644610072 
244 4.353648227608924 
245 4.213594804857745 
246 3.9409266774586262 
247 3.7705458590148258 
248 3.2032522474112266 
249 3.326740568118034 
250 3.617335611587245 
251 3.8474481309456148 
252 3.955567757609036 
253 3.7668802060126856 
254 4.055309463951245 
255 3.9213257026487174 
256 3.815194229926384 
257 3.500714792878288 
258 4.285031988433763 
259 3.9826994437791923 
260 4.217540444972879 
261 3.9457625204149824 
262 3.34098094390191 
263 3.2618308623378933 
264 4.256225735196006 
265 3.913557685165066 
266 4.053189505607188 
267 3.4645626049962197 
268 3.9703435932562847 
269 3.6258337234419256 
270 4.004056236936154 
271 3.892088678908659 
272 3.8410553762204835 
273 3.73429564179007 
274 4.496433143873114 
275 4.1057548448386045 
276 3.481557493802651 
277 3.4951708500029595 
278 3.2377900561325514 
279 3.3324973036951633 
280 3.719050028446215 
281 3.7696524999222936 
282 3.5152859182548344 
283 3.210861471964827 
284 3.9631285078422476 
285 3.7542546437638977 
286 3.5821909069814684 
287 3.6372192668748213 
288 4.112369109899708 
289 3.8177152197442505 
290 3.7143380514795328 
291 3.467176916823732 
