0 1.9541069579414083 
1 2.1612683559302464 
2 1.4160978235546529 
3 3.1020072440900854 
4 3.006479942834225 
5 2.3381504653116845 
6 1.4029994522128697 
7 5.249125756976634 
8 2.6456514040711 
9 2.432335337407178 
10 1.4041168625635747 
11 2.2425811770098107 
12 6.011051122650654 
13 2.6566746026793675 
14 2.47799199052787 
15 2.3305736587564403 
16 2.46903578838303 
17 2.2958094417032773 
18 1.2585803340367097 
19 3.4448834727394484 
20 2.0846577812834868 
21 3.792150935552942 
22 1.7639835411964717 
23 2.488212456238388 
24 2.398471050955377 
25 3.4291317120089952 
26 1.4454453869058908 
27 2.445752556457437 
28 1.2677007481796023 
29 2.4340661018329 
30 1.5895827219902146 
31 1.922302400939629 
32 2.5005237569100935 
33 2.2026069862772815 
34 2.4103233730026106 
35 1.9281854395549094 
36 2.6803084089414106 
37 3.3851932053424996 
38 1.9477155883276864 
39 2.215843726734213 
40 3.8439169188949665 
41 2.0478375045491584 
42 2.9336215143533177 
43 2.21701074069417 
44 2.734127702949409 
45 1.3967280501752912 
46 1.4587799839363667 
47 3.663271346573385 
48 1.443995398338358 
49 3.5746522552884215 
50 1.546499648885687 
51 7.261271458665054 
52 0.9261672117945636 
53 2.1719745672451793 
54 2.558200873706168 
55 1.9129179483280865 
56 1.660108705508695 
57 1.408559077888476 
58 2.3425949733993043 
59 2.8587592847481185 
60 1.8859144371598289 
61 3.9801157092463546 
62 3.5615456014752356 
63 1.5014832325877887 
64 1.439339541644075 
65 1.0849992796407495 
66 1.4838867708609313 
67 3.0282960286712806 
68 0.7927007275132714 
69 1.4862233822606676 
70 2.6268280403319606 
71 1.1663493615459295 
72 0.7786754607868436 
73 1.2461372374420887 
74 0.851701798893016 
75 0.8478126685382965 
76 2.926364206120804 
77 3.5634765644671207 
78 3.762405992849575 
79 2.623953019556266 
80 2.063797382732382 
81 2.2774313524388954 
82 1.1204769212424375 
83 2.3368187813585024 
84 1.083994458521408 
85 2.4652157377558215 
86 1.1210692156459658 
87 2.235651845611108 
88 2.154480960832423 
89 1.917509927981522 
90 1.7554891146670748 
91 1.649655893803867 
92 0.9248323241629701 
93 1.7096813641369073 
94 3.8440426920624406 
95 2.1583028225599956 
96 3.1774756852522095 
97 2.996136089327247 
98 1.4194892490405298 
99 4.639879274351861 
100 3.209931264032737 
101 1.1850620426622331 
102 3.147476291243541 
103 1.4343919841814277 
104 2.395348370194794 
105 1.2992278548531981 
106 1.790373943359902 
107 1.8438847353973133 
