0 12.557420436513876 
1 16.038544781541333 
2 21.40125724548943 
3 23.905570152690466 
4 12.435341798872777 
5 21.61666950126526 
6 19.95539146652457 
7 18.920534103211835 
8 18.907825397040064 
9 26.604994576628123 
10 16.744129599910575 
11 22.5532953708334 
12 16.226802847415662 
13 10.890816700119183 
14 30.832082448157486 
15 23.07529460955294 
16 17.158336981022472 
17 11.753590413979985 
18 25.936073511133646 
19 11.668444348002682 
20 15.350480902955686 
21 12.564304265382967 
22 6.729319351567814 
23 13.02878301224505 
24 16.99963928034402 
25 13.33307054825656 
26 13.743074896623131 
27 16.53892319461203 
28 10.860951572056699 
29 7.927467231163234 
30 20.4936090372513 
31 17.25454575373122 
32 7.437355373073193 
33 9.865236616803086 
34 19.853941625879255 
35 15.7593510353301 
36 12.770575608567905 
37 17.88379361363743 
38 28.23952708616673 
39 49.15104001874963 
40 20.69932389083551 
41 23.003159003159002 
42 7.269964086137803 
43 10.849517187504041 
44 21.96568699331755 
45 22.579034350590273 
46 16.101284093744603 
47 14.342148635987499 
48 17.418857017081205 
49 15.659854090905696 
50 26.44896929644787 
51 14.692368858919345 
52 11.255344156715417 
53 12.068064243254286 
54 8.477314620185622 
55 9.119677855617741 
56 14.100491497959375 
57 23.946925492435057 
58 25.260348223050656 
59 13.878451576185324 
60 9.525970810943399 
61 17.59510695153516 
62 17.449002600104006 
63 15.883784868705076 
64 17.77684346152868 
65 20.269192480548977 
66 15.280909355872923 
67 20.635268303002572 
68 12.744267166596275 
69 27.421279043920553 
70 7.031476737792203 
71 19.88000815239287 
72 20.743343224530168 
73 22.09819655116094 
74 18.062235696383507 
75 20.272719363538815 
76 18.672721282866327 
77 15.666522239321091 
78 11.647900114137816 
79 13.514884951360896 
80 8.955069901702066 
81 9.64159054024854 
82 16.94093317823446 
83 18.842928573674822 
84 9.461590171848282 
85 10.639338856392019 
86 28.13439673734413 
87 20.337104039488167 
88 11.43691067640306 
89 10.757687444375193 
90 19.630924187252525 
91 19.018423045357057 
92 11.017289113269696 
93 16.809018663310983 
94 34.01954725000203 
95 25.073853106804243 
96 13.772769065069483 
97 19.93452595958252 
98 14.579653923429342 
99 14.967896652630076 
100 16.75275697481677 
101 15.440159912239691 
102 12.131101264504784 
103 14.570840976043577 
104 13.390535359114258 
105 18.120605186074844 
106 19.18132677233772 
107 20.264002357681548 
108 9.832074525192573 
109 9.947288410138194 
110 12.856498283472291 
111 11.48306411870996 
112 8.638983005464368 
113 8.463424674119214 
114 15.490912582776565 
115 21.736762731979333 
116 23.509881954642783 
117 16.508263373125047 
118 15.707062422996408 
119 31.607891603490632 
120 18.104648853973323 
121 17.10048354085635 
122 9.16014903272867 
123 9.315479588051998 
124 13.763007297737177 
125 11.711483905555431 
126 22.005561326743685 
127 21.686076211157644 
128 14.773826087262814 
129 12.129557653155654 
130 9.679863005478857 
131 17.254971655188868 
132 14.530659756384852 
133 12.520908461299644 
134 11.996716444378341 
135 25.84465983523221 
136 28.620684007970084 
137 17.644700032392546 
138 14.68912719147714 
139 13.281015287576153 
140 13.00506956308738 
141 11.481335285986066 
142 33.07680296518276 
143 17.72688043887121 
144 17.09107652938564 
145 13.828986673172919 
146 19.72973074679662 
147 12.742447441973509 
148 8.843238912491172 
149 8.436103261361465 
150 11.537488618765078 
151 19.26998070385004 
152 8.565485270842906 
153 9.102024695644626 
154 12.335607736106537 
155 10.934654921150532 
156 22.349238827522633 
157 26.1669723625928 
158 26.742224659211182 
159 15.584444923346734 
160 19.680203450589566 
161 18.524032240256155 
162 16.843647345129188 
163 20.74395877226822 
164 12.03257798088812 
165 15.619382419972293 
166 19.956245985488284 
167 19.780813906875622 
168 12.10704461154329 
169 11.412419970559505 
170 26.465825340737002 
171 24.664831933761437 
172 20.887239986653853 
173 15.944710761709617 
174 13.270678166665611 
175 11.799717547502096 
176 30.81350876806324 
177 16.190098276114966 
178 19.025583336357368 
179 13.349110919443286 
180 12.534378884957444 
181 14.38336396806672 
182 27.406765595697827 
183 19.77782912326532 
184 17.999296215872906 
185 19.755564975743017 
186 22.969775631020642 
187 32.36745277194716 
188 13.73200628601362 
189 10.663439561696773 
190 7.447550423577583 
191 11.478852964197552 
192 14.92156960404141 
193 11.348255812380446 
194 19.521102113003817 
195 19.949886321477155 
196 24.568178490051018 
197 22.296370324693275 
198 43.061343079781935 
199 15.416891189043554 
200 11.02415202449634 
201 19.134511247667664 
202 8.602818172495128 
203 7.864147971763118 
204 17.155459572657964 
205 20.960620477351778 
206 21.28742539282959 
207 11.651556484007356 
208 12.373344661468705 
209 15.114282213717901 
210 9.306674181287264 
211 11.090467754303392 
212 19.123257192358547 
213 8.246520452601674 
214 14.713345587719422 
215 10.073671291637345 
216 23.20628527166095 
217 26.94096412628063 
218 17.797889358957494 
219 16.265944822344082 
220 20.05174639295515 
221 15.428687038120147 
222 10.65875153745286 
223 18.72206400928447 
224 11.057545687500658 
225 9.553570371045259 
226 8.526255874843473 
227 10.378960496491107 
228 26.86710267562599 
229 29.591116253474624 
230 23.62748566342568 
231 12.688556924957194 
232 13.96262920488024 
233 18.294727016570487 
234 13.778605616822215 
235 12.025367845224032 
236 12.554526216225115 
237 21.019760350003256 
238 12.378091716369239 
239 15.15907563085953 
