0 2 
1 1 
2 2 
3 1 
4 2 
5 1 
6 2 
7 1 
8 2 
9 1 
10 2 
11 1 
12 2 
13 1 
14 2 
15 1 
16 2 
17 1 
18 2 
19 2 
20 2 
21 3 
22 2 
23 3 
24 2 
25 2 
26 3 
27 2 
28 3 
29 2 
30 3 
31 3 
32 3 
33 3 
34 3 
35 2 
36 3 
37 3 
38 2 
39 3 
40 2 
41 3 
42 3 
43 3 
44 3 
45 3 
46 3 
47 3 
48 3 
49 3 
50 3 
51 3 
52 2 
53 3 
54 2 
55 3 
56 2 
57 2 
58 2 
59 2 
60 2 
61 2 
62 2 
63 2 
64 2 
65 1 
66 2 
67 1 
68 2 
69 1 
70 2 
71 1 
72 3 
73 1 
74 3 
75 0 
76 3 
77 1 
78 3 
79 1 
80 3 
81 1 
82 2 
83 1 
84 2 
85 1 
86 2 
87 1 
88 2 
89 1 
90 2 
91 1 
92 3 
93 1 
94 3 
95 1 
96 3 
97 1 
98 3 
99 1 
100 3 
101 2 
102 3 
103 2 
104 3 
105 2 
106 3 
107 2 
108 3 
109 2 
110 3 
111 2 
112 3 
113 2 
114 3 
115 2 
116 3 
117 2 
118 3 
119 2 
120 3 
121 2 
122 3 
123 2 
124 2 
125 3 
126 2 
127 3 
128 2 
129 3 
130 2 
131 3 
132 3 
133 2 
134 3 
135 3 
136 3 
137 3 
138 2 
139 3 
140 3 
141 3 
142 3 
143 2 
144 3 
145 1 
146 3 
147 1 
148 3 
149 1 
150 3 
151 1 
152 3 
153 1 
154 3 
155 1 
156 3 
157 1 
158 3 
159 1 
160 3 
161 1 
162 3 
163 1 
164 3 
165 2 
166 3 
167 2 
168 3 
169 2 
170 3 
171 2 
172 2 
173 2 
174 2 
175 2 
176 2 
177 2 
178 2 
179 2 
180 2 
181 2 
182 2 
183 2 
184 2 
185 2 
186 3 
187 2 
188 3 
189 2 
190 3 
191 2 
192 3 
193 2 
194 3 
195 2 
196 2 
197 2 
198 2 
199 2 
200 2 
201 2 
202 2 
203 2 
204 2 
205 2 
206 2 
207 2 
208 2 
209 1 
210 3 
211 1 
212 3 
213 1 
214 3 
215 1 
216 3 
217 2 
218 2 
219 2 
220 2 
221 2 
222 2 
223 2 
224 2 
225 2 
226 2 
227 2 
228 3 
229 2 
230 3 
231 2 
232 3 
233 2 
234 3 
235 2 
236 3 
237 1 
238 2 
239 2 
240 2 
241 2 
242 2 
243 2 
244 2 
245 2 
246 3 
247 2 
248 3 
249 2 
250 3 
251 3 
252 3 
253 2 
254 3 
255 3 
256 3 
257 3 
258 3 
259 3 
260 3 
261 3 
262 2 
263 3 
264 2 
265 3 
266 2 
267 3 
268 2 
269 3 
270 2 
271 3 
272 2 
273 3 
274 2 
275 3 
276 3 
277 3 
278 3 
279 3 
280 2 
281 3 
282 3 
283 3 
284 3 
285 3 
286 3 
287 3 
288 3 
289 3 
290 3 
291 3 
292 3 
293 3 
294 3 
295 3 
296 2 
297 3 
298 2 
299 3 
300 2 
301 3 
302 2 
303 3 
304 2 
305 3 
306 2 
307 2 
308 2 
309 3 
310 2 
311 3 
312 2 
313 3 
314 2 
315 3 
316 2 
317 3 
318 2 
319 3 
320 2 
321 2 
322 3 
323 2 
324 3 
325 2 
326 3 
327 2 
328 3 
329 3 
330 3 
331 3 
332 2 
333 3 
334 2 
335 3 
336 2 
337 3 
338 2 
339 3 
340 2 
341 3 
342 3 
343 3 
344 3 
345 3 
346 3 
347 3 
348 2 
349 3 
350 3 
351 3 
352 3 
353 3 
354 3 
355 3 
356 3 
357 3 
358 3 
359 3 
360 3 
361 3 
362 3 
363 3 
364 3 
365 3 
366 3 
367 3 
368 3 
369 3 
370 3 
371 3 
372 3 
373 3 
374 3 
375 3 
376 3 
377 3 
378 3 
379 3 
380 3 
381 2 
382 3 
383 3 
384 3 
385 3 
386 3 
387 3 
388 3 
389 3 
390 3 
391 3 
392 3 
393 3 
394 3 
395 3 
396 3 
397 3 
398 3 
399 3 
400 3 
401 3 
402 3 
403 3 
404 3 
405 3 
406 2 
407 3 
408 2 
409 3 
410 2 
411 3 
412 2 
413 3 
414 2 
415 2 
416 2 
417 2 
418 2 
419 2 
420 2 
421 2 
422 2 
423 3 
424 2 
425 3 
426 2 
427 3 
428 2 
429 3 
430 2 
431 3 
432 2 
433 3 
434 2 
435 3 
436 1 
437 3 
438 1 
439 3 
440 2 
441 3 
442 2 
443 3 
444 2 
445 3 
446 2 
447 3 
448 2 
449 3 
450 1 
451 3 
452 1 
453 3 
454 1 
455 3 
456 1 
457 3 
458 1 
459 3 
460 2 
461 3 
462 2 
463 3 
464 2 
465 3 
466 2 
467 3 
468 2 
469 3 
470 2 
471 3 
472 2 
473 3 
474 3 
475 3 
476 3 
477 3 
478 3 
479 3 
480 3 
481 3 
482 3 
483 3 
484 3 
485 3 
486 3 
487 3 
488 3 
489 3 
490 3 
491 3 
492 3 
493 3 
494 3 
495 3 
496 2 
497 3 
498 2 
499 3 
500 3 
501 3 
502 2 
503 3 
504 2 
505 3 
506 2 
507 3 
508 2 
509 3 
510 2 
511 3 
512 3 
513 3 
514 3 
515 3 
516 3 
517 3 
518 3 
519 3 
520 3 
521 3 
522 2 
523 3 
524 2 
525 3 
526 2 
527 3 
528 2 
529 3 
530 2 
531 3 
532 2 
533 3 
534 3 
535 3 
536 3 
537 3 
538 3 
539 3 
540 3 
541 3 
542 3 
543 3 
544 2 
545 3 
546 2 
547 3 
548 2 
549 3 
550 2 
551 3 
552 2 
553 3 
554 3 
555 3 
556 3 
557 2 
558 3 
559 3 
560 3 
561 3 
562 2 
563 3 
564 2 
565 3 
566 2 
567 3 
568 2 
569 3 
570 1 
571 3 
572 1 
573 3 
574 1 
575 3 
576 1 
577 3 
578 1 
579 3 
580 1 
581 3 
582 1 
583 3 
584 1 
585 3 
586 1 
587 3 
588 1 
589 2 
590 1 
591 2 
592 2 
593 2 
594 2 
595 2 
596 2 
597 2 
598 2 
599 2 
600 2 
601 2 
602 2 
603 2 
604 2 
605 2 
606 2 
607 2 
608 2 
609 2 
610 2 
611 2 
612 2 
613 2 
614 2 
615 2 
616 2 
617 2 
618 2 
619 2 
620 2 
621 2 
622 2 
623 2 
624 2 
625 2 
626 2 
627 2 
628 2 
629 2 
630 2 
631 2 
632 2 
633 2 
634 2 
635 2 
636 2 
637 2 
638 2 
639 2 
640 2 
641 1 
642 2 
643 1 
644 2 
645 1 
646 2 
647 0 
648 3 
649 1 
650 3 
651 1 
652 3 
653 1 
654 2 
655 1 
656 2 
657 1 
658 2 
659 1 
660 3 
661 2 
662 3 
663 2 
664 3 
665 2 
666 3 
667 3 
668 2 
669 3 
670 2 
671 3 
672 3 
673 3 
674 3 
675 3 
676 3 
677 2 
678 3 
679 2 
680 3 
681 2 
682 2 
683 1 
684 2 
685 1 
686 2 
687 2 
688 2 
689 2 
690 2 
691 2 
692 2 
693 2 
694 2 
695 2 
696 2 
697 2 
698 3 
699 2 
700 3 
701 1 
702 3 
703 2 
704 3 
705 2 
706 2 
707 2 
708 2 
709 2 
710 2 
711 2 
712 2 
713 1 
714 3 
715 1 
716 3 
717 2 
718 3 
719 2 
720 3 
721 2 
722 3 
723 1 
724 3 
725 1 
726 3 
727 1 
728 3 
729 1 
730 2 
731 1 
732 2 
733 1 
734 2 
735 1 
736 2 
737 1 
738 1 
739 1 
740 2 
741 2 
742 2 
743 2 
744 2 
745 2 
746 2 
747 2 
748 2 
749 2 
750 3 
751 3 
752 3 
753 3 
754 3 
755 3 
756 3 
757 3 
758 3 
759 3 
760 3 
761 3 
762 3 
763 3 
764 2 
765 3 
766 2 
767 3 
768 2 
769 3 
770 3 
771 3 
772 3 
773 3 
774 3 
775 2 
776 3 
777 2 
778 3 
779 2 
780 2 
781 2 
782 3 
783 3 
784 3 
785 3 
786 2 
787 3 
788 2 
789 3 
790 3 
791 3 
792 2 
793 2 
794 2 
795 1 
796 2 
797 1 
798 2 
799 2 
800 2 
801 2 
802 2 
803 2 
804 2 
805 2 
806 2 
807 2 
808 2 
809 2 
810 2 
811 2 
812 2 
813 2 
814 2 
815 2 
816 2 
817 2 
818 2 
819 2 
820 1 
821 2 
822 1 
823 2 
824 1 
825 2 
826 1 
827 2 
828 1 
829 2 
830 2 
831 2 
832 2 
833 2 
834 2 
835 2 
836 1 
837 3 
838 1 
839 3 
840 1 
841 3 
842 2 
843 3 
844 2 
845 2 
846 2 
847 2 
848 2 
849 3 
850 2 
851 3 
852 2 
853 3 
854 2 
855 3 
856 2 
857 2 
858 2 
859 3 
860 2 
861 2 
862 2 
863 2 
864 2 
865 2 
866 2 
867 2 
868 2 
869 3 
870 2 
871 2 
872 1 
873 2 
874 1 
875 2 
876 1 
877 2 
878 1 
879 1 
880 1 
881 1 
882 2 
883 1 
884 2 
885 1 
886 2 
887 2 
888 2 
889 2 
890 2 
891 2 
892 2 
893 1 
894 2 
895 1 
896 2 
897 1 
898 2 
899 1 
900 2 
901 2 
902 1 
903 2 
904 2 
905 2 
906 2 
907 2 
908 2 
909 2 
910 2 
911 2 
912 2 
913 2 
914 2 
915 2 
916 2 
917 2 
918 2 
919 3 
920 2 
921 3 
922 2 
923 3 
924 2 
925 3 
926 2 
927 3 
928 2 
929 3 
930 2 
931 3 
932 2 
933 3 
934 2 
935 3 
936 2 
937 3 
938 1 
939 2 
940 2 
941 3 
942 2 
943 3 
944 2 
945 3 
946 2 
947 3 
948 2 
949 3 
950 2 
951 3 
952 2 
953 3 
954 2 
955 3 
956 2 
957 3 
958 2 
959 3 
960 2 
961 3 
962 2 
963 3 
964 2 
965 3 
966 2 
967 3 
968 2 
969 3 
970 2 
971 3 
972 2 
973 3 
974 2 
975 3 
976 2 
977 3 
978 2 
979 3 
980 2 
981 3 
982 2 
983 3 
984 2 
985 3 
986 2 
987 3 
988 2 
989 2 
990 2 
991 2 
992 2 
993 2 
994 2 
995 2 
996 2 
997 2 
998 2 
999 2 
1000 2 
1001 2 
1002 2 
1003 2 
1004 2 
1005 2 
1006 2 
1007 2 
1008 2 
1009 2 
1010 2 
1011 2 
1012 2 
1013 2 
1014 3 
1015 2 
1016 3 
1017 2 
1018 3 
1019 2 
1020 3 
1021 2 
1022 3 
1023 2 
1024 3 
1025 2 
1026 3 
1027 2 
1028 3 
1029 2 
1030 3 
1031 2 
1032 3 
1033 2 
1034 3 
1035 2 
1036 3 
1037 2 
1038 3 
1039 2 
1040 3 
1041 2 
1042 3 
1043 2 
1044 3 
1045 2 
1046 3 
1047 2 
1048 3 
1049 2 
1050 3 
1051 2 
1052 3 
1053 2 
1054 2 
1055 2 
1056 3 
1057 2 
1058 3 
1059 2 
1060 3 
1061 2 
1062 3 
1063 2 
1064 3 
1065 2 
1066 2 
1067 2 
1068 2 
1069 2 
1070 2 
1071 2 
1072 2 
1073 2 
1074 2 
1075 2 
1076 2 
1077 2 
1078 2 
1079 2 
1080 2 
1081 2 
1082 2 
1083 2 
1084 2 
1085 1 
1086 2 
1087 1 
1088 2 
1089 2 
1090 2 
1091 2 
1092 2 
1093 2 
1094 2 
1095 2 
1096 2 
1097 2 
1098 2 
1099 2 
1100 3 
1101 2 
1102 3 
1103 2 
1104 3 
1105 2 
1106 3 
1107 2 
1108 3 
1109 2 
1110 3 
1111 2 
1112 2 
1113 2 
1114 3 
1115 2 
1116 3 
1117 3 
1118 3 
1119 3 
1120 3 
1121 3 
1122 3 
1123 3 
1124 3 
1125 3 
1126 3 
1127 3 
1128 3 
1129 3 
1130 3 
1131 3 
1132 3 
1133 3 
1134 3 
1135 3 
1136 3 
1137 2 
1138 3 
1139 2 
1140 3 
1141 2 
1142 3 
1143 2 
1144 2 
1145 2 
1146 2 
1147 2 
1148 2 
1149 2 
1150 2 
1151 3 
1152 2 
1153 3 
1154 2 
1155 3 
1156 2 
1157 3 
1158 2 
1159 3 
1160 2 
1161 3 
1162 2 
1163 3 
1164 2 
1165 3 
1166 2 
1167 3 
1168 2 
1169 2 
1170 2 
1171 3 
1172 2 
1173 3 
1174 2 
1175 3 
1176 2 
1177 2 
1178 2 
1179 2 
1180 2 
1181 2 
1182 2 
1183 3 
1184 3 
1185 3 
1186 3 
1187 3 
1188 3 
1189 3 
1190 3 
1191 3 
1192 3 
1193 3 
1194 3 
1195 3 
1196 3 
1197 3 
1198 3 
1199 3 
1200 3 
1201 3 
1202 3 
1203 3 
1204 2 
1205 3 
1206 2 
1207 3 
1208 2 
1209 3 
1210 2 
1211 3 
1212 2 
1213 3 
1214 2 
1215 3 
1216 2 
1217 2 
1218 2 
1219 2 
1220 2 
1221 2 
1222 2 
1223 2 
1224 2 
1225 2 
1226 2 
1227 2 
1228 2 
1229 2 
1230 2 
1231 2 
1232 2 
1233 2 
1234 2 
1235 2 
1236 2 
1237 2 
1238 2 
1239 2 
1240 2 
1241 2 
1242 2 
1243 3 
1244 2 
1245 3 
1246 2 
1247 3 
1248 2 
1249 3 
1250 2 
1251 3 
1252 2 
1253 3 
1254 2 
1255 3 
1256 3 
1257 3 
1258 3 
1259 3 
1260 3 
1261 3 
1262 3 
1263 2 
1264 3 
1265 2 
1266 3 
1267 2 
1268 3 
1269 2 
1270 3 
1271 2 
1272 3 
1273 2 
1274 3 
1275 2 
1276 3 
1277 2 
1278 3 
1279 2 
1280 3 
1281 2 
1282 3 
1283 2 
1284 3 
1285 2 
1286 3 
1287 2 
1288 3 
1289 2 
1290 3 
1291 2 
1292 3 
1293 2 
1294 3 
1295 2 
1296 3 
1297 2 
1298 3 
1299 3 
1300 3 
1301 3 
1302 3 
1303 3 
1304 3 
1305 3 
1306 3 
1307 3 
1308 3 
1309 3 
1310 3 
1311 3 
1312 3 
1313 3 
1314 3 
1315 3 
1316 3 
1317 3 
1318 3 
1319 3 
1320 3 
1321 3 
1322 3 
1323 3 
1324 3 
1325 3 
1326 2 
1327 3 
1328 2 
1329 3 
1330 2 
1331 3 
1332 3 
1333 3 
1334 3 
1335 3 
1336 3 
1337 3 
1338 3 
1339 2 
1340 3 
1341 2 
1342 3 
1343 2 
1344 3 
1345 3 
1346 3 
1347 3 
1348 3 
1349 3 
1350 3 
1351 3 
1352 3 
1353 3 
1354 3 
1355 3 
1356 3 
1357 3 
1358 3 
1359 3 
1360 3 
1361 3 
1362 2 
1363 3 
1364 3 
1365 2 
1366 3 
1367 2 
1368 2 
1369 2 
1370 2 
1371 2 
1372 2 
1373 2 
1374 2 
1375 2 
1376 3 
1377 2 
1378 3 
1379 2 
1380 3 
1381 2 
1382 3 
1383 2 
1384 3 
1385 3 
1386 3 
1387 3 
1388 3 
1389 3 
1390 3 
1391 3 
1392 2 
1393 3 
1394 3 
1395 3 
1396 3 
1397 3 
1398 2 
1399 3 
1400 3 
1401 3 
1402 3 
1403 3 
1404 3 
1405 3 
1406 2 
1407 3 
1408 3 
1409 3 
1410 3 
1411 3 
1412 3 
1413 3 
1414 3 
1415 3 
1416 3 
1417 3 
1418 2 
1419 3 
1420 2 
1421 3 
1422 2 
1423 3 
1424 2 
1425 3 
1426 2 
1427 2 
1428 2 
1429 3 
1430 2 
1431 2 
1432 3 
1433 2 
1434 3 
1435 2 
1436 3 
1437 2 
1438 3 
1439 2 
1440 3 
1441 2 
1442 3 
1443 2 
1444 3 
1445 2 
1446 3 
1447 2 
1448 3 
1449 2 
1450 3 
1451 2 
1452 3 
1453 2 
1454 3 
1455 2 
1456 3 
1457 2 
1458 2 
1459 2 
1460 2 
1461 2 
1462 2 
1463 3 
1464 2 
1465 3 
1466 2 
1467 3 
1468 2 
1469 3 
1470 2 
1471 3 
1472 2 
1473 3 
1474 3 
1475 3 
1476 3 
1477 3 
1478 3 
1479 3 
1480 3 
1481 3 
1482 3 
1483 2 
1484 3 
1485 2 
1486 2 
1487 2 
1488 2 
1489 2 
1490 2 
1491 2 
1492 2 
1493 2 
1494 2 
1495 2 
1496 2 
1497 1 
1498 2 
1499 2 
1500 2 
1501 2 
1502 2 
1503 2 
1504 1 
1505 2 
1506 1 
1507 2 
1508 1 
1509 1 
1510 2 
1511 2 
1512 2 
1513 2 
1514 2 
1515 2 
1516 2 
1517 2 
1518 2 
1519 2 
1520 2 
1521 1 
1522 2 
1523 2 
1524 2 
1525 2 
1526 3 
1527 2 
1528 3 
1529 2 
1530 3 
1531 2 
1532 3 
1533 2 
1534 3 
1535 2 
1536 2 
1537 3 
1538 3 
1539 3 
1540 2 
1541 3 
1542 2 
1543 3 
1544 2 
1545 3 
1546 2 
1547 2 
1548 2 
1549 2 
1550 2 
1551 2 
1552 3 
1553 2 
1554 3 
1555 2 
1556 3 
1557 2 
1558 3 
1559 3 
1560 3 
1561 3 
1562 3 
1563 3 
1564 3 
1565 3 
1566 3 
1567 3 
1568 3 
1569 3 
1570 3 
1571 3 
1572 3 
1573 3 
1574 3 
1575 3 
1576 3 
1577 3 
1578 3 
1579 3 
1580 3 
1581 3 
1582 2 
1583 2 
1584 2 
1585 3 
1586 3 
1587 3 
1588 3 
1589 3 
1590 3 
1591 3 
1592 3 
1593 3 
1594 3 
1595 3 
1596 3 
1597 3 
1598 3 
1599 3 
1600 3 
1601 3 
1602 3 
1603 3 
1604 3 
1605 3 
1606 3 
1607 3 
1608 3 
1609 3 
1610 3 
1611 2 
1612 3 
1613 2 
1614 3 
1615 2 
1616 3 
1617 2 
1618 3 
1619 2 
1620 3 
1621 2 
1622 2 
1623 2 
1624 3 
1625 2 
1626 3 
1627 2 
1628 3 
1629 2 
1630 3 
1631 2 
1632 3 
1633 2 
1634 3 
1635 2 
1636 3 
1637 2 
1638 3 
1639 2 
1640 3 
1641 3 
1642 3 
1643 3 
1644 3 
1645 3 
1646 3 
1647 3 
1648 3 
1649 2 
1650 3 
1651 2 
1652 3 
1653 3 
1654 2 
1655 3 
1656 2 
1657 3 
1658 2 
1659 3 
1660 2 
1661 2 
1662 2 
1663 2 
1664 3 
1665 2 
1666 3 
1667 2 
1668 3 
1669 3 
1670 3 
1671 3 
1672 3 
1673 3 
1674 2 
1675 3 
1676 3 
1677 3 
1678 3 
1679 3 
1680 3 
1681 2 
1682 3 
1683 2 
1684 3 
1685 2 
1686 3 
1687 2 
1688 3 
1689 2 
1690 3 
1691 2 
1692 3 
1693 2 
1694 3 
1695 2 
1696 3 
1697 2 
1698 3 
1699 3 
1700 3 
1701 3 
1702 3 
1703 3 
1704 3 
1705 3 
1706 3 
1707 2 
1708 3 
1709 3 
1710 3 
1711 3 
1712 3 
1713 3 
1714 3 
1715 3 
1716 3 
1717 3 
1718 3 
1719 2 
1720 3 
1721 2 
1722 3 
1723 2 
1724 2 
1725 2 
1726 2 
1727 2 
1728 3 
1729 2 
1730 3 
1731 2 
