0 13.86982358095931 
1 10.14636412017998 
2 15.820457983018946 
3 19.84755306966488 
4 15.147414761338972 
5 12.725784381248275 
6 21.50704543123782 
7 19.95358772234459 
8 20.023507058323666 
9 25.379570744812813 
10 18.764277981084973 
11 12.710204700071213 
12 9.843773689410847 
13 7.640385088302533 
14 22.825647332847176 
15 19.117417284648376 
16 13.576787124674686 
17 21.518300003078217 
18 15.19097444812662 
19 12.858666094394286 
20 16.343778981412928 
21 15.041973891837612 
22 22.204067803788288 
23 19.94258245807559 
24 18.896836338406366 
25 27.423968406530538 
26 18.437878874465344 
27 20.386528562887932 
28 20.49641314333744 
29 22.028444780571835 
30 20.128536875647868 
31 15.82684557680407 
32 20.403089914968966 
33 14.682236971071719 
34 11.34463386860761 
35 13.66400833984884 
36 14.517583208727917 
37 12.694778387147544 
38 12.216039890022834 
39 15.203253564929934 
40 15.938106565537577 
41 30.51068596784753 
42 8.558668748023221 
43 25.8977994023068 
44 14.19795813361497 
45 11.867357794427216 
46 18.309341714684827 
47 15.295676749995442 
48 11.661080281580498 
49 8.259739543640126 
50 19.950455678380486 
51 20.959782521787798 
52 14.826782425491452 
53 9.04566717204285 
54 26.785260872341784 
55 21.386198386718473 
56 20.242096068183024 
57 16.546752826630687 
58 23.20988091548984 
59 24.34020427112349 
60 17.181602189123204 
61 18.799180676882806 
62 16.11848572537536 
63 49.373796350794585 
64 14.842575357590256 
65 16.900658409019478 
66 17.716771844455145 
67 23.639204193202954 
68 10.546720041841846 
69 10.582777613774276 
70 10.093331279839827 
71 10.031004414852655 
72 21.991254469762907 
73 25.202821742317724 
74 23.793014641230293 
75 24.923813768309714 
76 15.947135692912518 
77 17.410903234108616 
78 10.859995442964559 
79 8.201691451813177 
80 33.78362007861331 
81 17.879600658180795 
82 13.583294471216124 
83 13.523512892190528 
84 14.035658831718155 
85 15.795613400819475 
86 17.818076772757397 
87 19.936515783119358 
88 21.383472599631908 
89 20.328430113363737 
90 24.31367820622812 
91 11.728414877285603 
92 19.273522654167817 
93 17.338067817769197 
94 16.353146212419535 
95 12.998137502517935 
96 20.80126167320482 
97 19.46430179082729 
98 22.2616966280804 
99 17.3659207121416 
100 17.295599714647413 
101 24.61388230323232 
102 20.73257704950446 
103 27.24564776801954 
104 14.783615837131185 
105 12.932729397472226 
106 26.917104663624755 
107 18.8646244214863 
108 14.985437240078316 
109 6.884994131599898 
110 18.55960635600533 
111 25.319666292392576 
112 11.818036837819484 
113 14.092911047046886 
114 20.572818772194864 
115 37.56048285990615 
116 12.147262575009847 
117 13.406628672251824 
118 17.39992449793199 
119 13.406628672251824 
120 17.39992449793199 
121 21.0177590699539 
122 15.083138244887245 
123 17.69681320118645 
124 30.41135739093236 
125 19.222467666981366 
126 22.28487936539984 
127 39.18701708818776 
128 22.909303430684442 
129 31.835082845671 
130 14.950130634853307 
131 15.384658271863962 
132 17.859577856409864 
133 15.576978641699752 
134 13.436649858723579 
135 13.11277292849461 
136 11.503156693781506 
137 10.970634623784726 
138 21.47621095750128 
139 20.37909957534473 
140 26.66012394724297 
141 16.121893281878215 
142 46.40435465669462 
143 41.4932531360057 
144 35.85150994520946 
145 24.14905230188158 
146 34.51960001646023 
147 36.649080344270175 
148 18.93548226902327 
149 18.934371021767983 
150 14.492602190663764 
151 13.622868130190621 
152 14.182643244796862 
153 18.301192938363396 
154 25.77161149991705 
155 24.361834730232854 
156 23.902981672289595 
157 27.084839013806196 
158 19.20521626051998 
159 6.574741904436453 
160 18.573331443956356 
161 18.85470254524531 
162 20.711180461597717 
163 20.935824419364984 
164 25.11168321099709 
165 34.19845734879246 
166 20.72202679735979 
167 31.57529265630293 
168 13.22419278050503 
169 13.1362228423423 
170 22.89967241755842 
171 24.03392239107016 
172 19.376540101541604 
173 19.257770962084134 
174 13.42344804631618 
175 31.960498041666032 
176 14.43285800803832 
177 15.321602478164463 
178 22.07063776047148 
179 20.570195486066837 
180 18.080766975894058 
181 12.211167429930622 
182 12.598117928339505 
183 46.94818612252208 
184 17.658889010517097 
185 24.424539234240793 
186 25.23542329745438 
187 22.117540353412046 
188 8.563841321112607 
189 9.67524088311892 
190 13.24206212646926 
191 13.950276224718204 
192 11.834409281748002 
193 10.715363450331989 
194 17.364195256449 
195 16.711639526498022 
196 17.130515756971786 
197 13.228321821679755 
198 11.863732533800984 
199 10.558773921668337 
200 14.88577046201458 
201 26.799123373096755 
202 16.187036643961175 
203 59.57479688654054 
204 23.44365323346934 
205 31.756265237208318 
206 19.520466148826948 
207 18.422572824062687 
208 20.805698582299076 
209 22.219123801451502 
210 13.849123513737506 
211 14.808303911876854 
212 15.515553270274369 
213 24.14404789316141 
214 12.607054509385474 
215 11.634588339070687 
216 23.919885028628784 
217 16.131442109473554 
218 12.297415208519022 
219 16.220778417177154 
220 12.049031464825067 
221 39.58048108409063 
222 13.256208063766778 
223 12.70473773009387 
224 22.09202764200236 
225 17.32489043647794 
226 9.951749141089156 
227 7.676209684061032 
228 9.516374510489035 
229 32.4568704682458 
230 13.963094029329028 
231 41.18887175810902 
232 20.127377776071558 
233 20.731757227662087 
234 18.66175462950604 
235 25.730505677600622 
236 16.1597207506752 
237 16.735377556109725 
238 18.312459341340634 
239 16.03210775975751 
240 21.769028353739238 
241 20.841365671382217 
242 14.620871402128483 
243 18.334312491257517 
244 16.271560971257212 
245 18.098086764413992 
246 27.23043562942284 
247 19.93879035363355 
248 8.522202039165967 
249 14.531918358296348 
250 8.522202039165967 
251 11.749770988517211 
252 8.522202039165967 
253 17.309089708564777 
