0 2.051809843390939 
1 1.392711935614986 
2 2.792572533764115 
3 3.0305871899257992 
4 3.386273461316015 
5 2.2386054255534034 
6 2.00586024927785 
7 2.0820906362167557 
8 3.492689724955835 
9 6.414691831517166 
10 2.2959556382558883 
11 4.7561116897382165 
12 1.5000139247285325 
13 1.9966623363939766 
14 4.209064297382093 
15 3.1779452073728875 
16 3.089386953063862 
17 5.1011912921755 
18 2.9781921333081147 
19 1.2594157288656262 
20 2.761678299915584 
21 1.927590980390877 
22 5.983454196807694 
23 2.445206941391015 
24 3.0844339687057865 
25 2.0055393980259124 
26 2.0991263654767764 
27 6.263251595828985 
28 3.867531531851667 
29 3.2851919486077366 
30 2.2388462404894955 
31 1.9182021612742284 
32 2.9794262715549498 
33 2.641560109234475 
34 3.4184895337313748 
35 2.8078644090320077 
36 3.4381500820070214 
37 4.404196901688726 
38 3.3356128622720584 
39 3.6503936000717148 
40 1.990881761208847 
41 2.5434406724878285 
42 2.8412936310772032 
43 3.51107963060087 
44 1.3500046850681362 
45 3.372462525068704 
46 1.4661884663578304 
47 2.609172621037983 
48 3.574492521853794 
49 3.8312985862369624 
50 1.8264027261536075 
51 2.9026414207599385 
52 2.916560025679073 
53 2.1870589607092654 
54 1.474569240706137 
55 1.361234341892361 
56 1.8961719102337855 
57 2.490517986158318 
58 4.045235439423151 
59 3.540931550867421 
60 2.6982255652055804 
61 2.3588035753507857 
62 2.7872705056305644 
63 4.372539454023227 
64 3.0999546638685826 
65 1.7893355362854624 
66 2.622393240639295 
67 2.3853036543933595 
68 1.8148720030117351 
69 2.622007764353869 
70 3.0460244512177272 
71 2.347178003746345 
72 1.5155377460820432 
73 2.433855296834813 
74 4.363946018435698 
75 1.9192464928553161 
76 1.917533152213194 
77 2.226536107487869 
78 2.9409432588684346 
79 1.942730442152338 
80 2.4262273896348168 
81 2.9216862457145263 
82 2.1273160226630785 
83 2.425790180842844 
84 2.0762334164344036 
85 2.4134143759697557 
86 3.14982055204358 
87 2.465479750155434 
88 2.108669053160982 
89 2.571141957187894 
90 2.4089870920664165 
91 1.7791624925495297 
92 2.8015570522304 
93 2.058221201990297 
94 3.273222216711236 
95 2.4969885861734795 
96 2.238017023991138 
97 2.0728651251482093 
98 2.7977752062098022 
99 2.2325603164239713 
100 1.9470583515269873 
101 2.568626839298102 
102 2.1199556847086827 
103 2.0226693708853034 
104 3.596637025369373 
105 1.654021656840406 
106 2.425961377089153 
107 4.175384253637195 
108 2.987300465201932 
109 1.6626903744501906 
110 2.627606557456164 
111 1.5909177542783584 
112 2.793770574339017 
113 5.729885895276723 
114 3.403403279909688 
115 4.455966766354481 
116 6.369593948762693 
117 2.0633431683957673 
118 2.9257247731100184 
119 3.03303105473441 
120 2.2725782260205323 
121 2.3040937130123016 
122 3.3516339864901643 
123 2.5759241483743387 
124 4.000917517254329 
125 2.4072123800070724 
126 4.448926290339548 
127 3.1065996790352575 
128 4.417078207333834 
129 2.465954328265176 
130 1.794458182295259 
131 1.953336462437815 
132 2.586386930299897 
133 2.49324495701276 
134 3.585911430013645 
135 2.335199531994258 
136 1.3827959363770552 
137 4.589238590162423 
138 3.138334009060978 
139 2.6284888795876 
140 2.3092618059969183 
141 2.525471099631523 
142 4.309421820612182 
143 4.564813360763964 
144 3.1072096081316443 
145 4.099448983949037 
146 2.913709795459786 
147 7.107892462106545 
148 3.5799254758013896 
149 3.9750736609927784 
150 3.275349757730982 
151 3.439973820482936 
152 2.524222154282128 
153 5.899834328623691 
154 2.0545522378112815 
155 2.111549050737394 
156 2.615167374530529 
157 6.382800990317604 
158 2.3346467644511044 
159 3.938870056868837 
160 2.7941184236158594 
161 5.671554579312725 
162 2.8193060035953663 
163 1.2860409825920303 
164 4.267527847678838 
165 3.5205896160099615 
166 2.069786270770562 
167 4.452496108723275 
168 3.186837911392544 
169 3.8894046655081147 
170 3.2293500367811117 
171 2.4298392362797596 
172 3.124600386018769 
173 1.48587070962005 
174 2.061042248286581 
175 1.4792589369538083 
176 4.337538865549714 
177 2.81415848044285 
178 2.352116121675583 
179 3.0745801973620956 
180 1.9890197311715878 
181 1.9704092363868864 
182 2.293334647093451 
183 1.9253191082665688 
184 2.9689489936140046 
185 1.1065927865321634 
186 2.8742718146451907 
187 1.7626068150538285 
188 2.3188730565371802 
189 1.881491633651781 
190 2.316182802500476 
191 2.533867290168973 
192 4.851302369798468 
193 2.518055054085724 
194 3.2020029300583293 
195 3.5622279932899876 
196 3.3116610365285784 
197 2.5115682253121356 
198 3.0717689636087755 
199 2.3395452782578703 
200 1.8677785114719991 
201 2.5246784253253005 
202 2.715301304505876 
203 3.0276645158592514 
204 2.50444445294032 
205 2.6075866461813595 
206 3.2053057454624287 
207 3.401399961590702 
208 3.2731953855076465 
209 3.0554971953086705 
210 2.6210153172853747 
211 1.8688948116433095 
212 1.374001118155079 
213 1.9827548182748536 
214 2.5768452061525684 
215 4.424435025916989 
216 2.4888181631508313 
217 3.6559535584090876 
218 3.403403279909688 
219 3.6178657072243725 
220 1.64503827871093 
221 1.9417132460165096 
222 2.4988387257539832 
223 3.6293850385013866 
224 2.097343920143544 
225 2.352167956570448 
226 3.1803393429071205 
227 3.152045846432001 
228 3.5391842711372465 
229 4.6058187968573066 
230 2.256052126518231 
231 2.5865940347344667 
232 2.6528794253387993 
233 3.65685000324514 
234 2.9408314814712675 
235 3.538032806445814 
236 3.0425012306186456 
237 1.6902307632888158 
238 1.2168426387430546 
239 3.104818020024261 
240 2.645059526892066 
241 2.316277544398462 
242 4.817191340130246 
243 3.120603671019011 
244 3.4461261652708783 
245 4.1227462286922885 
246 4.4908417726340595 
247 2.124009447110857 
248 3.406135466287941 
249 2.7189506212435135 
250 1.6809870937011306 
251 2.7196173429916186 
252 2.206877204851201 
253 2.906067406612846 
254 2.486304209524207 
255 4.907030811288168 
256 3.385790863961817 
257 3.2312374994959363 
258 2.5882772194647927 
259 2.507561768008434 
260 2.0059277216895457 
261 3.1663944578815713 
262 2.7912186342278726 
263 3.966543513218183 
264 2.1370811937772376 
265 3.040407507036131 
266 3.2872139635087194 
267 4.82995423646547 
268 2.8786815970511084 
269 2.8064010927292125 
270 4.245682224790478 
271 3.4418182382144007 
272 3.1701072102745496 
273 1.7375919630746532 
274 1.6489018428208555 
275 3.1684607878803916 
276 2.0348339325038314 
277 3.123722803597815 
278 3.042353287572574 
279 2.5797113256593933 
280 2.6607531074554256 
281 2.68215497039786 
282 3.026946077394485 
283 2.1330752103235975 
284 1.9656498369346191 
285 3.1153363443481776 
286 2.2755475718183735 
287 2.248080456626689 
288 2.205323926989148 
289 2.0160698376044506 
290 2.9814536023704146 
291 2.8685640834711124 
292 2.5043754994016165 
293 2.131275691769522 
294 1.9737741316802768 
295 2.406414283577796 
296 3.0417094016633053 
297 2.3459127856942215 
298 4.098830563667279 
299 2.444458644350842 
300 2.4154952361781863 
301 2.007229127110449 
302 5.626140912551375 
303 3.0324051928545486 
304 4.6729868433893245 
305 3.0946961476034893 
306 1.836977805043456 
307 1.948020460207362 
308 1.9602433167305926 
309 2.3983937977341876 
310 2.5280038795619197 
311 5.5976448102299505 
312 5.663212973460128 
313 3.854569986624193 
314 2.1863135514045737 
315 2.5603656579746814 
316 2.852046505680368 
317 2.983997209003845 
318 3.1795935631885275 
319 3.7936297123290004 
320 2.0951528135254387 
321 2.5810705698985474 
322 3.0300985040559847 
323 1.9840767300753581 
324 5.043173371516977 
325 1.6706856186020518 
326 2.348121393465132 
327 4.490146729699199 
328 7.178245011296898 
329 3.3696255154331176 
330 3.144208486974674 
331 2.4062019745138516 
332 2.258485594264954 
333 1.4002324202891043 
334 4.24910358848003 
335 4.143209550984287 
336 2.5508959826388304 
337 2.391131644994412 
338 4.120343388132975 
339 3.727168624486206 
340 2.7000610894794295 
341 3.535544926722778 
342 1.830824200757193 
343 1.0805864816940831 
