0 0 
1 4 
2 3 
3 0 
4 2 
5 0 
6 2 
7 3 
8 3 
9 2 
10 2 
11 2 
12 3 
13 2 
14 3 
15 3 
16 2 
17 0 
18 1 
19 0 
20 3 
21 0 
22 1 
23 4 
24 3 
25 4 
26 3 
27 2 
28 1 
29 1 
30 1 
31 3 
32 1 
33 3 
34 1 
35 0 
36 2 
37 0 
38 3 
39 3 
40 3 
41 3 
42 2 
43 2 
44 3 
45 0 
46 3 
47 3 
48 3 
49 0 
50 3 
51 3 
52 1 
53 2 
54 3 
55 5 
56 3 
57 5 
58 2 
59 5 
60 2 
61 5 
62 2 
63 0 
64 3 
65 5 
66 1 
67 5 
68 3 
69 5 
70 1 
71 5 
72 1 
73 5 
74 1 
75 5 
76 1 
77 2 
78 1 
79 4 
80 1 
81 4 
82 1 
83 4 
84 1 
85 4 
86 2 
87 2 
88 2 
89 2 
90 2 
91 2 
92 3 
93 2 
94 3 
95 2 
96 3 
97 2 
98 2 
99 2 
100 3 
101 4 
102 2 
103 4 
104 2 
105 4 
106 2 
107 4 
108 2 
109 4 
110 2 
111 4 
112 3 
113 2 
114 2 
115 2 
116 3 
117 2 
118 3 
119 4 
120 2 
121 2 
122 2 
123 2 
124 2 
125 2 
126 3 
127 2 
128 2 
129 2 
130 2 
131 0 
132 3 
133 0 
134 2 
135 3 
136 1 
137 2 
138 2 
139 3 
140 3 
141 3 
142 1 
143 2 
144 3 
145 3 
146 3 
147 2 
148 2 
149 3 
150 2 
151 3 
152 3 
153 3 
154 2 
155 3 
156 2 
157 0 
158 3 
159 0 
160 2 
161 0 
162 2 
163 0 
164 2 
165 3 
166 2 
167 3 
168 4 
169 1 
170 4 
171 3 
172 4 
173 0 
174 4 
175 0 
176 0 
177 0 
178 0 
179 2 
180 0 
181 0 
182 0 
183 0 
184 0 
185 0 
186 0 
187 0 
188 0 
189 4 
190 0 
191 4 
192 0 
193 4 
194 2 
195 2 
196 2 
197 2 
198 2 
199 2 
200 2 
201 2 
202 4 
203 2 
204 2 
205 2 
206 2 
207 2 
208 2 
209 2 
210 2 
211 2 
212 1 
213 4 
214 4 
215 4 
216 2 
217 4 
218 2 
219 0 
220 2 
221 0 
222 4 
223 4 
224 2 
225 4 
226 2 
227 4 
228 2 
229 2 
230 2 
231 1 
232 2 
233 1 
234 2 
235 2 
236 1 
237 4 
238 1 
239 4 
240 4 
241 4 
242 2 
243 4 
244 2 
245 2 
246 4 
247 4 
248 2 
249 4 
250 4 
251 4 
252 4 
253 2 
254 4 
255 2 
256 4 
257 4 
258 4 
259 4 
260 4 
261 4 
262 2 
263 4 
264 2 
265 4 
266 2 
267 4 
268 2 
269 1 
270 2 
271 1 
272 1 
273 4 
274 4 
275 4 
276 4 
277 1 
278 2 
279 1 
280 4 
281 1 
282 4 
283 1 
284 4 
285 4 
286 4 
287 4 
288 4 
289 4 
290 4 
291 4 
292 4 
293 2 
294 2 
295 1 
296 2 
297 0 
298 2 
299 0 
300 4 
301 0 
302 4 
303 0 
304 4 
305 0 
306 4 
307 4 
308 4 
309 4 
310 4 
311 4 
312 4 
313 4 
314 4 
315 2 
316 2 
317 5 
318 2 
319 5 
320 4 
321 5 
322 4 
323 2 
324 2 
325 2 
326 2 
327 2 
328 2 
329 2 
330 4 
331 2 
332 2 
333 3 
334 4 
335 0 
336 4 
337 3 
338 2 
339 2 
340 2 
341 2 
342 2 
343 0 
