0 14.16807920578032 
1 14.056732264464582 
2 11.973360205307976 
3 12.561218775175272 
4 11.062328564797232 
5 10.590339603585406 
6 19.47315786785769 
7 40.49728685912909 
8 29.456243723269026 
9 34.65622262984813 
10 25.773353488429255 
11 16.373255051372535 
12 12.578735859694582 
13 11.808554246717268 
14 44.39497443822306 
15 27.2754135885964 
16 16.488469914851127 
17 16.387264650379567 
18 13.936694644364255 
19 16.89425942932637 
20 14.192001082763754 
21 14.193874132405643 
22 21.260772814136324 
23 15.001570150684392 
24 4.89531279178338 
25 10.72448708245546 
26 24.718469145406434 
27 16.66264366217886 
28 16.998261391130256 
29 19.83966699777683 
30 9.409585685185352 
31 6.9833254802977605 
32 15.224223417615843 
33 22.66456284448287 
34 10.567978875652576 
35 15.610023335181788 
36 29.74536015942471 
37 28.018811457887985 
38 19.863814390513042 
39 17.993427769817504 
40 14.088650624101469 
41 9.346784239531313 
42 9.346784239531313 
43 16.78413106199754 
44 14.847146361580041 
45 26.208011797124453 
46 13.04998397650302 
47 19.282117293343692 
48 16.975146204747354 
49 14.296927780864502 
50 18.306065354114203 
51 12.93803518989216 
52 27.91420033675636 
53 18.868952610600758 
54 24.47285075793822 
55 17.113042342937813 
56 23.6918140943085 
57 17.894704507056677 
58 9.169601280240657 
59 21.36985408005217 
60 22.586086385249565 
61 11.920750094500766 
62 15.537106321817792 
63 28.070566189265158 
64 12.0469550181955 
65 15.70941560265625 
66 9.270204442479832 
67 11.489355174491864 
68 31.562936931377788 
69 11.442245944080554 
70 43.51298862976181 
71 35.745792034908 
72 26.618502135545246 
73 21.364738002944186 
74 13.03072592721466 
75 25.41648133896487 
76 6.938100878034579 
77 12.750737203066764 
78 36.007245568098895 
79 8.80627186186451 
80 23.833168547498097 
81 12.346682915772524 
82 9.908327447196033 
83 18.40486899438767 
84 35.3713895377765 
85 12.169184079659729 
86 11.037816386574525 
87 19.523010254190346 
88 11.38135915164277 
89 11.837148001603007 
90 19.55222405579019 
91 13.963884301922974 
92 21.23622960198879 
93 10.674050246345535 
94 24.845270322301666 
95 15.217705536608374 
96 14.408216966386698 
97 16.28261527830617 
98 22.801574357970733 
99 21.479730421779298 
100 11.748816519980505 
101 32.604214764891985 
102 20.345982760042492 
103 15.599166914608748 
104 19.022649553267723 
105 13.647202753971198 
106 20.61376805539856 
107 22.796741074097625 
108 7.6145300991777845 
109 26.9160682543044 
110 11.81680490443563 
111 7.447153720909999 
112 30.861120308441677 
113 31.02525334714106 
114 38.96241523455643 
115 30.556697726262723 
116 12.086983084060979 
117 22.760865436272567 
118 9.85378734840974 
119 20.649287862899453 
120 12.965671591039063 
121 18.28794670108307 
122 17.307875461654323 
123 16.759785822744345 
124 18.886710465289067 
125 16.7608574031745 
126 16.763804956035173 
127 18.632076477486763 
128 20.099214107724745 
129 16.164703071225137 
130 23.672692587722022 
131 18.631828176709682 
132 20.921726291426406 
133 16.409126474914714 
134 22.57465944014166 
135 17.092817787630814 
136 19.51601555956746 
137 22.86459406566689 
138 13.536781293872743 
139 25.847208099930363 
140 13.202173132975341 
141 23.797604525415746 
142 18.680621929656567 
143 13.380923516688254 
144 12.023471877033508 
145 11.102445325611066 
146 23.681112942930056 
147 10.23300478188738 
148 9.87834082280568 
149 32.79362001563722 
150 10.203505528322772 
151 10.552398395869918 
152 16.817847920576114 
153 8.87478655717517 
154 31.277434750186426 
155 23.242163126658944 
156 16.239871143600546 
157 23.858384527872584 
158 9.703691022075802 
159 16.115946483873696 
160 20.45313528617197 
161 14.952315765457449 
162 16.853122463575946 
163 21.191487641721064 
164 31.746170148349986 
165 17.166483172417745 
166 20.30756418884569 
167 14.130466568068268 
168 17.225845931438382 
169 14.925074015030745 
170 17.848709743310412 
171 26.433633951585968 
172 8.6031005017086 
173 17.346026914583007 
174 16.375108827628747 
175 16.811174572636727 
176 17.94984336751288 
177 29.574841348187842 
178 14.985704945210031 
179 20.710055548697692 
180 20.264198163116422 
181 15.254954591248495 
182 7.978284812113027 
183 20.487102462279402 
184 19.81464211983352 
185 9.594656296465743 
186 13.138486019834732 
187 18.4109281174281 
188 13.392715963445708 
189 10.213394307309816 
190 20.116855398399018 
191 24.456868301671157 
192 20.61488253219306 
193 18.503193929768837 
194 25.640532824716807 
195 9.992576392164711 
196 11.456748038098985 
197 18.08536674758642 
198 8.74642421462011 
199 10.768707797376056 
200 17.779480897133194 
201 14.018255164553832 
202 14.947360168207979 
203 20.96156325745271 
204 25.233297838419936 
205 15.8558035444263 
206 17.007083743882312 
207 21.156000322814947 
208 12.828147699572732 
209 19.65161900924412 
210 11.804001362117925 
211 17.860034150475 
212 23.508037215558794 
213 11.909952068331023 
214 9.535109575338728 
215 16.336203841105515 
216 18.86861307301273 
217 6.850505175888753 
218 19.097657815175026 
219 25.460452354647988 
220 25.927095374382624 
221 13.314194111578447 
222 17.807183493249553 
223 22.096683103637208 
224 15.827801174357349 
225 12.010423169216143 
226 12.954378812446915 
227 18.003622784049448 
228 17.070625918283454 
229 11.10576721944348 
230 15.154474834700293 
231 17.36333265717562 
232 13.880472444592998 
233 14.610430687344119 
234 25.069357113825998 
235 28.301646423751688 
236 12.931493334319928 
237 15.21489021333401 
238 28.407263171440377 
239 14.421940115807281 
240 22.377020668167606 
241 20.695749142673872 
242 11.211299229646578 
243 19.962989757453453 
244 35.07500355407632 
245 10.834719219254128 
246 18.331588010594313 
247 28.245993050130647 
248 18.77738281774634 
249 12.436595454478066 
250 18.96253430324293 
251 13.493102738315832 
252 5.262495953667295 
253 22.929592556349462 
254 10.62179868667965 
255 13.180143858667815 
256 8.439939713336512 
257 11.099213531908587 
258 15.098830051477735 
259 8.248207020103793 
260 10.514780794994184 
261 16.05702625826433 
262 18.234835837506957 
263 10.159709522160078 
264 13.772135938269578 
265 16.80141003044384 
266 20.060185760883083 
267 18.142551884629693 
268 24.098132156666725 
269 36.295151478439955 
270 16.445284380072614 
271 30.247966307044365 
272 18.2256444127718 
273 26.855748852278474 
274 25.053633827719473 
275 17.1224735567993 
276 23.19909732516206 
277 19.571109275772127 
278 20.981591163758605 
279 12.448148346006137 
280 8.69464200944857 
281 12.931772424701164 
282 8.011674727424149 
283 12.123562346262462 
284 11.303543083212734 
285 17.09978637008529 
286 10.085128279112265 
287 32.630848465045354 
288 6.18845230559945 
289 6.123330768747874 
290 6.1495820669250065 
291 10.143468650392505 
292 9.274714194104769 
293 11.705927335852595 
294 36.69332586805707 
295 18.341768885973543 
296 8.944642773363359 
297 12.813960522175343 
298 13.33680137110442 
299 18.258093442972623 
300 14.03420296256144 
301 19.282117293343692 
302 21.716054943746343 
303 8.70115343125052 
