0 3.3762562489408583 
1 4.193449034241863 
2 3.4367105390839767 
3 3.801517671622376 
4 4.014971799678557 
5 3.4589879406813933 
6 3.275176128330325 
7 3.45833351019627 
8 3.899345564287015 
9 3.73811354533104 
10 3.507015380358336 
11 4.688691930537638 
12 3.8535014651738533 
13 4.980291336267556 
14 3.3991042581552238 
15 4.943473439394543 
16 3.4610011600499972 
17 4.85 
18 2.7063847086483226 
19 4.428410739249737 
20 3.789171016792354 
21 4.153265317447222 
22 3.2368556789704988 
23 4.85 
24 3.587289467717857 
25 4.864779582197335 
26 3.9301569505902765 
27 4.678725141740516 
28 3.2697333226165117 
29 3.1193772089241922 
30 3.349328265651454 
31 4.956855801459877 
32 3.313073933637923 
33 4.254292989572546 
34 3.738022783973787 
35 4.85 
36 3.1612774448842167 
37 3.930512087365816 
38 3.498177870833635 
39 3.7481445542106853 
40 3.4305586295117756 
41 4.176822354579967 
42 3.950233846790632 
43 4.7447613551354335 
44 3.6593743809516783 
45 4.20260421908951 
46 4.954194939765715 
47 4.978729281263086 
48 4.85 
49 3.8003650232476236 
50 4.485206568403245 
51 4.784662710472578 
52 3.6690493019570907 
53 4.125460493806645 
54 3.71795097827052 
55 4.85 
56 3.3179349096261537 
57 4.609598291797775 
58 4.85 
59 3.903875926546232 
60 4.85 
61 3.725674670446451 
62 3.2496375335693064 
63 4.770338450267362 
64 3.073558613981462 
65 4.4538976251105336 
66 4.368879766315775 
67 4.85 
68 4.85 
69 4.455371973956485 
70 4.5690974506970905 
71 4.85 
72 4.177949861084238 
73 4.159472033081234 
74 3.490350760401857 
75 4.709525975666724 
76 3.513292447670631 
77 4.043237462684473 
78 3.956524357350837 
79 4.85 
80 3.52832742576402 
81 4.930222290183591 
82 3.272744613107721 
83 4.095057451114989 
84 3.404670795966092 
85 4.379149270509748 
86 3.6060661212484897 
87 4.578183905243502 
88 3.726880801237577 
89 4.85 
90 3.2482527807564647 
91 4.822382575708777 
92 2.9394927273638762 
93 4.85 
94 3.086180466470939 
95 4.85 
96 4.000460766210316 
97 4.9285481449035595 
98 4.025033239234798 
99 4.651794992912624 
100 3.8237320804527672 
101 4.471172256272638 
102 4.9215450285357285 
103 4.85 
104 4.514679171188574 
105 4.217304724875745 
106 3.5693554217985826 
107 4.143078400048223 
108 3.3164795516920202 
109 4.85 
110 3.8212536533725086 
111 3.643068285729212 
112 3.6712636136523304 
113 3.6308818818002497 
114 2.6217545314871185 
115 3.7698691828186455 
116 3.7400987741714147 
117 3.986329666395502 
118 4.205759774875745 
119 4.47803168474074 
120 3.5111660563790785 
121 4.85 
122 2.926169970927429 
123 3.3354445612566557 
124 3.43728975723424 
125 3.6480092588506516 
126 3.4098897100092986 
127 3.5429861022575584 
128 4.85 
129 3.7496467224752674 
130 4.85 
131 3.8584322667974917 
132 4.630274917319035 
133 4.367688437028984 
134 3.9477514389839135 
135 4.885592914330562 
136 3.3476789879976447 
137 3.8586022218693987 
138 3.3856433832989654 
139 3.476338444407574 
140 3.064750959737377 
141 3.575080216251806 
142 3.4768846632978727 
143 3.4023004899408287 
144 3.255939005554504 
145 3.0899896721364755 
146 3.3088094324502313 
147 3.4914835986999964 
148 2.800376073276904 
149 3.3703179029961756 
150 3.3608613513979178 
151 3.135139258596311 
152 3.1267926768447802 
153 3.0265124043852554 
154 3.317502385899663 
155 2.849578307291603 
156 3.9608004472425384 
157 3.452006285449799 
158 2.7950889893352517 
159 4.307784723456681 
160 4.083071796141221 
161 4.600846947565597 
162 3.643536696327248 
163 4.85 
164 4.1006151860975635 
165 4.307415008477495 
166 4.111206294876953 
167 4.408696063300638 
168 4.85 
169 3.532049061757547 
170 2.9988847986767886 
171 2.854233449434498 
172 3.3366324150700626 
173 4.85 
174 3.5416813507173766 
175 4.564783555534157 
176 4.072115406220128 
177 4.85 
178 4.193559058368603 
179 4.127968130011897 
180 4.07941052203439 
181 4.000877570736853 
182 3.946642832624153 
183 4.288585709336613 
184 4.85 
185 3.813988329638461 
186 3.8886149548837574 
187 3.434856893245929 
188 4.005361842670226 
189 3.975528034176591 
190 4.366452152580916 
191 4.11051010742099 
192 4.138634916148609 
193 2.820291420085228 
194 4.26147815888689 
195 3.7909341751616443 
196 4.26279739067025 
197 3.6279375999508656 
198 3.582565052600271 
199 4.066446251001414 
200 4.162481288655073 
201 3.5346947926537955 
202 4.169978048246085 
203 4.274614177371127 
204 3.1874815451475955 
205 3.955650746180309 
206 2.847523224008367 
207 3.1329479283090285 
208 3.797903002054355 
209 4.093655420672837 
210 4.066951317915682 
211 3.3204969347802002 
212 3.5645577265493578 
213 3.4645717635826894 
214 3.832148415415865 
215 3.5776933264419544 
216 3.6786063042981816 
217 3.120037525269946 
218 4.167487301027032 
219 3.878743847283329 
220 3.841385262664114 
221 3.9208648136240045 
222 3.7752913515634567 
223 4.134954319943376 
224 2.7823492686017626 
225 3.687344128886866 
226 4.356753260367373 
227 4.226051319617556 
228 3.9262504013754738 
229 4.0847058041309605 
230 3.8893080466170855 
231 4.196393866711486 
232 3.398247326107237 
233 4.02402029972303 
234 3.465965726111318 
235 3.9413608062310104 
236 3.581655745670559 
237 3.574353427725473 
238 4.436314685032322 
239 4.004843989706022 
240 3.810086895866526 
241 3.955599023232526 
242 4.325902252035914 
243 3.642175804192923 
244 3.852794677592085 
245 4.923073787970547 
246 3.8293556338556205 
247 4.127985785579095 
248 3.4893889200251387 
249 3.912801598905412 
250 4.120855338382862 
251 4.057181666504198 
252 4.413211942301797 
253 4.045128017030304 
254 4.296569194651234 
255 3.9661397076251257 
256 3.606560420903558 
257 3.3849316501619944 
258 3.6577222764815325 
259 3.9409302874337473 
260 4.132941840407152 
261 4.563053646732136 
262 3.843966975577108 
263 4.157505721749919 
264 4.172493173709216 
265 3.548043916563222 
266 3.771349970394601 
267 4.04244136210104 
268 3.475485618794443 
269 3.4214889020541497 
270 4.037363318379242 
271 4.472298655683738 
272 3.506606984521035 
273 3.7164665932500585 
274 3.4443322611589804 
275 3.7574023539229757 
276 3.50986200071093 
277 4.720025130429227 
278 3.001879130078456 
279 4.306501200710318 
280 3.1288104144668636 
281 3.648163912980209 
282 4.207172586327079 
283 4.965974239188036 
284 3.951994116545491 
285 4.484860114351804 
286 3.0889769478069002 
287 3.3779766857619915 
288 3.908140140543124 
289 4.85 
290 4.406310959843199 
291 4.748318708848011 
292 4.162916162022714 
293 3.1932781556826106 
294 3.858296445164491 
295 3.794054275086207 
296 4.335823951886187 
297 4.85 
298 3.599097853323063 
299 4.85 
300 3.6633632752623777 
301 4.431845498251088 
302 4.3266410165517595 
303 3.168076391082449 
