0 2.988649515290616 
1 2.935333844419683 
2 3.0075532953840707 
3 2.9524924366443557 
4 3.0690746085316025 
5 2.719553352640249 
6 2.8693815293013674 
7 2.9480473946065366 
8 3.456246061189791 
9 2.882307902970121 
10 2.8817037155951777 
11 2.9020704459157702 
12 3.1344438264590333 
13 2.7172825077541436 
14 2.6679389306721237 
15 2.7812073914413977 
16 2.6760171785114886 
17 2.7828211755784125 
18 2.948258465775751 
19 3.0513453495397425 
20 2.7436906753707735 
21 3.000503331515218 
22 3.0268849623755605 
23 3.1155886521679252 
24 2.8824365675035124 
25 2.773176815699006 
26 3.018638541725753 
27 2.953507464788666 
28 2.8753175634870116 
29 2.819834668681584 
30 3.083357312261952 
31 3.2005125400363257 
32 2.9996177887330577 
33 2.8370393984867994 
34 2.9634216974896432 
35 2.6487335792946505 
36 2.817289525825305 
37 2.8729889905280728 
38 2.7395133232644464 
39 2.9805417368153146 
40 2.874719893443892 
41 3.063024737368803 
42 2.9284923241137992 
43 3.1038985257823373 
44 3.1438882575335017 
45 3.107296240398091 
46 3.098258229084103 
47 2.9697680796849024 
48 3.0955465230201944 
49 3.2915685931313536 
50 2.9672132024817137 
51 3.0057822828120138 
52 3.1825575589598363 
53 2.61258498269323 
54 2.6964897666520207 
55 2.6365817722347042 
56 2.7205796747633064 
57 2.7240332767709203 
58 3.0762132495543906 
59 3.126805829624505 
60 3.128526733579161 
61 2.73753296393785 
62 2.73872448095186 
63 3.043279952005542 
64 2.7788689746219726 
65 2.7207562739898616 
66 2.6904390074963436 
67 2.8289692779704776 
68 3.1414016513460736 
69 2.642808365831343 
70 2.8121334099417785 
71 3.033371299955469 
72 3.2270166894313386 
73 3.0010654030931097 
74 3.1381428306162826 
75 2.9795611471422263 
76 2.6844963409325753 
77 3.071487370311271 
78 2.8879976916798413 
79 2.781939986192112 
80 2.657567430687289 
81 3.127245752963685 
82 0.8532184910933984 
83 1.0629494224003952 
84 3.006721054945424 
85 2.736396366240511 
86 2.923271161541406 
87 2.6522441942530484 
88 2.72454304874646 
89 2.7383799938792803 
90 2.7978702389462673 
91 2.5737558229159383 
92 2.8392776542620006 
93 2.82552724214273 
94 2.5760327053643204 
95 2.7536577320546614 
96 2.7814402548545907 
97 3.0451222542301863 
98 2.9405745284536784 
99 2.8374680034737754 
100 2.614774595355633 
101 2.9837784710630846 
102 3.3143423754190056 
103 2.6218216173610442 
104 3.174305834684263 
105 2.8179279280442326 
106 2.8823571800228285 
107 3.0828833637642052 
108 3.2725117015133245 
109 2.584951867083018 
110 2.7169734722087933 
111 3.312956647776718 
112 3.0614099842752456 
113 2.790867060514346 
114 2.877050216234177 
115 2.9844960236860447 
116 2.9973508474244843 
117 3.227707228903273 
118 2.771670757352613 
119 2.8058882576175592 
120 2.9424587029331764 
121 2.670342872829787 
122 3.041179049688651 
123 2.5876078812429473 
124 3.0309833412642724 
125 2.646999988578428 
126 2.953449394721562 
127 3.045365051673496 
128 2.6288587790488878 
129 3.125319306664397 
130 3.0679861716427985 
131 2.969246786143894 
132 2.528091342340984 
133 2.7817352971520455 
