0 2.7182204185849805 
1 3.04409994935527 
2 4.076705042396266 
3 3.5241808817812306 
4 3.8526632074816027 
5 3.9078910756833647 
6 3.8735779250770954 
7 3.579297797670864 
8 3.45944848396803 
9 4.212151301640757 
10 3.6357695286328755 
11 4.03226725429353 
12 4.341022364882462 
13 4.893677349042278 
14 4.85 
15 4.85 
16 4.85 
17 4.85 
18 4.332652618005747 
19 4.691563978452553 
20 4.022889497753164 
21 4.726947623690948 
22 3.324376079270947 
23 4.85 
24 3.384569810780424 
25 4.85 
26 3.607118249229352 
27 4.9974591773525265 
28 4.065995986096835 
29 4.832048451309812 
30 3.3853537483420113 
31 4.85 
32 3.4404749095092617 
33 4.949214671465945 
34 2.8652200794189224 
35 4.85 
36 3.8096623856401903 
37 4.85 
38 3.6472754696442586 
39 4.536289685110214 
40 3.749958698999348 
41 4.19827469350783 
42 3.143201355724703 
43 4.166491348446063 
44 3.8021187324318824 
45 4.85 
46 3.85736681112923 
47 4.234589750571281 
48 4.157626242655813 
49 4.938323534742545 
50 4.075991676719713 
51 4.2087027512743935 
52 4.072874001768654 
53 4.85 
54 4.361346193312723 
55 4.435201740759492 
56 3.4209731412860203 
57 4.85 
58 3.315802595723669 
59 4.253900991194783 
60 3.992478556697682 
61 4.85 
62 3.48269918278233 
63 4.85 
64 3.2732844431072827 
65 4.9740284001398765 
66 3.74043880024872 
67 4.657116482532334 
68 3.5932887168720216 
69 4.005341689808373 
70 4.47952955890396 
71 4.85 
72 4.337889151397162 
73 4.85 
74 4.85 
75 4.352476202387443 
76 4.85 
77 4.554711142100037 
78 4.894790191681492 
79 4.85 
80 4.2947033320643815 
81 4.85 
82 4.8140099754390375 
83 4.85 
84 4.443321180125855 
85 4.85 
86 4.757279693442218 
87 4.85 
88 4.85 
89 4.754391790272598 
90 4.85 
91 4.613749070690012 
92 3.969594008102762 
93 4.85 
94 4.85 
95 4.85 
96 4.85 
97 4.412064008592155 
98 4.85 
99 3.9250521869603903 
100 4.162683744682763 
101 3.8654790453653933 
102 4.881410212217469 
103 4.85 
104 4.85 
105 4.85 
106 4.310846991218122 
107 4.544096530350421 
108 4.253922729387204 
109 3.264232867891599 
110 4.4152094884545665 
111 4.790478314486681 
112 4.4461865148326 
113 4.85 
114 4.651475264165138 
115 3.730147103918093 
116 4.399150068115355 
117 3.8375642914894312 
118 4.85 
119 4.266682474476605 
120 4.965812226423552 
121 3.945179919288134 
122 3.4228548034960062 
123 4.85 
124 4.85 
125 4.85 
126 3.7036660575380314 
127 4.583656428546297 
128 4.126061655380857 
129 4.572866028267984 
130 3.5607343575479518 
131 4.301830640878033 
132 3.539200853303813 
133 4.324833538938002 
134 4.104748418416638 
135 4.713139954301404 
136 4.317928155361831 
137 4.85 
138 3.4641955525653416 
139 4.612983918245641 
140 3.560767342669692 
141 4.658279729076554 
142 3.79735751370155 
143 4.242873494627753 
144 3.9093662504880697 
145 4.171288192248304 
146 3.8241565636592054 
147 4.831745821453397 
148 3.1106429117070884 
149 3.8946096245011197 
150 3.232893837204704 
151 4.088410356921428 
152 3.5696684005936317 
153 4.85 
154 4.2243538266671115 
155 4.4470005811794096 
156 4.060971455001103 
157 4.6445163121844635 
158 3.3029844971116407 
159 4.154645746444652 
160 4.485283256771789 
161 4.128025542036845 
162 3.272759499612355 
163 4.028950424290299 
164 3.450770662533157 
165 4.85 
166 3.279328116723013 
167 4.1415854392884865 
168 3.782856360386949 
169 4.85 
