0 1 
1 1 
2 1 
3 1 
4 1 
5 1 
6 1 
7 1 
8 1 
9 3 
10 1 
11 3 
12 3 
13 3 
14 3 
15 3 
16 3 
17 3 
18 0 
19 3 
20 0 
21 3 
22 0 
23 3 
24 0 
25 3 
26 0 
27 3 
28 0 
29 3 
30 2 
31 3 
32 0 
33 3 
34 0 
35 3 
36 0 
37 3 
38 0 
39 3 
40 1 
41 3 
42 1 
43 3 
44 1 
45 3 
46 1 
47 3 
48 1 
49 3 
50 1 
51 3 
52 1 
53 3 
54 1 
55 3 
56 1 
57 3 
58 0 
59 3 
60 0 
61 3 
62 0 
63 3 
64 1 
65 3 
66 0 
67 3 
68 0 
69 3 
70 3 
71 3 
72 3 
73 3 
74 3 
75 3 
76 3 
77 3 
78 3 
79 3 
80 3 
81 3 
82 3 
83 3 
84 3 
85 3 
86 3 
87 3 
88 3 
89 3 
90 3 
91 3 
92 3 
93 3 
94 3 
95 3 
96 3 
97 3 
98 3 
99 3 
100 3 
101 3 
102 3 
103 3 
104 3 
105 3 
106 3 
107 3 
108 3 
109 3 
110 3 
111 2 
112 3 
113 2 
114 3 
115 2 
116 3 
117 1 
118 3 
119 3 
120 3 
121 3 
122 3 
123 3 
124 0 
125 3 
126 0 
127 3 
128 3 
129 2 
130 3 
131 2 
132 0 
133 2 
134 3 
135 2 
136 3 
137 2 
138 3 
139 2 
140 0 
141 2 
142 0 
143 2 
144 0 
145 2 
146 0 
147 2 
148 0 
149 2 
150 0 
151 2 
152 0 
153 2 
154 1 
155 2 
156 1 
157 2 
158 1 
159 2 
160 1 
161 2 
162 1 
163 2 
164 1 
165 2 
166 0 
167 2 
168 0 
169 2 
