0 1.0512494621851514 
1 1.1178663560100128 
2 1.0637420889846727 
3 1.0607497206608243 
4 1.0638855695732907 
5 1.1056486023943455 
6 1.0535895150295636 
7 1.094577782514424 
8 1.036908924889812 
9 1.0855924966352364 
10 1.0665537137399272 
11 0.9378451479420541 
12 1.0482472952213335 
13 0.9610179098795405 
14 1.0919869796275696 
15 5.166281822383228 
16 1.1272162097397456 
17 5.242227941824228 
18 1.1080456510076668 
19 5.1674790517279146 
20 1.105046002957497 
21 5.345675252140886 
22 1.2090510857465395 
23 5.423613514049743 
24 1.2015553886538424 
25 5.592271250650371 
26 1.2148833833729757 
27 1.0815851926866324 
28 1.251159650129103 
29 1.2385835627667818 
30 1.265121334314382 
31 1.2237820098825274 
32 1.250915323109497 
33 1.2472614628049818 
34 1.2487788586932 
35 1.1776163476526122 
36 1.2355732055603212 
37 1.1789766844578908 
38 1.2346141906542365 
39 1.1682784944658486 
40 1.2291608597185393 
41 1.2046594097323151 
42 1.1700896238896545 
43 1.1310590779007696 
44 1.1710827369965635 
45 1.1320020595966183 
46 1.1533259156954545 
47 1.1453335162828 
48 1.1687033799674122 
49 1.1713480444059514 
50 1.1566083860390666 
51 1.1749399119174788 
52 1.2232772191552181 
53 1.2461217862759817 
54 1.2204481834452243 
55 1.276894199610279 
56 1.258309274887782 
57 1.322629479465509 
58 1.250702878286576 
59 1.3127207065087332 
60 1.2636469061993758 
61 1.3437313971320546 
62 1.1862897665764485 
63 1.2772353283798121 
64 1.180672725178491 
65 1.259608176380594 
66 1.1945821505343273 
67 1.241537558115509 
68 1.176938092143794 
69 1.2363174347437575 
70 1.178203740345988 
71 1.1920988463426423 
72 1.1605905839105393 
73 1.1800410668778305 
74 1.1850491449734788 
75 1.2355979389992728 
76 1.1664224315522365 
77 1.2561795132701152 
78 1.194245247782497 
79 1.2599798752727638 
80 1.2225820648337333 
81 1.3041984636738848 
82 1.2764801578624423 
83 1.3490265626508182 
84 1.2720784418786364 
85 1.3490265626508182 
86 1.285769193036382 
87 1.3465156066450668 
88 1.280434971288673 
89 1.3343050042099516 
90 1.268974908730418 
91 1.3342413370106545 
92 1.2499585424126545 
93 1.3202802066037758 
94 1.230639327827709 
95 1.2589090387031394 
96 1.1916502864215697 
97 1.2667078279209454 
98 1.1432676038445637 
99 1.2383639575289214 
100 1.0830290197370607 
101 1.1578714511647212 
102 1.114975571752315 
103 1.1436970949609697 
104 1.1340311293554122 
105 1.2050682628616123 
106 1.140622890537903 
107 1.192113100417 
108 1.1558713779745757 
109 1.198155832570885 
110 1.1811619372977031 
111 1.2601540606382908 
112 1.1832506369688727 
113 1.2880122241646121 
114 1.192977202459206 
115 1.2825838707913029 
116 1.202608827500218 
117 1.2877402440181092 
118 1.225775796634521 
119 1.3063064484965332 
120 1.234342785550794 
121 1.3248643939926241 
122 1.2189551813142363 
123 1.298875753433418 
124 1.177639643462394 
125 1.2546444116727091 
126 1.1631136720456303 
127 1.2546444116727091 
128 1.1383115041186789 
129 1.2436661191744305 
130 1.0863503747261636 
131 1.1456531544553454 
132 1.1277912966237214 
133 1.2000940814676726 
134 1.1329914773596848 
135 1.2083723367673274 
136 1.1423454533516122 
137 1.2079578636754242 
138 1.1861927496808788 
139 1.2461400536566243 
140 1.2231299092832364 
141 1.3182686760384605 
142 1.2120954876840362 
143 1.3057530525638363 
144 1.2364914754856848 
145 1.3558986578732242 
146 1.2671528434131092 
147 1.3563131309651273 
148 1.2849895331946242 
149 1.3737339883781272 
150 1.3119470522318788 
151 1.3845545109500426 
152 1.321011586611909 
153 1.376525700331103 
154 1.3011809955945455 
155 1.3677615348560788 
156 1.2941873547371576 
157 1.3677615348560788 
158 1.2621617686672848 
159 1.3442697036028364 
160 1.2741553403230728 
161 1.3593335233681696 
162 1.2761252275422423 
163 1.3714828316531757 
164 1.269803300376988 
165 1.3153488796322241 
166 1.254120455606582 
167 1.3153488796322241 
168 1.2587861369425697 
169 1.3065019574926848 
170 1.2474821363495818 
171 1.3065019574926848 
172 1.250237320670412 
173 1.3028049133263213 
174 1.2390979795037513 
175 1.3370453373338969 
176 1.247955098518721 
177 1.3404767321892122 
178 1.2255453568656243 
179 1.323530173270006 
180 1.232461825120988 
181 1.323530173270006 
182 1.196173613861479 
183 1.3069097332724848 
184 1.1955058841201636 
185 1.2922802597696725 
186 1.1844472215083757 
187 1.2888488649143577 
188 1.2087994752717335 
189 1.3172788259199757 
190 1.2017229625056665 
191 1.3172788259199757 
192 1.2352559894443513 
193 1.3273471799852423 
194 1.2869877832383212 
195 1.3638701815014243 
196 1.290990933807382 
197 1.3518130791892544 
198 1.2999602630195577 
199 1.3475334848058302 
200 1.285976133962903 
201 1.3386024592840546 
202 1.285976133962903 
203 1.339207908705897 
204 1.2689676310218363 
205 1.339207908705897 
206 1.2610145686503211 
207 1.3149399288938 
208 1.2390283862622484 
209 1.2969103451911939 
210 1.218763745587406 
211 1.2528539846435756 
212 1.148552191460788 
213 1.2381294213594243 
214 1.142976638438291 
215 1.2381294213594243 
216 1.1396051224428547 
217 1.2780265485242486 
218 1.1625708589954484 
219 1.305658341606103 
220 1.1777176926039152 
221 1.3586457276754909 
222 1.2479292467305272 
223 1.3611995889737878 
224 1.2570756905205152 
225 1.3611995889737878 
226 1.2551899348296607 
227 1.3514687582925453 
228 1.2479554554586363 
229 1.345612059588891 
230 1.2679203199127214 
231 1.345612059588891 
232 1.2679203199127214 
233 1.3552769688783939 
234 1.240264286923994 
235 1.2996394185991516 
236 1.2530423775905637 
237 1.3057982042398424 
238 1.2432472786017272 
239 1.3027418654989635 
240 1.2580585471421393 
241 1.3027418654989635 
242 1.2272405476276302 
243 1.2793410692723453 
244 1.2492904665073212 
245 1.3355408824264727 
246 1.2196240371555214 
247 1.3355408824264727 
248 1.169652244469715 
249 1.3096903034262788 
250 1.1658900292729515 
251 1.2929536098778545 
252 1.104585327129115 
253 1.2685870384759153 
254 1.062162582212406 
255 1.1908365396875031 
256 1.0708026461296727 
257 1.1945941024004667 
258 1.0780624499116 
259 1.2204446814006666 
260 1.1084865821247698 
261 1.296834315908012 
262 1.117376303994291 
263 1.2883800333030182 
264 1.137802643840782 
265 1.2883800333030182 
266 1.127894077112612 
267 1.2813429249218424 
268 1.2200167787709577 
269 1.3337915113188303 
270 1.2133420175412668 
271 1.2975465239309938 
272 1.2188320051317212 
273 1.272590368851515 
274 1.2421715641995212 
275 1.296792287443903 
276 1.2469630340247455 
277 1.301477753144994 
278 1.2256103963835878 
279 1.2805245935853393 
280 1.226902101943806 
281 1.275682564556212 
282 1.2481196092702667 
283 1.305335439527721 
284 1.2242387259959515 
285 1.2581987521359819 
286 1.2212642856260425 
287 1.2540893321028423 
288 1.1860472610245516 
289 1.2286832408849029 
290 1.1933251921585575 
291 1.2412762719346606 
292 1.1829250352697334 
293 1.2361630723697696 
294 1.178084263725315 
295 1.2376589307470363 
296 1.1628484783856001 
297 1.2542720132920848 
298 1.1868043035513516 
299 1.2729494813095998 
300 1.2133467216996363 
301 1.3022420680829878 
302 1.1807029121969213 
303 1.2695992920541275 
304 1.158373500050697 
305 1.2584620665471273 
306 1.168912571868309 
307 1.2782466868377638 
308 1.201526408945212 
309 1.3144224243339637 
310 1.1783978247107032 
311 1.2970493813079695 
312 1.2219587185265575 
313 1.3345131077863455 
314 1.246024333879685 
315 1.340566626641303 
316 1.2892676840618789 
317 1.3614948180816182 
318 1.2381084227948123 
319 1.3298771893383454 
320 1.2323811861923213 
321 1.3355266012455878 
322 1.1889493240508122 
323 1.2925244894782486 
324 1.1619175012821938 
325 1.2578512923139575 
326 1.158099719983291 
327 1.2563241127100122 
328 1.2092589812503576 
329 1.2909106400259394 
330 1.2204854235019575 
331 1.302634271144685 
332 1.2582568751794425 
333 1.3508540309597759 
334 1.264450974838515 
335 1.3553649616113514 
336 1.2861210261673819 
337 1.3900381587756485 
338 1.2861210261673819 
339 1.4039682529518789 
340 1.3119571804667636 
341 1.4039682529518789 
342 1.314193503536103 
343 1.399042854019503 
344 1.2784475719368666 
345 1.369641962895606 
346 1.3021006793533636 
347 1.369641962895606 
348 1.2621151137602242 
349 1.3279060493866424 
350 1.2454217438650244 
351 1.3277288208679334 
352 1.2341845597993635 
353 1.3277288208679334 
354 1.2733907823872848 
355 1.3574290810461758 
356 1.2574586467002242 
357 1.3577134797169392 
358 1.2516201804749758 
359 1.3895265684438665 
360 1.221950507694588 
361 1.365141467473794 
362 1.1954559707759091 
363 1.365141467473794 
364 1.1694208958677335 
365 1.3455685989472304 
366 1.1483687821238242 
367 1.3452842002764727 
368 1.1015627499708727 
369 1.268384761159812 
370 1.087844317482291 
371 1.2579953021831514 
372 1.0850642745957575 
373 1.2097532187676727 
374 1.0840031441890365 
375 1.2146232142400244 
376 1.0933705508878364 
377 1.2146232142400244 
378 1.1735836055934485 
379 1.2746319837861757 
380 1.2158276731704485 
381 1.3095837722516182 
382 1.2617626373349757 
383 1.357825855667103 
384 1.2888260709841213 
385 1.3745637816740182 
386 1.3237374495176668 
387 1.3745637816740182 
388 1.270169087270006 
389 1.3590993568195817 
390 1.276993147898006 
391 1.3590993568195817 
392 1.2222343762423757 
393 1.3525438966122485 
394 1.221883539007109 
395 1.3583101871976788 
396 1.1793143249739515 
397 1.3583101871976788 
398 1.2452996964873333 
399 1.3726967336686726 
400 1.2414399238143212 
401 1.3726967336686726 
402 1.2928470032941455 
403 1.379252193876006 
404 1.2907621584257576 
405 1.3729134520101516 
406 1.2932551979055271 
407 1.357916150000709 
408 1.2932551979055271 
409 1.3464722878670121 
410 1.2682214447211273 
411 1.3464722878670121 
412 1.2237609166543213 
413 1.326985269255115 
414 1.215829718233097 
415 1.3212234480808909 
416 1.2283812255454727 
417 1.3362207500903334 
418 1.2116718373976847 
419 1.3334520030864243 
420 1.2093847784668605 
421 1.2821858360870546 
422 1.2535227600597212 
423 1.3016728546989516 
424 1.2521997590477878 
425 1.309020985067212 
426 1.2578781228194484 
427 1.309020985067212 
428 1.2829583808371576 
429 1.3179976980866728 
430 1.2972210115395577 
431 1.3734115518061092 
432 1.2878292262098483 
433 1.3734115518061092 
434 1.2671179785627333 
435 1.339305573189503 
436 1.2659761343205091 
437 1.327086597253206 
438 1.257605264450594 
439 1.3190437052510606 
440 1.2705127954544728 
441 1.3055511666796789 
442 1.2733319440643576 
443 1.3055511666796789 
444 1.268317878467406 
445 1.3143253885546484 
446 1.2674140766888364 
447 1.3209020911000788 
448 1.2674140766888364 
449 1.3337805102733273 
450 1.2868502693434243 
451 1.3431253621246424 
452 1.2704197304146667 
453 1.3347709045062244 
454 1.2504022690920908 
455 1.3347709045062244 
456 1.263708751253303 
457 1.3347709045062244 
458 1.2741965313852908 
459 1.340413177897091 
460 1.2918349968812606 
461 1.3635711608093637 
462 6.090079271011658 
463 1.3863559691498002 
464 5.7878235566359715 
465 1.3124064159794424 
466 5.663437566204428 
467 1.2978069136819879 
468 5.568441306330628 
469 1.2817786752909759 
470 5.400344511336457 
471 1.2817786752909759 
472 5.400344511336457 
473 1.2644590971383818 
474 1.0773141518538594 
475 1.3208179954404848 
476 1.065246450320016 
477 1.2661458684069575 
478 1.0695358117511728 
479 1.2544851947784728 
480 1.1048151352772813 
481 1.2544851947784728 
482 1.1709651805378969 
483 1.2489705303487515 
484 1.1564980980136 
485 1.252266892012091 
486 1.2046058183192547 
487 1.3153032098791515 
488 1.2324900733670363 
489 1.3461427184166 
490 1.2264661103899637 
491 1.3461427184166 
492 1.2424151003966424 
493 1.3632265216732182 
494 1.2382488808828667 
495 1.3239444166530667 
496 1.1938839400804062 
497 1.280346484933 
498 1.1932390507349757 
499 1.2396283003892303 
500 1.1589412506625212 
501 1.234046956152806 
502 1.1551350368136606 
503 1.2318904839059455 
504 1.1551350368136606 
505 1.2318904839059455 
506 1.2208869224927699 
507 1.2720295416545575 
508 1.2277873586625274 
509 1.3232606746076667 
510 1.2664214989614182 
511 1.3071468406529274 
512 1.302574611485606 
513 1.347865025196703 
514 1.3063173336091516 
515 1.3360349353728425 
516 1.3063173336091516 
517 1.349472275849297 
518 1.3217419850720666 
519 1.3480743860801756 
520 1.3286432513785031 
521 1.3203448598842 
522 1.2984030819958607 
523 1.2732148878921574 
524 1.272556765782721 
525 1.2689966254919576 
526 1.2763608581575334 
527 1.2689966254919576 
528 1.2379731517287031 
529 1.2002820534214362 
530 1.2266079847945153 
531 1.1801053945255153 
532 1.162548475682388 
533 1.1147623489092546 
534 1.1937163072294847 
535 1.1326432464092364 
536 1.1899122148546788 
537 1.1326432464092364 
538 1.2374201561195333 
539 1.2013578184797575 
540 1.2730395119234545 
541 1.275605394417024 
542 1.3326743917953212 
543 1.3561537669309272 
544 1.302276007557606 
545 1.3292969833819637 
546 1.2964083706836607 
547 1.2544549764086061 
548 1.2837655235258971 
549 1.2544549764086061 
550 1.2837655235258971 
551 1.2316291542668605 
552 1.302912621874 
553 1.234984107136006 
554 1.312439746658194 
555 1.2532342558738727 
556 1.3018794349478968 
557 1.3280762628472302 
558 1.3087737729003879 
559 1.3280762628472302 
560 1.2277332414637758 
561 1.281542577623982 
562 1.2490617584821455 
563 1.276039734019388 
564 1.2706962036317333 
565 1.2685822482739635 
566 1.2871241522159818 
567 1.2685822482739635 
568 1.2572680315346183 
569 1.2091404197893152 
570 1.2851710964807999 
571 1.2318135553482303 
572 1.2210084504023635 
573 1.2305150377322303 
574 1.2199305874085091 
575 1.240681909488085 
576 1.2199305874085091 
577 1.240681909488085 
578 1.2445067240051213 
579 1.3001237379727333 
580 1.294493088553903 
581 1.3320414977481092 
582 1.3586557346323396 
583 1.3674125511939696 
584 1.347470768947909 
585 1.3638239955748364 
586 1.3007938570730486 
587 1.304891410498103 
588 1.3076306298506364 
589 1.304891410498103 
590 1.2664068979098062 
591 1.320371312355194 
592 1.1850398599860241 
593 1.2965849963728484 
594 1.2058687167702484 
595 1.3020369680606605 
596 1.2144487802971575 
597 1.3179789254913818 
598 1.2354009671920485 
599 1.3179789254913818 
600 1.2797758010745333 
601 1.2962425252663394 
602 1.3267394165893454 
603 1.320028841248691 
604 1.3490977711785332 
605 1.3368111904471516 
606 1.3471772694674122 
607 1.3849039096746485 
608 1.3311943358569818 
609 1.3849039096746485 
610 1.2977331379807273 
611 1.3806983760266243 
612 1.3321365603896909 
613 1.3806983760266243 
614 1.264541606687097 
615 1.330678682391503 
616 1.2478667541694244 
617 1.3255765908100123 
618 1.2733119673222848 
619 1.3255765908100123 
620 1.2350967741685697 
621 1.287219359155612 
622 1.2350967741685697 
623 1.2647112880847817 
624 1.2527782772056848 
625 1.2716120900687515 
626 1.253078461129497 
627 1.2716120900687515 
628 1.2012964192103939 
629 1.2238890382915697 
630 1.2729728102403697 
631 1.2438636498648121 
632 1.2525555968603272 
633 1.2692781848171213 
634 1.2665759776423697 
635 1.2867567351479636 
636 1.322967996295303 
637 1.2867567351479636 
638 1.3246015524512544 
639 1.3263486027978788 
640 1.3246015524512544 
641 1.3508714926906302 
642 1.3450187658312969 
643 1.3479650288091516 
644 1.3191111550184789 
645 1.3368146939685093 
646 1.3191111550184789 
647 1.3368146939685093 
648 1.3315763147716726 
649 1.3086157126012303 
650 1.3267873546873759 
651 1.3022401586105212 
652 1.3267873546873759 
653 1.3022401586105212 
654 1.3439580414701455 
655 1.3064826707407393 
656 1.3439580414701455 
657 1.3064826707407393 
658 1.3567545077319152 
659 1.342812836235285 
660 1.3615434678162122 
661 1.345298823967976 
662 1.3615434678162122 
663 1.3222344994753576 
664 1.384893633578006 
665 1.3579287649693212 
666 1.3915246337864666 
667 1.3579287649693212 
668 1.4070769942532726 
669 1.3579287649693212 
670 1.4070769942532726 
671 1.3579287649693212 
672 1.364219570060891 
673 1.3451148450869819 
674 1.340242079098788 
675 1.3184699669961757 
676 1.3444212279232788 
677 1.341534291488794 
678 1.334908199807388 
679 1.3250282085689271 
680 1.3190299016622242 
681 1.3250282085689271 
682 1.3647212829177333 
683 1.3378421284512667 
684 1.3886987738798302 
685 1.3715941020078426 
686 1.3845196250553453 
687 1.3715941020078426 
688 1.386080823984194 
689 1.3679812221704484 
690 1.395328121920897 
691 1.3583405875431214 
692 1.3697225947384848 
693 1.3583405875431214 
694 1.359426849222388 
695 1.3448703665917818 
696 1.359426849222388 
697 1.3448703665917818 
698 1.3783133693076666 
699 1.3557870127642 
700 1.3387699422807577 
701 1.2995591655454426 
702 1.3537007579861515 
703 1.2995591655454426 
704 1.3487581614473516 
705 1.3072657648473152 
706 1.3487581614473516 
707 1.3072657648473152 
708 1.3059471186982787 
709 1.2765436728882182 
710 1.3454905457251878 
711 1.3424121547343029 
712 1.3376804831150182 
713 1.3495806337426364 
714 1.3529188251699151 
715 1.345945647957806 
716 1.3505758143464606 
717 1.345945647957806 
718 1.371455402829194 
719 1.3654132605406122 
720 1.371455402829194 
721 1.3654132605406122 
722 1.3460571757653819 
723 1.3047633179450182 
724 1.3460571757653819 
725 1.3201937964905455 
726 1.3484001865888364 
727 1.3201937964905455 
728 1.3534010910628909 
729 1.323862953015212 
730 1.3534010910628909 
731 1.2891280675268062 
732 1.3870358621540788 
733 1.3426095311140727 
734 1.3870358621540788 
735 1.3357336683517032 
736 1.3870358621540788 
737 1.3357336683517032 
738 1.3725938075915758 
739 1.3218458818499819 
740 1.3725938075915758 
741 1.3565807673383818 
742 1.3790782200683516 
743 1.3565807673383818 
744 1.3790782200683516 
745 1.3628613727795273 
746 1.3740827416924788 
747 1.3628613727795273 
748 1.369576095423018 
749 1.3507826643104788 
750 1.3510545432119394 
751 1.3270780334209091 
752 1.3176704477645211 
753 1.2910244593688909 
754 1.2530902758148665 
755 1.2518085376674484 
756 1.2072347041802607 
757 1.1959026631474303 
758 1.234891223023909 
759 1.2185803671014546 
760 1.2381999295972 
761 1.2422849979910244 
762 1.2623412941700605 
763 1.2783385720430365 
764 1.3211480001353697 
765 1.2943274801667697 
766 1.3493013481335818 
767 1.321113398231794 
768 1.3212361453083454 
769 1.3004928986783697 
770 1.2988995295402 
771 1.276044263046873 
772 1.2583190876234243 
773 1.2681071010143576 
774 1.2640925536077698 
775 1.2782242198931213 
776 1.2867902556200363 
777 1.307344176348109 
778 1.3112993299967153 
779 1.3393192814329273 
780 1.3488487914026486 
781 1.3578874272134789 
782 1.3878280786448303 
783 1.365824589245994 
784 1.3878280786448303 
785 1.3601695212041272 
786 1.3878280786448303 
787 1.3601695212041272 
788 1.3840145180952363 
789 1.3601695212041272 
790 1.399026351593509 
791 1.3728733433181393 
792 1.3741158895396122 
793 1.3511759772007335 
794 1.342032193759297 
795 1.3432286806251879 
796 1.3411457901600121 
797 1.3449130987441396 
798 1.3112021598783878 
799 1.3141504686759393 
800 1.2938350305535575 
801 1.2824080106146183 
802 1.3187454926074544 
803 1.2889916516854425 
804 1.336409454853988 
805 1.2969389482609879 
806 1.3372958584532726 
807 1.3142332132830363 
808 1.371053049284491 
809 1.3328161434182788 
810 1.3796568699981395 
811 1.3537022860596848 
812 1.3796568699981395 
813 1.374696500957212 
814 1.3968247856026241 
815 1.3770715854288182 
816 1.3939398049898546 
817 1.374251176948412 
818 1.3939398049898546 
819 1.3864308768813758 
820 1.3990673255410302 
821 1.3924687774060849 
822 1.3990673255410302 
823 1.382791574463994 
824 1.3852978846389574 
825 1.370861397776376 
826 1.3881828652517272 
827 1.3567747124964606 
828 1.3710657091207152 
829 1.3351070737984605 
830 1.3468392791870303 
831 1.2980290518280122 
832 1.3136075965250422 
833 1.2961640566907575 
834 1.344287438902115 
835 1.3057191489067697 
836 1.299864406294085 
837 1.296761424667503 
838 1.316981562425097 
839 1.2928823564559577 
840 1.338489870472606 
841 1.3328754070346969 
842 1.351495040554982 
843 1.3444176051140424 
844 1.344939206216091 
845 1.3529446609245332 
846 1.3663044366257455 
847 1.3712124216952 
848 1.3742407437745456 
849 1.3967591286047394 
850 1.373902205657497 
851 1.3858205125198968 
852 1.3632097021070182 
853 1.339596400755 
854 1.366776511376103 
855 1.3374089155070121 
856 1.3898343135744848 
857 1.3348367190318544 
858 1.352266968433406 
859 1.3073654874695213 
860 1.3447026696711455 
861 1.3021412463892366 
862 1.3566953610056909 
863 1.3361534332814182 
864 1.313799766639709 
865 1.2822253392744667 
866 1.313799766639709 
867 1.3093490783742545 
868 1.3443760453351274 
869 1.3368203099365816 
870 1.3377238172521757 
871 1.326693074610982 
872 1.3566501420477273 
873 1.338904999483697 
874 1.364256376681194 
875 1.3573901930648302 
876 1.364256376681194 
877 1.3478239405100243 
878 1.3707884621245878 
879 1.3352169194068666 
880 1.3446190225140122 
881 1.314155053792412 
882 1.3446190225140122 
883 1.3158102678324788 
884 1.3369616274323515 
885 1.3016873390238484 
886 1.3438709450231636 
887 1.2635287396487878 
888 1.3215206303305516 
889 1.2761357607519517 
890 1.3403757126855516 
891 1.2866774218734243 
892 1.3403757126855516 
893 1.2620934690326544 
894 1.3855160587064546 
895 1.3053197277046 
896 1.3786067411156424 
897 1.3214834344582727 
898 1.3775225065278303 
899 1.307918712162097 
900 1.4040507674331877 
901 1.3413453193789273 
902 1.4040507674331877 
903 1.3642740581796302 
904 1.3896846228546786 
905 1.3642740581796302 
906 1.3896846228546786 
907 1.3673288462179272 
908 1.4056418459885638 
909 1.380893568514109 
910 1.407387247268103 
911 1.3704040147118788 
912 1.407387247268103 
913 1.3704040147118788 
914 1.3962518436370364 
915 1.3704040147118788 
916 1.3664372007543153 
917 1.3452300545790181 
918 1.3664372007543153 
919 1.303732328142315 
920 1.3574860445617878 
921 1.3107717225441515 
922 1.3574860445617878 
923 1.2864689552600426 
924 1.3637498593313333 
925 1.288270087769509 
926 1.3701891642243031 
927 1.3159726951863333 
928 1.3773506708128183 
929 1.3574704216230304 
930 1.3643648077922728 
931 1.3460492354391274 
932 1.3643648077922728 
933 1.3703520027232423 
934 1.348756582714497 
935 1.3431717817935516 
936 1.3784530193198243 
937 1.355951538906485 
938 1.371291512731303 
939 1.355951538906485 
940 1.364175960339091 
941 1.3736129151018848 
942 1.3678720100931212 
943 1.3736129151018848 
944 1.362039445073491 
945 1.378088644981691 
946 1.3176332159623514 
947 1.3322948667167696 
948 1.2984089188923758 
949 1.3174033446272364 
950 1.3113110045849636 
951 1.307206905669515 
952 1.2420348279265334 
953 1.2300763818456546 
954 1.216765464248109 
955 1.240891507871509 
956 1.2293679964283455 
957 1.2381791522521939 
958 1.1871816852110728 
959 1.2377364223985394 
960 1.1671360530454424 
961 1.2039010133863879 
962 1.2327161799498425 
963 1.289891237968497 
964 1.2638911035498122 
965 1.2999794704830607 
966 1.2610789272591272 
967 1.3094552183990242 
968 1.3256168032024727 
969 1.3247894703422183 
970 1.3325810250914545 
971 1.3403162685996608 
972 1.3325810250914545 
973 1.339689681087497 
974 1.3605488839671152 
975 1.339689681087503 
976 1.3888436585731272 
977 1.361028073560915 
978 1.3857163909170243 
979 1.318605977044915 
980 1.3678695286733698 
981 1.2897278306254787 
982 1.2962837000496727 
983 1.224298281187315 
984 1.2613244246401272 
985 1.1849818033568182 
986 1.2257048693023758 
987 1.1396645468883029 
988 1.1289176155265759 
989 1.1058842366396546 
990 1.158627326914703 
991 1.1513101230252 
992 1.2302131555384 
993 1.1974358547558546 
994 1.2292982734145332 
995 1.200620132710509 
996 1.2638904919460061 
997 1.2505462525810362 
998 1.360677745721806 
999 1.334519045136073 
1000 1.3491881775050303 
1001 1.3198848084213577 
1002 1.3491881775050303 
1003 1.2794338284441877 
1004 1.383873543331988 
1005 1.3155660283200241 
1006 1.3482425316974667 
1007 1.2797057861517818 
1008 1.3146571266531575 
1009 1.2448040859591454 
1010 1.3398070953680907 
1011 1.2652196092784425 
1012 1.3398070953680907 
1013 1.3167412937170424 
1014 1.2934646932201879 
1015 1.256149778952685 
1016 1.2438221972450423 
1017 1.2586361260784666 
1018 1.2774076022893515 
1019 1.2846881632602305 
1020 1.2508324616533395 
1021 1.252904770676309 
1022 1.2585581393243879 
1023 1.252904770676309 
1024 1.2897824052979454 
1025 1.3134962854406667 
1026 1.376083249713897 
1027 1.3439905274481332 
1028 1.376083249713897 
1029 1.3450698046686183 
1030 1.3323864246388304 
1031 1.329944287473897 
1032 1.3246607469677818 
1033 1.329944287473897 
1034 1.3138623827037395 
1035 1.3152290001961637 
1036 1.3107003315470909 
1037 1.3258881164189695 
1038 1.3139452903080606 
1039 1.3258881164189695 
1040 1.3654745969780546 
1041 1.3615031029093878 
1042 1.360609185166 
1043 1.353593976151879 
1044 1.3856791788346485 
1045 1.3683092634296121 
1046 1.3888412299912969 
1047 1.3775580546529032 
1048 1.3855962712303274 
1049 1.3775580546529032 
1050 1.3859967958050667 
1051 1.3818835796211637 
1052 1.3344102376936666 
1053 1.3897927063786728 
1054 1.2802871839854848 
1055 1.3622022239821878 
1056 1.2802871839854848 
1057 1.3622022239821878 
1058 1.2804470913476607 
1059 1.337651530563194 
1060 1.2603398772335517 
1061 1.3204349623652605 
1062 1.316791847157 
1063 1.3204349623652605 
1064 1.388828071000218 
1065 1.3519444570296546 
1066 1.3867713580760241 
1067 1.352123476183709 
1068 1.3898249370216729 
1069 1.3205210815197697 
1070 1.3898249370216729 
1071 1.3205210815197697 
1072 1.4089690993738242 
1073 1.3196375194963998 
1074 1.3527049948976424 
1075 1.254163628880424 
1076 1.308033555040297 
1077 1.2481209802828304 
1078 1.3059275894087212 
1079 1.2664758442150545 
1080 1.302707151117491 
1081 1.298078238878994 
1082 1.2978983806411213 
1083 1.3084755179518304 
1084 1.354162485117303 
1085 1.3739494085678061 
1086 1.348096869790006 
1087 1.3526408880947878 
1088 1.3486627343614241 
1089 1.345498963856382 
1090 1.3550402236214787 
1091 1.345498963856382 
1092 1.3412124707978728 
1093 1.3284390091341152 
1094 1.3412124707978728 
1095 1.3284390091341152 
1096 1.3699367872941939 
1097 1.351871165936818 
1098 1.3733736939163577 
1099 1.3477348440415757 
1100 1.3480607612717455 
1101 1.3239966136156243 
1102 1.3738453772876547 
1103 1.3260777666558667 
1104 1.3738453772876547 
1105 1.2930389747734667 
1106 1.3784301798165455 
1107 1.2897083064989514 
1108 1.3784301798165455 
1109 1.2810658176474483 
1110 1.368745205636594 
1111 1.3048040480734 
1112 1.3211597521269274 
1113 1.2822148946371392 
1114 1.3262781784452908 
1115 1.3067770958420848 
1116 1.296395284380806 
1117 1.2962429665718667 
1118 1.2314707930898727 
1119 1.2532507161620667 
1120 1.2023113259385938 
1121 1.1863352436402184 
1122 1.2729527831840424 
1123 1.2518302481313093 
1124 1.267834356865673 
1125 1.2603068388087635 
1126 1.2940604069741515 
1127 1.274171636353497 
1128 1.358984898265085 
1129 1.3454882812566484 
1130 1.3926068733549637 
1131 1.3645689438594 
1132 1.373796058873988 
1133 1.3414833020860486 
1134 1.373796058873988 
1135 1.3365438687952607 
1136 1.3649586946257393 
1137 1.3365438687952607 
1138 1.3649586946257393 
1139 1.3227350980284363 
1140 1.3892834635972364 
1141 1.3705699079475393 
1142 1.3428415727018908 
1143 1.3454542807528909 
1144 1.3428415727018908 
1145 1.3503937140436726 
1146 1.3200615078571758 
1147 1.3205912248805758 
1148 1.3200615078571758 
1149 1.3152369411249456 
1150 1.3200615078571758 
1151 1.3152369411249456 
1152 1.3106036416339515 
1153 1.295325807255697 
1154 1.2804812043530849 
1155 1.253954462100285 
1156 1.3243529905564424 
1157 1.283756951263388 
1158 1.2823173025904484 
1159 1.2589813952209392 
1160 1.2224484815682304 
1161 1.2588726877727394 
1162 1.2724389712524182 
1163 1.2944589437792 
1164 1.2910858531171878 
1165 1.3358302889346123 
1166 1.2580182818549819 
1167 1.3020347948575697 
1168 1.3000539698209819 
1169 1.3438389903597696 
1170 1.3069010000330183 
1171 1.319111374692491 
1172 1.2476606428355272 
1173 1.2847597104234545 
1174 1.1644893783532062 
1175 1.2065452610680727 
1176 1.1260133703833153 
1177 1.2338139314460304 
1178 1.0613730079892303 
1179 1.1711697485438788 
1180 1.1143947987994123 
1181 1.1960060716593637 
1182 1.1251730887528182 
1183 1.1877847392193697 
1184 1.196694824180509 
1185 1.2659991885747575 
1186 1.2401970127772182 
1187 1.2725260122738424 
1188 1.2878238125892667 
1189 1.3050894328580183 
1190 1.2878238125892667 
1191 1.3044490707967817 
1192 1.2801800074319454 
1193 1.3230724249908545 
1194 1.3033050919026727 
1195 1.3230724249908545 
1196 1.323530176833691 
1197 1.3230724249908545 
1198 1.343557718870418 
1199 1.3283686171048728 
1200 1.315382212355188 
1201 1.2631674211970243 
1202 1.3469010753136121 
1203 1.2765017035205697 
1204 1.3469010753136121 
1205 1.2765017035205697 
1206 1.340795856124903 
1207 1.2765017035205697 
1208 1.0109375958379097 
1209 0.9515140319774487 
1210 1.062288771005071 
1211 1.0512494621851514 
1212 1.1178663560100128 
1213 1.0637420889846727 
1214 1.0607497206608243 
1215 1.0638855695732907 
1216 1.1056486023943455 
1217 1.0535895150295636 
1218 1.094577782514424 
1219 1.036908924889812 
1220 1.0855924966352364 
1221 1.0665537137399272 
1222 0.9378451479420541 
1223 1.0482472952213335 
1224 0.9610179098795405 
1225 1.0919869796275696 
1226 5.166281822383228 
1227 1.1272162097397456 
1228 5.242227941824228 
1229 1.1080456510076668 
1230 5.1674790517279146 
1231 1.105046002957497 
1232 5.345675252140886 
1233 1.2090510857465395 
1234 5.423613514049743 
1235 1.2015553886538424 
1236 5.592271250650371 
1237 1.2148833833729757 
1238 1.0815851926866324 
1239 1.251159650129103 
1240 1.2385835627667818 
1241 1.265121334314382 
1242 1.2237820098825274 
1243 1.250915323109497 
1244 1.2472614628049818 
1245 1.2487788586932 
1246 1.1776163476526122 
1247 1.2355732055603212 
1248 1.1789766844578908 
1249 1.2346141906542365 
1250 1.1682784944658486 
1251 1.2291608597185393 
1252 1.2046594097323151 
1253 1.1700896238896545 
1254 1.1310590779007696 
1255 1.1710827369965635 
1256 1.1320020595966183 
1257 1.1533259156954545 
1258 1.1453335162828 
1259 1.1687033799674122 
1260 1.1713480444059514 
1261 1.1566083860390666 
1262 1.1749399119174788 
1263 1.2232772191552181 
1264 1.2461217862759817 
1265 1.2204481834452243 
1266 1.276894199610279 
1267 1.258309274887782 
1268 1.322629479465509 
1269 1.250702878286576 
1270 1.3127207065087332 
1271 1.2636469061993758 
1272 1.3437313971320546 
1273 1.1862897665764485 
1274 1.2772353283798121 
1275 1.180672725178491 
1276 1.259608176380594 
1277 1.1945821505343273 
1278 1.241537558115509 
1279 1.176938092143794 
1280 1.2363174347437575 
1281 1.178203740345988 
1282 1.1920988463426423 
1283 1.1605905839105393 
1284 1.1800410668778305 
1285 1.1850491449734788 
1286 1.2355979389992728 
1287 1.1664224315522365 
1288 1.2561795132701152 
1289 1.194245247782497 
1290 1.2599798752727638 
1291 1.2225820648337333 
1292 1.3041984636738848 
1293 1.2764801578624423 
1294 1.3490265626508182 
1295 1.2720784418786364 
1296 1.3490265626508182 
1297 1.285769193036382 
1298 1.3465156066450668 
1299 1.280434971288673 
1300 1.3343050042099516 
1301 1.268974908730418 
1302 1.3342413370106545 
1303 1.2499585424126545 
1304 1.3202802066037758 
1305 1.230639327827709 
1306 1.2589090387031394 
1307 1.1916502864215697 
1308 1.2667078279209454 
1309 1.1432676038445637 
1310 1.2383639575289214 
1311 1.0830290197370607 
1312 1.1578714511647212 
1313 1.114975571752315 
1314 1.1436970949609697 
1315 1.1340311293554122 
1316 1.2050682628616123 
1317 1.140622890537903 
1318 1.192113100417 
1319 1.1558713779745757 
1320 1.198155832570885 
1321 1.1811619372977031 
1322 1.2601540606382908 
1323 1.1832506369688727 
1324 1.2880122241646121 
1325 1.192977202459206 
1326 1.2825838707913029 
1327 1.202608827500218 
1328 1.2877402440181092 
1329 1.225775796634521 
1330 1.3063064484965332 
1331 1.234342785550794 
1332 1.3248643939926241 
1333 1.2189551813142363 
1334 1.298875753433418 
1335 1.177639643462394 
1336 1.2546444116727091 
1337 1.1631136720456303 
1338 1.2546444116727091 
1339 1.1383115041186789 
1340 1.2436661191744305 
1341 1.0863503747261636 
1342 1.1456531544553454 
1343 1.1277912966237214 
1344 1.2000940814676726 
1345 1.1329914773596848 
1346 1.2083723367673274 
1347 1.1423454533516122 
1348 1.2079578636754242 
1349 1.1861927496808788 
1350 1.2461400536566243 
1351 1.2231299092832364 
1352 1.3182686760384605 
1353 1.2120954876840362 
1354 1.3057530525638363 
1355 1.2364914754856848 
1356 1.3558986578732242 
1357 1.2671528434131092 
1358 1.3563131309651273 
1359 1.2849895331946242 
1360 1.3737339883781272 
1361 1.3119470522318788 
1362 1.3845545109500426 
1363 1.321011586611909 
1364 1.376525700331103 
1365 1.3011809955945455 
1366 1.3677615348560788 
1367 1.2941873547371576 
1368 1.3677615348560788 
1369 1.2621617686672848 
1370 1.3442697036028364 
1371 1.2741553403230728 
1372 1.3593335233681696 
1373 1.2761252275422423 
1374 1.3714828316531757 
1375 1.269803300376988 
1376 1.3153488796322241 
1377 1.254120455606582 
1378 1.3153488796322241 
1379 1.2587861369425697 
1380 1.3065019574926848 
1381 1.2474821363495818 
1382 1.3065019574926848 
1383 1.250237320670412 
1384 1.3028049133263213 
1385 1.2390979795037513 
1386 1.3370453373338969 
1387 1.247955098518721 
1388 1.3404767321892122 
1389 1.2255453568656243 
1390 1.323530173270006 
1391 1.232461825120988 
1392 1.323530173270006 
1393 1.196173613861479 
1394 1.3069097332724848 
1395 1.1955058841201636 
1396 1.2922802597696725 
1397 1.1844472215083757 
1398 1.2888488649143577 
1399 1.2087994752717335 
1400 1.3172788259199757 
1401 1.2017229625056665 
1402 1.3172788259199757 
1403 1.2352559894443513 
1404 1.3273471799852423 
1405 1.2869877832383212 
1406 1.3638701815014243 
1407 1.290990933807382 
1408 1.3518130791892544 
1409 1.2999602630195577 
1410 1.3475334848058302 
1411 1.285976133962903 
1412 1.3386024592840546 
1413 1.285976133962903 
1414 1.339207908705897 
1415 1.2689676310218363 
1416 1.339207908705897 
1417 1.2610145686503211 
1418 1.3149399288938 
1419 1.2390283862622484 
1420 1.2969103451911939 
1421 1.218763745587406 
1422 1.2528539846435756 
1423 1.148552191460788 
1424 1.2381294213594243 
1425 1.142976638438291 
1426 1.2381294213594243 
1427 1.1396051224428547 
1428 1.2780265485242486 
1429 1.1625708589954484 
1430 1.305658341606103 
1431 1.1777176926039152 
1432 1.3586457276754909 
1433 1.2479292467305272 
1434 1.3611995889737878 
1435 1.2570756905205152 
1436 1.3611995889737878 
1437 1.2551899348296607 
1438 1.3514687582925453 
1439 1.2479554554586363 
1440 1.345612059588891 
1441 1.2679203199127214 
1442 1.345612059588891 
1443 1.2679203199127214 
1444 1.3552769688783939 
1445 1.240264286923994 
1446 1.2996394185991516 
1447 1.2530423775905637 
1448 1.3057982042398424 
1449 1.2432472786017272 
1450 1.3027418654989635 
1451 1.2580585471421393 
1452 1.3027418654989635 
1453 1.2272405476276302 
1454 1.2793410692723453 
1455 1.2492904665073212 
1456 1.3355408824264727 
1457 1.2196240371555214 
1458 1.3355408824264727 
1459 1.169652244469715 
1460 1.3096903034262788 
1461 1.1658900292729515 
1462 1.2929536098778545 
1463 1.104585327129115 
1464 1.2685870384759153 
1465 1.062162582212406 
1466 1.1908365396875031 
1467 1.0708026461296727 
1468 1.1945941024004667 
1469 1.0780624499116 
1470 1.2204446814006666 
1471 1.1084865821247698 
1472 1.296834315908012 
1473 1.117376303994291 
1474 1.2883800333030182 
1475 1.137802643840782 
1476 1.2883800333030182 
1477 1.127894077112612 
1478 1.2813429249218424 
1479 1.2200167787709577 
1480 1.3337915113188303 
1481 1.2133420175412668 
1482 1.2975465239309938 
1483 1.2188320051317212 
1484 1.272590368851515 
1485 1.2421715641995212 
1486 1.296792287443903 
1487 1.2469630340247455 
1488 1.301477753144994 
1489 1.2256103963835878 
1490 1.2805245935853393 
1491 1.226902101943806 
1492 1.275682564556212 
1493 1.2481196092702667 
1494 1.305335439527721 
1495 1.2242387259959515 
1496 1.2581987521359819 
1497 1.2212642856260425 
1498 1.2540893321028423 
1499 1.1860472610245516 
1500 1.2286832408849029 
1501 1.1933251921585575 
1502 1.2412762719346606 
1503 1.1829250352697334 
1504 1.2361630723697696 
1505 1.178084263725315 
1506 1.2376589307470363 
1507 1.1628484783856001 
1508 1.2542720132920848 
1509 1.1868043035513516 
1510 1.2729494813095998 
1511 1.2133467216996363 
1512 1.3022420680829878 
1513 1.1807029121969213 
1514 1.2695992920541275 
1515 1.158373500050697 
1516 1.2584620665471273 
1517 1.168912571868309 
1518 1.2782466868377638 
1519 1.201526408945212 
1520 1.3144224243339637 
1521 1.1783978247107032 
1522 1.2970493813079695 
1523 1.2219587185265575 
1524 1.3345131077863455 
1525 1.246024333879685 
1526 1.340566626641303 
1527 1.2892676840618789 
1528 1.3614948180816182 
1529 1.2381084227948123 
1530 1.3298771893383454 
1531 1.2323811861923213 
1532 1.3355266012455878 
1533 1.1889493240508122 
1534 1.2925244894782486 
1535 1.1619175012821938 
1536 1.2578512923139575 
1537 1.158099719983291 
1538 1.2563241127100122 
1539 1.2092589812503576 
1540 1.2909106400259394 
1541 1.2204854235019575 
1542 1.302634271144685 
1543 1.2582568751794425 
1544 1.3508540309597759 
1545 1.264450974838515 
1546 1.3553649616113514 
1547 1.2861210261673819 
1548 1.3900381587756485 
1549 1.2861210261673819 
1550 1.4039682529518789 
1551 1.3119571804667636 
1552 1.4039682529518789 
1553 1.314193503536103 
1554 1.399042854019503 
1555 1.2784475719368666 
1556 1.369641962895606 
1557 1.3021006793533636 
1558 1.369641962895606 
1559 1.2621151137602242 
1560 1.3279060493866424 
1561 1.2454217438650244 
1562 1.3277288208679334 
1563 1.2341845597993635 
1564 1.3277288208679334 
1565 1.2733907823872848 
1566 1.3574290810461758 
1567 1.2574586467002242 
1568 1.3577134797169392 
1569 1.2516201804749758 
1570 1.3895265684438665 
1571 1.221950507694588 
1572 1.365141467473794 
1573 1.1954559707759091 
1574 1.365141467473794 
1575 1.1694208958677335 
1576 1.3455685989472304 
1577 1.1483687821238242 
1578 1.3452842002764727 
1579 1.1015627499708727 
1580 1.268384761159812 
1581 1.087844317482291 
1582 1.2579953021831514 
1583 1.0850642745957575 
1584 1.2097532187676727 
1585 1.0840031441890365 
1586 1.2146232142400244 
1587 1.0933705508878364 
1588 1.2146232142400244 
1589 1.1735836055934485 
1590 1.2746319837861757 
1591 1.2158276731704485 
1592 1.3095837722516182 
1593 1.2617626373349757 
1594 1.357825855667103 
1595 1.2888260709841213 
1596 1.3745637816740182 
1597 1.3237374495176668 
1598 1.3745637816740182 
1599 1.270169087270006 
1600 1.3590993568195817 
1601 1.276993147898006 
1602 1.3590993568195817 
1603 1.2222343762423757 
1604 1.3525438966122485 
1605 1.221883539007109 
1606 1.3583101871976788 
1607 1.1793143249739515 
1608 1.3583101871976788 
1609 1.2452996964873333 
1610 1.3726967336686726 
1611 1.2414399238143212 
1612 1.3726967336686726 
1613 1.2928470032941455 
1614 1.379252193876006 
1615 1.2907621584257576 
1616 1.3729134520101516 
1617 1.2932551979055271 
1618 1.357916150000709 
1619 1.2932551979055271 
1620 1.3464722878670121 
1621 1.2682214447211273 
1622 1.3464722878670121 
1623 1.2237609166543213 
1624 1.326985269255115 
1625 1.215829718233097 
1626 1.3212234480808909 
1627 1.2283812255454727 
1628 1.3362207500903334 
1629 1.2116718373976847 
1630 1.3334520030864243 
1631 1.2093847784668605 
1632 1.2821858360870546 
1633 1.2535227600597212 
1634 1.3016728546989516 
1635 1.2521997590477878 
1636 1.309020985067212 
1637 1.2578781228194484 
1638 1.309020985067212 
1639 1.2829583808371576 
1640 1.3179976980866728 
1641 1.2972210115395577 
1642 1.3734115518061092 
1643 1.2878292262098483 
1644 1.3734115518061092 
1645 1.2671179785627333 
1646 1.339305573189503 
1647 1.2659761343205091 
1648 1.327086597253206 
1649 1.257605264450594 
1650 1.3190437052510606 
1651 1.2705127954544728 
1652 1.3055511666796789 
1653 1.2733319440643576 
1654 1.3055511666796789 
1655 1.268317878467406 
1656 1.3143253885546484 
1657 1.2674140766888364 
1658 1.3209020911000788 
1659 1.2674140766888364 
1660 1.3337805102733273 
1661 1.2868502693434243 
1662 1.3431253621246424 
1663 1.3431253621246424 
1664 1.3431253621246424 
1665 1.2704197304146667 
1666 1.3347709045062244 
1667 1.2504022690920908 
1668 1.3347709045062244 
1669 1.263708751253303 
1670 1.3347709045062244 
1671 1.2741965313852908 
1672 1.340413177897091 
1673 1.2918349968812606 
1674 1.3635711608093637 
1675 6.090079271011658 
1676 1.3863559691498002 
1677 5.7878235566359715 
1678 1.3124064159794424 
1679 5.663437566204428 
1680 1.2978069136819879 
1681 5.568441306330628 
1682 1.2817786752909759 
1683 5.400344511336457 
1684 1.2817786752909759 
1685 5.400344511336457 
1686 1.2644590971383818 
1687 1.0773141518538594 
1688 1.3208179954404848 
1689 1.065246450320016 
1690 1.2661458684069575 
1691 1.0695358117511728 
1692 1.2544851947784728 
1693 1.1048151352772813 
1694 1.2544851947784728 
1695 1.1709651805378969 
1696 1.2489705303487515 
1697 1.1564980980136 
1698 1.252266892012091 
1699 1.2046058183192547 
1700 1.3153032098791515 
1701 1.2324900733670363 
1702 1.3461427184166 
1703 1.2264661103899637 
1704 1.3461427184166 
1705 1.2424151003966424 
1706 1.3632265216732182 
1707 1.2382488808828667 
1708 1.3239444166530667 
1709 1.1938839400804062 
1710 1.280346484933 
1711 1.1932390507349757 
1712 1.2396283003892303 
1713 1.1589412506625212 
1714 1.234046956152806 
1715 1.1551350368136606 
1716 1.2318904839059455 
1717 1.1551350368136606 
1718 1.2318904839059455 
1719 1.2208869224927699 
1720 1.2720295416545575 
1721 1.2277873586625274 
1722 1.3232606746076667 
1723 1.2664214989614182 
1724 1.3071468406529274 
1725 1.302574611485606 
1726 1.347865025196703 
1727 1.3063173336091516 
1728 1.3360349353728425 
1729 1.3063173336091516 
1730 1.349472275849297 
1731 1.3217419850720666 
1732 1.3480743860801756 
1733 1.3286432513785031 
1734 1.3203448598842 
1735 1.2984030819958607 
1736 1.2732148878921574 
1737 1.272556765782721 
1738 1.2689966254919576 
1739 1.2763608581575334 
1740 1.2689966254919576 
1741 1.2379731517287031 
1742 1.2002820534214362 
1743 1.2266079847945153 
1744 1.1801053945255153 
1745 1.162548475682388 
1746 1.1147623489092546 
1747 1.1937163072294847 
1748 1.1326432464092364 
1749 1.1899122148546788 
1750 1.1326432464092364 
1751 1.2374201561195333 
1752 1.2013578184797575 
1753 1.2730395119234545 
1754 1.275605394417024 
1755 1.3326743917953212 
1756 1.3561537669309272 
1757 1.302276007557606 
1758 1.3292969833819637 
1759 1.2964083706836607 
1760 1.2544549764086061 
1761 1.2837655235258971 
1762 1.2544549764086061 
1763 1.2837655235258971 
1764 1.2316291542668605 
1765 1.302912621874 
1766 1.234984107136006 
1767 1.312439746658194 
1768 1.2532342558738727 
1769 1.3018794349478968 
1770 1.3280762628472302 
1771 1.3087737729003879 
1772 1.3280762628472302 
1773 1.2277332414637758 
1774 1.281542577623982 
1775 1.2490617584821455 
1776 1.276039734019388 
1777 1.2706962036317333 
1778 1.2685822482739635 
1779 1.2871241522159818 
1780 1.2685822482739635 
1781 1.2572680315346183 
1782 1.2091404197893152 
1783 1.2851710964807999 
1784 1.2318135553482303 
1785 1.2210084504023635 
1786 1.2305150377322303 
1787 1.2199305874085091 
1788 1.240681909488085 
1789 1.2199305874085091 
1790 1.240681909488085 
1791 1.2445067240051213 
1792 1.3001237379727333 
1793 1.294493088553903 
1794 1.3320414977481092 
1795 1.3586557346323396 
1796 1.3674125511939696 
1797 1.347470768947909 
1798 1.3638239955748364 
1799 1.3007938570730486 
1800 1.304891410498103 
1801 1.3076306298506364 
1802 1.304891410498103 
1803 1.2664068979098062 
1804 1.320371312355194 
1805 1.1850398599860241 
1806 1.2965849963728484 
1807 1.2058687167702484 
1808 1.3020369680606605 
1809 1.2144487802971575 
1810 1.3179789254913818 
1811 1.2354009671920485 
1812 1.3179789254913818 
1813 1.2797758010745333 
1814 1.2962425252663394 
1815 1.3267394165893454 
1816 1.320028841248691 
1817 1.3490977711785332 
1818 1.3368111904471516 
1819 1.3471772694674122 
1820 1.3849039096746485 
1821 1.3311943358569818 
1822 1.3849039096746485 
1823 1.2977331379807273 
1824 1.3806983760266243 
1825 1.3321365603896909 
1826 1.3806983760266243 
1827 1.264541606687097 
1828 1.330678682391503 
1829 1.2478667541694244 
1830 1.3255765908100123 
1831 1.2733119673222848 
1832 1.3255765908100123 
1833 1.2350967741685697 
1834 1.287219359155612 
1835 1.2350967741685697 
1836 1.2647112880847817 
1837 1.2527782772056848 
1838 1.2716120900687515 
1839 1.253078461129497 
1840 1.2716120900687515 
1841 1.2012964192103939 
1842 1.2238890382915697 
1843 1.2729728102403697 
1844 1.2438636498648121 
1845 1.2525555968603272 
1846 1.2692781848171213 
1847 1.2665759776423697 
1848 1.2867567351479636 
1849 1.322967996295303 
1850 1.2867567351479636 
1851 1.3246015524512544 
1852 1.3263486027978788 
1853 1.3246015524512544 
1854 1.3508714926906302 
1855 1.3450187658312969 
1856 1.3479650288091516 
1857 1.3191111550184789 
1858 1.3368146939685093 
1859 1.3191111550184789 
1860 1.3368146939685093 
1861 1.3315763147716726 
1862 1.3086157126012303 
1863 1.3267873546873759 
1864 1.3022401586105212 
1865 1.3267873546873759 
1866 1.3022401586105212 
1867 1.3439580414701455 
1868 1.3064826707407393 
1869 1.3439580414701455 
1870 1.3064826707407393 
1871 1.3567545077319152 
1872 1.342812836235285 
1873 1.3615434678162122 
1874 1.345298823967976 
1875 1.3615434678162122 
1876 1.3222344994753576 
1877 1.384893633578006 
1878 1.3579287649693212 
1879 1.3915246337864666 
1880 1.3579287649693212 
1881 1.4070769942532726 
1882 1.3579287649693212 
1883 1.4070769942532726 
1884 1.3579287649693212 
1885 1.364219570060891 
1886 1.3451148450869819 
1887 1.340242079098788 
1888 1.3184699669961757 
1889 1.3444212279232788 
1890 1.341534291488794 
1891 1.334908199807388 
1892 1.3250282085689271 
1893 1.3190299016622242 
1894 1.3250282085689271 
1895 1.3647212829177333 
1896 1.3378421284512667 
1897 1.3886987738798302 
1898 1.3715941020078426 
1899 1.3845196250553453 
1900 1.3715941020078426 
1901 1.386080823984194 
1902 1.3679812221704484 
1903 1.395328121920897 
1904 1.3583405875431214 
1905 1.3697225947384848 
1906 1.3583405875431214 
1907 1.359426849222388 
1908 1.3448703665917818 
1909 1.359426849222388 
1910 1.3448703665917818 
1911 1.3783133693076666 
1912 1.3557870127642 
1913 1.3387699422807577 
1914 1.2995591655454426 
1915 1.3537007579861515 
1916 1.2995591655454426 
1917 1.3487581614473516 
1918 1.3072657648473152 
1919 1.3487581614473516 
1920 1.3072657648473152 
1921 1.3059471186982787 
1922 1.2765436728882182 
1923 1.3454905457251878 
1924 1.3424121547343029 
1925 1.3376804831150182 
1926 1.3495806337426364 
1927 1.3529188251699151 
1928 1.345945647957806 
1929 1.3505758143464606 
1930 1.345945647957806 
1931 1.371455402829194 
1932 1.3654132605406122 
1933 1.371455402829194 
1934 1.3654132605406122 
1935 1.3460571757653819 
1936 1.3047633179450182 
1937 1.3460571757653819 
1938 1.3201937964905455 
1939 1.3484001865888364 
1940 1.3201937964905455 
1941 1.3534010910628909 
1942 1.323862953015212 
1943 1.3534010910628909 
1944 1.2891280675268062 
1945 1.3870358621540788 
1946 1.3426095311140727 
1947 1.3870358621540788 
1948 1.3357336683517032 
1949 1.3870358621540788 
1950 1.3357336683517032 
1951 1.3725938075915758 
1952 1.3218458818499819 
1953 1.3725938075915758 
1954 1.3565807673383818 
1955 1.3790782200683516 
1956 1.3565807673383818 
1957 1.3790782200683516 
1958 1.3628613727795273 
1959 1.3740827416924788 
1960 1.3628613727795273 
1961 1.369576095423018 
1962 1.3507826643104788 
1963 1.3510545432119394 
1964 1.3270780334209091 
1965 1.3176704477645211 
1966 1.2910244593688909 
1967 1.2530902758148665 
1968 1.2518085376674484 
1969 1.2072347041802607 
1970 1.1959026631474303 
1971 1.234891223023909 
1972 1.2185803671014546 
1973 1.2381999295972 
1974 1.2422849979910244 
1975 1.2623412941700605 
1976 1.2783385720430365 
1977 1.3211480001353697 
1978 1.2943274801667697 
1979 1.3493013481335818 
1980 1.321113398231794 
1981 1.3212361453083454 
1982 1.3004928986783697 
1983 1.2988995295402 
1984 1.276044263046873 
1985 1.2583190876234243 
1986 1.2681071010143576 
1987 1.2640925536077698 
1988 1.2782242198931213 
1989 1.2867902556200363 
1990 1.307344176348109 
1991 1.3112993299967153 
1992 1.3393192814329273 
1993 1.3488487914026486 
1994 1.3578874272134789 
1995 1.3878280786448303 
1996 1.365824589245994 
1997 1.3878280786448303 
1998 1.3601695212041272 
1999 1.3878280786448303 
2000 1.3601695212041272 
2001 1.3840145180952363 
2002 1.3601695212041272 
2003 1.399026351593509 
2004 1.3728733433181393 
2005 1.3741158895396122 
2006 1.3511759772007335 
2007 1.342032193759297 
2008 1.3432286806251879 
2009 1.3411457901600121 
2010 1.3449130987441396 
2011 1.3112021598783878 
2012 1.3141504686759393 
2013 1.2938350305535575 
2014 1.2824080106146183 
2015 1.3187454926074544 
2016 1.2889916516854425 
2017 1.336409454853988 
2018 1.2969389482609879 
2019 1.3372958584532726 
2020 1.3142332132830363 
2021 1.371053049284491 
2022 1.3328161434182788 
2023 1.3796568699981395 
2024 1.3537022860596848 
2025 1.3796568699981395 
2026 1.374696500957212 
2027 1.3968247856026241 
2028 1.3770715854288182 
2029 1.3939398049898546 
2030 1.374251176948412 
2031 1.3939398049898546 
2032 1.3864308768813758 
2033 1.3990673255410302 
2034 1.3924687774060849 
2035 1.3990673255410302 
2036 1.382791574463994 
2037 1.3852978846389574 
2038 1.370861397776376 
2039 1.3881828652517272 
2040 1.3567747124964606 
2041 1.3710657091207152 
2042 1.3351070737984605 
2043 1.3468392791870303 
2044 1.2980290518280122 
2045 1.3136075965250422 
2046 1.2961640566907575 
2047 1.344287438902115 
2048 1.3057191489067697 
2049 1.299864406294085 
2050 1.296761424667503 
2051 1.316981562425097 
2052 1.2928823564559577 
2053 1.338489870472606 
2054 1.3328754070346969 
2055 1.351495040554982 
2056 1.3444176051140424 
2057 1.344939206216091 
2058 1.3529446609245332 
2059 1.3663044366257455 
2060 1.3712124216952 
2061 1.3742407437745456 
2062 1.3967591286047394 
2063 1.373902205657497 
2064 1.3858205125198968 
2065 1.3632097021070182 
2066 1.339596400755 
2067 1.366776511376103 
2068 1.3374089155070121 
2069 1.3898343135744848 
2070 1.3348367190318544 
2071 1.352266968433406 
2072 1.3073654874695213 
2073 1.3447026696711455 
2074 1.3021412463892366 
2075 1.3566953610056909 
2076 1.3361534332814182 
2077 1.313799766639709 
2078 1.2822253392744667 
2079 1.313799766639709 
2080 1.3093490783742545 
2081 1.3443760453351274 
2082 1.3368203099365816 
2083 1.3377238172521757 
2084 1.326693074610982 
2085 1.3566501420477273 
2086 1.338904999483697 
2087 1.364256376681194 
2088 1.3573901930648302 
2089 1.364256376681194 
2090 1.3478239405100243 
2091 1.3707884621245878 
2092 1.3352169194068666 
2093 1.3446190225140122 
2094 1.314155053792412 
2095 1.3446190225140122 
2096 1.3158102678324788 
2097 1.3369616274323515 
2098 1.3016873390238484 
2099 1.3438709450231636 
2100 1.2635287396487878 
2101 1.3215206303305516 
2102 1.2761357607519517 
2103 1.3403757126855516 
2104 1.2866774218734243 
2105 1.3403757126855516 
2106 1.2620934690326544 
2107 1.3855160587064546 
2108 1.3053197277046 
2109 1.3786067411156424 
2110 1.3214834344582727 
2111 1.3775225065278303 
2112 1.307918712162097 
2113 1.4040507674331877 
2114 1.3413453193789273 
2115 1.4040507674331877 
2116 1.3642740581796302 
2117 1.3896846228546786 
2118 1.3642740581796302 
2119 1.3896846228546786 
2120 1.3673288462179272 
2121 1.4056418459885638 
2122 1.380893568514109 
2123 1.407387247268103 
2124 1.3704040147118788 
2125 1.407387247268103 
2126 1.3704040147118788 
2127 1.3962518436370364 
2128 1.3704040147118788 
2129 1.3664372007543153 
2130 1.3452300545790181 
2131 1.3664372007543153 
2132 1.303732328142315 
2133 1.3574860445617878 
2134 1.3107717225441515 
2135 1.3574860445617878 
2136 1.2864689552600426 
2137 1.3637498593313333 
2138 1.288270087769509 
2139 1.3701891642243031 
2140 1.3159726951863333 
2141 1.3773506708128183 
2142 1.3574704216230304 
2143 1.3643648077922728 
2144 1.3460492354391274 
2145 1.3643648077922728 
2146 1.3703520027232423 
2147 1.348756582714497 
2148 1.3431717817935516 
2149 1.3784530193198243 
2150 1.355951538906485 
2151 1.371291512731303 
2152 1.355951538906485 
2153 1.364175960339091 
2154 1.3736129151018848 
2155 1.3678720100931212 
2156 1.3736129151018848 
2157 1.362039445073491 
2158 1.378088644981691 
2159 1.3176332159623514 
2160 1.3322948667167696 
2161 1.2984089188923758 
2162 1.3174033446272364 
2163 1.3113110045849636 
2164 1.307206905669515 
2165 1.2420348279265334 
2166 1.2300763818456546 
2167 1.216765464248109 
2168 1.240891507871509 
2169 1.2293679964283455 
2170 1.2381791522521939 
2171 1.1871816852110728 
2172 1.2377364223985394 
2173 1.1671360530454424 
2174 1.2039010133863879 
2175 1.2327161799498425 
2176 1.289891237968497 
2177 1.2638911035498122 
2178 1.2999794704830607 
2179 1.2610789272591272 
2180 1.3094552183990242 
2181 1.3256168032024727 
2182 1.3247894703422183 
2183 1.3325810250914545 
2184 1.3403162685996608 
2185 1.3325810250914545 
2186 1.339689681087497 
2187 1.3605488839671152 
2188 1.339689681087503 
2189 1.3888436585731272 
2190 1.361028073560915 
2191 1.3857163909170243 
2192 1.318605977044915 
2193 1.3678695286733698 
2194 1.2897278306254787 
2195 1.2962837000496727 
2196 1.224298281187315 
2197 1.2613244246401272 
2198 1.1849818033568182 
2199 1.2257048693023758 
2200 1.1396645468883029 
2201 1.1289176155265759 
2202 1.1058842366396546 
2203 1.158627326914703 
2204 1.1513101230252 
2205 1.2302131555384 
2206 1.1974358547558546 
2207 1.2292982734145332 
2208 1.200620132710509 
2209 1.2638904919460061 
2210 1.2505462525810362 
2211 1.360677745721806 
2212 1.334519045136073 
2213 1.3491881775050303 
2214 1.3198848084213577 
2215 1.3491881775050303 
2216 1.2794338284441877 
2217 1.383873543331988 
2218 1.3155660283200241 
2219 1.3482425316974667 
2220 1.2797057861517818 
2221 1.3146571266531575 
2222 1.2448040859591454 
2223 1.3398070953680907 
2224 1.2652196092784425 
2225 1.3398070953680907 
2226 1.3167412937170424 
2227 1.2934646932201879 
2228 1.256149778952685 
2229 1.2438221972450423 
2230 1.2586361260784666 
2231 1.2774076022893515 
2232 1.2846881632602305 
2233 1.2508324616533395 
2234 1.252904770676309 
2235 1.2585581393243879 
2236 1.252904770676309 
2237 1.2897824052979454 
2238 1.3134962854406667 
2239 1.376083249713897 
2240 1.3439905274481332 
2241 1.376083249713897 
2242 1.3450698046686183 
2243 1.3323864246388304 
2244 1.329944287473897 
2245 1.3246607469677818 
2246 1.329944287473897 
2247 1.3138623827037395 
2248 1.3152290001961637 
2249 1.3107003315470909 
2250 1.3258881164189695 
2251 1.3139452903080606 
2252 1.3258881164189695 
2253 1.3654745969780546 
2254 1.3615031029093878 
2255 1.360609185166 
2256 1.353593976151879 
2257 1.3856791788346485 
2258 1.3683092634296121 
2259 1.3888412299912969 
2260 1.3775580546529032 
2261 1.3855962712303274 
2262 1.3775580546529032 
2263 1.3859967958050667 
2264 1.3818835796211637 
2265 1.3344102376936666 
2266 1.3897927063786728 
2267 1.2802871839854848 
2268 1.3622022239821878 
2269 1.2802871839854848 
2270 1.3622022239821878 
2271 1.2804470913476607 
2272 1.337651530563194 
2273 1.2603398772335517 
2274 1.3204349623652605 
2275 1.316791847157 
2276 1.3204349623652605 
2277 1.388828071000218 
2278 1.3519444570296546 
2279 1.3867713580760241 
2280 1.352123476183709 
2281 1.3205210815197697 
2282 1.3205210815197697 
2283 1.3898249370216729 
2284 1.3205210815197697 
2285 1.3898249370216729 
2286 1.3205210815197697 
2287 1.4089690993738242 
2288 1.3196375194963998 
2289 1.3527049948976424 
2290 1.254163628880424 
2291 1.308033555040297 
2292 1.2481209802828304 
2293 1.3059275894087212 
2294 1.2664758442150545 
2295 1.302707151117491 
2296 1.298078238878994 
2297 1.2978983806411213 
2298 1.3084755179518304 
2299 1.354162485117303 
2300 1.3739494085678061 
2301 1.348096869790006 
2302 1.3526408880947878 
2303 1.3486627343614241 
2304 1.345498963856382 
2305 1.3550402236214787 
2306 1.345498963856382 
2307 1.3412124707978728 
2308 1.3284390091341152 
2309 1.3412124707978728 
2310 1.3284390091341152 
2311 1.3699367872941939 
2312 1.351871165936818 
2313 1.3733736939163577 
2314 1.3477348440415757 
2315 1.3480607612717455 
2316 1.3239966136156243 
2317 1.3738453772876547 
2318 1.3260777666558667 
2319 1.3738453772876547 
2320 1.2930389747734667 
2321 1.3784301798165455 
2322 1.2897083064989514 
2323 1.3784301798165455 
2324 1.2810658176474483 
2325 1.368745205636594 
2326 1.3048040480734 
2327 1.3211597521269274 
2328 1.2822148946371392 
2329 1.3262781784452908 
2330 1.3067770958420848 
2331 1.296395284380806 
2332 1.2962429665718667 
2333 1.2314707930898727 
2334 1.2532507161620667 
2335 1.2023113259385938 
2336 1.1863352436402184 
2337 1.2729527831840424 
2338 1.2518302481313093 
2339 1.267834356865673 
2340 1.2603068388087635 
2341 1.2940604069741515 
2342 1.274171636353497 
2343 1.358984898265085 
2344 1.3454882812566484 
2345 1.3926068733549637 
2346 1.3645689438594 
2347 1.373796058873988 
2348 1.3414833020860486 
2349 1.373796058873988 
2350 1.3365438687952607 
2351 1.3649586946257393 
2352 1.3365438687952607 
2353 1.3649586946257393 
2354 1.3227350980284363 
2355 1.3892834635972364 
2356 1.3705699079475393 
2357 1.3428415727018908 
2358 1.3454542807528909 
2359 1.3428415727018908 
2360 1.3503937140436726 
2361 1.3200615078571758 
2362 1.3205912248805758 
2363 1.3200615078571758 
2364 1.3152369411249456 
2365 1.3200615078571758 
2366 1.3152369411249456 
2367 1.3106036416339515 
2368 1.295325807255697 
2369 1.2804812043530849 
2370 1.253954462100285 
2371 1.3243529905564424 
2372 1.283756951263388 
2373 1.2823173025904484 
2374 1.2589813952209392 
2375 1.2224484815682304 
2376 1.2588726877727394 
2377 1.2724389712524182 
2378 1.2944589437792 
2379 1.2910858531171878 
2380 1.3358302889346123 
2381 1.2580182818549819 
2382 1.3020347948575697 
2383 1.3000539698209819 
2384 1.3438389903597696 
2385 1.3069010000330183 
2386 1.319111374692491 
2387 1.2476606428355272 
2388 1.2847597104234545 
2389 1.1644893783532062 
2390 1.2065452610680727 
2391 1.1260133703833153 
2392 1.2338139314460304 
2393 1.0613730079892303 
2394 1.1711697485438788 
2395 1.1143947987994123 
2396 1.1960060716593637 
2397 1.1251730887528182 
2398 1.1877847392193697 
2399 1.196694824180509 
2400 1.2659991885747575 
2401 1.2401970127772182 
2402 1.2725260122738424 
2403 1.2878238125892667 
2404 1.3050894328580183 
2405 1.2878238125892667 
2406 1.3044490707967817 
2407 1.2801800074319454 
2408 1.3230724249908545 
2409 1.3033050919026727 
2410 1.3230724249908545 
2411 1.323530176833691 
2412 1.3230724249908545 
2413 1.343557718870418 
2414 1.3283686171048728 
2415 1.315382212355188 
2416 1.2631674211970243 
2417 1.3469010753136121 
2418 1.2765017035205697 
2419 1.3469010753136121 
2420 1.2765017035205697 
2421 1.340795856124903 
2422 1.2765017035205697 
2423 1.2714559660063696 
