0 3.6219936046548664 
1 3.69156458388136 
2 3.439789843296093 
3 3.432950883188093 
4 3.3041672006320533 
5 3.6526162371727 
6 3.6357680648713675 
7 3.853110780590955 
8 4.168721979785645 
9 4.108260925899899 
10 3.529532546848762 
11 3.655157611682932 
12 3.494386720733776 
13 4.091506327430107 
14 3.7611790339716644 
15 3.189286420590503 
16 3.5702849610428213 
17 3.9998164574633703 
18 3.5301292651491423 
19 3.7036493603751426 
20 3.47864811311631 
21 3.5964375450293655 
22 4.00475385721628 
23 3.7733137165621105 
24 3.7402846161128154 
25 3.8243459766165873 
26 3.5177698791299723 
27 2.335278329402091 
28 3.4473991188713624 
29 3.8779447088999492 
30 2.369964333513079 
31 3.830668718459487 
32 2.6299203261766255 
33 3.640173483367829 
34 3.8098473811301616 
35 4.157713873379637 
36 3.426305793737186 
37 4.536991962377144 
38 4.51019139588262 
39 4.320513849815443 
40 4.85 
41 3.871639470198062 
42 3.728142728396638 
43 4.609663560707843 
44 4.655298886743357 
45 4.416014233159597 
46 4.0563221353806895 
47 4.361730146524465 
48 3.64034801293636 
49 4.304932871324818 
50 3.781692338077105 
51 3.9976034760982326 
52 4.095082410785203 
53 4.207685673995437 
54 3.771491587043565 
55 4.511068702344549 
56 4.37869031502586 
57 4.58782291234929 
58 4.394122757156302 
59 3.6622048006609 
60 3.7324739253392862 
61 4.1595713575385656 
62 4.573435004302684 
63 4.122135467330693 
64 3.8766240184989216 
65 3.818324940743232 
66 3.6829788732277704 
67 3.6427193499932957 
68 4.050864820689409 
69 3.561154687157673 
70 4.115713270789179 
71 3.5983591384407885 
72 4.195630182119056 
73 4.464413684071335 
74 4.623231344737366 
75 3.409359124157306 
76 4.432424211733291 
77 3.794151920723291 
78 4.1492509677571165 
79 3.84936960042559 
80 4.203409782773446 
81 4.389682788359485 
82 3.947774619604046 
83 3.8478139080595137 
84 4.85 
85 4.107245317579989 
86 4.412248803115399 
87 3.6084109127640422 
88 4.7952492863276746 
89 4.460234698930516 
90 4.85 
91 3.946720682978136 
92 4.85 
93 4.0188176777845745 
94 4.7486932801778075 
95 3.6137900559723857 
96 4.85 
97 3.3195423660370227 
98 4.85 
99 4.438420722786062 
100 4.869039485845692 
101 3.526702079967512 
102 3.7149070180594874 
103 3.7456904795297454 
104 4.85 
105 3.92107143992787 
106 4.85 
107 3.8048380051095965 
108 3.8519695889812318 
109 3.9230344727379434 
110 3.3837092790849765 
111 4.847830853291699 
112 3.2304382148086415 
113 3.7794753534808727 
114 3.999489246904024 
115 3.714051501627396 
116 3.8933919791793405 
117 3.5094591975569354 
118 3.8626097283482737 
119 3.5094591975569354 
120 4.369025143987641 
121 4.164552810457409 
122 4.340484643421999 
123 4.213716075492531 
124 4.318120299177497 
125 4.42027840432198 
126 3.4195379410560363 
127 3.60276485464288 
128 4.011463433737667 
129 4.231067515189658 
130 3.7557661691301862 
131 3.825923907097205 
132 4.03698617526882 
133 4.259665502190798 
134 3.9804323230769154 
135 4.403571613113743 
136 3.9293512433035103 
137 4.2630410774815 
138 4.353929576838416 
139 4.770660250829985 
140 3.7076732234369842 
141 3.3504364527739945 
142 4.037392377680378 
143 3.523010857921587 
144 4.113298795776701 
145 3.676219560484496 
146 3.767105062269824 
147 4.105457524779598 
148 3.580681513414033 
149 3.6695483993353086 
150 3.8280368307473047 
151 4.227500734700597 
152 4.2496904621641445 
153 4.148631533951648 
154 3.9227145325188584 
155 4.482112538671469 
156 3.798726178964672 
157 4.9043903705399705 
158 4.085918456160518 
159 3.8958684436896616 
160 4.260692553835901 
161 4.705996268345735 
162 3.4317210121543438 
163 3.584353700343062 
164 4.174921885132049 
165 4.106427412545934 
166 4.377101851352985 
167 4.267178993883733 
168 3.9062936502103685 
169 4.390821074671688 
170 3.5711398470553166 
171 4.189947605228965 
172 4.463640431707884 
173 4.85 
174 4.362698171826476 
175 4.85 
176 4.230368350147062 
177 4.85 
178 4.232024473979693 
179 4.109244878019073 
180 3.823264421363942 
181 4.618013604427524 
182 4.566571940939883 
183 4.419312807525893 
184 4.975083569447274 
185 4.423116456344654 
186 4.876642388481181 
187 4.562816547207639 
188 4.19425469640739 
189 3.9731627014024324 
190 3.5969491526708137 
191 3.4744972666993688 
192 4.407625597806211 
193 4.704678189356422 
194 4.820027617540126 
195 4.85 
196 3.9616765353764496 
197 4.1373283888218095 
198 3.7928995323208845 
199 4.85 
200 3.917498848965734 
201 4.61419023683018 
202 4.244624214852002 
203 4.696212598829508 
204 4.85 
205 4.446871860786887 
206 4.85 
207 3.725196371460824 
208 4.2321209894599905 
209 4.424880660593447 
210 4.85 
211 4.455987199706952 
212 4.797466567353453 
213 4.162293261176522 
214 4.249783784744935 
215 4.139236414714167 
216 4.85 
217 3.5899197987213274 
218 4.739799622955146 
219 3.989597378265829 
220 3.6827435558728143 
221 3.3146078767383758 
222 4.85 
223 3.7819310901172103 
224 4.85 
225 4.113430286051771 
226 4.2752462455837605 
227 4.14664699675563 
228 4.869097578153499 
229 4.088244983584665 
230 4.107107700508576 
231 3.759435997304237 
232 4.85 
233 3.8959137579164125 
234 3.787016761421112 
235 4.85 
236 4.200218546952989 
237 4.207367055560968 
238 4.85 
239 4.85 
240 4.85 
241 4.723789459648935 
242 4.975055676547766 
243 4.478216241588661 
244 4.339675534226127 
245 3.9577625499082254 
246 3.8889361283634907 
247 4.260735485421002 
248 3.334974213823363 
249 4.260735485421002 
250 3.3920011167070343 
251 3.0920264410319187 
