0 2.9915909861392027 
1 3.916642527760335 
2 3.595577354929433 
3 3.7513127327137585 
4 3.457552346326763 
5 3.4726143689042734 
6 3.9612080184010803 
7 4.037884590800682 
8 3.6214231576710523 
9 4.098853711889766 
10 4.781000904614371 
11 4.662802317195272 
12 3.3996563597401 
13 3.9624732894468955 
14 3.421754804343101 
15 4.85 
16 3.520634823980222 
17 4.383472058371957 
18 3.330749828541329 
19 3.32217717078878 
20 3.8213460318437575 
21 3.554510401102283 
22 3.3184749063132024 
23 3.4550326844504395 
24 3.212744825232648 
25 3.068614809991641 
26 2.9374880034742525 
27 3.4609888051619 
28 2.8183682926676514 
29 3.6310402307017022 
30 4.264410694236744 
31 3.8901047724884816 
32 4.3888813018643695 
33 3.7698333317259696 
34 3.7475093909678554 
35 3.341824331090784 
36 4.022021740111236 
37 4.208673159628599 
38 4.56303196977906 
39 3.863272568754661 
40 4.85 
41 3.0395054702448228 
42 4.804141563152424 
43 3.565922031411309 
44 4.85 
45 3.5047283632663393 
46 4.924343259136533 
47 4.43594461927337 
48 4.600091803962784 
49 4.85 
50 4.85 
51 3.4134564662384737 
52 4.631819741957035 
53 4.55088445186963 
54 4.892821522635415 
55 4.0524650910795845 
56 4.837647856341037 
57 4.2319236945824805 
58 4.553607083311968 
59 4.042986679416694 
60 4.7339489176149145 
61 4.85 
62 4.85 
63 4.837052373678253 
64 4.978430902923672 
65 4.416667978239146 
66 4.920753685389011 
67 4.476118167392188 
68 3.858692058320906 
69 3.070754358973959 
70 3.5038772055193688 
71 3.0992322965586436 
72 4.603361995002469 
73 3.9923769954775254 
74 4.576039010881328 
75 3.9932289304757482 
76 4.525021323408168 
77 3.571259298551904 
78 3.8321038853866223 
79 3.896184570053272 
80 4.373421331923593 
81 4.39327368453535 
82 4.85 
83 4.531687285588294 
84 4.708747487161973 
85 3.6466634854100843 
86 4.85 
87 3.586933807633327 
88 3.982722493241596 
89 3.77646796792476 
90 4.4300668586379865 
91 3.298028167589117 
92 4.748886815348069 
93 4.153035490471941 
94 4.85 
95 3.864617212146082 
96 4.822655597524672 
97 3.2551503856284856 
98 4.85 
99 3.746547536872292 
100 4.262331852523806 
101 4.1685954223271 
102 4.567431341276112 
103 3.7437002135542126 
104 3.7089847799757587 
105 3.4227579386940112 
106 4.85 
107 3.6601664977076696 
108 4.85 
109 4.182669941079167 
110 4.85 
111 4.293248104471207 
112 4.660895668648362 
113 3.7725512295493586 
114 4.900259152508465 
115 3.547028834911961 
116 4.85 
117 3.2159241846790207 
118 3.76245741442793 
119 3.1727237150591208 
120 4.85 
121 4.010806443202787 
122 4.133201481726136 
123 4.010182417696332 
124 4.85 
125 3.5048007351203783 
126 3.7180839328501527 
127 3.465080791807752 
128 4.85 
129 4.131777458895727 
130 4.85 
131 3.9355111081470566 
132 4.85 
133 3.822026371148468 
134 4.85 
135 3.7020391943698128 
136 4.99167311229286 
137 3.2107769233201062 
138 3.6453598270710854 
139 3.820407943266066 
140 4.170568206447177 
141 3.9122727914314126 
142 4.85 
143 4.128439114965054 
144 4.85 
145 4.044831787138948 
146 4.85 
147 3.363386923311486 
148 4.030601872973463 
149 3.7447956340933173 
150 4.030601872973463 
151 3.7650125792880393 
152 4.570126292613074 
153 4.443802302378726 
154 4.615042362370785 
155 4.301731401667878 
156 4.842862840294419 
157 3.8119370098950367 
158 4.85 
159 3.9003732956094326 
160 4.85 
161 3.8225353479946005 
162 4.85 
163 3.48172680784614 
164 4.85 
165 4.218788526609283 
166 4.354216172724911 
167 3.956711146882179 
168 4.85 
169 4.000272294666836 
170 3.9222394448736395 
171 3.8632976480736843 
172 4.85 
173 3.750519857382764 
174 4.85 
175 3.683098618542302 
176 4.85 
177 3.6072719042878005 
178 4.85 
179 4.050924415112025 
180 4.488925512365575 
181 3.8368037181144072 
182 4.213826935020149 
183 4.2821286022463685 
184 3.9172744790901124 
185 3.9999914879240177 
186 3.5066165991473177 
187 3.7009002734485983 
188 3.0816722494623794 
189 2.6793362164080157 
190 3.572156766009352 
191 4.028516629739044 
192 4.273187885609291 
193 4.066390559727686 
194 4.0427722491649085 
195 4.107671740662775 
196 4.203646279827838 
197 3.8385948172608004 
198 3.5737099199062086 
199 3.0777937986774706 
200 3.717707907124437 
201 2.920734868910112 
202 3.5375501794638997 
203 3.5348909115811105 
204 3.565570890021469 
205 3.7906676394232535 
206 3.466480556745697 
207 3.9632596389202828 
208 3.4913480333308695 
209 3.126035523306225 
210 4.139420420619578 
211 3.3051951817283403 
212 3.9600270770492996 
213 4.152012807527988 
214 2.9365190187704675 
215 3.8991703600663707 
216 4.178990885557659 
217 3.790931290547396 
218 4.251299958351979 
219 3.7534552282677236 
220 3.637478666050225 
221 3.732642889264092 
222 3.451990879808501 
223 3.668102061500675 
224 3.8572244877535438 
225 3.8087109198404967 
226 4.123694440493326 
227 3.555513204071333 
228 3.6953938642880715 
229 3.5130296859865826 
230 3.9550758165102073 
231 3.3338259040319125 
232 4.099830849983601 
233 3.6594281381425766 
234 4.28839584340295 
235 3.8870187757693797 
236 4.033276084512837 
237 4.356264842649878 
238 4.087787415107748 
239 3.856925148488987 
240 3.6777380131091424 
241 4.28351411763318 
242 4.448243581427398 
243 4.147697591559906 
244 4.498281560665848 
245 3.742349146963206 
246 4.386119248036046 
247 4.103421622970175 
248 4.329527782889721 
249 4.03047598078582 
250 4.036420117535181 
251 3.1339780137764133 
252 3.455788125435159 
253 3.453151352835029 
254 3.8585113989987967 
255 4.0986152636403785 
256 3.091426188982373 
257 3.021247720262185 
258 3.1769040095145353 
259 4.704141262816641 
260 3.4219927674028305 
261 4.492358344301785 
262 3.249299590651937 
263 3.7056286553755338 
264 3.139058794155228 
265 3.3566526069242903 
266 3.151930069457054 
267 3.9459203616809204 
268 3.7995214446344416 
269 3.844297022245538 
270 3.7551458240978355 
271 3.521963331086703 
272 3.202636867984838 
273 3.097863314094213 
274 4.141032436232794 
275 3.021071201566466 
276 3.6659986122645694 
277 4.330138763528665 
278 3.4263925653427263 
279 4.051975015806908 
280 3.403578539480947 
281 3.8048814973835596 
282 3.750412150560743 
283 4.45066510661662 
284 2.6009443350486285 
285 3.370359499329095 
286 2.9311825419050432 
287 3.831486351204526 
288 3.8655826857176554 
289 3.8865313613197987 
290 3.4924421274134896 
291 4.33187613216673 
292 3.707022115068679 
293 4.1247908099617465 
294 3.3482028758431417 
295 3.294051412741225 
296 3.6333040115452757 
297 3.2746815083584875 
298 2.4559809390876475 
299 2.345947955718 
300 3.506647045882891 
301 3.639648913539679 
302 3.557406239932702 
303 4.138363799217819 
304 3.572836925396287 
305 4.1778418226270055 
306 3.146124593431564 
307 3.831843001658796 
