0 3.18935373378694 
1 3.2662867719088404 
2 3.16561147760462 
3 3.19118072283052 
4 3.1926497379147802 
5 3.12150262958032 
6 3.39449495760242 
7 3.3640118541699997 
8 3.3613909301618 
9 3.5165844371079205 
10 3.4708467701492403 
11 3.43148466457002 
12 3.34930335866854 
13 3.4349289781269 
14 3.3917199471549404 
15 3.54255112609518 
16 3.3073210033802196 
17 3.5718363084603197 
18 3.5555221772967203 
19 3.6616890517145997 
20 3.7168027647338198 
21 3.7249011388087405 
22 3.8108740362129403 
23 3.7157958628453 
24 3.78179826707328 
25 3.81383499627256 
26 3.9083925756394597 
27 3.8372433712238396 
28 3.90598480994502 
29 3.8276604056964 
30 3.82642727203658 
31 3.73418347197822 
32 3.72500108576372 
33 3.73719247877684 
34 3.73846030183564 
35 3.5115682807335 
36 3.64569103964216 
37 3.52347795566304 
38 3.6547546293894397 
39 3.3917209144794804 
40 3.5463353296376603 
41 3.26259082591042 
42 3.6254827986077602 
43 3.3989552622827603 
44 3.7217205501449397 
45 3.5826378859309798 
46 3.8247092063456 
47 3.58956960716512 
48 3.8684535943417204 
49 3.60945191907866 
50 3.7321245202315803 
51 3.71317331167894 
52 3.79812041883578 
53 3.5750592481075203 
54 3.7315666277300203 
55 3.62054852638406 
56 3.75204964210248 
57 3.60431223808134 
58 3.7684083118413803 
59 3.7437511463015603 
60 3.75166473481856 
61 3.76756509973342 
62 3.7575154030187 
63 3.7715541437007802 
64 3.7493736532845405 
65 3.79765977828772 
66 3.7808963018998 
67 3.7930692135088995 
68 3.7554326782378 
69 3.86477367830652 
70 3.8629483285264 
71 3.6840765602149603 
72 3.63915917816448 
73 3.57337390520944 
74 3.5021651910878604 
75 3.4785507445945596 
76 3.3763667340077603 
77 3.4171643057027197 
78 3.32085098068668 
79 3.28882094425868 
80 3.23997390399836 
81 3.3031048687341404 
82 3.2845701429102396 
83 3.2877767459627 
84 3.24813084978084 
85 3.21926169806182 
86 3.1357599047531997 
87 3.08485506157302 
88 3.0468013881235803 
89 2.98825018395986 
90 2.9873960948885 
91 2.93105980660646 
92 2.94657496898324 
93 3.14121303727668 
94 3.0487615393275997 
95 3.2257273772545405 
96 3.10803532083398 
97 3.4740009820728197 
98 3.2858068002282996 
99 3.5238197774935203 
100 3.38939287277332 
101 3.58256147890866 
102 3.5244273937057002 
103 3.4964601201350596 
104 3.5581663801519 
105 3.5211778157302396 
106 3.7437253403100796 
107 3.4077652522069797 
108 3.5669237151733597 
109 3.5329971529182203 
110 3.69251613462054 
111 3.6106765767167 
112 3.7147872958184203 
113 3.6195660412499797 
114 3.6995582750041995 
115 3.6994247151535804 
116 3.6590372154212196 
117 3.8204474103571995 
118 3.78966536260842 
119 3.7973458293350197 
120 3.7766083501193597 
121 3.9059079832085204 
122 3.84070430175234 
123 4.02536269010644 
124 3.9905912308633 
125 3.9058234761513 
126 3.87492077596064 
127 3.9557678071974003 
128 3.74264364760898 
129 3.90285709081432 
130 3.61116564941896 
131 3.8490230707671005 
132 3.6408597494381802 
133 3.98650045461702 
134 3.78358340458744 
135 3.9999465667480996 
136 3.79002622018218 
137 4.03018881046 
138 3.9993722097790405 
139 4.14678590425308 
140 4.06164706957352 
141 4.2333043680213995 
142 4.21999192304194 
143 4.1431043487821 
144 4.20044724503526 
145 4.14550139986076 
146 4.23429226479376 
147 4.03319445291122 
148 4.2010861929350805 
149 3.96723261106908 
150 4.1058610592394205 
151 3.8599428636762196 
152 3.98566838909682 
153 3.79555592833108 
154 3.9039753724952 
155 3.76595326734396 
156 3.8491487140435403 
157 3.8585029945066402 
158 3.89010273392766 
159 4.02702692584938 
160 4.02635825358876 
161 4.03811619555952 
162 4.06901613252798 
163 4.13201520440286 
164 4.097394578672921 
165 4.1282890614282 
166 4.1207284332081 
167 4.12792646292052 
168 4.13233145306722 
169 4.08689870422272 
170 4.1171360224310805 
171 4.1328971163843 
172 4.2259727916397 
173 4.07876304669146 
174 4.1543801648023395 
175 3.9501947267692996 
176 3.97313770642564 
177 3.8655757015420598 
178 3.8250557050233605 
179 3.8062512413164398 
180 3.71373167116944 
181 3.70221834644324 
182 3.4446037415863997 
183 3.72341845182932 
184 3.5165322422900998 
185 3.8650304679400795 
186 3.68106388313974 
187 3.91493412548456 
188 3.82161263353008 
189 4.04916779832684 
190 4.02976975788492 
191 4.08871244143908 
192 4.17863805226644 
193 4.17636426416246 
194 4.21501856480022 
195 4.10333889357586 
196 4.08983936847358 
197 4.115115418731159 
198 4.08705612929544 
199 4.07948534146166 
200 3.99363634723188 
201 3.9785915482878202 
202 3.9478108152758997 
203 3.85608242193398 
204 3.8735464067776197 
205 3.8633558343913004 
206 3.8196123993422604 
207 3.8382667591507 
208 3.8239924482748995 
209 3.6709545790300404 
210 3.70217918253858 
211 3.59246816369282 
212 3.6290400557226 
213 3.59754965608152 
214 3.6326771146415404 
215 3.80751280157912 
216 3.8385704498734396 
217 3.7548086337199402 
218 3.90508711486128 
219 3.8180511750525605 
220 3.9632218434234403 
221 4.01776228469716 
222 4.1759783323891595 
223 4.043263572345721 
224 4.19498409465086 
225 3.8546401116973796 
226 4.0263492914749 
227 3.7934364807136802 
228 3.9385243919811 
229 3.8235980439093 
230 3.94361978303222 
231 3.7281780219457197 
232 3.91617660389448 
233 3.7279182384283205 
234 3.88768504064438 
235 3.6903721905572198 
236 3.91936082219794 
237 3.8645130749933 
238 4.07541012392678 
239 3.89303228353022 
240 4.08073437542044 
241 3.8878761819632204 
242 4.05925008449048 
243 3.9233324591449197 
244 4.18160465244638 
245 4.02833682843102 
246 4.13973573147262 
247 3.9738402893335603 
248 4.10646522844064 
249 4.0673585819078 
250 4.13680353010464 
251 4.14280754838924 
252 4.13471154399934 
253 4.07718982415686 
254 3.89144497866522 
255 3.93014126111386 
256 3.82360841959436 
257 3.88862691950024 
258 3.71439584551358 
259 3.85705690048866 
260 3.6777577293710997 
261 3.8707275372549397 
262 3.80508020952986 
263 3.87868550427424 
264 3.89315331004106 
265 3.86748568477368 
266 3.9239774206410205 
267 3.7800632795979405 
268 3.83552755549524 
269 3.7208386914166396 
270 3.80868593771324 
271 3.7727173139716 
272 3.80310800022738 
273 3.87548720137882 
274 3.8352940824083 
275 4.02476075649626 
276 3.93197428279046 
277 4.20135597082304 
278 4.049186047860919 
279 4.2158844418017 
280 4.05890546942422 
281 4.20553737186002 
282 3.9309569216931797 
283 4.19514051464392 
284 4.1125726579616 
285 4.17592975432134 
286 4.1971793030563 
287 4.16416933510496 
288 4.130631188255061 
289 4.1987841328289 
290 4.28266201905648 
291 4.20044525445862 
292 4.35395049218634 
293 4.19895542964958 
294 4.39261425086708 
295 4.2291150684605 
296 4.43079040302494 
297 4.16421162381862 
298 4.35283119350198 
299 4.28596705260418 
300 4.4388719620276 
301 4.25134042328276 
302 4.49553203662876 
303 4.19923390024792 
304 4.330160736523 
305 4.22641118477964 
306 4.37292098240302 
307 4.07044295620258 
308 4.3088497194628 
309 4.134884194626521 
310 4.2608038615153 
311 4.17655674801742 
312 4.2608038615153 
313 4.15310995444214 
314 4.25535201956438 
315 4.0495021868009 
316 4.10689861064782 
317 3.9989974365690997 
318 3.9488801121739003 
319 3.90009935348438 
320 3.9820199119504602 
321 3.77697811062838 
322 3.75157888333718 
323 3.7403145833331997 
324 3.5866655141383803 
325 3.62461472460546 
326 3.44862448942036 
327 3.8206532780937 
328 3.6229201320221796 
329 3.88350843148582 
330 3.8533611606354596 
331 3.9097396266592597 
332 3.88099005959198 
333 3.8844935527341398 
334 4.03702442880508 
335 3.9958966595472605 
336 4.1223093439560206 
337 4.095773105620021 
338 4.17701871890076 
339 4.16467793828886 
340 4.17701871890076 
341 4.119143525003659 
342 4.2545386432298 
343 3.9384006983208004 
344 4.06004856335848 
345 3.8624808597115603 
346 3.9906666824554202 
347 3.5813661730003 
348 3.81297200853936 
349 3.4328703068066195 
350 3.63267821495146 
351 3.32829599150116 
352 3.5344562516385998 
353 3.4241725878324205 
354 3.6183571112298205 
355 3.6077551411226203 
356 3.79880056455172 
357 3.6977067859658397 
358 3.8439912120162196 
359 3.80550217131036 
360 3.84250040506844 
361 3.7436433549378796 
362 3.7734891615109 
363 3.8755300581517 
364 3.84532779031034 
365 3.96778566666602 
366 3.83850194498442 
367 3.8479450825632804 
368 3.75167542327094 
369 3.8572424119841004 
370 3.8504342081284597 
371 3.9634799913727 
372 3.9534601531481797 
373 3.92522128660276 
374 3.90683270551218 
375 3.66052447711918 
376 3.73423570703802 
377 3.93309428702786 
378 3.81871665932942 
379 3.99021914588434 
380 3.9159031755517 
381 4.0103580809478405 
382 3.9126584070554005 
383 4.1419514000713 
384 4.06136169093796 
385 4.4066482095549 
386 4.1464069825306 
387 4.2852230783986 
388 4.1034324694735 
389 4.39997636878742 
390 4.06038983814182 
391 4.51449195947444 
392 3.98983392607474 
393 4.410236304358159 
394 4.01556648049808 
395 4.32589885405876 
396 4.11817922799052 
397 4.38621218582826 
398 4.08784104287974 
399 4.20471432029036 
400 3.94693243438626 
401 4.17774639367572 
402 3.9615880637813197 
403 4.1572857866019195 
404 4.05927840520104 
405 4.2274968951447 
406 4.0392943146069005 
407 4.12646457125892 
408 3.9611804453284796 
409 4.24574940230808 
410 4.10775730345108 
411 4.215269505861221 
412 4.1200038353874 
413 4.1063715679532 
414 3.9703501218952804 
415 3.9214585202128602 
416 4.06814469359958 
417 3.9230524414782004 
418 4.2690880792760195 
419 3.79150314458636 
420 4.15063446931694 
421 3.7958776838527 
422 4.19385100987936 
423 3.8989792344877996 
424 4.38899575893604 
425 3.9878577184277604 
426 4.38899575893604 
427 3.9225657258593403 
428 4.21288498776674 
429 3.96389044197194 
430 4.2590978437141 
431 4.08070799140542 
432 4.11498450063372 
433 4.11981195365286 
434 4.02351289467912 
435 4.22064687664852 
436 3.77751672256682 
437 4.36451727444744 
438 3.8667953932764596 
439 4.373903843829121 
440 3.8747709096135403 
441 4.13367331071216 
442 3.9747703722062 
443 4.11822225298012 
444 3.99765274580012 
445 3.8380562580391198 
446 4.01450135158902 
447 3.8033055718834397 
448 4.010018656662259 
449 3.90871497850362 
450 4.06244158074868 
451 4.1226268633875005 
452 3.8918167498764604 
453 4.22948660833508 
454 3.94769412379432 
455 4.06701083286686 
456 3.77138563347278 
457 4.13297126285606 
458 3.94371941559094 
459 4.1530718400004 
460 3.84994778983528 
461 4.1258642093928 
462 4.04941641405146 
463 4.0690374065133 
464 4.03324717218048 
465 3.93758611397852 
466 4.09681346950906 
467 4.0762388483529595 
468 4.27057263523816 
469 4.13145814646052 
470 4.36157423901326 
471 4.17611494673514 
472 4.33905304160932 
473 4.23294174961464 
474 4.41113601960312 
475 4.43639273779592 
476 4.12064830376826 
477 4.39704063205194 
478 4.0541396911311205 
479 4.39704063205194 
480 4.02524279870058 
481 4.22952504175196 
482 4.0807033688696 
483 4.2245348549769 
484 4.0807033688696 
485 4.0997116438668595 
486 4.24717695446932 
487 4.11876053734032 
488 4.32011034340188 
489 3.99661425289096 
490 4.3891854966413595 
491 4.04221498850268 
492 4.28709324670098 
493 3.9676326734371203 
494 4.28709324670098 
495 4.02594060552836 
496 4.15148259458368 
497 3.99029220347998 
498 4.09144151869246 
499 3.89623096168946 
500 4.0389288028659 
501 3.97233336493908 
502 4.06794389037374 
503 3.95803255732596 
504 4.20810790108776 
505 3.98077540075352 
506 4.205592867258121 
507 4.03445975617118 
508 4.27276202189062 
509 3.9409677683832003 
510 4.1515033677749 
511 3.93737247906734 
512 4.20846318897636 
513 4.05764579376562 
514 4.14290731897848 
515 3.9629727243723005 
516 4.14542235280812 
517 4.0063203079030005 
518 4.1569910939106 
519 4.21147416425066 
520 4.2610952891735 
521 4.28556275683332 
522 4.19766691375428 
523 4.43706548463972 
524 4.19766691375428 
525 4.38446270571102 
526 4.25150050782846 
527 4.46532835754288 
528 4.3141821639423 
529 4.5223516055519 
530 4.36419025321782 
531 4.5006211243763 
532 4.44854880424728 
533 4.50079954083558 
534 4.4485488042472605 
535 4.5584982631163005 
536 4.39611123008316 
537 4.4174408923757 
538 4.22075086256054 
539 4.2535602668696795 
540 4.16490159182608 
541 4.135068032034161 
542 4.1692061544473 
543 4.104363342145961 
544 4.09821079983716 
545 4.00240984717414 
546 4.18216793367598 
547 4.05572030605974 
548 4.3296032317047395 
549 4.0743169754737405 
550 4.439109324963161 
551 4.14180452748734 
552 4.32976896151632 
553 4.18648748608196 
554 4.3476895288729605 
555 3.9795848773477203 
556 4.41630812747896 
557 3.96748202221558 
558 4.36394610134856 
559 3.96619169649968 
560 4.42571514690078 
561 3.97101550488184 
562 4.51986460301586 
563 4.01083684181748 
564 4.35409240230598 
565 4.0045622081453205 
566 4.29217951300176 
567 3.9053188684743 
568 4.390015853939159 
569 3.96472284381898 
570 4.35298933012086 
571 4.04281496932408 
572 4.367077580038 
573 3.9671170576168002 
574 4.26444200573328 
575 3.89072258135324 
576 4.13944327746562 
577 3.9078709517827397 
578 3.9827433134506998 
579 3.7981254424655395 
580 4.019769837269 
581 3.58261311026346 
582 3.8903393741495003 
583 3.58404044604344 
584 3.9160810475184 
585 3.70509859411628 
586 4.04667005703864 
587 3.7533360583533204 
588 3.93056041840126 
589 3.80956248273828 
590 4.06026630168372 
591 4.0481358707814 
592 4.0248505435551 
593 3.98968451960572 
594 3.9962789957958598 
595 4.049583608934 
596 3.9944736772911598 
597 4.082576566951159 
598 3.9932505180955196 
599 4.18898654593134 
600 4.05860881986974 
601 4.03706773535108 
602 4.27486892911828 
603 4.18691756711796 
604 4.42368255663364 
605 4.31642922920426 
606 4.54101535446664 
607 4.27988894452534 
608 4.46111845880298 
609 4.23563891596212 
610 4.4739948139987 
611 4.2059123439200805 
612 4.43460879008554 
613 4.15966767978328 
614 4.45329010410928 
615 4.2119780531368 
616 4.4777726777899 
617 4.25409406045728 
618 4.49073308701134 
619 4.3564291056040405 
620 4.57658344838218 
621 4.38753789970728 
622 4.65836100003486 
623 4.26620869420138 
624 4.64791091148222 
625 4.22972621796238 
626 4.59210818254466 
627 4.0290866606845 
628 4.59210818254466 
629 3.79646464336236 
630 4.4652621177651195 
631 3.9819413477725 
632 4.2553752050717 
633 4.07147725197852 
634 4.18220563492174 
635 3.9227982250451 
636 3.94462444372416 
637 3.8472620919880596 
638 3.92545092585978 
639 3.74190185364766 
640 3.89140913155572 
641 3.6416514917689 
642 4.09862071075192 
643 3.5734373571007603 
644 4.17179028090188 
645 3.61475949245042 
646 4.201301690956 
647 3.81084121386138 
648 4.43065165668248 
649 3.94836858580354 
650 4.43065165668248 
651 3.94836858580354 
652 4.43065165668248 
653 3.94836858580354 
654 4.43065165668248 
655 3.94836858580354 
656 4.5495049162975 
657 4.0486189476823 
658 4.48252634358128 
659 4.22327726387538 
660 4.5075094726083 
661 4.42308610972378 
662 4.32401277963836 
663 4.36843516103486 
664 4.2411332996894995 
665 4.42830003657916 
666 4.0929322483564 
667 4.23627344514782 
668 4.03954525206486 
669 4.1409344911738994 
670 4.0040565482932795 
671 4.08755032539962 
672 4.0310143042747395 
673 4.16123721834904 
674 3.8524419968824803 
675 4.12799682019022 
676 3.9126000241314203 
677 4.26185243814708 
678 3.7706423476052997 
679 4.16452383624586 
680 3.7097757048467 
681 4.12450244486272 
682 3.6910580398378996 
683 4.2105432551259 
684 3.7616171776159804 
685 4.23984238968222 
686 3.8100038798846803 
687 4.23984238968222 
688 3.7856162726216196 
689 4.27602706632452 
690 3.8992796506405396 
691 4.32075863033094 
692 3.97510530398674 
693 4.32075863033094 
694 4.01791546979472 
695 4.41114138288882 
696 4.06141977658438 
697 4.39884953140334 
698 4.0437909872320805 
699 4.39505962646242 
700 4.028452398679081 
701 4.29790668957884 
702 3.9254509615953 
703 4.31330462415134 
704 3.85757200313326 
705 4.22759229388342 
706 3.75607067719928 
707 4.17280512720966 
708 3.69587207886664 
709 4.02215889014054 
710 3.6116726721671597 
711 3.9329032224168996 
712 3.5278900129182604 
713 3.9175052878444196 
714 3.6570779259032 
715 4.03604693473274 
716 3.8026509923524 
717 4.18195461445896 
718 3.9786295422608604 
719 4.2432783383366 
720 4.0931427435840195 
721 4.37705410516876 
722 4.22828836846534 
723 4.19657087980554 
724 4.24096501628396 
725 4.1218127915718 
726 4.251144069764 
727 4.08462351530236 
728 4.205257545303541 
729 4.0490731142611995 
730 4.10652705448284 
731 3.9463975494429397 
732 4.01162138676984 
733 3.9110791074263402 
734 3.89012118137886 
735 3.8214469452112603 
736 3.8047363973182797 
737 3.88203428555842 
738 3.84476461750942 
739 3.91199771624336 
740 3.9349936496386597 
741 3.96061278701062 
742 3.9770339204608596 
743 3.84543438533706 
744 3.9086761153736 
745 3.7852138926864 
746 3.8413584548207 
747 3.55794152422884 
748 3.6195441276329 
749 3.4354107490429397 
750 3.43867807039 
751 3.28930615412906 
752 3.32835868417418 
753 3.4440441637400605 
754 3.2333333125447 
755 3.51494799718294 
756 3.2839296103406803 
757 3.6488492315799 
758 3.4103506339461 
759 3.55856834199986 
760 3.34112162593416 
761 3.8205583231866598 
762 3.4962346915483797 
763 3.69440799956202 
764 3.71548828476186 
765 3.5572433934142196 
766 3.5994845199398804 
767 3.6397686766319604 
768 3.65804437177012 
769 3.8387720373341 
770 3.9414623281075203 
771 3.73860546222564 
772 3.96312338191184 
773 3.9182775523449003 
774 3.75157922176754 
775 4.01398017350386 
776 3.82233571902882 
777 3.78560243657966 
778 3.65026068382862 
779 3.61553345103592 
780 3.38739407659772 
781 3.39747719098618 
782 3.12053813742944 
783 3.3444346261572 
784 3.3165576249977002 
785 3.34791976693504 
786 3.37973375160614 
787 3.53344202335594 
788 3.52371308824686 
789 3.69707401849506 
790 3.6934461558886804 
791 3.9738882757877803 
792 4.12221074829034 
793 3.9907926209691396 
794 4.12100235801664 
795 4.11032809031126 
796 4.09361632018408 
797 4.103548649490699 
798 4.1263337708567 
799 4.15916620967946 
800 4.185008711710379 
801 4.108414691674399 
802 4.1080624159024195 
803 4.051535248458039 
804 4.17373794208498 
805 3.9050552857746803 
806 4.14215681812486 
807 3.8523960304554 
808 4.03177735125494 
809 3.7101763510606 
810 3.8857708192824396 
811 3.6295862404220203 
812 3.7256542706582203 
813 3.5802744124768404 
814 3.63963527196766 
815 3.64415019401144 
816 3.7349999188542595 
817 3.84523420831106 
818 3.93277778478632 
819 3.9523671118465202 
820 4.10344591979634 
821 4.06285555692118 
822 4.22933411619972 
823 4.14837647444054 
824 4.15528115789376 
825 4.0291305316294 
826 4.10099191088692 
827 3.85227057099914 
828 4.16428833249118 
829 3.82614337012962 
830 4.11729837426762 
831 3.6957956449983795 
832 3.9578397568145 
833 3.7014646317223603 
834 4.06743216764226 
835 3.7216642805680005 
836 4.08715795393076 
837 3.71365113132702 
838 3.9881182243183 
839 3.72182826395118 
840 4.06736294937622 
841 3.87012051595174 
842 4.26761230248996 
843 3.99896043613642 
844 4.27371468579948 
845 4.01366638072016 
846 4.3412885643657395 
847 4.02601306996186 
848 4.3491066461624595 
849 4.0070223688060995 
850 4.31381954040808 
851 4.0104012026069595 
852 4.2740013693349805 
853 3.9583916088891398 
854 4.22975680006206 
855 3.95924330989824 
856 4.005901184130201 
857 3.9167990266790804 
858 3.91324985793666 
859 3.9136561737766797 
860 3.7914683115639596 
861 4.01140739524634 
862 3.77168067905068 
863 3.92586060857084 
864 3.73119674810766 
865 3.9842312774785595 
866 3.7517656798503403 
867 4.01681153386448 
868 3.7172304722973997 
869 3.9286904207116202 
870 3.6539989244576803 
871 3.69527866546996 
872 3.4757882615343396 
873 3.65887542226904 
874 3.4734537332959396 
875 3.65887542226904 
876 3.5522367353373197 
877 3.65294709402582 
878 3.5810410721211605 
879 3.7947999379394197 
880 3.7127762770205797 
881 3.8850027186908798 
882 3.7619639408892196 
883 3.74237364255348 
884 3.7862213035170003 
885 3.8063555585630198 
886 3.8486380486052396 
887 3.77503380620376 
888 3.96894167492572 
889 3.8843111652375 
890 4.072310889752 
891 3.76097546171428 
892 3.98438098693372 
893 3.8850561050414596 
894 3.83004610712684 
895 3.8311714986243404 
896 3.7556789889327398 
897 3.7778548075181804 
898 3.63369795478852 
899 3.8085312736705803 
900 3.6087467422225403 
901 3.72598613495704 
902 3.59312846280228 
903 3.6382585610586404 
904 3.7016031856474 
905 3.70495258233788 
906 3.79953016679084 
907 3.7335557267143202 
908 3.79771724589276 
909 3.6729725364272396 
910 3.7234294616341996 
911 3.650076529844 
912 3.8108545985604403 
913 3.75265245623848 
914 3.7372284350187597 
915 3.59949028604744 
916 3.52250386803576 
917 3.49925310691662 
918 3.4306108730255196 
919 3.6696471317348 
920 3.60166040015662 
921 3.69656100019118 
922 3.5672736813312 
923 3.77353740511166 
924 3.6454858617116996 
925 3.84755277888594 
926 3.7037466584438805 
927 3.84913040444886 
928 3.74153702572652 
929 3.83746375914606 
930 3.7205933659126402 
931 3.9000713044255795 
932 3.78930680541668 
933 3.92675228369544 
934 3.8896648286291997 
935 4.01565092142088 
936 4.05142265554722 
937 4.11074150553718 
938 4.07912561458416 
939 3.9753870390287402 
940 3.9753870390287402 
941 4.01788735898742 
942 3.9753870390287402 
943 3.9520168447989805 
944 3.9417139683978197 
945 3.8439253794317403 
946 3.9685991016698203 
947 3.8942848898355797 
948 3.9591167689754796 
949 3.9871961029287 
950 4.0957825624595205 
951 3.9689777056571005 
952 4.12716500396734 
953 3.8788705079281796 
954 4.06943454933104 
955 3.91681018206408 
956 3.9966927255775198 
957 3.80780099201436 
958 3.9310703810714203 
959 3.8034210679875997 
960 3.90041911840364 
961 3.6306942499925396 
962 3.78330148762644 
963 3.56648952020362 
964 3.65901118634428 
965 3.58608008176366 
966 3.7099014024801398 
967 3.6012686963325597 
968 3.70566776208332 
969 3.5149243746053798 
970 3.6148887939274403 
971 3.67347489943014 
972 3.76329648259412 
973 3.8952912679400002 
974 3.96953200146262 
975 3.8321878143197403 
976 3.95461044311678 
977 3.8874150089919 
978 4.0322351271531 
979 3.8718783612859804 
980 4.03774648306778 
981 3.9419764409950404 
982 4.06888199006384 
983 3.83718298686044 
984 3.9968458108777 
985 3.9381920645664996 
986 3.9834069908834997 
987 3.9318215194645 
988 3.94819614365748 
989 3.82512179688118 
990 3.83189673446266 
991 3.84993198713624 
992 3.8594490441600597 
993 3.77810004441236 
994 3.8251218361766197 
995 3.57982050002608 
996 3.88691252803618 
997 3.5951647607834 
998 3.8994609351151603 
999 3.8451684852671795 
1000 4.15059445622958 
1001 3.86510377191624 
1002 4.13415373619208 
1003 4.054658694348619 
1004 4.25954495891036 
1005 4.19227257854304 
1006 4.04492647651574 
1007 4.11317385379774 
1008 3.99839619203962 
1009 3.9560895833356597 
1010 3.86478254493054 
1011 3.7495637206535597 
1012 3.72607807804114 
1013 3.7143227740498 
1014 3.67557880447864 
1015 3.7709872063669203 
1016 3.7485380998530404 
1017 3.82087113776268 
1018 3.65884529930688 
1019 3.9418315458518003 
1020 3.61880401518616 
1021 3.8890274925321 
1022 3.5198609884420202 
1023 3.7007376344500598 
1024 3.34361004781828 
1025 3.58912139274742 
1026 3.4522665965112402 
1027 3.42593591559928 
1028 3.4009941764393603 
1029 3.2630150300424 
1030 3.3922675216224802 
1031 3.5005942614416803 
1032 3.6454650654562797 
1033 3.727201283997 
1034 3.87331910650134 
1035 3.73767403623998 
1036 3.80435396123386 
1037 3.83287938013218 
1038 3.9245632882201797 
1039 4.0028571094855 
1040 4.069180722382081 
1041 3.7986654759947798 
1042 3.83378121736294 
1043 3.66103137319814 
1044 3.68694401139634 
1045 3.66488387798264 
1046 3.6514378462308 
1047 3.42966470971026 
1048 3.45507211628714 
1049 3.2464966637211603 
1050 3.2344913355249405 
1051 3.22590544147396 
1052 3.18936418229392 
1053 3.07358999646126 
1054 3.110609578863 
1055 3.0040031612901403 
1056 3.10098403884254 
1057 3.1410551007215597 
1058 3.27398208216166 
1059 3.38147565360154 
1060 3.55928917893038 
1061 3.58092829899118 
1062 3.80594037734352 
1063 3.80216081163622 
1064 3.98245021731998 
1065 3.8479341839095396 
1066 3.9418841060255403 
1067 3.79042521442178 
1068 3.84949036940338 
1069 3.7175243478366395 
1070 3.7819398270460396 
1071 3.5867115290991203 
1072 3.6593713324154202 
1073 3.47286902205312 
1074 3.62354078171766 
1075 3.5209729641156002 
1076 3.68517870474012 
1077 3.55262495001064 
1078 3.77099152674912 
1079 3.52816518590002 
1080 3.76445841742114 
1081 3.6144475523584 
1082 3.86385372936216 
1083 3.70632552056788 
1084 3.9840602064454202 
1085 3.73962905155866 
1086 4.02436003497502 
1087 3.7511073513379403 
1088 3.9368986253383804 
1089 3.83656837019022 
1090 3.9965231178540797 
1091 3.81923898765782 
1092 3.98885929772772 
1093 3.7195138224018995 
1094 3.86115637930794 
1095 3.7522221817494597 
1096 3.94622062577278 
1097 3.7650069639873402 
1098 3.99441073516342 
1099 3.74520450949766 
1100 3.9551534806040998 
1101 3.7316417812812395 
1102 3.93200634140572 
1103 3.63669953105142 
1104 3.8679687438976798 
1105 3.76322911276458 
1106 3.9924372442251603 
1107 3.7477085571515603 
1108 4.06883380949772 
1109 3.77768884027392 
1110 4.07583993527334 
1111 3.8259350708831596 
1112 4.16054103014022 
1113 3.78705978824334 
1114 4.0676242111433405 
1115 3.8220572081298 
1116 4.08899605420432 
1117 3.8076346689467995 
1118 4.05221514343338 
1119 3.7566739093128 
1120 4.0483520203704 
1121 3.78035234089408 
1122 4.08814614492302 
1123 3.8462878799545 
1124 4.1671266945367 
1125 3.76442669933338 
1126 4.0347268544873796 
1127 3.79994552187958 
1128 3.95642288648218 
1129 3.7908934522346 
1130 3.87008896354192 
1131 3.7927097564064 
1132 3.88946940549342 
1133 3.80938398448248 
1134 3.91457085850188 
1135 3.8251486637087195 
1136 3.91962890705192 
1137 3.7780960570179998 
1138 3.96726863172996 
1139 3.7101022129695402 
1140 4.06277618289422 
1141 3.67652301029838 
1142 4.03872369317168 
1143 3.6580160366319 
1144 4.00072580249216 
1145 3.62330122313134 
1146 4.0278458968979205 
1147 3.7003505906954404 
1148 3.9522736557571596 
1149 3.76239547441292 
1150 3.9114928386709797 
1151 3.7018357018867 
1152 3.8559460589631 
1153 3.72538319454504 
1154 3.99392926138952 
1155 3.77546899268568 
1156 4.04740857125428 
1157 3.81995520217954 
1158 4.03724700395298 
1159 3.8778180066291803 
1160 3.9627412287960397 
1161 3.8896504487075396 
1162 3.93569083206406 
1163 3.88001168762838 
1164 3.94319695519072 
1165 3.85872599798328 
1166 3.98785586916972 
1167 3.84458809595652 
1168 3.93660097652394 
1169 3.6708099486911996 
1170 4.01904647291256 
1171 3.71356861622618 
1172 4.04470772461788 
1173 3.62380249252638 
1174 3.9495256722388197 
1175 3.5759307347702 
1176 3.8931656553737595 
1177 3.63237875288072 
1178 3.86106652957906 
1179 3.75944323697468 
1180 3.6568011743616204 
1181 3.8090152886534 
1182 3.69471523738776 
1183 3.8171356798288003 
1184 3.6799645733146598 
1185 3.9140707235809202 
1186 3.8210863242839204 
1187 3.86787954523128 
1188 3.89218325483944 
1189 3.8415893008723403 
1190 4.01946145808808 
1191 3.78694373822582 
1192 4.01323866679028 
1193 3.84062863152596 
1194 4.0418443885822 
1195 3.8631125607841397 
1196 3.9767712334681797 
1197 3.7680406205469197 
1198 3.8185458768394596 
1199 3.7909306222667 
1200 3.84983092923592 
1201 3.77331369324412 
1202 3.8107471837380205 
1203 3.8044686177184404 
1204 3.9253662017492403 
1205 3.8200712164761397 
1206 4.0363597393315604 
1207 3.7532408962109 
1208 4.05401403556506 
1209 3.72080644275566 
1210 4.09957021711492 
1211 3.70816048902768 
1212 4.07602279830442 
1213 3.68630344314456 
1214 4.0926080546931205 
1215 3.5611532559573598 
1216 4.05433622637626 
1217 3.5586338938137403 
1218 4.03153792203122 
1219 3.67456313678624 
1220 3.9410380753989402 
1221 3.6451516300705 
1222 3.79259227202296 
1223 3.54821733608876 
1224 3.68752954685406 
1225 3.5230536436785003 
1226 3.7496803899488804 
1227 3.65312880291022 
1228 3.6646950316474802 
1229 3.6036085253439802 
1230 3.75376504244974 
1231 3.6595082958802996 
1232 3.88517312010278 
1233 3.8313318246358796 
1234 4.0352085045946 
1235 3.91263789145928 
1236 4.029144742547119 
1237 4.00466712105482 
1238 4.05467459583738 
1239 3.7888263856357804 
1240 3.9689158492112804 
1241 3.8165460911039197 
1242 3.9816484982816 
1243 3.7671600679521 
1244 4.00482212711762 
1245 3.6954534315695398 
1246 3.8740984193501 
1247 3.57288129077462 
1248 3.88793349298018 
1249 3.6921347451262596 
1250 3.73992533075986 
1251 3.6711068473313198 
1252 3.77879147071494 
1253 3.68478752058662 
1254 3.82495427631454 
1255 3.6475139849122598 
1256 3.76683160515226 
1257 3.57548327937186 
1258 3.7484108425692 
1259 3.6869423840730597 
1260 3.9338599439751 
1261 3.48724863179646 
1262 3.6569983599138602 
1263 3.4665701603478603 
1264 3.57100755068022 
1265 3.5305734744186 
1266 3.6578615892555595 
1267 3.60694752527598 
1268 3.53495296569474 
1269 3.56417041351384 
1270 3.5474851145160997 
1271 3.71365454449258 
1272 3.6364285222771997 
1273 3.66996674565126 
1274 3.5816835325686 
1275 3.72817518344052 
1276 3.58216401068876 
1277 3.71547818256436 
1278 3.7066279563941995 
1279 3.70196763218294 
1280 3.68544360057002 
1281 3.7213879512306796 
1282 3.72963481015244 
1283 3.8251182767655 
1284 3.82753906999598 
1285 3.75139491135426 
1286 3.7473553478362396 
1287 3.72758276864156 
1288 3.7010402819263803 
1289 3.7572862645100598 
1290 3.74851616784668 
1291 3.7488564550241796 
1292 3.73371820570514 
1293 3.8145689418131803 
1294 3.8290068467651404 
1295 3.8242102357884398 
1296 3.9039009739616395 
1297 3.94134920706664 
1298 3.9121524553087603 
1299 3.93039314400768 
1300 3.8767737457358202 
1301 3.9523097362883197 
1302 3.92864845515498 
1303 3.88259289627506 
1304 3.82318958676296 
1305 3.8912030732776204 
1306 3.81124496651202 
1307 3.80437510221674 
1308 3.9433737663287802 
1309 3.73682217180696 
1310 3.9871337030187597 
1311 3.691543392882 
1312 3.9314879626301398 
1313 3.62601346318768 
1314 3.8651140825865804 
1315 3.61702858406018 
1316 3.9429700416146405 
1317 3.6178902230654004 
1318 3.8296707674463804 
1319 3.6526407305581 
1320 3.7209918534619804 
1321 3.65682754137758 
1322 3.7303747147093396 
1323 3.61842472510624 
1324 3.56957591958122 
1325 3.6486390868292404 
1326 3.5962344648516003 
1327 3.68443314963276 
1328 3.6610161362665004 
1329 3.71962133834304 
1330 3.71360279992638 
1331 3.74991156204804 
1332 3.75056318799228 
1333 3.82973896543218 
1334 3.94603421420422 
1335 3.79389333260934 
1336 3.9107414145115795 
1337 3.7319162364401004 
1338 3.92959430087488 
1339 3.6897048072512804 
1340 3.87586313971266 
1341 3.6981418618107 
1342 3.89916170593892 
1343 3.6833537915583796 
1344 3.91112016070804 
1345 3.76726706521096 
1346 4.00550220456698 
1347 3.72696647292166 
1348 3.8898414105010604 
1349 3.8428626957324 
1350 3.95280754627422 
1351 3.7751281747279997 
1352 3.8666551628993195 
1353 3.7051864937576 
1354 3.68082146496714 
1355 3.5876408927811196 
1356 3.5728893696125197 
1357 3.71408762736604 
1358 3.5709906031955803 
1359 3.70116304074376 
1360 3.6906353576296396 
1361 3.7941640238866 
1362 3.7504234055487204 
1363 3.84546874579114 
1364 3.90294935525944 
1365 3.88133212418048 
1366 4.000709612707761 
1367 3.8103258212999003 
1368 4.1246809441634396 
1369 3.7603932121407397 
1370 4.11337076474098 
1371 3.7023201746964802 
1372 4.09593909238714 
1373 3.6084358676364197 
1374 4.02349852443334 
1375 3.6398083903891605 
1376 3.92144781939568 
1377 3.6519228914327995 
1378 3.80649465701548 
1379 3.58054045647996 
1380 3.69405024093734 
1381 3.5981872873073 
1382 3.7654983457685605 
1383 3.7189539822973403 
1384 3.8263695824201003 
1385 3.7402082172149003 
1386 3.8819345410008603 
1387 3.7040431814790202 
1388 3.9086829256227396 
1389 3.5495141331455597 
1390 3.7162595462016 
1391 3.5215615760374 
1392 3.7934019359319002 
1393 3.4518480115033805 
1394 3.7223716929263198 
1395 3.4375193421729398 
1396 3.771414998459 
1397 3.43396609654502 
1398 3.72816971541038 
1399 3.60109103786492 
1400 3.9029466189865 
1401 3.59654440393454 
1402 3.8196480402298 
1403 3.6805704817164 
1404 3.88046935794324 
1405 3.7214983108344803 
1406 3.96411100471816 
1407 3.8074672545269204 
1408 4.13538553556376 
1409 3.7153562194736205 
1410 4.0010394029173195 
1411 3.7879484567714004 
1412 4.04138938771574 
1413 3.67185750502274 
1414 3.9176755640912395 
1415 3.59804645537998 
1416 3.8117483686994 
1417 3.6232033023651398 
1418 3.7377697564148002 
1419 3.7299282884030602 
1420 3.8967927407929204 
1421 3.77300186456556 
1422 3.86442687375976 
1423 3.8842616086071997 
1424 3.94234781124858 
1425 3.90787348639874 
1426 3.9436967374241 
1427 4.00757484457578 
1428 4.029669216709079 
1429 3.9601830138073 
1430 4.0959882958598 
1431 3.9532299899375998 
1432 4.01787677389626 
1433 3.98793659886602 
1434 4.02200342516242 
1435 3.9208033281647197 
1436 3.96408188191538 
1437 3.75010072575382 
1438 4.0622073604116 
1439 3.62630087821872 
1440 4.06926521302148 
1441 3.61338023955638 
1442 4.04614661882826 
1443 3.55861174293466 
1444 4.08601116197144 
1445 3.5929007170431397 
1446 4.20705664536834 
1447 3.6403388025234 
1448 4.04798521331638 
1449 3.6766942762067005 
1450 4.02278397106914 
1451 3.76458387608972 
1452 4.00428594881998 
1453 3.74246247291756 
1454 3.8820672552859 
1455 3.6819609543198197 
1456 3.7561063572339597 
1457 3.72909507555408 
1458 3.8447490654779 
1459 3.7847360948688 
1460 3.8996103862559997 
1461 3.73793585628592 
1462 3.96880864798554 
1463 3.7900862286361603 
1464 4.05620484970438 
1465 3.8608075552240004 
1466 4.10902101539688 
1467 3.88774835814558 
1468 4.12463566167278 
1469 3.9030471373485396 
1470 4.12709153755618 
1471 3.85967020403736 
1472 4.0825419252163 
1473 3.78270776382246 
1474 3.9680011361663396 
1475 3.8131737591317405 
1476 4.01493463583314 
1477 3.7238873727008395 
1478 4.00270291948804 
1479 3.6887572352791205 
1480 4.02107685811284 
1481 3.74069868741762 
1482 3.9247239511669 
1483 3.7852893214195804 
1484 3.9980657572279803 
1485 3.73582178796656 
1486 3.9662634646142996 
1487 3.75636184047288 
1488 3.941323452026 
1489 3.7182106296764204 
1490 3.8104646395020603 
1491 3.5832595026386 
1492 3.8958260530663997 
1493 3.51791700242444 
1494 3.80685979009124 
1495 3.60862482905598 
1496 3.82766022691248 
1497 3.61218339008306 
1498 3.80599710791162 
1499 3.7206522176373396 
1500 3.8719071938801397 
1501 3.8682829776704204 
1502 3.7574850468024996 
1503 3.91552659969976 
1504 3.8669729965657 
1505 3.7937425172556205 
1506 3.8476864643036004 
1507 3.70855460468898 
1508 3.87641862213598 
1509 3.64985194812052 
1510 3.83736015951202 
1511 3.6207444513145197 
1512 3.95009859078504 
1513 3.53963468065852 
1514 3.80408319223316 
1515 3.5993494420218197 
1516 3.81507265492082 
1517 3.6735889130135595 
1518 3.6550382081098 
1519 3.7518009874694798 
1520 3.8122178475771795 
1521 3.71783860533462 
1522 3.81282106967456 
1523 3.77610278820836 
1524 3.95425799733084 
1525 3.71889226749726 
1526 3.9080268489579404 
1527 3.69403448832466 
1528 4.07188659694038 
1529 3.6868098356073 
1530 3.9946781769794 
1531 3.7160320565429203 
1532 3.9585453284586203 
1533 3.73944458310474 
1534 3.90046923836348 
1535 3.61968913242454 
1536 3.7356915792339995 
1537 3.6774105745879 
1538 3.6605023275616397 
1539 3.56555419608098 
1540 3.5624023509908 
1541 3.51573351462046 
1542 3.6290819899214197 
1543 3.45705174617704 
1544 3.58557620785502 
1545 3.5854655235219197 
1546 3.6875400083507204 
1547 3.62512161974794 
1548 3.71979663529388 
1549 3.68087205381228 
1550 3.86237115564562 
1551 3.76190003195562 
1552 3.94158416199042 
1553 3.8361555317431195 
1554 3.9247743079535 
1555 3.9088598184906 
1556 4.0384349790847205 
1557 3.8966808506545 
1558 4.10934188480938 
1559 3.8466648596512996 
1560 4.05754709160622 
1561 3.82002151394842 
1562 4.03155148142038 
1563 3.83054761868 
1564 4.13351032191612 
1565 3.8243860739079603 
1566 4.113808123309 
1567 3.8163182510689198 
1568 4.07054429530256 
1569 3.8647630474960004 
1570 4.1051678866447 
1571 3.7747557947993995 
1572 4.06657573704588 
1573 3.82715151872844 
1574 4.101075439029939 
1575 3.82950745396604 
1576 4.0664324544452 
1577 3.82789575180336 
1578 4.00578115971246 
1579 3.7985876890766797 
1580 4.02575955944412 
1581 3.80719747620864 
1582 3.93176117624214 
1583 3.74275737847854 
1584 3.90897794139942 
1585 3.68044390827748 
1586 3.8342532457072 
1587 3.7183441047739003 
1588 3.87976053428308 
1589 3.6632850561207597 
1590 3.7991972313384204 
1591 3.5807204908101395 
1592 3.70557917677536 
1593 3.5969859128363195 
1594 3.7536482089916396 
1595 3.6109192826189798 
1596 3.8589140405406397 
1597 3.5554165004450398 
1598 3.8809239690286397 
1599 3.62061613155056 
1600 3.96772946742428 
1601 3.6851302441518596 
1602 4.00662391032672 
1603 3.73185921248902 
1604 3.93826483674368 
1605 3.7159777577218795 
1606 3.9439875461776195 
1607 3.7672719476379 
1608 3.8447998354268202 
1609 3.73934080981788 
1610 3.7715044362812202 
1611 3.7405895603552404 
1612 3.8236119404055797 
1613 3.78650222593028 
1614 3.8822078169205 
1615 3.73868891239922 
1616 3.7993643159126598 
1617 3.74161093012484 
1618 3.9014846328298396 
1619 3.7197332844738598 
1620 3.8883360167944603 
1621 3.58456451098174 
1622 3.73730733063244 
1623 3.52634052889968 
1624 3.7469237203291597 
1625 3.6527488537763197 
1626 3.92103288002246 
1627 3.6428917281725197 
1628 3.9403728915170197 
1629 3.43223931177576 
1630 3.7173052057593403 
1631 3.4700912937634003 
1632 3.7692278713585203 
1633 3.4534513003444802 
1634 3.6845382118867596 
1635 3.3555367791990003 
1636 3.6203388686105002 
1637 3.2204779075551997 
1638 3.65119934363162 
1639 3.45076383743016 
1640 3.94873878367842 
1641 3.461185162093 
1642 3.88230182261596 
1643 3.5436637992666 
1644 3.91011577351314 
1645 3.56168020930858 
1646 3.9156757158362 
1647 3.59182654580814 
1648 3.70385978374226 
1649 3.5536477614810402 
1650 3.6194102471760603 
1651 3.59321883534846 
1652 3.6539382705405203 
1653 3.55458201004936 
1654 3.60831579188804 
1655 3.5364347130885596 
1656 3.5963594190754002 
1657 3.6157706248537202 
1658 3.6799032673616 
1659 3.7269835102277598 
1660 3.75523959766248 
1661 3.7589019184783403 
1662 3.8095059463993204 
1663 3.75528450121962 
1664 3.7889924272721602 
1665 3.6929263680914404 
1666 3.7468129240322 
1667 3.7398171586199 
1668 3.8043193037911203 
1669 3.79549257525924 
1670 3.8436975163282 
1671 3.54790907903374 
1672 3.9520145850417 
1673 3.5451420959137403 
1674 3.99245326651936 
1675 3.67849146593288 
1676 4.077400798519919 
1677 3.5319726400150797 
1678 4.107529689034321 
1679 3.2776106506425 
1680 3.6819261632275597 
1681 3.3577647046661196 
1682 3.3487358703030203 
1683 3.0469968687487 
1684 3.00591214000246 
1685 2.8059345511171196 
1686 2.64308509852482 
1687 2.86117405100328 
1688 2.5065564034662797 
1689 3.00026379521418 
1690 2.71169583608852 
1691 3.13657640906032 
1692 2.8504850536318402 
1693 3.27349247381152 
1694 3.06605918695638 
1695 3.37853508119668 
1696 3.41664160648952 
1697 3.4272756748808595 
1698 3.4938701440142 
1699 3.4215237474675595 
1700 3.62464402298158 
1701 3.56527412425734 
1702 3.8785317079795596 
1703 3.7943871429533202 
1704 4.062061954283 
1705 3.88643087982226 
1706 4.05413117942296 
1707 3.7982257167233398 
1708 3.9694601190487 
1709 3.6834702593558397 
1710 3.82231148835474 
1711 3.57549535309476 
1712 3.6912389050112204 
1713 3.43016177505804 
1714 3.66551626200962 
1715 3.34041877048602 
1716 3.61882585531428 
1717 3.4404448825037397 
1718 3.5087717413624397 
1719 3.38575923542776 
1720 3.5571668936403 
1721 3.3051077180508 
1722 3.42466315767948 
1723 3.3883984667915596 
1724 3.25904825933072 
1725 3.4264430068840803 
1726 3.2188072916209998 
1727 3.3451418513430804 
1728 3.3879777795695802 
1729 3.3719512391765 
1730 3.2484331484179996 
1731 3.3104693928280198 
1732 3.3670022030094797 
1733 3.34006352306976 
1734 3.5063065498041 
1735 3.23845768624674 
1736 3.4977874605507404 
1737 3.28987704718796 
1738 3.39008931339274 
1739 3.26400328774558 
1740 3.49888524145752 
1741 3.34390055190138 
1742 3.4138340057300396 
1743 3.36078193025498 
1744 3.44031338467152 
1745 3.46422795754136 
1746 3.5574210253686203 
1747 3.4514160929824 
1748 3.60705860250742 
1749 3.50551886044408 
1750 3.65898871047426 
1751 3.5503401005308803 
1752 3.6446785860836997 
1753 3.53984608960418 
1754 3.6085881792773002 
1755 3.6102340372344996 
1756 3.58771457798834 
1757 3.66371717083844 
1758 3.65429922912094 
1759 3.812163290543 
1760 3.8119967221760396 
1761 3.7748721048990603 
1762 3.8850333487748 
1763 3.79209649639468 
1764 3.92447756324094 
1765 3.87446676578908 
1766 4.00626566026894 
1767 3.7533424047763 
1768 4.069999735847739 
1769 3.58665701836584 
1770 3.8864096859273802 
1771 3.4647753933235004 
1772 3.72599536200618 
1773 3.43144656701068 
1774 3.7161695894701197 
1775 3.3165663058946 
1776 3.59374028142904 
1777 3.219261690653 
1778 3.46043170262422 
1779 3.2858804792412 
1780 3.46229983804106 
1781 3.27096700962226 
1782 3.50543209521756 
1783 3.2477004900804 
1784 3.51088792848266 
1785 3.2167994610200203 
1786 3.42173833758914 
1787 3.25539050310424 
1788 3.38757108793994 
1789 3.39993381502146 
1790 3.42590933136272 
1791 3.40740050672438 
1792 3.4611175242068803 
1793 3.39021103841022 
1794 3.3559112699897398 
1795 3.3745217481944203 
1796 3.3914854786868 
1797 3.47551725923406 
1798 3.5163696615839 
1799 3.4929601432913997 
1800 3.5451233368478596 
1801 3.5481604499551205 
1802 3.6465340440371796 
1803 3.4924940065799803 
1804 3.8027198925528 
1805 3.46035439798876 
1806 3.8137954216862 
1807 3.41194781291644 
1808 3.8938972586104597 
1809 3.48189596435434 
1810 3.83925106380348 
1811 3.3773362873654 
1812 3.75303017376116 
1813 3.4947439127583997 
1814 3.61897581489522 
1815 3.50605254684902 
1816 3.60255385332732 
1817 3.51811256223764 
1818 3.57290407560586 
1819 3.48758526469872 
1820 3.5711721085428003 
1821 3.5350349233604597 
1822 3.69421305797822 
1823 3.62914991106462 
1824 3.7856868864080804 
1825 3.5975287140651604 
1826 3.71382525163112 
1827 3.57127508229172 
1828 3.69887083112012 
1829 3.5952540686828796 
1830 3.69350456373286 
1831 3.6570550786680798 
1832 3.76913949762882 
1833 3.7769172435074205 
1834 3.9434783394418 
1835 3.7869845041996397 
1836 3.9051714271037 
1837 4.01042248321194 
1838 3.8092090322297603 
1839 4.13404702644444 
1840 3.85360121051358 
1841 3.93735021831856 
1842 3.9224473143235996 
1843 3.96213920009408 
1844 3.88914356128818 
1845 3.9339647134672804 
1846 3.7806853151666204 
1847 3.79294052920872 
1848 3.9125948723138597 
1849 3.68103528257256 
1850 3.85485988679512 
1851 3.59687032199568 
1852 3.83308755750814 
1853 3.9215027847974198 
1854 3.5795891233451598 
1855 3.87345119233756 
1856 3.5278621180711 
1857 4.017571382313379 
1858 3.4493645822578998 
1859 4.13541673936938 
1860 3.5480842915908197 
1861 4.21707384333038 
1862 3.7978535713286 
1863 4.26901571620764 
1864 3.7240806490723 
1865 4.2024747625300005 
1866 3.64545542464314 
1867 4.24514190254764 
1868 3.72183232180206 
1869 4.2525538045138 
1870 3.5629136518309403 
1871 4.07305325019516 
1872 3.4588556252096803 
1873 4.07092205178306 
1874 3.416867759918 
1875 4.12033609288612 
1876 3.4511918486148403 
1877 4.31102804065874 
1878 3.4943473201818 
1879 4.29550184785074 
1880 3.56759607067688 
1881 4.42023173093404 
1882 3.55264143676498 
1883 4.3236012754535995 
1884 3.5294431667532202 
1885 4.41298967852548 
1886 3.57572761282324 
1887 4.30635320471196 
1888 3.47743618151904 
1889 4.40391987647614 
1890 3.5626956150269997 
1891 4.42522467531928 
1892 3.5057483993180596 
1893 4.073231700357001 
1894 3.47975842136648 
1895 4.10215737860092 
1896 3.4860075813635802 
1897 3.95789059196058 
1898 3.48027252619854 
1899 3.58450670051148 
1900 3.25616616495856 
1901 3.41360366548052 
1902 3.20623764507112 
1903 3.10404175057494 
1904 3.18592101863928 
1905 3.22029861467374 
1906 3.08448482637756 
1907 2.9984604503484 
1908 2.8653755173175 
1909 3.09788945976748 
1910 2.88366455787646 
1911 3.28133413033814 
1912 2.8616888533413403 
1913 3.26534631631064 
1914 2.98504772380778 
1915 3.32832859193744 
1916 2.9986907680871 
1917 3.3592557234780798 
1918 3.08546372246964 
1919 3.34855021339622 
1920 3.15440734249642 
1921 3.1930072554742 
1922 3.28946484689466 
1923 3.1578309761394197 
1924 3.23119736155248 
1925 3.08914941264874 
1926 3.38728169339542 
1927 3.11605248402436 
1928 3.3939877800160403 
1929 3.0238891563424 
1930 3.3091677568406603 
1931 3.2876399308499797 
1932 3.15480627587818 
1933 3.2078914151058 
1934 3.07152440766568 
1935 3.4187624453251204 
1936 2.92793966487774 
1937 3.66003333930092 
1938 3.03601472475476 
1939 3.92453036680818 
1940 3.24562963843278 
1941 4.0247628884259 
1942 3.4476149722581 
1943 4.16595025044968 
1944 3.6789423447608796 
1945 4.134404217323381 
1946 3.70878091060924 
1947 4.2687232900668 
1948 3.9446288083152 
1949 4.1402213114069 
1950 3.97565660031202 
1951 4.05194105609676 
1952 3.9135963416970596 
1953 4.097704788077801 
1954 3.8703521358094 
1955 4.3464830652830795 
1956 3.9334675165678 
1957 4.15635074748098 
1958 3.9114353773708204 
1959 4.2754201591292595 
1960 3.8961544661622396 
1961 4.31818029271838 
1962 3.9009445913228604 
1963 4.37749133398888 
1964 3.8747651343086402 
1965 4.0993977095492395 
1966 3.7673635584581397 
1967 4.03810630146942 
1968 3.7089167931995397 
1969 3.891407422154 
1970 3.6372388752317804 
1971 3.6909214447606202 
1972 3.74954791579002 
1973 3.4934643207631195 
1974 3.6782892958770397 
1975 3.5747700514322 
1976 3.7746660713109597 
1977 3.53872261712304 
1978 3.70830574629028 
1979 3.6178185291330003 
1980 3.86445766893866 
1981 3.91614765694426 
1982 3.6274651592053204 
1983 3.9668145038780205 
1984 3.72299578281672 
1985 4.02525759716034 
1986 3.75374207427978 
1987 4.3127287573514 
1988 3.77981789305948 
1989 4.3127287573514 
1990 3.64357427313416 
1991 4.0961000971949 
1992 3.58714325920916 
1993 4.01481302142986 
1994 3.41219629669204 
1995 3.8038286258081597 
1996 3.2317466080165196 
1997 3.6059881765504 
1998 3.2317466080165196 
1999 3.28796696614308 
2000 3.43724211657304 
2001 3.2561461581943396 
2002 3.63895682491912 
2003 3.15225744887946 
2004 3.68272452763724 
2005 3.26071606891594 
2006 3.85612517208408 
2007 3.5492043165018003 
2008 3.93850386416676 
2009 3.82030314198024 
2010 3.9479106933675197 
2011 3.79313680745622 
2012 3.90055982151146 
2013 3.74315331530518 
2014 3.8392077090337997 
2015 3.3494598516626803 
2016 3.6954049875561203 
2017 3.33851561843464 
2018 3.6003113903373603 
2019 3.1991463273617198 
2020 3.53721461257296 
2021 3.2058618240201 
2022 3.41566200797688 
2023 3.34602053053392 
2024 3.4185596832181 
2025 3.40766670036684 
2026 3.3924856188214596 
2027 3.5135656883467803 
2028 3.38397213275294 
2029 3.50955227850994 
2030 3.25643043687266 
2031 3.6046658983444404 
2032 3.3978985127919 
2033 3.57116833919982 
2034 3.3513475811613 
2035 3.4946391044203997 
2036 3.37932052053194 
2037 3.42729967953684 
2038 3.56084823056172 
2039 3.5349084245190605 
2040 3.6672250743369 
2041 3.48087350725028 
2042 3.66869441949232 
2043 3.53492255129692 
2044 3.8066935004997604 
2045 3.439908037939 
2046 3.6149212164213 
2047 3.44658024672236 
2048 3.4538707338689596 
2049 3.60496169284322 
2050 3.4927590949544802 
2051 3.6296073955347197 
2052 3.48818597779074 
2053 3.5622942414278804 
2054 3.37596281998596 
2055 3.73162121775614 
2056 3.5172116707719 
2057 3.8467871557412403 
2058 3.50248428544852 
2059 3.7908118596769804 
2060 3.5900273595314602 
2061 3.9007349855757196 
2062 3.67142731322146 
2063 3.9733757643217205 
2064 3.69701241792698 
2065 3.9390802157457996 
2066 3.7843996830777797 
2067 3.8714784159455804 
2068 3.9305277888722996 
2069 3.8735550512276804 
2070 3.9076062444221003 
2071 3.91456175814064 
2072 3.9363541441913 
2073 3.94033332859752 
2074 3.9593306909482004 
2075 3.8574008829689803 
2076 3.93822264532918 
2077 3.7395169052012003 
2078 3.8421169680292997 
2079 3.62396797417382 
2080 3.7525408161313 
2081 3.67888186420796 
2082 3.71309672200794 
2083 3.6528818486144403 
2084 3.67390918248978 
2085 3.73373278745634 
2086 3.6064214976597198 
2087 3.92634909366566 
2088 3.50072825325798 
2089 3.93575392544004 
2090 3.6404726088073196 
2091 4.02994193914538 
2092 3.72595227569758 
2093 3.9465509299492196 
2094 3.6041878884930805 
2095 4.0005080025959 
2096 3.6989735326382602 
2097 3.9949594411552396 
2098 3.8490152849535795 
2099 4.00473724394074 
2100 3.77588099559562 
2101 3.8981822507309998 
2102 3.72700978431658 
2103 3.93243694175732 
2104 3.6677013646552803 
2105 4.02069742521384 
2106 3.76394674569618 
2107 3.98029093295512 
2108 3.79644860584096 
2109 3.95096476239178 
2110 3.83317486476682 
2111 3.85534873345104 
2112 3.7121416065537405 
2113 3.71024278844314 
2114 3.7244850312348197 
2115 3.64209294303756 
2116 3.69843503149698 
2117 3.52834351499276 
2118 3.66301847495646 
2119 3.5132419587468595 
2120 3.5632210103885398 
2121 3.3686774513591997 
2122 3.5866077217204 
2123 3.4259024162296 
2124 3.74886633576926 
2125 3.5791573680721798 
2126 3.6315357150241603 
2127 3.7406297015332397 
2128 3.5707316398195603 
2129 3.7194336432374797 
2130 3.5257399427797202 
2131 3.6812779210229998 
2132 3.6874239786265397 
2133 3.6206810845355797 
2134 3.5356344477610397 
2135 3.7432239629323 
2136 3.5802947197851602 
2137 3.66196193383268 
2138 3.53670113633858 
2139 3.7670859874718197 
2140 3.73240520610684 
2141 3.73766462698064 
2142 3.7045090622777 
2143 3.7620662348806198 
2144 3.535349251315 
2145 3.7408233243593996 
2146 3.4991490499762796 
2147 3.7510141662935403 
2148 3.58836057844922 
2149 3.7198531827033 
2150 3.5770979712509003 
2151 3.82517028977646 
2152 3.7014650732666396 
2153 3.75665599428132 
2154 3.75728779499074 
2155 3.7915196149716004 
2156 3.7965783262619603 
2157 3.8287869299414603 
2158 3.7796710500383397 
2159 3.79416421070594 
2160 3.6812990284950997 
2161 3.77203231325288 
2162 3.6913344885085997 
2163 3.7518925922609 
2164 3.75076744940782 
2165 3.6610648372678 
2166 3.6292393296336 
2167 3.6874666505514804 
2168 3.6522318260506403 
2169 3.7178295082511 
2170 3.73683762469488 
2171 3.7601054169875 
2172 3.66120828524622 
2173 3.79167026621498 
2174 3.63493576971968 
2175 3.7614685477929797 
2176 3.68290221034096 
2177 3.9113169612266 
2178 3.8528767406145 
2179 3.8462665799480598 
2180 3.74886294438832 
2181 3.80745903201962 
2182 3.68022046036508 
2183 3.8011085626851395 
2184 3.74869853701004 
2185 3.62923674907476 
