0 9.793185893604303 
1 14.124137931034483 
2 20.817470716696445 
3 18.24157682087235 
4 18.701611860439193 
5 10.508142343190997 
6 25.08990195667909 
7 14.549915010233462 
8 26.169584586395796 
9 10.261796295843222 
10 10.713885404985657 
11 18.750269342357605 
12 15.079071305823392 
13 14.303217138063442 
14 40.84631640453815 
15 17.849545282384533 
16 10.161038608663633 
17 19.84567486491346 
18 18.55221801035912 
19 16.717301192525987 
20 54.97410087029464 
21 18.42621481634428 
22 17.46993381565849 
23 10.546375291990717 
24 11.342026273519343 
25 10.561751804231445 
26 13.654533438811354 
27 24.97769202367766 
28 27.807970510041038 
29 19.724071121895705 
30 15.87242432384362 
31 21.048663351182082 
32 14.223572659079503 
33 12.283585586429878 
34 14.54633229405461 
35 14.075129029443547 
36 27.525292033075207 
37 17.975229066847234 
38 12.087192078477482 
39 14.29595318193128 
40 38.974362786548596 
41 11.907517601635249 
42 16.565116251515594 
43 9.500595726174351 
44 17.447333172488957 
45 10.312636612861587 
46 15.010321084501195 
47 12.587531624106047 
48 17.717520233850937 
49 28.11723379722736 
50 16.382976063996 
51 17.43884581003264 
52 17.949997004271054 
53 13.332138168664436 
54 17.203519205922767 
55 23.93012044068396 
56 13.532108197398307 
57 18.583865021976465 
58 11.8634976396349 
59 12.577943712233667 
60 16.294001103281097 
61 12.781744822458158 
62 12.556630971376908 
63 15.644667248543444 
64 32.46063833080519 
65 19.93395751152512 
66 14.160569352725897 
67 21.616892320220174 
68 28.099527018879048 
69 26.61934681339883 
70 8.27055411062494 
71 18.039939613162954 
72 22.62238882446536 
73 4.576007052256962 
74 12.690246101526713 
75 14.330339236112298 
76 16.899773154919476 
77 24.009983399164234 
78 38.67072338699268 
79 14.604376817145145 
80 14.403368097169329 
81 14.27119428376999 
82 17.252274634330938 
83 19.70683393238894 
84 25.413863305865245 
85 9.661757049991477 
86 7.164398560391639 
87 16.00329657751154 
88 18.13886426245389 
89 12.550619256652633 
90 20.628468567718837 
91 8.353007482111241 
92 22.49366640567181 
93 18.01065789530185 
94 17.59510695153516 
95 35.632217889577014 
96 22.38765085482175 
97 17.08174942881695 
98 20.337794328717173 
99 27.87505649041657 
100 24.24915735371487 
101 13.857451061369456 
102 15.573450565118593 
103 10.039792420673676 
104 24.6497566938574 
105 11.348869930380243 
106 34.60761081223803 
107 13.488372990477783 
108 16.067360033710663 
109 13.740598658799865 
110 8.629757956331733 
111 10.690618986325461 
112 45.22306920978576 
113 11.529781736214195 
114 17.775864041872392 
115 14.42357674650527 
116 42.88654396728016 
117 16.928420653275055 
118 12.947860393038175 
119 20.122742712391332 
120 16.065144533688777 
121 21.614107413400394 
122 43.17615086881331 
123 34.256274553042736 
124 10.419077901430843 
125 19.983438865304993 
126 61.15393812148252 
127 15.239435084493891 
128 17.821332211614045 
129 27.475886645616885 
130 20.39197993037864 
131 18.71847121250664 
132 25.04585435762697 
133 26.113211306188518 
134 20.54993802148915 
135 26.924880278344823 
136 27.11372848157318 
137 7.773794166926145 
138 16.502287883854976 
139 25.212214474633324 
140 25.000470885562887 
141 17.51684736305775 
142 11.870918075658174 
143 20.983585561697975 
144 13.773583170781366 
145 19.031367264246402 
146 18.703029546326107 
147 15.40720714102046 
148 20.012997485435086 
149 12.5498681970372 
150 29.36426836183902 
151 10.533106312876379 
152 12.316735039070645 
153 26.233747388699165 
154 17.938634983362842 
155 14.252427052503169 
156 12.808521294073817 
157 8.51414048734542 
158 31.9936536026484 
159 42.46192472007937 
160 21.36245288784761 
161 27.78807332763567 
162 23.45348505605726 
163 15.521582094854638 
164 31.671617672599314 
165 26.802719697356984 
166 33.49949283175592 
167 14.801405925779541 
168 17.118071030356457 
169 19.787252913148087 
170 17.86452228431239 
171 20.629787568920825 
172 12.445230415908801 
173 12.524198557164015 
174 6.8370156649876925 
175 28.782125358549607 
176 13.011201727256088 
177 18.542703926223602 
178 18.07352123721824 
179 14.450560202858206 
180 17.469351714946168 
181 13.92300082987552 
182 22.052767174569123 
183 36.87073322960345 
184 49.561658080068064 
185 16.99963928034402 
186 22.32960667816606 
187 16.0371956441943 
188 16.069945556181345 
189 7.090949973034704 
190 20.104994727255296 
191 13.516975562280253 
192 16.564985406965953 
193 9.872481452189959 
194 36.225872760878204 
195 13.287915652879157 
196 14.188448449667472 
197 13.283244499760894 
198 36.91941517688171 
199 14.473248515340048 
200 14.696229852838123 
201 8.452866692597123 
202 8.967610756076859 
203 20.60060608739643 
204 14.267456297601512 
205 11.814674598882279 
206 12.409146718500832 
207 23.434091505897207 
208 56.199054037758096 
209 19.795377637658518 
210 19.350347856576057 
211 16.290204059439013 
212 51.61203947530333 
213 25.049294681143323 
214 9.141621659321642 
215 14.261343814921982 
216 17.965604828174058 
217 24.255608052231945 
218 21.03947751236494 
219 9.305827590644261 
220 20.2565645540643 
221 16.38694452909507 
222 16.109014095325882 
223 19.70359374265984 
224 12.305713497749691 
225 10.45966314046454 
226 31.717362371445855 
227 22.4544091824061 
228 36.86360400425386 
229 13.768067226890757 
230 21.024712522682385 
231 15.630034022858293 
232 18.038077626061714 
233 21.222046256052703 
234 17.87396232847524 
235 14.97361421997551 
236 12.234212476008798 
237 13.259854069980653 
238 15.23794022975143 
239 14.635002826297828 
240 18.7691481554406 
241 16.264241813211314 
242 30.88407163053723 
243 25.599375015258417 
