0 18.962877229468546 
1 18.04917764714995 
2 26.93715761012671 
3 18.349151074226867 
4 36.20304691208839 
5 21.802296508454663 
6 19.632945758205548 
7 20.585642138120924 
8 10.141432996196635 
9 31.258320788183212 
10 24.975312317641034 
11 13.906612954029276 
12 13.933361237899716 
13 13.829853039610391 
14 27.716275688891827 
15 18.52525948500508 
16 18.51969727743975 
17 8.414558498409093 
18 11.250543844166852 
19 8.962590201697084 
20 23.573173267688436 
21 14.77861519543073 
22 14.002811042522861 
23 24.29916980957181 
24 20.67157544036037 
25 5.984049398357002 
26 12.653111462393358 
27 20.823568545484335 
28 10.347695867882774 
29 11.861249837393316 
30 24.30071842410197 
31 9.010145883323416 
32 18.121153206399406 
33 12.139246807673162 
34 11.634459247670641 
35 18.176359444608156 
36 15.301089311902173 
37 19.618528202513648 
38 19.230046948356808 
39 28.63240675004096 
40 29.911882586184763 
41 26.28174697662761 
42 12.229860390254144 
43 12.654982123191576 
44 28.22109633098511 
45 23.35852797362471 
46 18.804659128610243 
47 16.626381467328397 
48 22.497165262260175 
49 12.262899377835993 
50 12.527303300648422 
51 22.195960141188674 
52 19.760404790396592 
53 7.772555269351222 
54 13.371154955799327 
55 22.024396263370424 
56 10.454370751817667 
57 13.603471650136544 
58 21.084427107158835 
59 20.990936616370142 
60 10.086243879916507 
61 10.810396197820552 
62 16.755768616171302 
63 15.602184296278661 
64 32.07414601319885 
65 24.592234717450193 
66 41.86600654795177 
67 12.215363915156846 
68 18.116769971708095 
69 22.096333875955516 
70 7.635447462317047 
71 15.17410242681215 
72 19.05029749738838 
73 27.3579628470048 
74 18.71863828875669 
75 12.770264551231111 
76 17.33076049005227 
77 34.19594798418328 
78 17.25752750553402 
79 31.43896680183793 
80 19.105051949767468 
81 12.305713497749691 
82 13.15711480428877 
83 22.29957094779599 
84 14.294783838590392 
85 50.23479531463339 
86 27.092011859162753 
87 25.18965341212787 
88 18.444527508674103 
89 19.39625328912381 
90 14.767376111257812 
91 12.698506504712396 
92 23.846583317698293 
93 27.794518369294387 
94 12.080299076618223 
95 17.703759982441035 
96 11.091230259887245 
97 17.877162025079066 
98 18.115361525138965 
99 14.608853145343025 
100 21.714930650831207 
101 14.765036786707501 
102 15.60375147413886 
103 14.085149538924448 
104 20.214779721139156 
105 16.628424854402805 
106 19.219560923975052 
107 20.659764158843057 
108 23.155295962194568 
109 23.412900164671075 
110 45.17630839158579 
111 20.119364324054665 
112 15.317294067808989 
113 33.83103453838584 
114 21.462474094921326 
115 19.73028760666472 
116 5.712372778171982 
117 11.84075703082213 
118 14.042848677007758 
119 27.955503715799647 
120 27.138640319376776 
121 21.282024740970762 
122 18.03396709920973 
123 26.00844562123683 
124 14.79002785711767 
125 22.66137903461094 
126 18.673386342792526 
127 20.80208700137381 
128 34.17616478985708 
129 19.788559889788445 
130 28.319991357424513 
131 13.36263512200406 
132 48.585110449559245 
133 27.545538130138965 
134 19.962514694753676 
135 18.37374768373511 
136 15.650388059701493 
137 26.32793923796372 
138 42.05912317997674 
139 11.06151168310565 
140 14.172148374409536 
141 17.98016066942737 
142 15.859160894158927 
143 16.57657315848964 
144 14.431467540153319 
145 22.605319464280903 
146 18.226198804997285 
147 15.000550767139945 
148 12.73857741602381 
149 28.58888563229751 
150 15.02155655596503 
151 19.55094811030522 
152 13.754431990345704 
153 22.410138864400167 
154 15.823322807851481 
155 40.92522954130768 
156 43.68930137599867 
157 12.813490766340294 
158 9.14345507736712 
159 12.218068263581202 
160 14.96357130370566 
161 21.97201573656446 
162 46.86949233984065 
163 16.62269146018611 
164 20.587258814232353 
165 12.893648939440517 
166 26.52742359846185 
167 14.579248496645695 
168 9.72741103565995 
169 12.616724822524365 
170 13.219274663002267 
171 32.51650515543841 
172 15.053905153632739 
173 8.919534363449998 
174 17.765097544240103 
175 14.581833478770264 
176 10.946869510976091 
177 21.48336107767562 
178 21.423666481083263 
179 15.488624404078301 
180 15.619847760349169 
181 16.214758458588484 
182 17.82640701104188 
183 17.79154771852876 
184 11.40602675354271 
185 17.00722166580839 
186 17.84331859969455 
187 19.71146462391616 
188 20.618429396583508 
189 13.848620521151128 
190 26.822087929656274 
191 18.84885607330478 
192 20.741496800482647 
193 12.465499460580789 
194 18.472715741629745 
195 22.49559667471172 
196 20.658543072452346 
197 14.694273362341384 
198 13.488936914685603 
199 25.47823815627221 
200 15.493315898151945 
201 15.254177865224523 
202 19.504489799714477 
203 17.8968424645844 
204 13.434799181286175 
205 18.19346835025744 
206 16.51638918203727 
207 16.03370120760112 
208 18.844113775333703 
209 18.834805491066017 
210 19.276445743541665 
211 19.84135634271874 
212 25.64429526097935 
213 12.61001091345301 
214 24.08235868285821 
215 23.410809272107212 
216 18.026139015553618 
217 13.631191521584405 
218 7.496213739202857 
219 14.025427186089283 
220 11.28629704973791 
221 27.782183333222935 
