0 2.569265857268977 
1 2.693190337202308 
2 3.7225670967385964 
3 2.7374396382773822 
4 4.9182973765639195 
5 3.2390745498685534 
6 2.6698087131618466 
7 3.0641347883220904 
8 1.2403406142643 
9 4.513494051174483 
10 3.448498264193756 
11 2.0769189208323553 
12 1.80367585068782 
13 2.0655053139564883 
14 4.055156517629745 
15 2.763375362109569 
16 2.7625567006666722 
17 1.3081746840989812 
18 1.6875087571749894 
19 1.3756152442279088 
20 3.4958398433539593 
21 2.1325957047042063 
22 2.098410163545819 
23 3.5269480121310206 
24 3.076560272041844 
25 0.7864991060558362 
26 1.8913637182089833 
27 3.0985125116778307 
28 1.5677625443042285 
29 1.7755772498469211 
30 3.629112413477946 
31 1.3012167897566997 
32 2.7459234700586377 
33 1.738985599763995 
34 1.7891803585154162 
35 2.754032744074152 
36 2.012653954069323 
37 2.9647185477635336 
38 2.609418173050514 
39 4.211055210575416 
40 4.124622583155165 
41 3.899460463809224 
42 1.5456972936398665 
43 1.9374105128784147 
44 4.06217239383488 
45 3.498163016379995 
46 2.7345608016977776 
47 2.5253711768643896 
48 3.2720753116496915 
49 1.8414848947379443 
50 1.7962239461105554 
51 3.33458561568753 
52 2.6888719908314527 
53 1.2842942595396374 
54 2.0046615796330025 
55 3.277105954295913 
56 1.582570896739047 
57 2.0390969668364356 
58 3.1425437434635297 
59 3.162832262941186 
60 1.5716686394466315 
61 1.6249367881004497 
62 2.5445262086733504 
63 2.0586934071029255 
64 4.648383268977584 
65 3.394188923216552 
66 5.763276828808209 
67 1.5435241162554563 
68 2.7452794877394564 
69 3.034327106660651 
70 1.269876083246933 
71 2.2728737289531034 
72 2.5824131116841444 
73 3.7804465649687518 
74 2.532488924473748 
75 1.6270392049694204 
76 2.322363028220981 
77 4.88014110415732 
78 2.3112283190106657 
79 4.541557302714975 
80 2.5906432462245057 
81 1.5570766793660187 
82 1.685597572523068 
83 3.2438088451459004 
84 2.059952501004557 
85 6.50248673949267 
86 3.910943793244169 
87 3.650880489932709 
88 2.6812074922658957 
89 2.821890570272472 
90 2.130907426960298 
91 1.8215786989133096 
92 3.4634396248297157 
93 4.06553786162311 
94 1.730322350079453 
95 2.6421320759546894 
96 1.5865683507830508 
97 2.6677772513546576 
98 2.6323242302750343 
99 2.181507487441982 
100 3.1598210699535794 
101 2.2047971991242257 
102 2.2565696202283245 
103 2.148295931603135 
104 2.942016858662889 
105 2.525673764268813 
106 2.7958503105870545 
107 3.115259490437754 
108 3.3657763244234498 
109 3.5057600280297088 
110 6.030107306992978 
111 3.0373071178073854 
112 2.0151319968255677 
113 4.86268926800148 
114 2.941361205093049 
115 2.9809440430982845 
116 0.7773776005644604 
117 1.818919564081493 
118 1.820375042086599 
119 4.026812440840746 
120 3.9172358717808384 
121 3.0972992270793793 
122 2.620220222161809 
123 3.7636104239871018 
124 2.1343100842936025 
125 3.295519878374539 
126 2.525667784383697 
127 2.8438744213046117 
128 4.671190915406952 
129 2.6930802216245593 
130 3.9115361481360593 
131 1.7167956429400717 
132 6.244543899735726 
133 3.806141341966882 
134 2.719058141227949 
135 2.480446258861052 
136 2.066062844189021 
137 3.638198900274624 
138 5.585174437329093 
139 1.37257091961956 
140 1.8401063201991654 
141 2.6829972820334524 
142 2.097974126876651 
143 2.4748515790424035 
144 1.8797066852268138 
145 3.353326794909565 
146 2.4581441794414713 
147 2.239926115167259 
148 1.6222536044431903 
149 4.170287684015287 
150 2.169094496730324 
151 2.913749932172221 
152 2.0993302304010655 
153 3.325649119280973 
154 2.3626513772290068 
155 5.637852485428148 
156 5.924172286196215 
157 1.9149792749885397 
158 1.3987033412258636 
159 1.7505833216517301 
160 2.2344097787180655 
161 3.1968175543668838 
162 6.256741255519974 
163 2.409469980719625 
164 3.104823700577273 
165 1.8505447270195676 
166 3.9325016266628965 
167 1.9022874326853878 
168 1.5232585255278621 
169 1.8933401692444638 
170 2.0203126226417787 
171 4.702918513222844 
172 2.2920491300581904 
173 1.418450087460253 
174 2.6935531970742668 
175 2.1774790935455606 
176 1.6911613028765837 
177 3.1934242451037473 
178 3.184863147637524 
179 2.3127365389782044 
180 2.3323090747563846 
181 2.4209874141075485 
182 2.6602736530186597 
183 2.6551187280334356 
184 1.7098059788646316 
185 2.5388681546697827 
186 2.591844922129177 
187 2.9371703219072116 
188 3.000933449864444 
189 2.0682954580281567 
190 3.8744417243914047 
191 2.741098869763982 
192 3.0188519733911265 
193 1.7870853947994145 
194 2.685388522222698 
195 3.2718511614671084 
196 3.0067762796459956 
197 2.1199270261936425 
198 1.9392630432702822 
199 3.7906393646574528 
200 2.2399787403743296 
201 2.3217922189778566 
202 2.8378235093787025 
203 2.7129444602833357 
204 1.9311758692941485 
205 2.756545277209822 
206 2.46589642498667 
207 2.4375180886700547 
208 2.810249861567887 
209 2.850512657128983 
210 2.8736251038689336 
211 2.997053684771807 
212 3.7761575883145855 
213 1.930827154836918 
214 3.5607840372592423 
215 3.5054679733609024 
216 2.6965434827383206 
217 2.081106584571815 
218 0.9051631425686018 
219 2.0945944827226692 
220 1.6926277205556486 
221 4.063901988731859 
