0 3.2834700094244 
1 3.60979036527034 
2 3.3206687913414 
3 3.6200704943079005 
4 3.3757829195683002 
5 3.6269853792071403 
6 3.4922246468386 
7 3.5174054033501596 
8 3.6403349086242995 
9 3.5912020538364 
10 3.9019763170240602 
11 3.78122639155324 
12 3.94946181936566 
13 3.6918540728665 
14 3.9498149945546404 
15 3.71237642769704 
16 3.9271004454898604 
17 3.92244871970752 
18 3.9457233981125 
19 3.96652741281772 
20 3.8727224202636004 
21 3.94088452124864 
22 3.8409617926516 
23 3.94790211209272 
24 3.74442714358338 
25 3.85242961441348 
26 3.6670369354775 
27 3.7414398504490998 
28 3.7114182679503203 
29 3.8658326146569 
30 3.89339465021866 
31 3.9226101878894197 
32 3.78732790396998 
33 3.97071975159754 
34 3.80063406304946 
35 3.99080680695804 
36 3.8909665332176204 
37 4.019456751140639 
38 3.85265138089364 
39 3.9070697182152996 
40 3.67853136420362 
41 3.84775685330852 
42 3.67839641730668 
43 3.89613618211488 
44 3.71353835121246 
45 3.8758366230938 
46 3.56144602551388 
47 3.67283631992904 
48 3.46520073043934 
49 3.61075868469174 
50 3.49426205509178 
51 3.72424362296132 
52 3.68416569588718 
53 3.72272363365188 
54 3.63171901952292 
55 3.8527487487287204 
56 3.6803513214628802 
57 3.98450688289084 
58 3.7552889905907003 
59 4.087201187375539 
60 3.85435712542738 
61 4.01732567904828 
62 3.7140063066733804 
63 3.87699104121658 
64 3.84158871993426 
65 3.95413102882062 
66 3.89831477162672 
67 3.9106432945244998 
68 3.8639740170323797 
69 3.7951021531580205 
70 3.6897900239524395 
71 3.58929773031604 
72 3.9881150130563805 
73 3.5392869719864004 
74 4.1669807017483 
75 3.3400243765362605 
76 4.32818621711992 
77 3.3777653896885 
78 4.34306168359048 
79 3.4329316291349796 
80 4.38564101503338 
81 3.48882502986826 
82 4.19514712628434 
83 3.5740333170101204 
84 4.2203732861183 
85 3.79941004440778 
86 4.0973168656183 
87 3.8374045996679 
88 4.022584291178839 
89 3.7485582167766403 
90 4.02204308737894 
91 3.80940064710168 
92 3.5999053957043 
93 3.48779901612422 
94 3.56867614144688 
95 3.3465507881847003 
96 3.3423146610238597 
97 3.1025037338856 
98 3.3512004108918396 
99 3.08304935420516 
100 3.39104838295914 
101 3.2087431897590397 
102 3.62874568673818 
103 3.3929235214230196 
104 3.61015262856672 
105 3.55566564799944 
106 3.7561793438617004 
107 3.6797436654375 
108 3.9085739837799203 
109 3.77639622578648 
110 3.76637379983884 
111 3.6115790972741797 
112 3.7770040430834 
113 3.6413579135490997 
114 3.7756087275402996 
115 3.7915669211829197 
116 3.7086992759784003 
117 3.92976119073602 
118 3.75280441770008 
119 3.93356580588848 
120 3.98828552744918 
121 4.17889077103058 
122 3.93524156763836 
123 4.00216774294824 
124 4.01335945546936 
125 3.94533879024002 
126 4.07709109575678 
127 3.88540874420654 
128 3.8524456224357 
129 3.78622425165212 
130 3.76872632656438 
131 3.7236324282892603 
132 3.7854358494308 
133 3.6856694532509797 
134 3.71298400099336 
135 3.6327527250133995 
136 3.77099135350338 
137 3.7359792701422 
138 3.9109645012819003 
139 3.77017821520606 
140 4.01959866067844 
141 3.7006042928329004 
142 4.15633350421772 
143 3.71743864137934 
144 4.1772361543690995 
145 3.7275746914133796 
146 4.1778926426861 
147 3.6358889789095796 
148 4.15649696964814 
149 3.6835993893085 
150 4.02206430251232 
151 3.7186539883450798 
152 3.8358601517274202 
153 3.6713530259244997 
154 3.6246086180965795 
155 3.50403222330402 
156 3.43919104025412 
157 3.36778763871414 
158 3.2248783049172403 
159 3.2137314380922595 
160 3.3703406234766 
161 3.10364700168972 
162 3.51117366784912 
163 3.47502129879946 
164 3.62456598685664 
165 3.62508752487188 
166 3.78132670008726 
167 3.7468964637444797 
168 3.8925453787361 
169 3.9401100276216 
170 3.77078397947968 
171 4.017674061592301 
172 3.7746879171295804 
173 4.098933659710481 
174 3.74806503573114 
175 4.09485727980344 
176 3.90817260806248 
177 4.257803848880981 
178 3.9852182896795 
179 4.40881381624812 
180 3.86067755920606 
181 4.32314711135838 
182 3.7501084284507598 
183 4.132219708252061 
184 3.75715139123606 
185 3.94761274764882 
186 3.53166973817914 
187 3.72177376217686 
188 3.4103658291511203 
189 3.43272258182608 
190 3.42716714665898 
191 3.49555205649916 
192 3.49206424921178 
193 3.6690369734796198 
194 3.70090634634864 
195 3.76836533605488 
196 3.88271484696772 
197 3.97906639803078 
198 4.17550441336264 
199 4.1749123978325 
200 4.31395550587278 
201 4.25551937135336 
202 4.44523712275816 
203 4.2587096786119405 
204 4.3630344781048995 
205 4.2750696487009 
206 4.250135655771301 
207 4.36869424079006 
208 4.202685231420061 
209 4.48797773947102 
210 4.082643023093221 
211 4.38089956211026 
212 3.94662127674352 
213 4.30681329729186 
214 3.8469912965360202 
215 4.232401137012181 
216 3.83237795607318 
217 4.18542675733456 
218 3.5941475146808797 
219 4.0235321058051605 
220 3.44334746024236 
221 3.7608172699525397 
222 3.49291392266426 
223 3.8185859812988 
224 3.3298237460201 
225 3.56527766440214 
226 3.21153360046886 
227 3.61225204407976 
228 3.42020137657848 
229 3.6895526231904805 
230 3.6786570462760997 
231 3.97294079014634 
232 3.7602897211351802 
233 3.97827079089636 
234 4.1052125226401 
235 4.22158405370182 
236 4.334337423769719 
237 4.1911686910355 
238 4.41135051340364 
239 4.24964840814678 
240 4.43495243451442 
241 4.3353152387924805 
242 4.55706733102822 
243 4.27694818840774 
244 4.39578966940714 
245 4.22992878261382 
246 4.52368230661384 
247 3.99247761264474 
248 4.21216399644406 
249 3.71465659582958 
250 4.13990877466618 
251 3.78032430045504 
252 4.13990877466618 
253 3.7613242857611398 
254 4.1052326292662205 
255 3.70069674920074 
256 4.06714956003422 
257 3.72378838236462 
258 4.2394467199703 
259 3.82272673877178 
260 4.28596605567498 
261 3.8656512383585997 
262 4.20023627354432 
263 3.9109828823618598 
264 4.10511892634154 
265 3.9031089440143 
266 3.99459648294588 
267 3.9981432391224403 
268 4.13381763317956 
269 4.0411648677688 
270 4.03347143733218 
271 4.02203256075692 
272 4.01060815691394 
273 3.8535953810394403 
274 4.05757314387334 
275 3.9716466945598805 
276 4.1473092468463 
277 4.0722489822548 
278 3.96677944723576 
279 3.9347121956892 
280 4.06643808271024 
281 4.00762600722692 
282 3.8800328689898995 
283 3.83740053577552 
284 3.66475241768138 
285 3.5508132572194397 
286 3.5549714432977 
287 3.43814021609746 
288 3.49299466393468 
289 3.5278350036146398 
290 3.6738585425397 
291 3.7398447111823403 
292 3.5482348033713995 
293 3.7213778247051996 
294 3.7482985162402 
295 3.8935658563624203 
296 3.81366416987984 
297 3.9353577927713403 
298 3.8436274795037795 
299 3.96434771847156 
300 3.7899836650087204 
301 3.9317466947800197 
302 3.91201518884584 
303 3.88304602092522 
304 3.9224383562615004 
305 3.87973890316662 
306 3.6977830555509796 
307 3.6601648331197603 
308 3.63170151087522 
309 3.55316949437712 
310 3.7288395325697 
311 3.46151838793242 
312 3.5550528351137998 
313 3.3198611068262602 
314 3.7133517610452005 
315 3.45432620661646 
316 3.9155738466935 
317 3.5444635622139797 
318 3.9877039959502802 
319 3.59163466221218 
320 3.9899903965872 
321 3.7581904817374 
322 3.99931139328798 
323 3.8202178282618 
324 3.76986814848584 
325 3.6496619358291804 
326 3.79679679281136 
327 3.92449591771038 
328 3.7516276869435004 
329 3.60731960254052 
330 3.60731960254052 
331 3.9299045339231804 
332 3.81771167880106 
333 3.91454144603804 
334 3.75500411904006 
335 3.8689686064708 
336 3.8369528056416597 
337 3.8451486155858197 
338 3.83965782068426 
339 3.6076367232151805 
340 3.92300359643302 
341 3.58739117450204 
342 3.8360949158508397 
343 3.5964357474910997 
344 3.8859626121236195 
345 3.5693662437731 
346 4.12405798268124 
347 3.9097846935234797 
348 3.8795356584936798 
349 3.78693279839932 
350 3.7449320538050004 
351 3.7721951329634003 
352 3.6696777398442797 
353 3.6640865035952404 
354 3.6770890611670404 
355 3.7502543845017398 
356 3.58930337117188 
357 3.61303988660244 
358 3.74463564949298 
359 3.82475909749214 
360 3.84443528322114 
361 3.93614161318116 
362 3.8825344429542197 
363 3.9598467374297 
364 3.9097294512484 
365 3.9510813289594204 
366 3.7033175843418804 
367 3.7851671178783 
368 3.68808579196578 
369 3.71632111829784 
370 3.6718370941328997 
371 3.6273696447189003 
372 3.7956187667696 
373 3.7223571685779397 
374 3.76755072590064 
375 3.69462792821082 
376 3.8876081045047997 
377 3.88186116278136 
378 3.78836959602234 
379 3.74450148854162 
380 3.8260870481232403 
381 3.81456386446004 
382 3.68911845433434 
383 3.68022186997804 
384 3.66288308530224 
385 3.63591022475646 
386 3.8520686485408198 
387 3.6174048190985197 
388 3.92883857501796 
389 3.6902851596893003 
390 4.00536399307068 
391 3.73209183255884 
392 4.14939593067174 
393 3.8254413496003203 
394 4.11916514772924 
395 3.9153197245719396 
396 3.9962175394647197 
397 4.05382366310046 
398 4.08413198505782 
399 4.14655112895788 
400 4.0198926807566995 
401 4.16142358271896 
402 4.040421033475701 
403 4.21696449900068 
404 3.9438224450855004 
405 4.05935569852256 
406 3.81215574614048 
407 3.9612694994762796 
408 3.63418307905268 
409 3.7601788624135204 
410 3.39650205834024 
411 3.47190085974162 
412 3.35255564479188 
413 3.49210419225222 
414 3.475703652329 
415 3.57831524869594 
416 3.71966950347176 
417 3.68432755219344 
418 3.8600462385423002 
419 3.8968327960116396 
420 4.02069696527032 
421 4.0745278566762 
422 4.04885902001182 
423 3.95859543972684 
424 4.06454716584366 
425 4.08589576538958 
426 4.06015023696942 
427 4.0738666024776595 
428 4.00277627716698 
429 4.07033045213594 
430 4.0736198473208605 
431 4.1014849928413595 
432 3.8173627505000396 
433 3.9636749099686197 
434 3.8125387696818 
435 3.89472027340884 
436 3.57371325807438 
437 3.69146009795026 
438 3.4450866306492003 
439 3.5320316445122004 
440 3.28769731965956 
441 3.3956318380131996 
442 3.31187260723702 
443 3.4553175444021598 
444 3.36725160771904 
445 3.55261817530252 
446 3.55195175097286 
447 3.70142409616284 
448 3.73004291943188 
449 3.88771171732064 
450 3.8759078945600995 
451 4.03195862909942 
452 4.06373433271446 
453 4.13655180153902 
454 3.9826325348025797 
455 3.90998808168976 
456 3.80327765884068 
457 3.87683565707058 
458 3.85071606516446 
459 3.8695171211527204 
460 3.77213943565794 
461 3.7802610456160997 
462 3.67146520395096 
463 3.80617433176774 
464 3.67226406656066 
465 3.96983556616102 
466 3.9057443108761802 
467 4.05744224537848 
468 3.9315575713264996 
469 4.03396153503078 
470 4.06501771023762 
471 4.14063185417762 
472 3.96911601207162 
473 4.01585884782168 
474 4.009467506213 
475 4.0564425868904 
476 3.8916246823634197 
477 3.81970424225468 
478 3.72221071282108 
479 3.76473902238248 
480 3.6441551648223602 
481 3.7224622040593403 
482 3.7575581688517197 
483 3.8207159189939803 
484 3.75398228491128 
485 3.7752790114586197 
486 3.87182510876086 
487 4.03065985070114 
488 3.94717978640658 
489 4.08463943626804 
490 4.04155641356138 
491 4.145398457040541 
492 4.0645638381206 
493 4.0722172283004 
494 4.16061270367378 
495 4.15831550926924 
496 4.04679265982344 
497 4.0240864662798 
498 4.03570615903448 
499 4.02627367430144 
500 3.93278723443638 
501 3.9566804409265 
502 3.97183782617072 
503 4.19255586921094 
504 3.8921030469533 
505 3.96850731817986 
506 3.59086052986948 
507 3.6656274758142997 
508 3.59042214689228 
509 3.4621858450649596 
510 3.5822516993126 
511 3.3330139584359 
512 3.6426674867300597 
513 3.11958481533474 
514 3.6870737905296402 
515 3.324903154178 
516 3.8856365137110798 
517 3.58482762979924 
518 3.89457819785346 
519 3.7551152912450805 
520 3.9714500281619403 
521 3.87961682904538 
522 3.88828372962728 
523 3.8143096333914004 
524 3.9174068624072604 
525 3.92269564758192 
526 3.9300388886198 
527 3.9125612597548196 
528 3.9549607389135604 
529 3.8985300572164596 
530 3.9305854920179 
531 3.9069000198662005 
532 3.80796579001344 
533 4.008794498267401 
534 3.9332526611131597 
535 3.97816480548072 
536 4.05457961804184 
537 3.9843121841657996 
538 4.01072455826624 
539 4.100910661608539 
540 4.03470462481902 
541 4.15493087497318 
542 4.05239214513836 
543 4.23948351713708 
544 3.8127547387567198 
545 4.104276937166 
546 4.03564438451836 
547 4.077565416834259 
548 3.8740769904367 
549 3.9436944810194605 
550 3.6379339734391403 
551 3.6670639052634 
552 3.55942207966838 
553 3.5147867277832 
554 3.54383153289294 
555 3.42814512998052 
556 3.2588897374419 
557 3.30980876574 
558 3.3256807027305 
559 3.42435833342592 
560 3.4205191213716604 
561 3.47996737550102 
562 3.50721646443112 
563 3.65501164518752 
564 3.6304689904186 
565 3.6664359161536 
566 3.68764060624842 
567 3.5997740748310596 
568 3.7979883796932 
569 3.67072344232558 
570 3.87028568498544 
571 3.8150967186134404 
572 3.8610676722751998 
573 3.9766175130234203 
574 3.65393018442792 
575 3.77820327759854 
576 3.63912883744788 
577 3.7962225731158803 
578 3.51277840315894 
579 3.60846553690144 
580 3.39350007973634 
581 3.47019014274044 
582 3.42785728365522 
583 3.2620780061032795 
584 3.5420342617143397 
585 3.43421266456314 
586 3.6439896540682595 
587 3.5214676811715995 
588 3.80543103447352 
589 3.67639730592226 
590 4.14420294213232 
591 3.87925167156574 
592 4.08718543221024 
593 3.84239862534954 
594 4.10610233224118 
595 3.9711513288253997 
596 4.0223711065898 
597 4.07238070072148 
598 3.8294654301808997 
599 3.95282414250716 
600 3.59535352189332 
601 3.98725137637132 
602 3.4569262339335998 
603 3.87479117315876 
604 3.362882799828 
605 3.67434576601712 
606 3.2862531616779997 
607 3.4670662206919 
608 3.3208410329366 
609 3.5854689436339795 
610 3.27727604882674 
611 3.5259278978637196 
612 3.2874354384061197 
613 3.6383232188869004 
614 3.31516457699178 
615 3.6688313726567996 
616 3.19835006630142 
617 3.6669511283175 
618 3.0251348568607 
619 3.43912514622306 
620 2.92550104095146 
621 3.35439634199912 
622 3.08567841262012 
623 3.38251907147844 
624 3.07386362707854 
625 3.4102038988506798 
626 3.2399813000895 
627 3.73531247375862 
628 3.20063521868044 
629 3.5706661765084 
630 3.16888042520362 
631 3.48093416299666 
632 3.16684597780274 
633 3.5293506808219597 
634 3.1503294735588 
635 3.5745379091264 
636 3.2744840404057003 
637 3.53127391998958 
638 3.60639917585602 
639 3.70239907766436 
640 3.7629466311481203 
641 3.8300335718167404 
642 3.93098830711594 
643 3.90833795201274 
644 3.93287520502556 
645 3.8070210810646996 
646 4.02976107269288 
647 3.87314331233678 
648 3.8201400352298798 
649 3.88548447384226 
650 3.9600527804204395 
651 3.9202193360539197 
652 3.71008989348896 
653 3.8353603420270197 
654 3.9216105660792797 
655 4.05652731654268 
656 3.7505733454107597 
657 4.04034174293464 
658 4.10070684706918 
659 4.13566372108666 
660 3.91650029107448 
661 4.00207654923564 
662 3.88924793057278 
663 3.8185735522135404 
664 3.6605535216772997 
665 3.4937113096514603 
666 3.52368624251498 
667 3.2235933828898 
668 3.33047189491976 
669 3.09953639318638 
670 3.2729423061683 
671 3.07362599507932 
672 3.35856245588172 
673 3.25210337236132 
674 3.46027020363994 
675 3.4061557667128595 
676 3.6660585192492596 
677 3.6991321519219396 
678 3.75063497223164 
679 3.9101452962582997 
680 3.97915446998906 
681 4.1797124343465 
682 4.2186380550467595 
683 4.210857963605919 
684 4.2263439982038005 
685 4.2363380869448 
686 4.36560646286586 
687 4.173095579342339 
688 4.31422251118386 
689 4.0590268491815795 
690 4.44781514705244 
691 4.03062498877706 
692 4.26735597631982 
693 3.9789395701089605 
694 4.2719851823722 
695 4.0119149356483 
696 4.04894281161708 
697 3.84145332625084 
698 4.0369567929714005 
699 3.9242104137221197 
700 3.91036388732088 
701 3.97533064242624 
702 3.87392691467304 
703 3.89315494509194 
704 4.04591927112264 
705 3.9259719107646 
706 4.17277021712204 
707 4.0987308919465 
708 4.2489777664308 
709 4.08170580188954 
710 4.1100226864291 
711 3.8617322201612 
712 4.125110724297221 
713 4.0072199384656 
714 4.03537758644796 
715 4.02692308452472 
716 3.96963051038912 
717 4.06653289841264 
718 3.8643333036725402 
719 4.10342239987944 
720 3.83435801035674 
721 4.017908040054619 
722 3.9062420943619203 
723 3.9341859883208796 
724 3.9178093208210796 
725 3.8278697759357003 
726 3.7318442250638 
727 3.72822241826504 
728 3.9497031692988203 
729 3.9751317618242 
730 3.65341366070216 
731 3.7379654192591403 
732 3.6386511311592202 
733 3.6207704957371396 
734 3.5447310341209204 
735 3.62468086436728 
736 3.7386480547842 
737 3.49129168210258 
738 3.65581758420944 
739 3.34619630216386 
740 3.7244979005762 
741 3.2716026409333403 
742 3.61650017630758 
743 3.2758657827284203 
744 3.5084367584078797 
745 3.26266803759554 
746 3.4083796772692403 
747 3.27531147479106 
748 3.25430691319522 
749 3.39477897675876 
750 3.37706678605498 
751 3.52674328478004 
752 3.39741471493056 
753 3.62354536570544 
754 3.51319886332996 
755 3.72609084717802 
756 3.63890813298054 
757 3.96351335867542 
758 3.7342213206634596 
759 3.87434526497036 
760 3.8623744646392604 
761 4.16816720958844 
762 3.99125439730732 
763 4.19810110823512 
764 3.8846771545755603 
765 4.10844046863404 
766 3.78253518084612 
767 3.86756067893896 
768 3.82478593512284 
769 3.91466470082718 
770 3.73243318532012 
771 3.6523961014487596 
772 3.6896059931382603 
773 3.54594649141114 
774 3.73112738556222 
775 3.4642793609057003 
776 3.87263126373718 
777 3.6340290223830203 
778 3.77544005695378 
779 3.51852604577408 
780 3.92267740336436 
781 3.51998944931492 
782 3.82026294970942 
783 3.5503169550268803 
784 3.60842086709794 
785 3.5039021486735202 
786 3.66128697928906 
787 3.26769699199746 
788 3.58008856969992 
789 3.20451479884352 
790 3.3197541308559204 
791 3.10150337703966 
792 3.4489437272754 
793 3.2026761512397997 
794 3.5796466146287202 
795 3.18240986674222 
796 3.34735164091864 
797 3.12550568185356 
798 3.5444236134981404 
799 3.21790571488246 
800 3.64532711496936 
801 3.25829041636566 
802 3.59022729762626 
803 3.1594936165434797 
804 3.8203289906825604 
805 3.41994158702382 
806 4.1236358503686 
807 3.6926383684595003 
808 4.2143058913472 
809 3.80414119623038 
810 4.38700308511076 
811 3.90275884045466 
812 4.4375959936983005 
813 4.08474699688674 
814 4.438633216921 
815 4.1221114666714795 
816 4.32195960953908 
817 4.15073885294724 
818 4.30536523639012 
819 4.21062786517024 
820 4.192339920228941 
821 4.30794251167078 
822 4.22213780689866 
823 4.2575466144615 
824 4.15865126476654 
825 4.15782018591042 
826 3.93897539919014 
827 4.0710623232349805 
828 3.8549941734913604 
829 4.04084161916232 
830 3.90577808001306 
831 4.06748759964712 
832 3.93979457682678 
833 4.09965925511764 
834 3.7921423567954 
835 3.93591993501056 
836 3.80261064125908 
837 3.8113124766196202 
838 3.71303398222516 
839 3.6520867607576397 
840 3.64892920673256 
841 3.5242240291166196 
842 3.4801471047275596 
843 3.4497255870198003 
844 3.6799983804021403 
845 3.70141516326298 
846 3.6742507393765202 
847 3.81211410209556 
848 3.77320012669486 
849 3.92107056485984 
850 3.76267105718224 
851 3.97064989861014 
852 3.74864739567998 
853 3.8513988854647403 
854 3.7618351672678996 
855 3.8186009244632997 
856 3.87878989273372 
857 3.8701015507427003 
858 3.86898218378046 
859 3.94609603918794 
860 3.99806311086394 
861 3.98565251839232 
862 4.12090666114784 
863 4.20744482148006 
864 4.08492849052874 
865 4.13256616573942 
866 4.12074205176626 
867 4.17254814203092 
868 4.03729427125528 
869 4.136351308520441 
870 4.15844767929472 
871 4.195028043129 
872 4.05521982179176 
873 3.9849826677348603 
874 3.92820106532044 
875 3.92258884538642 
876 3.7721271418817404 
877 3.8068995615123002 
878 3.55580432620768 
879 3.6544175954493396 
880 3.6136054428901 
881 3.6454214358485997 
882 3.6951843421455797 
883 3.7260754713564403 
884 3.8109243841225 
885 3.77469976235256 
886 3.74858710321994 
887 3.6753404957079803 
888 3.6853762913237 
889 3.5782765059323998 
890 3.56401251260086 
891 3.5145049313349 
892 3.5800047086247404 
893 3.5661219303068004 
894 3.51475302814706 
895 3.55592867895122 
896 3.75949322148902 
897 3.79935451117368 
898 3.8667205807485403 
899 3.8774284584342 
900 3.7555532931391 
901 3.73710653767154 
902 3.80443180300862 
903 3.7305089810651197 
904 3.8843818701768797 
905 3.8066458480765597 
906 3.86083781256544 
907 3.8174542266684197 
908 3.79262054281864 
909 3.78927799520834 
910 3.9994616507962397 
911 3.9713632069114198 
912 3.7655998150945797 
913 3.8190493456617403 
914 3.5883178928683797 
915 3.66673489852056 
916 3.4115617179196596 
917 3.4285309958192003 
918 3.6334262208697803 
919 3.5941140234403 
920 3.5761093364053997 
921 3.67306395904246 
922 3.703575906487 
923 3.7509733060804598 
924 3.93597025001498 
925 3.9105652790969203 
926 4.0498341105769 
927 4.01033802402646 
928 3.8445022612432402 
929 3.91099986373112 
930 3.9215932424514 
931 3.9166055517891003 
932 4.07085422678626 
933 4.00504094077232 
934 4.0267630632730995 
935 4.02219704535514 
936 3.9163176121177004 
937 3.9417609420775 
938 4.09891875261758 
939 3.9944479947076 
940 3.9170047854249197 
941 3.8048228063718397 
942 3.73628208108248 
943 3.7199353428118997 
944 3.5508267304550403 
945 3.63971833000544 
946 3.5232991076720195 
947 3.6266461826407204 
948 3.4478217952611403 
949 3.5634299647450804 
950 3.6487963718627 
951 3.6766703469375 
952 3.78641482613178 
953 3.7977688237841796 
954 3.93478089849334 
955 3.8653797945038 
956 4.0102166079475605 
957 3.98994322822752 
958 3.94500312009004 
959 4.012707073053 
960 4.0030779097783995 
961 4.08043111063912 
962 3.8496840013136797 
963 3.9769248234825 
964 3.78353415842734 
965 3.9233448062744003 
966 3.7791202760936797 
967 3.8112999482511 
968 3.8551633806127 
969 3.7947582488689795 
970 3.6153872783053203 
971 3.6927706088248797 
972 3.6097514221477196 
973 3.62269030248964 
974 3.66723994810974 
975 3.6078905656147597 
976 3.6646938334388204 
977 3.73103142158116 
978 3.5280346781823804 
979 3.8016855969441403 
980 3.54697964414378 
981 3.7294278460052404 
982 3.5898562746326 
983 3.84000812000386 
984 3.59859223729118 
985 3.88282253884678 
986 3.7195745123147197 
987 3.87109512104592 
988 3.7523941944119996 
989 3.81402517086262 
990 3.8733415738804 
991 3.87707541237046 
992 3.7339150386710203 
993 3.72396292319934 
994 3.64076951178156 
995 3.6083219619392204 
996 3.5899628125613803 
997 3.54473485367678 
998 3.4780258716679597 
999 3.46178761464518 
1000 3.42159593345126 
1001 3.4708299584141202 
1002 3.4640137157747803 
1003 3.5096383002193 
1004 3.3620482246486 
1005 3.4264701852697597 
1006 3.22874086760688 
1007 3.3009021796162203 
1008 3.4545141063112 
1009 3.5413434730947 
1010 3.44540610949538 
1011 3.4888785374030804 
1012 3.3802286230406997 
1013 3.3699557979248604 
1014 3.5763488592981196 
1015 3.49731504771896 
1016 3.4945087887587 
1017 3.4175412603830204 
1018 3.4350037056595197 
1019 3.2368470439254997 
1020 3.4237116657944 
1021 3.27086986763152 
1022 3.6281822477286 
1023 3.55452966184128 
1024 3.5438750640753 
1025 3.56183779755954 
1026 3.54139904439742 
1027 3.6748608769073003 
1028 3.6130971434504 
1029 3.8025710693516404 
1030 3.6273647090748398 
1031 3.8381827297155 
1032 3.64580554561012 
1033 3.8464939791743396 
1034 3.63439922039466 
1035 3.8121268831841397 
1036 3.70963467008742 
1037 3.82644363374012 
1038 3.76885096024634 
1039 3.82432619081442 
1040 3.92651030668302 
1041 4.034707288154101 
1042 3.86684495497166 
1043 4.024075864746299 
1044 3.89721126723288 
1045 3.99296502300544 
1046 3.8790022760775997 
1047 3.9998927420504002 
1048 3.8636488281226002 
1049 3.9996577907364803 
1050 3.8216229361693204 
1051 3.88415625865076 
1052 3.82613793379126 
1053 3.7603890706068 
1054 3.9109270045124602 
1055 3.7606930383175197 
1056 3.8886843857996 
1057 3.7293845057432002 
1058 3.8853452664475805 
1059 3.64029750122004 
1060 3.9178465560054 
1061 3.6288230278233597 
1062 3.95656731497714 
1063 3.7178480894817802 
1064 4.1436811327997 
1065 3.8599673391871 
1066 4.01803946567664 
1067 3.87163447376402 
1068 4.02045836607506 
1069 3.9582713368545797 
1070 3.93316092936618 
1071 4.0178824818951195 
1072 3.95852336064596 
1073 3.9844043977770602 
1074 3.88226190429694 
1075 3.84795669770102 
1076 3.94215707368598 
1077 3.70171758565194 
1078 3.77529400299548 
1079 3.6037511430809404 
1080 3.9348067937825597 
1081 3.5665079721609403 
1082 3.76251734028166 
1083 3.5341835942306603 
1084 3.5798307054389804 
1085 3.4445291824684405 
1086 3.4286410228487 
1087 3.5436971062876 
1088 3.6015758336903403 
1089 3.68929467886266 
1090 3.5771221636214 
1091 3.73442423324508 
1092 3.78732306010088 
1093 3.9488642848468998 
1094 3.75285974781386 
1095 4.0574646612622 
1096 3.9505949036786197 
1097 4.1657287051014205 
1098 3.91477428339316 
1099 4.090236257210099 
1100 3.73227905773206 
1101 3.91064802233612 
1102 3.5751039222650802 
1103 3.6383491733291597 
1104 3.79627697451634 
1105 3.8213207231397397 
1106 3.70921987753306 
1107 3.73242737581854 
1108 3.69704167061946 
1109 3.71615314357472 
1110 3.9113798542910203 
1111 3.85267278418002 
1112 3.9614226101795196 
1113 3.90416116977024 
1114 3.9501757727431 
1115 3.8823120604117003 
1116 3.8393711316232597 
1117 3.76119959883932 
1118 3.9050425378180798 
1119 3.8195213240738397 
1120 3.86252242571084 
1121 3.85164778713832 
1122 3.77154111456192 
1123 3.80307617034808 
1124 3.72411778580476 
1125 3.7411513980279 
1126 3.92339771077888 
1127 3.89753101697262 
1128 3.7913376466065403 
1129 3.79898695059264 
1130 3.7822609339075397 
1131 3.77347316940536 
1132 3.8343173184160597 
1133 3.78008619829712 
1134 3.79661560738156 
1135 3.6646990973694202 
1136 3.7457198854826204 
1137 3.6693608856103195 
1138 3.64695795061524 
1139 3.5519957978921197 
1140 3.63343023993628 
1141 3.5856898006512403 
1142 3.6647947142041195 
1143 3.7274493464748195 
1144 3.7516553525135796 
1145 3.8304310167481197 
1146 3.99113763451344 
1147 4.008611340252481 
1148 4.051333259692241 
1149 4.00449341363604 
1150 4.20215633449776 
1151 3.95978235596966 
1152 4.04605774277452 
1153 4.00552678431062 
1154 4.03607164998104 
1155 3.9806849621205798 
1156 3.9281651561073803 
1157 3.97988410813306 
1158 3.87060126152904 
1159 3.9855237197970603 
1160 3.72198488493702 
1161 3.90143373639454 
1162 3.89250281470882 
1163 3.9222723095033 
1164 3.78756300142946 
1165 3.76883794421952 
1166 3.8457412915866795 
1167 3.8770621337469002 
1168 3.89921150254006 
1169 3.88142294973886 
1170 4.01416190617988 
1171 3.98844908361662 
1172 3.9817046672411003 
1173 4.04287558765856 
1174 3.86481814706134 
1175 4.05406106714298 
1176 3.88202322429082 
1177 4.08961358069374 
1178 3.6764729886301 
1179 4.0847545065975 
1180 3.41048616356154 
1181 3.9582995019356604 
1182 3.16369448803902 
1183 3.5796139385672605 
1184 3.3074910987414596 
1185 3.5465659202691597 
1186 3.36931195320942 
1187 3.56106192895092 
1188 3.34198957554542 
1189 3.3222369311842597 
1190 3.58554184168604 
1191 3.5443179995270597 
1192 3.79183385943344 
1193 3.86058469926112 
1194 3.55366388351732 
1195 3.84181040223784 
1196 3.59904958215184 
1197 4.09114688308516 
1198 3.58547861758206 
1199 4.197803764796079 
1200 3.63880587317528 
1201 3.2834700094244 
1202 3.60979036527034 
1203 3.3206687913414 
1204 3.6200704943079005 
1205 3.3757829195683002 
1206 3.6269853792071403 
1207 3.4922246468386 
1208 3.5174054033501596 
1209 3.6403349086242995 
1210 3.5912020538364 
1211 3.9019763170240602 
1212 3.78122639155324 
1213 3.94946181936566 
1214 3.6918540728665 
1215 3.9498149945546404 
1216 3.71237642769704 
1217 3.9271004454898604 
1218 3.92244871970752 
1219 3.9457233981125 
1220 3.96652741281772 
1221 3.8727224202636004 
1222 3.94088452124864 
1223 3.8409617926516 
1224 3.94790211209272 
1225 3.74442714358338 
1226 3.85242961441348 
1227 3.6670369354775 
1228 3.7414398504490998 
1229 3.7114182679503203 
1230 3.8658326146569 
1231 3.89339465021866 
1232 3.9226101878894197 
1233 3.78732790396998 
1234 3.97071975159754 
1235 3.80063406304946 
1236 3.99080680695804 
1237 3.8909665332176204 
1238 4.019456751140639 
1239 3.85265138089364 
1240 3.9070697182152996 
1241 3.67853136420362 
1242 3.84775685330852 
1243 3.67839641730668 
1244 3.89613618211488 
1245 3.71353835121246 
1246 3.8758366230938 
1247 3.56144602551388 
1248 3.67283631992904 
1249 3.46520073043934 
1250 3.61075868469174 
1251 3.49426205509178 
1252 3.72424362296132 
1253 3.68416569588718 
1254 3.72272363365188 
1255 3.63171901952292 
1256 3.8527487487287204 
1257 3.6803513214628802 
1258 3.98450688289084 
1259 3.7552889905907003 
1260 4.087201187375539 
1261 3.85435712542738 
1262 4.01732567904828 
1263 3.7140063066733804 
1264 3.87699104121658 
1265 3.84158871993426 
1266 3.95413102882062 
1267 3.89831477162672 
1268 3.9106432945244998 
1269 3.8639740170323797 
1270 3.7951021531580205 
1271 3.6897900239524395 
1272 3.58929773031604 
1273 3.9881150130563805 
1274 3.5392869719864004 
1275 4.1669807017483 
1276 3.3400243765362605 
1277 4.32818621711992 
1278 3.3777653896885 
1279 4.34306168359048 
1280 3.4329316291349796 
1281 4.38564101503338 
1282 3.48882502986826 
1283 4.19514712628434 
1284 3.5740333170101204 
1285 4.2203732861183 
1286 3.79941004440778 
1287 4.0973168656183 
1288 3.8374045996679 
1289 4.022584291178839 
1290 3.7485582167766403 
1291 4.02204308737894 
1292 3.80940064710168 
1293 3.5999053957043 
1294 3.48779901612422 
1295 3.56867614144688 
1296 3.3465507881847003 
1297 3.3423146610238597 
1298 3.1025037338856 
1299 3.3512004108918396 
1300 3.08304935420516 
1301 3.39104838295914 
1302 3.2087431897590397 
1303 3.62874568673818 
1304 3.3929235214230196 
1305 3.61015262856672 
1306 3.55566564799944 
1307 3.7561793438617004 
1308 3.6797436654375 
1309 3.9085739837799203 
1310 3.77639622578648 
1311 3.76637379983884 
1312 3.6115790972741797 
1313 3.7770040430834 
1314 3.6413579135490997 
1315 3.7756087275402996 
1316 3.7915669211829197 
1317 3.7086992759784003 
1318 3.92976119073602 
1319 3.75280441770008 
1320 3.93356580588848 
1321 3.98828552744918 
1322 4.17889077103058 
1323 3.93524156763836 
1324 4.00216774294824 
1325 4.01335945546936 
1326 3.94533879024002 
1327 4.07709109575678 
1328 3.88540874420654 
1329 3.8524456224357 
1330 3.78622425165212 
1331 3.76872632656438 
1332 3.7236324282892603 
1333 3.7854358494308 
1334 3.6856694532509797 
1335 3.71298400099336 
1336 3.6327527250133995 
1337 3.77099135350338 
1338 3.7359792701422 
1339 3.9109645012819003 
1340 3.77017821520606 
1341 4.01959866067844 
1342 3.7006042928329004 
1343 4.15633350421772 
1344 3.71743864137934 
1345 4.1772361543690995 
1346 3.7275746914133796 
1347 4.1778926426861 
1348 3.6358889789095796 
1349 4.15649696964814 
1350 3.6835993893085 
1351 4.02206430251232 
1352 3.7186539883450798 
1353 3.8358601517274202 
1354 3.6713530259244997 
1355 3.6246086180965795 
1356 3.50403222330402 
1357 3.43919104025412 
1358 3.36778763871414 
1359 3.2248783049172403 
1360 3.2137314380922595 
1361 3.3703406234766 
1362 3.10364700168972 
1363 3.51117366784912 
1364 3.47502129879946 
1365 3.62456598685664 
1366 3.62508752487188 
1367 3.78132670008726 
1368 3.7468964637444797 
1369 3.8925453787361 
1370 3.9401100276216 
1371 3.77078397947968 
1372 4.017674061592301 
1373 3.7746879171295804 
1374 4.098933659710481 
1375 3.74806503573114 
1376 4.09485727980344 
1377 3.90817260806248 
1378 4.257803848880981 
1379 3.9852182896795 
1380 4.40881381624812 
1381 3.86067755920606 
1382 4.32314711135838 
1383 3.7501084284507598 
1384 4.132219708252061 
1385 3.75715139123606 
1386 3.94761274764882 
1387 3.53166973817914 
1388 3.72177376217686 
1389 3.4103658291511203 
1390 3.43272258182608 
1391 3.42716714665898 
1392 3.49555205649916 
1393 3.49206424921178 
1394 3.6690369734796198 
1395 3.70090634634864 
1396 3.76836533605488 
1397 3.88271484696772 
1398 3.97906639803078 
1399 4.17550441336264 
1400 4.1749123978325 
1401 4.31395550587278 
1402 4.25551937135336 
1403 4.44523712275816 
1404 4.2587096786119405 
1405 4.3630344781048995 
1406 4.2750696487009 
1407 4.250135655771301 
1408 4.36869424079006 
1409 4.202685231420061 
1410 4.48797773947102 
1411 4.082643023093221 
1412 4.38089956211026 
1413 3.94662127674352 
1414 4.30681329729186 
1415 3.8469912965360202 
1416 4.232401137012181 
1417 3.83237795607318 
1418 4.18542675733456 
1419 3.5941475146808797 
1420 4.0235321058051605 
1421 3.44334746024236 
1422 3.7608172699525397 
1423 3.49291392266426 
1424 3.8185859812988 
1425 3.3298237460201 
1426 3.56527766440214 
1427 3.21153360046886 
1428 3.61225204407976 
1429 3.42020137657848 
1430 3.6895526231904805 
1431 3.6786570462760997 
1432 3.97294079014634 
1433 3.7602897211351802 
1434 3.97827079089636 
1435 4.1052125226401 
1436 4.22158405370182 
1437 4.334337423769719 
1438 4.1911686910355 
1439 4.41135051340364 
1440 4.24964840814678 
1441 4.43495243451442 
1442 4.3353152387924805 
1443 4.55706733102822 
1444 4.27694818840774 
1445 4.39578966940714 
1446 4.22992878261382 
1447 4.52368230661384 
1448 3.99247761264474 
1449 4.21216399644406 
1450 3.71465659582958 
1451 4.13990877466618 
1452 3.78032430045504 
1453 4.13990877466618 
1454 3.7613242857611398 
1455 4.1052326292662205 
1456 3.70069674920074 
1457 4.06714956003422 
1458 3.72378838236462 
1459 4.2394467199703 
1460 3.82272673877178 
1461 4.28596605567498 
1462 3.8656512383585997 
1463 4.20023627354432 
1464 3.9109828823618598 
1465 4.10511892634154 
1466 3.9031089440143 
1467 3.99459648294588 
1468 3.9981432391224403 
1469 4.13381763317956 
1470 4.0411648677688 
1471 4.03347143733218 
1472 4.02203256075692 
1473 4.01060815691394 
1474 3.8535953810394403 
1475 4.05757314387334 
1476 3.9716466945598805 
1477 4.1473092468463 
1478 4.0722489822548 
1479 3.96677944723576 
1480 3.9347121956892 
1481 4.06643808271024 
1482 4.00762600722692 
1483 3.8800328689898995 
1484 3.83740053577552 
1485 3.66475241768138 
1486 3.5508132572194397 
1487 3.5549714432977 
1488 3.43814021609746 
1489 3.49299466393468 
1490 3.5278350036146398 
1491 3.6738585425397 
1492 3.7398447111823403 
1493 3.5482348033713995 
1494 3.7213778247051996 
1495 3.7482985162402 
1496 3.8935658563624203 
1497 3.81366416987984 
1498 3.9353577927713403 
1499 3.8436274795037795 
1500 3.96434771847156 
1501 3.7899836650087204 
1502 3.9317466947800197 
1503 3.91201518884584 
1504 3.88304602092522 
1505 3.9224383562615004 
1506 3.87973890316662 
1507 3.6977830555509796 
1508 3.6601648331197603 
1509 3.63170151087522 
1510 3.55316949437712 
1511 3.7288395325697 
1512 3.46151838793242 
1513 3.5550528351137998 
1514 3.3198611068262602 
1515 3.7133517610452005 
1516 3.45432620661646 
1517 3.9155738466935 
1518 3.5444635622139797 
1519 3.9877039959502802 
1520 3.59163466221218 
1521 3.9899903965872 
1522 3.7581904817374 
1523 3.99931139328798 
1524 3.8202178282618 
1525 3.76986814848584 
1526 3.6496619358291804 
1527 3.79679679281136 
1528 3.92449591771038 
1529 3.7516276869435004 
1530 3.9299045339231804 
1531 3.81771167880106 
1532 3.91454144603804 
1533 3.75500411904006 
1534 3.8689686064708 
1535 3.8369528056416597 
1536 3.8451486155858197 
1537 3.83965782068426 
1538 3.6076367232151805 
1539 3.92300359643302 
1540 3.58739117450204 
1541 3.8360949158508397 
1542 3.5964357474910997 
1543 3.8859626121236195 
1544 3.5693662437731 
1545 4.12405798268124 
1546 3.9097846935234797 
1547 3.8795356584936798 
1548 3.78693279839932 
1549 3.7449320538050004 
1550 3.7721951329634003 
1551 3.6696777398442797 
1552 3.6640865035952404 
1553 3.6770890611670404 
1554 3.7502543845017398 
1555 3.58930337117188 
1556 3.61303988660244 
1557 3.74463564949298 
1558 3.82475909749214 
1559 3.84443528322114 
1560 3.93614161318116 
1561 3.8825344429542197 
1562 3.9598467374297 
1563 3.9097294512484 
1564 3.9510813289594204 
1565 3.7033175843418804 
1566 3.7851671178783 
1567 3.68808579196578 
1568 3.71632111829784 
1569 3.6718370941328997 
1570 3.6273696447189003 
1571 3.7956187667696 
1572 3.7223571685779397 
1573 3.76755072590064 
1574 3.69462792821082 
1575 3.8876081045047997 
1576 3.88186116278136 
1577 3.78836959602234 
1578 3.74450148854162 
1579 3.8260870481232403 
1580 3.81456386446004 
1581 3.68911845433434 
1582 3.68022186997804 
1583 3.66288308530224 
1584 3.63591022475646 
1585 3.8520686485408198 
1586 3.6174048190985197 
1587 3.92883857501796 
1588 3.6902851596893003 
1589 4.00536399307068 
1590 3.73209183255884 
1591 4.14939593067174 
1592 3.8254413496003203 
1593 4.11916514772924 
1594 3.9153197245719396 
1595 3.9962175394647197 
1596 4.05382366310046 
1597 4.08413198505782 
1598 4.14655112895788 
1599 4.0198926807566995 
1600 4.16142358271896 
1601 4.040421033475701 
1602 4.21696449900068 
1603 3.9438224450855004 
1604 4.05935569852256 
1605 3.81215574614048 
1606 3.9612694994762796 
1607 3.63418307905268 
1608 3.7601788624135204 
1609 3.39650205834024 
1610 3.47190085974162 
1611 3.35255564479188 
1612 3.49210419225222 
1613 3.475703652329 
1614 3.57831524869594 
1615 3.71966950347176 
1616 3.68432755219344 
1617 3.8600462385423002 
1618 3.8968327960116396 
1619 4.02069696527032 
1620 4.0745278566762 
1621 4.04885902001182 
1622 3.95859543972684 
1623 4.06454716584366 
1624 4.08589576538958 
1625 4.06015023696942 
1626 4.0738666024776595 
1627 4.00277627716698 
1628 4.07033045213594 
1629 4.0736198473208605 
1630 4.1014849928413595 
1631 3.8173627505000396 
1632 3.9636749099686197 
1633 3.8125387696818 
1634 3.89472027340884 
1635 3.57371325807438 
1636 3.69146009795026 
1637 3.4450866306492003 
1638 3.5320316445122004 
1639 3.28769731965956 
1640 3.3956318380131996 
1641 3.31187260723702 
1642 3.4553175444021598 
1643 3.36725160771904 
1644 3.55261817530252 
1645 3.55195175097286 
1646 3.70142409616284 
1647 3.73004291943188 
1648 3.88771171732064 
1649 3.8759078945600995 
1650 4.03195862909942 
1651 4.06373433271446 
1652 4.13655180153902 
1653 3.9826325348025797 
1654 3.90998808168976 
1655 3.80327765884068 
1656 3.87683565707058 
1657 3.85071606516446 
1658 3.8695171211527204 
1659 3.77213943565794 
1660 3.7802610456160997 
1661 3.67146520395096 
1662 3.80617433176774 
1663 3.67226406656066 
1664 3.96983556616102 
1665 3.9057443108761802 
1666 4.05744224537848 
1667 3.9315575713264996 
1668 4.03396153503078 
1669 4.06501771023762 
1670 4.14063185417762 
1671 3.96911601207162 
1672 4.01585884782168 
1673 4.009467506213 
1674 4.0564425868904 
1675 3.8916246823634197 
1676 3.81970424225468 
1677 3.72221071282108 
1678 3.76473902238248 
1679 3.6441551648223602 
1680 3.7224622040593403 
1681 3.7575581688517197 
1682 3.8207159189939803 
1683 3.75398228491128 
1684 3.7752790114586197 
1685 3.87182510876086 
1686 4.03065985070114 
1687 3.94717978640658 
1688 4.08463943626804 
1689 4.04155641356138 
1690 4.145398457040541 
1691 4.0645638381206 
1692 4.0722172283004 
1693 4.16061270367378 
1694 4.15831550926924 
1695 4.04679265982344 
1696 4.0240864662798 
1697 4.03570615903448 
1698 4.02627367430144 
1699 3.93278723443638 
1700 3.9566804409265 
1701 3.97183782617072 
1702 4.19255586921094 
1703 3.8921030469533 
1704 3.96850731817986 
1705 3.59086052986948 
1706 3.6656274758142997 
1707 3.59042214689228 
1708 3.4621858450649596 
1709 3.5822516993126 
1710 3.3330139584359 
1711 3.6426674867300597 
1712 3.11958481533474 
1713 3.6870737905296402 
1714 3.324903154178 
1715 3.8856365137110798 
1716 3.58482762979924 
1717 3.89457819785346 
1718 3.7551152912450805 
1719 3.9714500281619403 
1720 3.87961682904538 
1721 3.88828372962728 
1722 3.8143096333914004 
1723 3.9174068624072604 
1724 3.92269564758192 
1725 3.9300388886198 
1726 3.9125612597548196 
1727 3.9549607389135604 
1728 3.8985300572164596 
1729 3.9305854920179 
1730 3.9069000198662005 
1731 3.80796579001344 
1732 4.008794498267401 
1733 3.9332526611131597 
1734 3.97816480548072 
1735 4.05457961804184 
1736 3.9843121841657996 
1737 4.01072455826624 
1738 4.100910661608539 
1739 4.03470462481902 
1740 4.15493087497318 
1741 4.05239214513836 
1742 4.23948351713708 
1743 3.8127547387567198 
1744 4.104276937166 
1745 4.03564438451836 
1746 4.077565416834259 
1747 3.8740769904367 
1748 3.9436944810194605 
1749 3.6379339734391403 
1750 3.6670639052634 
1751 3.55942207966838 
1752 3.5147867277832 
1753 3.54383153289294 
1754 3.42814512998052 
1755 3.2588897374419 
1756 3.30980876574 
1757 3.3256807027305 
1758 3.42435833342592 
1759 3.4205191213716604 
1760 3.47996737550102 
1761 3.50721646443112 
1762 3.65501164518752 
1763 3.6304689904186 
1764 3.6664359161536 
1765 3.68764060624842 
1766 3.5997740748310596 
1767 3.7979883796932 
1768 3.67072344232558 
1769 3.87028568498544 
1770 3.8150967186134404 
1771 3.8610676722751998 
1772 3.9766175130234203 
1773 3.65393018442792 
1774 3.77820327759854 
1775 3.63912883744788 
1776 3.7962225731158803 
1777 3.51277840315894 
1778 3.60846553690144 
1779 3.39350007973634 
1780 3.47019014274044 
1781 3.42785728365522 
1782 3.2620780061032795 
1783 3.5420342617143397 
1784 3.43421266456314 
1785 3.6439896540682595 
1786 3.5214676811715995 
1787 3.80543103447352 
1788 3.67639730592226 
1789 4.14420294213232 
1790 3.87925167156574 
1791 4.08718543221024 
1792 3.84239862534954 
1793 4.10610233224118 
1794 3.9711513288253997 
1795 4.0223711065898 
1796 4.07238070072148 
1797 3.8294654301808997 
1798 3.95282414250716 
1799 3.59535352189332 
1800 3.98725137637132 
1801 3.4569262339335998 
1802 3.87479117315876 
1803 3.362882799828 
1804 3.67434576601712 
1805 3.2862531616779997 
1806 3.4670662206919 
1807 3.3208410329366 
1808 3.5854689436339795 
1809 3.27727604882674 
1810 3.5259278978637196 
1811 3.2874354384061197 
1812 3.6383232188869004 
1813 3.31516457699178 
1814 3.6688313726567996 
1815 3.19835006630142 
1816 3.6669511283175 
1817 3.0251348568607 
1818 3.43912514622306 
1819 2.92550104095146 
1820 3.35439634199912 
1821 3.08567841262012 
1822 3.38251907147844 
1823 3.07386362707854 
1824 3.4102038988506798 
1825 3.2399813000895 
1826 3.73531247375862 
1827 3.20063521868044 
1828 3.5706661765084 
1829 3.16888042520362 
1830 3.48093416299666 
1831 3.16684597780274 
1832 3.5293506808219597 
1833 3.1503294735588 
1834 3.5745379091264 
1835 3.2744840404057003 
1836 3.53127391998958 
1837 3.60639917585602 
1838 3.70239907766436 
1839 3.7629466311481203 
1840 3.8300335718167404 
1841 3.93098830711594 
1842 3.90833795201274 
1843 3.93287520502556 
1844 3.8070210810646996 
1845 4.02976107269288 
1846 3.87314331233678 
1847 3.8201400352298798 
1848 3.88548447384226 
1849 3.9600527804204395 
1850 3.9202193360539197 
1851 3.71008989348896 
1852 3.8353603420270197 
1853 3.9216105660792797 
1854 4.05652731654268 
1855 3.7505733454107597 
1856 4.04034174293464 
1857 4.10070684706918 
1858 4.13566372108666 
1859 3.91650029107448 
1860 4.00207654923564 
1861 3.88924793057278 
1862 3.8185735522135404 
1863 3.6605535216772997 
1864 3.4937113096514603 
1865 3.52368624251498 
1866 3.2235933828898 
1867 3.33047189491976 
1868 3.09953639318638 
1869 3.2729423061683 
1870 3.07362599507932 
1871 3.35856245588172 
1872 3.25210337236132 
1873 3.46027020363994 
1874 3.4061557667128595 
1875 3.6660585192492596 
1876 3.6991321519219396 
1877 3.75063497223164 
1878 3.9101452962582997 
1879 3.97915446998906 
1880 4.1797124343465 
1881 4.2186380550467595 
1882 4.210857963605919 
1883 4.2263439982038005 
1884 4.2363380869448 
1885 4.36560646286586 
1886 4.173095579342339 
1887 4.31422251118386 
1888 4.0590268491815795 
1889 4.44781514705244 
1890 4.03062498877706 
1891 4.26735597631982 
1892 3.9789395701089605 
1893 4.2719851823722 
1894 4.0119149356483 
1895 4.04894281161708 
1896 3.84145332625084 
1897 4.0369567929714005 
1898 3.9242104137221197 
1899 3.91036388732088 
1900 3.97533064242624 
1901 3.87392691467304 
1902 3.89315494509194 
1903 4.04591927112264 
1904 3.9259719107646 
1905 4.17277021712204 
1906 4.0987308919465 
1907 4.2489777664308 
1908 4.08170580188954 
1909 4.1100226864291 
1910 3.8617322201612 
1911 4.125110724297221 
1912 4.0072199384656 
1913 4.03537758644796 
1914 4.02692308452472 
1915 3.96963051038912 
1916 4.06653289841264 
1917 3.8643333036725402 
1918 4.10342239987944 
1919 3.83435801035674 
1920 4.017908040054619 
1921 3.9062420943619203 
1922 3.9341859883208796 
1923 3.9178093208210796 
1924 3.8278697759357003 
1925 3.7318442250638 
1926 3.72822241826504 
1927 3.9497031692988203 
1928 3.9751317618242 
1929 3.65341366070216 
1930 3.7379654192591403 
1931 3.6386511311592202 
1932 3.6207704957371396 
1933 3.5447310341209204 
1934 3.62468086436728 
1935 3.7386480547842 
1936 3.49129168210258 
1937 3.65581758420944 
1938 3.34619630216386 
1939 3.7244979005762 
1940 3.2716026409333403 
1941 3.61650017630758 
1942 3.2758657827284203 
1943 3.5084367584078797 
1944 3.26266803759554 
1945 3.4083796772692403 
1946 3.27531147479106 
1947 3.25430691319522 
1948 3.39477897675876 
1949 3.37706678605498 
1950 3.52674328478004 
1951 3.39741471493056 
1952 3.62354536570544 
1953 3.51319886332996 
1954 3.72609084717802 
1955 3.63890813298054 
1956 3.96351335867542 
1957 3.7342213206634596 
1958 3.87434526497036 
1959 3.8623744646392604 
1960 4.16816720958844 
1961 3.99125439730732 
1962 4.19810110823512 
1963 3.8846771545755603 
1964 4.10844046863404 
1965 3.78253518084612 
1966 3.86756067893896 
1967 3.82478593512284 
1968 3.91466470082718 
1969 3.73243318532012 
1970 3.6523961014487596 
1971 3.6896059931382603 
1972 3.54594649141114 
1973 3.73112738556222 
1974 3.4642793609057003 
1975 3.87263126373718 
1976 3.6340290223830203 
1977 3.77544005695378 
1978 3.51852604577408 
1979 3.92267740336436 
1980 3.51998944931492 
1981 3.82026294970942 
1982 3.5503169550268803 
1983 3.60842086709794 
1984 3.5039021486735202 
1985 3.66128697928906 
1986 3.26769699199746 
1987 3.58008856969992 
1988 3.20451479884352 
1989 3.3197541308559204 
1990 3.10150337703966 
1991 3.4489437272754 
1992 3.2026761512397997 
1993 3.5796466146287202 
1994 3.18240986674222 
1995 3.34735164091864 
1996 3.12550568185356 
1997 3.5444236134981404 
1998 3.21790571488246 
1999 3.64532711496936 
2000 3.25829041636566 
2001 3.59022729762626 
2002 3.1594936165434797 
2003 3.8203289906825604 
2004 3.41994158702382 
2005 4.1236358503686 
2006 3.6926383684595003 
2007 4.2143058913472 
2008 3.80414119623038 
2009 4.38700308511076 
2010 3.90275884045466 
2011 4.4375959936983005 
2012 4.08474699688674 
2013 4.438633216921 
2014 4.1221114666714795 
2015 4.32195960953908 
2016 4.15073885294724 
2017 4.30536523639012 
2018 4.21062786517024 
2019 4.192339920228941 
2020 4.30794251167078 
2021 4.22213780689866 
2022 4.2575466144615 
2023 4.15865126476654 
2024 4.15782018591042 
2025 3.93897539919014 
2026 4.0710623232349805 
2027 3.8549941734913604 
2028 4.04084161916232 
2029 3.90577808001306 
2030 4.06748759964712 
2031 3.93979457682678 
2032 4.09965925511764 
2033 3.7921423567954 
2034 3.93591993501056 
2035 3.80261064125908 
2036 3.8113124766196202 
2037 3.71303398222516 
2038 3.6520867607576397 
2039 3.64892920673256 
2040 3.5242240291166196 
2041 3.4801471047275596 
2042 3.4497255870198003 
2043 3.6799983804021403 
2044 3.70141516326298 
2045 3.6742507393765202 
2046 3.81211410209556 
2047 3.77320012669486 
2048 3.92107056485984 
2049 3.76267105718224 
2050 3.97064989861014 
2051 3.74864739567998 
2052 3.8513988854647403 
2053 3.7618351672678996 
2054 3.8186009244632997 
2055 3.87878989273372 
2056 3.8701015507427003 
2057 3.86898218378046 
2058 3.94609603918794 
2059 3.99806311086394 
2060 3.98565251839232 
2061 4.12090666114784 
2062 4.20744482148006 
2063 4.08492849052874 
2064 4.13256616573942 
2065 4.12074205176626 
2066 4.17254814203092 
2067 4.03729427125528 
2068 4.136351308520441 
2069 4.15844767929472 
2070 4.195028043129 
2071 4.05521982179176 
2072 3.9849826677348603 
2073 3.92820106532044 
2074 3.92258884538642 
2075 3.7721271418817404 
2076 3.8068995615123002 
2077 3.55580432620768 
2078 3.6544175954493396 
2079 3.6136054428901 
2080 3.6454214358485997 
2081 3.6951843421455797 
2082 3.7260754713564403 
2083 3.8109243841225 
2084 3.77469976235256 
2085 3.74858710321994 
2086 3.6753404957079803 
2087 3.6853762913237 
2088 3.5782765059323998 
2089 3.56401251260086 
2090 3.5145049313349 
2091 3.5800047086247404 
2092 3.5661219303068004 
2093 3.51475302814706 
2094 3.55592867895122 
2095 3.75949322148902 
2096 3.79935451117368 
2097 3.8667205807485403 
2098 3.8774284584342 
2099 3.7555532931391 
2100 3.73710653767154 
2101 3.80443180300862 
2102 3.7305089810651197 
2103 3.8843818701768797 
2104 3.8066458480765597 
2105 3.86083781256544 
2106 3.8174542266684197 
2107 3.79262054281864 
2108 3.78927799520834 
2109 3.9994616507962397 
2110 3.9713632069114198 
2111 3.7655998150945797 
2112 3.8190493456617403 
2113 3.5883178928683797 
2114 3.66673489852056 
2115 3.4115617179196596 
2116 3.4285309958192003 
2117 3.6334262208697803 
2118 3.5941140234403 
2119 3.5761093364053997 
2120 3.67306395904246 
2121 3.703575906487 
2122 3.7509733060804598 
2123 3.93597025001498 
2124 3.9105652790969203 
2125 4.0498341105769 
2126 4.01033802402646 
2127 3.8445022612432402 
2128 3.91099986373112 
2129 3.9215932424514 
2130 3.9166055517891003 
2131 4.07085422678626 
2132 4.00504094077232 
2133 4.0267630632730995 
2134 4.02219704535514 
2135 3.9163176121177004 
2136 3.9417609420775 
2137 4.09891875261758 
2138 3.9944479947076 
2139 3.9170047854249197 
2140 3.8048228063718397 
2141 3.73628208108248 
2142 3.7199353428118997 
2143 3.5508267304550403 
2144 3.63971833000544 
2145 3.5232991076720195 
2146 3.6266461826407204 
2147 3.4478217952611403 
2148 3.5634299647450804 
2149 3.6487963718627 
2150 3.6766703469375 
2151 3.78641482613178 
2152 3.7977688237841796 
2153 3.93478089849334 
2154 3.8653797945038 
2155 4.0102166079475605 
2156 3.98994322822752 
2157 3.94500312009004 
2158 4.012707073053 
2159 4.0030779097783995 
2160 4.08043111063912 
2161 3.8496840013136797 
2162 3.9769248234825 
2163 3.78353415842734 
2164 3.9233448062744003 
2165 3.7791202760936797 
2166 3.8112999482511 
2167 3.8551633806127 
2168 3.7947582488689795 
2169 3.6153872783053203 
2170 3.6927706088248797 
2171 3.6097514221477196 
2172 3.62269030248964 
2173 3.66723994810974 
2174 3.6078905656147597 
2175 3.6646938334388204 
2176 3.73103142158116 
2177 3.5280346781823804 
2178 3.8016855969441403 
2179 3.54697964414378 
2180 3.7294278460052404 
2181 3.5898562746326 
2182 3.84000812000386 
2183 3.59859223729118 
2184 3.88282253884678 
2185 3.7195745123147197 
2186 3.87109512104592 
2187 3.7523941944119996 
2188 3.81402517086262 
2189 3.8733415738804 
2190 3.87707541237046 
2191 3.7339150386710203 
2192 3.72396292319934 
2193 3.64076951178156 
2194 3.6083219619392204 
2195 3.5899628125613803 
2196 3.54473485367678 
2197 3.4780258716679597 
2198 3.46178761464518 
2199 3.42159593345126 
2200 3.4708299584141202 
2201 3.4640137157747803 
2202 3.5096383002193 
2203 3.3620482246486 
2204 3.4264701852697597 
2205 3.22874086760688 
2206 3.3009021796162203 
2207 3.4545141063112 
2208 3.5413434730947 
2209 3.44540610949538 
2210 3.4888785374030804 
2211 3.3802286230406997 
2212 3.3699557979248604 
2213 3.5763488592981196 
2214 3.49731504771896 
2215 3.4945087887587 
2216 3.4175412603830204 
2217 3.4350037056595197 
2218 3.2368470439254997 
2219 3.4237116657944 
2220 3.27086986763152 
2221 3.6281822477286 
2222 3.55452966184128 
2223 3.5438750640753 
2224 3.56183779755954 
2225 3.54139904439742 
2226 3.6748608769073003 
2227 3.6130971434504 
2228 3.8025710693516404 
2229 3.6273647090748398 
2230 3.8381827297155 
2231 3.64580554561012 
2232 3.8464939791743396 
2233 3.63439922039466 
2234 3.8121268831841397 
2235 3.70963467008742 
2236 3.82644363374012 
2237 3.76885096024634 
2238 3.82432619081442 
2239 3.92651030668302 
2240 4.034707288154101 
2241 3.86684495497166 
2242 4.024075864746299 
2243 3.89721126723288 
2244 3.99296502300544 
2245 3.8790022760775997 
2246 3.9998927420504002 
2247 3.8636488281226002 
2248 3.9996577907364803 
2249 3.8216229361693204 
2250 3.88415625865076 
2251 3.82613793379126 
2252 3.7603890706068 
2253 3.9109270045124602 
2254 3.7606930383175197 
2255 3.8886843857996 
2256 3.7293845057432002 
2257 3.8853452664475805 
2258 3.64029750122004 
2259 3.9178465560054 
2260 3.6288230278233597 
2261 3.95656731497714 
2262 3.7178480894817802 
2263 4.1436811327997 
2264 3.8599673391871 
2265 4.01803946567664 
2266 3.87163447376402 
2267 4.02045836607506 
2268 3.9582713368545797 
2269 3.93316092936618 
2270 4.0178824818951195 
2271 3.95852336064596 
2272 3.9844043977770602 
2273 3.88226190429694 
2274 3.84795669770102 
2275 3.94215707368598 
2276 3.70171758565194 
2277 3.77529400299548 
2278 3.6037511430809404 
2279 3.9348067937825597 
2280 3.5665079721609403 
2281 3.76251734028166 
2282 3.5341835942306603 
2283 3.5798307054389804 
2284 3.4445291824684405 
2285 3.4286410228487 
2286 3.5436971062876 
2287 3.6015758336903403 
2288 3.68929467886266 
2289 3.5771221636214 
2290 3.73442423324508 
2291 3.78732306010088 
2292 3.9488642848468998 
2293 3.75285974781386 
2294 4.0574646612622 
2295 3.9505949036786197 
2296 4.1657287051014205 
2297 3.91477428339316 
2298 4.090236257210099 
2299 3.73227905773206 
2300 3.91064802233612 
2301 3.5751039222650802 
2302 3.6383491733291597 
2303 3.79627697451634 
2304 3.8213207231397397 
2305 3.70921987753306 
2306 3.73242737581854 
2307 3.69704167061946 
2308 3.71615314357472 
2309 3.9113798542910203 
2310 3.85267278418002 
2311 3.9614226101795196 
2312 3.90416116977024 
2313 3.9501757727431 
2314 3.8823120604117003 
2315 3.8393711316232597 
2316 3.76119959883932 
2317 3.9050425378180798 
2318 3.8195213240738397 
2319 3.86252242571084 
2320 3.85164778713832 
2321 3.77154111456192 
2322 3.80307617034808 
2323 3.72411778580476 
2324 3.7411513980279 
2325 3.92339771077888 
2326 3.89753101697262 
2327 3.7913376466065403 
2328 3.79898695059264 
2329 3.7822609339075397 
2330 3.77347316940536 
2331 3.8343173184160597 
2332 3.78008619829712 
2333 3.79661560738156 
2334 3.6646990973694202 
2335 3.7457198854826204 
2336 3.6693608856103195 
2337 3.64695795061524 
2338 3.5519957978921197 
2339 3.63343023993628 
2340 3.5856898006512403 
2341 3.6647947142041195 
2342 3.7274493464748195 
2343 3.7516553525135796 
2344 3.8304310167481197 
2345 3.99113763451344 
2346 4.008611340252481 
2347 4.051333259692241 
2348 4.00449341363604 
2349 4.20215633449776 
2350 3.95978235596966 
2351 4.04605774277452 
2352 4.00552678431062 
2353 4.03607164998104 
2354 3.9806849621205798 
2355 3.9281651561073803 
2356 3.97988410813306 
2357 3.87060126152904 
2358 3.9855237197970603 
2359 3.72198488493702 
2360 3.90143373639454 
2361 3.89250281470882 
2362 3.9222723095033 
2363 3.78756300142946 
2364 3.76883794421952 
2365 3.8457412915866795 
2366 3.8770621337469002 
2367 3.89921150254006 
2368 3.88142294973886 
2369 4.01416190617988 
2370 3.98844908361662 
2371 3.9817046672411003 
2372 4.04287558765856 
2373 3.86481814706134 
2374 4.05406106714298 
2375 3.88202322429082 
2376 4.08961358069374 
2377 3.6764729886301 
2378 4.0847545065975 
2379 3.41048616356154 
2380 3.9582995019356604 
2381 3.16369448803902 
2382 3.5796139385672605 
2383 3.3074910987414596 
2384 3.5465659202691597 
2385 3.36931195320942 
2386 3.56106192895092 
2387 3.34198957554542 
2388 3.3222369311842597 
2389 3.58554184168604 
2390 3.5443179995270597 
2391 3.79183385943344 
2392 3.86058469926112 
2393 3.55366388351732 
2394 3.84181040223784 
2395 3.59904958215184 
2396 4.09114688308516 
2397 3.58547861758206 
2398 4.197803764796079 
2399 3.38660895821008 
