0 1.170751651982001 
1 2.086626506031018 
2 4.416850169759936 
3 2.0328776164558646 
4 2.66520838137391 
5 1.7112877812643585 
6 2.189947195245021 
7 2.667046925175489 
8 2.0109820987583733 
9 2.417083827375466 
10 2.0781843311914576 
11 0.7832138607107093 
12 1.5636052001390248 
13 3.2704934800016656 
14 2.0822126382150485 
15 2.550307812765401 
16 1.4951219311262658 
17 1.8827376486231269 
18 1.4600471066305096 
19 2.582933533345604 
20 0.8323245061682476 
21 1.5285792127759659 
22 2.9284323829383756 
23 2.6079760563959486 
24 1.0497913270919867 
25 4.401685825974752 
26 3.03317031451193 
27 1.9952681092377 
28 2.6175666098656603 
29 2.494324692778777 
30 0.968418367261815 
31 2.1041939413116832 
32 1.4286748884598617 
33 1.585494287092333 
34 2.1435783061632723 
35 3.2369448089643864 
36 2.7075157688846296 
37 1.9812003601814239 
38 2.157187724604461 
39 1.3219947720796335 
40 2.5140190853214017 
41 4.002106001159977 
42 3.208810699402747 
43 0.980506240855898 
44 1.1135556145160819 
45 1.304992904528817 
46 2.735688149036591 
47 2.2194789776170776 
48 3.114368789728003 
49 1.6307410653567316 
50 2.904406426836115 
51 1.8527761131769116 
52 2.4095471464541287 
53 3.093026543898426 
54 2.4618377898823818 
55 1.2166210938948123 
56 1.4151653338041015 
57 0.8947101585082526 
58 1.204664159862729 
59 1.3919815311704626 
60 2.601391046864036 
61 1.371094023148261 
62 2.601391046864036 
63 1.371094023148261 
64 2.3327217010915073 
65 1.3203964167241606 
66 1.183541672438429 
67 3.4995551886324554 
68 2.21981178954849 
69 1.7354333703692115 
70 1.223167729775955 
71 2.891353501587078 
72 1.3950587667321914 
73 2.5322371385636107 
74 2.6072621065803157 
75 2.2983422280604966 
76 1.6653125684215058 
77 2.498454536554724 
78 4.06200403257631 
79 1.6586116237680169 
80 3.624569298801602 
81 0.7860572280180622 
82 1.019466212256663 
83 1.407394488184887 
84 1.1597309686226955 
85 2.1537237175387802 
86 2.6995813034716822 
87 1.5088150588488833 
88 2.3591628785832923 
89 2.7973667861716915 
90 2.4987253426072527 
91 2.290789885157125 
92 1.0563128399501016 
93 2.2234783039241464 
94 1.1047075244405469 
95 0.9354917271468479 
96 2.2592587250318963 
97 3.4656059715620287 
98 3.1379165301946133 
99 2.8554642775842844 
100 1.2202167094204097 
101 0.8586961791248711 
102 2.1911306554313703 
103 1.441070979841218 
104 1.7940100179797445 
105 2.6937780088500567 
106 3.2207781171359655 
107 1.7480146378881716 
108 1.9657767683034266 
109 2.3245746536184235 
110 1.003714060627082 
111 1.7268668088337662 
