0 2.96683502738776 
1 3.08622625727376 
2 3.08559676615948 
3 3.29966942927364 
4 3.15036975626454 
5 3.2279984287486996 
6 3.393529313114 
7 3.17854158423288 
8 3.40507725745814 
9 3.05965186061702 
10 3.37778942100408 
11 3.14814275772824 
12 3.23421294672864 
13 3.22509090531534 
14 3.04698234562324 
15 3.4734713386519203 
16 2.99091813332574 
17 3.4803368894049598 
18 3.06901505570932 
19 3.2786475316143204 
20 3.3003959496735598 
21 3.3336045849090397 
22 3.4030061442092405 
23 3.443423895546 
24 3.6128077247746804 
25 3.4757991942905795 
26 3.53317808425156 
27 3.4757991942905795 
28 3.3175363502287802 
29 3.31088310702438 
30 3.3175363502287802 
31 3.37082063332016 
32 3.3188373723505995 
33 3.15622500801194 
34 3.62727935988434 
35 3.37313865670288 
36 3.62727935988434 
37 3.52337441029606 
38 3.7384872498103396 
39 3.62602473833966 
40 3.7250102576681003 
41 3.63051731824754 
42 3.5242472090693604 
43 3.66645782555808 
44 3.51276831483946 
45 3.77840312282272 
46 3.38383815899824 
47 3.7048901247006802 
48 3.58460120759698 
49 3.47294040908598 
50 3.5708110490001195 
51 3.2936588791543002 
52 3.55470162768676 
53 3.26493159554224 
54 3.55470162768676 
55 3.2708951839729004 
56 3.5250427604464596 
57 3.3378276086129 
58 3.60909311205144 
59 3.42361047274746 
60 3.60909311205144 
61 3.7124368745532204 
62 3.6662773638576605 
63 3.8543687158172197 
64 3.7417281953382 
65 3.8594113263020398 
66 3.7417281953382 
67 3.7526799295997 
68 3.55146810126734 
69 3.4424066289021398 
70 3.46943122842978 
71 3.38357490767482 
72 3.46943122842978 
73 3.36056750064238 
74 3.55011853005506 
75 3.5630147183882004 
76 3.55157037105012 
77 3.52643976974718 
78 3.34609816119188 
79 3.39565394306288 
80 3.46914950366558 
81 3.4738972900423 
82 3.49001047216574 
83 3.4738547022690804 
84 3.69548268202398 
85 3.6493693570617802 
86 3.61026585639166 
87 3.6493693570617802 
88 3.4852347079964403 
89 3.56558408190388 
90 3.3099458680707796 
91 3.4887099078513204 
92 3.14499815052202 
93 3.12687278861674 
94 3.22681375337498 
95 3.2171420008646003 
96 3.13873722842996 
97 3.13571192076706 
98 3.28119682846188 
99 3.33121103990496 
100 3.3975220769451604 
101 3.41631077700846 
102 3.3175103038259004 
103 3.3517600347566003 
104 3.23145513007834 
105 3.1852214724989 
106 3.1917242877429 
107 3.23561165144962 
108 3.53510142573284 
109 3.4702054852078197 
110 3.67122805465212 
111 3.58620966413878 
112 3.71109263252482 
113 3.57671183724052 
114 3.7308503980676 
115 3.57119941811404 
116 3.64332326715044 
117 3.49957029192156 
118 3.5772653833747396 
119 3.4123420126265005 
120 3.2604579690655 
121 3.31218071354242 
122 3.3630802763628 
123 3.39082729657028 
124 3.44584096546592 
125 3.53112703109338 
126 3.45449017101028 
127 3.50571270038132 
128 3.3752517479298 
129 3.4852974723636003 
130 3.3458338127606195 
131 3.5910115745806204 
132 3.4061111894094998 
133 3.7183988576016196 
134 3.4642779480538204 
135 3.8180319647829797 
136 3.4856830874899005 
137 3.8180319647829797 
138 3.4957837023816 
139 3.78574918754682 
140 3.46580502302512 
141 3.7315474537007396 
142 3.40685991924912 
143 3.6081965544566996 
144 3.4345825950325 
145 3.58356516899848 
146 3.3839093860029203 
147 3.49207657670976 
148 3.3424017787149602 
149 3.4473778321027 
150 3.3731513911037405 
151 3.51240295654138 
152 3.52546334262554 
153 3.6709746637806804 
154 3.6048340986362 
155 3.8390243076317803 
156 3.5531319203601 
157 3.76827827056662 
158 3.4782611272153603 
159 3.6669936341658795 
160 3.4256595319115597 
161 3.6669936341658795 
162 3.34240160592978 
163 3.57211421250278 
164 3.17033917314042 
165 3.44122616980732 
166 3.07906762735178 
167 3.2289154804076396 
168 3.053371895588 
169 3.2087524751044 
170 3.17755998576974 
171 3.23434365603906 
172 3.16708143289556 
173 3.27158200398568 
174 3.28090899996446 
175 3.42685150082204 
176 3.2759652863333004 
177 3.58658188586232 
178 3.35212322939186 
179 3.68257823696914 
180 3.3320794482732197 
181 3.3139188162393 
182 3.3139188162393 
183 3.68415748182222 
184 3.31129584925334 
185 3.57357733378788 
186 3.26373580834114 
187 3.5983920560521 
188 3.12145968956014 
189 3.4137364231314002 
190 3.1749951504181597 
191 3.48595146445158 
192 3.2874007506935796 
193 3.54021273253358 
194 3.42638142781002 
195 3.69245894675774 
196 3.523674339251 
197 3.6593004575298003 
198 3.5447299142129403 
199 3.7187685244967 
200 3.5904262200736197 
201 3.7187685244967 
202 3.4761632119286405 
203 3.8135954748451395 
204 3.5302496236333196 
205 3.8679556773462798 
206 3.4439279603196398 
207 3.86096589019768 
208 3.41933081978362 
209 3.7619117727652203 
210 3.39574871963982 
211 3.6937702666687002 
212 3.34169825683126 
213 3.64096961504326 
214 3.41420863073406 
215 3.57024914040228 
216 3.3959050566698203 
217 3.54746284011568 
218 3.45541180417998 
219 3.6211978681766 
220 3.31312371814676 
221 3.7098843809777797 
222 3.18789534084844 
223 3.45974469333808 
224 3.05581208556562 
225 3.2508986647627998 
226 3.12273906284044 
227 3.12069045861496 
228 3.2015992602978 
229 3.24586722313274 
230 3.2596744128176396 
231 3.43270220895712 
232 3.1369324887586 
233 3.47815281409312 
234 3.13306736697078 
235 3.48168496408744 
236 3.2161975862016803 
237 3.5463859310869603 
238 3.4085151193960597 
239 3.44542701322676 
240 3.44869593618444 
241 3.4333175887808403 
242 3.3138537499757 
243 3.4382140517860202 
244 3.2818137223159605 
245 3.77228677357724 
246 3.29378314933986 
247 3.87946951270918 
248 3.3869493972178804 
249 3.874573049704 
250 3.1915930512456603 
251 3.77422552795838 
252 2.92919480104448 
253 3.5042764053259 
254 2.77725224350372 
255 3.21168117363636 
256 2.90616305863412 
257 2.9898660247675197 
258 3.0730522716452002 
259 3.13615159401942 
260 3.5002575075588 
261 3.26088458623954 
262 3.412502849999 
263 3.40778877485672 
264 3.5564710868991396 
265 3.4500722110907396 
266 3.32289867491246 
267 3.497887537806 
268 3.34144720916854 
269 3.3806555682751 
270 3.21098962512948 
271 3.3421335470105804 
272 3.02268870799114 
273 3.12289957874004 
274 3.19594984560006 
275 3.11418028807348 
276 3.162205625255 
277 3.11661094276622 
278 3.2829842096281405 
279 3.23461429522266 
280 3.00770278729258 
281 3.3737537205470405 
282 3.0139880081431802 
283 3.38896690591614 
284 2.78738746466984 
285 3.22633544928226 
286 2.922905377856 
287 3.0713436550543003 
288 2.9700127750474197 
289 3.0460345981361803 
290 3.1270124473351 
291 3.09638465229378 
292 3.0633652479644202 
293 3.2049426670274004 
294 3.12645998762474 
295 3.3386864111320795 
296 3.36745940364544 
297 3.6408565210807 
298 3.56763155067362 
299 3.6461930753422003 
300 3.5875396006959397 
301 3.70307750831376 
302 3.46750178281098 
303 3.5971848641019797 
304 3.40459427642298 
305 3.64181780276774 
306 3.3464167546092 
307 3.5802866023106197 
308 3.29534152507156 
309 3.5793386930641 
310 3.2705131376143597 
311 3.5662592197212 
312 3.3224675901349796 
313 3.5441846807312 
314 3.60145188838946 
315 3.59682241816324 
316 3.6437678414730597 
317 3.5120421623883997 
318 3.64773590577184 
319 3.4838675151329603 
320 3.4478045122268597 
321 3.5694591522551598 
322 3.44347461677824 
323 3.64519307593872 
324 3.3867783958547597 
325 3.6240985646062596 
326 3.3952273976114 
327 3.4487833616897605 
328 3.3941517708010203 
329 3.48010190806142 
330 3.3118992424854605 
331 3.43742321142548 
332 3.39414624950008 
333 3.38337851408708 
334 3.42000375133064 
335 3.3388096135749796 
336 3.41185436205184 
337 3.2939566940148604 
338 3.52108974682558 
339 3.3990442847508198 
340 3.48001737638902 
341 3.4683412682437798 
342 3.3993428365407397 
343 3.3988902775848997 
344 3.3993428365407397 
345 3.42911249068764 
346 3.4322814330392397 
347 3.3428836525446597 
348 3.63037133276546 
349 3.53468339127284 
350 3.4011360032077596 
351 3.48066467930438 
352 3.4703918970875796 
353 3.5064757452185398 
354 3.41008268826356 
355 3.47656851452916 
356 3.5008951925176 
357 3.4983268738949596 
358 3.38489127829662 
359 3.5489413799000196 
360 3.4582489283599003 
361 3.572365537107 
362 3.5966717536635597 
363 3.69867598612584 
364 3.69001289833666 
365 3.56579604758564 
366 3.70925657440824 
367 3.6307644067236198 
368 3.70925657440824 
369 3.6307644067236198 
370 3.45671354707626 
371 3.77455320515176 
372 3.18572695986034 
373 3.5287016685437997 
374 3.18572695986034 
375 3.29560501660596 
376 3.3592379547220803 
377 3.0992846663291997 
378 3.5148522313277 
379 3.18677349748586 
380 3.5148522313277 
381 3.39418306242458 
382 3.57137308514154 
383 3.48944170996596 
384 3.71356725017174 
385 3.6016278637280004 
386 3.5101322124248804 
387 3.4321916393937797 
388 3.5123590678057197 
389 3.50197781395914 
390 3.32716850654284 
391 3.49464460786566 
392 3.33144297806982 
393 3.5344839976212 
394 3.40567128407962 
395 3.55576793120538 
396 3.57115626842686 
397 3.6023106979837203 
398 3.77031683464674 
399 3.52685538768736 
400 3.7011117377635 
401 3.6127924512941 
402 3.6918589046759003 
403 3.56204691822656 
404 3.6918589046759003 
405 3.84643129871424 
406 3.66675703881648 
407 3.76039734701002 
408 3.75880157070972 
409 3.76039734701002 
410 3.75880157070972 
411 3.787646362751 
412 3.84344272092048 
413 3.75646050820844 
414 3.86388044194232 
415 3.73913427682092 
416 3.71634835644358 
417 3.75232645072082 
418 3.69466673090752 
419 3.8888023739509 
420 3.71251781216676 
421 3.8715301440773997 
422 3.86051348414656 
423 3.8583379701775002 
424 3.7530386642624203 
425 3.7766436720891 
426 3.69642803115834 
427 3.7974926501464 
428 3.69596444467728 
429 3.7974926501464 
430 3.7310263392024803 
431 3.69360074883926 
432 3.59128462976622 
433 3.5053255090108 
434 3.59128462976622 
435 3.5053255090108 
436 3.51519966099888 
437 3.5421310669418604 
438 3.44395374405888 
439 3.48032322973756 
440 3.1849769643892 
441 3.2387516696681997 
442 3.3343914300069004 
443 3.22248006404646 
444 3.58036446245256 
445 3.48112007279098 
446 3.83934124212222 
447 3.7226916328603403 
448 3.80160294543688 
449 3.8572763532424603 
450 3.68877173952842 
451 3.71810049820296 
452 3.51079014512854 
453 3.71810049820296 
454 3.46372422687478 
455 3.5840883181985803 
456 3.4784357600396802 
457 3.6470476583673404 
458 3.65641735443956 
459 3.51185777398684 
460 3.6411962720806796 
461 3.551047975554 
462 3.68144469743914 
463 3.54287891697044 
464 3.59225899814112 
465 3.6841546303780603 
466 3.75116736015566 
467 3.66796751015086 
468 3.78074641606376 
469 3.75154459428322 
470 3.8699321153617605 
471 3.7454587652561004 
472 3.7974112497631802 
473 3.89975229925012 
474 3.72817568217532 
475 3.89975229925012 
476 3.69297496410832 
477 3.8955948370135802 
478 3.48417695291766 
479 3.8146678234558005 
480 3.53345475694668 
481 3.8146678234558005 
482 3.4326719238747003 
483 3.63081712010894 
484 3.6272840197496 
485 3.4715920482159 
486 3.5865608026939597 
487 3.51389817979238 
488 3.2508387394899003 
489 3.1498078447077598 
490 3.2433890915427 
491 3.29342655918948 
492 3.59906891830558 
493 3.6575168942741003 
494 3.6626261871839603 
495 3.64880431255294 
496 3.7106347027116597 
497 3.6372126206216002 
498 3.8389898848228805 
499 3.8129015334638403 
500 3.84759454931172 
501 3.6813293133671996 
502 3.7528352406514998 
503 3.77612915026656 
504 3.7940349984525 
505 3.79665411641758 
506 3.633035106202 
507 3.8727163081864 
508 3.5559641345166804 
509 3.76038248376254 
510 3.38024887640806 
511 3.5763963737544997 
512 3.2407732304602397 
513 3.45701620213556 
514 3.3531223675685 
515 3.3371167900512804 
516 3.2721552199048 
517 3.25835091254834 
518 3.3078126894768998 
519 3.4332411124951 
520 3.3604383041724395 
521 3.58004169745506 
522 3.4599739396135596 
523 3.38487863018472 
524 3.53950128837416 
525 3.4474397485739403 
526 3.5748958205028005 
527 3.5127319661576997 
528 3.63238722842502 
529 3.5778538305355196 
530 3.6621238957954603 
531 3.77301689780586 
532 3.46792820889972 
533 3.78727554041476 
534 3.5309583640201803 
535 3.81698945262774 
536 3.54523262524694 
537 3.81698945262774 
538 3.62600834664784 
539 3.6150781332905195 
540 3.50380437433654 
541 3.52534524678666 
542 3.4082166793598 
543 3.48797224795574 
544 3.3537166045106197 
545 3.54786273453036 
546 3.3076627811551 
547 3.5214759778744797 
548 3.2487766876853 
549 3.5146456925813196 
550 3.37002958044008 
551 3.4893459602390005 
552 3.4266584175148402 
553 3.5392691531583202 
554 3.4343880107782 
555 3.37953729236044 
556 3.4588079270551395 
557 3.4742643127335002 
558 3.448945314674 
559 3.40512423740764 
560 3.4882386851733003 
561 3.6090593823295998 
562 3.3581951652007804 
563 3.6084396388954803 
564 3.41812436699392 
565 3.6696782361971003 
566 3.40639594147724 
567 3.6696782361971003 
568 3.39846093111658 
569 3.57154639000968 
570 3.41439408853948 
571 3.57700784267118 
572 3.4122863364094798 
573 3.57700784267118 
574 3.2394412151582204 
575 3.6309471781493996 
576 3.08177637976268 
577 3.49958338181958 
578 3.05362003987272 
579 3.35927262660868 
580 3.19568799709716 
581 3.1357550386177797 
582 3.16111186807524 
583 3.1272145155023 
584 3.15035989747902 
585 3.2195282630496003 
586 3.3515758599164998 
587 3.33485915914794 
588 3.4260238869843596 
589 3.40032381300464 
590 3.42350398826862 
591 3.3793239767102596 
592 3.2980381511039396 
593 3.5755666635190204 
594 3.4033695370714803 
595 3.6773692854027997 
596 3.51678619202098 
597 3.7463661293608 
598 3.57175109226018 
599 3.6915043827249 
600 3.5556445759154203 
601 3.6866469475536596 
602 3.51229645271236 
603 3.6866469475536596 
604 3.47823456767984 
605 3.7117379131722403 
606 3.4349940180070804 
607 3.66023125899534 
608 3.39532378699718 
609 3.5788383928407397 
610 3.4248665299907204 
611 3.5767479143540597 
612 3.4878827433480195 
613 3.6613611090366596 
614 3.46579396303558 
615 3.7037414484076003 
616 3.3676790807689203 
617 3.68313085697606 
618 3.38598464341842 
619 3.4794450566812003 
620 3.3909668227131595 
621 3.39305899218136 
622 3.4547249384548 
623 3.29588659173504 
624 3.3723551157502003 
625 3.301639428021 
626 3.3496112698746403 
627 3.38311629466628 
628 3.4141687053088 
629 3.4631072935829 
630 3.41723120191196 
631 3.5354459273575003 
632 3.5015307149446597 
633 3.6966673877906997 
634 3.34600473318394 
635 3.7111152538839796 
636 3.3542444247317595 
637 3.6365424788885 
638 3.2652765223517397 
639 3.6365424788885 
640 3.32891444894614 
641 3.5329678968936 
642 3.3400492420739196 
643 3.6250964026263603 
644 3.4836283917410804 
645 3.6250964026263603 
646 3.53004847214108 
647 3.6998307536376998 
648 3.58143573829282 
649 3.6869537924756 
650 3.5688501216670603 
651 3.6869537924756 
652 3.6532884643558603 
653 3.7310206144313396 
654 3.6594750793381996 
655 3.74328523755294 
656 3.61941198047422 
657 3.74328523755294 
658 3.53581077826954 
659 3.76254430906954 
660 3.57239041283446 
661 3.836927365231 
662 3.6011069557247195 
663 3.836927365231 
664 3.70740830722646 
665 3.79610206321232 
666 3.7346497311907596 
667 3.80700731643618 
668 3.81454795343098 
669 3.80700731643618 
670 3.72350368515914 
671 3.9067903891192204 
672 3.7078411856293 
673 3.8509895907432403 
674 3.69174904007608 
675 3.8509895907432403 
676 3.5488083476238996 
677 3.7402260842071597 
678 3.47430158935896 
679 3.61235373572652 
680 3.3760642325587598 
681 3.61235373572652 
682 3.42155886106012 
683 3.48340647671062 
684 3.43480092990414 
685 3.56529093930586 
686 3.4073309898511397 
687 3.48911941314286 
688 3.40493211935706 
689 3.5549894681376 
690 3.3002504058081 
691 3.45797430887162 
692 3.3177778001788396 
693 3.517438248415 
694 3.3548182069068195 
695 3.5419159935380202 
696 3.4471455716565997 
697 3.6550810473963997 
698 3.4832451538368803 
699 3.67178863401602 
700 3.4890197123545397 
701 3.7199819511466203 
702 3.49726135219262 
703 3.72652294898434 
704 3.5081383598964004 
705 3.64412181511186 
706 3.5201724923580002 
707 3.62370896272756 
708 3.5541707604222603 
709 3.6414654423516604 
710 3.5197923976103396 
711 3.7238665762241197 
712 3.43742476349802 
713 3.71240047818372 
714 3.2328560020686603 
715 3.49351774453638 
716 3.08030147523248 
717 3.20851273381776 
718 3.2819893374792004 
719 3.10372272806914 
720 3.47354233362438 
721 3.27832868267924 
722 3.66474017784194 
723 3.5633336933978397 
724 3.50594324822056 
725 3.7950600890157604 
726 3.4560508316177 
727 3.7117905486182403 
728 3.2631115350509603 
729 3.38551298821856 
730 3.30744118422948 
731 3.23954079878962 
732 3.4192050631603004 
733 3.38450275909472 
734 3.58419539413986 
735 3.54963934194812 
736 3.641966344908 
737 3.5957868388041803 
738 3.5978956003207 
739 3.5797950476177802 
740 3.6653900048540002 
741 3.6244019959549 
742 3.7475653129340403 
743 3.6803646343661596 
744 3.7337748023975004 
745 3.61190164771918 
746 3.65488585259222 
747 3.5569840190136395 
748 3.5348374443913997 
749 3.57101945989884 
750 3.41694069333044 
751 3.50580211429658 
752 3.3066199350566796 
753 3.3799661856663596 
754 3.29594512071428 
755 3.37109251580004 
756 3.4429442120875002 
757 3.44274420256776 
758 3.61878470608874 
759 3.66699863984638 
760 3.6797991713926 
761 3.58592467265546 
762 3.68495829015378 
763 3.6277040163627605 
764 3.61995626688988 
765 3.4896397754225803 
766 3.6148858120605603 
767 3.60966058195008 
768 3.55136337424212 
769 3.5656936830544197 
770 3.58163770151644 
771 3.62403334434284 
772 3.3920299709454396 
773 3.5820141684170403 
774 3.3088930841590396 
775 3.5020495305942196 
776 3.14116414890628 
777 3.3410726411844403 
778 3.25880145420716 
779 3.1485810413817203 
780 3.32597204169044 
781 3.23277799380922 
782 3.44463805066612 
783 3.3222469763149 
784 3.3770159555330204 
785 3.45247163753076 
786 3.26877658157152 
787 3.31142362727138 
788 3.1617770731770003 
789 3.2120316497541403 
790 3.28957170479948 
791 3.16906511360186 
792 3.4766143723937 
793 3.3270955017627 
794 3.68498502729562 
795 3.5468438126169404 
796 3.5959825087315798 
797 3.6259145880959402 
798 3.5926517290418802 
799 3.6698506835082 
800 3.32634209799102 
801 3.3836510152690202 
802 3.3736814740133196 
803 3.3661723176018 
804 3.3521756844292803 
805 3.3342172343050995 
806 3.51623131053474 
807 3.57215500046012 
808 3.5038891797076195 
809 3.53279401798702 
810 3.4861426321030997 
811 3.53818158625162 
812 3.4985502175162404 
813 3.50446438854096 
814 3.58578728210354 
815 3.50680363810054 
816 3.5824423872859397 
817 3.47870989416912 
818 3.61158846045274 
819 3.51169602500564 
820 3.53507002930332 
821 3.6154879723060604 
822 3.5392478059452004 
823 3.6060390026175595 
824 3.55223399399926 
825 3.6093426476256196 
826 3.5842397335383405 
827 3.53550429428388 
828 3.4793469348558603 
829 3.43668835648734 
830 3.50433598902154 
831 3.4478788438137995 
832 3.5678509206895797 
833 3.4488644286545798 
834 3.73344958453772 
835 3.6443742717532204 
836 3.7616591388782 
837 3.66524616817656 
838 3.57962044078214 
839 3.7557200873284997 
840 3.5560415071328 
841 3.69847673743796 
842 3.42875616153544 
843 3.62756161929536 
844 3.5468057351280002 
845 3.44882680072264 
846 3.4120351050257396 
847 3.3772497882154604 
848 3.47479923839398 
849 3.41941894452674 
850 3.5368246245112203 
851 3.5235559454726 
852 3.58477509707264 
853 3.5860670216522204 
854 3.67759828904478 
855 3.6109716223836004 
856 3.62050147617254 
857 3.69251093890628 
858 3.65871226584052 
859 3.69614962930036 
860 3.6042595799479202 
861 3.62953038148254 
862 3.60969575649304 
863 3.5741716753926 
864 3.58109368879582 
865 3.4749591480341997 
866 3.4150534349665 
867 3.37945593002446 
868 3.38248508101488 
869 3.30229859559424 
870 3.3761342540031003 
871 3.35624792076732 
872 3.48977917713814 
873 3.4348960310152004 
874 3.43567057416994 
875 3.4447689998874 
876 3.3249996740179397 
877 3.36045904106458 
878 3.26366969587988 
879 3.3200794835605203 
880 3.1686384810103 
881 3.2737229429056596 
882 3.21520856719106 
883 3.2742445375435 
884 3.07172031061494 
885 3.1200401577708 
886 3.29739076272964 
887 3.08755128998244 
888 3.45598267255222 
889 3.21728695633526 
890 3.6575979265911798 
891 3.45697594926794 
892 3.60767720285284 
893 3.61935932762796 
894 3.61786756182046 
895 3.62249320799632 
896 3.59667942087298 
897 3.5482066708816 
898 3.57205018384638 
899 3.4925924807620605 
900 3.4543765003365996 
901 3.44643265031608 
902 3.43420518823268 
903 3.45091428702224 
904 3.48025049837858 
905 3.46771157566722 
906 3.5811192847005997 
907 3.5160578028908 
908 3.5374992630755004 
909 3.4947271320558597 
910 3.4778371380991 
911 3.48473589686058 
912 3.39968426034712 
913 3.43679700723134 
914 3.49583660211416 
915 3.4594453513407997 
916 3.4772845904296403 
917 3.49393607227814 
918 3.5322983013319997 
919 3.55306234182518 
920 3.46134488898468 
921 3.5223431818511 
922 3.4897031276365196 
923 3.4556848628184604 
924 3.3934752854207 
925 3.3396381540251 
926 3.45036876230312 
927 3.3552741886371598 
928 3.4351501990469204 
929 3.35826172565078 
930 3.54173447121254 
931 3.4415596976610403 
932 3.5567499494817802 
933 3.49690106545932 
934 3.44117024674744 
935 3.5617504600944003 
936 3.33114016624432 
937 3.47739028853024 
938 3.2250228154322 
939 3.42907874336638 
940 3.33465715803656 
941 3.2630664836772603 
942 3.4597530151022395 
943 3.3995607553068803 
944 3.66086947483286 
945 3.51169089546566 
946 3.74796431804386 
947 3.6462388222799804 
948 3.65185137163896 
949 3.5676060696483605 
950 3.52173475519236 
951 3.4534224574243 
952 3.54029203325546 
953 3.5159069177466398 
954 3.60964484605744 
955 3.5589042779779803 
956 3.6292217790813197 
957 3.54947945666704 
958 3.5288114282358203 
959 3.5577563240752803 
960 3.41502185136732 
961 3.4820344388364397 
962 3.31681899909218 
963 3.42006142637148 
964 3.2739278696277205 
965 3.33986721542866 
966 3.3214413406978602 
967 3.38338399461622 
968 3.36513400824066 
969 3.40479770544074 
970 3.5030823514667198 
971 3.5934435928608996 
972 3.62272239571246 
973 3.6538114887145197 
974 3.5790661665431003 
975 3.5793722672045396 
976 3.64852762181454 
977 3.59909466129798 
978 3.56569267980998 
979 3.50528883849312 
980 3.6245468407755403 
981 3.63528354583172 
982 3.36092623836912 
983 3.4093809798352197 
984 3.3226515113667405 
985 3.38646002271488 
986 3.2083469539952603 
987 3.30135598174038 
988 3.39877756556364 
989 3.43808686926866 
990 3.4252577337825003 
991 3.45267129581066 
992 3.5773720242913 
993 3.5208520613944403 
994 3.4716143466940204 
995 3.4272488009151205 
996 3.38032708436618 
997 3.3696451949607598 
998 3.37987349152582 
999 3.3786966103794596 
1000 3.3586702872572 
1001 3.36865984126634 
1002 3.45564688074072 
1003 3.4218182403935002 
1004 3.38953869832014 
1005 3.3369927656773397 
1006 3.49638590761944 
1007 3.42377624114146 
1008 3.5437390299430804 
1009 3.4623638215263397 
1010 3.61447217229356 
1011 3.5024603094108 
1012 3.61629740559968 
1013 3.57809975559812 
1014 3.6215286965469 
1015 3.6888839832597595 
1016 3.40512141691768 
1017 3.52003483817454 
1018 3.25577509981004 
1019 3.3578612435214197 
1020 3.05088319136768 
1021 3.1130630159966 
1022 3.09678683115878 
1023 3.0909540108952003 
1024 3.16713245273368 
1025 3.109331259856 
1026 3.1990553822149197 
1027 3.1370356528428602 
1028 3.35525252773368 
1029 3.3757426288492605 
1030 3.3765560139870603 
1031 3.41554860948838 
1032 3.5518115805782005 
1033 3.56142872357036 
1034 3.5325957417344 
1035 3.52732350659572 
1036 3.4691541867851 
1037 3.4502006597935795 
1038 3.28531995659746 
1039 3.27258176095266 
1040 3.2598688964642 
1041 3.18760845054656 
1042 3.3959991966735403 
1043 3.3135529449858803 
1044 3.54323960183182 
1045 3.4667392551932203 
1046 3.4038029328870403 
1047 3.40514649501064 
1048 3.3606220524617 
1049 3.33196213009206 
1050 3.3904814478496803 
1051 3.3402767777032403 
1052 3.38794637449692 
1053 3.32224648955372 
1054 3.37475891328208 
1055 3.34553500572718 
1056 3.4505236076150196 
1057 3.45014523618214 
1058 3.5136823117692004 
1059 3.4840357683637997 
1060 3.5512963296132596 
1061 3.5353360647621996 
1062 3.42814189453716 
1063 3.36642539247256 
1064 3.4712096598030597 
1065 3.42686178736432 
1066 3.5311341230055198 
1067 3.4784465593858003 
1068 3.62556295313948 
1069 3.6454646663923596 
1070 3.5806615011198195 
1071 3.6189460206546995 
1072 3.36153997470078 
1073 3.40726173585402 
1074 3.27335382274862 
1075 3.3003112736613196 
1076 3.3150051059934 
1077 3.3306405466144398 
1078 3.3543372812143604 
1079 3.3961787652231203 
1080 3.43371531533042 
1081 3.4328047900327805 
1082 3.3946236446909 
1083 3.39117651570852 
1084 3.3836833155068198 
1085 3.3159140645889003 
1086 3.2559183172479202 
1087 3.12335850642344 
1088 3.35114981248278 
1089 3.2505696083344 
1090 3.4810169355212204 
1091 3.38874526840492 
1092 3.60009297073996 
1093 3.61288854495436 
1094 3.5318427290532597 
1095 3.6195463581728604 
1096 3.4071385681569 
1097 3.5539406470059602 
1098 3.22831100912422 
1099 3.4400471952202203 
1100 3.30843876507152 
1101 3.4568583476047996 
1102 3.32689994762558 
1103 3.4600051001489596 
1104 3.43106900630774 
1105 3.47783823699246 
1106 3.36059021640094 
1107 3.3313925295348 
1108 3.4490114612662195 
1109 3.36414625573508 
1110 3.53086566590098 
1111 3.4259586846314796 
1112 3.49938305586996 
1113 3.4293858105438604 
1114 3.39719309552544 
1115 3.36007766051988 
1116 3.3241099397716 
1117 3.3059173242691005 
1118 3.37373272751394 
1119 3.34715297952656 
1120 3.4530955836042403 
1121 3.44302213076674 
1122 3.54607307003256 
1123 3.52473815690554 
1124 3.5210973966531802 
1125 3.53618727383788 
1126 3.4875184957887795 
1127 3.4926987007375403 
1128 3.41763143919192 
1129 3.4219055271875 
1130 3.4950150760303798 
1131 3.4729249236053805 
1132 3.54294261379182 
1133 3.5122827611081 
1134 3.5541706559453403 
1135 3.52654740062142 
1136 3.4860441643069997 
1137 3.45866171795972 
1138 3.4629102263754 
1139 3.45204551910778 
1140 3.4720902688266597 
1141 3.47573964455714 
1142 3.54560080433408 
1143 3.5352366994447797 
1144 3.6417517112581 
1145 3.6629610962681802 
1146 3.72179955801464 
1147 3.737185097118 
1148 3.6738258373329997 
1149 3.7016440509140205 
1150 3.5748720955973 
1151 3.5724187554157405 
1152 3.40585757135102 
1153 3.40577146049542 
1154 3.4253571093460997 
1155 3.41569289034396 
1156 3.38189271049128 
1157 3.4104675825538004 
1158 3.29236197446586 
1159 3.30606352520748 
1160 3.22032758905506 
1161 3.24156345368416 
1162 3.17292873131168 
1163 3.14319588533708 
1164 3.3242862924423 
1165 3.27379890610174 
1166 3.3700097768815396 
1167 3.36864567776366 
1168 3.47187325808412 
1169 3.46935805783266 
1170 3.4134557080051797 
1171 3.41727989515402 
1172 3.5216033934905 
1173 3.4582285005959 
1174 3.6408262585786 
1175 3.59253127455818 
1176 3.7058359466190196 
1177 3.6237155027120203 
1178 3.67085959238376 
1179 3.57657092431628 
1180 3.6638102483735997 
1181 3.56674927134618 
1182 3.72186345969248 
1183 3.6391319586787 
1184 3.44445673247836 
1185 3.3923255101535603 
1186 3.2037669405037597 
1187 3.2337546961375203 
1188 2.98153355090818 
1189 3.0459073205056 
1190 3.23362847167052 
1191 3.2737641642576003 
1192 3.36487046011852 
1193 3.3761925220524 
1194 3.60040964348484 
1195 3.6108083558203 
1196 3.6676164806362004 
1197 3.70769628732804 
1198 3.66279261762516 
1199 3.63449254636852 
1200 3.5618914658718 
1201 3.50975599555876 
1202 3.25061340906694 
1203 3.19840935419434 
1204 3.155555702949 
1205 3.11782819628292 
1206 3.05670104463862 
1207 3.05249988234828 
1208 3.19387271343746 
1209 3.21504392086158 
1210 3.30498343269822 
1211 3.39412171300374 
1212 3.43767283932736 
1213 3.55973693776602 
1214 3.5152778993344804 
1215 3.61823806110788 
1216 3.5822692099554 
1217 3.6023552106391596 
1218 3.59679716524346 
1219 3.58557854413748 
1220 3.69221789652628 
1221 3.63175283347938 
1222 3.5177179056087198 
1223 3.52101729753634 
1224 3.4918932428124996 
1225 3.44154482779068 
1226 3.3121872888857196 
1227 3.3501470269760802 
1228 3.44835174415036 
1229 3.50859575909086 
1230 3.49367608612044 
1231 3.6383368332779 
1232 3.64050108633626 
1233 3.7506695616837 
1234 3.6702083708280595 
1235 3.71706917903174 
1236 3.6952124867899796 
1237 3.6821195623169998 
1238 3.5588710628289197 
1239 3.5321170184295605 
1240 3.5105517901796395 
1241 3.51114299001136 
1242 3.4847797738832598 
1243 3.50950491030502 
1244 3.521684582581 
1245 3.53256775240506 
1246 3.4605635842839595 
1247 3.4426888749802202 
1248 3.31873273871568 
1249 3.31391040767616 
1250 3.35114580233596 
1251 3.39715169283554 
1252 3.4959237118206197 
1253 3.44803331704654 
1254 3.5928662299664405 
1255 3.5547812878133 
1256 3.55443871492132 
1257 3.5019572949201 
1258 3.5770301243962797 
1259 3.5464425060899005 
1260 3.53962938016646 
1261 3.5702539452356397 
1262 3.67158441953462 
1263 3.63052523424304 
1264 3.73910436793784 
1265 3.68583304453794 
1266 3.74086620261584 
1267 3.6082563645369 
1268 3.6799055167117203 
1269 3.57306686535246 
1270 3.7056215462456796 
1271 3.60759105160822 
1272 3.6365413505786996 
1273 3.6020783586790004 
1274 3.4451114087529 
1275 3.43337117841772 
1276 3.40398770919064 
1277 3.40222795752846 
1278 3.2804395187554 
1279 3.25593553132194 
1280 3.3155613311357 
1281 3.3104237477304204 
1282 3.2249601465095403 
1283 3.21732079170948 
1284 3.1894647200336 
1285 3.2099585481166004 
1286 3.3985734177660802 
1287 3.3721803604050797 
1288 3.44456583745204 
1289 3.41876924751836 
1290 3.47316908520134 
1291 3.4021481533193 
1292 3.3689574510656 
1293 3.37050755474852 
1294 3.2994723896597398 
1295 3.3460589705977397 
1296 3.38169231188778 
1297 3.4065563184650003 
1298 3.42397382474878 
1299 3.3868912972919603 
1300 3.49869730508068 
1301 3.43136770963022 
1302 3.57165272020722 
1303 3.5708003047705197 
1304 3.43401984179402 
1305 3.4227402246238 
1306 3.3797399209504198 
1307 3.3444705933616 
1308 3.2296452110569804 
1309 3.17713588257664 
1310 3.4030359525189198 
1311 3.38563159788186 
1312 3.4674888359951197 
1313 3.4515781824735 
1314 3.5682701182616 
1315 3.5358361502100797 
1316 3.3543792354413595 
1317 3.3264332920435002 
1318 3.24979719857238 
1319 3.2268470271982204 
1320 3.12798441729954 
1321 3.13089187546984 
1322 3.28310427878898 
1323 3.2966959134189 
1324 3.4791498257583795 
1325 3.52009921683892 
1326 3.5956492957357598 
1327 3.62834782778708 
1328 2.9721090649847 
1329 3.1417953676852397 
1330 2.96771664674112 
1331 2.96683502738776 
1332 3.08622625727376 
1333 3.08559676615948 
1334 3.29966942927364 
1335 3.15036975626454 
1336 3.2279984287486996 
1337 3.393529313114 
1338 3.17854158423288 
1339 3.40507725745814 
1340 3.05965186061702 
1341 3.37778942100408 
1342 3.14814275772824 
1343 3.23421294672864 
1344 3.22509090531534 
1345 3.04698234562324 
1346 3.4734713386519203 
1347 2.99091813332574 
1348 3.4803368894049598 
1349 3.06901505570932 
1350 3.2786475316143204 
1351 3.3003959496735598 
1352 3.3336045849090397 
1353 3.4030061442092405 
1354 3.443423895546 
1355 3.6128077247746804 
1356 3.4757991942905795 
1357 3.53317808425156 
1358 3.4757991942905795 
1359 3.3175363502287802 
1360 3.31088310702438 
1361 3.3175363502287802 
1362 3.37082063332016 
1363 3.3188373723505995 
1364 3.15622500801194 
1365 3.62727935988434 
1366 3.37313865670288 
1367 3.62727935988434 
1368 3.52337441029606 
1369 3.7384872498103396 
1370 3.62602473833966 
1371 3.7250102576681003 
1372 3.63051731824754 
1373 3.5242472090693604 
1374 3.66645782555808 
1375 3.51276831483946 
1376 3.77840312282272 
1377 3.38383815899824 
1378 3.7048901247006802 
1379 3.58460120759698 
1380 3.47294040908598 
1381 3.5708110490001195 
1382 3.2936588791543002 
1383 3.55470162768676 
1384 3.26493159554224 
1385 3.4511912183190603 
1386 3.4511912183190603 
1387 3.55470162768676 
1388 3.2708951839729004 
1389 3.5250427604464596 
1390 3.3378276086129 
1391 3.60909311205144 
1392 3.42361047274746 
1393 3.60909311205144 
1394 3.7124368745532204 
1395 3.6662773638576605 
1396 3.8543687158172197 
1397 3.7417281953382 
1398 3.8594113263020398 
1399 3.7417281953382 
1400 3.7526799295997 
1401 3.55146810126734 
1402 3.4424066289021398 
1403 3.46943122842978 
1404 3.38357490767482 
1405 3.46943122842978 
1406 3.36056750064238 
1407 3.55011853005506 
1408 3.5630147183882004 
1409 3.55157037105012 
1410 3.52643976974718 
1411 3.34609816119188 
1412 3.39565394306288 
1413 3.46914950366558 
1414 3.4738972900423 
1415 3.49001047216574 
1416 3.4738547022690804 
1417 3.69548268202398 
1418 3.6493693570617802 
1419 3.61026585639166 
1420 3.6493693570617802 
1421 3.4852347079964403 
1422 3.56558408190388 
1423 3.3099458680707796 
1424 3.4887099078513204 
1425 3.14499815052202 
1426 3.12687278861674 
1427 3.22681375337498 
1428 3.2171420008646003 
1429 3.13873722842996 
1430 3.13571192076706 
1431 3.28119682846188 
1432 3.33121103990496 
1433 3.3975220769451604 
1434 3.41631077700846 
1435 3.3175103038259004 
1436 3.3517600347566003 
1437 3.23145513007834 
1438 3.1852214724989 
1439 3.1917242877429 
1440 3.23561165144962 
1441 3.53510142573284 
1442 3.4702054852078197 
1443 3.67122805465212 
1444 3.58620966413878 
1445 3.71109263252482 
1446 3.57671183724052 
1447 3.7308503980676 
1448 3.57119941811404 
1449 3.64332326715044 
1450 3.49957029192156 
1451 3.5772653833747396 
1452 3.4123420126265005 
1453 3.2604579690655 
1454 3.31218071354242 
1455 3.3630802763628 
1456 3.39082729657028 
1457 3.44584096546592 
1458 3.53112703109338 
1459 3.45449017101028 
1460 3.50571270038132 
1461 3.3752517479298 
1462 3.4852974723636003 
1463 3.3458338127606195 
1464 3.5910115745806204 
1465 3.4061111894094998 
1466 3.7183988576016196 
1467 3.4642779480538204 
1468 3.8180319647829797 
1469 3.4856830874899005 
1470 3.8180319647829797 
1471 3.4957837023816 
1472 3.78574918754682 
1473 3.46580502302512 
1474 3.7315474537007396 
1475 3.40685991924912 
1476 3.6081965544566996 
1477 3.4345825950325 
1478 3.58356516899848 
1479 3.3839093860029203 
1480 3.49207657670976 
1481 3.3424017787149602 
1482 3.4473778321027 
1483 3.3731513911037405 
1484 3.51240295654138 
1485 3.52546334262554 
1486 3.6709746637806804 
1487 3.6048340986362 
1488 3.8390243076317803 
1489 3.5531319203601 
1490 3.76827827056662 
1491 3.4782611272153603 
1492 3.6669936341658795 
1493 3.4256595319115597 
1494 3.6669936341658795 
1495 3.34240160592978 
1496 3.57211421250278 
1497 3.17033917314042 
1498 3.44122616980732 
1499 3.07906762735178 
1500 3.2289154804076396 
1501 3.053371895588 
1502 3.2087524751044 
1503 3.17755998576974 
1504 3.23434365603906 
1505 3.16708143289556 
1506 3.27158200398568 
1507 3.28090899996446 
1508 3.42685150082204 
1509 3.2759652863333004 
1510 3.58658188586232 
1511 3.35212322939186 
1512 3.68257823696914 
1513 3.3320794482732197 
1514 3.68415748182222 
1515 3.31129584925334 
1516 3.57357733378788 
1517 3.26373580834114 
1518 3.5983920560521 
1519 3.12145968956014 
1520 3.4137364231314002 
1521 3.1749951504181597 
1522 3.48595146445158 
1523 3.2874007506935796 
1524 3.54021273253358 
1525 3.42638142781002 
1526 3.69245894675774 
1527 3.523674339251 
1528 3.6593004575298003 
1529 3.5447299142129403 
1530 3.7187685244967 
1531 3.5904262200736197 
1532 3.7187685244967 
1533 3.4761632119286405 
1534 3.8135954748451395 
1535 3.5302496236333196 
1536 3.8679556773462798 
1537 3.4439279603196398 
1538 3.86096589019768 
1539 3.41933081978362 
1540 3.7619117727652203 
1541 3.39574871963982 
1542 3.6937702666687002 
1543 3.34169825683126 
1544 3.64096961504326 
1545 3.41420863073406 
1546 3.57024914040228 
1547 3.3959050566698203 
1548 3.54746284011568 
1549 3.45541180417998 
1550 3.6211978681766 
1551 3.31312371814676 
1552 3.7098843809777797 
1553 3.18789534084844 
1554 3.45974469333808 
1555 3.05581208556562 
1556 3.2508986647627998 
1557 3.12273906284044 
1558 3.12069045861496 
1559 3.2015992602978 
1560 3.24586722313274 
1561 3.2596744128176396 
1562 3.43270220895712 
1563 3.1369324887586 
1564 3.47815281409312 
1565 3.13306736697078 
1566 3.48168496408744 
1567 3.2161975862016803 
1568 3.5463859310869603 
1569 3.4085151193960597 
1570 3.44542701322676 
1571 3.44869593618444 
1572 3.4333175887808403 
1573 3.3138537499757 
1574 3.4382140517860202 
1575 3.2818137223159605 
1576 3.77228677357724 
1577 3.29378314933986 
1578 3.87946951270918 
1579 3.3869493972178804 
1580 3.874573049704 
1581 3.1915930512456603 
1582 3.77422552795838 
1583 2.92919480104448 
1584 3.5042764053259 
1585 2.77725224350372 
1586 3.21168117363636 
1587 2.90616305863412 
1588 2.9898660247675197 
1589 3.0730522716452002 
1590 3.13615159401942 
1591 3.5002575075588 
1592 3.26088458623954 
1593 3.412502849999 
1594 3.40778877485672 
1595 3.5564710868991396 
1596 3.4500722110907396 
1597 3.32289867491246 
1598 3.497887537806 
1599 3.34144720916854 
1600 3.3806555682751 
1601 3.21098962512948 
1602 3.3421335470105804 
1603 3.02268870799114 
1604 3.12289957874004 
1605 3.19594984560006 
1606 3.11418028807348 
1607 3.162205625255 
1608 3.11661094276622 
1609 3.2829842096281405 
1610 3.23461429522266 
1611 3.00770278729258 
1612 3.3737537205470405 
1613 3.0139880081431802 
1614 3.38896690591614 
1615 2.78738746466984 
1616 3.22633544928226 
1617 2.922905377856 
1618 3.0713436550543003 
1619 2.9700127750474197 
1620 3.0460345981361803 
1621 3.1270124473351 
1622 3.09638465229378 
1623 3.0633652479644202 
1624 3.2049426670274004 
1625 3.12645998762474 
1626 3.3386864111320795 
1627 3.36745940364544 
1628 3.6408565210807 
1629 3.56763155067362 
1630 3.6461930753422003 
1631 3.5875396006959397 
1632 3.70307750831376 
1633 3.46750178281098 
1634 3.5971848641019797 
1635 3.40459427642298 
1636 3.64181780276774 
1637 3.3464167546092 
1638 3.5802866023106197 
1639 3.29534152507156 
1640 3.5793386930641 
1641 3.2705131376143597 
1642 3.5662592197212 
1643 3.3224675901349796 
1644 3.5441846807312 
1645 3.60145188838946 
1646 3.59682241816324 
1647 3.6437678414730597 
1648 3.5120421623883997 
1649 3.64773590577184 
1650 3.4838675151329603 
1651 3.4478045122268597 
1652 3.5694591522551598 
1653 3.44347461677824 
1654 3.64519307593872 
1655 3.3867783958547597 
1656 3.6240985646062596 
1657 3.3952273976114 
1658 3.4487833616897605 
1659 3.3941517708010203 
1660 3.48010190806142 
1661 3.3118992424854605 
1662 3.43742321142548 
1663 3.39414624950008 
1664 3.38337851408708 
1665 3.42000375133064 
1666 3.3388096135749796 
1667 3.41185436205184 
1668 3.2939566940148604 
1669 3.52108974682558 
1670 3.3990442847508198 
1671 3.48001737638902 
1672 3.4683412682437798 
1673 3.3993428365407397 
1674 3.3988902775848997 
1675 3.3993428365407397 
1676 3.42911249068764 
1677 3.4322814330392397 
1678 3.3428836525446597 
1679 3.63037133276546 
1680 3.53468339127284 
1681 3.4011360032077596 
1682 3.48066467930438 
1683 3.4703918970875796 
1684 3.5064757452185398 
1685 3.41008268826356 
1686 3.47656851452916 
1687 3.5008951925176 
1688 3.4983268738949596 
1689 3.38489127829662 
1690 3.5489413799000196 
1691 3.4582489283599003 
1692 3.572365537107 
1693 3.5966717536635597 
1694 3.69867598612584 
1695 3.69001289833666 
1696 3.56579604758564 
1697 3.70925657440824 
1698 3.6307644067236198 
1699 3.70925657440824 
1700 3.6307644067236198 
1701 3.45671354707626 
1702 3.77455320515176 
1703 3.18572695986034 
1704 3.5287016685437997 
1705 3.18572695986034 
1706 3.29560501660596 
1707 3.3592379547220803 
1708 3.0992846663291997 
1709 3.5148522313277 
1710 3.18677349748586 
1711 3.5148522313277 
1712 3.39418306242458 
1713 3.57137308514154 
1714 3.48944170996596 
1715 3.71356725017174 
1716 3.6016278637280004 
1717 3.5101322124248804 
1718 3.4321916393937797 
1719 3.5123590678057197 
1720 3.50197781395914 
1721 3.32716850654284 
1722 3.49464460786566 
1723 3.33144297806982 
1724 3.5344839976212 
1725 3.40567128407962 
1726 3.55576793120538 
1727 3.57115626842686 
1728 3.6023106979837203 
1729 3.77031683464674 
1730 3.52685538768736 
1731 3.7011117377635 
1732 3.6127924512941 
1733 3.6918589046759003 
1734 3.56204691822656 
1735 3.6429410825810598 
1736 3.6429410825810598 
1737 3.6918589046759003 
1738 3.84643129871424 
1739 3.66675703881648 
1740 3.76039734701002 
1741 3.75880157070972 
1742 3.76039734701002 
1743 3.75880157070972 
1744 3.787646362751 
1745 3.84344272092048 
1746 3.75646050820844 
1747 3.86388044194232 
1748 3.73913427682092 
1749 3.71634835644358 
1750 3.75232645072082 
1751 3.69466673090752 
1752 3.8888023739509 
1753 3.71251781216676 
1754 3.8715301440773997 
1755 3.86051348414656 
1756 3.8583379701775002 
1757 3.7530386642624203 
1758 3.7766436720891 
1759 3.69642803115834 
1760 3.7974926501464 
1761 3.69596444467728 
1762 3.7974926501464 
1763 3.7310263392024803 
1764 3.69360074883926 
1765 3.59128462976622 
1766 3.5053255090108 
1767 3.59128462976622 
1768 3.5053255090108 
1769 3.51519966099888 
1770 3.5421310669418604 
1771 3.44395374405888 
1772 3.48032322973756 
1773 3.1849769643892 
1774 3.2387516696681997 
1775 3.3343914300069004 
1776 3.22248006404646 
1777 3.58036446245256 
1778 3.48112007279098 
1779 3.83934124212222 
1780 3.7226916328603403 
1781 3.80160294543688 
1782 3.8572763532424603 
1783 3.68877173952842 
1784 3.71810049820296 
1785 3.51079014512854 
1786 3.71810049820296 
1787 3.46372422687478 
1788 3.5840883181985803 
1789 3.4784357600396802 
1790 3.6470476583673404 
1791 3.65641735443956 
1792 3.51185777398684 
1793 3.6411962720806796 
1794 3.551047975554 
1795 3.68144469743914 
1796 3.54287891697044 
1797 3.59225899814112 
1798 3.6841546303780603 
1799 3.75116736015566 
1800 3.66796751015086 
1801 3.78074641606376 
1802 3.75154459428322 
1803 3.8699321153617605 
1804 3.7454587652561004 
1805 3.7974112497631802 
1806 3.89975229925012 
1807 3.72817568217532 
1808 3.89975229925012 
1809 3.69297496410832 
1810 3.8955948370135802 
1811 3.48417695291766 
1812 3.8146678234558005 
1813 3.53345475694668 
1814 3.8146678234558005 
1815 3.4326719238747003 
1816 3.63081712010894 
1817 3.6272840197496 
1818 3.4715920482159 
1819 3.5865608026939597 
1820 3.51389817979238 
1821 3.2508387394899003 
1822 3.1498078447077598 
1823 3.2433890915427 
1824 3.29342655918948 
1825 3.59906891830558 
1826 3.6575168942741003 
1827 3.6626261871839603 
1828 3.64880431255294 
1829 3.7106347027116597 
1830 3.6372126206216002 
1831 3.8389898848228805 
1832 3.8129015334638403 
1833 3.84759454931172 
1834 3.6813293133671996 
1835 3.7528352406514998 
1836 3.77612915026656 
1837 3.7940349984525 
1838 3.79665411641758 
1839 3.633035106202 
1840 3.8727163081864 
1841 3.5559641345166804 
1842 3.76038248376254 
1843 3.38024887640806 
1844 3.5763963737544997 
1845 3.2407732304602397 
1846 3.45701620213556 
1847 3.3531223675685 
1848 3.3371167900512804 
1849 3.2721552199048 
1850 3.25835091254834 
1851 3.3078126894768998 
1852 3.4332411124951 
1853 3.3604383041724395 
1854 3.58004169745506 
1855 3.4599739396135596 
1856 3.38487863018472 
1857 3.53950128837416 
1858 3.4474397485739403 
1859 3.5748958205028005 
1860 3.5127319661576997 
1861 3.63238722842502 
1862 3.5778538305355196 
1863 3.6621238957954603 
1864 3.77301689780586 
1865 3.46792820889972 
1866 3.78727554041476 
1867 3.5309583640201803 
1868 3.81698945262774 
1869 3.54523262524694 
1870 3.81698945262774 
1871 3.62600834664784 
1872 3.6150781332905195 
1873 3.50380437433654 
1874 3.52534524678666 
1875 3.4082166793598 
1876 3.48797224795574 
1877 3.3537166045106197 
1878 3.54786273453036 
1879 3.3076627811551 
1880 3.5214759778744797 
1881 3.2487766876853 
1882 3.5146456925813196 
1883 3.37002958044008 
1884 3.4893459602390005 
1885 3.4266584175148402 
1886 3.5392691531583202 
1887 3.4343880107782 
1888 3.37953729236044 
1889 3.4588079270551395 
1890 3.4742643127335002 
1891 3.448945314674 
1892 3.40512423740764 
1893 3.4882386851733003 
1894 3.6090593823295998 
1895 3.3581951652007804 
1896 3.6084396388954803 
1897 3.41812436699392 
1898 3.6696782361971003 
1899 3.40639594147724 
1900 3.6696782361971003 
1901 3.39846093111658 
1902 3.57154639000968 
1903 3.41439408853948 
1904 3.57700784267118 
1905 3.4122863364094798 
1906 3.57700784267118 
1907 3.2394412151582204 
1908 3.6309471781493996 
1909 3.08177637976268 
1910 3.49958338181958 
1911 3.05362003987272 
1912 3.35927262660868 
1913 3.19568799709716 
1914 3.1357550386177797 
1915 3.16111186807524 
1916 3.1272145155023 
1917 3.15035989747902 
1918 3.2195282630496003 
1919 3.3515758599164998 
1920 3.33485915914794 
1921 3.4260238869843596 
1922 3.40032381300464 
1923 3.42350398826862 
1924 3.3793239767102596 
1925 3.2980381511039396 
1926 3.5755666635190204 
1927 3.4033695370714803 
1928 3.6773692854027997 
1929 3.51678619202098 
1930 3.7463661293608 
1931 3.57175109226018 
1932 3.6915043827249 
1933 3.5556445759154203 
1934 3.6866469475536596 
1935 3.51229645271236 
1936 3.6866469475536596 
1937 3.47823456767984 
1938 3.7117379131722403 
1939 3.4349940180070804 
1940 3.66023125899534 
1941 3.39532378699718 
1942 3.5788383928407397 
1943 3.4248665299907204 
1944 3.5767479143540597 
1945 3.4878827433480195 
1946 3.6613611090366596 
1947 3.46579396303558 
1948 3.7037414484076003 
1949 3.3676790807689203 
1950 3.68313085697606 
1951 3.38598464341842 
1952 3.4794450566812003 
1953 3.3909668227131595 
1954 3.39305899218136 
1955 3.4547249384548 
1956 3.29588659173504 
1957 3.3723551157502003 
1958 3.301639428021 
1959 3.3496112698746403 
1960 3.38311629466628 
1961 3.4141687053088 
1962 3.4631072935829 
1963 3.41723120191196 
1964 3.5354459273575003 
1965 3.5015307149446597 
1966 3.6966673877906997 
1967 3.34600473318394 
1968 3.7111152538839796 
1969 3.3542444247317595 
1970 3.6365424788885 
1971 3.2652765223517397 
1972 3.6365424788885 
1973 3.32891444894614 
1974 3.5329678968936 
1975 3.3400492420739196 
1976 3.6250964026263603 
1977 3.4836283917410804 
1978 3.6250964026263603 
1979 3.53004847214108 
1980 3.6998307536376998 
1981 3.58143573829282 
1982 3.6869537924756 
1983 3.5688501216670603 
1984 3.6869537924756 
1985 3.6532884643558603 
1986 3.7310206144313396 
1987 3.6594750793381996 
1988 3.74328523755294 
1989 3.61941198047422 
1990 3.74328523755294 
1991 3.53581077826954 
1992 3.76254430906954 
1993 3.57239041283446 
1994 3.836927365231 
1995 3.6011069557247195 
1996 3.836927365231 
1997 3.70740830722646 
1998 3.79610206321232 
1999 3.7346497311907596 
2000 3.80700731643618 
2001 3.81454795343098 
2002 3.80700731643618 
2003 3.72350368515914 
2004 3.9067903891192204 
2005 3.7078411856293 
2006 3.8509895907432403 
2007 3.69174904007608 
2008 3.8509895907432403 
2009 3.5488083476238996 
2010 3.7402260842071597 
2011 3.47430158935896 
2012 3.61235373572652 
2013 3.3760642325587598 
2014 3.61235373572652 
2015 3.42155886106012 
2016 3.48340647671062 
2017 3.43480092990414 
2018 3.56529093930586 
2019 3.4073309898511397 
2020 3.48911941314286 
2021 3.40493211935706 
2022 3.5549894681376 
2023 3.3002504058081 
2024 3.45797430887162 
2025 3.3177778001788396 
2026 3.517438248415 
2027 3.3548182069068195 
2028 3.5419159935380202 
2029 3.4471455716565997 
2030 3.6550810473963997 
2031 3.4832451538368803 
2032 3.67178863401602 
2033 3.4890197123545397 
2034 3.7199819511466203 
2035 3.49726135219262 
2036 3.72652294898434 
2037 3.5081383598964004 
2038 3.64412181511186 
2039 3.5201724923580002 
2040 3.62370896272756 
2041 3.5541707604222603 
2042 3.6414654423516604 
2043 3.5197923976103396 
2044 3.7238665762241197 
2045 3.43742476349802 
2046 3.71240047818372 
2047 3.2328560020686603 
2048 3.49351774453638 
2049 3.08030147523248 
2050 3.20851273381776 
2051 3.2819893374792004 
2052 3.10372272806914 
2053 3.47354233362438 
2054 3.27832868267924 
2055 3.66474017784194 
2056 3.5633336933978397 
2057 3.50594324822056 
2058 3.7950600890157604 
2059 3.4560508316177 
2060 3.7117905486182403 
2061 3.2631115350509603 
2062 3.38551298821856 
2063 3.30744118422948 
2064 3.23954079878962 
2065 3.4192050631603004 
2066 3.38450275909472 
2067 3.58419539413986 
2068 3.54963934194812 
2069 3.641966344908 
2070 3.5957868388041803 
2071 3.5978956003207 
2072 3.5797950476177802 
2073 3.6653900048540002 
2074 3.6244019959549 
2075 3.7475653129340403 
2076 3.6803646343661596 
2077 3.7337748023975004 
2078 3.61190164771918 
2079 3.65488585259222 
2080 3.5569840190136395 
2081 3.5348374443913997 
2082 3.57101945989884 
2083 3.41694069333044 
2084 3.50580211429658 
2085 3.3066199350566796 
2086 3.3799661856663596 
2087 3.29594512071428 
2088 3.37109251580004 
2089 3.4429442120875002 
2090 3.44274420256776 
2091 3.61878470608874 
2092 3.66699863984638 
2093 3.6797991713926 
2094 3.58592467265546 
2095 3.68495829015378 
2096 3.6277040163627605 
2097 3.61995626688988 
2098 3.4896397754225803 
2099 3.6148858120605603 
2100 3.60966058195008 
2101 3.55136337424212 
2102 3.5656936830544197 
2103 3.58163770151644 
2104 3.62403334434284 
2105 3.3920299709454396 
2106 3.5820141684170403 
2107 3.3088930841590396 
2108 3.5020495305942196 
2109 3.14116414890628 
2110 3.3410726411844403 
2111 3.25880145420716 
2112 3.1485810413817203 
2113 3.32597204169044 
2114 3.23277799380922 
2115 3.44463805066612 
2116 3.3222469763149 
2117 3.3770159555330204 
2118 3.45247163753076 
2119 3.26877658157152 
2120 3.31142362727138 
2121 3.1617770731770003 
2122 3.2120316497541403 
2123 3.28957170479948 
2124 3.16906511360186 
2125 3.4766143723937 
2126 3.3270955017627 
2127 3.68498502729562 
2128 3.5468438126169404 
2129 3.5959825087315798 
2130 3.6259145880959402 
2131 3.5926517290418802 
2132 3.6698506835082 
2133 3.32634209799102 
2134 3.3836510152690202 
2135 3.3736814740133196 
2136 3.3661723176018 
2137 3.3521756844292803 
2138 3.3342172343050995 
2139 3.51623131053474 
2140 3.57215500046012 
2141 3.5038891797076195 
2142 3.53279401798702 
2143 3.4861426321030997 
2144 3.53818158625162 
2145 3.4985502175162404 
2146 3.50446438854096 
2147 3.58578728210354 
2148 3.50680363810054 
2149 3.5824423872859397 
2150 3.47870989416912 
2151 3.61158846045274 
2152 3.51169602500564 
2153 3.53507002930332 
2154 3.6154879723060604 
2155 3.5392478059452004 
2156 3.6060390026175595 
2157 3.55223399399926 
2158 3.6093426476256196 
2159 3.5842397335383405 
2160 3.53550429428388 
2161 3.4793469348558603 
2162 3.43668835648734 
2163 3.50433598902154 
2164 3.4478788438137995 
2165 3.5678509206895797 
2166 3.4488644286545798 
2167 3.73344958453772 
2168 3.6443742717532204 
2169 3.7616591388782 
2170 3.66524616817656 
2171 3.57962044078214 
2172 3.7557200873284997 
2173 3.5560415071328 
2174 3.69847673743796 
2175 3.42875616153544 
2176 3.62756161929536 
2177 3.5468057351280002 
2178 3.44882680072264 
2179 3.4120351050257396 
2180 3.3772497882154604 
2181 3.47479923839398 
2182 3.41941894452674 
2183 3.5368246245112203 
2184 3.5235559454726 
2185 3.58477509707264 
2186 3.5860670216522204 
2187 3.67759828904478 
2188 3.6109716223836004 
2189 3.62050147617254 
2190 3.69251093890628 
2191 3.65871226584052 
2192 3.69614962930036 
2193 3.6042595799479202 
2194 3.62953038148254 
2195 3.60969575649304 
2196 3.5741716753926 
2197 3.58109368879582 
2198 3.4749591480341997 
2199 3.4150534349665 
2200 3.37945593002446 
2201 3.38248508101488 
2202 3.30229859559424 
2203 3.3761342540031003 
2204 3.35624792076732 
2205 3.48977917713814 
2206 3.4348960310152004 
2207 3.43567057416994 
2208 3.4447689998874 
2209 3.3249996740179397 
2210 3.36045904106458 
2211 3.26366969587988 
2212 3.3200794835605203 
2213 3.1686384810103 
2214 3.2737229429056596 
2215 3.21520856719106 
2216 3.2742445375435 
2217 3.07172031061494 
2218 3.1200401577708 
2219 3.29739076272964 
2220 3.08755128998244 
2221 3.45598267255222 
2222 3.21728695633526 
2223 3.6575979265911798 
2224 3.45697594926794 
2225 3.60767720285284 
2226 3.61935932762796 
2227 3.61786756182046 
2228 3.62249320799632 
2229 3.59667942087298 
2230 3.5482066708816 
2231 3.57205018384638 
2232 3.4925924807620605 
2233 3.4543765003365996 
2234 3.44643265031608 
2235 3.43420518823268 
2236 3.45091428702224 
2237 3.48025049837858 
2238 3.46771157566722 
2239 3.5811192847005997 
2240 3.5160578028908 
2241 3.5374992630755004 
2242 3.4947271320558597 
2243 3.4778371380991 
2244 3.48473589686058 
2245 3.39968426034712 
2246 3.43679700723134 
2247 3.49583660211416 
2248 3.4594453513407997 
2249 3.4772845904296403 
2250 3.49393607227814 
2251 3.5322983013319997 
2252 3.55306234182518 
2253 3.46134488898468 
2254 3.5223431818511 
2255 3.4897031276365196 
2256 3.4556848628184604 
2257 3.3934752854207 
2258 3.3396381540251 
2259 3.45036876230312 
2260 3.3552741886371598 
2261 3.4351501990469204 
2262 3.35826172565078 
2263 3.54173447121254 
2264 3.4415596976610403 
2265 3.5567499494817802 
2266 3.49690106545932 
2267 3.44117024674744 
2268 3.5617504600944003 
2269 3.33114016624432 
2270 3.47739028853024 
2271 3.2250228154322 
2272 3.42907874336638 
2273 3.33465715803656 
2274 3.2630664836772603 
2275 3.4597530151022395 
2276 3.3995607553068803 
2277 3.66086947483286 
2278 3.51169089546566 
2279 3.74796431804386 
2280 3.6462388222799804 
2281 3.65185137163896 
2282 3.5676060696483605 
2283 3.52173475519236 
2284 3.4534224574243 
2285 3.54029203325546 
2286 3.5159069177466398 
2287 3.60964484605744 
2288 3.5589042779779803 
2289 3.6292217790813197 
2290 3.54947945666704 
2291 3.5288114282358203 
2292 3.5577563240752803 
2293 3.41502185136732 
2294 3.4820344388364397 
2295 3.31681899909218 
2296 3.42006142637148 
2297 3.2739278696277205 
2298 3.33986721542866 
2299 3.3214413406978602 
2300 3.38338399461622 
2301 3.36513400824066 
2302 3.40479770544074 
2303 3.5030823514667198 
2304 3.5934435928608996 
2305 3.62272239571246 
2306 3.6538114887145197 
2307 3.5790661665431003 
2308 3.5793722672045396 
2309 3.64852762181454 
2310 3.59909466129798 
2311 3.56569267980998 
2312 3.50528883849312 
2313 3.6245468407755403 
2314 3.63528354583172 
2315 3.36092623836912 
2316 3.4093809798352197 
2317 3.3226515113667405 
2318 3.38646002271488 
2319 3.2083469539952603 
2320 3.30135598174038 
2321 3.39877756556364 
2322 3.43808686926866 
2323 3.4252577337825003 
2324 3.45267129581066 
2325 3.5773720242913 
2326 3.5208520613944403 
2327 3.4716143466940204 
2328 3.4272488009151205 
2329 3.38032708436618 
2330 3.3696451949607598 
2331 3.37987349152582 
2332 3.3786966103794596 
2333 3.3586702872572 
2334 3.36865984126634 
2335 3.45564688074072 
2336 3.4218182403935002 
2337 3.38953869832014 
2338 3.3369927656773397 
2339 3.49638590761944 
2340 3.42377624114146 
2341 3.5437390299430804 
2342 3.4623638215263397 
2343 3.61447217229356 
2344 3.5024603094108 
2345 3.61629740559968 
2346 3.57809975559812 
2347 3.6215286965469 
2348 3.6888839832597595 
2349 3.40512141691768 
2350 3.52003483817454 
2351 3.25577509981004 
2352 3.3578612435214197 
2353 3.05088319136768 
2354 3.1130630159966 
2355 3.09678683115878 
2356 3.0909540108952003 
2357 3.16713245273368 
2358 3.109331259856 
2359 3.1990553822149197 
2360 3.1370356528428602 
2361 3.35525252773368 
2362 3.3757426288492605 
2363 3.3765560139870603 
2364 3.41554860948838 
2365 3.5518115805782005 
2366 3.56142872357036 
2367 3.5325957417344 
2368 3.52732350659572 
2369 3.4691541867851 
2370 3.4502006597935795 
2371 3.28531995659746 
2372 3.27258176095266 
2373 3.2598688964642 
2374 3.18760845054656 
2375 3.3959991966735403 
2376 3.3135529449858803 
2377 3.54323960183182 
2378 3.4667392551932203 
2379 3.4038029328870403 
2380 3.40514649501064 
2381 3.3606220524617 
2382 3.33196213009206 
2383 3.3904814478496803 
2384 3.3402767777032403 
2385 3.38794637449692 
2386 3.32224648955372 
2387 3.37475891328208 
2388 3.34553500572718 
2389 3.4505236076150196 
2390 3.45014523618214 
2391 3.5136823117692004 
2392 3.4840357683637997 
2393 3.5512963296132596 
2394 3.5353360647621996 
2395 3.42814189453716 
2396 3.36642539247256 
2397 3.4712096598030597 
2398 3.42686178736432 
2399 3.5311341230055198 
2400 3.4784465593858003 
2401 3.62556295313948 
2402 3.6454646663923596 
2403 3.5806615011198195 
2404 3.6189460206546995 
2405 3.36153997470078 
2406 3.40726173585402 
2407 3.27335382274862 
2408 3.3003112736613196 
2409 3.3150051059934 
2410 3.3306405466144398 
2411 3.3543372812143604 
2412 3.3961787652231203 
2413 3.43371531533042 
2414 3.4328047900327805 
2415 3.3946236446909 
2416 3.39117651570852 
2417 3.3836833155068198 
2418 3.3159140645889003 
2419 3.2559183172479202 
2420 3.12335850642344 
2421 3.35114981248278 
2422 3.2505696083344 
2423 3.4810169355212204 
2424 3.38874526840492 
2425 3.60009297073996 
2426 3.61288854495436 
2427 3.5318427290532597 
2428 3.6195463581728604 
2429 3.4071385681569 
2430 3.5539406470059602 
2431 3.22831100912422 
2432 3.4400471952202203 
2433 3.30843876507152 
2434 3.4568583476047996 
2435 3.32689994762558 
2436 3.4600051001489596 
2437 3.43106900630774 
2438 3.47783823699246 
2439 3.36059021640094 
2440 3.3313925295348 
2441 3.4490114612662195 
2442 3.36414625573508 
2443 3.53086566590098 
2444 3.4259586846314796 
2445 3.49938305586996 
2446 3.4293858105438604 
2447 3.39719309552544 
2448 3.36007766051988 
2449 3.3241099397716 
2450 3.3059173242691005 
2451 3.37373272751394 
2452 3.34715297952656 
2453 3.4530955836042403 
2454 3.44302213076674 
2455 3.54607307003256 
2456 3.52473815690554 
2457 3.5210973966531802 
2458 3.53618727383788 
2459 3.4875184957887795 
2460 3.4926987007375403 
2461 3.41763143919192 
2462 3.4219055271875 
2463 3.4950150760303798 
2464 3.4729249236053805 
2465 3.54294261379182 
2466 3.5122827611081 
2467 3.5541706559453403 
2468 3.52654740062142 
2469 3.4860441643069997 
2470 3.45866171795972 
2471 3.4629102263754 
2472 3.45204551910778 
2473 3.4720902688266597 
2474 3.47573964455714 
2475 3.54560080433408 
2476 3.5352366994447797 
2477 3.6417517112581 
2478 3.6629610962681802 
2479 3.72179955801464 
2480 3.737185097118 
2481 3.6738258373329997 
2482 3.7016440509140205 
2483 3.5748720955973 
2484 3.5724187554157405 
2485 3.40585757135102 
2486 3.40577146049542 
2487 3.4253571093460997 
2488 3.41569289034396 
2489 3.38189271049128 
2490 3.4104675825538004 
2491 3.29236197446586 
2492 3.30606352520748 
2493 3.22032758905506 
2494 3.24156345368416 
2495 3.17292873131168 
2496 3.14319588533708 
2497 3.3242862924423 
2498 3.27379890610174 
2499 3.3700097768815396 
2500 3.36864567776366 
2501 3.47187325808412 
2502 3.46935805783266 
2503 3.4134557080051797 
2504 3.41727989515402 
2505 3.5216033934905 
2506 3.4582285005959 
2507 3.6408262585786 
2508 3.59253127455818 
2509 3.7058359466190196 
2510 3.6237155027120203 
2511 3.67085959238376 
2512 3.57657092431628 
2513 3.6638102483735997 
2514 3.56674927134618 
2515 3.72186345969248 
2516 3.6391319586787 
2517 3.44445673247836 
2518 3.3923255101535603 
2519 3.2037669405037597 
2520 3.2337546961375203 
2521 2.98153355090818 
2522 3.0459073205056 
2523 3.23362847167052 
2524 3.2737641642576003 
2525 3.36487046011852 
2526 3.3761925220524 
2527 3.60040964348484 
2528 3.6108083558203 
2529 3.6676164806362004 
2530 3.70769628732804 
2531 3.66279261762516 
2532 3.63449254636852 
2533 3.5618914658718 
2534 3.50975599555876 
2535 3.25061340906694 
2536 3.19840935419434 
2537 3.155555702949 
2538 3.11782819628292 
2539 3.05670104463862 
2540 3.05249988234828 
2541 3.19387271343746 
2542 3.21504392086158 
2543 3.30498343269822 
2544 3.39412171300374 
2545 3.43767283932736 
2546 3.55973693776602 
2547 3.5152778993344804 
2548 3.61823806110788 
2549 3.5822692099554 
2550 3.6023552106391596 
2551 3.59679716524346 
2552 3.58557854413748 
2553 3.69221789652628 
2554 3.63175283347938 
2555 3.5177179056087198 
2556 3.52101729753634 
2557 3.4918932428124996 
2558 3.44154482779068 
2559 3.3121872888857196 
2560 3.3501470269760802 
2561 3.44835174415036 
2562 3.50859575909086 
2563 3.49367608612044 
2564 3.6383368332779 
2565 3.64050108633626 
2566 3.7506695616837 
2567 3.6702083708280595 
2568 3.71706917903174 
2569 3.6952124867899796 
2570 3.6821195623169998 
2571 3.5588710628289197 
2572 3.5321170184295605 
2573 3.5105517901796395 
2574 3.51114299001136 
2575 3.4847797738832598 
2576 3.50950491030502 
2577 3.521684582581 
2578 3.53256775240506 
2579 3.4605635842839595 
2580 3.4426888749802202 
2581 3.31873273871568 
2582 3.31391040767616 
2583 3.35114580233596 
2584 3.39715169283554 
2585 3.4959237118206197 
2586 3.44803331704654 
2587 3.5928662299664405 
2588 3.5547812878133 
2589 3.55443871492132 
2590 3.5019572949201 
2591 3.5770301243962797 
2592 3.5464425060899005 
2593 3.53962938016646 
2594 3.5702539452356397 
2595 3.67158441953462 
2596 3.63052523424304 
2597 3.73910436793784 
2598 3.68583304453794 
2599 3.74086620261584 
2600 3.6082563645369 
2601 3.6799055167117203 
2602 3.57306686535246 
2603 3.7056215462456796 
2604 3.60759105160822 
2605 3.6365413505786996 
2606 3.6020783586790004 
2607 3.4451114087529 
2608 3.43337117841772 
2609 3.40398770919064 
2610 3.40222795752846 
2611 3.2804395187554 
2612 3.25593553132194 
2613 3.3155613311357 
2614 3.3104237477304204 
2615 3.2249601465095403 
2616 3.21732079170948 
2617 3.1894647200336 
2618 3.2099585481166004 
2619 3.3985734177660802 
2620 3.3721803604050797 
2621 3.44456583745204 
2622 3.41876924751836 
2623 3.47316908520134 
2624 3.4021481533193 
2625 3.3689574510656 
2626 3.37050755474852 
2627 3.2994723896597398 
2628 3.3460589705977397 
2629 3.38169231188778 
2630 3.4065563184650003 
2631 3.42397382474878 
2632 3.3868912972919603 
2633 3.49869730508068 
2634 3.43136770963022 
2635 3.57165272020722 
2636 3.5708003047705197 
2637 3.43401984179402 
2638 3.4227402246238 
2639 3.3797399209504198 
2640 3.3444705933616 
2641 3.2296452110569804 
2642 3.17713588257664 
2643 3.4030359525189198 
2644 3.38563159788186 
2645 3.4674888359951197 
2646 3.4515781824735 
2647 3.5682701182616 
2648 3.5358361502100797 
2649 3.3543792354413595 
2650 3.3264332920435002 
2651 3.24979719857238 
2652 3.2268470271982204 
2653 3.12798441729954 
2654 3.13089187546984 
2655 3.28310427878898 
2656 3.2966959134189 
2657 3.4791498257583795 
2658 3.52009921683892 
2659 3.5956492957357598 
2660 3.62834782778708 
2661 3.53396375786756 
2662 3.53396375786756 
2663 3.3392771228291203 
