0 1.2204789184432303 
1 1.2058460648841516 
2 1.278532427694504 
3 1.5633262808647694 
4 1.6820261757026067 
5 1.9194772734598038 
6 1.9046806009931034 
7 1.8744087046416968 
8 1.8140245777104365 
9 1.8538265492017394 
10 1.9498348243603483 
11 1.885745789718167 
12 1.8735150348002454 
13 1.9009685699901295 
14 1.8322700594663386 
15 1.7988763714964724 
16 1.8407090480174113 
17 1.80030345008667 
18 1.9541644052854625 
19 1.9513739425963004 
20 1.881062391158398 
21 1.802113717280984 
22 1.8976866339798004 
23 1.7082730351342492 
24 1.8192501387287263 
25 1.9171198328580237 
26 1.9007746732827877 
27 1.8172162943037866 
28 1.9182931442723947 
29 1.8626786869610492 
30 1.8388132713923802 
31 1.801444395186253 
32 1.9639492120099373 
33 1.7737188627238827 
34 1.8045686960698701 
35 1.7942197659639285 
36 1.8722682702166906 
37 1.8524391304376409 
38 1.8830166156172226 
39 1.9109034540295178 
40 1.9109034540295178 
41 1.869772612009983 
42 1.9109034540295178 
43 1.6912077010557356 
44 1.7809933466016796 
45 1.8085576878184761 
46 1.8790524197010323 
47 1.8934434213451723 
48 1.8005884018196943 
49 1.844408606171274 
50 1.8316866500757147 
51 1.9863276684252 
52 1.8713536920206342 
53 1.9651063718713593 
54 1.7970594510596891 
55 1.9051562092245449 
56 1.7690085441554728 
57 1.9452613643871177 
58 1.8636198739399155 
59 1.9468954629591366 
60 1.76973277011556 
61 1.8544165745217565 
62 1.900683699344146 
63 1.8327964111769945 
64 1.875884965144544 
65 1.9112136793317573 
66 1.847795335019911 
67 1.86840972228522 
68 1.8707995757189515 
69 1.8466141008616188 
70 1.8650132957349919 
71 1.7661873501763223 
72 1.7856429573300763 
73 1.8562600422923132 
74 1.9119048450676623 
75 1.8220204757783083 
76 1.799212458206403 
77 1.9053318537465558 
78 1.791225004347352 
79 1.8346898533643157 
80 1.8788117140175344 
81 1.8985648827856432 
82 1.9479098618977906 
83 1.8811871285823085 
84 1.842921008993314 
85 1.8168480843893733 
86 1.7974619467616124 
87 1.8888119786922755 
88 1.9180867370325636 
89 1.8654996234909769 
90 1.8688103147721609 
91 1.8401822881120657 
92 1.8999842767042427 
93 1.8637401374806426 
94 1.8258451667168294 
95 1.807233618400801 
96 1.8601192067046688 
97 1.8879269314022964 
98 1.8015771543271724 
99 1.7060448447471788 
100 1.7964808632806166 
101 1.832290783749534 
102 1.900131000627589 
103 1.768054891043657 
104 1.760463953572676 
105 1.767657858049763 
106 1.8751167367145836 
107 1.8824873254499783 
108 1.8010915271063086 
109 1.9335323591272486 
110 1.8481970241303867 
111 1.8603645205554942 
112 1.8795000384667997 
113 1.8980260556386872 
114 1.8787073921158548 
115 1.8007751413698934 
116 1.8855295206122689 
117 1.7617326943093858 
118 1.848629612511403 
119 1.9175624109446807 
120 1.8817712270183071 
121 1.8565015745530273 
122 1.768807505078568 
123 1.924695865604356 
124 1.8222063501795727 
125 1.8887373204378095 
126 1.8297118300267021 
127 1.8831651010092538 
128 1.8125127043481595 
129 1.8721449692824763 
130 1.8978267796614527 
131 1.9010608811028975 
132 1.807966234941447 
133 1.9109648326095623 
134 1.8463949418627759 
135 1.8463976183045243 
136 1.8692256314868807 
137 1.9681207506415188 
138 1.856115575025225 
139 1.7216173494771199 
140 1.8968567027651901 
141 1.8692959489827645 
142 1.9405277454174472 
143 1.8997698464569632 
144 1.8742925406467552 
145 1.776406819756448 
146 1.7928309716447437 
147 1.8528101115705053 
148 1.9230537483054617 
149 1.7744657911389623 
150 1.824656035562507 
151 1.8464269506430198 
152 1.8697085377844396 
153 1.8301360548991819 
154 1.9021286830642268 
155 1.8962354079517696 
156 1.7830964685288107 
157 1.9613799480854812 
158 1.8601602662425514 
159 1.8724582116698503 
160 1.9096254139464293 
161 1.8555482945505966 
162 1.8536069775023207 
163 1.9217665480037658 
164 1.8805307811381897 
165 1.8668085898672881 
166 1.778950441682147 
167 1.974740108108903 
168 1.7854791377032493 
169 1.9165732982775605 
170 1.9196692482598818 
171 1.818697281337321 
172 1.950914692114269 
173 1.89638557199135 
174 1.8786750683588238 
175 1.911932514581362 
176 1.942714146338606 
177 1.8952917099601123 
178 1.9045419084053883 
179 1.8629325446452414 
180 1.7989920725491713 
181 1.9293078553432785 
182 1.9467230834008797 
183 1.8735541644048304 
184 1.8995874697577022 
185 1.8710499520914299 
186 1.8187962549350682 
187 1.8608553820365905 
188 1.8329554311108487 
189 1.9322113498053493 
190 1.8717525630100311 
191 1.694620573534908 
192 1.7018415487647196 
193 1.807151212394333 
194 1.7018415487647196 
195 1.886471676813576 
196 1.862381531811306 
197 1.8231475148025846 
198 1.9178236630922876 
199 1.8412083735529488 
200 1.735014077634857 
201 1.921531467626975 
202 1.8552732660790918 
203 1.9565266477938472 
204 1.7784840359390999 
205 1.8291464075106638 
206 1.9304844605754177 
207 1.9561566730878257 
208 1.9597111518620127 
209 1.809926327222301 
210 1.8380906582995085 
211 1.8630589575827485 
212 1.81997875766565 
213 1.861307817081346 
214 1.8017510342294212 
215 1.8428782718506886 
216 1.845163541527165 
217 1.809336263069723 
218 1.7800093929526328 
219 1.7451989376184887 
220 1.9165980990233429 
221 1.7510257211918687 
222 1.7981783734275696 
223 1.8294031486897004 
224 1.9934494512733352 
225 1.8767207070396847 
226 1.793897273236496 
227 1.8660396839843663 
228 1.9221026141933355 
229 1.8603948570723117 
230 1.90479669624458 
231 1.851356261386376 
232 1.887257589380084 
233 1.9380712301093725 
234 1.8458236449410552 
235 1.8120620245137917 
236 1.7135222912663066 
237 1.7306578668463137 
238 1.8783491653065145 
239 1.8604025038640022 
240 1.8041204540507148 
241 1.6548100666063643 
242 1.991537911290098 
243 1.6992844464570653 
244 1.9594872748684231 
245 1.9179192263192757 
246 1.9393633168429911 
247 1.755558374617791 
248 1.9056214973225136 
249 1.8172913012212186 
250 1.8237389159851949 
251 1.8020146745450585 
252 1.6922908644825416 
253 1.8083648125867477 
254 1.8097095226311968 
255 1.916833452634999 
256 1.8308228911664304 
257 1.869363478316573 
258 1.8573744080015482 
259 1.884211417172236 
260 1.8596784149258796 
261 1.9148673091038584 
262 1.9310702290565893 
263 1.8814512768382823 
264 1.8662662520717246 
265 1.857254445776817 
266 1.8500659548151366 
267 1.8730852195284053 
268 1.8898617386657113 
269 1.9052244466321326 
270 1.8572460248321572 
271 1.653676469403421 
272 1.6485262354828634 
273 1.8788045808422207 
274 1.8201702290029047 
275 1.8147301025965337 
276 1.8241338823539466 
277 1.8760774958933508 
