0 3.284007871119028 
1 3.0779748184010884 
2 3.4979050035113266 
3 3.0761994643381465 
4 3.0222695529164683 
5 3.1165745558181834 
6 3.490594701646179 
7 3.6367767626308045 
8 3.243971392531826 
9 3.065037124752647 
10 3.1265270352555943 
11 3.3864738634418803 
12 2.6077456404429187 
13 2.530034048590485 
14 4.01403275289256 
15 3.8302382452821786 
16 3.541157829713435 
17 3.695999478643912 
18 3.4894458284298295 
19 3.7579951749311746 
20 3.4967843058759174 
21 3.5166689385514456 
22 3.9997798886313345 
23 4.1028932531914695 
24 3.3858494659808342 
25 3.3345316019633353 
26 4.043770256632352 
27 3.8279150333521392 
28 3.328078987881954 
29 2.910004176893864 
30 3.7620336591702954 
31 3.9842491579128723 
32 3.2858641704148543 
33 3.6141681254149156 
34 3.0885140604651387 
35 3.1875521488409726 
36 3.6642187102045933 
37 3.432571404219231 
38 3.6816034524593793 
39 3.573745377968184 
40 2.500209530177398 
41 2.4718250445507866 
42 2.4547313427096045 
43 2.5966907357858275 
44 2.378821891620772 
45 2.946776851621343 
46 3.05379442839804 
47 2.8877380172928073 
48 3.23697367045882 
49 3.4159975829095703 
50 3.4774120421103554 
51 3.5447135225755124 
52 3.7947865731466126 
53 3.83160666095923 
54 3.3059439620207702 
55 2.9387107723019392 
56 4.076699451360082 
57 3.869983815568313 
58 3.4905091671499373 
59 3.60289841972706 
