0 2.9097895623257797 
1 3.13143120764814 
2 2.8387335905204 
3 3.09414420073524 
4 2.9527775190409797 
5 3.2128987661746797 
6 2.92491069396576 
7 3.1964267859707602 
8 2.92776439018158 
9 3.1450129876050203 
10 2.9909111330985203 
11 3.0669584164121 
12 2.97671555114808 
13 3.16319535742012 
14 3.05067821980716 
15 3.2027975827741004 
16 3.13531462984818 
17 3.3470044715282805 
18 3.2801498476900797 
19 3.44917561998626 
20 3.3260509777480203 
21 3.65502670852358 
22 3.4937932445564 
23 3.5471949110213203 
24 3.5112292637348 
25 3.49996397830868 
26 3.5481486633874604 
27 3.5060595895504796 
28 3.5572036000204 
29 3.4389576227026604 
30 3.52543227244186 
31 3.22594154674778 
32 3.43041287641066 
33 3.1553393655165 
34 3.15014778087098 
35 3.08832877733234 
36 3.2134582098702196 
37 3.00846162293958 
38 3.12917806650524 
39 2.8110243122079 
40 2.9960010067899203 
41 2.97165219854246 
42 2.96551941707262 
43 3.0078144847908 
44 3.0763015359787 
45 3.0690899369942 
46 2.93903022696274 
47 3.16309457124882 
48 3.01901325902746 
49 3.2410792404587605 
50 3.11784897347124 
51 3.2164827142353403 
52 3.12719595971 
53 3.19663365807302 
54 3.13166271723326 
55 3.13963886359862 
56 3.1057446588357402 
57 3.1104468366209597 
58 3.0963140376164 
59 3.1778383990727397 
60 3.23739048418602 
61 3.10398604385548 
62 3.28194667869788 
63 2.9313984731400398 
64 3.07587626948668 
65 3.08879308802278 
66 3.18734029155994 
67 3.1717314764236 
68 3.10954198341204 
69 3.2418075417313603 
70 3.1927880331195597 
71 3.44871468688986 
72 3.32508361192356 
73 3.5598273457240404 
74 3.43888530607912 
75 3.61342930427046 
76 3.45851767732604 
77 3.48064214479028 
78 3.29890206988764 
79 3.5789813858095796 
80 3.24864530937868 
81 3.3404103281610196 
82 3.0142755832329398 
83 3.38781160050842 
84 2.9414185032770197 
85 3.3574051399374 
86 3.1931617643268 
87 3.3039887058627797 
88 3.19897672046844 
89 3.2244426193299196 
90 3.1305118156279397 
91 3.4205209606971403 
92 3.24507492214144 
93 3.62932734738684 
94 3.55135127440684 
95 3.79283967607392 
96 3.44064237818654 
97 3.77109738043634 
98 3.41191109359646 
99 3.88199605932436 
100 3.54971936026108 
101 3.6424844848253004 
102 3.4503265229450797 
103 3.60952700919752 
104 3.46402330488032 
105 3.5255211880062602 
106 3.46767147390118 
107 3.63345543515266 
108 3.68141177937718 
109 3.38572019207706 
110 3.51139894606518 
111 3.6177407616215604 
112 3.6569435046501604 
113 3.53707713037382 
114 3.6217448244134602 
115 3.4946250411306403 
116 3.5865967859247805 
117 3.3429656909053 
118 3.4713877076733 
119 3.4889682532402397 
120 3.4540966085507003 
121 3.4076981792418004 
122 3.4266952038945804 
123 3.50085320519596 
124 3.43499618708844 
125 3.66108472574522 
126 3.55895646321736 
127 3.6479204154861202 
128 3.45131847358766 
129 3.63511508887058 
130 3.53943835042544 
131 3.6376116569014796 
132 3.4727384885704 
133 3.50150876592528 
134 3.42240624949198 
135 3.5369708402017204 
136 3.5389748181044602 
137 3.53349666086498 
138 3.5552459245458996 
139 3.52390370676464 
140 3.4742822455950604 
141 3.5253911826329003 
142 3.54464810092468 
143 3.4689501591325196 
144 3.50476370719644 
145 3.20217022863618 
146 3.18148101237798 
147 3.2829971603639203 
148 3.28806472158592 
149 3.1804940145205802 
150 3.2024405144062 
151 3.0681761935396397 
152 3.10598876084738 
153 3.20742268491068 
154 3.3224273344595403 
155 3.4543312967702597 
156 3.47732445475926 
157 3.547531629091 
158 3.5876586157424 
159 3.7648209199935203 
160 3.9094397783505004 
161 3.8185656282948 
162 3.9408653370301403 
163 3.92537946121072 
164 3.96692780779682 
165 3.96658124086118 
166 3.99811623291482 
167 3.9479311813587 
168 3.9251480941936996 
169 3.90078669535502 
170 3.85487032563778 
171 3.96775552001424 
172 3.9317124121336198 
173 3.9098708951694 
174 3.8992009534026204 
175 3.8284237865890396 
176 3.89383028386302 
177 3.7985779719069 
178 3.9093431419572804 
179 3.77915240836496 
180 4.016536870877379 
181 3.82249475115486 
182 4.12154455583162 
183 3.87509433311696 
184 4.170004940454939 
185 3.9419053047615003 
186 4.162849466830339 
187 3.9399791895304 
188 4.22261279894256 
189 3.98939742538402 
190 4.14072279291008 
191 4.00652972104014 
192 4.1153663811975 
193 3.9546285115775803 
194 4.02528097258506 
195 3.9543968905102402 
196 3.88625654328276 
197 3.8927679895280796 
198 3.80818547639322 
199 3.8927393364947003 
200 3.87078673678554 
201 3.77745327864242 
202 3.7605822460536205 
203 3.7594391645652996 
204 3.85900730139578 
205 3.7202875717378396 
206 3.8496516498071003 
207 3.80645364471008 
208 3.92123686951778 
209 3.7584955677644203 
210 3.8851241943526 
211 3.88801930989572 
212 4.01422757735526 
213 3.8629599047168197 
214 3.96837239649252 
215 3.8559432029010203 
216 4.02093999251146 
217 3.8573994410080203 
218 4.02084064076072 
219 3.8308691867792 
220 4.05462037371144 
221 3.8298603744949604 
222 4.00466322643784 
223 3.9208881890726404 
224 4.0768298739613 
225 3.97426463208812 
226 4.25677404618212 
227 3.9895600635683204 
228 4.21364627617514 
229 4.13393055512456 
230 4.24945508811214 
231 4.28792860768636 
232 4.334675791243599 
233 4.25563780050424 
234 4.49943131872858 
235 4.37448890880976 
236 4.45122751891812 
237 4.53343491756168 
238 4.52178142839096 
239 4.62238101217724 
240 4.5020530077941405 
241 4.59760670557046 
242 4.3340440255148405 
243 4.37250377828696 
244 4.27392676153228 
245 4.3028014972201 
246 4.1880075969193395 
247 4.1674835438022 
248 4.18532305991188 
249 4.09396509695312 
250 4.16952087787228 
251 4.1312425637659 
252 4.3107659991682805 
253 4.23124003173048 
254 4.368790321737039 
255 4.14464379268112 
256 4.25103058312762 
257 4.1163955356265 
258 4.3310270047059 
259 4.07825526219982 
260 4.2855474912904805 
261 4.10965362151058 
262 4.215672748473439 
263 4.214465416440239 
264 4.18318961545718 
265 4.3633165753791605 
266 4.35436445042308 
267 4.47409189604134 
268 4.342234004324061 
269 4.5984556351658 
270 4.40711787227338 
271 4.63589178411204 
272 4.44179565493378 
273 4.6866561872553 
274 4.4251685886432 
275 4.68050542304046 
276 4.31787432806 
277 4.73329631285082 
278 4.3313239540541195 
279 4.73329631285082 
280 4.32218471560166 
281 4.74470792492024 
282 4.313738419973641 
283 4.683820942422 
284 4.28904405341514 
285 4.68381963816014 
286 4.2428912480289 
287 4.61678032456588 
288 4.2012806702976 
289 4.53272305882962 
290 4.14113551124174 
291 4.51669688176376 
292 4.23339266986402 
293 4.57912661405812 
294 4.28985647553672 
295 4.44843525470188 
296 4.31062181630658 
297 4.51547456829614 
298 4.28882023242468 
299 4.55223257322426 
300 4.30097206182808 
301 4.53851266008596 
302 4.30769209929432 
303 4.5050088705291405 
304 4.30408744506542 
305 4.62803034158094 
306 4.323091610011 
307 4.56824493797056 
308 4.28470752564454 
309 4.61429172345338 
310 4.3081367466919405 
311 4.4810134812498195 
312 4.13105625319152 
313 4.20424151132336 
314 3.8796470029321397 
315 4.1874663314000005 
316 3.9733622586303 
317 4.17111425419 
318 4.07993641863018 
319 4.18670898374384 
320 3.9132060327477802 
321 4.33832170408212 
322 4.066182170248441 
323 4.63499161982158 
324 4.33877752148952 
325 4.6570585366161 
326 4.2448455449101 
327 4.73319601743648 
328 4.2237763113049 
329 4.6290002396142 
330 4.4110780695143195 
331 4.6290002396142 
332 4.398791675598099 
333 4.6430763969291595 
334 4.398791675598099 
335 4.6620647721434 
336 4.4184656408204 
337 4.57195647467928 
338 4.34850399248624 
339 4.676006515319299 
340 4.36717652257744 
341 4.6197437853194 
342 4.43846930712082 
343 4.54948131375452 
344 4.44047836696836 
345 4.4419923455183 
346 4.37184048431454 
347 4.46778005652584 
348 4.2236897405007605 
349 4.45358353947956 
350 4.21814918514006 
351 4.53182634051756 
352 4.18875671791022 
353 4.58801265476748 
354 4.18576579736242 
355 4.52448010142624 
356 4.12079613627588 
357 4.53220115572214 
358 4.1709343074666005 
359 4.53220115572214 
360 4.1709343074666005 
361 4.43245556283994 
362 3.9923034253228202 
363 4.47283392993144 
364 3.99418786614032 
365 4.35042571256436 
366 3.8471749713948804 
367 4.407025244725039 
368 3.9987058764809396 
369 4.30293733913826 
370 3.9987058764809396 
371 4.288263627578781 
372 4.01049899561552 
373 4.421529219372561 
374 4.09828629328382 
375 4.38800166399752 
376 4.07542982627768 
377 4.35689694553498 
378 4.03789803174264 
379 4.37353708896828 
380 3.9375087716779 
381 4.41174505335636 
382 3.95682532884418 
383 4.35932742809246 
384 4.0131731396379795 
385 4.5415975294157 
386 4.18402436208982 
387 4.51816916134794 
388 4.18892667175888 
389 4.55795846009418 
390 4.2749614366929 
391 4.6121897291096605 
392 4.3315458395327395 
393 4.51568120158476 
394 4.19806482068668 
395 4.48934687300366 
396 4.19806482068668 
397 4.54387995953396 
398 4.16161230151262 
399 4.5915384229412 
400 4.11819341329196 
401 4.48142445094364 
402 4.055929970754081 
403 4.52658706731482 
404 4.0633482641143 
405 4.384077840666199 
406 3.95159972570796 
407 4.3020956524973 
408 3.91274546966698 
409 4.16414424742014 
410 3.89033039051062 
411 4.2742582194177 
412 3.98396624930864 
413 4.3650137734162 
414 4.09779111391614 
415 4.50752300006482 
416 4.2265978022223 
417 4.6032617948603 
418 4.278930566554 
419 4.74832453303944 
420 4.37889381494214 
421 4.71428535688328 
422 4.43986473351846 
423 4.7238889220133 
424 4.4334499094984 
425 4.746793831669519 
426 4.428730138556579 
427 4.73303722504294 
428 4.45327634862296 
429 4.70610363528122 
430 4.43350156274254 
431 4.662442719945 
432 4.33539056947852 
433 4.57814164881882 
434 4.21635745099556 
435 4.46349376622472 
436 4.0726674583922 
437 4.46349376622472 
438 3.9677734334115202 
439 4.14415700918648 
440 3.8285680138241602 
441 3.81289363793154 
442 3.5257109264411604 
443 3.85774772041976 
444 3.6596711047336 
445 3.79189832270502 
446 3.64650195465738 
447 3.8011362330318597 
448 3.7695380423944203 
449 4.0732760396692 
450 3.90874346198178 
451 4.38096061737378 
452 4.11741634799976 
453 4.29156449246772 
454 4.02499721021486 
455 4.44915686312032 
456 4.15070495029196 
457 4.370266110300561 
458 4.02713033118462 
459 4.32437488343828 
460 3.91681940348312 
461 4.28157273431896 
462 3.9527835752389797 
463 4.26544217629192 
464 3.88765200023538 
465 4.26544217629192 
466 3.90798332020404 
467 4.168342822913759 
468 3.94942115777668 
469 4.09610868804008 
470 4.0178783345401 
471 4.240189722202119 
472 4.1144325281585 
473 4.22309690252046 
474 4.153423473804439 
475 4.22309690252046 
476 4.1519051774802795 
477 4.38984909839156 
478 4.127943164983639 
479 4.46918223408074 
480 3.93718675513864 
481 4.28164583317664 
482 3.81526725103798 
483 4.4851977936570595 
484 3.9383250505682197 
485 4.44088939663406 
486 3.9301689213523 
487 4.33133730873352 
488 3.84744519386778 
489 4.43714874184094 
490 4.05869726416696 
491 4.55910157285978 
492 4.02750238658082 
493 4.32308996053108 
494 3.8494040704616403 
495 4.3726704857319 
496 3.8200306190105997 
497 4.4822225736324395 
498 3.9288650916933796 
499 4.48029392232306 
500 3.95022318217728 
501 4.56379582672466 
502 4.07358357655996 
503 4.44213136540134 
504 4.11111315722694 
505 4.71061152534324 
506 4.20571274551318 
507 4.59422709295086 
508 4.113014002823 
509 4.51556342212982 
510 4.113014002823 
511 4.43657193303486 
512 4.19400593350544 
513 4.2120342239167 
514 4.1337798534407 
515 4.328426557062199 
516 4.1337798534407 
517 4.39960579346426 
518 4.0386136458070805 
519 4.41004937390272 
520 4.0386136458070805 
521 4.47385733357402 
522 3.98670342202024 
523 4.7018413842174605 
524 3.99694391732164 
525 4.59917405486532 
526 3.92134502424896 
527 4.63714362439062 
528 4.0058006301354805 
529 4.68219456945742 
530 4.0058006301354805 
531 4.6011725581182 
532 3.97383987465478 
533 4.25525979042084 
534 3.83569164249356 
535 4.3577731311505605 
536 3.73012076178628 
537 4.38136523173292 
538 3.7098360435202204 
539 4.34306980768946 
540 3.7098360435202204 
541 4.22350543329964 
542 3.6141654663641 
543 4.24579403786058 
544 3.66356273886574 
545 4.1985243235073 
546 3.7724042687856603 
547 4.15493922317452 
548 3.8559561200884196 
549 4.1271649328391 
550 3.8559561200884196 
551 4.153475596315181 
552 3.8689081122625604 
553 4.20560796836576 
554 3.88910574056466 
555 4.02923098929472 
556 3.8347278649756 
557 4.0497621870762 
558 3.96992702981398 
559 4.14092969808026 
560 3.96992702981398 
561 4.33082400128464 
562 4.0737574431276995 
563 4.50443251630162 
564 4.1112240907899595 
565 4.67596023244754 
566 4.2379302102390595 
567 4.59465278949884 
568 4.21242403786632 
569 4.45405348057852 
570 4.21242403786632 
571 4.10831600507 
572 4.10831600507 
573 4.4357000945344405 
574 4.10831600507 
575 4.34333816403946 
576 4.1369264607814005 
577 4.4302067085377 
578 4.22733133485478 
579 4.40177324619948 
580 4.22733133485478 
581 4.4661775918177 
582 4.22668401179678 
583 4.60677690073802 
584 4.22668401179678 
585 4.6273150259464 
586 4.2511407824265 
587 4.42727022653514 
588 4.04919758178576 
589 4.2851229534085 
590 3.9769270192100796 
591 4.161831905265 
592 4.09874542761464 
593 4.035255336802 
594 4.09874542761464 
595 3.95537796244478 
596 4.03393091512626 
597 4.170235548122561 
598 4.17342945772948 
599 4.22545502234032 
600 4.16100299508828 
601 4.2535231791243 
602 4.18453791781078 
603 4.3800997475873 
604 4.18453791781078 
605 4.5318009272311 
606 4.24803170786062 
607 4.4891340813494995 
608 4.18609033457184 
609 4.6567683084974 
610 4.2707873597887005 
611 4.642400103115159 
612 4.21688264836122 
613 4.40650531815016 
614 4.21688264836122 
615 4.42565098421968 
616 4.193450287149799 
617 4.441704913785 
618 4.1739524208454 
619 4.31871495903004 
620 4.1739524208454 
621 4.40970224519536 
622 4.18341712306594 
623 4.5583943366554 
624 4.18341712306594 
625 4.33506648467582 
626 4.2006923694595795 
627 4.45805643943076 
628 3.9878835567574598 
629 4.5235394939117 
630 4.15963819223146 
631 4.52365430541412 
632 4.07315500755632 
633 4.61085699891908 
634 4.07315500755632 
635 4.60799791614782 
636 4.13444385306714 
637 4.45316238847 
638 4.0975852553211 
639 4.31903052682094 
640 3.9686163955049603 
641 4.325157659152341 
642 4.07600466666456 
643 4.34049060080622 
644 4.07600466666456 
645 4.27598066805196 
646 4.0199804465165005 
647 4.11064284202196 
648 3.9223898295993997 
649 4.22548989622476 
650 3.97507936524636 
651 4.1830874318913 
652 3.8019886112325203 
653 4.08841306817132 
654 3.6566828337252 
655 4.12429866010924 
656 3.6642358630689005 
657 4.09134487678566 
658 3.57262971753484 
659 4.11062968423192 
660 3.4956915314191 
661 3.9139572605178 
662 3.21884181599678 
663 3.83909379081866 
664 3.0572345466232997 
665 3.82964300465054 
666 3.1335584769193803 
667 3.9404448139400996 
668 3.27342632934588 
669 3.9190553849358203 
670 3.37765176820364 
671 4.082076118614539 
672 3.61395446132826 
673 4.21693909795828 
674 3.7627690381179795 
675 4.37410315220282 
676 3.71099297870398 
677 4.4301092967144005 
678 3.7362581226007996 
679 4.451498725718681 
680 3.62811382032246 
681 4.2833863475868394 
682 3.50384750874698 
683 4.12219521111818 
684 3.4177725411738598 
685 4.08110198035456 
686 3.39708976372748 
687 4.13250672916068 
688 3.5882712508163004 
689 4.13250672916068 
690 3.7308518068245595 
691 4.37331599772512 
692 3.89349337325786 
693 4.55384904661532 
694 4.037335478162 
695 4.70908748092248 
696 4.16289594770284 
697 4.6214509259744405 
698 3.91725709451986 
699 4.6214509259744405 
700 3.94872202830524 
701 4.6600875762649405 
702 3.87554233856772 
703 4.6041749661639795 
704 3.83534429217042 
705 4.53125100362308 
706 3.7784193489638 
707 4.73282051877692 
708 3.82173998771328 
709 4.73350352492968 
710 3.85944384843814 
711 4.6118560671632 
712 3.86425433892918 
713 4.61972828645312 
714 3.7630588659043 
715 4.66645938687168 
716 3.7112787391043396 
717 4.69201883619922 
718 3.6906782702317202 
719 4.49491353462056 
720 3.63828712477522 
721 4.4640978131272195 
722 3.6353397975411803 
723 4.51213820393826 
724 3.8254743286187596 
725 4.51213820393826 
726 3.9231455427381805 
727 4.33685360813272 
728 3.8463732094176004 
729 4.20217077551558 
730 3.7020236348403204 
731 4.33716357716752 
732 3.73693398103634 
733 4.33716357716752 
734 3.6066596525435797 
735 4.098749202576959 
736 3.59591827866886 
737 4.26232711360574 
738 3.66674377741494 
739 4.33134808264018 
740 3.72364089455278 
741 4.42170089007452 
742 3.70538517681448 
743 4.40731827449434 
744 3.8872498264119004 
745 4.47888328574584 
746 4.0396845501623 
747 4.30377931154708 
748 4.07766380851282 
749 4.5219043543896 
750 4.13113759005474 
751 4.47646693373074 
752 4.20966030359542 
753 4.49084954931092 
754 4.11625158060016 
755 4.31307341369948 
756 4.04619332726522 
757 4.28133080893682 
758 3.95715175421664 
759 4.08645078468938 
760 3.8045642937846402 
761 4.04679460388548 
762 3.7368024125169 
763 3.84841869625852 
764 3.43619895525694 
765 3.8238634633754005 
766 3.1302575945076603 
767 3.7386842302631003 
768 3.15724356642866 
769 3.9335642545105203 
770 3.21364455055216 
771 3.93532396305214 
772 3.2025163617014796 
773 3.8786071040753 
774 3.27359670394988 
775 4.1136669554138 
776 3.3611142941584804 
777 4.30565679281056 
778 3.66754222851164 
779 4.30565679281056 
780 3.7871898098933796 
781 4.32646228085708 
782 3.7099007463812397 
783 4.41741505871264 
784 3.79137929835854 
785 4.50727166343792 
786 3.8947366640878203 
787 4.6073076381149 
788 3.8994082109861603 
789 4.5511108747283995 
790 3.8322580761247402 
791 4.4909900293269995 
792 3.9654217733991404 
793 4.4403535464527 
794 4.00924218841226 
795 4.48461782222256 
796 4.0347006454846 
797 4.49173343750906 
798 3.9907173642891203 
799 4.5223074559126 
800 4.029400728503 
801 4.53949686806572 
802 3.97630270483634 
803 4.5359366983167195 
804 3.93236586346992 
805 4.55808409516434 
806 3.98341848740188 
807 4.55096847987784 
808 4.022730221699041 
809 4.576591224860779 
810 4.01174729298258 
811 4.64543835717656 
812 4.0277934879215405 
813 4.64543835717656 
814 4.11841333793326 
815 4.49656168555528 
816 4.0561051679705 
817 4.29985823251496 
818 4.04199021998298 
819 4.186854034261421 
820 4.06455877702358 
821 4.13001522667248 
822 4.06806428863504 
823 4.13001522667248 
824 3.96330515475272 
825 4.05351795031174 
826 3.86874542801986 
827 4.14330735500136 
828 3.88286037600738 
829 4.256311553254919 
830 4.04919202396854 
831 4.01103702645282 
832 4.05670853448816 
833 4.01103702645282 
834 4.15080745195204 
835 4.09854773417572 
836 4.2044602312545205 
837 4.20546178252642 
838 3.9958350180768796 
839 3.9196851231745002 
840 3.7196507358932798 
841 3.90083160851096 
842 3.63722534042238 
843 3.90083160851096 
844 3.6561462491765804 
845 3.7587095193505595 
846 3.52804234315512 
847 3.67581113922106 
848 3.72656960871888 
849 3.9615877985729804 
850 4.05785748944598 
851 4.286343859157681 
852 4.34300687881486 
853 4.286343859157681 
854 4.42666513460646 
855 4.54324975313482 
856 4.62529683409974 
857 4.4076752635968806 
858 4.63539478171362 
859 4.41213053948662 
860 4.65402055795588 
861 4.41671372625602 
862 4.66829396093514 
863 4.46339587447314 
864 4.71990660647414 
865 4.4643279130678994 
866 4.80941244294188 
867 4.47395581448478 
868 4.80941244294188 
869 4.497998792064481 
870 4.78889101007238 
871 4.4289788774372 
872 4.70270369741656 
873 4.4289788774372 
874 4.6996856790476995 
875 4.19308165619708 
876 4.49544814293592 
877 4.2624033245356 
878 4.49544814293592 
879 4.20293398090398 
880 4.45185616200678 
881 4.1944713432007 
882 4.5380434746626 
883 4.1944713432007 
884 4.5370619561678 
885 4.22721791573818 
886 4.6297250883174 
887 4.15948639852326 
888 4.35341265078848 
889 3.97045743113218 
890 4.39890028834486 
891 3.7816590703208 
892 4.15730463934674 
893 3.7816590703208 
894 4.13412839807596 
895 3.9848097190234397 
896 4.29749786663378 
897 4.19206453615038 
898 4.57381030416268 
899 4.19944586537078 
900 4.38078612240822 
901 4.33560280783428 
902 4.62238177140634 
903 4.33560280783428 
904 4.66712120092636 
905 4.33560280783428 
906 4.66712120092636 
907 4.33560280783428 
908 4.63865290782846 
909 4.3237700529982 
910 4.6260281387958 
911 4.26992535225898 
912 4.60092694265348 
913 4.22324320404186 
914 4.54423679448564 
915 4.22324320404186 
916 4.54423679448564 
917 4.12944186151812 
918 4.56687742630852 
919 4.1998340560199 
920 4.6592718442789 
921 4.21996885494516 
922 4.64382997381042 
923 4.21996885494516 
924 4.67477651809812 
925 4.0870330261799 
926 4.57394057867838 
927 4.18083436870362 
928 4.507020065321759 
929 4.1160146968529 
930 4.50371908141838 
931 4.01302981100052 
932 4.4662551993267 
933 4.01302981100052 
934 4.4263144800009595 
935 3.99510449299146 
936 4.493374535914279 
937 3.99510449299146 
938 4.56612271054594 
939 3.99626045965852 
940 4.68267822726606 
941 4.17517136535456 
942 4.76068517596854 
943 4.17517136535456 
944 4.663826253183499 
945 4.137083266359619 
946 4.6976021366899 
947 4.16025416118664 
948 4.68625730736074 
949 4.10292855465422 
950 4.599493212921 
951 4.15574097285588 
952 4.6170887645861 
953 4.15574097285588 
954 4.60443480224718 
955 4.2136164107958205 
956 4.52210213743416 
957 4.20707376564808 
958 4.53344696676334 
959 4.29577966220246 
960 4.62021106120306 
961 4.33531727389368 
962 4.63167287248078 
963 4.33531727389368 
964 4.62673632987728 
965 4.31600017209024 
966 4.61688501059322 
967 4.32207993054616 
968 4.4343310424308795 
969 4.22843848234168 
970 4.35692652907326 
971 4.223996305097559 
972 4.32786916613044 
973 4.223996305097559 
974 4.38714717114948 
975 4.188710825239481 
976 4.45420108523036 
977 4.09063962697888 
978 4.495231765232839 
979 4.10136850776532 
980 4.42016455351924 
981 3.9710051924953396 
982 4.35704424597756 
983 3.9710051924953396 
984 4.3745746195552595 
985 4.0282574231220405 
986 4.399704689571459 
987 4.00449706961398 
988 4.5412279777313005 
989 3.9356182745027604 
990 4.51201249916626 
991 3.7456358121630204 
992 4.36422690059818 
993 3.7456358121630204 
994 4.45740689025396 
995 3.5628131252685797 
996 4.25300643909804 
997 3.6619366689020403 
998 4.25300643909804 
999 3.92320161583532 
1000 4.38443606366726 
1001 4.09185179966314 
1002 4.51856122915882 
1003 4.09185179966314 
1004 4.47911160733758 
1005 4.1486021221921 
1006 4.6329846395601 
1007 4.14346098511836 
1008 4.57131693196464 
1009 4.024447136594921 
1010 4.39973641441948 
1011 4.03376995493008 
1012 4.31651611890626 
1013 4.03376995493008 
1014 4.297216672703 
1015 4.04406482207392 
1016 4.21513070873564 
1017 3.8146215799962 
1018 4.20776053374916 
1019 3.99101389180028 
1020 4.32778136573748 
1021 3.7903833905469595 
1022 4.19851205794082 
1023 3.7903833905469595 
1024 4.17860373254652 
1025 3.8331568383041996 
1026 4.28069358431268 
1027 3.88744519998444 
1028 4.34973146689462 
1029 3.7456727410142 
1030 4.46844024959364 
1031 3.7910265155627796 
1032 4.65008987705552 
1033 3.7910265155627796 
1034 4.6281984682687005 
1035 3.82946210404046 
1036 4.65872199940328 
1037 3.63502977468056 
1038 4.59426169741998 
1039 3.73803620802546 
1040 4.70188241388618 
1041 3.60355278157256 
1042 4.55317214187916 
1043 3.60355278157256 
1044 4.54676467798014 
1045 3.5884217430408802 
1046 4.41342811812338 
1047 3.7393484112638604 
1048 4.46099690203156 
1049 3.8604094428640003 
1050 4.60970717403858 
1051 3.82915418408356 
1052 4.39130266842962 
1053 3.82915418408356 
1054 4.42346805552284 
1055 3.8267827534424 
1056 4.57214059162836 
1057 3.7111943216776404 
1058 4.39090807516816 
1059 3.5720520377451 
1060 4.39090807516816 
1061 3.5837686662065997 
1062 4.38093482287442 
1063 3.5837686662065997 
1064 4.43861524656922 
1065 3.56285889287528 
1066 4.37771828660974 
1067 3.56135906052754 
1068 4.31996657215344 
1069 3.6565858582187403 
1070 4.31996657215344 
1071 3.6942247408611997 
1072 4.40629392629096 
1073 3.6942247408611997 
1074 4.41644415208038 
1075 3.7790218087320397 
1076 4.4444975919324 
1077 3.8492781504723803 
1078 4.533726411668679 
1079 3.9655824774285797 
1080 4.67577681543386 
1081 3.9398047939104 
1082 4.63410290722236 
1083 3.9398047939104 
1084 4.61271787099626 
1085 3.95487046649734 
1086 4.62334949286174 
1087 4.03401593669778 
1088 4.67693211325576 
1089 3.96376273842922 
1090 4.67897011447142 
1091 3.8537573665184395 
1092 4.64843731601678 
1093 3.8537573665184395 
1094 4.6941553650720795 
1095 3.9558291623883597 
1096 4.70103128706532 
1097 3.9447003608316797 
1098 4.4903507119952 
1099 3.84966176570198 
1100 4.39822051297484 
1101 4.04680282598634 
1102 4.47042721964098 
1103 4.04680282598634 
1104 4.42028887841362 
1105 3.94383511883996 
1106 4.35399432781654 
1107 3.77163105262614 
1108 4.36470137868004 
1109 3.66318829593972 
1110 4.23259108849822 
1111 3.6135855219347803 
1112 4.21863131836188 
1113 3.6135855219347803 
1114 4.18052305025412 
1115 3.45867799202408 
1116 4.1480107607865 
1117 3.56507163052456 
1118 4.133621526034 
1119 3.65718279846422 
1120 4.23767349397502 
1121 3.7449315991561 
1122 4.5311748409143595 
1123 3.7449315991561 
1124 4.612794045724501 
1125 3.7589192197363 
1126 4.6286597229626 
1127 3.5992757039046603 
1128 4.505389803939719 
1129 3.4966107903639396 
1130 4.4680059344942995 
1131 3.5148711458833 
1132 4.47065090254778 
1133 3.5148711458833 
1134 4.4258625941849 
1135 3.60996211515588 
1136 4.5088037570115 
1137 3.68440852038466 
1138 4.55893208959004 
1139 3.61660282765562 
1140 4.39582838191846 
1141 3.5168539421425002 
1142 4.50064821780108 
1143 3.5635360903596203 
1144 4.51317394898314 
1145 3.64857662750662 
1146 4.36198536529946 
1147 3.8392968717352405 
1148 4.4410489237965995 
1149 3.8555352154038998 
1150 4.3870099489141605 
1151 4.00386382682736 
1152 4.45991721696846 
1153 4.00386382682736 
1154 4.4678951073938 
1155 4.06709026291188 
1156 4.42014127117554 
1157 4.05358677677522 
1158 4.3884383608477 
1159 4.09178885897034 
1160 4.43069578765358 
1161 4.1939601998446 
1162 4.52089222727086 
1163 4.1939601998446 
1164 4.500972084970821 
1165 4.0959551134212 
1166 4.5262327060708 
1167 4.01697878960602 
1168 4.5262327060708 
1169 3.99354691017406 
1170 4.373462253295861 
1171 3.9050028266366197 
1172 4.4051651636237 
1173 3.9050028266366197 
1174 4.43159891057262 
1175 3.9241532140619197 
1176 4.45290133154134 
1177 4.07725926075642 
1178 4.45290133154134 
1179 4.08153563572216 
1180 4.57640230278488 
1181 4.12953928907538 
1182 4.35544192317934 
1183 4.12953928907538 
1184 4.36340541557618 
1185 4.16648211793084 
1186 4.36016615917904 
1187 3.96475900907744 
1188 4.36016615917904 
1189 3.9665237191425 
1190 4.33640807526216 
1191 3.8551847241885 
1192 4.22079241264116 
1193 3.8551847241885 
1194 4.2055437114218 
1195 3.6260126117865 
1196 3.99481416730028 
1197 3.48749041368936 
1198 3.84640012440072 
1199 3.5073530073263397 
1200 3.82164695565564 
1201 3.38385139050238 
1202 3.6619841906588597 
1203 3.38385139050238 
1204 3.6737758141042 
1205 3.45119393710146 
1206 3.7268120951180004 
1207 3.60928975800942 
1208 3.92482687616384 
1209 3.70712828147552 
1210 4.09423054361964 
1211 3.83910953948824 
1212 4.23534916212966 
1213 3.83910953948824 
1214 4.2427564604020604 
1215 3.95013586784394 
1216 4.38328443198886 
1217 3.8626139087259 
1218 4.25845822326756 
1219 3.7660886055074996 
1220 4.17529084472492 
1221 3.7054063125630003 
1222 4.13659603247522 
1223 3.7054063125630003 
1224 4.13342686317906 
1225 3.6626837805468804 
1226 4.05254438644566 
1227 3.73017203857428 
1228 3.8834667269334604 
1229 3.8032075976051205 
1230 3.9459400120167203 
1231 3.9642989308238 
1232 4.0144485899338 
1233 3.9642989308238 
1234 3.96889335270622 
1235 3.9227796086408397 
1236 3.9693940165657 
1237 3.8665296091375403 
1238 3.92269666250782 
1239 3.8445630211888995 
1240 3.92025881179244 
1241 3.77281865790122 
1242 3.8589877507556 
1243 3.77281865790122 
1244 3.92346131689614 
1245 3.78857178044752 
1246 3.92255797991056 
1247 3.7218742986096 
1248 3.8690339357798598 
1249 3.72345705927716 
1250 3.90508195058352 
1251 3.5881599024024196 
1252 3.79541077717278 
1253 3.5881599024024196 
1254 3.7004153587633604 
1255 3.61564690847896 
1256 3.79290725490858 
1257 3.73696495139788 
1258 3.91079386489654 
1259 3.86424843497362 
1260 4.02586594432128 
1261 3.8702436353010805 
1262 4.01471596521088 
1263 3.8702436353010805 
1264 4.00693618754004 
1265 3.88121099539734 
1266 4.0716975536902 
1267 3.81445528420286 
1268 4.13215881436644 
1269 3.84176640668226 
1270 4.1615005249283 
1271 3.82843403235346 
1272 4.2384901602912795 
1273 3.82843403235346 
1274 4.11375082911928 
1275 3.71907761723066 
1276 4.21056664243474 
1277 3.6481001102508004 
1278 4.0166896729751596 
1279 3.60108206529686 
1280 3.92080491245092 
1281 3.6726161079247803 
1282 3.9843902846182404 
1283 3.6726161079247803 
1284 3.9947362990198796 
1285 3.6230219775591204 
1286 3.7836897991360203 
1287 3.63383649633206 
1288 3.74034833336804 
1289 3.5602776262011 
1290 3.64318767500594 
1291 3.5842260200292 
1292 3.5630857182958797 
1293 3.5842260200292 
1294 3.6145477587451404 
1295 3.75972737834014 
1296 3.7487224535849997 
1297 3.6816100796138 
1298 3.74235089051842 
1299 3.77075639080586 
1300 3.85563937287536 
1301 3.68560633382316 
1302 3.74581173042652 
1303 3.68560633382316 
1304 3.7617935862713 
1305 3.47188254143198 
1306 3.4461784379583795 
1307 3.5483955758574197 
1308 3.5337313005302002 
1309 3.55769727598096 
1310 3.5943203132792 
1311 3.62599121796372 
1312 3.7993853260267003 
1313 3.62599121796372 
1314 3.77928310593134 
1315 3.70121301517458 
1316 3.8824795224777198 
1317 3.7017448407127604 
1318 3.92331489870732 
1319 3.56811576498882 
1320 3.8654562178853604 
1321 3.5234851452300804 
1322 3.7635081673482604 
1323 3.5234851452300804 
1324 3.78540923016284 
1325 3.6189857394310203 
1326 3.84416211725424 
1327 3.56771951146618 
1328 3.7661716171025397 
1329 3.7028779834708203 
1330 3.91082355602708 
1331 3.68705841462316 
1332 3.9484887734462197 
1333 3.68705841462316 
1334 4.07577737810114 
1335 3.7259957940423805 
1336 4.0603719761991 
1337 3.8362847300436997 
1338 4.10689175818986 
1339 3.75020560337612 
1340 3.9818980967334 
1341 3.75020560337612 
1342 3.97877955040072 
1343 3.8884077697547803 
1344 4.18545274598896 
1345 3.8132606588803 
1346 4.1165239668675 
1347 3.82781295951292 
1348 4.15103452882424 
1349 3.85831851616976 
1350 4.22115591846456 
1351 3.82581217758268 
1352 4.034859039456 
1353 3.82581217758268 
1354 4.0113403975848 
1355 3.92129911924858 
1356 4.14662245844858 
1357 3.9169738656532997 
1358 4.16561587927892 
1359 3.88956753416882 
1360 4.091420045518641 
1361 3.86736164789856 
1362 4.04989208316086 
1363 3.86736164789856 
1364 4.051074058962159 
1365 3.79739133531882 
1366 3.97140982268846 
1367 3.7342573177842397 
1368 3.860633657934 
1369 3.6913858671507 
1370 3.8127821434455798 
1371 3.5358451065507404 
1372 3.60951440423176 
1373 3.5358451065507404 
1374 3.5794343878837402 
1375 3.4577225954905204 
1376 3.5179459793337005 
1377 3.5480471511059 
1378 3.5876331800642602 
1379 3.52077441897504 
1380 3.53935079138956 
1381 3.6906889893892396 
1382 3.7858172686879 
1383 3.6906889893892396 
1384 3.71822923058636 
1385 3.6808436480777202 
1386 3.7248298727495 
1387 3.61070511927678 
1388 3.76882902025888 
1389 3.6826098876911204 
1390 3.86844900742836 
1391 3.65544162692282 
1392 3.7645902892501804 
1393 3.65544162692282 
1394 3.78715843907692 
1395 3.8135547110616796 
1396 3.90372187165204 
1397 3.86080594135548 
1398 3.85634074379036 
1399 3.93241850930126 
1400 3.9469474029043 
1401 3.9399077740692 
1402 4.06132289036606 
1403 3.9399077740692 
1404 4.04831540677932 
1405 3.83508887974264 
1406 3.95921677189454 
1407 3.6446223825519803 
1408 3.80033777893114 
1409 3.5299579397148797 
1410 3.64084661821 
1411 3.3890455183181203 
1412 3.42007165402108 
1413 3.3890455183181203 
1414 3.51774650391678 
1415 3.28205535132104 
1416 3.4123647181012204 
1417 3.38590690299676 
1418 3.4958603327932005 
1419 3.48264705806846 
1420 3.6702010921703803 
1421 3.48264705806846 
1422 3.5728521322533404 
1423 3.64997356808746 
1424 3.66969189627996 
1425 3.79756233193262 
1426 3.8288307864738202 
1427 3.8469356843262 
1428 3.90096392344336 
1429 3.8469356843262 
1430 3.94557021046322 
1431 3.84591931220804 
1432 3.89270625773234 
1433 3.87564676054754 
1434 3.9534088486779404 
1435 3.77064696956648 
1436 3.82106981623076 
1437 3.8035969163884196 
1438 3.8588508755465396 
1439 3.77714873634084 
1440 3.8425162723602804 
1441 3.77714873634084 
1442 3.82614533874534 
1443 3.6961894660887404 
1444 3.79311837015292 
1445 3.8865088036801 
1446 3.96665118215864 
1447 3.8501243940172403 
1448 3.9285611742002997 
1449 3.8501243940172403 
1450 4.00082810020176 
1451 3.78504003169894 
1452 3.9139695825203398 
1453 3.69540160242126 
1454 3.84462231796036 
1455 3.7426467991093197 
1456 3.8896480366189996 
1457 3.7679280946366602 
1458 3.89813947164742 
1459 3.7679280946366602 
1460 3.84022913271152 
1461 3.75933082797174 
1462 3.90110262637062 
1463 3.78924579524582 
1464 3.9092567198309 
1465 3.5594822451507397 
1466 3.7296679395385395 
1467 3.5745752924451404 
1468 3.8381561525039603 
1469 3.5745752924451404 
1470 3.80954558807394 
1471 3.5824862674756197 
1472 3.7811839612113998 
1473 3.5598797268139797 
1474 3.79454319248 
1475 3.68043998087222 
1476 3.8277399976937603 
1477 3.5956842101489004 
1478 3.7797535878550805 
1479 3.59754949810482 
1480 3.7673398075033604 
1481 3.59754949810482 
1482 3.8063038463383996 
1483 3.81885560134074 
1484 3.9168949142108405 
1485 3.71995653110316 
1486 3.8996844481553197 
1487 3.7524868607957997 
1488 4.05682703401394 
1489 3.7524868607957997 
1490 4.08956682354868 
1491 3.77306253313672 
1492 4.0471840277652 
1493 3.6549003743268598 
1494 4.0028972234527 
1495 3.797280073075 
1496 4.04508170373116 
1497 3.74401619994998 
1498 3.9113838950199797 
1499 3.74401619994998 
1500 3.91783906237564 
1501 3.81466930805054 
1502 4.00330984382074 
1503 3.7755192264403 
1504 3.97702196694458 
1505 3.70215083238378 
1506 3.98495720372744 
1507 3.84971166587166 
1508 4.07660128461592 
1509 3.84971166587166 
1510 4.0688991913318 
1511 3.8135560095811796 
1512 4.04265769873362 
1513 3.87459166890116 
1514 4.08357098938026 
1515 3.95925985322486 
1516 4.16796560741256 
1517 3.89813261538054 
1518 4.04799485726342 
1519 3.89813261538054 
1520 4.0364846523079 
1521 3.80562748075002 
1522 3.9609156229145803 
1523 3.7442462417888 
1524 3.93956343553954 
1525 3.7254854617418403 
1526 3.89889206844244 
1527 3.4856042931006597 
1528 3.6222023144072204 
1529 3.4856042931006597 
1530 3.58707871555594 
1531 3.44857201028276 
1532 3.5414266010909996 
1533 3.36766318521952 
1534 3.48406935904256 
1535 3.15464780558008 
1536 3.3040403848468203 
1537 3.28398932751442 
1538 3.4326714666376197 
1539 3.28398932751442 
1540 3.2962692864361998 
1541 3.34928362033214 
1542 3.2711981046133 
1543 3.47565454792036 
1544 3.41088024016286 
1545 3.63048372992816 
1546 3.5927667968182595 
1547 3.8498430559493597 
1548 3.80189211276454 
1549 3.8498430559493597 
1550 3.86648818955286 
1551 3.9072526704870802 
1552 3.98520922774778 
1553 3.9325742302698403 
1554 3.9423097040846002 
1555 3.97897028467982 
1556 4.02145857526044 
1557 3.97897028467982 
1558 4.06556855494536 
1559 3.7791549779256997 
1560 3.86514300542216 
1561 3.6801042856910398 
1562 3.79426764752776 
1563 3.54822678569552 
1564 3.65638966844982 
1565 3.47299752243532 
1566 3.6653517468820604 
1567 3.47299752243532 
1568 3.7006255172269804 
1569 3.48807335924322 
1570 3.7198879547835197 
1571 3.5570077664624202 
1572 3.7181199718454203 
1573 3.5924554119245 
1574 3.71969599275756 
1575 3.5837366843533602 
1576 3.79027467249468 
1577 3.5837366843533602 
1578 3.6833172526229605 
1579 3.5717861748928597 
1580 3.6921599592431398 
1581 3.57830695177206 
1582 3.7042149079176 
1583 3.62048999066172 
1584 3.7251262188042404 
1585 3.6127759752551 
1586 3.54896939644642 
1587 3.6127759752551 
1588 3.54341687346176 
1589 3.71763991926922 
1590 3.68466676392154 
1591 3.7322799439280603 
1592 3.70913803546012 
1593 3.74309691142806 
1594 3.78617009217614 
1595 3.7051539149831796 
1596 3.7051539149831796 
1597 3.7497266695988403 
1598 3.7497266695988403 
1599 3.6461754895279803 
1600 3.6461754895279803 
1601 3.59728578722818 
1602 3.59728578722818 
1603 3.5644582593743204 
1604 3.5644582593743204 
1605 3.58560599495926 
1606 3.58560599495926 
1607 3.4893749004423804 
