0 3 
1 2 
2 3 
3 1 
4 3 
5 1 
6 2 
7 1 
8 2 
9 2 
10 2 
11 1 
12 1 
13 1 
14 1 
15 1 
16 1 
17 2 
18 1 
19 2 
20 1 
21 2 
22 1 
23 2 
24 1 
25 3 
26 1 
27 3 
28 1 
29 3 
30 2 
31 3 
32 2 
33 3 
34 3 
35 3 
36 3 
37 3 
38 3 
39 3 
40 3 
41 3 
42 3 
43 3 
44 2 
45 3 
46 2 
47 3 
48 2 
49 3 
50 2 
51 3 
52 2 
53 2 
54 2 
55 2 
56 2 
57 2 
58 3 
59 3 
60 3 
61 3 
62 3 
63 3 
64 3 
65 3 
66 3 
67 3 
68 3 
69 3 
70 3 
71 3 
72 3 
73 3 
74 3 
75 3 
76 2 
77 3 
78 2 
79 2 
80 2 
81 2 
82 2 
83 2 
84 3 
85 3 
86 3 
87 2 
88 3 
89 3 
90 3 
91 3 
92 3 
93 3 
94 2 
95 3 
96 3 
97 3 
98 3 
99 3 
100 3 
101 3 
102 3 
103 3 
104 3 
105 3 
106 3 
107 2 
108 3 
109 2 
110 3 
111 2 
112 3 
113 2 
114 3 
115 2 
116 2 
117 2 
118 2 
119 3 
120 2 
121 3 
122 2 
123 3 
124 2 
125 3 
126 2 
127 3 
128 1 
129 3 
130 1 
131 3 
132 1 
133 3 
134 2 
135 3 
136 2 
137 3 
138 2 
139 3 
140 2 
141 3 
142 2 
143 3 
144 2 
145 2 
146 2 
147 2 
148 3 
149 2 
150 3 
151 2 
152 3 
153 3 
154 3 
155 3 
156 3 
157 3 
158 3 
159 3 
160 3 
161 2 
162 3 
163 2 
164 3 
165 2 
166 3 
167 2 
168 3 
169 2 
170 3 
171 3 
172 3 
173 3 
174 3 
175 3 
176 3 
177 3 
178 3 
179 3 
180 3 
181 3 
182 3 
183 3 
184 2 
185 3 
186 2 
187 3 
188 3 
189 3 
190 3 
191 3 
192 3 
193 3 
194 3 
195 3 
196 3 
197 3 
198 3 
199 3 
200 3 
201 3 
202 3 
203 3 
204 3 
205 2 
206 3 
207 2 
208 3 
209 2 
210 3 
211 2 
212 3 
213 2 
214 2 
215 2 
216 2 
217 2 
218 3 
219 2 
220 3 
221 3 
222 3 
223 2 
224 3 
225 2 
226 3 
227 3 
228 3 
229 3 
230 3 
231 3 
232 3 
233 3 
234 3 
235 3 
236 3 
237 3 
238 3 
239 3 
240 3 
241 3 
242 3 
243 3 
244 2 
245 3 
246 2 
247 3 
248 2 
249 3 
250 2 
251 3 
252 2 
253 3 
254 2 
255 3 
256 2 
257 3 
258 2 
259 2 
260 2 
261 2 
262 2 
263 2 
264 2 
265 2 
266 3 
267 2 
268 3 
269 2 
270 3 
271 2 
272 3 
273 2 
274 3 
275 2 
276 3 
277 2 
278 3 
279 2 
280 3 
281 2 
282 3 
283 2 
284 3 
285 2 
286 3 
287 3 
288 3 
289 3 
290 3 
291 3 
292 3 
293 3 
294 3 
295 3 
296 3 
297 3 
298 3 
299 3 
300 3 
301 3 
302 2 
303 3 
304 2 
305 3 
306 2 
307 3 
308 2 
309 3 
310 2 
311 2 
312 2 
313 2 
314 2 
315 2 
316 3 
317 2 
318 3 
319 2 
320 3 
321 2 
322 3 
323 2 
324 3 
325 2 
326 3 
327 2 
328 3 
329 2 
330 3 
331 2 
332 3 
333 2 
334 3 
335 2 
336 3 
337 2 
338 3 
339 2 
340 3 
341 2 
342 3 
343 2 
344 3 
345 2 
346 3 
347 2 
348 3 
349 2 
350 3 
351 2 
352 3 
353 2 
354 3 
355 2 
356 3 
357 2 
358 3 
359 2 
360 3 
361 2 
362 3 
363 2 
364 3 
365 2 
366 3 
367 2 
368 3 
369 2 
370 3 
371 2 
372 3 
373 2 
374 3 
375 3 
376 3 
377 3 
378 3 
379 3 
380 3 
381 2 
382 3 
383 2 
384 3 
385 3 
386 3 
387 3 
388 3 
389 3 
390 3 
391 3 
392 2 
393 3 
394 2 
395 3 
396 2 
397 3 
398 2 
399 3 
400 3 
401 3 
402 3 
403 3 
404 3 
405 3 
406 3 
407 2 
408 3 
409 3 
410 3 
411 3 
412 3 
413 2 
414 3 
415 2 
416 3 
417 2 
418 3 
419 2 
420 3 
421 2 
422 3 
423 2 
424 3 
425 2 
426 3 
427 2 
428 3 
429 3 
430 3 
431 3 
432 3 
433 3 
434 3 
435 3 
436 3 
437 3 
438 3 
439 3 
440 3 
441 3 
442 3 
443 3 
444 3 
445 3 
446 3 
447 3 
448 3 
449 3 
450 2 
451 3 
452 2 
453 3 
454 2 
455 3 
456 2 
457 3 
458 2 
459 2 
460 3 
461 3 
462 3 
463 3 
464 3 
465 3 
466 3 
467 3 
468 3 
469 3 
470 3 
471 3 
472 3 
473 3 
474 3 
475 2 
476 3 
477 2 
478 3 
479 3 
480 3 
481 3 
482 3 
483 2 
484 3 
485 3 
486 2 
487 3 
488 2 
489 3 
490 2 
491 3 
492 2 
493 3 
494 2 
495 3 
496 2 
497 2 
498 2 
499 2 
500 2 
501 2 
502 2 
503 1 
504 2 
505 2 
506 2 
507 2 
508 2 
509 3 
510 2 
511 3 
512 2 
513 3 
514 2 
515 3 
516 2 
517 3 
518 2 
519 3 
520 2 
521 3 
522 2 
523 3 
524 2 
525 3 
526 2 
527 3 
528 2 
529 2 
530 2 
531 2 
532 2 
533 3 
534 2 
535 3 
536 2 
537 3 
538 1 
539 3 
540 1 
541 2 
542 1 
543 2 
544 1 
545 2 
546 2 
547 2 
548 2 
549 1 
550 2 
551 1 
552 2 
553 0 
554 2 
555 1 
556 2 
557 1 
558 3 
559 1 
560 3 
561 1 
562 3 
563 1 
564 3 
565 1 
566 3 
567 2 
568 3 
569 2 
570 3 
571 3 
572 3 
573 3 
574 2 
575 3 
576 1 
577 3 
578 1 
579 3 
580 1 
581 3 
582 2 
583 3 
584 2 
585 3 
586 2 
587 3 
588 2 
589 3 
590 2 
591 3 
592 2 
593 3 
594 2 
595 3 
596 2 
597 2 
598 2 
599 3 
600 2 
601 3 
602 2 
603 3 
604 2 
605 3 
606 2 
607 2 
608 2 
609 2 
610 2 
611 2 
612 3 
613 2 
614 3 
615 2 
616 3 
617 2 
618 3 
619 1 
620 3 
621 1 
622 3 
623 1 
624 3 
625 2 
626 3 
627 2 
628 3 
629 2 
630 3 
631 2 
632 3 
633 2 
634 3 
635 2 
636 3 
637 2 
638 3 
639 3 
640 3 
641 3 
642 2 
643 3 
644 2 
645 3 
646 2 
647 2 
648 3 
649 2 
650 3 
651 3 
652 3 
653 3 
654 3 
655 3 
656 3 
657 3 
658 2 
659 3 
660 2 
661 3 
662 3 
663 3 
664 3 
665 3 
666 3 
667 3 
668 3 
669 3 
670 3 
671 3 
672 3 
673 3 
674 3 
675 3 
676 3 
677 3 
678 3 
679 3 
680 3 
681 3 
682 3 
683 2 
684 3 
685 2 
686 3 
687 3 
688 3 
689 3 
690 3 
691 3 
692 3 
693 3 
694 3 
695 3 
696 3 
697 3 
698 3 
699 3 
700 3 
701 3 
702 3 
703 3 
704 3 
705 3 
706 2 
707 3 
708 2 
709 3 
710 2 
711 3 
712 2 
713 3 
714 2 
715 3 
716 2 
717 3 
718 2 
719 3 
720 2 
721 3 
722 2 
723 3 
724 2 
725 3 
726 3 
727 3 
728 3 
729 3 
730 3 
731 3 
732 3 
733 3 
734 3 
735 3 
736 3 
737 3 
738 2 
739 3 
740 2 
741 3 
742 2 
743 3 
744 3 
745 3 
746 3 
747 2 
748 3 
749 2 
750 3 
751 3 
752 3 
753 3 
754 3 
755 3 
756 3 
757 3 
758 3 
759 3 
760 3 
761 2 
762 2 
763 2 
764 2 
765 3 
766 2 
767 3 
768 3 
769 3 
770 2 
771 2 
772 2 
773 2 
774 2 
775 3 
776 2 
777 3 
778 2 
779 3 
780 2 
781 3 
782 1 
783 3 
784 1 
785 3 
786 2 
787 3 
788 2 
789 3 
790 2 
791 3 
792 3 
793 3 
794 3 
795 3 
796 2 
797 3 
798 2 
799 2 
800 2 
801 2 
802 2 
803 2 
804 2 
805 2 
806 1 
807 3 
808 2 
809 3 
810 2 
811 3 
812 2 
813 2 
814 2 
815 2 
816 2 
817 1 
818 2 
819 1 
820 2 
821 1 
822 2 
823 2 
824 2 
825 2 
826 2 
827 2 
828 1 
829 2 
830 2 
831 2 
832 3 
833 2 
834 3 
835 2 
836 3 
837 2 
838 3 
839 2 
840 2 
841 2 
842 1 
843 2 
844 2 
845 2 
846 2 
847 2 
848 2 
849 2 
850 2 
851 2 
852 2 
853 2 
854 2 
855 2 
856 2 
857 2 
858 2 
859 2 
860 3 
861 2 
862 3 
863 3 
864 3 
865 3 
866 3 
867 2 
868 3 
869 3 
870 2 
871 3 
872 2 
873 3 
874 2 
875 3 
876 2 
877 3 
878 2 
879 2 
880 2 
881 2 
882 2 
883 2 
884 2 
885 2 
886 3 
887 2 
888 3 
889 2 
890 3 
891 2 
892 3 
893 2 
894 3 
895 2 
896 3 
897 2 
898 3 
899 2 
900 3 
901 2 
902 3 
903 2 
904 3 
905 2 
906 3 
907 2 
908 3 
909 2 
910 3 
911 2 
912 3 
913 2 
914 3 
915 2 
916 3 
917 2 
918 3 
919 2 
920 3 
921 2 
922 3 
923 2 
924 3 
925 3 
926 3 
927 3 
928 3 
929 3 
930 2 
931 3 
932 2 
933 3 
934 2 
935 3 
936 2 
937 3 
938 2 
939 2 
940 3 
941 2 
942 3 
943 2 
944 2 
945 2 
946 2 
947 2 
948 2 
949 2 
950 2 
951 2 
952 2 
953 2 
954 2 
955 3 
956 2 
957 3 
958 2 
959 3 
960 2 
961 3 
962 2 
963 3 
964 2 
965 3 
966 2 
967 3 
968 2 
969 3 
970 2 
971 3 
972 2 
973 3 
974 2 
975 3 
976 2 
977 3 
978 3 
979 3 
980 2 
981 3 
982 2 
983 3 
984 2 
985 3 
986 3 
987 3 
988 3 
989 3 
990 3 
991 2 
992 3 
993 2 
994 3 
995 2 
996 2 
997 2 
998 2 
999 2 
1000 2 
1001 2 
1002 2 
1003 2 
1004 2 
1005 2 
1006 2 
1007 2 
1008 2 
1009 2 
1010 2 
1011 2 
1012 2 
1013 2 
1014 2 
1015 2 
1016 2 
1017 2 
1018 2 
1019 3 
1020 2 
1021 3 
1022 2 
1023 3 
1024 2 
1025 3 
1026 2 
1027 3 
1028 2 
1029 2 
1030 2 
1031 2 
1032 2 
1033 2 
1034 2 
1035 2 
1036 2 
1037 2 
1038 2 
1039 2 
1040 2 
1041 2 
1042 2 
1043 2 
1044 1 
1045 2 
1046 1 
1047 2 
1048 1 
1049 2 
1050 1 
1051 2 
1052 1 
1053 2 
1054 1 
1055 2 
1056 1 
1057 2 
1058 1 
1059 3 
1060 1 
1061 2 
1062 1 
1063 2 
1064 2 
1065 3 
1066 3 
1067 3 
1068 3 
1069 3 
1070 3 
1071 3 
1072 3 
1073 3 
1074 3 
1075 3 
1076 3 
1077 3 
1078 3 
1079 3 
1080 3 
1081 3 
1082 3 
1083 3 
1084 3 
1085 3 
1086 3 
1087 2 
1088 3 
1089 2 
1090 3 
1091 3 
1092 3 
1093 3 
1094 3 
1095 3 
1096 2 
1097 3 
1098 2 
1099 3 
1100 2 
1101 3 
1102 2 
1103 3 
1104 2 
1105 3 
1106 2 
1107 3 
1108 3 
1109 3 
1110 3 
1111 3 
1112 3 
1113 3 
1114 3 
1115 2 
1116 3 
1117 2 
1118 2 
1119 2 
1120 1 
1121 2 
1122 2 
1123 2 
1124 2 
1125 3 
1126 3 
1127 3 
1128 3 
1129 3 
1130 2 
1131 3 
1132 2 
1133 2 
1134 2 
1135 2 
1136 2 
1137 2 
1138 3 
1139 2 
1140 3 
1141 2 
1142 3 
1143 2 
1144 3 
1145 2 
1146 3 
1147 2 
1148 3 
1149 2 
1150 3 
1151 3 
1152 3 
1153 3 
1154 3 
1155 3 
1156 3 
1157 3 
1158 3 
1159 3 
1160 3 
1161 3 
1162 3 
1163 3 
1164 3 
1165 3 
1166 2 
1167 3 
1168 2 
1169 3 
1170 2 
1171 3 
1172 2 
1173 3 
1174 2 
1175 3 
1176 2 
1177 3 
1178 3 
1179 3 
1180 3 
1181 3 
1182 3 
1183 3 
1184 3 
1185 3 
1186 2 
1187 3 
1188 2 
1189 3 
1190 2 
1191 3 
1192 2 
1193 3 
1194 2 
1195 3 
1196 2 
1197 3 
1198 2 
1199 2 
1200 2 
1201 2 
1202 2 
1203 2 
1204 2 
1205 2 
1206 2 
1207 2 
1208 2 
1209 2 
1210 2 
1211 2 
1212 2 
1213 2 
1214 2 
1215 1 
1216 2 
1217 1 
1218 2 
1219 1 
1220 2 
1221 1 
1222 2 
1223 2 
1224 2 
1225 2 
1226 2 
1227 2 
1228 2 
1229 1 
1230 2 
1231 1 
1232 2 
1233 1 
1234 2 
1235 2 
1236 2 
1237 3 
1238 3 
1239 3 
1240 3 
1241 3 
1242 3 
1243 3 
1244 3 
1245 3 
1246 3 
1247 2 
1248 3 
1249 2 
1250 3 
1251 2 
1252 3 
1253 2 
1254 3 
1255 2 
1256 3 
1257 2 
1258 3 
1259 2 
1260 3 
1261 3 
1262 3 
1263 3 
1264 3 
1265 3 
1266 3 
1267 3 
1268 3 
1269 3 
1270 3 
1271 2 
1272 2 
1273 2 
1274 2 
1275 2 
1276 2 
1277 2 
1278 2 
1279 2 
1280 3 
1281 2 
1282 3 
1283 2 
1284 3 
1285 2 
1286 3 
1287 2 
1288 3 
1289 2 
1290 3 
1291 2 
1292 3 
1293 2 
1294 3 
1295 1 
1296 3 
1297 2 
1298 3 
1299 2 
1300 2 
1301 2 
1302 2 
1303 3 
1304 2 
1305 3 
1306 2 
1307 3 
1308 2 
1309 3 
1310 2 
1311 3 
1312 2 
1313 3 
1314 2 
1315 3 
1316 2 
1317 3 
1318 2 
1319 3 
1320 1 
1321 3 
1322 2 
1323 3 
1324 3 
1325 3 
1326 3 
1327 2 
1328 3 
1329 3 
1330 3 
1331 3 
1332 2 
1333 3 
1334 2 
1335 3 
1336 2 
1337 3 
1338 2 
1339 3 
1340 3 
1341 3 
1342 3 
1343 3 
1344 3 
1345 3 
1346 3 
1347 3 
1348 3 
1349 3 
1350 2 
1351 2 
1352 2 
1353 2 
1354 2 
1355 2 
1356 1 
1357 2 
1358 2 
1359 2 
1360 2 
1361 3 
1362 2 
1363 2 
1364 2 
1365 2 
1366 2 
1367 2 
1368 2 
1369 2 
1370 2 
1371 2 
1372 2 
1373 2 
1374 2 
1375 2 
1376 2 
1377 2 
1378 2 
1379 2 
1380 1 
1381 2 
1382 2 
1383 2 
1384 2 
1385 2 
1386 2 
1387 2 
1388 2 
1389 2 
1390 2 
1391 2 
1392 2 
1393 2 
1394 2 
1395 2 
1396 2 
1397 3 
1398 2 
1399 3 
1400 2 
1401 3 
1402 2 
1403 3 
1404 2 
1405 3 
1406 2 
1407 3 
1408 2 
1409 3 
1410 2 
1411 3 
1412 1 
1413 3 
1414 1 
1415 3 
1416 1 
1417 3 
1418 1 
1419 3 
1420 1 
1421 3 
1422 1 
1423 3 
1424 2 
1425 2 
1426 2 
1427 2 
1428 2 
1429 2 
1430 2 
1431 2 
1432 2 
1433 2 
1434 2 
1435 1 
1436 3 
1437 2 
1438 3 
1439 2 
1440 3 
1441 2 
1442 3 
1443 2 
1444 3 
1445 2 
1446 3 
1447 2 
1448 3 
1449 2 
1450 3 
1451 2 
1452 3 
1453 2 
1454 3 
1455 2 
1456 3 
1457 2 
1458 3 
1459 2 
1460 3 
1461 2 
1462 3 
1463 2 
1464 3 
1465 2 
1466 3 
1467 3 
1468 3 
1469 3 
1470 3 
1471 2 
1472 3 
1473 2 
1474 3 
1475 2 
1476 3 
1477 2 
1478 3 
1479 2 
1480 3 
1481 2 
1482 3 
1483 2 
1484 3 
1485 2 
1486 3 
1487 1 
1488 3 
1489 1 
1490 3 
1491 1 
1492 3 
1493 2 
1494 3 
1495 2 
1496 3 
1497 2 
1498 2 
1499 2 
1500 2 
1501 2 
1502 2 
1503 1 
1504 2 
1505 1 
1506 2 
1507 1 
1508 2 
1509 1 
