0 0.9069248140835301 
1 0.84836087569762 
2 0.9378314902029921 
3 0.8858066277162621 
4 0.9676025288205381 
5 0.931390383501028 
6 1.000102319092242 
7 0.9740649528161761 
8 1.02678785245239 
9 1.019823705204814 
10 1.0606640821450282 
11 1.0629882518484999 
12 1.128806003029138 
13 1.138696931955754 
14 1.194638334095196 
15 1.191463658751294 
16 1.328173282851404 
17 1.301878532981042 
18 1.42572421667905 
19 1.510601991416324 
20 1.496307277070478 
21 1.57671324089507 
22 1.81523176557691 
23 1.900331994823874 
24 2.1440147504994 
25 2.22755700026816 
26 2.2735355889845 
27 2.41539307523318 
28 2.44633477968308 
29 2.47772407025096 
30 2.76887546328896 
31 2.76104263485212 
32 2.71262898481338 
33 2.69989634197022 
34 2.72563043765968 
35 2.714272291961 
36 2.7908433912528396 
37 2.75543082000048 
38 2.848896636529 
39 2.77711848267092 
40 2.77838442558932 
41 2.7396521795384396 
42 2.86003847152716 
43 2.8368684990304 
44 2.80952551600888 
45 2.82620659049552 
46 2.86842443200148 
47 2.89978374551526 
48 2.89340734786512 
49 2.96159071882732 
50 2.92547615429072 
51 3.0135502732156803 
52 2.8412543310856 
53 2.94577330694398 
54 2.79436718309416 
55 2.88637918031726 
56 2.76127118035998 
57 2.89772324540654 
58 2.70958494324318 
59 2.86366158855688 
60 2.7296337671389 
61 2.8375735899512002 
62 2.78064704009798 
63 2.8823110808586003 
64 2.80857544915256 
65 2.88014383817422 
66 2.90388708135544 
67 2.9319550558424803 
68 2.95496746595542 
69 2.9131284186590003 
70 2.9323744027650998 
71 2.9210591548558 
72 2.85527025626144 
73 2.80295032671174 
74 2.8367812880569003 
75 2.8003251694289597 
76 2.6628094890550202 
77 2.61255546406072 
78 2.62388563083156 
79 2.6226887691412797 
80 2.6129363945896 
81 2.6000139895385397 
82 2.71248270406868 
83 2.66201698921276 
84 2.82950683182704 
85 2.78047503130044 
86 2.96764764066872 
87 2.8663870400660203 
88 3.0356978624799003 
89 2.8923033136862197 
90 3.07504809242974 
91 2.95691470457652 
92 3.05124910569636 
93 2.9595703528756 
94 2.9500291816254802 
95 2.9006919164014398 
96 2.8728753599149597 
97 2.8768292812475 
98 2.90024129263608 
99 2.9156302406456 
100 2.85204201607994 
101 2.8475191546897802 
102 2.80178124302594 
103 2.8371136230997203 
104 2.82502472923062 
105 2.84660541111908 
106 2.8538511688989603 
107 2.8497246267622 
108 2.7986427425183598 
109 2.80664310873332 
110 2.86424644528888 
111 2.84830704830972 
112 2.88797566475034 
113 2.84457613346456 
114 2.87522655707906 
115 2.78814356784928 
116 2.8539482388900597 
117 2.81172458305018 
118 2.80758000092376 
119 2.85776637738162 
120 2.83951671128838 
121 2.92810620257048 
122 2.8757628581706802 
123 2.95085095957632 
124 2.92860051593472 
125 3.00451223876214 
126 2.94941102936746 
127 2.97570535747294 
128 3.00647224731722 
129 2.962648348063 
130 3.01014033232414 
131 2.9295270070317803 
132 2.96810066380838 
133 2.90894961900454 
134 2.9400342195066402 
135 2.90934408958522 
136 2.94903282187528 
137 2.92362304421526 
138 2.9599771548151 
139 2.92667392678046 
140 2.9035131165287202 
141 2.88933590861418 
142 2.9579446518996 
143 2.92818922681208 
144 2.98563575275442 
145 2.96506482000856 
146 3.0049783404077 
147 3.02636271559352 
148 2.9199456777062798 
149 2.970495574505 
150 2.88841410015168 
151 2.9409819151858803 
152 2.8244624604716 
153 2.82414299632808 
154 2.7628658297653397 
155 2.818087653337 
156 2.70527939815252 
157 2.72707155146762 
158 2.7724880275927797 
159 2.78312236956432 
160 2.80050007319096 
161 2.79759037086332 
162 2.87055781134622 
163 2.82193268910364 
164 2.9020205730611996 
165 2.87441270319006 
166 2.92820147823204 
167 2.91793729838854 
168 2.97344049170388 
169 2.93512145796142 
170 2.92420237955052 
171 2.93868104245784 
172 2.87773412273338 
173 2.9084704131484402 
174 2.91846161051214 
175 2.9369012974023 
176 2.9129439747436 
177 2.8914813480683 
178 2.8739063176358597 
179 2.8593096598269403 
180 2.8688581403395 
181 2.85162554958628 
182 2.83841159703184 
183 2.79398535456402 
184 2.82126592125462 
185 2.7827791005791798 
186 2.81526692973762 
187 2.81320690975504 
188 2.81371054897428 
189 2.8286133202161 
190 2.87755385753198 
191 2.8662821657880597 
192 2.88137518247518 
193 2.8716608573978197 
194 2.8303776702072403 
195 2.8691246882957198 
196 2.79607600754294 
197 2.81158356450352 
198 2.82035442236846 
199 2.8159774429885998 
200 2.73020044835486 
201 2.7574638636152 
202 2.8733889725682 
203 2.8416650783738 
204 2.8661469637282 
205 2.83568079762414 
206 2.97022099676468 
207 2.96246395773606 
208 2.98263280051452 
209 2.96543596257104 
210 3.10381372161934 
211 3.04505272842828 
212 3.06242411838996 
213 3.0581729478337 
214 3.0581729478337 
215 3.0601326409485603 
216 3.08147382746716 
217 3.08447362700174 
218 3.02403971839192 
219 3.04362087964676 
220 3.0171695021800002 
221 3.06780981452002 
222 2.98630713481636 
223 3.05699169588498 
224 2.98630713481636 
225 3.0437391537151 
226 2.96331085480392 
227 3.0113369793972202 
228 2.95726642505668 
229 2.99484927095336 
230 2.95007638270974 
231 3.01653595923892 
232 2.9380813010386198 
233 2.99040778922974 
234 2.90025025093362 
235 3.02039116436074 
236 2.8596206636178403 
237 2.9484122809421 
238 2.85099768262204 
239 2.98919559355936 
240 2.76499256108936 
241 2.89807541311564 
242 2.7478698639409997 
243 2.8748100262502 
244 2.7526595182261 
245 2.82891078566572 
246 2.7488116103579 
247 2.8348162356303 
248 2.72371017201818 
249 2.76413235757842 
250 2.76469687455712 
251 2.7613341556660798 
252 2.73400736735936 
253 2.74508780569484 
254 2.73862357142996 
255 2.78427566499952 
256 2.73848032884186 
257 2.79976897929288 
258 2.76703270122444 
259 2.81856423166424 
260 2.7644683336774802 
261 2.86403688932988 
262 2.78836028235156 
263 2.86934378227238 
264 2.88515775631282 
265 2.92147411433154 
266 2.8640492602216 
267 2.8921713964388998 
268 2.84307492534958 
269 2.88146168147404 
270 2.7819165208946 
271 2.78651696724082 
272 2.79743882502106 
273 2.8185323160459 
274 2.73174670020294 
275 2.80188858208738 
276 2.73723055409154 
277 2.8394919361566 
278 2.7429055040824997 
279 2.82669554177184 
280 2.8294594657071 
281 2.93634795414168 
282 2.8071143395194 
283 2.91408515333842 
284 2.76702039560098 
285 2.7991474432873003 
286 2.80519603013658 
287 2.84556660313914 
288 2.78238685653934 
289 2.84114898942204 
290 2.8574868176056603 
291 2.85190418123404 
292 2.91381967493936 
293 2.9405721093104598 
294 2.88102901861524 
295 2.9434084302148 
296 2.84986775795194 
297 2.8618952696023 
298 2.8720559840493403 
299 2.85401283814304 
300 2.79939520506468 
301 2.8375862363001803 
302 2.77792790665046 
303 2.7814695306029398 
304 2.87469300731224 
305 2.88406523684012 
306 2.8992468088327 
307 2.94038969960638 
308 2.98258187452432 
309 3.02473369267052 
310 2.99445299133904 
311 3.05466647992936 
312 3.00475776464362 
313 3.05861970826174 
314 2.9942471293951 
315 3.03504968434308 
316 2.9958768519599 
317 3.02785204304028 
318 2.97465305633372 
319 3.01913333966382 
320 2.9568379029772403 
321 3.00536975834304 
322 2.95276195185732 
323 3.00640794413222 
324 2.95156589228408 
325 3.0262491125485202 
326 2.938947536878 
327 2.99358470174674 
328 2.9224408164380398 
329 2.99532208830154 
330 2.9398508295121397 
331 2.98427469228432 
332 2.98059569352672 
333 2.98626915283792 
334 2.90126939905096 
335 2.89262198176304 
336 2.9466413492566597 
337 2.85093137559298 
338 2.95686421770204 
339 2.8809929702627803 
340 2.90490267798894 
341 2.82172986175956 
342 2.83986192563188 
343 2.76424895796392 
344 2.86667944488864 
345 2.77791268477724 
346 2.8581916895218002 
347 2.8081525992601 
348 2.83839699482278 
349 2.8136499341735197 
350 2.85812831730802 
351 2.81990156646506 
352 2.87404111009922 
353 2.86103887388178 
354 2.89789096416668 
355 2.8602291601324 
356 2.88975073934192 
357 2.78073375664936 
358 2.9458550054411203 
359 2.76493264928162 
360 2.93530709549176 
361 2.762063622218 
362 2.9130461702214197 
363 2.75701703144896 
364 2.94213451980218 
365 2.9159121420444203 
366 2.8868510288604 
367 2.9012681052605998 
368 2.8952335885431397 
369 2.83395960697194 
370 2.8185151539046798 
371 2.7798067291788398 
372 2.8095071602629202 
373 2.73884435690262 
374 2.73693680690686 
375 2.75287183551242 
376 2.83215173792012 
377 2.8092006139008 
378 2.84927458665564 
379 2.89832871972116 
380 2.88853568228254 
381 2.9479593856440998 
382 3.00508612384292 
383 3.05183699614938 
384 3.08678100191526 
385 2.99392630207212 
386 2.96027146075482 
387 2.9367139555999797 
388 2.9360637560678398 
389 3.01959048448992 
390 2.77582604362496 
391 2.90950515967866 
392 2.6644602823829002 
393 2.7878035760651803 
394 2.65048216847548 
395 2.73961113321832 
396 2.77146066519716 
397 2.8172335111279603 
398 2.88685343745568 
399 2.8131245101683198 
400 3.01611141635742 
401 2.92200325399918 
402 3.0568154844635 
403 3.00207623462362 
404 3.0131724628349597 
405 3.0277644583259997 
406 2.97399180353862 
407 3.0289453324234197 
408 2.91179587656014 
409 3.04808929762656 
410 2.8376400720376997 
411 2.95154304956856 
412 2.81445402951882 
413 2.9023258025371 
414 2.75579144847662 
415 2.91194079990448 
416 2.7753646166658 
417 2.88392966495232 
418 2.85628926956826 
419 2.97164781622166 
420 2.867952285272 
421 2.89750641889944 
422 2.8692904869061198 
423 2.92446916048216 
424 2.9870914182790798 
425 2.95362802271586 
426 2.94348115094598 
427 2.93731596795954 
428 2.92156554138218 
429 2.91702777563846 
430 2.90004995843208 
431 2.91911035653956 
432 2.99675068627592 
433 2.968252965974 
434 2.9769817830682603 
435 2.96101584649902 
436 3.02747889745442 
437 2.8980721795581 
438 3.08334964653598 
439 2.89861598337102 
440 3.05693974617888 
441 2.82950433425974 
442 3.02742248920642 
443 2.85562211306156 
444 2.99062214880662 
445 2.82062469955302 
446 2.92711737172026 
447 2.87482188860562 
448 2.87958615504782 
449 2.90977968083556 
450 2.93769705847874 
451 2.9353770649623003 
452 2.89682462815884 
453 2.93901958882204 
454 2.97279408421156 
455 2.9428570971003998 
456 2.9764138199268997 
457 2.92852348916596 
458 2.92315443684768 
459 2.8671446836598 
460 2.8622715950939197 
461 2.86672445266448 
462 2.82543580868372 
463 2.7877038080628602 
464 2.83433547686694 
465 2.8394800569829597 
466 2.8427013321962997 
467 2.8163548205424402 
468 2.93541041857602 
469 2.9054729158833803 
470 2.98330746146998 
471 2.9209092102678 
472 3.0334115503328998 
473 3.02714721917682 
474 2.9822447386192 
475 2.9863493991550003 
476 3.0853517545045603 
477 3.04667085620108 
478 3.053286605907 
479 3.02992234070444 
480 3.02992234070444 
481 3.00837279956414 
482 2.9430087716193603 
483 3.03949327346926 
484 2.8187900378722 
485 2.90827762010148 
486 2.77811852808148 
487 2.84789280375422 
488 2.66955585050068 
489 2.6774912065819803 
490 2.6446412371141603 
491 2.79577134876342 
492 2.6446412371141603 
493 2.79577134876342 
494 2.6446412371141603 
495 2.79577134876342 
496 2.6448876750670403 
497 2.85212736746058 
498 2.78964714638186 
499 3.0007664084912 
500 2.78458944110222 
501 2.78863436529306 
502 2.7823086238370798 
503 2.73485705949388 
504 2.888311684707 
505 2.8612187410798002 
506 2.87683841653512 
507 2.83945914591646 
508 2.8602555104702203 
509 2.78674736021076 
510 2.90645282397196 
511 2.89472632607112 
512 2.94395512177034 
513 2.8834770068695397 
514 2.8822436792376 
515 2.79490030947694 
516 2.92773718231706 
517 2.77322625169962 
518 2.94974239076688 
519 2.82691659946792 
520 2.95528887277484 
521 2.78980667864006 
522 2.91607487868586 
523 2.8020232426362996 
524 2.95835511011672 
525 2.84120151528742 
526 2.95263955487036 
527 2.8614627132763 
528 2.86985864101116 
529 2.76161321710772 
530 2.8197658938746 
531 2.80179736605942 
532 2.90523303874206 
533 2.901960415627 
534 2.89818627886776 
535 2.92408719580154 
536 2.86696649640636 
537 2.98832547299642 
538 2.90336091111796 
539 3.03517803066592 
540 2.91386458843158 
541 2.98133318319098 
542 2.86634744746108 
543 2.89765098085214 
544 2.86858026847198 
545 2.89442417317416 
546 2.9628972039473203 
547 2.81587533263748 
548 2.9340089832808998 
549 2.80522517046448 
550 2.96488901671432 
551 2.8772597224238803 
552 2.93588923528642 
553 2.9385486472338203 
554 2.9359696662907 
555 2.96076390784568 
556 2.84999341123194 
557 3.0244408228894804 
558 2.8424014327656 
559 3.00334642478646 
560 2.78748793787878 
561 2.90328882664004 
562 2.89271908468972 
563 2.88534502891622 
564 2.89739212054604 
565 2.8721522443606 
566 3.0164686801925997 
567 2.83049994250568 
568 3.0462311225193 
569 2.87339812049666 
570 3.0433045435808603 
571 2.8873326867804 
572 2.97458847746412 
573 2.86500342362356 
574 2.98251848710202 
575 2.81871479305746 
576 2.87156213254558 
577 2.91992006128364 
578 2.9075245795641598 
579 2.92985224529522 
580 2.9147355254875 
581 2.90406902929218 
582 2.91139055339708 
583 2.89797241012908 
584 2.9585410978159 
585 2.98859153807564 
586 2.97167052312566 
587 2.90057372914668 
588 2.9459247144910803 
589 2.9138222008037 
590 3.01318334162408 
591 2.99079083947918 
592 2.98383552710882 
593 2.9499361966007602 
594 2.90527522466518 
595 2.8757293768444603 
596 2.8682140397684597 
597 2.89299283141066 
598 2.88651880606822 
599 2.85521085640328 
600 2.79172449847246 
601 2.78887508479108 
602 2.78055809706338 
603 2.7760565330250797 
604 2.7854317764334597 
605 2.80100157908706 
606 2.8587343765916 
607 2.71938308811668 
608 2.8184158217037 
609 2.7031639737842204 
610 2.98069653084926 
611 2.86082539988776 
612 3.0009166331549997 
613 2.90458409342024 
614 2.9867038588572 
615 2.8715516567534403 
616 2.92712683427168 
617 3.0222433319614 
618 2.95399582347518 
619 3.05368706625078 
620 2.78181571278596 
621 2.89168386858078 
622 2.81993705794096 
623 3.0333763567927 
624 2.833850358716 
625 3.0200509626897802 
626 2.86762252623324 
627 2.95263301304154 
628 2.730783249193 
629 2.86112563398214 
630 2.72231328346004 
631 2.86339310555162 
632 2.73317950830376 
633 2.7516677264301 
634 2.72959808472886 
635 2.76429179240438 
636 2.7558403408864 
637 2.77090602468388 
638 2.9530468297595402 
639 2.86433313737692 
640 3.01031251102152 
641 2.87915160177158 
642 2.99558387185728 
643 2.9248778848730597 
644 3.04006186207228 
645 2.9737214642373 
646 2.9950872440742797 
647 2.96294723427672 
648 2.904746390404 
649 2.94094145696028 
650 2.9475745808786002 
651 3.00842442813448 
652 2.88076473997816 
653 2.9258845604499397 
654 2.86210945851186 
655 2.92405522452606 
656 2.8861323969352 
657 2.93655165055224 
658 2.9391576363364 
659 2.9819517397135202 
660 2.8929031283213 
661 2.94305938061218 
662 2.9626263346154 
663 2.95718991599424 
664 2.91476480751906 
665 2.89266247818766 
666 2.9058337848785802 
667 2.87525876878668 
668 2.8965779866064 
669 2.88054976950278 
670 2.9488698545844803 
671 2.93133255361364 
672 2.8827425705499 
673 2.96378185123762 
674 2.8469398396188597 
675 2.94545747942866 
676 2.81076234529182 
677 2.9659625949088197 
678 2.82108751731162 
679 3.01456284701124 
680 2.8757030715582603 
681 3.0050039164291 
682 2.8706756827345 
683 2.91747123505318 
684 2.97814254972564 
685 3.0214716638082 
686 3.06528077053064 
687 2.98110417223364 
688 3.0826381031028 
689 2.9610872141605 
690 3.0414510640075 
691 2.97322112829604 
692 3.02753353320996 
693 3.0366368898390403 
694 2.99311099714354 
695 2.9998571654465 
696 2.94679307902944 
697 3.04503084374786 
698 2.88376750490348 
699 2.9629950322121603 
700 2.8366595088425397 
701 2.93465710946168 
702 2.87646460607248 
703 2.91345919070708 
704 2.93481731765748 
705 2.92625653591946 
706 2.99228204493192 
707 2.90382444157144 
708 3.00034320018748 
709 2.88713978542488 
710 2.96578330103194 
711 2.8313133128588 
712 2.9422231859899197 
713 2.8443236879263 
714 2.8638197265053202 
715 2.82399911464204 
716 2.7965566707011 
717 2.8414781017556 
718 2.81530641875416 
719 2.87710968743806 
720 2.8781065258784997 
721 2.95210305708944 
722 2.99161358915058 
723 2.92605855503524 
724 3.05386587699494 
725 2.98800786209354 
726 3.07843168579398 
727 2.96334025270294 
728 3.15665526230158 
729 3.04270940841778 
730 3.08345559632404 
731 2.97150276846662 
732 3.06408275174764 
733 3.0001565302669198 
734 2.9437217655797 
735 2.99584673038928 
736 2.90614429654992 
737 3.0265013058551 
738 2.7890808262271003 
739 2.95065216447172 
740 2.82043533347276 
741 2.98069209290262 
742 2.8373552651607197 
743 2.978011933434 
744 2.8606475087564798 
745 2.9539574735097 
746 2.8785428003234 
747 2.90242406358094 
748 2.8707393171463402 
749 2.87400981969382 
750 2.8381525302941997 
751 2.8438121228004 
752 2.8274079297365 
753 2.8952548267891 
754 2.7508512247526 
755 2.79214843135378 
756 2.7849195827311 
757 2.8172836332183797 
758 2.75937391202014 
759 2.82014928416042 
760 2.8282291902743397 
761 2.8829142063570403 
762 2.88267840110334 
763 2.94136597841952 
764 2.87997911340182 
765 2.88731263006018 
766 2.85408838315446 
767 2.8558734470948997 
768 2.8887951740291 
769 2.8545877526203602 
770 2.8161156222871 
771 2.76772528779246 
772 2.79594561667788 
773 2.71781667051054 
774 2.87557006980824 
775 2.78515207490504 
776 2.9317978411935 
777 2.82256383003668 
778 2.95016541752614 
779 2.88623033632018 
780 2.96394122926268 
781 2.90627909103288 
782 2.99786211364468 
783 2.9553680325370797 
784 3.01195539323222 
785 2.9448116619352 
786 3.0284726903530403 
787 3.02977976605742 
788 3.0741895813626803 
789 3.0258871347831198 
790 3.08966677905152 
791 3.0798977835501 
792 3.13720181204704 
793 3.10214935719826 
794 3.1099963110419 
795 3.11778084983464 
796 3.0713132071065 
797 3.0693037431923598 
798 3.04014089806722 
799 3.05170051140738 
800 3.1334335390383403 
801 3.1089526414395 
802 2.97633696743962 
803 3.0611679516935597 
804 2.91049892368388 
805 2.95272443197852 
806 2.8955326974415003 
807 2.90506598730964 
808 2.8678729295462597 
809 3.03009732328996 
810 2.7825756349462 
811 2.9247577134020597 
812 2.7669120279778197 
813 2.83379161769986 
814 2.84214511507184 
815 2.90790953243092 
816 2.8473946842427003 
817 2.96199026711556 
818 2.7988215106789798 
819 2.77527258484412 
820 2.7555213347005 
821 2.76038297940644 
822 2.8126781281630597 
823 2.8164138084806 
824 2.7550468541721798 
825 2.86147076722058 
826 2.65874215341774 
827 2.77612238428606 
828 2.6144317500316 
829 2.73714982913152 
830 2.5923642081877203 
831 2.70186722267366 
832 2.59624698631524 
833 2.73083491878464 
834 2.63818046646068 
835 2.6745130486217397 
836 2.77291456070142 
837 2.6962455971055403 
838 2.8779272722207 
839 2.82203547194246 
840 2.9224032082008398 
841 2.85821374227642 
842 2.94094603077138 
843 2.8443215288219603 
844 2.90649282059766 
845 2.83353231811 
846 2.88283255846246 
847 2.88466261695266 
848 2.8558921257941803 
849 2.84020492982964 
850 2.87697624206382 
851 2.8807975443763203 
852 2.9756484847000197 
853 2.95732496376246 
854 2.94300921249108 
855 2.93033516251906 
856 2.88780109738312 
857 2.8831703754200797 
858 2.87145838829238 
859 2.86639270024696 
860 2.8458444015835203 
861 2.83806704947372 
862 2.7513737874029998 
863 2.76941106853414 
864 2.7939622392928998 
865 2.80215161394108 
866 2.87383661579184 
867 2.7924368054823203 
868 2.81694914126828 
869 2.7377196017143 
870 2.84425556494616 
871 2.7363188318229 
872 2.87219743515206 
873 2.78370595088138 
874 2.9324531526484003 
875 2.8204415914655803 
876 2.9199348893438 
877 2.87579887355994 
878 2.9861763053193 
879 2.95987358544928 
880 2.99956547503296 
881 3.00565235294464 
882 3.0201084866968797 
883 3.0242167493465 
884 2.99308070411446 
885 3.05970957128846 
886 2.91183947070752 
887 2.98509577937808 
888 3.0042044767152403 
889 3.0908280949447002 
890 3.0399240253443 
891 3.1532778534976997 
892 3.02247387737816 
893 3.12081501817406 
894 2.9714197672837797 
895 3.0828386146624203 
896 2.98031662500892 
897 3.0717923190629 
898 2.8212782181682803 
899 2.8988460070418998 
900 2.7874489568504996 
901 2.84578605231514 
902 2.70713732363608 
903 2.75964838239892 
904 2.7105895967988998 
905 2.70876695810514 
906 2.7194516288483 
907 2.7229180195095397 
908 2.76976217549336 
909 2.83539840688756 
910 2.71988137678916 
911 2.7836533007987603 
912 2.76632370673148 
913 2.89075969184246 
914 2.83172858736818 
915 2.9573894661716 
916 2.87932022326736 
917 2.9709611807961998 
918 2.91430064502724 
919 2.96644956274788 
920 2.96436100851614 
921 3.0240989423461597 
922 3.02968745821624 
923 3.03056366173628 
924 3.03501027924824 
925 3.06301210891842 
926 2.9570381642234 
927 3.08457807571636 
928 2.95037819515544 
929 3.0592504774697398 
930 2.93590129014158 
931 3.03863039296908 
932 2.8919327617665003 
933 2.98632417746694 
934 2.88705018643972 
935 2.9368524909457 
936 2.9613701633761798 
937 2.93684748812698 
938 2.97427762282558 
939 2.91982510134192 
940 2.9596361606385 
941 2.88870140767024 
942 2.9411665143101198 
943 2.8515279249960797 
944 2.85190619600422 
945 2.8091261742939997 
946 2.8179522436511 
947 2.8364099486347603 
948 2.87291303707114 
949 2.8768730246242997 
950 2.83652269977004 
951 2.85105128220096 
952 2.86851806047084 
953 2.91998913880828 
954 2.8587232822725 
955 2.9101997263454797 
956 2.7979021784356197 
957 2.86252758122988 
958 2.72451759547572 
959 2.7934112536137 
960 2.70434281960138 
961 2.74688443162232 
962 2.8053993038116602 
963 2.77176164432376 
964 2.7899526283341998 
965 2.74382175195636 
966 2.83993254341282 
967 2.75632538128058 
968 2.79851939814806 
969 2.7447643642940998 
970 2.84085873886314 
971 2.80928944094954 
972 2.72970863244292 
973 2.71162866223786 
974 2.7682000485782803 
975 2.73147542357184 
976 2.76901112040404 
977 2.70930289661304 
978 2.7812951916835003 
979 2.70789668089362 
980 2.7717460244209198 
981 2.68026447804342 
982 2.7366883788351 
983 2.6842470109742 
984 2.75937635881654 
985 2.75159945783446 
986 2.78347629997658 
987 2.82677544496436 
988 2.81180159366218 
989 2.8700122358885998 
990 2.8655799729563403 
991 2.89672057387852 
992 2.9491699148595 
993 3.02015427210406 
994 2.91027994144378 
995 2.94268969999972 
996 2.9107443816611402 
997 2.84744703691624 
998 2.89813864939708 
999 2.78480670490884 
1000 1.27771717747894 
1001 0.9069248140835301 
1002 0.84836087569762 
1003 0.9378314902029921 
1004 0.8858066277162621 
1005 0.9676025288205381 
1006 0.931390383501028 
1007 1.000102319092242 
1008 0.9740649528161761 
1009 1.02678785245239 
1010 1.019823705204814 
1011 1.0606640821450282 
1012 1.0629882518484999 
1013 1.128806003029138 
1014 1.138696931955754 
1015 1.194638334095196 
1016 1.191463658751294 
1017 1.328173282851404 
1018 1.301878532981042 
1019 1.42572421667905 
1020 1.510601991416324 
1021 1.496307277070478 
1022 1.57671324089507 
1023 1.81523176557691 
1024 1.900331994823874 
1025 2.1440147504994 
1026 2.22755700026816 
1027 2.2735355889845 
1028 2.41539307523318 
1029 2.44633477968308 
1030 2.47772407025096 
1031 2.76887546328896 
1032 2.76104263485212 
1033 2.71262898481338 
1034 2.69989634197022 
1035 2.72563043765968 
1036 2.714272291961 
1037 2.7908433912528396 
1038 2.75543082000048 
1039 2.848896636529 
1040 2.77711848267092 
1041 2.77838442558932 
1042 2.7396521795384396 
1043 2.86003847152716 
1044 2.8368684990304 
1045 2.80952551600888 
1046 2.82620659049552 
1047 2.86842443200148 
1048 2.89978374551526 
1049 2.89340734786512 
1050 2.96159071882732 
1051 2.92547615429072 
1052 3.0135502732156803 
1053 2.8412543310856 
1054 2.94577330694398 
1055 2.79436718309416 
1056 2.88637918031726 
1057 2.76127118035998 
1058 2.89772324540654 
1059 2.70958494324318 
1060 2.86366158855688 
1061 2.7296337671389 
1062 2.8375735899512002 
1063 2.78064704009798 
1064 2.8823110808586003 
1065 2.80857544915256 
1066 2.88014383817422 
1067 2.90388708135544 
1068 2.9319550558424803 
1069 2.95496746595542 
1070 2.9131284186590003 
1071 2.9323744027650998 
1072 2.9210591548558 
1073 2.85527025626144 
1074 2.80295032671174 
1075 2.8367812880569003 
1076 2.8003251694289597 
1077 2.6628094890550202 
1078 2.61255546406072 
1079 2.62388563083156 
1080 2.6226887691412797 
1081 2.6129363945896 
1082 2.6000139895385397 
1083 2.71248270406868 
1084 2.66201698921276 
1085 2.82950683182704 
1086 2.78047503130044 
1087 2.96764764066872 
1088 2.8663870400660203 
1089 3.0356978624799003 
1090 2.8923033136862197 
1091 3.07504809242974 
1092 2.95691470457652 
1093 3.05124910569636 
1094 2.9595703528756 
1095 2.9500291816254802 
1096 2.9006919164014398 
1097 2.8728753599149597 
1098 2.8768292812475 
1099 2.90024129263608 
1100 2.9156302406456 
1101 2.85204201607994 
1102 2.8475191546897802 
1103 2.80178124302594 
1104 2.8371136230997203 
1105 2.82502472923062 
1106 2.84660541111908 
1107 2.8538511688989603 
1108 2.8497246267622 
1109 2.7986427425183598 
1110 2.80664310873332 
1111 2.86424644528888 
1112 2.84830704830972 
1113 2.88797566475034 
1114 2.84457613346456 
1115 2.87522655707906 
1116 2.78814356784928 
1117 2.8539482388900597 
1118 2.81172458305018 
1119 2.80758000092376 
1120 2.85776637738162 
1121 2.83951671128838 
1122 2.92810620257048 
1123 2.8757628581706802 
1124 2.95085095957632 
1125 2.92860051593472 
1126 3.00451223876214 
1127 2.94941102936746 
1128 2.97570535747294 
1129 3.00647224731722 
1130 2.962648348063 
1131 3.01014033232414 
1132 2.9295270070317803 
1133 2.96810066380838 
1134 2.90894961900454 
1135 2.9400342195066402 
1136 2.90934408958522 
1137 2.94903282187528 
1138 2.92362304421526 
1139 2.9599771548151 
1140 2.92667392678046 
1141 2.9035131165287202 
1142 2.88933590861418 
1143 2.9579446518996 
1144 2.92818922681208 
1145 2.98563575275442 
1146 2.96506482000856 
1147 3.0049783404077 
1148 3.02636271559352 
1149 2.9199456777062798 
1150 2.970495574505 
1151 2.88841410015168 
1152 2.9409819151858803 
1153 2.8244624604716 
1154 2.82414299632808 
1155 2.7628658297653397 
1156 2.818087653337 
1157 2.70527939815252 
1158 2.72707155146762 
1159 2.7724880275927797 
1160 2.78312236956432 
1161 2.80050007319096 
1162 2.79759037086332 
1163 2.87055781134622 
1164 2.82193268910364 
1165 2.9020205730611996 
1166 2.87441270319006 
1167 2.92820147823204 
1168 2.91793729838854 
1169 2.97344049170388 
1170 2.93512145796142 
1171 2.92420237955052 
1172 2.93868104245784 
1173 2.87773412273338 
1174 2.9084704131484402 
1175 2.91846161051214 
1176 2.9369012974023 
1177 2.9129439747436 
1178 2.8914813480683 
1179 2.8739063176358597 
1180 2.8593096598269403 
1181 2.8688581403395 
1182 2.85162554958628 
1183 2.83841159703184 
1184 2.79398535456402 
1185 2.82126592125462 
1186 2.7827791005791798 
1187 2.81526692973762 
1188 2.81320690975504 
1189 2.81371054897428 
1190 2.8286133202161 
1191 2.87755385753198 
1192 2.8662821657880597 
1193 2.88137518247518 
1194 2.8716608573978197 
1195 2.8303776702072403 
1196 2.8691246882957198 
1197 2.79607600754294 
1198 2.81158356450352 
1199 2.82035442236846 
1200 2.8159774429885998 
1201 2.73020044835486 
1202 2.7574638636152 
1203 2.8733889725682 
1204 2.8416650783738 
1205 2.8661469637282 
1206 2.83568079762414 
1207 2.97022099676468 
1208 2.96246395773606 
1209 2.98263280051452 
1210 2.96543596257104 
1211 3.10381372161934 
1212 3.04505272842828 
1213 3.06242411838996 
1214 3.0601326409485603 
1215 3.08147382746716 
1216 3.08447362700174 
1217 3.02403971839192 
1218 3.04362087964676 
1219 3.0171695021800002 
1220 3.06780981452002 
1221 2.98630713481636 
1222 3.05699169588498 
1223 2.98630713481636 
1224 3.0437391537151 
1225 2.96331085480392 
1226 3.0113369793972202 
1227 2.95726642505668 
1228 2.99484927095336 
1229 2.95007638270974 
1230 3.01653595923892 
1231 2.9380813010386198 
1232 2.99040778922974 
1233 2.90025025093362 
1234 3.02039116436074 
1235 2.8596206636178403 
1236 2.9484122809421 
1237 2.85099768262204 
1238 2.98919559355936 
1239 2.76499256108936 
1240 2.89807541311564 
1241 2.7478698639409997 
1242 2.8748100262502 
1243 2.7526595182261 
1244 2.82891078566572 
1245 2.7488116103579 
1246 2.8348162356303 
1247 2.72371017201818 
1248 2.76413235757842 
1249 2.76469687455712 
1250 2.7613341556660798 
1251 2.73400736735936 
1252 2.74508780569484 
1253 2.73862357142996 
1254 2.78427566499952 
1255 2.73848032884186 
1256 2.79976897929288 
1257 2.76703270122444 
1258 2.81856423166424 
1259 2.7644683336774802 
1260 2.86403688932988 
1261 2.78836028235156 
1262 2.86934378227238 
1263 2.88515775631282 
1264 2.92147411433154 
1265 2.8640492602216 
1266 2.8921713964388998 
1267 2.84307492534958 
1268 2.88146168147404 
1269 2.7819165208946 
1270 2.78651696724082 
1271 2.79743882502106 
1272 2.8185323160459 
1273 2.73174670020294 
1274 2.80188858208738 
1275 2.73723055409154 
1276 2.8394919361566 
1277 2.7429055040824997 
1278 2.82669554177184 
1279 2.8294594657071 
1280 2.93634795414168 
1281 2.8071143395194 
1282 2.91408515333842 
1283 2.76702039560098 
1284 2.7991474432873003 
1285 2.80519603013658 
1286 2.84556660313914 
1287 2.78238685653934 
1288 2.84114898942204 
1289 2.8574868176056603 
1290 2.85190418123404 
1291 2.91381967493936 
1292 2.9405721093104598 
1293 2.88102901861524 
1294 2.9434084302148 
1295 2.84986775795194 
1296 2.8618952696023 
1297 2.8720559840493403 
1298 2.85401283814304 
1299 2.79939520506468 
1300 2.8375862363001803 
1301 2.77792790665046 
1302 2.7814695306029398 
1303 2.87469300731224 
1304 2.88406523684012 
1305 2.8992468088327 
1306 2.94038969960638 
1307 2.98258187452432 
1308 3.02473369267052 
1309 2.99445299133904 
1310 3.05466647992936 
1311 3.00475776464362 
1312 3.05861970826174 
1313 2.9942471293951 
1314 3.03504968434308 
1315 2.9958768519599 
1316 3.02785204304028 
1317 2.97465305633372 
1318 3.01913333966382 
1319 2.9568379029772403 
1320 3.00536975834304 
1321 2.95276195185732 
1322 3.00640794413222 
1323 2.95156589228408 
1324 3.0262491125485202 
1325 2.938947536878 
1326 2.99358470174674 
1327 2.9224408164380398 
1328 2.99532208830154 
1329 2.9398508295121397 
1330 2.98427469228432 
1331 2.98059569352672 
1332 2.98626915283792 
1333 2.90126939905096 
1334 2.89262198176304 
1335 2.9466413492566597 
1336 2.85093137559298 
1337 2.95686421770204 
1338 2.8809929702627803 
1339 2.90490267798894 
1340 2.82172986175956 
1341 2.83986192563188 
1342 2.76424895796392 
1343 2.86667944488864 
1344 2.77791268477724 
1345 2.8581916895218002 
1346 2.8081525992601 
1347 2.83839699482278 
1348 2.8136499341735197 
1349 2.85812831730802 
1350 2.81990156646506 
1351 2.87404111009922 
1352 2.86103887388178 
1353 2.94096267354422 
1354 2.94096267354422 
1355 2.89789096416668 
1356 2.8602291601324 
1357 2.88975073934192 
1358 2.78073375664936 
1359 2.9458550054411203 
1360 2.76493264928162 
1361 2.93530709549176 
1362 2.762063622218 
1363 2.9130461702214197 
1364 2.75701703144896 
1365 2.94213451980218 
1366 2.9159121420444203 
1367 2.8868510288604 
1368 2.9012681052605998 
1369 2.8952335885431397 
1370 2.83395960697194 
1371 2.8185151539046798 
1372 2.7798067291788398 
1373 2.8095071602629202 
1374 2.73884435690262 
1375 2.73693680690686 
1376 2.75287183551242 
1377 2.83215173792012 
1378 2.8092006139008 
1379 2.84927458665564 
1380 2.89832871972116 
1381 2.88853568228254 
1382 2.9479593856440998 
1383 3.00508612384292 
1384 3.05183699614938 
1385 3.08678100191526 
1386 2.99392630207212 
1387 2.96027146075482 
1388 2.9367139555999797 
1389 2.9360637560678398 
1390 3.01959048448992 
1391 2.77582604362496 
1392 2.90950515967866 
1393 2.6644602823829002 
1394 2.7878035760651803 
1395 2.65048216847548 
1396 2.73961113321832 
1397 2.77146066519716 
1398 2.8172335111279603 
1399 2.88685343745568 
1400 2.8131245101683198 
1401 3.01611141635742 
1402 2.92200325399918 
1403 3.0568154844635 
1404 3.00207623462362 
1405 3.0131724628349597 
1406 3.0277644583259997 
1407 2.97399180353862 
1408 3.0289453324234197 
1409 2.91179587656014 
1410 3.04808929762656 
1411 2.8376400720376997 
1412 2.95154304956856 
1413 2.81445402951882 
1414 2.9023258025371 
1415 2.75579144847662 
1416 2.91194079990448 
1417 2.7753646166658 
1418 2.88392966495232 
1419 2.85628926956826 
1420 2.97164781622166 
1421 2.867952285272 
1422 2.89750641889944 
1423 2.8692904869061198 
1424 2.92446916048216 
1425 2.9870914182790798 
1426 2.95362802271586 
1427 2.94348115094598 
1428 2.93731596795954 
1429 2.92156554138218 
1430 2.91702777563846 
1431 2.90004995843208 
1432 2.91911035653956 
1433 2.99675068627592 
1434 2.968252965974 
1435 2.9769817830682603 
1436 2.96101584649902 
1437 3.02747889745442 
1438 2.8980721795581 
1439 3.08334964653598 
1440 2.89861598337102 
1441 3.05693974617888 
1442 2.82950433425974 
1443 3.02742248920642 
1444 2.85562211306156 
1445 2.99062214880662 
1446 2.82062469955302 
1447 2.92711737172026 
1448 2.87482188860562 
1449 2.87958615504782 
1450 2.90977968083556 
1451 2.93769705847874 
1452 2.9353770649623003 
1453 2.89682462815884 
1454 2.93901958882204 
1455 2.97279408421156 
1456 2.9428570971003998 
1457 2.9764138199268997 
1458 2.92852348916596 
1459 2.92315443684768 
1460 2.8671446836598 
1461 2.8622715950939197 
1462 2.86672445266448 
1463 2.82543580868372 
1464 2.7877038080628602 
1465 2.83433547686694 
1466 2.8394800569829597 
1467 2.8427013321962997 
1468 2.8163548205424402 
1469 2.93541041857602 
1470 2.9054729158833803 
1471 2.98330746146998 
1472 2.9209092102678 
1473 3.0334115503328998 
1474 3.02714721917682 
1475 2.9822447386192 
1476 2.9863493991550003 
1477 3.0853517545045603 
1478 3.04667085620108 
1479 3.053286605907 
1480 3.00837279956414 
1481 2.9430087716193603 
1482 3.03949327346926 
1483 2.8187900378722 
1484 2.90827762010148 
1485 2.77811852808148 
1486 2.84789280375422 
1487 2.66955585050068 
1488 2.6774912065819803 
1489 2.6446412371141603 
1490 2.79577134876342 
1491 2.6446412371141603 
1492 2.79577134876342 
1493 2.6446412371141603 
1494 2.79577134876342 
1495 2.6448876750670403 
1496 2.85212736746058 
1497 2.78964714638186 
1498 3.0007664084912 
1499 2.78458944110222 
1500 2.78863436529306 
1501 2.7823086238370798 
1502 2.73485705949388 
1503 2.888311684707 
1504 2.8612187410798002 
1505 2.87683841653512 
1506 2.83945914591646 
1507 2.8602555104702203 
1508 2.78674736021076 
1509 2.90645282397196 
1510 2.89472632607112 
1511 2.94395512177034 
1512 2.8834770068695397 
1513 2.8822436792376 
1514 2.79490030947694 
1515 2.92773718231706 
1516 2.77322625169962 
1517 2.94974239076688 
1518 2.82691659946792 
1519 2.95528887277484 
1520 2.78980667864006 
1521 2.91607487868586 
1522 2.8020232426362996 
1523 2.95835511011672 
1524 2.84120151528742 
1525 2.95263955487036 
1526 2.8614627132763 
1527 2.86985864101116 
1528 2.76161321710772 
1529 2.8197658938746 
1530 2.80179736605942 
1531 2.90523303874206 
1532 2.901960415627 
1533 2.89818627886776 
1534 2.92408719580154 
1535 2.86696649640636 
1536 2.98832547299642 
1537 2.90336091111796 
1538 3.03517803066592 
1539 2.91386458843158 
1540 2.98133318319098 
1541 2.86634744746108 
1542 2.89765098085214 
1543 2.86858026847198 
1544 2.89442417317416 
1545 2.9628972039473203 
1546 2.81587533263748 
1547 2.9340089832808998 
1548 2.80522517046448 
1549 2.96488901671432 
1550 2.8772597224238803 
1551 2.93588923528642 
1552 2.9385486472338203 
1553 2.9359696662907 
1554 2.96076390784568 
1555 2.84999341123194 
1556 3.0244408228894804 
1557 2.8424014327656 
1558 3.00334642478646 
1559 2.78748793787878 
1560 2.90328882664004 
1561 2.89271908468972 
1562 2.88534502891622 
1563 2.89739212054604 
1564 2.8721522443606 
1565 3.0164686801925997 
1566 2.83049994250568 
1567 3.0462311225193 
1568 2.87339812049666 
1569 3.0433045435808603 
1570 2.8873326867804 
1571 2.97458847746412 
1572 2.86500342362356 
1573 2.98251848710202 
1574 2.81871479305746 
1575 2.87156213254558 
1576 2.91992006128364 
1577 2.9075245795641598 
1578 2.92985224529522 
1579 2.9147355254875 
1580 2.90406902929218 
1581 2.91139055339708 
1582 2.89797241012908 
1583 2.9585410978159 
1584 2.98859153807564 
1585 2.97167052312566 
1586 2.90057372914668 
1587 2.9459247144910803 
1588 2.9138222008037 
1589 3.01318334162408 
1590 2.99079083947918 
1591 2.98383552710882 
1592 2.9499361966007602 
1593 2.90527522466518 
1594 2.8757293768444603 
1595 2.8682140397684597 
1596 2.89299283141066 
1597 2.88651880606822 
1598 2.85521085640328 
1599 2.79172449847246 
1600 2.78887508479108 
1601 2.78055809706338 
1602 2.7760565330250797 
1603 2.7854317764334597 
1604 2.80100157908706 
1605 2.8587343765916 
1606 2.71938308811668 
1607 2.8184158217037 
1608 2.7031639737842204 
1609 2.98069653084926 
1610 2.86082539988776 
1611 3.0009166331549997 
1612 2.90458409342024 
1613 2.9867038588572 
1614 2.8715516567534403 
1615 2.92712683427168 
1616 3.0222433319614 
1617 2.95399582347518 
1618 3.05368706625078 
1619 2.78181571278596 
1620 2.89168386858078 
1621 2.81993705794096 
1622 3.0333763567927 
1623 2.833850358716 
1624 3.0200509626897802 
1625 2.86762252623324 
1626 2.95263301304154 
1627 2.730783249193 
1628 2.86112563398214 
1629 2.72231328346004 
1630 2.86339310555162 
1631 2.73317950830376 
1632 2.7516677264301 
1633 2.72959808472886 
1634 2.76429179240438 
1635 2.7558403408864 
1636 2.77090602468388 
1637 2.9530468297595402 
1638 2.86433313737692 
1639 3.01031251102152 
1640 2.87915160177158 
1641 2.99558387185728 
1642 2.9248778848730597 
1643 3.04006186207228 
1644 2.9737214642373 
1645 2.9950872440742797 
1646 2.96294723427672 
1647 2.904746390404 
1648 2.94094145696028 
1649 2.9475745808786002 
1650 3.00842442813448 
1651 2.88076473997816 
1652 2.9258845604499397 
1653 2.86210945851186 
1654 2.92405522452606 
1655 2.8861323969352 
1656 2.93655165055224 
1657 2.9391576363364 
1658 2.9819517397135202 
1659 2.8929031283213 
1660 2.94305938061218 
1661 2.9626263346154 
1662 2.95718991599424 
1663 2.91476480751906 
1664 2.89266247818766 
1665 2.9058337848785802 
1666 2.87525876878668 
1667 2.8965779866064 
1668 2.88054976950278 
1669 2.9488698545844803 
1670 2.93133255361364 
1671 2.8827425705499 
1672 2.96378185123762 
1673 2.8469398396188597 
1674 2.94545747942866 
1675 2.81076234529182 
1676 2.9659625949088197 
1677 2.82108751731162 
1678 3.01456284701124 
1679 2.8757030715582603 
1680 3.0050039164291 
1681 2.8706756827345 
1682 2.91747123505318 
1683 2.97814254972564 
1684 3.0214716638082 
1685 3.06528077053064 
1686 2.98110417223364 
1687 3.0826381031028 
1688 2.9610872141605 
1689 3.0414510640075 
1690 2.97322112829604 
1691 3.02753353320996 
1692 3.0366368898390403 
1693 2.99311099714354 
1694 2.9998571654465 
1695 2.94679307902944 
1696 3.04503084374786 
1697 2.88376750490348 
1698 2.9629950322121603 
1699 2.8366595088425397 
1700 2.93465710946168 
1701 2.87646460607248 
1702 2.91345919070708 
1703 2.93481731765748 
1704 2.92625653591946 
1705 2.99228204493192 
1706 2.90382444157144 
1707 3.00034320018748 
1708 2.88713978542488 
1709 2.96578330103194 
1710 2.8313133128588 
1711 2.9422231859899197 
1712 2.8443236879263 
1713 2.8638197265053202 
1714 2.82399911464204 
1715 2.7965566707011 
1716 2.8414781017556 
1717 2.81530641875416 
1718 2.87710968743806 
1719 2.8781065258784997 
1720 2.95210305708944 
1721 2.99161358915058 
1722 2.92605855503524 
1723 3.05386587699494 
1724 2.98800786209354 
1725 3.07843168579398 
1726 2.96334025270294 
1727 3.15665526230158 
1728 3.04270940841778 
1729 3.08345559632404 
1730 2.97150276846662 
1731 3.06408275174764 
1732 3.0001565302669198 
1733 2.9437217655797 
1734 2.99584673038928 
1735 2.90614429654992 
1736 3.0265013058551 
1737 2.7890808262271003 
1738 2.95065216447172 
1739 2.82043533347276 
1740 2.98069209290262 
1741 2.8373552651607197 
1742 2.978011933434 
1743 2.8606475087564798 
1744 2.9539574735097 
1745 2.8785428003234 
1746 2.90242406358094 
1747 2.8707393171463402 
1748 2.87400981969382 
1749 2.8381525302941997 
1750 2.8438121228004 
1751 2.8274079297365 
1752 2.8952548267891 
1753 2.7508512247526 
1754 2.79214843135378 
1755 2.7849195827311 
1756 2.8172836332183797 
1757 2.75937391202014 
1758 2.82014928416042 
1759 2.8282291902743397 
1760 2.8829142063570403 
1761 2.88267840110334 
1762 2.94136597841952 
1763 2.87997911340182 
1764 2.88731263006018 
1765 2.85408838315446 
1766 2.8558734470948997 
1767 2.8887951740291 
1768 2.8545877526203602 
1769 2.8161156222871 
1770 2.76772528779246 
1771 2.79594561667788 
1772 2.71781667051054 
1773 2.87557006980824 
1774 2.78515207490504 
1775 2.9317978411935 
1776 2.82256383003668 
1777 2.95016541752614 
1778 2.88623033632018 
1779 2.96394122926268 
1780 2.90627909103288 
1781 2.99786211364468 
1782 2.9553680325370797 
1783 3.01195539323222 
1784 2.9448116619352 
1785 3.0284726903530403 
1786 3.02977976605742 
1787 3.0741895813626803 
1788 3.0258871347831198 
1789 3.08966677905152 
1790 3.0798977835501 
1791 3.13720181204704 
1792 3.10214935719826 
1793 3.1099963110419 
1794 3.11778084983464 
1795 3.0713132071065 
1796 3.0693037431923598 
1797 3.04014089806722 
1798 3.05170051140738 
1799 3.1334335390383403 
1800 3.1089526414395 
1801 2.97633696743962 
1802 3.0611679516935597 
1803 2.91049892368388 
1804 2.95272443197852 
1805 2.8955326974415003 
1806 2.90506598730964 
1807 2.8678729295462597 
1808 3.03009732328996 
1809 2.7825756349462 
1810 2.9247577134020597 
1811 2.7669120279778197 
1812 2.83379161769986 
1813 2.84214511507184 
1814 2.90790953243092 
1815 2.8473946842427003 
1816 2.96199026711556 
1817 2.7988215106789798 
1818 2.77527258484412 
1819 2.7555213347005 
1820 2.76038297940644 
1821 2.8126781281630597 
1822 2.8164138084806 
1823 2.7550468541721798 
1824 2.86147076722058 
1825 2.65874215341774 
1826 2.77612238428606 
1827 2.6144317500316 
1828 2.73714982913152 
1829 2.5923642081877203 
1830 2.70186722267366 
1831 2.59624698631524 
1832 2.73083491878464 
1833 2.63818046646068 
1834 2.6745130486217397 
1835 2.77291456070142 
1836 2.6962455971055403 
1837 2.8779272722207 
1838 2.82203547194246 
1839 2.9224032082008398 
1840 2.85821374227642 
1841 2.94094603077138 
1842 2.8443215288219603 
1843 2.90649282059766 
1844 2.83353231811 
1845 2.88283255846246 
1846 2.88466261695266 
1847 2.8558921257941803 
1848 2.84020492982964 
1849 2.87697624206382 
1850 2.8807975443763203 
1851 2.9756484847000197 
1852 2.95732496376246 
1853 2.94300921249108 
1854 2.93033516251906 
1855 2.88780109738312 
1856 2.8831703754200797 
1857 2.87145838829238 
1858 2.86639270024696 
1859 2.8458444015835203 
1860 2.83806704947372 
1861 2.7513737874029998 
1862 2.76941106853414 
1863 2.7939622392928998 
1864 2.80215161394108 
1865 2.87383661579184 
1866 2.7924368054823203 
1867 2.81694914126828 
1868 2.7377196017143 
1869 2.84425556494616 
1870 2.7363188318229 
1871 2.87219743515206 
1872 2.78370595088138 
1873 2.9324531526484003 
1874 2.8204415914655803 
1875 2.9199348893438 
1876 2.87579887355994 
1877 2.9861763053193 
1878 2.95987358544928 
1879 2.99956547503296 
1880 3.00565235294464 
1881 3.0201084866968797 
1882 3.0242167493465 
1883 2.99308070411446 
1884 3.05970957128846 
1885 2.91183947070752 
1886 2.98509577937808 
1887 3.0042044767152403 
1888 3.0908280949447002 
1889 3.0399240253443 
1890 3.1532778534976997 
1891 3.02247387737816 
1892 3.12081501817406 
1893 2.9714197672837797 
1894 3.0828386146624203 
1895 2.98031662500892 
1896 3.0717923190629 
1897 2.8212782181682803 
1898 2.8988460070418998 
1899 2.7874489568504996 
1900 2.84578605231514 
1901 2.70713732363608 
1902 2.75964838239892 
1903 2.7105895967988998 
1904 2.70876695810514 
1905 2.7194516288483 
1906 2.7229180195095397 
1907 2.76976217549336 
1908 2.83539840688756 
1909 2.71988137678916 
1910 2.7836533007987603 
1911 2.76632370673148 
1912 2.89075969184246 
1913 2.83172858736818 
1914 2.9573894661716 
1915 2.87932022326736 
1916 2.9709611807961998 
1917 2.91430064502724 
1918 2.96644956274788 
1919 2.96436100851614 
1920 3.0240989423461597 
1921 3.02968745821624 
1922 3.03056366173628 
1923 3.03501027924824 
1924 3.06301210891842 
1925 2.9570381642234 
1926 3.08457807571636 
1927 2.95037819515544 
1928 3.0592504774697398 
1929 2.93590129014158 
1930 3.03863039296908 
1931 2.8919327617665003 
1932 2.98632417746694 
1933 2.88705018643972 
1934 2.9368524909457 
1935 2.9613701633761798 
1936 2.93684748812698 
1937 2.97427762282558 
1938 2.91982510134192 
1939 2.9596361606385 
1940 2.88870140767024 
1941 2.9411665143101198 
1942 2.8515279249960797 
1943 2.85190619600422 
1944 2.8091261742939997 
1945 2.8179522436511 
1946 2.8364099486347603 
1947 2.87291303707114 
1948 2.8768730246242997 
1949 2.83652269977004 
1950 2.85105128220096 
1951 2.86851806047084 
1952 2.91998913880828 
1953 2.8587232822725 
1954 2.9101997263454797 
1955 2.7979021784356197 
1956 2.86252758122988 
1957 2.72451759547572 
1958 2.7934112536137 
1959 2.70434281960138 
1960 2.74688443162232 
1961 2.8053993038116602 
1962 2.77176164432376 
1963 2.7899526283341998 
1964 2.74382175195636 
1965 2.83993254341282 
1966 2.75632538128058 
1967 2.79851939814806 
1968 2.7447643642940998 
1969 2.84085873886314 
1970 2.80928944094954 
1971 2.72970863244292 
1972 2.71162866223786 
1973 2.7682000485782803 
1974 2.73147542357184 
1975 2.76901112040404 
1976 2.70930289661304 
1977 2.7812951916835003 
1978 2.70789668089362 
1979 2.7717460244209198 
1980 2.68026447804342 
1981 2.7366883788351 
1982 2.6842470109742 
1983 2.75937635881654 
1984 2.75159945783446 
1985 2.78347629997658 
1986 2.82677544496436 
1987 2.81180159366218 
1988 2.8700122358885998 
1989 2.8655799729563403 
1990 2.89672057387852 
1991 2.9491699148595 
1992 3.02015427210406 
1993 2.91027994144378 
1994 2.94268969999972 
1995 2.9107443816611402 
1996 2.84744703691624 
1997 2.89813864939708 
