0 1.2754008450732282 
1 1.292165955193344 
2 1.3538056411096862 
3 1.359208327976504 
4 1.424559942051086 
5 1.461143941371756 
6 1.4970762863948521 
7 1.534170546305198 
8 1.5344314546150921 
9 1.591216663278098 
10 1.606761292648006 
11 1.66293180251044 
12 1.7919272684186178 
13 1.8522858460853642 
14 2.0307560717586 
15 1.872349305097582 
16 2.06457566667964 
17 1.9006515144615161 
18 2.25094800852564 
19 2.12719858245148 
20 2.31871444797648 
21 2.19172737526438 
22 2.2492060534586598 
23 2.14884043631048 
24 2.2853569371292197 
25 2.1881977580439202 
26 2.3111184028299 
27 2.2474921709914 
28 2.3155012290503203 
29 2.2989031805242996 
30 2.31444317597516 
31 2.2896112223851 
32 2.13805908052368 
33 2.09768618484568 
34 2.12859287690488 
35 2.0946238410670803 
36 1.9419134915544523 
37 1.91792954424248 
38 1.772313258576822 
39 1.8206841346544258 
40 1.7761757206789521 
41 1.846046682919118 
42 1.84164920591404 
43 1.8913141858368299 
44 1.8547513269457259 
45 1.8965632855963659 
46 1.8042669689238982 
47 1.8785300613071059 
48 1.8529970597074041 
49 1.922208274273816 
50 1.8529050789725758 
51 1.91245409201367 
52 2.03160333054368 
53 2.09270231378616 
54 2.0387328662135 
55 2.09009925352054 
56 2.0376207690405197 
57 2.10522586170748 
58 2.081019001701 
59 1.987761653964482 
60 2.07807149026248 
61 1.988134347347986 
62 2.0546726560372 
63 2.05243671282186 
64 2.0444845377121803 
65 2.05506238223362 
66 2.05220845478008 
67 2.06619651584266 
68 1.888689816516408 
69 1.946991831429702 
70 1.896878115909874 
71 1.9608945531603978 
72 1.6827402112676981 
73 1.811808042943778 
74 1.679979800025554 
75 1.82005505202453 
76 1.7836494497081499 
77 1.9500066372126021 
78 1.876616467301392 
79 1.969049455394602 
80 1.87863565788019 
81 1.9697185447999122 
82 1.9476930533853039 
83 1.859940709030862 
84 1.9958503435100081 
85 1.9070566708668442 
86 1.995724532705862 
87 1.898725823933032 
88 2.0377709014474 
89 1.9448109684389219 
90 2.02489989937198 
91 1.933307285951696 
92 2.1670849896787 
93 1.960925528406222 
94 2.18085684248088 
95 1.9624029660962339 
96 2.13666506196886 
97 1.875773203768968 
98 2.09551986084824 
99 1.8831500367212801 
100 2.10383549398292 
101 1.890133964730588 
102 2.09675774689388 
103 2.08058337177902 
104 2.0905354932846802 
105 2.08420758499728 
106 2.1328225428523 
107 2.0344989478576 
108 1.9743294579826522 
109 2.2503888087429997 
110 1.978754154050666 
111 2.23688926108374 
112 1.8452571621168719 
113 2.1185662527968 
114 1.841826888739932 
115 2.1169239008366 
116 1.737439616626066 
117 2.02519435446764 
118 1.9507896380753418 
119 2.0167262427523798 
120 1.945296885545698 
121 2.02266651961682 
122 1.9454844457899259 
123 1.993996206347936 
124 1.9452048580939958 
125 1.9924008343837278 
126 2.01897467249354 
127 2.04761219556356 
128 1.9870648410539817 
129 2.06576933973884 
130 1.982872962621834 
131 2.06934095480706 
132 2.16494488287116 
133 2.19744214746608 
134 2.1712877033137 
135 2.1971641432734197 
136 2.2906401770789797 
137 2.31105289083334 
138 2.3642264896082397 
139 2.23796651678792 
140 2.35604451359134 
141 2.2198055661549203 
142 2.33841869362426 
143 2.21498347281228 
144 2.3305391909807 
145 2.2184578393636802 
146 2.3364726997826 
147 2.28589050860566 
148 2.31407604694726 
149 2.26080990787934 
150 2.31949681694154 
151 2.2642252366872397 
152 2.35943269003984 
153 2.36994580052774 
154 2.36337860574214 
155 2.37871254075298 
156 2.35726765171568 
157 2.45456379303034 
158 2.3428292068958 
159 2.42229848077326 
160 2.35021051698702 
161 2.4476439641355 
162 2.34016987067004 
163 2.3618917597197 
164 2.33608455577256 
165 2.34121846900078 
166 2.48513742865008 
167 2.34929991079958 
168 2.52243991764664 
169 2.3335260973849 
170 2.52486144916292 
171 2.3111240587046598 
172 2.50083632982538 
173 2.3006844881679602 
174 2.49198917602516 
175 2.29497903444268 
176 2.45993614393746 
177 2.42923474135802 
178 2.32322186375526 
179 2.51278195344362 
180 2.32269549713638 
181 2.5206275978990997 
182 2.30652174379634 
183 2.4941968011700597 
184 2.31859617773422 
185 2.5111969636784 
186 2.2900041850390402 
187 2.4256285869875 
188 2.47002167852408 
189 2.39179952018514 
190 2.4681832009157203 
191 2.3901298443875403 
192 2.48988876776066 
193 2.4046590751362 
194 2.4843081805271803 
195 2.39604875627926 
196 2.36011087853292 
197 2.2338960842740603 
198 2.3213986350546802 
199 2.23417978356094 
200 2.3191046813834797 
201 2.24153260958014 
202 2.27374649932956 
203 2.2255500142402402 
204 2.27749749440422 
205 2.22856053935516 
206 2.41542119958878 
207 2.2870558936984002 
208 2.41638307196948 
209 2.30767587256362 
210 2.40998793685386 
211 2.3070387783218798 
212 2.40811364088666 
213 2.32512698437298 
214 2.4074229385984998 
215 2.31890582834394 
216 2.3895577066273797 
217 2.29301387247958 
218 2.2782904257227203 
219 2.3170165251570003 
220 2.28806171089628 
221 2.31306883445176 
222 2.3671817665423402 
223 2.35035277390814 
224 2.3580478528616 
225 2.35484228374956 
226 2.41253567900984 
227 2.5248623023857197 
228 2.4256869028456802 
229 2.53601673921112 
230 2.43703874862648 
231 2.53656229345078 
232 2.4306831685155 
233 2.54246477592236 
234 2.4466142976934 
235 2.5585144855576 
236 2.39995009086092 
237 2.48372400282264 
238 2.45713745215344 
239 2.46078663586578 
240 2.4420288022132 
241 2.47221584442206 
242 2.4438312213259 
243 2.4421411353669997 
244 2.4303369498209 
245 2.42382969265642 
246 2.34206755522034 
247 2.3383795956556 
248 2.42180702496656 
249 2.40261929066308 
250 2.42559697992816 
251 2.38975237988306 
252 2.40510932031522 
253 2.4083822501804 
254 2.4090309627010003 
255 2.40947662920196 
256 2.3887922634109198 
257 2.42185267695126 
258 2.23664957859288 
259 2.26152698152926 
260 2.24373692061692 
261 2.25545709368942 
262 2.2415308160465797 
263 2.2267300011635003 
264 2.24514512225938 
265 2.22800786725542 
266 2.25204686737092 
267 2.2643189275109803 
268 2.29119153975876 
269 2.37285000871374 
270 2.2790840877398 
271 2.3800181795379602 
272 2.2867461504285 
273 2.35741952682834 
274 2.28825317637462 
275 2.36186104023374 
276 2.3147116734183397 
277 2.31439269380148 
278 2.27726080851486 
279 2.21395178872812 
280 2.28390350019264 
281 2.23107474365972 
282 2.2797363517219003 
283 2.2936318393159203 
284 2.28161042256772 
285 2.29434886009068 
286 2.28384171494632 
287 2.29464048603976 
288 2.29416447170268 
289 2.36708090322332 
290 2.28426301632392 
291 2.34292751146826 
292 2.22969255506754 
293 2.2704170716821404 
294 2.2175013979184603 
295 2.2557360432953 
296 2.2049776462217 
297 2.29683102724282 
298 2.21475553507306 
299 2.22633582393364 
300 2.2159844231066197 
301 2.2341113633346 
302 2.20052601750414 
303 2.23902301232384 
304 2.20771947673596 
305 2.2506141574416 
306 2.2277852505343203 
307 2.2935788863097 
308 2.32074531505504 
309 2.38204076317334 
310 2.3225852754415 
311 2.3718171101555 
312 2.35778632160782 
313 2.38686238050148 
314 2.3583564909984203 
315 2.38366353293778 
316 2.47904791949992 
317 2.5480076407600203 
318 2.32819464961316 
319 2.40938931585044 
320 2.33424148669432 
321 2.41875488395928 
322 2.34926891934348 
323 2.4347974259928398 
324 2.3490980144158202 
325 2.44187696897438 
326 2.2566214192818 
327 2.31398910020636 
328 2.3031708196870198 
329 2.35490622252326 
330 2.30070634633822 
331 2.37310232014778 
332 2.33626805448882 
333 2.3928575596506603 
334 2.3270875201642 
335 2.39006913668198 
336 2.33198015983662 
337 2.30826614220874 
338 2.38296222283954 
339 2.39821548771368 
340 2.38112719629068 
341 2.36983172393456 
342 2.35194581162844 
343 2.3984570847824203 
344 2.35445173936768 
345 2.39669731253816 
346 2.41636287514334 
347 2.42387262972806 
348 2.3415255231447 
349 2.32640220763684 
350 2.34683426479302 
351 2.3241662853457 
352 2.3437026804405 
353 2.30708121580724 
354 2.3026679002284 
355 2.22307715119946 
356 2.3154190475271 
357 2.27295760786088 
358 2.3140189496502 
359 2.28203986480914 
360 2.31878507456122 
361 2.30124983743638 
362 2.36426730900156 
363 2.359988203031 
364 2.36747297973798 
365 2.3764691166895 
366 2.26610737635492 
367 2.3930962561537603 
368 2.38851171197918 
369 2.4685804707931 
370 2.3796561161825 
371 2.4666419522053 
372 2.3607894188452603 
373 2.4664737047461 
374 2.47282983751182 
375 2.46904197284204 
376 2.4723106927258 
377 2.46769961705402 
378 2.409573717664 
379 2.43125391723482 
380 2.4143870809702 
381 2.4326246408892 
382 2.4477738827008 
383 2.43039513138242 
384 2.45441820281432 
385 2.43797900132714 
386 2.4893743160093598 
387 2.4772676648139003 
388 2.46295724421942 
389 2.47876122109606 
390 2.4531597981271 
391 2.4776084587826 
392 2.4099009055884197 
393 2.44198768292284 
394 2.33000307410848 
395 2.38962236954908 
396 2.3340315681857797 
397 2.38826117844478 
398 2.35738366671178 
399 2.4277739388104402 
400 2.3649636579644198 
401 2.4287939306563198 
402 2.43117367516736 
403 2.46635603973238 
404 2.30505590475724 
405 2.30577417656534 
406 2.29995708594912 
407 2.30077187239594 
408 2.3441516426406 
409 2.26308629482384 
410 2.34908874318436 
411 2.2620164131665197 
412 2.3551515005804 
413 2.26614745233244 
414 2.47874994333748 
415 2.4074637480310797 
416 2.46699594771962 
417 2.42265221039722 
418 2.5371945639702203 
419 2.5156712621494597 
420 2.5279602949716997 
421 2.50962560985976 
422 2.49787930890364 
423 2.49162520764252 
424 2.4960489965451997 
425 2.4982401778758403 
426 2.4430995294657802 
427 2.44481215348506 
428 2.3314767568942 
429 2.35187578256434 
430 2.33859363195482 
431 2.35591448876722 
432 2.3374835579954 
433 2.3503098273150003 
434 2.2804679309585802 
435 2.2669053621426 
436 2.32724506322804 
437 2.29683741537492 
438 2.49189903474868 
439 2.40629163545222 
440 2.4808871147500198 
441 2.4002353266401597 
442 2.46923970472482 
443 2.3916180785053998 
444 2.55321821621436 
445 2.49382361069792 
446 2.52092186142914 
447 2.4669977696627603 
448 2.4282343832668603 
449 2.49448918897074 
450 2.43889686524942 
451 2.49382254661822 
452 2.45992494782592 
453 2.50296209132104 
454 2.5067913007405798 
455 2.52951362580528 
456 2.40252294590216 
457 2.44665202859508 
458 2.37593908818876 
459 2.36411932932476 
460 2.38115868543046 
461 2.37531085436304 
462 2.37099496595544 
463 2.3719479771564402 
464 2.5211161521922802 
465 2.4639244110138003 
466 2.4853993999990203 
467 2.4930928220658 
468 2.5046284583474803 
469 2.45199898238492 
470 2.49472705459492 
471 2.45020949981308 
472 2.48856887962488 
473 2.44491849897674 
474 2.5164943483102 
475 2.42589777379712 
476 2.43288645759512 
477 2.39796967549212 
478 2.38544577420036 
479 2.38650200450828 
480 2.3937104941845 
481 2.3925432744456403 
482 2.41116303195094 
483 2.4295775007076204 
484 2.41924012519506 
485 2.43587253760012 
486 2.50381466631808 
487 2.4194445494780803 
488 2.5159260612157 
489 2.51960967829418 
490 2.51159149543694 
491 2.5101810292559 
492 2.51008636276284 
493 2.51370414218046 
494 2.48010471226354 
495 2.48154396022474 
496 2.3336060166119603 
497 2.3983573240708003 
498 2.31751285705108 
499 2.30066709649388 
500 2.32168418189924 
501 2.29535216335516 
502 2.31400478741624 
503 2.28897994960112 
504 2.3534922877421 
505 2.31932339968622 
506 2.3672025342978 
507 2.42156262259784 
508 2.31576677062708 
509 2.30757675963236 
510 2.3077405918512 
511 2.30972232631384 
512 2.34141624063648 
513 2.36339922332418 
514 2.3424841522798 
515 2.36342200734512 
516 2.3121373309845 
517 2.31414747335516 
518 2.34984729056438 
519 2.41724390769474 
520 2.35611819732026 
521 2.42221561309462 
522 2.4613173220420803 
523 2.33457253025678 
524 2.47415666071604 
525 2.33906986208674 
526 2.4477901010147 
527 2.35502014575318 
528 2.43243147227716 
529 2.3480027235125402 
530 2.43639402595006 
531 2.35241966300678 
532 2.36456966484142 
533 2.39546903792418 
534 2.35709106670114 
535 2.3889878381117997 
536 2.3515068478175 
537 2.37229193760006 
538 2.37516779196654 
539 2.33142611873866 
540 2.3673049331894 
541 2.31595427269714 
542 2.36141068007162 
543 2.3170798341388403 
544 2.5181049815547 
545 2.3700217443795 
546 2.48443273533854 
547 2.33045329242226 
548 2.42161433672938 
549 2.32802008714704 
550 2.4239929814105396 
551 2.3383759932016 
552 2.43293014752188 
553 2.34029146138006 
554 2.3293220559961 
555 2.3372262825141 
556 2.38708666945554 
557 2.39224770346732 
558 2.46135209110964 
559 2.46124291061996 
560 2.4613180122053597 
561 2.46193267835936 
562 2.46347509888478 
563 2.4781806640005 
564 2.33643274041544 
565 2.3530938760798 
566 2.2796838657349197 
567 2.30678618051166 
568 2.23509049491636 
569 2.25817867797544 
570 2.23763902986724 
571 2.2583844615162 
572 2.23159766220936 
573 2.24349659818666 
574 2.1142903564895 
575 2.12112869048168 
576 2.13664902229442 
577 2.12736338140214 
578 2.323994343127 
579 2.16122396759196 
580 2.32518976396842 
581 2.16307840266614 
582 2.4715750566212598 
583 2.31736755350708 
584 2.4772743980682 
585 2.32179888189522 
586 2.53976690303868 
587 2.38287888525268 
588 2.46430133578314 
589 2.4268423801415 
590 2.468106611388 
591 2.4255983145287603 
592 2.45844223334568 
593 2.5314856222642197 
594 2.45522177248112 
595 2.52819725431644 
596 2.42671797693562 
597 2.4830483660991 
598 2.41060954257454 
599 2.422406551865 
600 2.40066396356338 
601 2.42349594762406 
602 2.3856418237084 
603 2.3997685842917003 
604 2.38127223466366 
605 2.3934623988266 
606 2.36641246325142 
607 2.3848477935076398 
608 2.31546464458732 
609 2.37359617312924 
610 2.31234993656126 
611 2.3645708945501203 
612 2.32055168158146 
613 2.36882398147042 
614 2.3310398848734 
615 2.25739827458044 
616 2.32408775412352 
617 2.2928343331771197 
618 2.32847979704364 
619 2.3506672408495 
620 2.33416772736674 
621 2.3617261544123602 
622 2.3268714913400403 
623 2.3623382213120196 
624 2.3114709456781 
625 2.34028016335938 
626 2.32693897513244 
627 2.33542507923062 
628 2.42549247582176 
629 2.4117611045249197 
630 2.41098505774784 
631 2.38925075567176 
632 2.41582866213652 
633 2.39074785105596 
634 2.3542447623169 
635 2.37322772161372 
636 2.3291380190258 
637 2.317082480285 
638 2.3099215922569 
639 2.19744237431318 
640 2.3342555917841397 
641 2.22362816271484 
642 2.3325802664324398 
643 2.2283839942476797 
644 2.49560757128268 
645 2.3444601375467 
646 2.52916877149528 
647 2.38501810578268 
648 2.41320277756324 
649 2.40439437696896 
650 2.39161769678122 
651 2.39170390971818 
652 2.3810663318769 
653 2.37863711589584 
654 2.24943198832776 
655 2.2302523963318803 
656 2.20398314016056 
657 2.19759938804634 
658 2.1041758250998 
659 2.06077697248024 
660 2.10969429162376 
661 2.06164513629918 
662 2.11645997488062 
663 2.07118452572254 
664 2.22800749939406 
665 2.20750900706024 
666 2.2363117645469996 
667 2.2224904962524397 
668 2.38179440474602 
669 2.34846873110224 
670 2.3893942110194 
671 2.3507585085506 
672 2.38998193019596 
673 2.34682329696228 
674 2.38121589533668 
675 2.36449281107216 
676 2.39845105362134 
677 2.39530278641862 
678 2.42969692610788 
679 2.40065619084374 
680 2.42722629719616 
681 2.4091290137579398 
682 2.4245732429071998 
683 2.41445457293184 
684 2.26031218905324 
685 2.29706151205102 
686 2.22738455827282 
687 2.2821184593573003 
688 2.1881069137311 
689 2.29432115525926 
690 2.187631750506 
691 2.2825741965676203 
692 2.19114919491104 
693 2.28475340928164 
694 2.3054179377043202 
695 2.32830985905498 
696 2.31039075882146 
697 2.3252608084563997 
698 2.22862397660246 
699 2.2909320455530002 
700 2.2299787959154203 
701 2.2746313167605 
702 2.23380656640184 
703 2.2700879823227598 
704 2.25552377451788 
705 2.4695388338956 
706 2.24529348480048 
707 2.4065668349231 
708 2.4303923487757997 
709 2.6270292467026 
710 2.44023158805338 
711 2.6536204643184798 
712 2.43776981392736 
713 2.65310201811304 
714 2.51005993037034 
715 2.57806744276104 
716 2.53498781938602 
717 2.63921002235996 
718 2.46629816570578 
719 2.4615601344476 
720 2.45942155473574 
721 2.4588477286486397 
722 2.46705351089374 
723 2.4629863307437 
724 2.3866093963319797 
725 2.44350007416632 
726 2.35868985794676 
727 2.41312322529726 
728 2.3677042617865 
729 2.4069866956935 
730 2.3592249638978 
731 2.40223559582898 
732 2.3518337404469003 
733 2.39636792093672 
734 2.55717989147376 
735 2.40777036268576 
736 2.53832298257448 
737 2.39136891249562 
738 2.38024403234072 
739 2.28268315918712 
740 2.3901275111705997 
741 2.2967305252698997 
742 2.39553151121238 
743 2.29959438799532 
744 2.23427004003076 
745 2.2567356491075197 
746 2.30949013707418 
747 2.33177035869194 
748 2.42418201467106 
749 2.4851559617315 
750 2.42192847789086 
751 2.47448137949408 
752 2.41642156062286 
753 2.4757379783422797 
754 2.40876974333736 
755 2.51702911974404 
756 2.4294521645905 
757 2.51596952226036 
758 2.41906747707558 
759 2.52426041414346 
760 2.416099333462 
761 2.51988493252822 
762 2.4196796921300203 
763 2.52207739243338 
764 2.48572939476148 
765 2.44110310591324 
766 2.4399083244255797 
767 2.4122221812054603 
768 2.3941221215404203 
769 2.2917170949685604 
770 2.39358716669666 
771 2.29543098908404 
772 2.38742737952784 
773 2.28880279124202 
774 2.3471128950876 
775 2.28243957659502 
776 2.36172207285628 
777 2.28096830547322 
778 2.44607237694954 
779 2.4725317034120198 
780 2.4432909768788003 
781 2.46793871198314 
782 2.44962362103106 
783 2.47251042448598 
784 2.41217166934796 
785 2.55690578093626 
786 2.39437910931724 
787 2.54393697784764 
788 2.4461574273233397 
789 2.4381924911712 
790 2.45780446694658 
791 2.43705304957434 
792 2.45760311916814 
793 2.4339309400766203 
794 2.4166855560329603 
795 2.4298913087977 
796 2.37898935697126 
797 2.40197576716876 
798 2.2445751999373202 
799 2.39079548385026 
800 2.23604801048452 
801 2.3856351896089203 
802 2.2313035142330397 
803 2.38806088455058 
804 2.3034233455934 
805 2.4108328218506 
806 2.3661010576646797 
807 2.41304071369212 
808 2.37822164396528 
809 2.35189852189738 
810 2.37825499184698 
811 2.37277756552404 
812 2.37640420741638 
813 2.37373680941636 
814 2.3400614429862 
815 2.35424941289066 
816 2.38217977716658 
817 2.4459164977167 
818 2.4241119695039197 
819 2.4797260924418802 
820 2.4320196884731398 
821 2.47373539335404 
822 2.44071462720792 
823 2.47465888143748 
824 2.5100450101094602 
825 2.4830428300719403 
826 2.4747531459711 
827 2.46572475951818 
828 2.44260682702994 
829 2.47172189818138 
830 2.4330110851565196 
831 2.47862295036068 
832 2.42493140875366 
833 2.47135933729258 
834 2.29189670017672 
835 2.30457200425298 
836 2.26122281590116 
837 2.30457200425298 
838 2.2723324669132 
839 2.32606614883446 
840 2.2795386085268197 
841 2.31310995791312 
842 2.2802869821228002 
843 2.32517803793322 
844 2.32354873640112 
845 2.36841656578126 
846 2.33404304170572 
847 2.41400126881942 
848 2.37910783212806 
849 2.33861779982484 
850 2.37479704411244 
851 2.3430670337910002 
852 2.37237648519238 
853 2.3336203813803 
854 2.3096781848586003 
855 2.4156149344571203 
856 2.2829863758026 
857 2.3890227507682 
858 2.22055244056258 
859 2.3579265399277203 
860 2.2246319597900603 
861 2.35373209838472 
862 2.23199860923746 
863 2.35663187603028 
864 2.23525377278062 
865 2.23997540172586 
866 2.2379353696538997 
867 2.21613177000884 
868 2.23396475352448 
869 2.26094540453126 
870 2.23535104893808 
871 2.26686901074694 
872 2.2305145301678797 
873 2.2593845059130997 
874 2.31641848555286 
875 2.2977779024753398 
876 2.37180406111366 
877 2.36317514067146 
878 2.44767278294874 
879 2.38189397483136 
880 2.43475753665006 
881 2.3815077269564 
882 2.43212086728288 
883 2.3945662240659997 
884 2.49341333611652 
885 2.4609920106116 
886 2.46013813635598 
887 2.41673269751468 
888 2.38865047291128 
889 2.39613321166386 
890 2.4029701095665397 
891 2.38090313785126 
892 2.41664770843408 
893 2.37300273889004 
894 2.38416591908478 
895 2.38343253524516 
896 2.4659776067356 
897 2.44010846655746 
898 2.55249438349138 
899 2.4670918121574603 
900 2.5427379848486202 
901 2.47144783218872 
902 2.52765247987114 
903 2.47040594611438 
904 2.5306915165443202 
905 2.3968663971056 
906 2.4840183774425197 
907 2.37043902159126 
908 2.5084353942220003 
909 2.45326703987128 
910 2.5075316931497 
911 2.45762495951076 
912 2.52257942666224 
913 2.46352306402834 
914 2.52938244481838 
915 2.54752763885366 
916 2.4840588119334397 
917 2.51002367373062 
918 2.3812201862315403 
919 2.37107529212544 
920 2.38506113890854 
921 2.37239374536576 
922 2.3623486800717997 
923 2.35669442790746 
924 2.37502438155854 
925 2.4008190324168597 
926 2.33087481599472 
927 2.36732696958134 
928 2.34698602352886 
929 2.45275997919164 
930 2.33487547977396 
931 2.46054509746922 
932 2.34474239164372 
933 2.47819158020668 
934 2.2835495670811 
935 2.33944387679212 
936 2.3512100020336 
937 2.4067512922892997 
938 2.42974271789512 
939 2.46381651414858 
940 2.45247705059274 
941 2.46389665392784 
942 2.45890342372676 
943 2.4582988265915 
944 2.36855472316384 
945 2.39025073243376 
946 2.33250471121098 
947 2.4347047031263798 
948 2.23844195549892 
949 2.30923954565288 
950 2.23379525392254 
951 2.30265843741792 
952 2.22784567682326 
953 2.30442471510604 
954 2.30875327458162 
955 2.4193253039591402 
956 2.4014789626515998 
957 2.49233317567022 
958 2.4262080116888 
959 2.4496247267914 
960 2.41781974429686 
961 2.45439142345524 
962 2.4181923795602 
963 2.46321588451802 
964 2.3936994731682 
965 2.4269553291698798 
966 2.3979678779814 
967 2.43650265389308 
968 2.40347220429926 
969 2.39148358470992 
970 2.4074696393294603 
971 2.3922137271142803 
972 2.4123118984721197 
973 2.3832730356201 
974 2.48506114659744 
975 2.50000740601958 
976 2.47294135901472 
977 2.49884320498856 
978 2.4882751754855397 
979 2.55371990328708 
980 2.488202150215 
981 2.54581157165096 
982 2.4881798341568997 
983 2.5440395288752997 
984 2.3727887610819 
985 2.4692983439226603 
986 2.34179412292398 
987 2.43837923553072 
988 2.2503853766548003 
989 2.35963655975304 
990 2.24401556974588 
991 2.3655294319776 
992 2.24133806966226 
993 2.36007399417838 
994 2.27659161268514 
995 2.32298331690654 
996 2.29807012128212 
997 2.3528467547995 
998 2.36103577501154 
999 2.35109550354036 
1000 2.35823580051978 
1001 2.34191988361748 
1002 2.3546928539092398 
1003 2.340832032426 
1004 2.42699185374746 
1005 2.40154055776934 
1006 2.40120292877402 
1007 2.34907771592162 
1008 2.29612089162534 
1009 2.41131679848698 
1010 2.29757237137582 
1011 2.40875936217564 
1012 2.29986554677552 
1013 2.42496757987514 
1014 2.39100336831028 
1015 2.3256254178561 
1016 2.366380799553 
1017 2.29986280354606 
1018 2.32584588909736 
1019 2.1659485522723 
1020 2.32522843456908 
1021 2.1614059510126 
1022 2.3287293123205197 
1023 2.1518285988444 
1024 2.13072107285074 
1025 2.2100351510056 
1026 2.1663878484866 
1027 2.3082409092294 
1028 2.17338966097768 
1029 2.32081247813762 
1030 2.18623593960508 
1031 2.3304540337142 
1032 2.18249226179646 
1033 2.32806730177846 
1034 2.37278474426266 
1035 2.40694160464124 
1036 2.34769498689962 
1037 2.35236263276432 
1038 2.3798013573685 
1039 2.35383524433856 
1040 2.37310780504894 
1041 2.35094577444986 
1042 2.37936777435044 
1043 2.348982999254 
1044 2.3355417355858 
1045 2.22114184074672 
1046 2.3948281708706203 
1047 2.26516973448258 
1048 2.37460544672096 
1049 2.41468864649028 
1050 2.37368918182566 
1051 2.41587062653428 
1052 2.38211686049564 
1053 2.41466466840816 
1054 2.3473900463121398 
1055 2.4501461242061597 
1056 2.37366636150098 
1057 2.42633640579704 
1058 2.47424174973168 
1059 2.4900004059319 
1060 2.47903163748584 
1061 2.49501229829402 
1062 2.47318113447126 
1063 2.50281772753486 
1064 2.60450996624074 
1065 2.62080167733156 
1066 2.57499077094902 
1067 2.51748378791998 
1068 2.5055556402958 
1069 2.49536064365184 
1070 2.49390839320816 
1071 2.48228897022182 
1072 2.48273558060428 
1073 2.47398787534228 
1074 2.15975899931648 
1075 2.2282774825494203 
1076 2.34239591370896 
1077 2.2565426686881 
1078 2.37802944662248 
1079 2.3197275743289802 
1080 2.39136286790412 
1081 2.3378985420787997 
1082 2.40009115082178 
1083 2.3393167932286603 
1084 2.62834841783568 
1085 2.56981573016388 
1086 2.65768626969616 
1087 2.5663428135634 
1088 2.50082661252268 
1089 2.6062284140395398 
1090 2.49543520246444 
1091 2.5974381950425203 
1092 2.49349055665164 
1093 2.6051125218527598 
1094 2.38852921419668 
1095 2.5050003241518 
1096 2.39460400469266 
1097 2.42942723801232 
1098 2.33461895453894 
1099 2.4008366878614398 
1100 2.33171350697208 
1101 2.39798748114984 
1102 2.32926395943282 
1103 2.3862255520547597 
1104 2.39229524791202 
1105 2.3925665459396 
1106 2.3237666534739 
1107 2.3684676787244 
1108 2.3662200661174 
1109 2.37479347401842 
1110 2.35885004756704 
1111 2.36812343504328 
1112 2.3471667741144 
1113 2.36444024307526 
1114 2.22666086609922 
1115 2.33812141155948 
1116 2.15284441618318 
1117 2.27799791430696 
1118 2.0856952002387397 
1119 2.19575848459646 
1120 2.10376928783052 
1121 2.2086956466105603 
1122 2.11879154954006 
1123 2.22511435958332 
1124 2.16478964068632 
1125 2.24570007989302 
1126 2.2304017060008 
1127 2.33295925214154 
1128 2.38302850469514 
1129 2.49623096757808 
1130 2.3821829321037002 
1131 2.49647165221694 
1132 2.38279136660198 
1133 2.49825253259532 
1134 2.4340944451048196 
1135 2.63189573038226 
1136 2.380679212027 
1137 2.5587757809758203 
1138 2.4050121009581202 
1139 2.48826975000864 
1140 2.3929123527086 
1141 2.48579021242542 
1142 2.39033536008488 
1143 2.47906908549206 
1144 2.31080728959008 
1145 2.33200120969318 
1146 2.3598158892872 
1147 2.38368856051192 
1148 2.26319527424958 
1149 2.37417022372422 
1150 2.2789910588982 
1151 2.37776378734106 
1152 2.27681038795072 
1153 2.37684717732118 
1154 2.2920968589041797 
1155 2.34111105979272 
1156 2.3040539923364003 
1157 2.3757537315848603 
1158 2.31441962368372 
1159 2.32025662220182 
1160 2.29344881564972 
1161 2.31707279931088 
1162 2.29603134665082 
1163 2.31798213832774 
1164 2.28310105291124 
1165 2.31212185803094 
1166 2.28404536696116 
1167 2.32656569332194 
1168 2.2611736481637204 
1169 2.33674724217862 
1170 2.27401275395322 
1171 2.3397223207616 
1172 2.27190687976106 
1173 2.33616670964354 
1174 2.43232815713358 
1175 2.4511899328060403 
1176 2.39989231976286 
1177 2.41704902763626 
1178 2.4706496797095197 
1179 2.4350935341040403 
1180 2.47118526419592 
1181 2.43766442069344 
1182 2.4765937403839398 
1183 2.43843505786394 
1184 2.4214717911187003 
1185 2.49575206642912 
1186 2.45259007716886 
1187 2.5060770615591403 
1188 2.4539377696049 
1189 2.58435795952102 
1190 2.46008797140284 
1191 2.58381089162304 
1192 2.45396023348076 
1193 2.5818827608949197 
1194 2.3331450168863404 
1195 2.43662385060078 
1196 2.3399701674316598 
1197 2.44015035230886 
1198 2.4336582064707803 
1199 2.44061423503668 
1200 2.42773485597554 
1201 2.43806552870234 
1202 2.42479044240192 
1203 2.43646803091778 
1204 2.42015624428778 
1205 2.39656653691366 
1206 2.32870954070282 
1207 2.30446737951952 
1208 2.1935274776381197 
1209 2.17293989152016 
1210 2.18191694555852 
1211 2.16728784050946 
1212 2.19869787308726 
1213 2.1799546856268597 
1214 2.19601419655754 
1215 2.1751291499932 
1216 2.24422056366082 
1217 2.19739130579274 
1218 2.25944119752682 
1219 2.1749940867067 
1220 2.27485279262042 
1221 2.1809607962618403 
1222 2.2624558083101602 
1223 2.1767522514746203 
1224 2.32194481307608 
1225 2.27910153301024 
1226 2.35923161911516 
1227 2.3321088606646603 
1228 2.42042891526418 
1229 2.41633323105412 
1230 2.41601628267308 
1231 2.4267849368596 
1232 2.41728325536572 
1233 2.48235440297452 
1234 2.48235440297452 
1235 2.42601743972414 
1236 2.4685159771544 
1237 2.42415230410178 
1238 2.4783418584290398 
1239 2.4328292840466803 
1240 2.35461276987938 
1241 2.46388091087526 
1242 2.33603375365756 
1243 2.45604295674858 
1244 2.26289215780636 
1245 2.4480654000925997 
1246 2.26289215780636 
1247 2.4480654000925997 
1248 2.26289215780636 
1249 2.4480654000925997 
1250 2.4312650434579597 
1251 2.35537245401314 
1252 2.4332455462613 
1253 2.35847716757544 
1254 2.53605580755106 
1255 2.34968547302 
1256 2.55098384051386 
1257 2.34334100613654 
1258 2.53996533039474 
1259 2.3334061173946 
1260 2.4870588025939 
1261 2.35355524095896 
1262 2.43712849860974 
1263 2.26362691366424 
1264 2.32062837329654 
1265 2.26460586411984 
1266 2.3038965696185 
1267 2.25013515838146 
1268 2.29412751233076 
1269 2.24355361362202 
1270 2.38168132002198 
1271 2.29170101486522 
1272 2.47364470137568 
1273 2.36302521947632 
1274 2.47857663679372 
1275 2.3899301990409603 
1276 2.4861344868986803 
1277 2.3960153656559 
1278 2.49325624239686 
1279 2.3942866634574 
1280 2.27729306567414 
1281 2.36046037015006 
1282 2.1740850540272 
1283 2.32050771113324 
1284 2.24122705403068 
1285 2.37159401868562 
1286 2.24002199487404 
1287 2.3716051769077597 
1288 2.24473709691962 
1289 2.38217684489004 
1290 2.32451675827518 
1291 2.47522776156808 
1292 2.3730877822141 
1293 2.52204209871038 
1294 2.2741921099707403 
1295 2.50066812977716 
1296 2.2849671168191 
1297 2.50115638912378 
1298 2.2817433775140197 
1299 2.5010654682559 
1300 2.20592192268542 
1301 2.4931871854777 
1302 2.1901980289033802 
1303 2.48945583069094 
1304 2.21495694379004 
1305 2.39951672481632 
1306 2.21449020927128 
1307 2.40607760477012 
1308 2.21928049856756 
1309 2.4078117401865398 
1310 2.36039436123192 
1311 2.31923388142772 
1312 2.40246242030968 
1313 2.34289561433418 
1314 2.40976030511264 
1315 2.4076375277063398 
1316 2.3974652042701203 
1317 2.3957821640233 
1318 2.39180174836138 
1319 2.39041796223492 
1320 2.3146436695143 
1321 2.4746786040799598 
1322 2.2880042801324203 
1323 2.51241977041352 
1324 2.29709812440854 
1325 2.5999213816861 
1326 2.3127848081407 
1327 2.61054645722786 
1328 2.31781366423428 
1329 2.61379398125504 
1330 2.28810287569644 
1331 2.55257654262388 
1332 2.27267334997416 
1333 2.45649380940994 
1334 2.23067436251958 
1335 2.3136272520111403 
1336 2.21767530638866 
1337 2.30572470627244 
1338 2.22075129091454 
1339 2.30489007467472 
