0 4.524785266278445 
1 4.579084467831916 
2 1.154766286902557 
3 2.036836188371839 
4 1.6270147103433241 
5 4.7827332354202206 
6 9.163250905007526 
7 6.256681364973478 
8 8.609404795382376 
9 8.130418432264992 
10 11.581196415998233 
11 2.3381432563615574 
12 5.330750762887751 
13 3.2467322158695953 
14 7.785265494692333 
15 8.914093831358588 
16 6.718045148910679 
17 2.1005717307777063 
18 7.988374462671246 
19 8.535973038537309 
20 8.925342389962804 
21 3.9713485225931007 
22 7.487194683298911 
23 8.71755626822521 
24 8.03766736740439 
25 8.66589945062097 
26 9.159128875806061 
27 8.130670605704626 
28 8.986420647129654 
29 7.2546609634473915 
30 8.468807608048216 
31 7.5146941576323085 
32 7.421497781143613 
33 7.37266896232899 
34 7.766438603475572 
35 3.4723617882443327 
36 7.822683765657289 
37 2.6848459942107805 
38 8.769575916985692 
39 5.901726629435296 
40 4.9750836830505945 
41 8.097721643135294 
42 8.258698669922126 
43 5.508478160086259 
44 8.525735936807614 
45 4.885215084133986 
46 6.737989288112503 
47 6.715442155958602 
48 4.241756530304516 
49 7.3729281622278195 
50 6.367664205207928 
51 7.104943625325238 
52 8.510719807802348 
53 8.607302337798792 
54 7.56792687393657 
55 7.734943402907125 
56 8.564663217090512 
57 8.076110962420117 
58 6.991788494557335 
59 9.009894269228951 
60 6.94694929458959 
61 7.8926348274434535 
62 7.893823164075733 
63 7.997803337706318 
64 7.013358526532285 
65 5.781682190428798 
66 5.157199575551679 
67 8.229095218288691 
68 6.398760005919263 
69 8.743853270681237 
70 7.630321872913593 
71 5.180167596040436 
72 9.534871138532045 
73 5.214921502096883 
74 7.279351327335332 
75 8.19132805512048 
76 6.3201018616881015 
77 6.391242468663239 
78 7.766639940300829 
79 4.893736378104159 
80 6.648496905043076 
81 8.910666105807023 
82 7.737454757433432 
83 7.382596359309599 
84 1.074402762198416 
85 5.207236466387577 
86 10.13871189193893 
87 8.878882112487325 
88 5.164444991688727 
89 4.81955443610474 
90 1.0063222881831921 
91 4.442168095386369 
92 8.01161351446341 
93 7.552704839215036 
94 3.2937111481764183 
95 6.088389930643255 
96 3.361143699714716 
97 2.5941976815961385 
98 2.488634044229683 
99 8.415064964247595 
100 8.565887609976064 
101 6.7280671923824675 
102 5.599483079946386 
103 6.159299000985357 
104 7.308652301344178 
105 4.4125440144086365 
106 0.7457201981117969 
107 7.7581353709447995 
108 5.684185989781675 
109 9.695458905930352 
110 8.41965970499201 
111 8.170822886775875 
112 8.023721252329082 
113 7.142815298208806 
114 7.053980736662064 
115 7.337612422303746 
116 8.474248757947821 
117 10.1475178609015 
118 7.815701452154193 
119 8.382840605663304 
120 4.914965771162468 
121 7.509675571152331 
122 3.7534936998854525 
123 4.469285743969192 
124 8.500043571218677 
125 4.124456332017287 
126 6.4957170711612 
127 7.7529011197823285 
128 1.4448021549897865 
129 8.223625622756265 
130 9.21695409876413 
131 3.3155740847457493 
132 8.62393802070911 
133 7.87436473651702 
134 6.146076701698035 
135 7.97144627360947 
136 9.076360111055088 
137 8.723993194364136 
138 5.89353346101262 
139 5.547338753301512 
140 7.1750243768924165 
141 7.066649818460579 
142 6.250061840430827 
143 8.500457013382082 
144 8.812747932495125 
145 7.882044748127352 
146 8.783441251120362 
147 8.750329104522763 
148 8.295729017915418 
149 7.168623054152167 
150 5.842356942972199 
151 5.873231961844963 
152 9.272663763181749 
153 8.801651921365856 
154 0.8782779127230086 
155 7.122631480632398 
156 5.09926555959593 
157 4.390355316665707 
158 8.274339373255344 
159 4.489925162632914 
160 7.965905206141318 
161 7.7987568262066835 
162 9.18747754773024 
163 5.799918690867657 
164 9.000015020395551 
165 8.58043214094292 
166 8.020391811914983 
167 5.871094444421114 
168 5.307257027746566 
169 9.631317654298876 
170 7.839498188859523 
171 5.534214908310749 
172 8.554322332219762 
173 12.247287337795065 
174 7.605596617078531 
175 8.23669048077263 
176 10.143395058294901 
177 5.322221009702135 
178 3.019898638408109 
179 2.556151107920386 
180 7.292552016955606 
181 9.183534769661938 
182 7.85977115744263 
183 2.0615753934354837 
184 8.439990663157301 
185 9.257559571631631 
186 9.781081950850943 
187 5.179380791496256 
188 8.131190762830318 
189 8.607408319481213 
190 8.73211181456121 
191 8.323105162372132 
192 9.64797784392295 
193 8.844693463119205 
194 6.464869663863474 
195 7.545435738019296 
196 8.310143623903107 
197 7.488798861585104 
198 8.06865360975863 
199 7.883689238999066 
200 8.002045200456354 
201 7.867998289200201 
202 2.0528544796116988 
203 5.31622395473552 
204 8.921412603506623 
205 7.5823741559932385 
206 10.242375550970074 
207 10.712544568515472 
208 11.177805908297467 
209 7.798742325470698 
210 8.683607514481983 
211 4.989298884210026 
212 6.277497983234278 
213 10.212822323406948 
214 7.571410519779192 
215 8.341860215353162 
216 6.986908408836116 
217 2.4582087907708394 
218 4.397619125006422 
219 8.424141026851258 
220 7.935746679961327 
221 1.6597150198071087 
222 6.7895034179774445 
223 8.73960814220733 
224 6.5357594192103745 
225 10.472773760536935 
226 8.52403791438373 
227 8.332695612440524 
228 9.118547747160171 
229 6.83964685584948 
230 2.273403272184266 
231 8.57014072074686 
232 8.01602323981347 
233 10.833767703040932 
234 7.969522680332059 
235 7.088672972886186 
236 10.552557690178832 
237 7.655040754570972 
238 8.077650756478599 
239 5.83729138136433 
240 4.544611763992034 
241 7.94160672393651 
242 5.3033045259424565 
243 8.42529172014953 
244 2.6948372613597082 
245 7.258012826059119 
246 6.862823829322129 
247 8.943403065782768 
248 8.201082057669334 
249 9.00840422767231 
250 8.59037881766942 
251 9.010784659144617 
252 5.432276313676325 
253 7.573228753071774 
254 8.658779229519466 
255 8.183113650020681 
256 8.457281122716457 
257 7.682283491247704 
258 7.010732630305097 
259 10.226093910380659 
260 8.283555943524226 
261 8.537241372291597 
262 6.598957522093263 
263 8.57876490283627 
264 8.73058501503908 
265 5.7360199775170875 
266 7.637797254307103 
267 7.660871201120737 
268 5.650507619684004 
269 5.856355164849894 
270 9.712386911226325 
271 7.094932244417417 
272 8.728223163283355 
273 1.4207711579292526 
274 8.06803278530855 
275 7.8470515821121145 
276 5.388075155245992 
277 3.7793945117149135 
278 7.0206956579960496 
279 6.77617621304796 
280 8.529602326456324 
281 8.256276401831446 
282 9.1275567384298 
283 8.25970701236503 
284 2.8265732540907873 
285 3.077771573108654 
286 9.78984861145474 
287 1.512001952410358 
288 7.563014239579069 
289 5.935551432764303 
