0 3.4773771702127396 
1 2.82809723429754 
2 3.4773771702127396 
3 2.82809723429754 
4 3.4773771702127396 
5 2.8309170523128797 
6 3.2850570527510596 
7 2.8713686981668802 
8 3.0934414688414003 
9 2.88751506714968 
10 2.9434733048835797 
11 2.6632412657563598 
12 2.74564320079904 
13 2.8189091411151397 
14 2.8275174264946203 
15 2.99725633598844 
16 2.87533410980458 
17 2.99654616299844 
18 2.83775554524846 
19 3.1543230728081197 
20 3.0034185218908402 
21 3.38534883201584 
22 3.13044711404468 
23 3.39643464205392 
24 2.94968673931388 
25 3.27141343806708 
26 2.98195323581054 
27 3.42351184778808 
28 3.1819855207508203 
29 3.5108465063885 
30 3.2098099554064 
31 3.4649829251733 
32 3.1998633363315 
33 3.6030893495262197 
34 3.2501539122487797 
35 3.5027815215419205 
36 3.3952443360548004 
37 3.3962083534517604 
38 3.46814013311106 
39 3.4228085767647998 
40 3.4933198176125204 
41 3.5035769632802003 
42 3.6721600702312402 
43 3.47446766501776 
44 3.6648416363009 
45 3.54968042263502 
46 3.53757482971478 
47 3.65757601613418 
48 3.4823678987259 
49 3.54300251629966 
50 3.319820679046 
51 3.3569315993226 
52 3.2449188527582797 
53 3.4025924730847996 
54 3.33380141646654 
55 3.54809294513038 
56 3.44851715016422 
57 3.5629378675891603 
58 3.46162708931452 
59 3.6582088030098197 
60 3.5424627111202 
61 3.7455247810385 
62 3.47246584716394 
63 3.62320469168876 
64 3.50995944899316 
65 3.5062732790266997 
66 3.5710117619937796 
67 3.4939520189524402 
68 3.6405041109057 
69 3.2745802507962205 
70 3.72407187516026 
71 3.33173115031664 
72 3.7789836490083197 
73 3.37464397047452 
74 3.72647990097738 
75 3.3618413963435203 
76 3.62511669393266 
77 3.2906081399865004 
78 3.3974587018344202 
79 3.55523254141844 
80 3.2688895870932 
81 3.47768313233898 
82 3.2483729455201398 
83 3.5808501756724396 
84 3.32460032074514 
85 3.6225693843032998 
86 3.2526576134850003 
87 3.56876784525668 
88 3.2530642501383604 
89 3.59651194646208 
90 3.47121199221554 
91 3.2702098376124398 
92 3.4997049164080005 
93 3.1184284888352 
94 3.2711379117591 
95 2.8813477340256 
96 3.25437902590848 
97 3.02916766158552 
98 2.97576727722278 
99 3.20602890553076 
100 3.0727136159245 
101 3.34786366366412 
102 3.01287321176716 
103 3.3384100794230003 
104 2.94526234053736 
105 3.45821333895488 
106 3.1468890969793 
107 3.4117695173845 
108 3.38273550870896 
109 3.50341640159726 
110 3.23179057216426 
111 3.2910751597625003 
112 3.5095917316829004 
113 3.4604333553022997 
114 3.6067331284349997 
115 3.42089114702066 
116 3.49310488842022 
117 3.4882680204516197 
118 3.56377317555434 
119 3.37813460196404 
120 3.6161666368529404 
121 3.4656005971912798 
122 3.58827873999736 
123 3.48053612733872 
124 3.5252153257652603 
125 3.5297593080646004 
126 3.6551949073098 
127 3.4361304736885003 
128 3.4714643321317604 
129 3.29420135714102 
130 3.45160985674286 
131 3.19942812688616 
132 3.30928795542194 
133 3.18953208527688 
134 3.3359415992079002 
135 3.1387909866854797 
136 3.3834886528050396 
137 3.26627705535264 
138 3.22686291688276 
139 3.3659838189645797 
140 3.18741131900504 
141 3.44872752167414 
142 3.2881333394127403 
143 3.3031979488758205 
144 3.3135958792018996 
145 3.2086137121266605 
146 3.24278179542346 
147 3.01799851160352 
148 3.4036104832626 
149 3.0843346954074002 
150 3.4517610122142797 
151 3.07211510054658 
152 3.3626707204368005 
153 3.19866050248996 
154 3.40571455947632 
155 3.35220915478794 
156 3.17028533760834 
157 3.5119413938311803 
158 3.16607868364204 
159 3.44862650636504 
160 3.2092592905963797 
161 3.50347482503578 
162 3.2753522157874997 
163 3.3692424677779003 
164 3.22186685824038 
165 3.4264460200332203 
166 3.39168737245384 
167 3.4768430112553 
168 3.4351240124677402 
169 3.67831972686404 
170 3.55908322651108 
171 3.7529245147019403 
172 3.53290220446362 
173 3.6560639640759596 
174 3.43301512435488 
175 3.7608488448669 
176 3.4771587999097795 
177 3.7552919026944 
178 3.5583051314476997 
179 3.61631839945384 
180 3.5220550162733 
181 3.48847825594396 
182 3.5336196128303796 
183 3.4362217506523 
184 3.6588904086127796 
185 3.4142494941962602 
186 3.7262743965587197 
187 3.41382606308296 
188 3.62442725003048 
189 3.56145004569044 
190 3.5441226586851995 
191 3.5149533297340803 
192 3.47925774586446 
193 3.5513360850409 
194 3.4551645704805205 
195 3.62481204136362 
196 3.27865590567254 
197 3.5885409690479397 
198 3.3578671511236005 
199 3.5410972065048596 
200 3.1929519150681402 
201 3.5028877391364395 
202 3.2354329868544602 
203 3.53849361715854 
204 3.2901701724610803 
205 3.4181318484575796 
206 3.35836636192676 
207 3.29949622647136 
208 3.31734714999124 
209 3.3271863026029997 
210 3.5947209054629803 
211 3.5021052039764795 
212 3.6741459965694196 
213 3.44339094033134 
214 3.54773794040866 
215 3.58498101833622 
216 3.49145086392828 
217 3.6191630337113203 
218 3.56219710184578 
219 3.53571141651702 
220 3.44079380052478 
221 3.4538709315275398 
222 3.3524370607484597 
223 3.42945924827814 
224 3.3888085720214796 
225 3.3546765776880796 
226 3.4175992808126403 
227 3.5462567444331596 
228 3.3229550211513597 
229 3.6025733552319403 
230 3.281507936822 
231 3.5890320145929 
232 3.2293346197547 
233 3.69877559462944 
234 3.25005616116938 
235 3.6359478762962603 
236 3.3862109233525404 
237 3.5499798843782004 
238 3.5378706061992404 
239 3.49718622748228 
240 3.72503274645234 
241 3.67791685925364 
242 3.7552243193692805 
243 3.59024953743062 
244 3.7860916637092403 
245 3.7295504413679197 
246 3.6155524472013605 
247 3.6347033654045604 
248 3.58606236505262 
249 3.49377893056674 
250 3.4475122648524197 
251 3.2680134225372797 
252 3.5042359502622196 
253 3.30142628953866 
254 3.62263189389556 
255 3.32719899245408 
256 3.6473549617781402 
257 3.39024339116668 
258 3.4601094744001 
259 3.49723779476574 
260 3.45083910907348 
261 3.55141774647728 
262 3.4317419990197005 
263 3.53357053826036 
264 3.32246168628944 
265 3.5752555311134 
266 3.3563208636884396 
267 3.43506951548056 
268 3.54520852710694 
269 3.3054560767793397 
270 3.59113219226886 
271 3.31478057675304 
272 3.50291429358048 
273 3.17464659858808 
274 3.5774992405845 
275 3.2437454231135 
276 3.4534811336718803 
277 3.27440915179796 
278 2.82809723429754 
279 3.4773771702127396 
280 2.82809723429754 
281 3.4773771702127396 
282 2.8309170523128797 
283 3.2850570527510596 
284 2.8713686981668802 
285 3.0934414688414003 
286 2.88751506714968 
287 2.9434733048835797 
288 2.6632412657563598 
289 2.74564320079904 
290 2.8189091411151397 
291 2.8275174264946203 
292 2.99725633598844 
293 2.87533410980458 
294 2.99654616299844 
295 2.83775554524846 
296 3.1543230728081197 
297 3.0034185218908402 
298 3.38534883201584 
299 3.13044711404468 
300 3.39643464205392 
301 2.94968673931388 
302 3.27141343806708 
303 2.98195323581054 
304 3.42351184778808 
305 3.1819855207508203 
306 3.5108465063885 
307 3.2098099554064 
308 3.4649829251733 
309 3.1998633363315 
310 3.6030893495262197 
311 3.2501539122487797 
312 3.5027815215419205 
313 3.3952443360548004 
314 3.3962083534517604 
315 3.46814013311106 
316 3.4228085767647998 
317 3.4933198176125204 
318 3.5035769632802003 
319 3.6721600702312402 
320 3.47446766501776 
321 3.6648416363009 
322 3.54968042263502 
323 3.53757482971478 
324 3.65757601613418 
325 3.4823678987259 
326 3.54300251629966 
327 3.319820679046 
328 3.3569315993226 
329 3.2449188527582797 
330 3.4025924730847996 
331 3.33380141646654 
332 3.54809294513038 
333 3.44851715016422 
334 3.5629378675891603 
335 3.46162708931452 
336 3.6582088030098197 
337 3.5424627111202 
338 3.7455247810385 
339 3.47246584716394 
340 3.62320469168876 
341 3.50995944899316 
342 3.5062732790266997 
343 3.5710117619937796 
344 3.4939520189524402 
345 3.6405041109057 
346 3.2745802507962205 
347 3.72407187516026 
348 3.33173115031664 
349 3.7789836490083197 
350 3.37464397047452 
351 3.72647990097738 
352 3.3618413963435203 
353 3.62511669393266 
354 3.2906081399865004 
355 3.3974587018344202 
356 3.55523254141844 
357 3.2688895870932 
358 3.47768313233898 
359 3.2483729455201398 
360 3.5808501756724396 
361 3.32460032074514 
362 3.6225693843032998 
363 3.2526576134850003 
364 3.56876784525668 
365 3.2530642501383604 
366 3.59651194646208 
367 3.47121199221554 
368 3.2702098376124398 
369 3.4997049164080005 
370 3.1184284888352 
371 3.2711379117591 
372 2.8813477340256 
373 3.25437902590848 
374 3.02916766158552 
375 2.97576727722278 
376 3.20602890553076 
377 3.0727136159245 
378 3.34786366366412 
379 3.01287321176716 
380 3.3384100794230003 
381 2.94526234053736 
382 3.45821333895488 
383 3.1468890969793 
384 3.4117695173845 
385 3.38273550870896 
386 3.50341640159726 
387 3.23179057216426 
388 3.2910751597625003 
389 3.5095917316829004 
390 3.4604333553022997 
391 3.6067331284349997 
392 3.42089114702066 
393 3.49310488842022 
394 3.4882680204516197 
395 3.56377317555434 
396 3.37813460196404 
397 3.6161666368529404 
398 3.4656005971912798 
399 3.58827873999736 
400 3.48053612733872 
401 3.5252153257652603 
402 3.5297593080646004 
403 3.6551949073098 
404 3.4361304736885003 
405 3.4714643321317604 
406 3.29420135714102 
407 3.45160985674286 
408 3.19942812688616 
409 3.30928795542194 
410 3.18953208527688 
411 3.3359415992079002 
412 3.1387909866854797 
413 3.3834886528050396 
414 3.26627705535264 
415 3.22686291688276 
416 3.3659838189645797 
417 3.18741131900504 
418 3.44872752167414 
419 3.2881333394127403 
420 3.3031979488758205 
421 3.3135958792018996 
422 3.2086137121266605 
423 3.24278179542346 
424 3.01799851160352 
425 3.4036104832626 
426 3.0843346954074002 
427 3.4517610122142797 
428 3.07211510054658 
429 3.3626707204368005 
430 3.19866050248996 
431 3.40571455947632 
432 3.35220915478794 
433 3.17028533760834 
434 3.5119413938311803 
435 3.16607868364204 
436 3.44862650636504 
437 3.2092592905963797 
438 3.50347482503578 
439 3.2753522157874997 
440 3.3692424677779003 
441 3.22186685824038 
442 3.4264460200332203 
443 3.39168737245384 
444 3.4768430112553 
445 3.4351240124677402 
446 3.67831972686404 
447 3.55908322651108 
448 3.7529245147019403 
449 3.53290220446362 
450 3.6560639640759596 
451 3.43301512435488 
452 3.7608488448669 
453 3.4771587999097795 
454 3.7552919026944 
455 3.5583051314476997 
456 3.61631839945384 
457 3.5220550162733 
458 3.48847825594396 
459 3.5336196128303796 
460 3.4362217506523 
461 3.6588904086127796 
462 3.4142494941962602 
463 3.7262743965587197 
464 3.41382606308296 
465 3.62442725003048 
466 3.56145004569044 
467 3.5441226586851995 
468 3.5149533297340803 
469 3.47925774586446 
470 3.5513360850409 
471 3.4551645704805205 
472 3.62481204136362 
473 3.27865590567254 
474 3.5885409690479397 
475 3.3578671511236005 
476 3.5410972065048596 
477 3.1929519150681402 
478 3.5028877391364395 
479 3.2354329868544602 
480 3.53849361715854 
481 3.2901701724610803 
482 3.4181318484575796 
483 3.35836636192676 
484 3.29949622647136 
485 3.31734714999124 
486 3.3271863026029997 
487 3.5947209054629803 
488 3.5021052039764795 
489 3.6741459965694196 
490 3.44339094033134 
491 3.54773794040866 
492 3.58498101833622 
493 3.49145086392828 
494 3.6191630337113203 
495 3.56219710184578 
496 3.53571141651702 
497 3.44079380052478 
498 3.4538709315275398 
499 3.3524370607484597 
500 3.42945924827814 
501 3.3888085720214796 
502 3.3546765776880796 
503 3.4175992808126403 
504 3.5462567444331596 
505 3.3229550211513597 
506 3.6025733552319403 
507 3.281507936822 
508 3.5890320145929 
509 3.2293346197547 
510 3.69877559462944 
511 3.25005616116938 
512 3.6359478762962603 
513 3.3862109233525404 
514 3.5499798843782004 
515 3.5378706061992404 
516 3.49718622748228 
517 3.72503274645234 
518 3.67791685925364 
519 3.7552243193692805 
520 3.59024953743062 
521 3.7860916637092403 
522 3.7295504413679197 
523 3.6155524472013605 
524 3.6347033654045604 
525 3.58606236505262 
526 3.49377893056674 
527 3.4475122648524197 
528 3.2680134225372797 
529 3.5042359502622196 
530 3.30142628953866 
531 3.62263189389556 
532 3.32719899245408 
533 3.6473549617781402 
534 3.39024339116668 
535 3.4601094744001 
536 3.49723779476574 
537 3.45083910907348 
538 3.55141774647728 
539 3.4317419990197005 
540 3.53357053826036 
541 3.32246168628944 
542 3.5752555311134 
543 3.3563208636884396 
544 3.43506951548056 
545 3.54520852710694 
546 3.3054560767793397 
547 3.59113219226886 
548 3.31478057675304 
549 3.50291429358048 
550 3.17464659858808 
551 3.5774992405845 
552 3.2437454231135 
553 3.4534811336718803 
554 3.27440915179796 
555 3.2634024736979397 
