0 4.917495471518932 
1 5.801924428287657 
2 4.593220617400627 
3 7.06210463751669 
4 4.4526323723464225 
5 5.734710256785377 
6 4.7827332354202206 
7 3.885233662174054 
8 6.256681364973478 
9 6.262903423293206 
10 8.130418432264992 
11 8.431965164877802 
12 2.3381432563615574 
13 2.3041170059417078 
14 3.2467322158695953 
15 8.262668408123384 
16 8.914093831358588 
17 7.71342137349269 
18 2.1005717307777063 
19 7.029072846350308 
20 8.535973038537309 
21 5.275900542520501 
22 3.9713485225931007 
23 3.353428460181123 
24 8.71755626822521 
25 8.598232918554356 
26 8.66589945062097 
27 8.405604131554002 
28 8.130670605704626 
29 8.916007686682653 
30 7.2546609634473915 
31 6.865609782048239 
32 7.5146941576323085 
33 7.90435556091604 
34 7.37266896232899 
35 7.6692478867213145 
36 3.4723617882443327 
37 5.581161153995085 
38 2.6848459942107805 
39 7.75863765681708 
40 5.901726629435296 
41 8.405789433602283 
42 8.097721643135294 
43 9.343036556380493 
44 5.508478160086259 
45 8.592349798420138 
46 6.345823845798882 
47 6.417174872935683 
48 8.612392404231553 
49 7.11395754323358 
50 2.1466153850090715 
51 9.746760610511052 
52 7.464834705228031 
53 4.175626423009877 
54 8.607302337798792 
55 6.0733586540536075 
56 7.734943402907125 
57 7.01895683838492 
58 8.076110962420117 
59 8.080249517897977 
60 9.009894269228951 
61 7.452976265572553 
62 7.8926348274434535 
63 7.044408129537847 
64 8.278699979077764 
65 8.41619629144335 
66 5.781682190428798 
67 8.851767903798345 
68 8.229095218288691 
69 8.798420846173048 
70 8.743853270681237 
71 7.293591877120405 
72 5.180167596040436 
73 9.040519889211005 
74 5.214921502096883 
75 8.04939058208958 
76 8.19132805512048 
77 9.35633358243082 
78 6.391242468663239 
79 6.272541152155674 
80 4.893736378104159 
81 10.249784340031622 
82 8.640976355436889 
83 8.175505279387485 
84 7.085858705311137 
85 6.7217810627465 
86 5.187817798837588 
87 0.9873880558716611 
88 8.878882112487325 
89 9.47375030775034 
90 4.81955443610474 
91 5.76593697245638 
92 10.01464601484658 
93 0.9610989372079418 
94 7.1854232479733575 
95 8.167720175571835 
96 7.465126999410878 
97 1.3304877213195045 
98 2.7506338328360167 
99 3.3260409975813805 
100 5.079128884755483 
101 2.495847398978764 
102 6.7280671923824675 
103 5.9715510527762 
104 4.512707072945839 
105 3.8579238993664413 
106 4.4125440144086365 
107 9.290759310575503 
108 7.7581353709447995 
109 0.7797301221339931 
110 9.695458905930352 
111 1.4332248981711817 
112 7.235213651034057 
113 6.656389210257777 
114 7.950835023600553 
115 6.955139780880887 
116 8.630752389026528 
117 7.648814647311985 
118 8.950292559888354 
119 7.17349045228709 
120 8.527781392322707 
121 8.62237790989302 
122 4.782651431099577 
123 10.99435904963617 
124 6.223556993204143 
125 3.7445231167815507 
126 4.517635705045835 
127 7.699870025921384 
128 3.968620460284974 
129 9.397863339786333 
130 5.931069395835543 
131 1.4611692966272218 
132 7.213003790249909 
133 6.359284124471614 
134 7.970143581402066 
135 5.523683347578329 
136 9.670957641324323 
137 9.121244609526377 
138 8.841617093397304 
139 5.857418370068722 
140 6.32835983035069 
141 7.069282032785338 
142 9.276642426172655 
143 3.1259182744154606 
144 8.458850292831674 
145 7.8103601741468625 
146 8.753470142478802 
147 8.217213363660763 
148 8.692803982565911 
149 7.589673436077831 
150 8.372683156636079 
151 7.76616537733718 
152 6.875446076575181 
153 5.571308644599118 
154 8.810267397651605 
155 6.823179559925428 
156 4.21495729072455 
157 3.221684033618609 
158 6.4354886719673 
159 7.7144002736813455 
160 7.00691452484568 
161 11.952206039501544 
162 7.170632966792494 
163 6.367306539147596 
164 7.145431531318198 
165 7.128502596089295 
166 8.263987074910352 
167 7.580606332257354 
168 7.3931238707971625 
169 7.57246307473158 
170 5.159051856152344 
171 6.12778590243881 
172 8.969605207725191 
173 9.00084551170626 
174 4.48653921853874 
175 1.0599313090971854 
176 9.363727895591062 
177 7.54315599029568 
178 7.684901563802597 
179 8.6802289725622 
180 8.427797257246194 
181 7.218900651788157 
182 2.7202778970416364 
183 10.181659291122402 
184 10.726626395715797 
185 8.286518097044413 
186 9.39289649303534 
187 7.8445712917729615 
188 8.686377003686369 
189 8.298273000120686 
190 9.443100102214038 
191 8.2451425201494 
192 8.884373828370745 
193 7.0208131768802 
194 7.024070014552872 
195 9.863635829164991 
196 9.47246656985607 
197 7.465910992285428 
198 6.110636165234545 
199 1.6802621563804472 
200 8.306901318629956 
201 8.765965273075347 
202 7.9588915285884525 
203 8.517788784708895 
204 5.36240807601436 
205 2.289654720637607 
206 8.827381841830002 
207 9.362829092759847 
208 9.875549779146535 
209 10.226168707363575 
210 4.109492297954809 
211 4.148430653829949 
212 7.438199497417036 
213 9.01969824694204 
214 7.441274256902284 
215 7.380621729199734 
216 7.947129085066392 
217 9.143036514998593 
218 1.129284555581732 
219 7.723065138614737 
220 5.66573505355312 
221 6.129155950432546 
222 7.3995801210239405 
223 6.848413500552699 
224 6.6000270653880895 
225 6.558888103533474 
226 6.899456834638882 
227 2.813158510730342 
228 8.674286966970197 
229 8.9750369118182 
230 1.5458250086333634 
231 7.746328886689063 
232 5.46440706230588 
233 5.60417409894111 
234 10.225645151459743 
235 4.928022483501016 
236 7.29191810138752 
237 8.657260095276625 
238 8.10730087426476 
239 8.594004712631902 
240 7.652345253755198 
241 7.186371214107157 
242 8.104167914535628 
243 8.005802545485086 
244 8.125047702622336 
245 4.992363213925232 
246 7.371217779621132 
247 8.283392350365656 
248 6.674215589863056 
249 2.2580857730449106 
250 6.353898941851041 
251 8.25437534808937 
252 7.550244006055599 
253 8.217245561069458 
254 4.224305014210926 
255 11.528640851419398 
256 8.936352809079732 
257 8.93134816530953 
258 8.637292938278927 
259 7.868588709374836 
260 6.349541606617335 
261 6.822147438139123 
262 8.244931818137141 
263 7.961202863092041 
264 11.843866569904527 
265 5.783627480857084 
266 5.557651486040626 
267 4.435633512515427 
268 6.604485496851523 
269 5.245850462824574 
270 3.6950801908193514 
271 6.6345833834239185 
272 7.016209380363398 
273 6.527104037049602 
274 9.023559809559462 
275 8.49128461354701 
276 8.887065743416759 
277 7.3201833229199025 
278 7.63043292382309 
279 5.108171141777403 
280 3.7165029479993126 
281 6.960056419829911 
282 7.674299546784401 
283 8.156776109418118 
284 13.27992198532159 
285 3.647262099484603 
286 8.63887624481221 
287 8.354538193247935 
288 4.223339458779106 
289 8.351011745123454 
290 10.388960857212918 
291 2.1828075511132345 
