0 25.236789853066824 
1 11.545174032122656 
2 10.397975095258282 
3 16.49943157008603 
4 3.951909668568672 
5 9.617536859966522 
6 14.075648610826793 
7 10.861739098908725 
8 30.07639740418056 
9 2.5757794791456203 
10 8.85374853292579 
11 17.823376932425656 
12 26.00925202465553 
13 18.878039778736966 
14 21.869480885144014 
15 29.070987953811393 
16 18.536885463255963 
17 12.717372782428617 
18 22.56409373587829 
19 21.141923906687904 
20 4.93826323250305 
21 10.475049262129472 
22 12.957860655940289 
23 18.81385324105016 
24 11.652365725525277 
25 13.894773108241514 
26 12.128610631573164 
27 11.084664418533357 
28 6.202573127088817 
29 23.033097381094898 
30 31.767810346133455 
31 12.803946528928899 
32 13.445005769970509 
33 22.950043226561903 
34 15.608919586769478 
35 14.98672231194706 
36 10.39076245426191 
37 9.78774683449779 
38 15.374845584542692 
39 20.82770469905304 
40 16.899636970212217 
41 9.714883957937648 
42 31.138345496254612 
43 24.185396400708097 
44 24.08913597831331 
45 21.567538938567306 
46 15.096438880770531 
47 23.25904730216825 
48 34.56682517574728 
49 22.1886800438028 
50 12.927985796890605 
51 16.337285574061667 
52 15.28848453037063 
53 30.053553643209778 
54 26.16811514633492 
55 36.67984853387437 
56 13.939983315773905 
57 17.247734188666833 
58 12.15923559493025 
59 19.819229969569243 
60 12.884539059380089 
61 11.70524130193929 
62 9.704476831488908 
63 17.52548406775695 
64 34.39786771640628 
65 22.00636952700753 
66 29.313578038075537 
67 43.445831304834215 
68 42.399684603176205 
69 24.59944634729977 
70 20.2563688961224 
71 21.81715284424285 
72 18.03939649388408 
73 5.762538520616 
74 22.575145457579133 
75 26.30498780174225 
76 22.508876247719222 
77 18.6260363700957 
78 14.334306200146273 
79 25.182242822320152 
80 10.032971974778258 
81 21.274036803343545 
82 25.387097945694673 
83 22.776315217863505 
84 37.33746383584813 
85 11.672405972142986 
86 15.917239390224928 
87 9.608019388741518 
88 28.66351850965974 
89 9.733709286269596 
90 11.213637190003102 
91 19.117765835737693 
92 22.590709072792396 
93 22.634352722778956 
94 17.572107871683475 
95 8.954763999077688 
96 54.650336165111796 
97 33.95372783939124 
98 26.39786516288203 
99 31.192069429674195 
100 22.81161926827544 
101 24.16087650274483 
102 22.81161926827544 
103 25.109127589902002 
104 22.81161926827544 
105 16.46633165829146 
106 22.81161926827544 
107 23.045119887475 
108 22.81161926827544 
109 25.69881747441946 
110 22.81161926827544 
111 11.466739570233473 
112 22.81161926827544 
113 4.016040015779576 
114 22.81161926827544 
115 14.462119853803186 
116 22.81161926827544 
117 12.514706847680143 
118 22.81161926827544 
119 25.69189116346307 
120 22.81161926827544 
121 12.999144610425835 
122 22.81161926827544 
123 29.923406198276354 
124 22.81161926827544 
125 25.8052258870288 
126 22.81161926827544 
127 14.296001908722179 
128 22.81161926827544 
129 19.429947931143104 
130 25.985725614591594 
131 22.455370909713896 
132 27.963331622142366 
133 22.247526905674988 
134 15.838798845973747 
135 22.44599758110263 
136 11.063379018558964 
137 9.526338621574661 
138 13.10408777915245 
139 21.199306548867582 
140 13.727871384994042 
141 9.756418904773646 
142 24.449882539478978 
143 28.50785710401827 
144 11.96369507053904 
145 18.960991288702438 
146 10.95664939957002 
147 18.132826077558256 
148 28.02405323783307 
149 13.274584210276455 
150 16.84134785262279 
151 14.209068889001813 
152 10.907555157958246 
153 12.505676939223356 
154 25.231476301336077 
155 30.99705128110381 
156 12.793675001982661 
157 14.375032987521292 
158 14.95274220688475 
159 18.00207734237521 
160 16.85610255998071 
161 11.92827627002477 
162 14.487546241766289 
163 22.159607347960925 
164 14.122663649740227 
165 7.588410149712787 
166 24.077381874960533 
167 9.249434356710315 
168 13.089855940878337 
169 13.343505136272679 
170 29.69103458039854 
171 19.883023858847398 
172 12.107883410168846 
173 23.52003319706834 
174 41.32359924728323 
175 15.150095719703812 
176 19.391590189324766 
177 14.592537957331922 
178 21.38881579618354 
179 10.07594608294156 
180 22.10553388847897 
181 16.937649415261355 
182 35.70532050736358 
183 29.205804528869454 
184 23.033856326163004 
185 36.54243372045409 
186 18.66623943035158 
187 25.021052192016988 
188 12.227150819748594 
189 19.99506118693598 
190 19.96736139542412 
191 12.003445660728339 
192 15.068345116974191 
193 11.51515750517513 
194 13.873998557790905 
195 13.012331967251258 
196 14.065500103957772 
197 20.68319624435371 
198 22.224539539221297 
199 21.609541719261188 
200 13.132850097847358 
201 11.929497626503522 
202 19.045020909862824 
203 32.40621499045809 
204 19.843703132466278 
205 13.089406587919546 
206 9.272540766156132 
207 11.895360181508792 
208 21.30104720018689 
209 14.100823328884422 
210 19.954631955545405 
211 17.490113006129853 
212 12.501390432986495 
213 31.149214270861183 
214 30.929848754120364 
215 20.915466549646947 
216 37.84311673313243 
217 17.17920950235511 
218 26.321825952167284 
219 25.44531534373559 
220 26.008606897920206 
221 10.58860179493329 
222 21.640537207778472 
223 20.057116078003805 
224 15.101221979794488 
225 12.789890802862727 
226 19.28025594822197 
227 18.25459704831416 
228 24.117670059226036 
229 23.342018710104682 
230 20.915779447771687 
231 36.31086216897092 
232 23.409633309147736 
233 14.547997280685934 
234 21.532882239996713 
235 20.194632488179725 
236 18.009497883157145 
237 18.915499754215542 
238 30.021931457038967 
239 10.04664621074391 
240 18.921814449732704 
241 13.360549418345375 
242 16.67416963167624 
243 18.776374103553554 
244 20.29105932551873 
245 19.235250145606802 
246 24.779804210016366 
247 10.007907439530994 
248 24.328909512761022 
249 15.052230396554817 
250 47.755342768333925 
251 9.677986829293054 
252 26.510153904497045 
253 19.244517040762016 
254 16.98635196539798 
255 12.686868198014531 
256 18.179353149732574 
257 7.733303341452038 
258 18.96116272236161 
259 14.6495197513185 
260 19.83994853528975 
261 11.971583108561317 
262 21.27468425057063 
263 17.405556593007574 
264 37.82366467973055 
265 5.7143184118779455 
266 23.709358130069813 
267 17.174285480304643 
268 22.851140567368933 
269 9.462999061439607 
270 32.12229174484771 
271 10.116653883075973 
272 19.14079834252883 
273 17.290822594342345 
274 9.4979279985145 
275 15.353178031245882 
276 15.530605368297497 
277 19.208206631251144 
278 30.00839945339162 
279 24.63831761976092 
280 22.398051927246318 
281 10.069124789041437 
282 23.199610602239037 
283 14.462269453169986 
284 31.371948300622307 
285 18.56346705378324 
286 20.82904930276906 
287 11.131291417531177 
288 11.650747354883153 
289 17.330975323537675 
290 14.900312976258567 
291 9.30198889342299 
292 15.0389535884344 
293 14.885030875150827 
294 24.197395824319102 
295 14.625051867400773 
296 1.6638563522454681 
297 0.925679952470199 
298 16.620056743434088 
299 28.048415787291525 
300 41.4932531360057 
301 20.219457286238363 
302 23.077706922260067 
303 21.948675011512538 
304 31.827594056851467 
305 17.428845682372543 
306 26.21390848921583 
307 11.456779332309928 
308 11.524016243453987 
309 12.741673248678534 
310 29.301700409383688 
311 18.586994478369924 
312 16.71823407020033 
313 9.194244478153744 
314 25.640532824716807 
315 10.91212396356645 
316 19.882364094882345 
317 15.8043031010965 
318 13.44095573202074 
319 13.239178056248225 
320 17.618980407971232 
321 12.383537053439623 
322 19.540018262117286 
323 18.745408959066104 
