0 10.135037043122738 
1 11.197142452888114 
2 17.063750498368606 
3 22.71784039084419 
4 22.705542262594328 
5 15.636327034271421 
6 6.842581459808049 
7 9.29545389066555 
8 15.456603773584906 
9 15.64484231335907 
10 10.60791008462445 
11 22.488359873465228 
12 9.426228366081522 
13 14.36120222695492 
14 29.431233861008195 
15 11.090995631617359 
16 14.448768119936064 
17 18.182111382286514 
18 11.712007148441863 
19 24.265150156491355 
20 15.083734913762102 
21 20.220821983849586 
22 23.06628463953981 
23 29.483782985842623 
24 16.75302463243077 
25 17.673845531504274 
26 21.989525062781468 
27 9.243848900251246 
28 13.885665099649076 
29 10.557073028306208 
30 15.197965055185557 
31 19.536377694557785 
32 19.458522577023533 
33 20.212831374363276 
34 20.254021295603255 
35 8.944967061277326 
36 13.427186641653915 
37 14.16429936714418 
38 18.624464929574962 
39 13.328960581677663 
40 16.92732754063031 
41 18.358226462992953 
42 13.389680413983763 
43 15.833118792632886 
44 23.793014641230293 
45 8.97090975200248 
46 19.104616842181976 
47 25.75562787841572 
48 10.601903856750704 
49 11.292374295960455 
50 13.092266633371311 
51 11.275829159643308 
52 31.433076531071077 
53 19.889529590288316 
54 20.6091088213761 
55 18.327743063141796 
56 20.46441187376803 
57 17.252274634330938 
58 21.211957538701178 
59 19.74096683249634 
60 17.208742425050566 
61 15.087967193064499 
62 24.582865917629338 
63 19.18983936422823 
64 25.181184522558762 
65 20.345193226521534 
66 25.81427868045298 
67 7.928741020793951 
68 19.456446510247062 
69 16.31041200832183 
70 12.88267905902444 
71 9.235341004672383 
72 12.065842390209943 
73 13.727781523496567 
74 30.92437569582175 
75 23.511726983272794 
76 20.453334763760136 
77 15.429084327776225 
78 15.615835111116075 
79 14.271437077867946 
80 13.09966769107763 
81 30.55825610537973 
82 23.122617065614076 
83 7.643086096021838 
84 23.861506340419965 
85 11.374692195042577 
86 16.70119217322747 
87 10.244101642259107 
88 11.198158872042141 
89 13.439577552341342 
90 18.863182132995135 
91 27.77776747574423 
92 9.712004593996314 
93 33.11205494592247 
94 28.086355600792842 
95 25.5853209218344 
96 13.89850255648964 
97 20.019875230899206 
98 27.102865820167363 
99 11.045024832387965 
100 13.085649570862985 
101 9.959641915797972 
102 21.920571126940906 
103 14.185905089171264 
104 10.854262201749393 
105 8.307378453481855 
106 12.719223922780438 
107 17.902113184031823 
108 23.536399090934598 
109 20.10451288196525 
110 13.164754661787 
111 15.618800783490105 
112 15.344696512389378 
113 22.43555194197348 
114 20.543798123077526 
115 34.50029200562625 
116 14.024629932423169 
117 14.712003760163315 
118 18.010425880918234 
119 14.632909449299632 
120 23.026521951567656 
121 9.697835139503212 
122 13.968302178351033 
123 26.467495425001577 
124 13.837609572793946 
125 17.77646674888852 
126 11.587563472812363 
127 19.395804816691946 
128 25.357475802112365 
129 21.7987838469934 
130 17.762389151922214 
131 27.450531758238164 
132 18.021259592166434 
133 19.513564061169706 
134 13.104660971936687 
135 22.932726795555944 
136 19.477227134259604 
137 14.506386290141284 
138 17.03685771152362 
139 30.122621928885888 
140 19.859205878732208 
141 12.268997431712211 
142 19.936231498293612 
143 22.653668126751967 
144 12.06421123782952 
145 59.88269895205734 
146 17.441891605294565 
147 14.821281166958784 
148 15.047640231761351 
149 17.2468831211553 
150 18.870990092773393 
151 22.596550962465724 
152 13.789386821142195 
153 27.474086883613687 
154 18.76654481675533 
155 28.26578968649756 
156 12.647045166036973 
157 42.836174232752896 
158 12.089073353509152 
159 9.540336503358438 
160 8.988442737654646 
161 31.330937992545064 
162 21.718528798007465 
163 10.852745592200252 
164 16.213128822024135 
165 14.969018447603311 
166 15.390416362415467 
167 19.0743819693304 
168 10.047945878221206 
169 10.877908605218114 
170 11.482906930584644 
171 39.056746438215846 
172 13.389765903584072 
173 16.988691228411263 
174 10.327186058078208 
175 14.017271341870973 
176 16.241506160792422 
177 14.294101809977882 
178 17.88173500797244 
179 11.025600988394254 
180 15.554680343706076 
181 16.96004528820687 
182 14.206036958760093 
183 12.000492116127962 
184 13.954871207937131 
185 12.344320964400076 
186 12.85251929729945 
187 17.794642478341665 
188 21.434067169518205 
189 7.882503951302661 
190 12.288444016043549 
191 12.027264411455182 
192 15.486394080594303 
193 17.745255159458797 
194 18.605463239795238 
195 23.958826251121025 
196 11.086393060008616 
197 23.263949592882657 
198 10.386902653990644 
199 10.753191882108027 
200 18.51430185747581 
201 7.854869610000468 
202 19.188961428133535 
203 18.9076549264981 
204 32.540218470705064 
205 12.866002656449867 
206 26.45047044875514 
207 10.555213303537275 
208 10.844271619748898 
209 19.256709976585096 
210 25.5058165344036 
211 18.618429755367835 
212 11.724546244867039 
213 18.70878589047634 
214 20.915257956098095 
215 14.240233042143824 
216 11.897688430237341 
217 10.193264281443966 
218 12.018269655065703 
219 17.684949065641234 
220 26.072792147648087 
221 13.636864333763587 
222 19.859676037064922 
223 10.246404002501563 
224 18.71270890774598 
225 8.099347889475279 
226 25.678835781237563 
227 8.9604074404018 
228 14.755012083880068 
229 27.041184207133096 
230 13.42933620214905 
231 9.564768446305266 
232 11.478413171030738 
233 15.367409822851595 
234 10.446403176034291 
235 5.977627564072416 
236 16.630204987906904 
237 14.015819284556649 
238 9.127675919175653 
239 12.342468373613633 
240 20.956117253818444 
241 17.998678304453428 
242 20.382763865738152 
243 15.910054395241744 
244 22.542991970245836 
245 11.013557194661148 
246 23.362170953691223 
247 23.95444758559639 
248 28.35636924158633 
249 12.9724888114981 
250 14.041109281056254 
251 24.999725821641018 
252 12.317096735354319 
253 14.031667653562694 
254 27.09148688799897 
255 12.053775368857877 
256 14.28451158957313 
257 20.692788143704302 
258 13.451559934318555 
259 9.219668960059789 
260 13.414175011273615 
261 16.53664094749583 
262 13.552965506099039 
263 14.171621644451202 
264 12.544500738737984 
265 16.805651161765706 
266 23.64400148821268 
267 13.451214818995817 
268 20.193174104155332 
269 16.19016077046301 
270 6.922184703641723 
271 8.932926972119105 
272 21.46159553401933 
273 15.102635748235633 
274 14.462718269840831 
275 23.95581574663735 
276 14.104901383821229 
277 21.745327478315872 
278 19.422929806525705 
279 12.729955718504446 
280 7.772108786812462 
281 7.433862208799467 
282 12.181660291653234 
283 20.90660499150139 
284 16.309714347930907 
285 15.992069362575016 
286 25.78412737443905 
287 17.19399852422727 
288 15.187894018344371 
289 16.98483866787612 
290 16.473769171854443 
291 23.00517770952172 
292 9.49644418583063 
293 13.435659898070647 
294 11.356367525417305 
295 14.797437272445034 
296 13.431056346146457 
297 18.915670366244694 
298 13.333960668620731 
299 20.439779145529062 
300 9.410387920396671 
301 21.59407724703193 
302 17.26491532819073 
303 6.5795584140554535 
304 61.5036659041586 
305 26.501946115351565 
306 28.004593649013167 
307 15.270283357180045 
308 17.548361183863708 
309 21.33398439486882 
