0 4.06428207731936 
1 3.1290735282721585 
2 3.6748920901004567 
3 3.7968781463941483 
4 3.4411652079669826 
5 3.576392713706354 
6 3.777342775073101 
7 3.6932145946595627 
8 2.986725822302639 
9 3.671714790933178 
10 3.7059628025897915 
11 3.609746769031222 
12 3.7018470962564702 
13 2.7376354666135776 
14 4.85 
15 2.6847759088477474 
16 4.101203396120436 
17 3.3419266312495086 
18 2.930695817604956 
19 3.282221532625824 
20 3.571406058406549 
21 3.766471457140378 
22 3.1548855211612707 
23 3.582119957761418 
24 3.020836951136077 
25 4.591218411209834 
26 4.476848789606948 
27 4.133379992224542 
28 3.528076116176078 
29 3.5066293086483613 
30 3.871489884193552 
31 3.769269602874729 
32 4.108174288900026 
33 4.0472640235520725 
34 3.4776384431697864 
35 4.482252389382942 
36 3.7138176836811554 
37 3.3438282879198034 
38 3.4440335760402814 
39 3.162440519647433 
40 3.5899675047310997 
41 3.4873964676750444 
42 3.806562656958368 
43 3.1920330956692125 
44 4.175623730419765 
45 3.5427946128560066 
46 3.2235096631242035 
47 4.027729146528799 
48 3.752223100352914 
49 4.407136228652666 
50 3.919561818307544 
51 4.362549413893943 
52 3.662217160670393 
53 4.1187752516824565 
54 3.517595199277271 
55 3.7380359123040208 
56 2.8926804625197287 
57 4.327113522989248 
58 4.256552504002597 
59 3.89241065622063 
60 3.9382044734976485 
61 3.9551089637044567 
62 4.85 
63 4.486655120279879 
64 4.337449831454966 
65 3.421795340439484 
66 4.5936796535863875 
67 3.915003511443476 
68 4.917958242908277 
69 3.838320859208709 
70 3.814314377329084 
71 3.7994891713922763 
72 4.85 
73 3.81376116321929 
74 3.5012383951912094 
75 3.652121669148661 
76 4.996981404536691 
77 3.2069817273989267 
78 3.6587177789748506 
79 4.129552683564489 
80 3.660971283803912 
81 3.522226281103501 
82 3.3989156416900683 
83 3.585133480255192 
84 3.486029124880452 
85 4.246443101672028 
86 3.811973972887142 
87 4.427650791500329 
88 3.371634467547058 
89 3.9080633753251455 
90 3.493289740490817 
91 3.463516147698532 
92 3.8296244942990274 
93 4.383856175764105 
94 4.176833916820425 
95 4.195332737083328 
96 4.217495842943527 
97 3.979926500413576 
98 4.380098490928635 
99 3.1593504895923648 
100 3.5265758317515985 
101 3.2908249330355908 
102 3.5312293116015003 
103 3.684936216770866 
104 3.650526940645043 
105 2.882870437359228 
106 3.798218225073178 
107 3.15167298875297 
108 3.647189526233069 
109 3.2644591249360877 
110 3.4340856848852144 
111 3.3842205296457997 
112 3.468415969733638 
113 3.7529952114296354 
114 4.590558449782359 
115 3.944986378792494 
116 3.93245974623164 
117 4.852398258079553 
118 4.0770092334136505 
119 4.076074464430378 
120 3.5554834651626743 
121 3.8272133121129768 
122 3.6004722223439107 
123 3.251026888064553 
124 3.333820062017874 
125 4.204690986686175 
126 3.4829286938513677 
127 4.199212422286747 
128 4.582685853350723 
129 4.515174742109682 
130 2.960708424121094 
131 4.130551101162443 
132 3.9631336818309157 
133 3.4754594857017187 
134 3.9925739842436307 
135 4.85 
136 3.7427910480187827 
137 3.976391686010777 
138 3.7028453714330545 
139 4.239349158422786 
140 3.0504660267107675 
141 4.85 
142 3.4125571573228743 
143 4.116954493932221 
144 3.2779199579253584 
145 4.85 
146 3.448035136407403 
147 4.767308298177183 
148 3.238025140638957 
149 4.50088277035845 
150 3.401897837539909 
151 3.7512815811067686 
152 3.371072867330699 
153 4.8106035710358785 
154 3.5491546683095394 
155 4.85 
156 3.4783793829010135 
157 4.7069133443214835 
158 3.3010945095653046 
159 4.85 
160 3.3543762954245833 
161 4.041308616152847 
162 3.466427532407667 
163 4.85 
164 3.216706015712168 
165 3.7822919718819397 
166 3.318749509780327 
167 3.610154159524855 
168 2.906092500229545 
169 3.45254399777289 
170 3.1701942321055463 
171 4.85 
172 3.2980265113308933 
173 4.964282051246382 
174 3.098908709957728 
175 3.8405817610324395 
176 3.1923001079200706 
177 3.861976057762295 
178 2.9424665422377343 
179 4.405323684689782 
180 3.2757952316511276 
181 4.469212838490347 
182 3.4465391208418987 
183 4.7456425501750585 
184 3.181116208681618 
185 3.139404121934302 
186 2.7687477378138565 
187 4.53097586731292 
188 2.7648880840898595 
189 3.4268320968977393 
190 2.8743990186282686 
191 3.65981395203499 
192 3.7466797993326413 
193 4.085265421361385 
194 4.167008927745867 
195 3.9087837186960614 
196 3.427154641791193 
197 4.071678687496659 
198 3.4000646016447815 
199 3.9334810702281677 
200 3.253638444698157 
201 3.8001228289861144 
202 3.5073263286678302 
203 3.897952417439854 
204 4.122888659000176 
205 3.807230370634177 
206 4.828470251777916 
207 3.4156832092476104 
208 4.348185541825139 
209 3.9471518667499184 
210 3.115500774628308 
211 4.4688308396604794 
212 3.53058789205459 
213 4.796335031372501 
214 4.335481250320306 
215 3.9781068783505944 
216 4.122093013279734 
217 3.4067620555386373 
218 3.4528674885271493 
219 3.160500362567491 
220 3.4685226526495665 
221 4.28983186909043 
222 3.5044965163562107 
223 4.155779874860712 
224 4.168839991980161 
225 4.85 
226 4.85 
227 3.554489822055663 
228 4.8181860985942295 
229 4.109172995155205 
230 3.6460339615754283 
231 3.60946155873828 
232 4.464592241659308 
233 3.279801868973986 
234 3.5637931382653933 
235 3.16381940996332 
236 3.221894436346964 
237 3.173899957842022 
238 3.17963822353759 
239 3.901804716961853 
240 4.224330704730576 
241 4.247924370546447 
242 3.0581528151635022 
243 3.441449324987793 
244 4.614422792670388 
245 2.6967173696321387 
246 4.316018831238756 
247 3.564960421597805 
248 3.5853662656058356 
249 4.085978701934911 
250 3.417919905744963 
251 4.280171656438497 
252 3.9752130176328 
253 4.212815782655354 
254 3.961833137843279 
255 3.220757889744009 
256 3.7926222767495634 
257 3.408728920550659 
258 3.57920704820168 
259 3.414894038611622 
260 3.053697074018968 
261 3.850792105400223 
262 3.480815399102905 
263 4.85 
264 4.638556237462973 
265 4.605394688519144 
266 4.397778401488155 
267 3.6182656418147414 
268 4.442732133947064 
269 3.652068151223062 
270 4.075753124313741 
271 3.7354161712643132 
272 4.313583869191085 
273 3.782248620041352 
274 4.003118240624065 
275 3.8776286963339848 
276 3.6569918073083025 
277 3.9943477698180003 
278 4.262445394371927 
279 3.958843815947502 
280 3.6641912163478136 
281 3.066511681318201 
282 3.4669189934620803 
283 3.5352430782501463 
284 3.856573700068747 
285 3.551532149857932 
286 4.468369205007406 
287 3.9808097464445686 
288 3.26266237246689 
289 4.042456866922625 
290 4.038969380786002 
291 3.659665413376322 
292 4.104163101866527 
293 4.408808476505748 
294 3.661280016864988 
295 3.8782189821476654 
296 3.8152952641803397 
297 4.110917371874691 
298 3.95069436630682 
299 4.227878995326954 
300 3.378398145150396 
301 3.8599219800901565 
302 4.303407057925681 
303 3.2396531902168975 
304 4.316057727386826 
305 3.2153429154299507 
306 3.942915748480886 
307 4.016088925923747 
308 4.087983163129084 
309 4.320478142299411 
