0 0 
1 0 
2 0 
3 0 
4 0 
5 3 
6 1 
7 3 
8 1 
9 3 
10 1 
11 3 
12 1 
13 3 
14 1 
15 3 
16 1 
17 3 
18 1 
19 3 
20 1 
21 3 
22 1 
23 3 
24 1 
25 3 
26 1 
27 3 
28 1 
29 3 
30 1 
31 3 
32 1 
33 3 
34 1 
35 3 
36 1 
37 3 
38 1 
39 3 
40 1 
41 3 
42 1 
43 3 
44 1 
45 3 
46 1 
47 3 
48 1 
49 3 
50 1 
51 3 
52 1 
53 3 
54 1 
55 3 
56 1 
57 3 
58 1 
59 3 
60 1 
61 3 
62 1 
63 3 
64 1 
65 3 
66 1 
67 3 
68 1 
69 3 
70 1 
71 3 
72 1 
73 3 
74 1 
75 3 
76 1 
77 3 
78 1 
79 3 
80 1 
81 3 
82 1 
83 3 
84 1 
85 3 
86 1 
87 3 
88 1 
89 3 
90 1 
91 3 
92 1 
93 3 
94 1 
95 3 
96 1 
97 3 
98 1 
99 3 
100 1 
101 2 
102 1 
103 2 
104 1 
105 2 
106 1 
107 2 
108 1 
109 2 
110 1 
111 2 
112 1 
113 2 
114 1 
115 2 
116 1 
117 2 
118 1 
119 2 
120 1 
121 2 
122 1 
123 2 
124 1 
125 2 
126 2 
127 2 
128 2 
129 2 
130 2 
131 2 
132 2 
133 2 
134 2 
135 2 
136 2 
137 2 
138 2 
139 2 
140 2 
141 2 
142 2 
143 2 
144 2 
145 2 
146 2 
147 2 
148 2 
149 2 
150 2 
151 2 
152 2 
153 2 
154 2 
155 2 
156 2 
157 2 
158 2 
159 2 
160 2 
161 2 
162 2 
163 2 
164 2 
165 2 
166 2 
167 2 
168 2 
169 2 
170 2 
171 2 
172 2 
173 2 
174 2 
175 2 
176 2 
177 2 
178 2 
179 2 
180 2 
181 2 
182 2 
183 2 
184 2 
185 2 
186 2 
187 2 
188 2 
189 2 
190 2 
191 2 
192 2 
193 2 
194 2 
195 2 
196 2 
197 2 
198 2 
199 2 
200 2 
201 2 
202 2 
203 2 
204 2 
205 2 
206 2 
207 3 
208 2 
209 3 
210 2 
211 2 
212 1 
213 2 
214 1 
215 2 
216 1 
217 2 
218 1 
219 2 
220 1 
221 2 
222 1 
223 2 
224 1 
225 2 
226 1 
227 2 
228 1 
229 2 
230 1 
231 2 
232 1 
233 2 
234 1 
235 2 
236 1 
237 2 
238 1 
239 2 
240 1 
241 2 
242 1 
243 2 
244 1 
245 2 
246 1 
247 2 
248 1 
249 2 
250 1 
251 2 
252 1 
253 2 
254 1 
255 2 
256 1 
257 2 
258 1 
259 2 
260 1 
261 2 
262 2 
263 2 
264 2 
265 2 
266 2 
267 2 
268 2 
269 2 
270 1 
271 2 
272 1 
273 2 
274 1 
275 2 
276 1 
277 2 
278 1 
279 2 
280 1 
281 2 
282 1 
283 2 
284 1 
285 2 
286 1 
287 2 
288 1 
289 2 
290 1 
291 2 
292 1 
293 2 
