0 1.5707517656761032 
1 1.5735182608927483 
2 1.5405217338604 
3 1.5201038308001935 
4 1.5087255446508194 
5 1.444551823296432 
6 1.562789658197755 
7 1.5367178075025614 
8 1.5336682555983485 
9 1.4874051977026324 
10 1.349887625188858 
11 1.4730284705273353 
12 1.499064981410516 
13 1.4220249028318517 
14 1.5126241404939806 
15 1.4444619776398773 
16 1.4740354374385678 
17 1.5092287241553806 
18 1.453000064680858 
19 1.4613955916487935 
20 1.5107117590424646 
21 1.5262785490498323 
22 1.5362691726887614 
23 1.5699965900471549 
24 1.5078936032109227 
25 1.4915500041675096 
26 1.457907969113742 
27 1.480103512241497 
28 1.4713601196860258 
29 1.2941685001224839 
30 1.4581322192697483 
31 1.4524269336597226 
32 1.5543347345766259 
33 1.5507931343941934 
34 1.5602090284569743 
35 1.5123974675973033 
36 1.4878875629668644 
37 1.5288611002994774 
38 1.4666940570188773 
39 1.4952581323939806 
40 1.533650628690987 
41 1.564516129032258 
42 1.5264951790659418 
43 1.5201227962689936 
44 0.9509232745157484 
45 0.9832266349459935 
46 1.4797381812357613 
47 1.5313323129209226 
48 1.564516129032258 
49 1.5311033980009032 
50 1.5126241404939806 
51 1.4898496142635098 
52 1.4927158983183806 
53 1.5419136308067032 
54 1.5355348848083419 
55 1.5079494259417807 
56 1.4864981241755162 
57 1.422155671063058 
58 1.4979770028278645 
59 1.5331519263745097 
60 1.443140929168587 
61 1.4734355092633549 
62 1.3727525262014904 
63 1.3031431581510582 
64 1.4472107685710258 
65 1.4565410246623356 
66 1.5517357089983226 
67 1.4453323015843031 
68 1.564516129032258 
69 1.5612670391001484 
70 1.5071676775967613 
71 1.5343703489477678 
72 1.5002806184153743 
73 1.4644263443229677 
74 1.5044748222837032 
75 1.469674664385626 
76 1.3904037175923936 
77 1.4367278533387806 
78 1.405053380490858 
79 1.3372138657746775 
80 1.564516129032258 
81 1.564516129032258 
82 1.5236197934442517 
83 1.5343193713287484 
84 1.5184163442109289 
85 1.513273970739658 
86 1.5345632005321483 
87 1.4942517641157227 
88 1.3743969350591871 
89 1.451584295406355 
90 1.4697458520899485 
91 1.5084737350462258 
92 1.5678054447200194 
93 1.5539399923145742 
94 1.5428741450393355 
95 1.4921045431920903 
96 1.4713601196860258 
97 1.2998735684366776 
98 1.5134482524519677 
99 1.5156109330007805 
100 1.491081382045213 
101 1.3596152105188 
102 1.5469147839924065 
103 1.5368151914296904 
104 1.5188785391493225 
105 1.4096119886100837 
106 1.5669421537914192 
107 1.564516129032258 
108 1.2955048728978387 
109 1.339144315370987 
110 1.4629142216981226 
111 1.4449717437856646 
112 1.5474091871930387 
113 1.4950498883061742 
114 1.5572710704526 
115 1.555005279230355 
116 1.5513668419835676 
117 1.5198544849191742 
118 1.5293184327042582 
119 1.4702241087177486 
120 1.4992529668325676 
121 1.5238539765180903 
122 1.5521400800205225 
123 1.5660746152175546 
124 1.5163622150635676 
125 1.5242078303293032 
126 1.5431082809249355 
127 1.531823671468516 
128 1.516226819966929 
129 1.5197989330535095 
130 1.5330212968526902 
131 1.4713026289403934 
132 1.5462017778978516 
133 1.510337799405045 
134 1.564516129032258 
135 1.5671373959376194 
136 1.5236197934442517 
137 1.5343193713287484 
138 1.5631097385952257 
139 1.517270090087213 
140 1.5126241404939806 
141 1.5399072931026516 
142 1.5085205129038515 
143 1.4665804168791419 
144 1.4833167005041032 
145 1.5502791374635032 
146 1.542113197836458 
147 1.526472967822355 
148 1.543572276504458 
149 1.4541697807737033 
150 1.540207135782826 
151 1.5161047946270452 
152 1.4760009152686 
153 1.5415930317340645 
154 1.4826249430883227 
155 1.4848805308531807 
156 1.564516129032258 
157 1.4802471029631934 
158 1.458399756684116 
159 1.4669558622415677 
160 1.4842433945312967 
161 1.5318367573247162 
162 1.3732715882165483 
163 1.384604228004 
164 1.549671116821045 
165 1.5143358681291805 
166 1.5087255446508194 
167 1.444551823296432 
168 1.5206988686276453 
169 1.5537653712928967 
170 1.5660776964927547 
171 1.5273026226980775 
172 1.5445569928065033 
173 1.3977453053761808 
174 1.475613037900742 
175 1.5553422475154128 
176 1.3996846656024193 
177 1.434713822763142 
178 1.4381867796347934 
179 1.4585006289308904 
180 1.501331851228316 
181 1.5637843125908324 
182 1.4337339911152258 
183 1.4157596496145677 
184 1.5494733499015032 
185 1.5422744148865095 
186 1.564516129032258 
187 1.564516129032258 
188 1.5502606807314838 
189 1.5546695599553355 
190 1.369242935897258 
191 1.4130169413686129 
192 1.5077495915820387 
193 1.5142787876274 
194 1.4688585080041354 
195 1.4545670368231032 
196 1.5173255032324129 
197 1.5331133766429805 
198 1.031698965005613 
199 1.052496150334316 
200 1.3629529997435808 
201 1.4485451170225419 
202 1.47796201220029 
203 1.542096822097413 
204 1.2688795231367935 
205 1.5151653004083225 
206 1.573755600849826 
207 1.5506279309685227 
208 1.536951607634413 
209 1.5695789426626967 
210 1.5162609222164902 
211 1.557131035500142 
212 1.526741296282613 
213 1.5649200127616127 
214 1.349887625188858 
215 1.4595464794340647 
216 1.4737221008051613 
217 1.4599926328594839 
218 1.4859515218302968 
219 1.4370981922022064 
220 1.4759770586312195 
221 1.3777807449755548 
222 0.9992508369118646 
223 1.0446580927852194 
224 1.5493248408110063 
225 1.5205986758418581 
226 1.5101405455018644 
227 1.472903165440316 
228 1.4310642031160516 
229 1.4329756384332453 
230 1.5669107235596065 
231 1.5741669208682194 
232 1.5221091132734774 
233 1.5253226431343612 
234 1.4287055926344256 
235 1.3448199914187935 
236 1.3991956613293612 
237 1.3998138678809162 
238 1.518884666857884 
239 1.431292835562658 
240 1.5566813427089743 
241 1.5624821758779872 
242 1.473861635482045 
243 1.4676201263307675 
244 1.5372590491030194 
245 1.4908933769211676 
246 1.4848831452661162 
247 1.5074494623871677 
248 1.4614375991027548 
249 1.462925187073542 
250 1.4988564593431033 
251 1.5290347747190256 
252 1.4972551066963031 
253 1.564570827607 
254 1.5563448511078837 
255 1.5611524426986065 
256 1.4771068517726968 
257 1.4320581292492904 
258 1.47796201220029 
259 1.5288611002994774 
260 1.4218284178608322 
261 1.4464325172431614 
262 1.5493248408110063 
263 1.5205986758418581 
264 1.4858955805603806 
265 1.4494934438069356 
266 1.5499189320923161 
267 1.5582350615317098 
268 1.5085315298933353 
269 1.4391804064479807 
270 1.481464321663716 
271 1.532830269176658 
272 1.4728282376030453 
273 1.5320582127560387 
274 1.5434592027355483 
275 1.581734377099484 
276 1.564516129032258 
277 1.5365857690188258 
278 1.523611700543245 
279 1.5553109817531936 
280 1.5107117590424646 
281 1.493589250490658 
282 1.5209479292348258 
283 1.5256166738408257 
284 1.4394753943286582 
285 1.456876638342258 
286 1.4166917117207356 
287 1.3753424272390453 
288 1.5041772508662064 
289 1.4695990335426774 
290 1.4992529668325676 
291 1.5143060280846063 
292 1.475029366591871 
293 1.5127545632059611 
294 1.529560094335529 
295 1.4594954568807226 
296 1.4831472647097805 
297 1.4618239777165418 
298 1.521641070229729 
299 1.4480018885918 
300 1.5411656441203483 
301 1.553494678782142 
302 1.5543347345766259 
303 1.564516129032258 
304 1.5152230420133355 
305 1.5382595558560646 
306 1.5340723727763355 
307 1.5350236240313033 
308 1.5330212968526902 
309 1.4642114931057806 
310 1.330863974247716 
311 1.4151911475651806 
312 1.4731443044825292 
313 1.5054039468195355 
314 1.5015060372078128 
315 1.501352239352342 
316 1.5534009472722516 
317 1.5467585874141936 
318 1.564516129032258 
319 1.564516129032258 
320 1.4390130821220066 
321 1.464685871263084 
322 1.521641070229729 
323 1.435808209194355 
324 1.5193037210276517 
325 1.5584545771334646 
326 1.515218654925342 
327 1.4544157501687807 
328 1.5439978927624451 
329 1.570035013123897 
330 1.5304323371712387 
331 1.5310869447901743 
332 1.5117033795960064 
333 1.5242139191994 
334 1.4270780890930517 
335 1.473626460777987 
336 1.5301932524501096 
337 1.5680836948476775 
338 1.564516129032258 
339 1.4630533190388968 
340 1.3593064906441676 
341 1.4204331335717935 
342 1.4545556587835613 
343 1.3665883568707096 
344 1.5313501081416192 
345 1.4930706376887677 
346 1.493848205524342 
347 1.5173747329710194 
348 1.3770417179557548 
349 1.398667038788774 
350 1.3993858962815935 
351 1.4228767900838775 
352 1.5385357684779484 
353 1.5256166738408257 
354 1.489785179700458 
355 1.4755405459721356 
356 1.5670231411536324 
357 1.5442787835018645 
358 1.3256683659553548 
359 1.4031920656465227 
360 1.5446396175857162 
361 1.5219873510104127 
362 1.5442958620793354 
363 1.550148754559413 
364 1.5606910492887807 
365 1.475575314001529 
366 1.539456399454871 
367 1.5275899624459355 
368 1.4261896875373612 
369 1.4469542691696515 
370 1.5462017778978516 
371 1.5298896085673033 
372 1.5541259483100323 
373 1.564516129032258 
374 1.5671155659707097 
375 1.4892674793432064 
376 1.5108406368689935 
377 1.4720965581137935 
378 1.5418938258360064 
379 1.534543298521329 
380 1.564516129032258 
381 1.564516129032258 
382 1.553137148655703 
383 1.5532809215822385 
384 1.564516129032258 
385 1.5642169532959938 
386 1.5769492480815548 
387 1.5651928365135548 
388 1.4524315050198193 
389 1.4733666151284903 
390 1.4546478114529227 
391 1.4665822102012387 
392 1.4184033947169032 
393 1.3723243399766258 
394 1.5363046235205031 
395 1.5432482775898773 
396 1.5184279429691228 
397 1.441375233704368 
398 1.5203728192076966 
399 1.4668304770638516 
400 0.9486926181249161 
401 0.7727820031996259 
402 1.5426669587521613 
403 1.5156727462503226 
404 1.532123344412129 
405 1.5341681657498774 
406 1.4827933221273741 
407 1.4250492497604 
408 1.5170258425338259 
409 1.5119398057160451 
410 1.3372056823977356 
411 1.390011178995013 
412 1.5586288251452323 
413 1.5472915485321805 
414 1.563435154080774 
415 1.5463247019971225 
416 1.3485909755273355 
417 1.3480308166716772 
418 1.5132869669397355 
419 1.564516129032258 
420 1.493642891572245 
421 1.4913567739166325 
422 1.5187606379240453 
423 1.5707192592822194 
424 1.4344087851786902 
425 1.311042594968387 
426 1.5563448511078837 
427 1.5611524426986065 
428 1.547604517904787 
429 1.5014749458522516 
430 1.4660046919613872 
431 1.4292406926481356 
432 1.5096007755868 
433 1.4849325761384453 
434 1.5228123147594195 
435 1.4781686822389613 
436 1.4979844703576968 
437 1.542520202387142 
438 1.5520996950536 
439 1.5308161643920064 
440 1.443609929112871 
441 1.4685356676145613 
442 1.5429083691776837 
443 1.5439469652032969 
444 1.5425120550476452 
445 1.517258053327529 
446 1.5033080740950193 
447 1.5168846417925936 
448 1.4950079687837226 
449 1.532830269176658 
450 1.5195193179988065 
451 1.538849960697116 
452 1.5637426218956774 
453 1.5660746152175546 
454 1.5238462410580322 
455 1.5110871057024515 
456 1.5187606379240453 
457 1.5707192592822194 
458 1.5561996045440645 
459 1.5596165643263162 
460 1.5528794542108453 
461 1.5206989471120966 
462 1.4979998407942001 
463 1.5231923828276257 
464 1.564516129032258 
465 1.5666120648902386 
466 1.4670765388243032 
467 1.4854217873764968 
468 1.491490046575658 
469 1.5084615414141678 
470 1.5244601679857805 
471 1.4566765122163419 
472 1.537047732113271 
473 1.4626385874582257 
474 1.564516129032258 
475 1.4802471029631934 
476 1.563435154080774 
477 1.5388842469177548 
478 1.4670586953398517 
479 1.523320421354026 
480 1.4846688293835162 
481 1.5333619292411096 
482 1.564516129032258 
483 1.5711929044446515 
484 1.4613003271271419 
485 1.3883073712012515 
486 1.5528794542108453 
487 1.5206989471120966 
488 1.4818529493307355 
489 1.5349034755820774 
490 1.5163622150635676 
491 1.5242078303293032 
492 1.5334670368169936 
493 1.498249408131387 
494 1.487091212719071 
495 1.5531939990890773 
496 1.4600473001473226 
497 1.4789542319435482 
498 1.4885132639116905 
499 1.5631579032312581 
500 1.482513250812329 
501 1.4663214193730838 
502 1.503428651940955 
503 1.4703582360145613 
504 1.4747471539803612 
505 1.525969724608245 
506 1.4958901759765355 
507 1.5034383304383097 
508 1.4623966799990582 
509 1.3767560888477615 
510 1.446663988746516 
511 1.4249184864912257 
512 1.4883868841601935 
513 1.5119398057160451 
514 1.5434920062097677 
515 1.564516129032258 
516 1.5602090284569743 
517 1.5123974675973033 
518 1.5394586197557936 
519 1.5493415971323097 
520 1.445800317613142 
521 1.4844813503544774 
522 1.3953088824033808 
523 1.4440174556399097 
524 1.5196058703367483 
525 1.5317487013171225 
526 1.5590092822540647 
527 1.5610835497904647 
528 1.4827933221273741 
529 1.4079171826344388 
530 1.3951365786932128 
531 1.4640039999099483 
532 1.564516129032258 
533 1.5661481099314194 
534 1.5528794542108453 
535 1.5206989471120966 
536 1.4506744372788516 
537 1.376165070421071 
538 1.5220269189963227 
539 1.5483986512046515 
540 1.5724186235774644 
541 1.5662159402280258 
542 1.530471617833271 
543 1.4266576503943098 
544 1.3990202944856776 
545 1.3971704676345162 
546 1.4326524035499097 
547 1.4446707942683548 
548 1.459487111241929 
549 1.5005153937897677 
550 1.542113197836458 
551 1.5003272819129871 
552 1.4312724971827873 
553 1.4667840760219806 
554 1.5310197070599678 
555 1.4925540061490323 
556 1.567407793294787 
557 1.520996771380445 
558 1.5474176622433484 
559 1.5066907000525032 
560 1.564516129032258 
561 1.564516129032258 
562 1.5272512088351484 
563 1.4988662859970001 
564 1.5002806184153743 
565 1.4644263443229677 
566 1.521641070229729 
567 1.4779087707575227 
568 1.5622728596895805 
569 1.535085534902284 
570 1.4979998407942001 
571 1.488507957801729 
572 1.5724186235774644 
573 1.5449043522632 
574 1.5453033502048839 
575 1.475575314001529 
576 1.488201575712116 
577 1.4693112575192775 
578 1.5151751359051613 
579 1.5532248627143033 
580 1.564516129032258 
581 1.5645005601612259 
582 1.5045273197919806 
583 1.5650477890967096 
584 1.5704246871640903 
585 1.5620910887035353 
586 1.5357788179316259 
587 1.5417438585963226 
588 1.4391328985828 
589 1.4312875337414708 
590 1.4575042039407355 
591 1.461961409419684 
592 1.5053894968549417 
593 1.493936483344471 
594 1.5466024454787872 
595 1.5538928217645354 
596 1.4682405505467613 
597 1.4623190519659999 
598 1.4510356639808257 
599 1.5608408444194002 
600 1.3631805346586259 
601 1.4564136496096323 
602 1.5399518743644194 
603 1.4493188694203871 
604 1.5301932524501096 
605 1.5346545106055935 
606 1.4897103018721871 
607 1.516899444872458 
608 1.5578908795302258 
609 1.527056589615284 
610 1.4699172684927677 
611 1.514477391532987 
612 1.538173412458974 
613 1.5741669208682194 
614 1.4912759241400453 
615 1.4744982421801418 
616 1.5033740577568129 
617 1.5030126649949742 
618 1.435629649849084 
619 1.4617969100116 
620 1.4599454918456258 
621 1.4646462245447356 
622 1.5543347345766259 
623 1.564516129032258 
624 1.564516129032258 
625 1.5276760622669419 
626 1.5421525320928644 
627 1.5461913549620323 
628 1.486660880762484 
629 1.5316912337814452 
630 1.4824916093488838 
631 1.3901090767656 
632 0.9445811220103354 
633 0.9412700962543677 
634 0.9019179408638323 
635 0.8767150550034001 
636 0.9066975307392968 
637 0.9567621273899419 
638 0.9851180248370774 
639 0.9638735039011419 
640 0.9012781417073871 
641 0.9039198754648645 
642 0.8867134226960968 
643 0.9144568502033226 
644 0.9666937697664258 
645 0.9575009567658064 
646 0.9861095955415742 
647 0.9127433336321742 
648 0.951248340188542 
649 0.9455911463269806 
650 0.9371719479813096 
651 0.9361162631054838 
652 0.9623572456354774 
653 0.942228777505742 
654 0.9693826205944903 
655 0.9844635471449613 
656 0.9742285440957678 
657 0.9755537901117742 
658 0.8772424609188065 
659 0.8783606514546903 
660 0.9200135535741742 
661 0.9185545660289614 
662 0.9400969822668516 
663 0.9569192137896387 
664 0.8864096335293548 
665 0.9273580729839355 
666 0.9943993880976774 
667 0.955189423922742 
668 0.931869410977129 
669 0.9208347589097936 
670 0.8919330842223742 
671 0.9348630364889161 
672 0.9299169582419032 
673 0.9560586616895548 
674 0.9028456486061225 
675 0.8952492209174581 
676 0.36413096871907674 
677 0.36732159095346906 
678 0.9199697406465226 
679 0.9061697336432257 
680 0.9396923129746516 
681 0.889360332725471 
682 0.9442314102323419 
683 0.9273618995502 
684 0.8740596591107033 
685 0.923761802760284 
686 0.950578412590142 
687 0.9822680141122129 
688 0.42844299446819484 
689 0.4199608170906587 
690 0.8464147196230839 
691 0.8460286352068644 
692 0.9773943034530452 
693 0.9704428385690774 
694 0.8925522670896193 
695 0.9141263282902774 
696 0.9715985139458775 
697 0.9499392457855483 
698 0.9614824817828129 
699 0.9633126299477162 
700 0.9966667029198452 
701 0.9935154140484194 
702 0.9513009102823484 
703 0.9431042078113742 
704 0.9486922679907678 
705 0.9175230738135355 
706 0.9374659021128774 
707 0.9762907438242258 
708 0.9491042535451355 
709 0.9175237702988065 
710 0.9274924377674386 
711 0.8994011509191225 
712 0.9306960504234902 
713 0.9424110046230775 
714 0.960133490299 
715 0.9446849965051484 
716 0.9766237203903098 
717 0.9795602870448517 
718 0.994628918237413 
719 0.9350374139906517 
720 0.8985263794946645 
721 0.9035488964796968 
722 0.9916740585040904 
723 0.9760926241235871 
724 0.965886170772613 
725 0.9790482852719613 
726 0.9127441392990451 
727 0.8969274294517549 
728 0.8834269585257934 
729 0.8981534403224257 
730 0.8973924260950322 
731 0.8988764410454259 
732 0.8923624860424129 
733 0.9325031264007935 
734 0.9765878997440065 
735 0.9211684235682452 
736 0.9419144804334839 
737 0.9276770559870775 
738 0.8433650806553549 
739 0.8829515577843613 
740 0.9663173780184774 
741 0.9435089951203419 
742 0.9168210048618839 
743 0.9380353330422323 
744 0.9427107123228516 
745 0.9220044329923937 
746 0.9591743521625419 
747 0.946813373535942 
748 0.9247353048027871 
749 0.8961008660571742 
750 0.9005562898298258 
751 0.8996371241261548 
752 0.9246282088584129 
753 0.934726122855529 
754 0.984273905063342 
755 0.9547001138308387 
756 0.8978955806376064 
757 0.9118630467626968 
758 0.9424404972200581 
759 0.9409767018188581 
760 0.9098178495073419 
761 0.961513578355684 
762 0.9164060447945613 
763 0.9062224003063032 
764 0.8773810892868258 
765 0.8979526776770194 
766 0.9402372662862902 
767 0.9367964610619935 
768 0.8812086129686904 
769 0.9038350264798 
770 0.9655099045530516 
771 0.9870030875124064 
772 0.9123319968626903 
773 0.9299723246313033 
774 0.9468732566102452 
775 0.8909882652316129 
776 0.8808978223203225 
777 0.9229437528974644 
778 0.9647168221956839 
779 0.9098789353396839 
780 0.9678526452217677 
781 0.9313354146531871 
782 0.9265153016619548 
783 0.8979696615746388 
784 0.9221688007330645 
785 0.9387741052727354 
786 0.9355617073019613 
787 0.9405258840792258 
788 0.9366171343641032 
789 0.9320438414884451 
790 0.9321776578522323 
791 0.8970108892417291 
792 0.9245635366865161 
793 0.9147357411690774 
794 0.9169036879889032 
795 0.9688214273504709 
796 0.8531100764884387 
797 0.9018617254075549 
798 0.8611470485486065 
799 0.8637068408328968 
800 0.966411887729 
801 0.9767264654968645 
802 0.4826797667969284 
803 0.5086171744822806 
804 0.8976050435310323 
805 0.9434702301296968 
806 0.9238128150017162 
807 0.910967456336142 
808 0.884808227123387 
809 0.9118372715393032 
810 0.8723686514843161 
811 0.8860917521362323 
812 0.9785198549460967 
813 0.9764991029602645 
814 0.9399563188488967 
815 0.9617203816745097 
816 0.909601901249871 
817 0.9038056019546516 
818 0.9525038554378452 
819 0.9698090142362 
820 0.9049675173586 
821 0.8941166594592774 
822 0.9313065117547483 
823 0.9473717712728065 
824 0.5855586340570678 
825 0.6130103209109271 
826 0.8971919973172581 
827 0.8735150583527806 
828 0.9365680358445032 
829 0.9790896873115871 
830 0.9078883966189742 
831 0.9362341298506774 
832 0.8531100764884387 
833 0.9018617254075549 
834 0.9490756515490903 
835 0.9406168200143291 
836 0.9790355739510451 
837 0.9880684222317484 
838 0.9339463188848839 
839 0.9141805183780451 
840 0.9387999811108968 
841 0.9492547419353936 
842 0.322613651320078 
843 0.3142145009084439 
844 0.9754966833522323 
845 0.9818131869828258 
846 0.9792573749935162 
847 0.9330010689310386 
848 0.9806906122797484 
849 0.9844195198088322 
850 0.9340428056262904 
851 0.9371180604224645 
852 0.9293641995533032 
853 0.949486590391871 
854 0.9476442124124967 
855 0.9468958274071936 
856 0.9280568522786516 
857 0.9292895304439742 
858 0.9370149646464516 
859 0.9486907925678322 
860 0.9278918084104775 
861 0.9398255453893806 
862 0.9389498005358516 
863 0.9185313022310452 
864 0.956415811843329 
865 0.9281482975560904 
866 0.987878747867729 
867 0.986507402527 
868 0.3312218878878677 
869 0.32897538877574645 
870 0.8510259569228 
871 0.8627461447166903 
872 0.8999847188174839 
873 0.8851037909536645 
874 1.003224616465129 
875 1.0057357580111743 
876 0.9317464839198968 
877 0.9487038436083485 
878 0.9477681616253613 
879 0.9646476739450774 
880 0.931548741091329 
881 0.930054959812929 
882 0.9135973348129419 
883 0.9061937464196129 
884 0.9429530441444129 
885 0.924885381825742 
886 0.8786161845219936 
887 0.8916555992188451 
888 0.9333572089887484 
889 0.9553518447830065 
890 0.9459272266984193 
891 0.9422771467276774 
892 0.9487633917129419 
893 0.9198477177406709 
894 0.9092871089910323 
895 0.9381540710004773 
896 0.9156119338138 
897 0.9076290110237161 
898 0.8975441472707548 
899 0.9164996740071096 
900 0.8889807551246451 
901 0.8938406531238322 
902 0.9470869891260323 
903 0.9550851315631226 
904 0.9284214599608064 
905 0.9522913087385291 
906 0.9233134177722322 
907 0.9247498234401549 
908 0.9027879814575355 
909 0.9053687447526839 
910 0.9081506224960064 
911 0.9074860999209806 
912 0.9257608519390839 
913 0.8908429732605548 
914 0.9250395245913678 
915 0.9524622622714645 
916 0.9288129752475355 
917 0.9583745744503871 
918 0.9621027377748451 
919 0.9092628364701484 
920 0.9719946263303484 
921 0.964771238541671 
922 0.923261115648987 
923 0.943243620814858 
924 0.9155330742884515 
925 0.9173587492904516 
926 0.2925563916398484 
927 0.27366479861213544 
928 0.952118029769058 
929 0.976209391144684 
930 0.9493576682643097 
931 0.9804817011191161 
932 0.9589658336166322 
933 0.949308741000129 
934 0.9328815360537097 
935 0.9633303798280451 
936 0.9532153115985226 
937 0.9397188447287097 
938 0.9884137908863354 
939 0.9677924291183613 
940 0.9160844921393161 
941 0.8916932122464258 
942 0.8888778499033871 
943 0.8904461223891742 
944 0.9073155252138903 
945 0.9085205833808387 
946 0.9849311631958064 
947 0.9773943034530452 
948 0.8873713628234193 
949 0.9006930423721871 
950 0.9219973192005807 
951 0.9058556771806775 
952 0.8362465187702323 
953 0.871570071830213 
954 0.9399418306256 
955 0.9485716481646645 
956 0.8805511717557806 
957 0.8747189233025354 
958 0.8925911939433677 
959 0.9092142682787872 
960 0.8954277560080516 
961 0.9385500515092452 
962 0.9239504662222193 
963 0.9188087252612 
964 0.8833807512393096 
965 0.9031512836428645 
966 0.842882707932129 
967 0.8387141901737225 
968 0.9601086991740709 
969 0.9874735328043741 
970 0.8998861762522129 
971 0.9679891640294194 
972 0.9457412390946774 
973 0.9105044613021548 
974 0.939303055066942 
975 0.9629341223800258 
976 0.9056709680399225 
977 0.9218601217360065 
978 0.9193121799844968 
979 0.9231920224523549 
980 0.9070327721490903 
981 0.9258103986737419 
982 0.9317134466796774 
983 0.9229737874450968 
984 0.8732701043987354 
985 0.8902091556125549 
986 0.9562454866181096 
987 0.9755157878535999 
988 0.9267339870693418 
989 0.9280094455637097 
990 0.9371855563436065 
991 0.9276546376917614 
992 0.986507402527 
993 0.9871395615963097 
994 0.9919509975579807 
995 0.9538434530891999 
996 0.9594443944598645 
997 0.9418790649490064 
998 0.9502982949971226 
999 0.9399426454205484 
1000 0.9271100355158775 
1001 0.9229157657683161 
1002 0.9533189912176903 
1003 0.8999376382709872 
1004 0.9541756941611613 
1005 0.9445771699393807 
1006 0.8805270216577097 
1007 0.9153463193390968 
1008 0.9183676901996322 
1009 0.9501475740092452 
1010 0.943701985255071 
1011 0.9721129913598968 
1012 0.962527589389942 
1013 0.9515923214841162 
1014 0.9514229126991806 
1015 0.959904954023529 
1016 0.9573056905382968 
1017 0.9246409806664581 
1018 0.953883278781742 
1019 0.9950251857149548 
1020 0.8944885679682 
1021 0.8697566442275936 
1022 0.9459526298865807 
1023 0.9098198682147033 
1024 0.9268996685703871 
1025 0.916666154314129 
1026 0.9633248821988258 
1027 0.9818513399080968 
1028 0.9033871203841807 
1029 0.9024485067301032 
1030 0.9252303354091806 
1031 0.9332234940034387 
1032 0.9348987996347613 
1033 0.9432539341295291 
1034 0.9361356687294193 
1035 0.9272299042548581 
1036 0.3025262871622555 
1037 0.28574407345685876 
1038 0.9127288599055161 
1039 0.9472090174650581 
1040 0.9547213421414515 
1041 0.9318391637645935 
1042 0.9196766718135613 
1043 0.9642566430836645 
1044 0.9312430443405418 
1045 0.9074595194091354 
1046 0.9354999865909935 
1047 0.9416485021095355 
1048 0.9091663940979678 
1049 0.8719883786400711 
1050 0.9205971512577291 
1051 0.9192660086329677 
1052 0.9946630955884 
1053 0.9585492801505225 
1054 0.9134608346348968 
1055 0.9539966019908387 
1056 0.8595033168977096 
1057 0.8992914761500581 
1058 0.9288987596928452 
1059 0.9386386067211484 
1060 0.9262768994491549 
1061 0.9246428065312774 
1062 0.9343799956794839 
1063 0.9292096030654129 
1064 0.9769266743074323 
1065 0.9773483116314259 
1066 0.9023996209745354 
1067 0.9092039729180322 
1068 0.9352409060750646 
1069 0.9485128063246387 
1070 0.9355645970753613 
1071 0.9743197304389485 
1072 0.9100897477962194 
1073 0.9351116151748065 
1074 0.9613924596802967 
1075 0.9909007480848065 
1076 0.8750416080043162 
1077 0.8709343038613613 
1078 0.9539569113086064 
1079 0.9660804099849548 
1080 0.9730544129653548 
1081 0.9130644975824774 
1082 0.9191208344050452 
1083 0.9349447482971484 
1084 0.9524643725388259 
1085 0.9230524881536452 
1086 0.9633248821988258 
1087 0.9861263535112839 
1088 0.9180143230914581 
1089 0.9155054998302322 
1090 0.9267461409906903 
1091 0.9280235563304193 
1092 0.9586033945566645 
1093 0.9356689448860258 
1094 0.9259863907568451 
1095 0.910300867452787 
1096 0.9062985535512517 
1097 0.9116795453211355 
1098 0.8792356250515097 
1099 0.8755717070841936 
1100 0.9375783292250516 
1101 0.9140426832612903 
1102 0.9661571755078322 
1103 0.9557894304118452 
1104 0.9470610436407806 
1105 0.9479189184625226 
1106 0.8912470418597871 
1107 0.9090605333345161 
1108 1.0012302327804323 
1109 0.9822750736865419 
1110 0.874383740902871 
1111 0.8737957929371419 
1112 0.9206736719853097 
1113 0.9212494990628709 
1114 0.927044069610271 
1115 0.9007860662846194 
1116 0.9907461958408065 
1117 0.9900979816749548 
1118 0.853189572602271 
1119 0.9200410862776065 
1120 0.896167267123058 
1121 0.9186750979852323 
1122 0.9493578104809935 
1123 0.9452694072642129 
1124 0.9161072720686516 
1125 0.889137219767929 
1126 0.9276032483252387 
1127 0.8984361531951742 
1128 0.8576587591670128 
1129 0.8955233497696967 
1130 0.9620144318126451 
1131 0.9633385158564517 
1132 0.8374990278436258 
1133 0.880914489930529 
1134 0.9276654381195742 
1135 0.951887406314942 
1136 0.8931856333190195 
1137 0.8906589144684258 
1138 0.988800248558271 
1139 0.961646507172142 
1140 0.931605053145271 
1141 0.9176052043434064 
1142 0.9270665540760838 
1143 0.922357954782884 
1144 0.8531100764884387 
1145 0.9018617254075549 
1146 0.9729391665669097 
1147 0.9425816948384451 
1148 0.9655196764979161 
1149 0.9676958598214516 
1150 0.8781655753096903 
1151 0.9236751953392323 
1152 0.9111169227327742 
1153 0.9110138697832516 
1154 0.9432910901775872 
1155 0.9479616265993032 
1156 0.9469065866374258 
1157 0.9372493277043161 
1158 0.9297560255605161 
1159 0.9015807449925612 
1160 0.9930424792883806 
1161 0.9559162105493355 
1162 0.8932293936787226 
1163 0.8739686763267871 
1164 0.9414392291974645 
1165 0.9473875152910646 
1166 0.9084243942861613 
1167 0.8928146089653097 
1168 0.8983611557197096 
1169 0.908801172005929 
1170 0.9650366416614774 
1171 0.9438898564629806 
1172 0.9516662637181097 
1173 0.9310420439742516 
1174 0.9391582430313161 
1175 0.934829809719058 
1176 0.9030307113111872 
1177 0.9153503988065097 
1178 0.895278908601871 
1179 0.9302998919201032 
1180 0.9156166442038194 
1181 0.901285598246458 
1182 0.8940195694184387 
1183 0.9087850035896645 
1184 0.9290255204522 
1185 0.9313911709871548 
1186 0.9719911170435355 
1187 0.9766982123632257 
1188 0.8788766437018452 
1189 0.9011004043915162 
1190 0.963452857695871 
1191 0.9263069860494968 
1192 0.8975189109151871 
1193 0.8822119546754451 
1194 1.0182758910650258 
1195 0.9815191640057355 
1196 0.9495100486922515 
1197 0.9475212799869484 
1198 0.9693478517444194 
1199 0.9762460372882322 
1200 0.9557732915959097 
1201 0.9083468814959613 
1202 0.9014087687400516 
1203 0.9310900581668581 
1204 0.8887247916684451 
1205 0.9230550862001871 
1206 0.9370653799964322 
1207 0.9102354392772773 
1208 0.9263103653372838 
1209 0.941909697188271 
1210 0.9595655020431354 
1211 0.9739139805367161 
1212 0.9251458984748387 
1213 0.9346794899675612 
1214 0.9264696722739807 
1215 0.9206493026267871 
1216 0.9483981353247226 
1217 0.9384980934145871 
1218 0.9631083073401355 
1219 0.9564725225834065 
1220 0.9516223166533807 
1221 0.9357070698069161 
1222 0.9331351886095871 
1223 0.9307564609407162 
1224 0.9952747595176 
1225 0.9827970503874452 
1226 0.8828828409376968 
1227 0.888023172745942 
1228 0.915090738082871 
1229 0.9033306998157935 
1230 0.9312422673743226 
1231 0.9358929371808387 
1232 0.9543680960696451 
1233 0.9640617864760129 
1234 0.9598866079677484 
1235 0.9539757947620838 
1236 0.9806651167975097 
1237 0.9592649884636452 
1238 0.9049019452053484 
1239 0.9179247106900451 
1240 0.9692766982721355 
1241 0.9866515187941096 
1242 0.9698297571991032 
1243 0.9556930155041935 
1244 0.9773185349084644 
1245 0.9776011812052516 
1246 0.9508305099608387 
1247 0.9704594929466065 
1248 0.9442344626682839 
1249 0.9749172038585162 
1250 0.9502758082068129 
1251 0.8919137578327807 
1252 0.9470649323037355 
1253 0.980203352570671 
1254 0.9090168527906775 
1255 0.9149709511725033 
1256 0.872670773597587 
1257 0.8797005004734259 
1258 0.9559067273561033 
1259 0.9713990256120064 
1260 0.9483389772619806 
1261 0.9626692555755871 
1262 1.0120005845313031 
1263 1.0006933410316967 
1264 0.9513451338256451 
1265 0.9742433135819548 
1266 0.9402467121029225 
1267 0.9331169284476323 
1268 0.9427228440122709 
1269 0.9662329317101742 
1270 0.9766060959530387 
1271 0.9348619934058388 
1272 0.8917639786056387 
1273 0.9238828675257678 
1274 0.9282431798490258 
1275 0.9246071502542129 
1276 0.9659525778513033 
1277 0.9853762838481805 
1278 0.9165336551889033 
1279 0.9502494538528968 
1280 1.2959427302700064 
1281 1.415840911272729 
1282 1.5021096645280259 
1283 1.5771205019886967 
1284 1.5794523550471482 
1285 1.5516363079099227 
1286 1.4663214193730838 
1287 1.482513250812329 
1288 1.5156112446697225 
1289 1.5080651249997676 
1290 1.5003272819129871 
1291 1.542113197836458 
1292 1.3896661506080838 
1293 1.3455929233950192 
1294 1.564516129032258 
1295 1.5588538521737678 
1296 1.4222473927571548 
1297 1.4809574943046644 
1298 1.4383212433894321 
1299 1.509753913604671 
1300 1.5305408246567482 
1301 1.5314645776803937 
1302 1.4888616042617095 
1303 1.4827933221273741 
1304 1.4559346923729095 
1305 1.4730681561220451 
1306 1.4968046070376453 
1307 1.5426669587521613 
1308 1.4963499583876259 
1309 1.4740354374385678 
1310 1.3676051125277355 
1311 1.5445569928065033 
1312 1.4398082919434645 
1313 1.525032318002845 
1314 1.4702241087177486 
1315 1.4660046919613872 
1316 1.3433374324938323 
1317 1.3727525262014904 
1318 1.5624821758779872 
1319 1.553043092423 
1320 1.4370981922022064 
1321 1.4914419752095098 
1322 1.4665804168791419 
1323 1.5085205129038515 
1324 1.5588538965281935 
1325 1.514863458404542 
1326 1.4287003828173548 
1327 1.5050712056659097 
1328 1.438223006941103 
1329 1.4524615260845934 
1330 1.4186525857108776 
1331 1.3743969350591871 
1332 1.5578367426340902 
1333 1.5236197934442517 
1334 1.303657762528826 
1335 1.405053380490858 
1336 1.5546695599553355 
1337 1.5502606807314838 
1338 1.3812872366773357 
1339 1.4653645459674967 
1340 1.4875726242616192 
1341 1.5319684673296323 
1342 1.561624080543587 
1343 1.4695062179609097 
1344 1.4312875337414708 
1345 1.4391328985828 
1346 1.422155671063058 
1347 1.4971493509175162 
1348 1.5361836201106194 
1349 1.564516129032258 
1350 1.573596240872258 
1351 1.5363046235205031 
1352 1.5074494623871677 
1353 1.4848831452661162 
1354 1.4252685855625098 
1355 1.3765788010308837 
1356 1.4238380187406967 
1357 1.4221076450905354 
1358 1.451584295406355 
1359 1.4239790426066774 
1360 1.4579515734239419 
1361 1.4276451033473936 
1362 1.3964595584648258 
1363 1.4130055003823354 
1364 1.5642169532959938 
1365 1.564516129032258 
1366 1.302902005237271 
1367 1.465266840253 
1368 1.451584295406355 
1369 1.4765314678986001 
1370 1.4752208500412451 
1371 1.4442555159683097 
1372 1.572740360331245 
1373 1.5306727819578902 
1374 1.0446580927852194 
1375 0.9509232745157484 
1376 1.5615075761943935 
1377 1.5481369900987807 
1378 1.3436129790959677 
1379 1.528414205929587 
1380 1.5649200127616127 
1381 1.526741296282613 
1382 1.4542406942998904 
1383 1.5633222947046903 
1384 1.5382595558560646 
1385 1.4799070737915612 
1386 1.560596441278426 
1387 1.5376525040656839 
1388 1.5326838158115548 
1389 1.5431082809249355 
1390 1.3596152105188 
1391 1.4385261167995225 
1392 1.5333619292411096 
1393 1.481464321663716 
1394 1.4246878644882839 
1395 1.3629529997435808 
1396 1.4510961367043225 
1397 1.4613003271271419 
1398 1.3622550239897613 
1399 1.4113505491989355 
1400 1.4789542319435482 
1401 1.4600473001473226 
1402 1.564570827607 
1403 1.5705597082282838 
1404 1.4183862543321484 
1405 1.4566150309468064 
1406 1.564516129032258 
1407 1.4885132639116905 
1408 1.5110871057024515 
1409 1.5238462410580322 
1410 1.5735182608927483 
1411 1.5122862017042258 
1412 1.4703582360145613 
1413 1.5345632005321483 
1414 1.2103960103717226 
1415 1.2354882638623805 
1416 1.564516129032258 
1417 1.493642891572245 
1418 1.534070597780529 
1419 1.5738068709393485 
1420 1.4564136496096323 
1421 1.3791536911956128 
1422 1.3767560888477615 
1423 1.4544188025205032 
1424 1.4713080958576967 
1425 1.5753071922454063 
1426 1.427351985483413 
1427 1.4986352286485096 
1428 1.4167901031997356 
1429 1.3686594223297806 
1430 1.4596548258930258 
1431 1.5212980594863934 
1432 1.5738143510604838 
1433 1.5695489570294259 
1434 1.362180690713613 
1435 1.4379355537732 
1436 1.531823671468516 
1437 1.5431082809249355 
1438 1.4983730780732 
1439 1.5612138433259677 
1440 1.4321135801069032 
1441 1.4689319212938257 
1442 1.5652702550909225 
1443 1.5669107235596065 
1444 1.4644263443229677 
1445 1.5109770129636904 
1446 1.3902809126841742 
1447 1.3698879108080708 
1448 1.5642169532959938 
1449 1.564516129032258 
1450 1.564516129032258 
1451 1.5546616373580775 
1452 1.4444619776398773 
1453 1.500855666990329 
1454 1.514477391532987 
1455 1.4352867395510711 
1456 1.5119398057160451 
1457 1.5170258425338259 
1458 1.3302946805291485 
1459 1.4600638709411549 
1460 1.4383212433894321 
1461 1.4992529668325676 
1462 1.4744575172779484 
1463 1.3414961997731483 
1464 1.2955078015762644 
1465 1.2834755894329806 
1466 1.4975912869878258 
1467 1.4272172635701614 
1468 1.490514693382845 
1469 1.5126267681754515 
1470 1.560596441278426 
1471 1.5635635050718708 
1472 1.4817307212213484 
1473 1.555890167208787 
1474 1.5537653712928967 
1475 1.5397741249059935 
1476 1.517258053327529 
1477 1.5569656900984195 
1478 1.550520744070471 
1479 1.5070445936835097 
1480 1.5034383304383097 
1481 1.4958901759765355 
1482 1.5573751681340966 
1483 1.507845713464368 
1484 1.516618669472658 
1485 1.5394143251843355 
1486 1.5100637415996256 
1487 1.564516129032258 
1488 1.5461913549620323 
1489 1.5421525320928644 
1490 1.5661529682480904 
1491 1.5015759392173291 
1492 1.4360243754444388 
1493 1.3705029545316711 
1494 1.5198830169810644 
1495 1.5163622150635676 
1496 1.4930706376887677 
1497 1.561462155617342 
1498 1.5741669208682194 
1499 1.538173412458974 
1500 1.4988489139371548 
1501 1.493642891572245 
1502 1.5191687569706644 
1503 1.5412907859928193 
1504 1.431292835562658 
1505 1.4813001275181936 
1506 1.5513066294282967 
1507 1.4996568860007096 
1508 1.5533615215712517 
1509 1.5481155222942065 
1510 1.5367031060556968 
1511 1.540920582276155 
1512 1.4524269336597226 
1513 1.5494733499015032 
1514 1.4903724317600966 
1515 1.5272161278035679 
1516 1.5030126649949742 
1517 1.5033740577568129 
1518 1.4667840760219806 
1519 1.4312724971827873 
1520 1.5496057465181547 
1521 1.4644448141437292 
1522 1.0541105628390903 
1523 1.074242996219097 
1524 1.3708524084443936 
1525 1.268003511464142 
1526 1.5046941004688517 
1527 1.5692995066864064 
1528 1.5283316934971225 
1529 1.4667474039764452 
1530 1.4255225429026903 
1531 1.4143699697730387 
1532 1.4868175651709032 
1533 1.4797381812357613 
1534 1.4961115425084903 
1535 1.542113197836458 
1536 1.564516129032258 
1537 1.564516129032258 
1538 1.4545670368231032 
1539 1.4892732109501612 
1540 1.4157791560496646 
1541 1.3416285628165743 
1542 1.5415579208094967 
1543 1.4883497074213614 
1544 1.3329082827646774 
1545 1.4506744372788516 
1546 1.4693112575192775 
1547 1.4684145263292967 
1548 1.2916082194377032 
1549 1.439852166863729 
1550 1.4921045431920903 
1551 1.5428741450393355 
1552 1.4258440776148322 
1553 1.5400157386024451 
1554 1.4942517641157227 
1555 1.5009671665417614 
1556 1.4357806820226646 
1557 1.4059615222058515 
1558 1.5239662751224194 
1559 1.5028326339381484 
1560 1.5205986758418581 
1561 1.559179332485187 
1562 1.4757274288593807 
1563 1.516121203788555 
1564 1.5442787835018645 
1565 1.568776508512258 
1566 1.5419873197569034 
1567 1.5151096507554194 
1568 1.4669558622415677 
1569 1.458399756684116 
1570 1.5519183951207807 
1571 1.5433263541863613 
1572 1.5556306588116966 
1573 1.5666136770809291 
1574 1.5119398057160451 
1575 1.5170258425338259 
1576 1.4988662859970001 
1577 1.530869575939245 
1578 1.4352851280423031 
1579 1.3892813862506386 
1580 1.5031304226176776 
1581 1.496790500914787 
1582 1.5309168705030258 
1583 1.546210654883974 
1584 1.541890225874116 
1585 1.4880447447815355 
1586 1.4983536328932903 
1587 1.4854702108928903 
1588 1.5419136308067032 
1589 1.4728282376030453 
1590 1.5133703962103677 
1591 1.530746045092387 
1592 1.051856236090058 
1593 1.0594557895345356 
1594 1.3480308166716772 
1595 1.4642051648782257 
1596 1.5507931343941934 
1597 1.564516129032258 
1598 1.5493415971323097 
1599 1.5394586197557936 
1600 1.3031431581510582 
1601 1.355946804163484 
1602 1.5661481099314194 
1603 1.4592557591714514 
1604 1.4992294580820773 
1605 1.5352537890922775 
1606 1.3885950114681613 
1607 1.402419184742929 
1608 1.5449043522632 
1609 1.564516129032258 
1610 1.4072479483203741 
1611 1.405980147091129 
1612 1.4931982974574451 
1613 1.5220369811951355 
1614 1.294964946979245 
1615 1.4120665933297871 
1616 1.5539399923145742 
1617 1.535215869086316 
1618 1.3253363517470258 
1619 1.405980147091129 
1620 1.5311033980009032 
1621 1.5310197070599678 
1622 1.472903849198903 
1623 1.4402356273491355 
1624 1.560637282154755 
1625 1.573755600849826 
1626 1.3084103331154904 
1627 1.4217571076892646 
1628 1.5652702550909225 
1629 1.564516129032258 
1630 1.4914335559702259 
1631 1.5006366278198322 
1632 1.5388413946683033 
1633 1.4661906995265162 
1634 1.450287875018716 
1635 1.4859515218302968 
1636 1.5242139191994 
1637 1.4767366375566193 
1638 1.5343193713287484 
1639 1.5236197934442517 
1640 1.4952421377111291 
1641 1.5516967363023353 
1642 1.511679002409813 
1643 1.4410284535160258 
1644 1.4765541397648 
1645 1.5069789653628645 
1646 1.4453323015843031 
1647 1.4912759241400453 
1648 1.511679002409813 
1649 1.452021802831742 
1650 1.2470259054550128 
1651 1.3149667220384453 
1652 1.4802471029631934 
1653 1.564516129032258 
1654 1.311042594968387 
1655 1.4545556587835613 
1656 1.5278907566016644 
1657 1.4773464074821807 
1658 1.403485766055955 
1659 1.3901456162262065 
1660 1.501745015878613 
1661 1.4704168397528774 
1662 1.5608077590759226 
1663 1.526741296282613 
1664 1.569120250788303 
1665 1.5704246871640903 
1666 1.5665066424554968 
1667 1.564516129032258 
1668 1.5707192592822194 
1669 1.5411656441203483 
1670 1.4802471029631934 
1671 1.546875414247871 
1672 1.3630978981817743 
1673 1.3366677767756259 
1674 1.4452698345923483 
1675 1.4859106438810838 
1676 1.5532809215822385 
1677 1.5714456817316 
1678 1.4509701120975742 
1679 1.4198503425174065 
1680 1.4598134397621032 
1681 1.4082704010415934 
1682 1.435808209194355 
1683 1.521641070229729 
1684 1.510337799405045 
1685 1.516946684782542 
1686 1.4665567249148517 
1687 1.3753939831075226 
1688 1.5608429496260323 
1689 1.5465448403529676 
1690 1.517270090087213 
1691 1.5380589804671936 
1692 1.5130491008537161 
1693 1.4592557591714514 
1694 1.5341681657498774 
1695 1.4979770028278645 
1696 1.5308161643920064 
1697 1.5286009524022515 
1698 1.2874807149797032 
1699 1.3019939170443744 
1700 1.4623190519659999 
1701 1.4575042039407355 
1702 1.4734980807991807 
1703 1.4895395577071677 
1704 1.4544105277296324 
1705 1.5428741450393355 
1706 1.564516129032258 
1707 1.572777391615929 
1708 1.5256166738408257 
1709 1.5209479292348258 
1710 1.4640798498573744 
1711 1.3838731147841805 
1712 1.5501619036287935 
1713 1.5493248408110063 
1714 1.5253226431343612 
1715 1.5201930079347614 
1716 1.4848805308531807 
1717 1.5053894968549417 
1718 1.4815401268414257 
1719 1.5317936171808 
1720 1.3767560888477615 
1721 1.4623966799990582 
1722 1.505954198156658 
1723 1.5352537890922775 
1724 1.4444670863799742 
1725 1.5498298633791547 
1726 1.5030126649949742 
1727 1.5476821671779677 
1728 1.5074494623871677 
1729 1.4685562978173226 
1730 1.4809317453674515 
1731 1.4818529493307355 
1732 1.3427220733733292 
1733 1.2955048728978387 
1734 1.5603791720681548 
1735 1.5696550658987225 
1736 1.3123871342198064 
1737 1.3868567319196838 
1738 1.4500473564002774 
1739 1.4798575273994838 
1740 1.5696648585336581 
1741 1.5454114650651356 
1742 1.5318367573247162 
1743 1.502236726045 
1744 1.5156727462503226 
1745 1.5334670368169936 
1746 1.490542498896871 
1747 1.4666940570188773 
1748 1.5660746152175546 
1749 1.5521400800205225 
1750 1.5130659901734775 
1751 1.5077884801037484 
1752 1.3825768867773807 
1753 1.356707977670942 
1754 1.497490766962187 
1755 1.4155561698081034 
1756 1.5123974675973033 
1757 1.5502589454841935 
1758 1.5014749458522516 
1759 1.547604517904787 
1760 1.5372119571984257 
1761 1.516226819966929 
1762 1.564516129032258 
1763 1.5409820154701934 
1764 1.4650478577553612 
1765 1.4385756871288582 
1766 1.4996584068907033 
1767 1.5434065574380837 
1768 1.5025613218484453 
1769 1.5220269189963227 
1770 1.4309655343380323 
1771 1.3357004288076968 
1772 1.5612670391001484 
1773 1.572777391615929 
1774 1.4096840431625934 
1775 1.431269272690129 
1776 1.567356120306426 
1777 1.5424184968288774 
1778 1.5561334235045226 
1779 1.5399849336623097 
1780 1.5000496255355549 
1781 1.4680061171115095 
1782 1.581734377099484 
1783 1.5508320527929613 
1784 1.5556306588116966 
1785 1.5773617588617743 
1786 1.4056018527099032 
1787 1.4301563479290065 
1788 1.4823621089168257 
1789 1.4659668437416065 
1790 1.526150895977645 
1791 1.5666367233822258 
1792 1.4911424260691937 
1793 1.4526789530135098 
1794 1.4693067575508063 
1795 1.496790500914787 
1796 1.544660466066058 
1797 1.485806324791058 
1798 1.5741669208682194 
1799 1.5624168205236775 
1800 1.513273970739658 
1801 1.5184163442109289 
1802 1.432250833450187 
1803 1.4472107685710258 
1804 1.5651928365135548 
1805 1.5769492480815548 
1806 1.5463247019971225 
1807 1.5440216408680127 
1808 1.5419136308067032 
1809 1.4927158983183806 
1810 1.5317487013171225 
1811 1.4672136176843549 
1812 1.5058135798627872 
1813 1.4866297480743742 
1814 1.526472967822355 
1815 1.5418938258360064 
1816 1.4446707942683548 
1817 1.3717979909107678 
1818 1.4828839637196387 
1819 1.4182528385620388 
1820 1.414193706077026 
1821 1.5218129348468323 
1822 1.5367178075025614 
1823 1.5442367564808839 
1824 1.444551823296432 
1825 1.5087255446508194 
1826 1.5161047946270452 
1827 1.4912623877273357 
1828 1.489854847939013 
1829 1.5229248103220063 
1830 1.376165070421071 
1831 1.4209673994075807 
1832 1.553494678782142 
1833 1.5411656441203483 
1834 1.5562118845930968 
1835 1.533480360734529 
1836 1.4952581323939806 
1837 1.435629649849084 
1838 1.4480018885918 
1839 1.564516129032258 
1840 1.493589250490658 
1841 1.3893128540662583 
1842 1.3777807449755548 
1843 1.4442424658406192 
1844 1.3665883568707096 
1845 1.3583395089573096 
1846 1.4157596496145677 
1847 1.372657317689716 
1848 1.495624368056942 
1849 1.3904037175923936 
1850 1.5719527019407546 
1851 1.5725051569613484 
1852 1.3530991532002195 
1853 1.4184033947169032 
1854 1.4846339757170322 
1855 1.3717236725890773 
1856 1.5066907000525032 
1857 1.5518637505163742 
1858 1.3433125396072063 
1859 1.491081382045213 
1860 1.5553422475154128 
1861 1.5647517552682388 
1862 1.398667038788774 
1863 1.3749553143149806 
1864 1.544549185271316 
1865 1.5486969111878708 
1866 1.5671373959376194 
1867 1.5501405239607935 
1868 1.5161047946270452 
1869 1.4915069207636453 
1870 1.5611524426986065 
1871 1.564516129032258 
1872 1.4553078763874905 
1873 1.5660776964927547 
1874 1.5491333701246515 
1875 1.5001304029476774 
1876 1.4950498883061742 
1877 1.5184279429691228 
1878 1.4542406942998904 
1879 1.5643116062330518 
1880 1.4651852936519485 
1881 1.537047732113271 
1882 1.339144315370987 
1883 1.3678963555606451 
1884 1.5546695599553355 
1885 1.542457126397458 
1886 1.4451475343363613 
1887 1.4912759241400453 
1888 1.3818880248608905 
1889 1.459240088502297 
1890 1.4114607680863676 
1891 1.446663988746516 
1892 1.4900074653329611 
1893 1.477314508973755 
1894 1.4791470477813098 
1895 1.4831472647097805 
1896 1.0226388990446775 
1897 0.9580357329451742 
1898 1.5507931343941934 
1899 1.5543347345766259 
1900 0.9832266349459935 
1901 0.9207941492642645 
1902 1.494012824106458 
1903 1.536223818948929 
1904 1.4468706792586192 
1905 1.3871650933758903 
1906 1.555020848101387 
1907 1.5204253972354 
1908 1.4649729906320645 
1909 1.3991956613293612 
1910 1.5167196259800322 
1911 1.567407793294787 
1912 1.522375784114458 
1913 1.5573537172004646 
1914 1.3372138657746775 
1915 1.495530963256458 
1916 1.3856758171580066 
1917 1.4207015669491099 
1918 1.5257240768395741 
1919 1.5288706269388903 
1920 1.5695789426626967 
1921 1.5550909616218 
1922 1.5311033980009032 
1923 1.564516129032258 
1924 1.4424241065171937 
1925 1.4486709844460322 
1926 1.5343696471467614 
1927 1.5769492480815548 
1928 1.5270353352659032 
1929 1.495060517086316 
1930 1.5111848420062257 
1931 1.5424537689078517 
1932 1.5036507526322647 
1933 1.5233390451708904 
1934 1.5559891770091743 
1935 1.5424537689078517 
1936 1.4678367501209162 
1937 1.4614375991027548 
1938 1.5248709599538386 
1939 1.529136157077471 
1940 1.5716072648668709 
1941 1.564516129032258 
1942 1.564516129032258 
1943 1.564516129032258 
1944 1.5606334093679806 
1945 1.5632999250391484 
1946 1.5449043522632 
1947 1.5347598631118902 
1948 0.9362341298506774 
1949 0.8889649833795549 
1950 0.9330010689310386 
1951 0.9919509975579807 
1952 0.9175230738135355 
1953 0.9375783292250516 
1954 0.9246071502542129 
1955 0.9294758653145743 
1956 0.901285598246458 
1957 0.9100857810498774 
1958 0.9755537901117742 
1959 0.9655099045530516 
1960 0.9827970503874452 
1961 0.9849311631958064 
1962 0.9336852171529548 
1963 0.9557732915959097 
1964 0.9486907925678322 
1965 0.9508305099608387 
1966 0.871570071830213 
1967 0.8374990278436258 
1968 0.8719883786400711 
1969 0.9615150099513742 
1970 0.8658861325723225 
1971 0.8901214060698517 
1972 0.9247498234401549 
1973 0.9114309060270065 
1974 0.9233959939451225 
1975 0.8788766437018452 
1976 0.9096456666016323 
1977 0.9271100355158775 
1978 0.9433771485426322 
1979 0.9635778768642193 
1980 0.9038350264798 
1981 0.8829775980940451 
1982 0.9038056019546516 
1983 0.9371719479813096 
1984 0.9176052043434064 
1985 0.9274924377674386 
1986 0.8938406531238322 
1987 0.9525957515353355 
1988 0.9704428385690774 
1989 0.9493576682643097 
1990 0.9210357601300904 
1991 0.9005562898298258 
1992 0.9488277349740387 
1993 0.9290255204522 
1994 0.9146446473830839 
1995 0.8773810892868258 
1996 0.9767264654968645 
1997 0.9595655020431354 
1998 0.9361162631054838 
1999 0.9348987996347613 
2000 0.9493739937458645 
2001 0.9556859143920645 
2002 0.9749172038585162 
2003 0.9529018785403807 
2004 0.9102354392772773 
2005 0.9160844921393161 
2006 0.9524622622714645 
2007 0.8808978223203225 
2008 1.0006933410316967 
2009 1.003224616465129 
2010 0.9331169284476323 
2011 0.9373657370576065 
2012 0.9206493026267871 
2013 0.9030307113111872 
2014 0.9358929371808387 
2015 0.9339463188848839 
2016 0.9853762838481805 
2017 0.9692766982721355 
2018 0.934829809719058 
2019 0.9543680960696451 
2020 0.9331038650848517 
2021 0.9505294675021483 
2022 0.9269026195150516 
2023 0.9817111430906 
2024 0.9301538731837226 
2025 0.9297560255605161 
2026 0.9255240929986193 
2027 0.9019600024332064 
2028 0.9785085021911936 
2029 0.9141452770051613 
2030 0.9367175617972386 
2031 0.9678526452217677 
2032 0.941909697188271 
2033 0.9379111546981161 
2034 0.4199608170906587 
2035 0.4599110376384032 
2036 0.9762460372882322 
2037 0.9419179605504129 
2038 0.9140426832612903 
2039 0.9299459866007935 
2040 0.9383708448401742 
2041 0.9483981353247226 
2042 0.9375093842041549 
2043 0.9670522947240904 
2044 0.8772203510053806 
2045 0.9091663940979678 
2046 0.8876127283336968 
2047 0.8978955806376064 
2048 0.9127433336321742 
2049 0.9765878997440065 
2050 0.9455911463269806 
2051 0.9299169582419032 
2052 0.9560586616895548 
2053 0.9183676901996322 
2054 0.9739139805367161 
2055 0.9538186783797549 
2056 0.9119085804735225 
2057 0.9533189912176903 
2058 0.9896160692000064 
2059 0.9633248821988258 
2060 0.910300867452787 
2061 0.9361356687294193 
2062 0.9053687447526839 
2063 0.9239504662222193 
2064 0.9585492801505225 
2065 0.9884137908863354 
2066 0.9400274688188451 
2067 0.8925872243874129 
2068 0.8908429732605548 
2069 0.909601901249871 
2070 0.9499392457855483 
2071 0.9769266743074323 
2072 0.8837455268446194 
2073 0.8940195694184387 
2074 0.9118372715393032 
2075 0.9127288599055161 
2076 0.9399426454205484 
2077 0.9719946263303484 
2078 0.9487038436083485 
2079 0.9111169227327742 
2080 0.8387141901737225 
2081 0.8749944206673161 
2082 0.9638735039011419 
2083 0.9930424792883806 
2084 0.7791590565268323 
2085 0.7891402515106709 
2086 0.5086171744822806 
2087 0.5855586340570678 
2088 0.9633303798280451 
2089 0.9313065117547483 
2090 0.949308741000129 
2091 0.960133490299 
2092 0.9229737874450968 
2093 0.9280123924306839 
2094 0.9874735328043741 
2095 0.9388706205431872 
2096 0.9770791394914258 
2097 0.9392889924387549 
2098 0.9200410862776065 
2099 0.8998861762522129 
2100 0.9325031264007935 
2101 0.9134608346348968 
2102 0.8952492209174581 
2103 0.8888778499033871 
2104 0.9354141114565354 
2105 0.9333572089887484 
2106 0.9818131869828258 
2107 0.9732804845741936 
2108 0.9511007357877742 
2109 0.9196766718135613 
2110 0.9425816948384451 
2111 0.986069511117258 
2112 0.9626692555755871 
2113 0.9614824817828129 
2114 0.9087850035896645 
2115 0.9312430443405418 
2116 0.9310900581668581 
2117 0.8907326388258 
2118 0.946813373535942 
2119 0.9432910901775872 
2120 0.9815191640057355 
2121 0.9946630955884 
2122 0.8984361531951742 
2123 0.9457412390946774 
2124 0.9371180604224645 
2125 0.9251202998536322 
2126 0.9844195198088322 
2127 1.010785012593013 
2128 0.9382162623059485 
2129 0.9414392291974645 
2130 0.9660804099849548 
2131 0.9516375428095936 
2132 0.3142145009084439 
2133 0.3312218878878677 
2134 0.9130644975824774 
2135 0.9826552008126774 
2136 0.9272299042548581 
2137 0.9445811220103354 
2138 0.9776011812052516 
2139 0.9790355739510451 
2140 0.9818513399080968 
2141 0.9559067273561033 
2142 0.9151188706549678 
2143 0.9062985535512517 
2144 0.9302998919201032 
2145 0.9213836353446 
2146 0.9105044613021548 
2147 0.9516662637181097 
2148 0.9440883634775677 
2149 0.9366171343641032 
2150 0.9559162105493355 
2151 1.0182758910650258 
2152 0.9435089951203419 
2153 0.9806651167975097 
2154 0.9198792095439613 
2155 0.9156166442038194 
2156 0.9310420439742516 
2157 0.9561100739557032 
2158 0.9153503988065097 
2159 0.896105776338858 
2160 0.9118630467626968 
2161 0.9070327721490903 
2162 0.9790482852719613 
2163 0.966411887729 
2164 0.9524917522511355 
2165 0.9340428056262904 
2166 0.9412700962543677 
2167 0.9591743521625419 
2168 0.9698090142362 
2169 0.952118029769058 
2170 0.9446849965051484 
2171 0.9429530441444129 
2172 0.8854078594497097 
2173 0.9164060447945613 
2174 0.8995594726751805 
2175 0.8975189109151871 
2176 0.9755157878535999 
2177 0.9773185349084644 
2178 0.9346794899675612 
2179 0.925577576421329 
2180 0.9575009567658064 
2181 0.9603167042155678 
2182 0.27366479861213544 
2183 0.3025262871622555 
2184 0.9372493277043161 
2185 0.9623572456354774 
2186 0.9550851315631226 
2187 0.9193527133006258 
2188 0.9280998991735677 
2189 0.9284214599608064 
2190 0.9385500515092452 
2191 0.8595033168977096 
2192 0.8955233497696967 
2193 0.8433650806553549 
2194 0.9124559097471291 
2195 0.9282431798490258 
2196 0.9398255453893806 
2197 0.9467152637604774 
2198 0.9868549927321741 
2199 0.9470649323037355 
2200 0.916666154314129 
2201 0.9245635366865161 
2202 0.9677924291183613 
2203 0.9495876663160322 
2204 0.9292895304439742 
2205 0.9598866079677484 
2206 0.9502494538528968 
2207 0.9014087687400516 
2208 0.9280094455637097 
2209 0.9355617073019613 
2210 0.34289943608016127 
2211 0.36413096871907674 
2212 0.943243620814858 
2213 0.931010450624258 
2214 0.9742433135819548 
2215 0.9387999811108968 
2216 0.9606490107851613 
2217 0.9227895189537032 
2218 0.9468958274071936 
2219 0.9344595574705935 
2220 0.8945891134514904 
2221 0.951529803473187 
2222 0.8955021074274451 
2223 0.8985263794946645 
2224 0.9318391637645935 
2225 0.9487633917129419 
2226 0.9231920224523549 
2227 0.9264696722739807 
2228 0.9676958598214516 
2229 0.950578412590142 
2230 0.9617203816745097 
2231 0.9246282088584129 
2232 0.9538434530891999 
2233 0.984273905063342 
2234 0.9024485067301032 
2235 0.9259863907568451 
2236 0.9313354146531871 
2237 0.9567042906554646 
2238 0.9029507881571937 
2239 0.9049019452053484 
2240 0.9970413209499033 
2241 0.980620653336871 
2242 0.9085015550136903 
2243 0.9469065866374258 
2244 0.9076290110237161 
2245 0.9219768765509743 
2246 0.9058556771806775 
2247 0.9156119338138 
2248 0.9293525710525097 
2249 0.9370653799964322 
2250 0.9742099879644452 
2251 0.9250395245913678 
2252 0.8826834941364193 
2253 0.9265153016619548 
2254 0.9098789353396839 
2255 0.9442314102323419 
2256 0.9351116151748065 
2257 0.899177082855 
2258 0.994464069245942 
2259 0.9613924596802967 
2260 0.9292096030654129 
2261 0.951248340188542 
2262 0.9384980934145871 
2263 0.9513009102823484 
2264 0.9276546376917614 
2265 0.9252303354091806 
2266 0.9419319802607355 
2267 0.9221688007330645 
2268 0.9006930423721871 
2269 0.8983611557197096 
2270 0.8979696615746388 
2271 0.9459526298865807 
2272 0.8941166594592774 
2273 0.8999847188174839 
2274 0.9263422120638128 
2275 0.9130250549055613 
2276 0.9011004043915162 
2277 0.8723686514843161 
2278 0.9212494990628709 
2279 0.931869410977129 
2280 0.9229157657683161 
2281 0.9486976366271677 
2282 0.28574407345685876 
2283 0.3121298480066252 
2284 0.9270999418367161 
2285 0.9155330742884515 
2286 0.9281482975560904 
2287 0.9470610436407806 
2288 0.9230524881536452 
2289 0.9257608519390839 
2290 0.9740614466096517 
2291 0.8954277560080516 
2292 0.910967456336142 
2293 0.902115055064871 
2294 0.922357954782884 
2295 0.9254381097869354 
2296 0.36732159095346906 
2297 0.3853672045468374 
2298 0.9275028286408645 
2299 0.9343799956794839 
2300 0.9567621273899419 
2301 0.9100282313908452 
2302 0.9332234940034387 
2303 0.9311350987316839 
2304 0.9870030875124064 
2305 0.939303055066942 
2306 0.9258103986737419 
2307 0.9243806364375291 
2308 0.889137219767929 
2309 0.9027481929509871 
2310 0.9265007239872902 
2311 0.9730544129653548 
2312 0.8851037909536645 
2313 0.9161072720686516 
2314 0.9539966019908387 
2315 0.9288129752475355 
2316 0.9041775247457225 
2317 0.915090738082871 
2318 0.9110138697832516 
2319 0.8912470418597871 
2320 0.9307564609407162 
2321 0.9346426195309806 
2322 0.9367964610619935 
2323 0.9391582430313161 
2324 0.9320438414884451 
2325 0.9541756941611613 
2326 0.951887406314942 
2327 0.9447098438499097 
2328 0.8969274294517549 
2329 0.9573056905382968 
2330 0.890752953440671 
2331 0.8819378604385032 
2332 0.8735150583527806 
2333 0.894111620780942 
2334 0.9804817011191161 
2335 0.9092871089910323 
2336 0.8697566442275936 
2337 0.9283636362002258 
2338 0.9347494340021097 
2339 0.8740596591107033 
2340 0.955189423922742 
2341 0.9811132464540323 
2342 0.9533445266248645 
2343 0.9715985139458775 
2344 0.8992914761500581 
2345 0.8549942478953161 
2346 0.9633385158564517 
2347 0.9952747595176 
2348 0.9218601217360065 
2349 0.915973132673671 
2350 0.9230550862001871 
2351 0.8576587591670128 
2352 0.9935154140484194 
2353 1.0120005845313031 
2354 0.9479616265993032 
2355 0.9283013299139935 
2356 0.9861263535112839 
2357 0.9633248821988258 
2358 0.8460286352068644 
2359 0.842882707932129 
2360 0.8587151578105677 
2361 0.9127441392990451 
2362 0.8996371241261548 
2363 0.8969542248591549 
2364 0.9328012479292839 
2365 0.9096571154648257 
2366 0.897670677606187 
2367 0.9081506224960064 
2368 0.9743197304389485 
2369 0.9224582785864001 
2370 0.9730761158835226 
2371 0.9477681616253613 
2372 0.943953721264342 
2373 0.9652522725586838 
2374 0.8909882652316129 
2375 0.9396923129746516 
2376 0.9229437528974644 
2377 0.8781655753096903 
2378 0.9092142682787872 
2379 0.8917639786056387 
2380 0.8837587675930451 
2381 0.9225930553313418 
2382 0.9061937464196129 
2383 0.9191208344050452 
2384 0.9035488964796968 
2385 0.9221723795456774 
2386 0.41216683144481936 
2387 0.2925563916398484 
2388 0.9018617254075549 
2389 0.8531100764884387 
2390 1.0171864043540968 
2391 0.9749915733477935 
2392 0.8895044721339355 
2393 0.9268996685703871 
2394 0.9721129913598968 
2395 0.9165336551889033 
2396 0.9153463193390968 
2397 0.8969829161606387 
2398 0.9092039729180322 
2399 0.8812086129686904 
2400 0.9704594929466065 
2401 0.9292789483800517 
2402 0.9662329317101742 
2403 0.9483389772619806 
2404 0.8829515577843613 
2405 0.8362465187702323 
2406 0.9773483116314259 
2407 0.9916740585040904 
2408 0.9074595194091354 
2409 0.9729391665669097 
2410 0.9211684235682452 
2411 0.9647168221956839 
2412 0.9070079300161872 
2413 0.9056709680399225 
2414 0.9198477177406709 
2415 0.9199697406465226 
2416 0.942228777505742 
2417 0.9785198549460967 
2418 0.9159651406956775 
2419 0.884808227123387 
2420 0.8904461223891742 
2421 0.9073155252138903 
2422 0.9397188447287097 
2423 0.9459272266984193 
2424 0.9141805183780451 
2425 0.9091984367434451 
2426 0.924885381825742 
2427 0.9233134177722322 
2428 0.8747189233025354 
2429 0.8929677576058969 
2430 0.9185545660289614 
2431 0.9038004009761097 
2432 0.9466635836973161 
2433 0.9278918084104775 
2434 0.9085205833808387 
2435 0.8887247916684451 
2436 0.9069624401624259 
2437 0.909791749151116 
2438 0.9159545631988582 
2439 0.9226630678936194 
2440 0.9766982123632257 
2441 0.9593521946898774 
2442 0.8737957929371419 
2443 0.8772424609188065 
2444 0.930054959812929 
2445 0.9262768994491549 
2446 0.9155054998302322 
2447 0.8875399314203226 
2448 0.9473270824516065 
2449 0.9471173406670451 
2450 0.9432539341295291 
2451 0.9248279020665677 
2452 0.9179955007468193 
2453 0.8732701043987354 
2454 1.0067145219916322 
2455 0.9585225055754129 
2456 0.8970108892417291 
2457 0.9502758082068129 
2458 0.8928146089653097 
2459 0.9019179408638323 
2460 0.9179247106900451 
2461 0.8975441472707548 
2462 0.9684116885882645 
2463 0.9719911170435355 
2464 0.9472747259845936 
2465 0.948115366560129 
2466 0.9539322309658839 
2467 0.9402467121029225 
2468 0.880914489930529 
2469 0.8510259569228 
2470 0.9287585812166387 
2471 0.9663173780184774 
2472 0.9539757947620838 
2473 0.9493578104809935 
2474 0.9438337291773999 
2475 0.923261115648987 
2476 0.9033306998157935 
2477 0.8589708029209743 
2478 0.945113627514587 
2479 0.9402372662862902 
2480 0.9246409806664581 
2481 0.9792573749935162 
2482 0.9188087252612 
2483 0.931605053145271 
2484 0.9141263282902774 
2485 0.9168210048618839 
2486 0.9344259915737161 
2487 0.9513451338256451 
2488 0.38434311572622387 
2489 0.42844299446819484 
2490 0.9547001138308387 
2491 0.9516223166533807 
2492 0.9049113453111226 
2493 0.956415811843329 
2494 0.6130103209109271 
2495 0.6916176614514193 
2496 0.8811211043780129 
2497 0.8932293936787226 
2498 0.9313911709871548 
2499 0.9206736719853097 
2500 0.980203352570671 
2501 0.9328815360537097 
2502 0.9557894304118452 
2503 0.9370149646464516 
2504 0.8917070298078645 
2505 0.8889807551246451 
2506 0.9208347589097936 
2507 0.9084243942861613 
2508 0.889360332725471 
2509 0.9490756515490903 
2510 0.9479189184625226 
2511 0.9470869891260323 
2512 0.9238828675257678 
2513 0.8994710588230839 
2514 0.9509546405303548 
2515 0.9693826205944903 
2516 0.9411197532429613 
2517 0.9606911450727871 
2518 0.9556930155041935 
2519 0.9710130104271419 
2520 0.9381540710004773 
2521 0.896167267123058 
2522 0.8988764410454259 
2523 0.9023996209745354 
2524 0.9038784653665484 
2525 0.9543081000376515 
2526 0.9416485021095355 
2527 0.9666937697664258 
2528 0.8876347504613226 
2529 0.8805155112028581 
2530 0.9822680141122129 
2531 0.930247582226929 
2532 0.9452694072642129 
2533 0.931548741091329 
2534 0.9764991029602645 
2535 0.9620144318126451 
2536 0.9348630364889161 
2537 0.8864096335293548 
2538 0.8855121953854322 
2539 0.8834269585257934 
2540 0.9639759590311032 
2541 0.9365680358445032 
2542 0.9007860662846194 
2543 0.9086932713768645 
2544 0.9480708351038839 
2545 0.9589658336166322 
2546 0.9556335347535677 
2547 0.9621396130692 
2548 0.9569192137896387 
2549 0.9562454866181096 
2550 0.9196939620003096 
2551 0.9253284066034968 
2552 0.9241946527817936 
2553 0.9621027377748451 
2554 0.9226545677846452 
2555 0.9321776578522323 
2556 0.9295037682174323 
2557 0.8973924260950322 
2558 0.9746682786478064 
2559 0.988800248558271 
2560 0.9018617254075549 
2561 0.8531100764884387 
2562 0.9299723246313033 
2563 0.9298962584204322 
2564 0.9521106611511484 
2565 0.9078883966189742 
2566 0.9090605333345161 
2567 0.872670773597587 
2568 0.9664021710933162 
2569 0.9374659021128774 
2570 0.9387741052727354 
2571 0.9025490898179419 
2572 0.969474115594529 
2573 0.9525038554378452 
2574 0.9165166178346517 
2575 0.9524643725388259 
2576 0.895844671829329 
2577 0.8962530405126838 
2578 0.9547979307900903 
2579 0.9676017661396645 
2580 0.9349447482971484 
2581 0.9317857039621097 
2582 0.8989507613583098 
2583 0.937565427087729 
2584 0.9276770559870775 
2585 0.963282679135258 
2586 0.9679891640294194 
2587 0.898254658420071 
2588 0.9369626107807225 
2589 0.963452857695871 
2590 0.9591035897729161 
2591 0.9766237203903098 
2592 0.9880684222317484 
2593 0.953883278781742 
2594 0.9149709511725033 
2595 0.9267461409906903 
2596 0.9186750979852323 
2597 0.8611470485486065 
2598 0.9527832331341484 
2599 0.9495100486922515 
