0 10.382634482997625 
1 21.610209749135706 
2 16.599206113637354 
3 18.41779994818448 
4 15.619207924479118 
5 10.95765125112991 
6 24.16185077653348 
7 16.094302554027504 
8 29.076630849220106 
9 20.560817667099684 
10 9.694696964443798 
11 14.404258461115786 
12 12.568106770224675 
13 11.487215442255867 
14 15.859160894158927 
15 15.993959800642916 
16 17.986251849310662 
17 20.514758893241968 
18 19.4879057362958 
19 30.689729856294086 
20 7.806798532562265 
21 7.852252070099765 
22 13.880885876543864 
23 13.084424922868632 
24 15.712299208822824 
25 16.44218993782684 
26 17.253268175498352 
27 17.97199417259405 
28 10.947555249303756 
29 9.99986648737829 
30 15.487251821300259 
31 16.98284427852437 
32 18.85148230048721 
33 17.30430513439363 
34 21.848291956202402 
35 31.514557708635444 
36 17.212767878394903 
37 12.55332381576624 
38 21.670278117912076 
39 15.53106543384964 
40 26.101835832970316 
41 20.725610629876517 
42 14.583912266427443 
43 13.879048589694378 
44 12.578698136124398 
45 17.33204957086245 
46 16.75101740877268 
47 10.818454522709628 
48 13.47307828209823 
49 20.368905918404018 
50 14.122045494336776 
51 8.962896639264216 
52 10.641066363576398 
53 13.199846422074938 
54 10.500197771936412 
55 16.977825991920533 
56 29.788244652140563 
57 17.5532816900819 
58 23.601161403587746 
59 17.48573810814191 
60 42.352161883797486 
61 30.27460264757258 
62 17.793812071254937 
63 21.6177836419769 
64 23.73176113795562 
65 26.828092618651656 
66 20.720081807268794 
67 19.735115042582223 
68 14.086332143324926 
69 12.499453151308712 
70 20.39902146265071 
71 20.3684113402162 
72 18.695859929394146 
73 16.325013136129222 
74 16.76246503077292 
75 17.11367076728482 
76 29.551503536904995 
77 7.5630551518451865 
78 17.641360397722014 
79 13.501094429995108 
80 30.716925307769486 
81 19.582896788712404 
82 18.84140496201895 
83 17.310447009686378 
84 21.697967967553698 
85 21.950053379665487 
86 18.621488190374713 
87 19.28087635666576 
88 12.345665348988488 
89 10.805940002267176 
90 11.261236927951028 
91 11.720057897472294 
92 11.396109735984806 
93 7.769215095709645 
94 14.39481631980671 
95 36.75474079007326 
96 24.829238838307898 
97 31.826386517638312 
98 20.6746322804527 
99 22.932099879169606 
100 11.710601039191653 
101 12.372651166083577 
102 18.46791685196356 
103 18.527468935388256 
104 19.869460380022076 
105 21.330187096019568 
106 17.529072999076384 
107 22.897922194197868 
108 19.91360949554896 
109 15.51325780692313 
110 18.58855960184188 
111 26.69083133940844 
112 20.111453683236395 
113 14.486495447826147 
114 9.36782695120998 
115 9.727704321487298 
116 16.121583444479892 
117 10.642227347577762 
118 18.862757972467946 
119 16.928830606915536 
120 21.645339416020725 
121 27.249719011700808 
122 19.253704485778815 
123 19.91200235470609 
124 21.11999355468947 
125 17.07959311653514 
126 19.16152257734408 
127 31.37476436970767 
128 0.7762129622981049 
129 10.805466747388353 
130 19.20556802051376 
131 23.455321243030742 
132 11.678548556854315 
133 12.500309951838252 
134 24.446889862911497 
135 13.728949814734802 
136 17.620608820588654 
137 17.19942754743442 
138 16.17155878055081 
139 22.01341492856918 
140 18.466778498373156 
141 11.692026359510722 
142 11.880265572953252 
143 11.714624064350351 
144 13.575293074318857 
145 11.760610139075819 
146 12.742524866477497 
147 17.014051598247608 
148 18.924375662688654 
149 14.270805830395906 
150 4.486640002652852 
151 18.17533550866884 
152 13.020249148654145 
153 21.70627749314289 
154 15.304048309707552 
155 16.014539567631136 
156 17.66372292622119 
157 13.763820249791621 
158 23.596248727166348 
159 15.877050731714704 
160 18.464989940523623 
161 19.015750102008433 
162 22.94903866145782 
163 14.761243458399468 
164 21.69594769348548 
165 16.7109737002522 
166 29.107099979874945 
167 16.311173160459354 
168 13.181096522378585 
169 13.103801201563344 
170 21.79651821441563 
171 12.02981709922876 
172 16.069576144883893 
173 31.062936027135514 
174 15.032539469204165 
175 13.56348408168545 
176 11.077082348467043 
177 11.577008854638196 
178 18.335835347914088 
179 14.911543343086402 
180 9.430382336739626 
181 10.254595774747749 
182 19.514290366855096 
183 13.392331099311274 
184 13.75357504730113 
185 12.97264930301034 
186 17.83755140576425 
187 14.196660607968372 
188 10.182326665371917 
189 8.783330890205852 
190 26.789880112159324 
191 17.78920849273469 
192 9.796685624861317 
193 9.261443479259315 
194 18.468323440829913 
195 15.598238724265144 
196 9.07928756353309 
197 18.637126695726746 
198 11.58749944746497 
199 13.897765716690358 
200 12.246178820960061 
201 12.300372444939734 
202 2.801761361207302 
203 9.73027697033107 
204 15.581434398519983 
205 48.148406648911745 
206 11.371947433634556 
207 12.096918307015647 
208 6.835734250348363 
209 23.052466116320225 
210 10.386799765236708 
211 10.263428480540297 
212 22.00590769101622 
213 14.128324665175564 
214 20.7053526911552 
215 12.341814650796687 
216 24.647873584495414 
217 13.919720165537749 
218 15.337177710413824 
219 8.95686750178313 
220 12.534978243198012 
221 9.083829832392313 
222 13.676528226582192 
223 17.053829108133932 
224 12.86126843268868 
225 12.467500349266837 
226 16.865727337064918 
227 8.176573106209768 
228 14.023129465494703 
229 20.16065832227798 
230 21.84123810118936 
231 21.233434413490404 
232 8.449461018253462 
233 10.993206407783276 
234 7.146259390073315 
235 7.362664831692623 
236 17.69330453563715 
237 15.054607582033409 
238 21.313278419455976 
239 16.005739362717037 
240 25.61016028087315 
241 13.68741821267153 
242 11.698842194224639 
243 8.589780663130517 
244 8.829927790993874 
245 7.35115429645053 
246 40.61493173235208 
247 25.901157871985674 
248 11.81797024025877 
249 19.392935084150174 
250 12.581112900855178 
251 12.960823697367852 
252 30.780268005225075 
253 20.760386865577082 
254 7.7782632400775915 
255 15.334598327721292 
256 17.13065568815808 
257 16.95065510301404 
258 31.511953238869438 
259 41.966121366751715 
260 21.035467822179424 
261 32.11860201549913 
262 18.77351666845705 
263 30.312454379232342 
264 11.499214524039951 
265 8.883508244289361 
266 8.250462259919901 
267 14.529653031814656 
268 8.250462259919901 
269 14.770808461784975 
270 20.272229445284896 
271 26.361530290936287 
272 20.94314204253237 
273 17.463896406711914 
274 12.117047860892274 
275 9.675441753171857 
276 11.814341808021002 
277 20.598481500034378 
278 13.930399548307815 
279 8.34242433886007 
280 19.592135686959608 
281 19.06311187063112 
282 29.40626643203186 
283 11.199982910182326 
284 7.425058197686255 
285 19.767668960316712 
286 18.50115348139653 
287 16.332577899270266 
288 25.776362932417236 
289 11.442245944080554 
290 14.012681994641223 
291 12.045086828041136 
292 19.257417287260907 
293 6.813669237717115 
294 16.624931626303063 
295 14.086379451631537 
296 35.654632471076276 
297 16.38822508928083 
298 14.130418963170591 
299 19.079327677576366 
300 24.348399530947045 
301 19.776710061626815 
302 21.92824952685676 
303 10.072824557274531 
304 10.81181738271936 
305 16.670988461523173 
306 19.3342030174659 
307 27.436884693630578 
308 21.553131246691983 
309 18.734858873399233 
310 35.9470689064107 
311 6.420848948000098 
