0 3.3771829151088513 
1 3.223645246923049 
2 3.5778296734391954 
3 4.12974307336088 
4 3.605449840526096 
5 3.8736309347220184 
6 3.566146576391957 
7 3.2243432806097445 
8 3.4827793083236354 
9 3.2885030534991673 
10 3.015978716789241 
11 2.966087102692649 
12 3.003258948626577 
13 2.9658193625030966 
14 2.8630974441070167 
15 2.451464349830807 
16 3.9112723551140043 
17 3.4123556904809247 
18 3.5335169113100253 
19 3.3057231134186367 
20 3.5845036967315425 
21 3.133107370907505 
22 3.199994103254036 
23 3.0665502085635907 
24 2.596487444876641 
25 2.516513925461588 
26 3.127534026169721 
27 3.3897529375727142 
28 4.0921803093239975 
29 3.5752267031097196 
30 2.5218505724816227 
31 3.018106586383203 
32 4.0623518653124115 
33 3.7758455744992814 
34 3.8131574663316172 
35 3.418702900071449 
36 3.5995348835801115 
37 3.6153938936490517 
38 2.7117441256490964 
39 2.4728626166926846 
40 3.6171049342864574 
41 3.5680819211682833 
42 3.8548338620378155 
43 4.112799815896673 
44 3.126441780048287 
45 3.192748627770233 
46 3.910474807817642 
47 3.872260829931127 
48 4.126131734281151 
49 4.684965956217795 
50 4.060841520451923 
51 4.254358655039071 
52 3.9538379502004988 
53 3.6707509584928957 
54 4.8032872378230245 
55 4.85 
56 4.278035103036906 
57 4.028140541477941 
58 4.85 
59 3.464000926802667 
60 4.85 
61 3.5047333838032384 
62 4.590084184117231 
63 3.6836792512440772 
64 4.745979869416489 
65 4.216592843535641 
66 4.732328488893446 
67 3.390910236078301 
68 4.443233078682192 
69 3.172774018235831 
70 4.796745868309843 
71 3.6654268131333194 
72 3.9378538739081272 
73 4.4250250302851235 
74 4.498468624159545 
75 3.4810028801563715 
76 4.848593190014599 
77 4.151870808664634 
78 4.486683631115448 
79 3.419829981809059 
80 4.954376924932256 
81 4.85 
82 4.89190851599249 
83 3.4032143688105507 
84 4.2097473641599965 
85 4.115158597379378 
86 4.85 
87 4.7584300975888265 
88 4.049628738175197 
89 4.051525861901454 
90 3.5452630993658723 
91 3.8795530657182242 
92 3.7954210508970534 
93 3.772335312412938 
94 4.295376409527398 
95 4.956359548869972 
96 4.121238588934369 
97 4.85 
98 3.258711967146997 
99 4.669228120658471 
100 3.412868720386914 
101 3.5370960276754917 
102 3.8738694000502725 
103 4.1870192230122045 
104 4.334838852957713 
105 3.7297146955783043 
106 3.283937353512104 
107 3.173969136549007 
108 3.994158679277467 
109 3.896442109630695 
110 3.384418233031798 
111 3.647884872136418 
112 3.4561460292294295 
113 3.4811395494916857 
114 4.9246348501450345 
115 3.464790405450585 
116 4.549630785503043 
117 3.9144159443425943 
118 3.4546417668632534 
119 3.4769027559241743 
120 4.150142225571746 
121 4.944011814017672 
122 4.116055390317026 
123 3.6286746661164626 
124 3.3196909638352547 
125 3.298496658574005 
126 3.6511617213175955 
127 3.538976468068265 
128 3.595100048961152 
129 3.5458952861436877 
130 3.7637056074839093 
131 4.039136684484042 
132 3.030377780233978 
133 3.8326692154486017 
134 3.443648564154924 
135 3.468645025725137 
136 3.499017942864553 
137 3.4132414718148194 
138 3.3311560390081913 
139 4.110225774558713 
140 3.554452761279955 
141 3.250907710659544 
142 3.1641625264162965 
143 3.125740608175695 
144 4.080112145092204 
145 3.0700614445104444 
146 3.3707905181860194 
147 3.060007716313474 
148 3.668810141584905 
149 3.1197728525854442 
150 3.427488442489928 
151 2.9460217468025034 
152 3.907714533468759 
153 3.6000768128516407 
154 4.157234586083524 
155 3.5082483905062696 
156 3.74617288326104 
157 3.527806494288099 
158 3.483531244404525 
159 3.392398952386366 
160 3.8579929135239177 
161 3.368714187680584 
162 3.4722792387811694 
163 3.39139651084598 
164 4.2083697275834435 
165 3.4847583844238517 
166 4.260107808526445 
167 3.0475608576329214 
168 3.1213937195359955 
169 3.2861883064963084 
170 4.011763813198794 
171 3.387332534555345 
172 3.0772089167321646 
173 2.9685504364468844 
174 3.503627890649259 
175 3.289342660896978 
176 3.622119131034407 
177 3.266343134992872 
178 3.9405246493978017 
179 3.1221008800882055 
180 3.7357242701852087 
181 3.2792193301678445 
182 3.6032899023689193 
183 3.518704837094975 
184 3.6819181838088904 
185 3.438422586171658 
186 3.939855204723443 
187 3.3855696737476153 
188 4.099778821048357 
189 4.628250910186163 
190 3.9213797812533246 
191 3.6364149528748033 
192 4.034061412118811 
193 3.619649352685918 
194 4.310365682220532 
195 4.396538354535826 
196 4.64411642568308 
197 4.520860450882394 
198 3.46612839242929 
199 3.5801966731031016 
200 3.490530503942969 
201 4.85 
202 4.043059980051618 
203 4.952478835422156 
204 3.9268551954732933 
205 4.85 
206 4.126812474088533 
207 4.85 
208 3.0962120403818765 
209 3.227139357565565 
210 3.878133898461413 
211 3.5342105361654896 
212 4.85 
213 3.9054795669743942 
214 3.8539428592559823 
215 3.67722343553266 
216 4.448592189807391 
217 4.776834558843837 
218 3.3361187214583863 
219 3.9296940471131214 
220 3.2513602786415112 
221 3.678811315909838 
222 4.119386100398198 
223 3.904505941307159 
224 3.574566019584993 
225 4.186907560896974 
226 2.8978892480020755 
227 3.2660629823637746 
228 3.0256801515114753 
229 2.8378095702286164 
230 4.673785483344251 
231 4.0128154412245545 
232 3.1523989972553315 
233 3.2697369446815934 
234 3.068944539769504 
235 3.5397035119364855 
236 3.350448994653774 
237 3.623518318640317 
238 3.8792902486608924 
239 3.1553766186281296 
240 4.476307028134325 
241 4.065130250992722 
242 4.5617010140174195 
243 3.905839212252474 
244 3.7011592536699864 
245 2.84686233975612 
246 4.516965588604496 
247 3.247268372813344 
248 4.7243250122660285 
249 3.626924609177606 
250 3.525008782670003 
251 3.9604824614383913 
252 3.877811451304345 
253 3.9988317592247222 
254 3.968473690792654 
255 4.065161564420086 
256 3.602277268966749 
257 3.1325990406944717 
258 3.578320995793307 
259 3.40443568246357 
260 4.695162405262105 
261 4.801931700952654 
262 4.774553338607914 
263 4.589427130692082 
264 4.723630187237522 
265 3.262184289687341 
266 4.85 
267 4.0636678125439 
268 4.85 
269 4.115696592834158 
270 4.164844435411578 
271 3.5615334733549346 
272 3.528927537421581 
273 4.1262111688526595 
274 4.112165567854552 
275 2.806087785865518 
276 3.58896174028242 
277 3.9523743455855738 
278 3.7905619419280416 
279 3.3871015361195793 
280 3.619384064380657 
281 3.390580335278322 
282 3.6373963813582844 
283 3.603070591223216 
284 3.5543953935078747 
285 3.2575484422671654 
286 3.464854446843061 
287 3.798007860559702 
288 3.844314553655369 
289 3.751972190888209 
290 3.9248613477645065 
291 3.2842248667067615 
292 3.3369672662270853 
293 3.8653092471154524 
294 4.039230852518741 
295 2.356814488090382 
296 2.9632329720392185 
297 3.364829867242966 
298 3.6612281278221896 
299 3.9960654214171014 
300 4.02899050739432 
301 4.283255655649777 
302 4.215718901155489 
303 3.807781383093123 
304 3.9206921927465395 
305 3.7864458638141976 
306 3.949184505772518 
307 3.8206623461209404 
308 4.263896189773281 
309 4.159103945636399 
310 4.2456334275863075 
311 3.881063359912846 
