0 8.894566522039707 
1 8.944394804352878 
2 6.605972979528323 
3 6.29196250298149 
4 8.272478940631416 
5 7.842825755663385 
6 20.05826709898329 
7 29.05065141052369 
8 35.49501548668822 
9 14.204930385984401 
10 11.456873215968534 
11 20.47810017625318 
12 27.09218685407193 
13 16.62381146777537 
14 12.286572165929936 
15 6.246785238757644 
16 21.950742628664734 
17 18.80322599445 
18 6.496803723696745 
19 24.026350310188977 
20 23.728807422493777 
21 26.29888516860414 
22 29.058098128056976 
23 20.80053956477753 
24 24.063015977740168 
25 29.109524106963153 
26 9.169701514399586 
27 13.502746067618293 
28 32.66719108999572 
29 13.223192188982733 
30 12.19455209929379 
31 15.412868849446955 
32 22.17636173295124 
33 19.398854838262093 
34 21.79142226263151 
35 23.37245549023432 
36 20.338977790708952 
37 26.019094174353757 
38 24.351368141151063 
39 21.919196458900565 
40 18.403657648328696 
41 28.391303170606232 
42 14.607530308254363 
43 22.14732128713394 
44 35.638878739729286 
45 32.87870877721076 
46 28.98640626403776 
47 29.334284495359586 
48 25.003302533532043 
49 27.04815951711507 
50 22.25768004117956 
51 14.201371277658332 
52 26.01247813845028 
53 32.358712843024556 
54 20.59079617865664 
55 13.749337004802413 
56 37.16740068587227 
57 29.215976372577703 
58 31.711846850593137 
59 14.949864199203017 
60 19.624586505214594 
61 18.752532794434558 
62 22.862226098332062 
63 28.551909108855625 
64 27.966687781296883 
65 16.069022059781318 
66 28.49410661757213 
67 29.39864021868648 
68 14.05164627527706 
69 19.878406430392705 
70 17.33441338380916 
71 11.780859316849565 
72 20.660985389594398 
73 22.12232325576489 
74 26.490396821888044 
75 18.32421994460318 
76 11.704620673873853 
77 22.77544947572478 
78 24.156006312127808 
79 25.55616892414743 
80 26.17481059896906 
81 20.199203455865003 
82 9.748980777723544 
83 10.31570559329454 
84 21.511236934691407 
85 20.4053729281096 
86 14.745830403600056 
87 14.700144397246639 
88 21.560221857827994 
89 23.601161403587746 
90 13.671446219437861 
91 11.252837822248097 
92 5.2636384742327555 
93 18.910127050252026 
94 23.075675467504386 
95 22.41732540178834 
96 16.615447998288662 
97 13.334511755074791 
98 29.428755858662402 
99 30.346887390385785 
100 23.344097332376037 
101 24.408761842687213 
102 19.93016868614873 
103 19.703130945390487 
104 10.417965092162751 
105 10.725748625495461 
106 30.11721453908348 
107 23.307515767830846 
108 11.24309487047521 
109 14.565477389377765 
110 40.475792521109774 
111 23.565359073185533 
112 16.463617022946906 
113 10.750931731148786 
114 11.696460640944126 
115 10.75084906071457 
116 13.216400509207325 
117 31.324620233311926 
118 17.056048277236258 
119 17.385716062176165 
120 19.87529794200852 
121 24.923813768309714 
122 14.22463389653465 
123 12.591272605009726 
124 9.779348743512383 
125 29.552961070988196 
126 19.10679257831896 
127 18.867934034494237 
128 29.20072126262732 
129 19.611556607081905 
130 26.279770930188846 
131 26.51786380390595 
132 8.141497274717766 
133 21.839873364992084 
134 17.716697008992874 
135 13.515712407517208 
136 18.515446077782194 
137 32.156277072871546 
138 15.453471620949468 
139 20.60799496875123 
140 22.39434468987095 
141 17.84605173022674 
142 10.593843690249773 
143 10.524358083270394 
144 13.292674346744418 
145 25.750884086444007 
146 29.01809175251313 
147 16.671518572251923 
148 10.117337167061457 
149 9.805915853852412 
150 29.75021279010384 
151 29.033156590478036 
152 16.34607200480136 
153 14.173393528155497 
154 9.764163878936868 
155 11.477439463220948 
156 10.439902727270464 
157 17.03678850973431 
158 14.061821936729741 
159 11.07307594829771 
160 13.90868815492771 
161 16.64089379800673 
162 21.987334871042147 
163 15.095732543450172 
164 35.801323033587984 
165 37.33314344714637 
166 40.374102381456595 
167 38.350026058572354 
168 14.226563824952004 
169 13.531104121300105 
170 21.951431920951265 
171 26.229153899068226 
172 21.01754843106403 
173 21.144268675075367 
174 15.30399246896733 
175 14.195219190924382 
176 19.86729570473105 
177 22.103669976179937 
178 15.399118121105984 
179 8.35731820065674 
180 10.890449088114329 
181 12.480856040159615 
182 18.897262032952924 
183 13.812773749069665 
184 8.372582876374619 
185 8.23381232822929 
186 17.5349356388249 
187 18.171949465365753 
188 24.127103921952116 
189 18.29791949324457 
190 24.127103921952116 
191 24.616338100911456 
192 23.674028752208343 
193 14.682905142145005 
194 19.67687970012995 
195 18.19638875150758 
196 20.889216487041057 
197 40.76374486116645 
198 16.572446846761416 
199 20.94084166695791 
200 25.09455546248654 
201 22.81335632271434 
202 17.856080376338365 
203 15.932597159386598 
204 14.162960161541942 
205 13.1188019404661 
206 30.977134416543574 
207 16.540945139625588 
208 12.525619814966344 
209 10.481881703769606 
210 24.949313854371763 
211 21.19641395203105 
212 31.48782318849284 
213 17.354065124746576 
214 19.11349696047247 
215 15.72879728797288 
216 17.25766951942067 
217 13.480006427767957 
218 13.5429005020907 
219 10.452416790438502 
220 6.8683530084120585 
221 8.437223280542486 
222 17.78634189367982 
223 23.976493992019847 
224 24.606950930467228 
225 25.357629106562037 
226 13.93701881062114 
227 13.857039024196853 
228 15.907701060057269 
229 24.909307946764223 
230 31.506745590577207 
231 19.072126883656637 
232 26.32529530647854 
233 26.873816266642745 
234 12.015756287474897 
235 19.16940430160602 
236 35.78940901411335 
237 32.67304396597389 
238 16.163768652114936 
239 18.45808285731889 
240 13.851501791582042 
241 10.756252869023776 
242 15.649920897883645 
243 13.074676741605257 
244 22.264178185447054 
245 14.567399730484434 
246 23.46765737689325 
247 21.172446517450606 
248 26.47250694269124 
249 25.33572537436046 
250 15.481592487874739 
251 11.515821438082922 
252 15.225052361817436 
253 31.484750444763055 
254 24.25673026319594 
255 31.2993746548662 
256 25.880860411447472 
257 18.990953463311268 
258 35.60831989133203 
259 29.872470745760538 
260 22.122789991138866 
261 24.758740784028994 
262 24.857344356535396 
263 16.159035921776518 
264 16.81764562007065 
265 16.90311036600601 
266 38.08952296194048 
267 18.48598666319951 
268 14.907727358353089 
269 15.07126892755248 
270 13.645648772013157 
271 13.700025804091418 
272 17.773302992936113 
273 34.31428758426598 
274 27.190892942808613 
275 31.26531099051822 
