0 3 
1 3 
2 3 
3 3 
4 3 
5 2 
6 2 
7 2 
8 2 
9 2 
10 2 
11 2 
12 2 
13 2 
14 2 
15 2 
16 2 
17 2 
18 2 
19 1 
20 1 
21 1 
22 1 
23 2 
24 2 
25 2 
26 2 
27 2 
28 2 
29 3 
30 3 
31 3 
32 3 
33 3 
34 3 
35 2 
36 2 
37 3 
38 3 
39 3 
40 3 
41 3 
42 3 
43 2 
44 2 
45 3 
46 3 
47 3 
48 3 
49 3 
50 3 
51 3 
52 3 
53 2 
54 2 
55 2 
56 2 
57 2 
58 2 
59 2 
60 2 
61 3 
62 3 
63 3 
64 3 
65 3 
66 3 
67 3 
68 3 
69 2 
70 2 
71 2 
72 2 
73 2 
74 2 
75 2 
76 2 
77 2 
78 2 
79 3 
80 3 
81 3 
82 3 
83 3 
84 3 
85 3 
86 3 
87 2 
88 2 
89 2 
90 2 
91 2 
92 2 
93 2 
94 2 
95 2 
96 2 
97 2 
98 2 
99 2 
100 2 
101 2 
102 2 
103 2 
104 2 
105 2 
106 2 
107 2 
108 2 
109 2 
110 2 
111 3 
112 3 
113 3 
114 3 
115 2 
116 2 
117 2 
118 2 
119 2 
120 2 
121 1 
122 1 
123 2 
124 2 
125 3 
126 3 
127 2 
128 2 
129 3 
130 3 
131 2 
132 2 
133 2 
134 2 
135 2 
136 2 
137 2 
138 2 
139 2 
140 2 
141 2 
142 2 
143 3 
144 3 
145 3 
146 3 
147 3 
148 3 
149 2 
150 2 
151 2 
152 2 
153 3 
154 3 
155 3 
156 3 
157 2 
158 2 
159 2 
160 2 
161 2 
162 2 
163 2 
164 2 
165 2 
166 2 
167 2 
168 2 
169 2 
170 2 
171 2 
172 2 
173 2 
174 2 
175 2 
176 2 
177 2 
178 2 
179 2 
180 2 
181 3 
182 3 
183 3 
184 3 
185 3 
186 3 
187 3 
188 3 
189 2 
190 2 
191 1 
192 1 
193 1 
194 1 
195 2 
196 2 
197 2 
198 2 
199 2 
200 2 
201 3 
202 3 
203 3 
204 3 
205 2 
206 2 
207 3 
208 3 
209 3 
210 3 
211 3 
212 3 
213 3 
214 3 
215 3 
216 3 
217 3 
218 3 
219 2 
220 2 
221 2 
222 2 
223 1 
224 1 
225 1 
226 1 
227 1 
228 1 
229 2 
230 2 
231 2 
232 2 
233 3 
234 3 
235 3 
236 3 
237 2 
238 2 
239 2 
240 2 
241 2 
242 2 
243 2 
244 2 
245 2 
246 2 
247 2 
248 2 
249 2 
250 2 
251 2 
252 2 
253 2 
254 2 
255 2 
256 2 
257 2 
258 2 
259 2 
260 2 
261 2 
262 2 
263 2 
264 2 
265 2 
266 2 
267 2 
268 2 
269 2 
270 2 
271 2 
272 2 
273 2 
274 2 
275 3 
276 3 
277 2 
278 2 
279 2 
280 2 
281 3 
282 3 
283 2 
284 2 
285 3 
286 3 
287 3 
288 3 
289 3 
290 3 
291 3 
292 3 
293 3 
294 3 
295 2 
296 2 
297 2 
298 2 
299 2 
300 2 
301 2 
302 2 
303 2 
304 2 
305 2 
306 2 
307 1 
308 1 
309 1 
310 1 
311 2 
312 2 
313 2 
314 2 
315 2 
316 2 
317 2 
318 2 
319 1 
320 1 
321 2 
322 2 
323 2 
324 2 
325 2 
326 2 
327 2 
328 2 
329 1 
330 1 
331 1 
332 1 
333 2 
334 2 
335 2 
336 2 
337 2 
338 2 
339 2 
340 2 
341 2 
342 2 
343 2 
344 2 
345 2 
346 2 
347 2 
348 2 
349 1 
350 1 
351 1 
352 1 
353 2 
354 2 
355 3 
356 3 
357 3 
358 3 
359 3 
360 3 
361 2 
362 2 
363 1 
364 1 
365 2 
366 2 
367 2 
368 2 
369 3 
370 3 
371 2 
372 2 
373 1 
374 1 
375 1 
376 1 
377 1 
378 1 
379 2 
380 2 
381 2 
382 2 
383 3 
384 3 
385 3 
386 3 
387 3 
388 3 
389 2 
390 2 
391 2 
392 2 
393 2 
394 2 
395 2 
396 2 
397 2 
398 2 
399 2 
400 2 
401 2 
402 2 
403 2 
404 2 
405 2 
406 2 
407 2 
408 2 
409 2 
410 2 
411 2 
412 2 
413 2 
414 2 
415 2 
416 2 
417 2 
418 2 
419 2 
420 2 
421 2 
422 2 
423 2 
424 2 
425 2 
426 2 
427 2 
428 2 
429 2 
430 2 
431 2 
432 2 
433 2 
434 2 
435 2 
436 2 
437 2 
438 2 
439 2 
440 2 
441 2 
442 2 
443 2 
444 2 
445 2 
446 2 
447 2 
448 2 
449 2 
450 2 
451 2 
452 2 
453 2 
454 2 
455 2 
456 2 
457 2 
458 2 
459 2 
460 2 
461 2 
462 2 
463 2 
464 2 
465 2 
466 2 
467 2 
468 2 
469 2 
470 2 
471 2 
472 2 
473 2 
474 2 
475 2 
476 2 
477 2 
478 2 
479 2 
480 2 
481 2 
482 2 
483 3 
484 3 
485 3 
486 3 
487 3 
488 3 
489 3 
490 3 
491 2 
492 2 
493 2 
494 2 
495 2 
496 2 
497 1 
498 1 
499 1 
500 1 
501 2 
502 2 
503 2 
504 2 
505 2 
506 2 
507 2 
508 2 
509 2 
510 2 
511 2 
512 2 
513 2 
514 2 
515 3 
516 3 
517 2 
518 2 
519 2 
520 2 
521 2 
522 2 
523 2 
524 2 
525 2 
526 2 
527 2 
528 2 
529 2 
530 2 
531 2 
532 2 
533 2 
534 2 
535 2 
536 2 
537 1 
538 1 
539 2 
540 2 
541 2 
542 2 
543 2 
544 2 
545 2 
546 2 
547 2 
548 2 
549 2 
550 2 
551 2 
552 2 
553 2 
554 2 
555 2 
556 2 
557 2 
558 2 
559 3 
560 3 
561 2 
562 2 
563 1 
564 1 
565 1 
566 1 
567 1 
568 1 
569 1 
570 1 
571 1 
572 1 
573 2 
574 2 
575 2 
576 2 
577 2 
578 2 
579 2 
580 2 
581 1 
582 1 
583 2 
584 2 
585 2 
586 2 
587 3 
588 3 
589 3 
590 3 
591 3 
592 3 
593 3 
594 3 
595 3 
596 3 
597 3 
598 3 
599 2 
600 2 
601 3 
602 3 
603 3 
604 3 
605 3 
606 3 
607 3 
608 3 
609 2 
610 2 
611 2 
612 2 
613 2 
614 2 
615 1 
616 1 
617 2 
618 2 
619 3 
620 3 
621 3 
622 3 
623 2 
624 2 
625 2 
626 2 
627 2 
628 2 
629 2 
630 2 
631 2 
632 2 
633 2 
634 2 
635 2 
636 2 
637 3 
638 3 
639 3 
640 3 
641 3 
642 3 
643 2 
644 2 
645 2 
646 2 
647 2 
648 2 
649 2 
650 2 
651 2 
652 2 
653 2 
654 2 
655 2 
656 2 
657 1 
658 1 
659 1 
660 1 
661 2 
662 2 
663 2 
664 2 
665 2 
666 2 
667 3 
668 3 
669 2 
670 2 
671 1 
672 1 
673 1 
674 1 
675 2 
676 2 
677 2 
678 2 
679 2 
680 2 
681 2 
682 2 
683 2 
684 2 
685 2 
686 2 
687 2 
688 2 
689 2 
690 2 
691 2 
692 2 
693 2 
694 2 
695 2 
696 2 
697 2 
698 2 
699 2 
700 2 
701 3 
702 3 
703 2 
704 2 
705 2 
706 2 
707 3 
708 3 
709 3 
710 3 
711 3 
712 3 
713 3 
714 3 
715 2 
716 2 
717 2 
718 2 
719 3 
720 3 
721 2 
722 2 
723 2 
724 2 
725 2 
726 2 
727 2 
728 2 
729 2 
730 2 
731 2 
732 2 
733 2 
734 2 
735 1 
736 2 
737 2 
738 2 
739 2 
740 2 
741 3 
742 3 
743 3 
744 2 
745 2 
746 2 
747 2 
748 2 
749 2 
750 1 
751 2 
752 2 
753 3 
754 2 
755 3 
756 2 
757 3 
758 2 
759 2 
760 2 
761 2 
762 3 
763 2 
764 3 
765 2 
766 3 
767 2 
768 2 
769 2 
770 2 
771 2 
772 2 
773 2 
774 2 
775 2 
776 2 
777 2 
778 2 
779 2 
780 2 
781 3 
782 2 
783 3 
784 2 
785 3 
786 1 
787 2 
788 2 
789 2 
790 2 
791 2 
792 2 
793 1 
794 2 
795 1 
796 2 
797 2 
798 2 
799 2 
800 2 
801 2 
802 2 
803 2 
804 2 
805 1 
806 2 
807 1 
808 2 
809 2 
810 2 
811 2 
812 2 
813 2 
814 3 
815 2 
816 3 
817 2 
818 3 
819 3 
820 3 
821 3 
822 3 
823 3 
824 3 
825 2 
826 3 
827 2 
828 2 
829 2 
830 2 
831 3 
832 2 
833 3 
834 2 
835 3 
836 3 
837 3 
838 3 
839 2 
840 3 
841 3 
842 3 
843 3 
844 3 
845 2 
846 2 
847 2 
848 2 
849 2 
850 2 
851 2 
852 2 
853 3 
854 3 
855 3 
856 3 
857 3 
858 3 
859 3 
860 3 
861 3 
862 2 
863 3 
864 2 
865 3 
866 2 
867 2 
868 2 
869 2 
870 2 
871 2 
872 3 
873 2 
874 3 
875 2 
876 3 
877 2 
878 3 
879 3 
880 3 
881 3 
882 2 
883 2 
884 2 
885 2 
886 2 
887 2 
888 2 
889 2 
890 2 
891 2 
892 2 
893 2 
894 2 
895 2 
896 3 
897 2 
898 3 
899 2 
900 3 
901 2 
902 3 
903 2 
904 3 
905 3 
906 3 
907 2 
908 3 
909 2 
910 2 
911 2 
912 2 
913 2 
914 2 
915 2 
916 3 
917 2 
918 3 
919 2 
920 2 
921 2 
922 1 
923 1 
924 1 
925 2 
926 2 
927 2 
928 2 
929 2 
930 3 
931 3 
932 3 
933 2 
934 3 
935 3 
936 3 
937 3 
938 3 
939 3 
940 3 
941 2 
942 2 
943 1 
944 3 
945 1 
946 3 
947 1 
948 2 
949 1 
950 2 
951 1 
952 2 
953 2 
954 2 
955 2 
956 2 
957 2 
958 2 
959 2 
960 2 
961 1 
962 2 
963 2 
964 2 
965 2 
966 2 
967 2 
968 2 
969 2 
970 2 
971 2 
972 2 
973 2 
974 2 
975 2 
976 2 
977 2 
978 2 
979 1 
980 3 
981 1 
982 3 
983 2 
984 3 
985 3 
986 3 
987 3 
988 3 
989 2 
990 3 
991 3 
992 3 
993 3 
994 2 
995 2 
996 2 
997 2 
998 2 
999 2 
1000 2 
1001 2 
1002 3 
1003 2 
1004 3 
1005 3 
1006 3 
1007 3 
1008 2 
1009 3 
1010 2 
1011 3 
1012 2 
1013 2 
1014 2 
1015 1 
1016 3 
1017 2 
1018 3 
1019 3 
1020 3 
1021 3 
1022 3 
1023 3 
1024 3 
1025 3 
1026 3 
1027 2 
1028 3 
1029 2 
1030 3 
1031 2 
1032 2 
1033 1 
1034 2 
1035 2 
1036 2 
1037 2 
1038 2 
1039 2 
1040 2 
1041 2 
1042 2 
1043 2 
1044 2 
1045 2 
1046 3 
1047 2 
1048 3 
1049 2 
1050 3 
1051 2 
1052 3 
1053 2 
1054 3 
1055 2 
1056 2 
1057 2 
1058 2 
1059 2 
1060 2 
1061 3 
1062 3 
1063 3 
1064 2 
1065 3 
1066 2 
1067 2 
1068 2 
1069 2 
1070 2 
1071 2 
1072 2 
1073 2 
1074 2 
1075 2 
1076 3 
1077 3 
1078 3 
1079 3 
1080 3 
1081 3 
1082 2 
1083 2 
1084 2 
1085 2 
1086 2 
1087 2 
1088 2 
1089 2 
1090 1 
1091 2 
1092 2 
1093 2 
1094 2 
1095 2 
1096 2 
1097 2 
1098 2 
1099 2 
1100 2 
1101 2 
1102 2 
1103 2 
1104 2 
1105 2 
1106 2 
1107 2 
1108 2 
1109 1 
1110 2 
1111 2 
1112 2 
1113 2 
1114 2 
1115 3 
1116 2 
1117 3 
1118 2 
1119 3 
1120 3 
1121 3 
1122 3 
1123 2 
1124 3 
1125 2 
1126 2 
1127 3 
1128 2 
1129 3 
1130 3 
1131 3 
1132 3 
1133 3 
1134 3 
1135 3 
1136 3 
1137 3 
1138 3 
1139 3 
1140 3 
1141 3 
1142 3 
1143 3 
1144 2 
1145 3 
1146 3 
1147 2 
1148 3 
1149 3 
1150 3 
1151 3 
1152 2 
1153 3 
1154 2 
1155 2 
1156 2 
1157 2 
1158 3 
1159 2 
1160 3 
1161 2 
1162 3 
1163 2 
1164 3 
1165 2 
1166 3 
1167 2 
1168 3 
1169 2 
1170 3 
1171 2 
1172 3 
1173 2 
1174 2 
1175 2 
1176 3 
1177 2 
1178 3 
1179 2 
1180 3 
1181 2 
1182 3 
1183 2 
1184 3 
1185 2 
1186 3 
1187 2 
1188 3 
1189 1 
1190 3 
1191 2 
1192 2 
1193 2 
1194 2 
1195 2 
1196 2 
1197 2 
1198 2 
1199 2 
1200 3 
1201 2 
1202 3 
1203 2 
1204 3 
1205 3 
1206 3 
1207 3 
1208 3 
1209 3 
1210 3 
1211 3 
1212 3 
1213 3 
1214 3 
1215 3 
1216 3 
1217 2 
1218 3 
1219 3 
1220 3 
1221 3 
1222 3 
1223 3 
1224 3 
1225 3 
1226 3 
1227 3 
1228 3 
1229 2 
1230 3 
1231 2 
1232 3 
1233 2 
1234 3 
1235 2 
1236 3 
1237 2 
1238 3 
1239 2 
1240 3 
1241 2 
1242 3 
1243 1 
1244 2 
1245 2 
1246 2 
1247 2 
1248 2 
1249 2 
1250 2 
1251 2 
1252 2 
1253 3 
1254 2 
1255 3 
1256 2 
1257 3 
1258 3 
1259 2 
1260 3 
1261 2 
1262 3 
1263 2 
1264 3 
1265 2 
1266 2 
1267 2 
1268 2 
1269 2 
1270 2 
1271 2 
1272 2 
1273 3 
1274 2 
1275 3 
1276 2 
1277 3 
1278 1 
1279 3 
1280 2 
1281 3 
1282 3 
1283 3 
1284 3 
1285 3 
1286 3 
1287 2 
1288 3 
1289 2 
1290 3 
1291 2 
1292 3 
1293 2 
1294 3 
1295 2 
1296 3 
1297 2 
1298 3 
1299 3 
1300 2 
1301 3 
1302 2 
1303 2 
1304 2 
1305 3 
1306 2 
1307 3 
1308 2 
1309 3 
1310 2 
1311 3 
1312 2 
1313 3 
1314 2 
1315 3 
1316 2 
1317 3 
1318 2 
1319 2 
1320 2 
1321 3 
1322 2 
1323 3 
1324 3 
1325 3 
1326 3 
1327 3 
1328 3 
1329 2 
1330 3 
1331 3 
1332 2 
1333 3 
1334 2 
1335 3 
1336 2 
1337 3 
1338 2 
1339 3 
1340 2 
1341 3 
1342 3 
1343 3 
1344 3 
1345 2 
1346 3 
1347 2 
1348 3 
1349 2 
1350 3 
1351 2 
1352 3 
1353 3 
1354 3 
1355 3 
1356 3 
1357 3 
1358 3 
1359 2 
1360 3 
1361 2 
1362 3 
1363 2 
1364 2 
1365 2 
1366 3 
1367 3 
1368 3 
1369 3 
1370 3 
1371 3 
1372 2 
1373 3 
1374 3 
1375 3 
1376 2 
1377 3 
1378 2 
1379 2 
1380 3 
1381 2 
1382 3 
1383 2 
1384 3 
1385 2 
1386 3 
1387 2 
1388 3 
1389 3 
1390 3 
1391 3 
1392 3 
1393 2 
1394 2 
1395 2 
1396 2 
1397 2 
1398 2 
1399 2 
1400 2 
1401 2 
1402 2 
1403 2 
1404 2 
1405 3 
1406 2 
1407 3 
1408 2 
1409 3 
1410 3 
1411 3 
1412 3 
1413 2 
1414 3 
1415 2 
1416 3 
1417 3 
1418 3 
1419 2 
1420 2 
1421 2 
1422 2 
1423 3 
1424 2 
1425 2 
1426 2 
1427 2 
1428 1 
1429 2 
1430 2 
1431 2 
1432 2 
1433 2 
1434 2 
1435 2 
1436 2 
1437 2 
1438 2 
1439 2 
1440 2 
1441 2 
1442 2 
1443 2 
1444 2 
1445 1 
1446 1 
1447 2 
1448 2 
1449 2 
1450 2 
1451 2 
1452 2 
1453 2 
1454 2 
1455 2 
1456 2 
1457 2 
1458 2 
1459 2 
1460 3 
1461 2 
1462 3 
1463 2 
1464 3 
1465 2 
1466 2 
1467 2 
1468 2 
1469 2 
1470 2 
1471 1 
1472 2 
1473 2 
1474 3 
1475 2 
1476 3 
1477 2 
1478 3 
1479 2 
1480 3 
1481 2 
1482 2 
1483 3 
1484 2 
1485 2 
1486 2 
1487 2 
1488 2 
1489 2 
1490 2 
1491 3 
1492 2 
1493 3 
1494 2 
1495 3 
1496 2 
1497 3 
1498 2 
1499 3 
1500 2 
1501 3 
1502 3 
1503 3 
1504 3 
1505 2 
1506 3 
1507 2 
1508 3 
1509 2 
1510 3 
1511 3 
1512 3 
1513 2 
1514 2 
1515 3 
1516 2 
1517 3 
1518 2 
1519 3 
1520 2 
1521 3 
1522 2 
1523 3 
1524 2 
1525 2 
1526 2 
1527 3 
1528 3 
1529 3 
1530 3 
1531 3 
1532 3 
1533 3 
1534 3 
1535 3 
1536 3 
1537 2 
1538 3 
1539 2 
1540 3 
1541 3 
1542 3 
1543 3 
1544 3 
1545 3 
1546 3 
1547 3 
1548 3 
1549 2 
1550 3 
1551 2 
1552 2 
1553 2 
1554 2 
1555 2 
1556 3 
1557 2 
1558 3 
1559 2 
1560 3 
1561 2 
1562 3 
1563 3 
1564 2 
1565 3 
1566 2 
1567 3 
1568 2 
1569 3 
1570 2 
1571 2 
1572 2 
1573 2 
1574 3 
1575 2 
1576 3 
1577 3 
1578 3 
1579 3 
1580 3 
1581 3 
1582 3 
1583 3 
1584 3 
1585 3 
1586 3 
1587 3 
1588 2 
1589 3 
1590 2 
1591 2 
1592 2 
1593 2 
1594 2 
1595 2 
1596 3 
1597 3 
1598 3 
1599 3 
1600 3 
1601 3 
1602 3 
1603 3 
1604 2 
1605 3 
1606 2 
1607 3 
1608 3 
1609 3 
1610 3 
1611 2 
1612 3 
1613 2 
1614 3 
1615 2 
1616 3 
1617 2 
1618 3 
1619 2 
1620 2 
1621 2 
1622 2 
1623 2 
1624 2 
1625 3 
1626 3 
1627 3 
1628 3 
1629 3 
1630 3 
1631 3 
1632 2 
1633 2 
1634 2 
1635 3 
1636 2 
1637 3 
1638 2 
1639 3 
1640 2 
1641 3 
1642 3 
1643 3 
1644 3 
1645 3 
1646 3 
1647 3 
1648 2 
1649 3 
1650 2 
1651 3 
1652 2 
1653 3 
1654 2 
1655 3 
1656 2 
1657 2 
1658 3 
1659 2 
1660 3 
1661 2 
1662 3 
1663 2 
1664 3 
1665 2 
1666 2 
1667 1 
1668 2 
1669 2 
1670 3 
1671 2 
1672 3 
1673 2 
1674 2 
1675 2 
1676 1 
1677 2 
1678 1 
1679 2 
1680 1 
1681 2 
1682 0 
1683 2 
1684 1 
1685 1 
1686 1 
1687 2 
1688 1 
1689 2 
1690 2 
1691 2 
1692 2 
1693 2 
1694 2 
1695 1 
1696 2 
1697 2 
1698 2 
1699 2 
1700 2 
1701 2 
1702 2 
1703 2 
1704 1 
1705 3 
1706 2 
1707 3 
1708 3 
1709 3 
1710 3 
1711 3 
1712 3 
1713 3 
1714 3 
1715 2 
1716 3 
1717 2 
1718 3 
1719 2 
1720 2 
1721 2 
1722 2 
1723 2 
1724 3 
1725 1 
1726 3 
1727 2 
1728 3 
1729 2 
1730 3 
1731 2 
1732 2 
1733 2 
1734 3 
1735 2 
1736 3 
1737 2 
1738 3 
1739 2 
1740 2 
1741 2 
1742 2 
1743 2 
1744 2 
1745 2 
1746 2 
1747 2 
1748 3 
1749 3 
1750 3 
1751 3 
1752 2 
1753 3 
1754 2 
1755 3 
1756 2 
1757 3 
1758 2 
1759 3 
1760 2 
1761 3 
1762 2 
1763 3 
1764 3 
1765 2 
1766 3 
1767 2 
1768 3 
1769 2 
1770 3 
1771 2 
1772 3 
1773 2 
1774 2 
1775 2 
1776 2 
1777 2 
1778 2 
1779 1 
1780 3 
1781 2 
1782 3 
1783 2 
1784 3 
1785 2 
1786 2 
1787 3 
1788 2 
1789 3 
1790 2 
1791 3 
1792 2 
1793 3 
1794 2 
1795 2 
1796 2 
1797 2 
1798 2 
1799 3 
1800 3 
1801 3 
1802 2 
1803 3 
1804 2 
1805 3 
1806 2 
1807 3 
1808 2 
1809 3 
1810 1 
1811 2 
1812 2 
1813 2 
1814 2 
1815 2 
1816 2 
1817 2 
1818 2 
1819 3 
1820 2 
1821 2 
1822 2 
1823 2 
1824 2 
1825 2 
1826 1 
1827 3 
1828 2 
1829 2 
1830 2 
1831 2 
1832 2 
1833 3 
1834 2 
1835 3 
1836 2 
1837 3 
1838 2 
1839 3 
1840 3 
1841 3 
1842 3 
1843 3 
1844 3 
1845 3 
1846 2 
1847 3 
1848 2 
1849 2 
1850 2 
1851 2 
1852 2 
1853 2 
1854 2 
1855 3 
1856 2 
1857 3 
1858 3 
1859 2 
1860 2 
1861 2 
1862 2 
1863 2 
1864 3 
1865 2 
1866 2 
1867 2 
1868 2 
1869 2 
1870 2 
1871 2 
1872 2 
1873 2 
1874 3 
1875 2 
1876 3 
1877 2 
1878 3 
1879 3 
1880 2 
1881 3 
1882 2 
1883 3 
1884 3 
1885 3 
1886 3 
1887 2 
1888 3 
1889 2 
1890 2 
1891 3 
1892 2 
1893 3 
1894 2 
1895 2 
1896 2 
1897 2 
1898 2 
1899 2 
1900 2 
1901 2 
1902 2 
1903 2 
1904 2 
1905 2 
1906 1 
1907 2 
1908 1 
1909 2 
1910 2 
1911 2 
1912 2 
1913 2 
1914 2 
1915 2 
1916 2 
1917 3 
1918 2 
1919 3 
1920 2 
1921 3 
1922 2 
1923 3 
1924 3 
1925 2 
1926 3 
1927 2 
1928 3 
1929 2 
1930 3 
1931 1 
1932 2 
1933 2 
1934 2 
1935 2 
1936 2 
1937 2 
1938 3 
1939 2 
1940 3 
1941 2 
1942 3 
1943 2 
1944 3 
1945 2 
1946 2 
1947 2 
1948 3 
1949 2 
1950 3 
1951 2 
1952 3 
1953 2 
1954 3 
1955 2 
1956 2 
1957 2 
1958 2 
1959 2 
1960 2 
1961 2 
1962 3 
1963 2 
1964 3 
1965 2 
1966 3 
1967 3 
1968 3 
1969 3 
1970 3 
1971 3 
1972 3 
1973 3 
1974 3 
1975 2 
1976 3 
1977 2 
1978 2 
1979 2 
1980 2 
1981 2 
1982 3 
1983 2 
1984 3 
1985 2 
1986 3 
1987 2 
1988 2 
1989 2 
1990 2 
1991 3 
1992 2 
1993 3 
1994 2 
1995 3 
1996 2 
1997 3 
1998 2 
1999 3 
2000 2 
2001 3 
2002 2 
2003 2 
2004 2 
2005 2 
2006 2 
2007 1 
2008 2 
2009 2 
2010 3 
2011 2 
2012 3 
2013 3 
2014 3 
2015 3 
2016 3 
2017 3 
2018 3 
2019 3 
2020 2 
2021 2 
2022 2 
2023 2 
2024 2 
2025 2 
2026 2 
2027 3 
2028 2 
2029 3 
2030 2 
2031 3 
2032 3 
2033 2 
2034 3 
2035 3 
2036 3 
2037 3 
2038 3 
2039 3 
2040 3 
2041 2 
2042 3 
2043 3 
2044 2 
2045 2 
2046 2 
2047 2 
2048 2 
2049 2 
2050 3 
2051 2 
2052 3 
2053 3 
2054 2 
2055 3 
2056 2 
2057 3 
2058 3 
2059 3 
2060 2 
2061 3 
2062 2 
2063 3 
2064 2 
2065 3 
2066 2 
2067 2 
2068 3 
2069 2 
2070 3 
2071 2 
2072 2 
2073 2 
2074 3 
2075 2 
2076 2 
2077 2 
2078 2 
2079 3 
2080 2 
2081 3 
2082 1 
2083 3 
2084 2 
2085 3 
2086 3 
2087 3 
2088 3 
2089 2 
2090 3 
2091 2 
2092 3 
2093 2 
2094 0 
2095 1 
2096 1 
2097 1 
2098 1 
2099 1 
2100 1 
2101 2 
2102 2 
2103 2 
2104 2 
2105 2 
2106 3 
2107 3 
2108 3 
2109 2 
2110 2 
2111 2 
2112 2 
2113 2 
2114 2 
2115 1 
2116 2 
2117 2 
2118 3 
2119 2 
2120 3 
2121 2 
2122 3 
2123 2 
2124 2 
2125 2 
2126 2 
2127 3 
2128 2 
2129 3 
2130 2 
2131 3 
2132 2 
2133 2 
2134 2 
2135 2 
2136 2 
2137 2 
2138 2 
2139 2 
2140 2 
2141 2 
2142 2 
2143 2 
2144 2 
2145 2 
2146 3 
2147 2 
2148 3 
2149 2 
2150 3 
2151 1 
2152 2 
2153 2 
2154 2 
2155 2 
2156 2 
2157 2 
2158 1 
2159 2 
2160 1 
2161 2 
2162 2 
2163 2 
2164 2 
2165 2 
2166 2 
2167 2 
2168 2 
2169 2 
2170 1 
2171 2 
2172 1 
2173 2 
2174 2 
2175 2 
2176 2 
2177 2 
2178 2 
2179 3 
2180 2 
2181 3 
2182 2 
2183 3 
2184 3 
2185 3 
2186 3 
2187 3 
2188 3 
2189 3 
2190 2 
2191 3 
2192 2 
2193 2 
2194 2 
2195 2 
2196 3 
2197 2 
2198 3 
2199 2 
2200 3 
2201 3 
2202 3 
2203 3 
2204 2 
2205 3 
2206 3 
2207 3 
2208 3 
2209 3 
2210 2 
2211 2 
2212 2 
2213 2 
2214 2 
2215 2 
2216 2 
2217 2 
2218 3 
2219 3 
2220 3 
2221 3 
2222 3 
2223 3 
2224 3 
2225 3 
2226 3 
2227 2 
2228 3 
2229 2 
2230 3 
2231 2 
2232 2 
2233 2 
2234 2 
2235 2 
2236 2 
2237 3 
2238 2 
2239 3 
2240 2 
2241 3 
2242 2 
2243 3 
2244 3 
2245 3 
2246 3 
2247 2 
2248 2 
2249 2 
2250 2 
2251 2 
2252 2 
2253 2 
2254 2 
2255 2 
2256 2 
2257 2 
2258 2 
2259 2 
2260 2 
2261 3 
2262 2 
2263 3 
2264 2 
2265 3 
2266 2 
2267 3 
2268 2 
2269 3 
2270 3 
2271 3 
2272 2 
2273 3 
2274 2 
2275 2 
2276 2 
2277 2 
2278 2 
2279 2 
2280 2 
2281 3 
2282 2 
2283 3 
2284 2 
2285 2 
2286 2 
2287 1 
2288 1 
2289 1 
2290 2 
2291 2 
2292 2 
2293 2 
2294 2 
2295 3 
2296 3 
2297 3 
2298 2 
2299 3 
2300 3 
2301 3 
2302 3 
2303 3 
2304 3 
2305 3 
2306 2 
2307 2 
2308 1 
2309 3 
2310 1 
2311 3 
2312 1 
2313 2 
2314 1 
2315 2 
2316 1 
2317 2 
2318 2 
2319 2 
2320 2 
2321 2 
2322 2 
2323 2 
2324 2 
2325 2 
2326 1 
2327 2 
2328 2 
2329 2 
2330 2 
2331 2 
2332 2 
2333 2 
2334 2 
2335 2 
2336 2 
2337 2 
2338 2 
2339 2 
2340 2 
2341 2 
2342 2 
2343 2 
2344 1 
2345 3 
2346 1 
2347 3 
2348 2 
2349 3 
2350 3 
2351 3 
2352 3 
2353 3 
2354 2 
2355 3 
2356 3 
2357 3 
2358 3 
2359 2 
2360 2 
2361 2 
2362 2 
2363 2 
2364 2 
2365 2 
2366 2 
2367 3 
2368 2 
2369 3 
2370 3 
2371 3 
2372 3 
2373 2 
2374 3 
2375 2 
2376 3 
2377 2 
2378 2 
2379 2 
2380 1 
2381 3 
2382 2 
2383 3 
2384 3 
2385 3 
2386 3 
2387 3 
2388 3 
2389 3 
2390 3 
2391 3 
2392 2 
2393 3 
2394 2 
2395 3 
2396 2 
2397 2 
2398 1 
2399 2 
2400 2 
2401 2 
2402 2 
2403 2 
2404 2 
2405 2 
2406 2 
2407 2 
2408 2 
2409 2 
2410 2 
2411 3 
2412 2 
2413 3 
2414 2 
2415 3 
2416 2 
2417 3 
2418 2 
2419 3 
2420 2 
2421 2 
2422 2 
2423 2 
2424 2 
2425 2 
2426 3 
2427 3 
2428 3 
2429 2 
2430 3 
2431 2 
2432 2 
2433 2 
2434 2 
2435 2 
2436 2 
2437 2 
2438 2 
2439 2 
2440 2 
2441 3 
2442 3 
2443 3 
2444 3 
2445 3 
2446 3 
2447 2 
2448 2 
2449 2 
2450 2 
2451 2 
2452 2 
2453 2 
2454 2 
2455 1 
2456 2 
2457 2 
2458 2 
2459 2 
2460 2 
2461 2 
2462 2 
2463 2 
2464 2 
2465 2 
2466 2 
2467 2 
2468 2 
2469 2 
2470 2 
2471 2 
2472 2 
2473 2 
2474 1 
2475 2 
2476 2 
2477 2 
2478 2 
2479 2 
2480 3 
2481 2 
2482 3 
2483 2 
2484 3 
2485 3 
2486 3 
2487 3 
2488 2 
2489 3 
2490 2 
2491 2 
2492 3 
2493 2 
2494 3 
2495 3 
2496 3 
2497 3 
2498 3 
2499 3 
2500 3 
2501 3 
2502 3 
2503 3 
2504 3 
2505 3 
2506 3 
2507 3 
2508 3 
2509 2 
2510 3 
2511 3 
2512 2 
2513 3 
2514 3 
2515 3 
2516 3 
2517 2 
2518 3 
2519 2 
2520 2 
2521 2 
2522 2 
2523 3 
2524 2 
2525 3 
2526 2 
2527 3 
2528 2 
2529 3 
2530 2 
2531 3 
2532 2 
2533 3 
2534 2 
2535 3 
2536 2 
2537 3 
2538 2 
2539 2 
2540 2 
2541 3 
2542 2 
2543 3 
2544 2 
2545 3 
2546 2 
2547 3 
2548 2 
2549 3 
2550 2 
2551 3 
2552 2 
2553 3 
2554 1 
2555 3 
2556 2 
2557 2 
2558 2 
2559 2 
2560 2 
2561 2 
2562 2 
2563 2 
2564 2 
2565 3 
2566 2 
2567 3 
2568 2 
2569 3 
2570 3 
2571 3 
2572 3 
2573 3 
2574 3 
2575 3 
2576 3 
2577 3 
2578 3 
2579 3 
2580 3 
2581 3 
2582 2 
2583 3 
2584 3 
2585 3 
2586 3 
2587 3 
2588 3 
2589 3 
2590 3 
2591 3 
2592 3 
2593 3 
2594 2 
2595 3 
2596 2 
2597 3 
2598 2 
2599 3 
2600 2 
2601 3 
2602 2 
2603 3 
2604 2 
2605 3 
2606 2 
2607 3 
2608 1 
2609 2 
2610 2 
2611 2 
2612 2 
2613 2 
2614 2 
2615 2 
2616 2 
2617 2 
2618 3 
2619 2 
2620 3 
2621 2 
2622 3 
2623 3 
2624 2 
2625 3 
2626 2 
2627 3 
2628 2 
2629 3 
2630 2 
2631 2 
2632 2 
2633 2 
2634 2 
2635 2 
2636 2 
2637 2 
2638 3 
2639 2 
2640 3 
2641 2 
2642 3 
2643 1 
2644 3 
2645 2 
2646 3 
2647 3 
2648 3 
2649 3 
2650 3 
2651 3 
2652 2 
2653 3 
2654 2 
2655 3 
2656 2 
2657 3 
2658 2 
2659 3 
2660 2 
2661 3 
2662 2 
2663 3 
2664 3 
2665 2 
2666 3 
2667 2 
2668 2 
2669 2 
2670 3 
2671 2 
2672 3 
2673 2 
2674 3 
2675 2 
2676 3 
2677 2 
2678 3 
2679 2 
2680 3 
2681 2 
2682 3 
2683 2 
2684 2 
2685 2 
2686 3 
2687 2 
2688 3 
2689 3 
2690 3 
2691 3 
2692 3 
2693 3 
2694 2 
2695 3 
2696 3 
2697 2 
2698 3 
2699 2 
2700 3 
2701 2 
2702 3 
2703 2 
2704 3 
2705 2 
2706 3 
2707 3 
2708 3 
2709 3 
2710 2 
2711 3 
2712 2 
2713 3 
2714 2 
2715 3 
2716 2 
2717 3 
2718 3 
2719 3 
2720 3 
2721 3 
2722 3 
2723 3 
2724 2 
2725 3 
2726 2 
2727 3 
2728 2 
2729 2 
2730 2 
2731 3 
2732 3 
2733 3 
2734 3 
2735 3 
2736 3 
2737 2 
2738 3 
2739 3 
2740 3 
2741 2 
2742 3 
2743 2 
2744 2 
2745 3 
2746 2 
2747 3 
2748 2 
2749 3 
2750 2 
2751 3 
2752 2 
2753 3 
2754 3 
2755 3 
2756 3 
2757 3 
2758 2 
2759 2 
2760 2 
2761 2 
2762 2 
2763 2 
2764 2 
2765 2 
2766 2 
2767 2 
2768 2 
2769 2 
2770 3 
2771 2 
2772 3 
2773 2 
2774 3 
2775 3 
2776 3 
2777 3 
2778 2 
2779 3 
2780 2 
2781 3 
2782 3 
2783 3 
2784 2 
2785 2 
2786 2 
2787 2 
2788 3 
2789 2 
2790 2 
2791 2 
2792 2 
2793 1 
2794 2 
2795 2 
2796 2 
2797 2 
2798 2 
2799 2 
2800 2 
2801 2 
2802 2 
2803 2 
2804 2 
2805 2 
2806 2 
2807 2 
2808 2 
2809 2 
2810 1 
2811 1 
2812 2 
2813 2 
2814 2 
2815 2 
2816 2 
2817 2 
2818 2 
2819 2 
2820 2 
2821 2 
2822 2 
2823 2 
2824 2 
2825 3 
2826 2 
2827 3 
2828 2 
2829 3 
2830 2 
2831 2 
2832 2 
2833 2 
2834 2 
2835 2 
2836 1 
2837 2 
2838 2 
2839 3 
2840 2 
2841 3 
2842 2 
2843 3 
2844 2 
2845 3 
2846 2 
2847 2 
2848 3 
2849 2 
2850 2 
2851 2 
2852 2 
2853 2 
2854 2 
2855 2 
2856 3 
2857 2 
2858 3 
2859 2 
2860 3 
2861 2 
2862 3 
2863 2 
2864 3 
2865 2 
2866 3 
2867 3 
2868 3 
2869 3 
2870 2 
2871 3 
2872 2 
2873 3 
2874 2 
2875 3 
2876 3 
2877 3 
2878 2 
2879 2 
2880 3 
2881 2 
2882 3 
2883 2 
2884 3 
2885 2 
2886 3 
2887 2 
2888 3 
2889 2 
2890 2 
2891 2 
2892 3 
2893 3 
2894 3 
2895 3 
2896 3 
2897 3 
2898 3 
2899 3 
2900 3 
2901 3 
2902 2 
2903 3 
2904 2 
2905 3 
2906 3 
2907 3 
2908 3 
2909 3 
2910 3 
2911 3 
2912 3 
2913 3 
2914 2 
2915 3 
2916 2 
2917 2 
2918 2 
2919 2 
2920 2 
2921 3 
2922 2 
2923 3 
2924 2 
2925 3 
2926 2 
2927 3 
2928 3 
2929 2 
2930 3 
2931 2 
2932 3 
2933 2 
2934 3 
2935 2 
2936 2 
2937 2 
2938 2 
2939 3 
2940 2 
2941 3 
2942 3 
2943 3 
2944 3 
2945 3 
2946 3 
2947 3 
2948 3 
2949 3 
2950 3 
2951 3 
2952 3 
2953 2 
2954 3 
2955 2 
2956 2 
2957 2 
2958 2 
2959 2 
2960 2 
2961 3 
2962 3 
2963 3 
2964 3 
2965 3 
2966 3 
2967 3 
2968 3 
2969 2 
2970 3 
2971 2 
2972 3 
2973 3 
2974 3 
2975 3 
2976 2 
2977 3 
2978 2 
2979 3 
2980 2 
2981 3 
2982 2 
2983 3 
2984 2 
2985 2 
2986 2 
2987 2 
2988 2 
2989 2 
2990 3 
2991 3 
2992 3 
2993 3 
2994 3 
2995 3 
2996 3 
2997 2 
2998 2 
2999 2 
3000 3 
3001 2 
3002 3 
3003 2 
3004 3 
3005 2 
3006 3 
3007 3 
3008 3 
3009 3 
3010 3 
3011 3 
3012 3 
3013 2 
3014 3 
3015 2 
3016 3 
3017 2 
3018 3 
3019 2 
3020 3 
3021 2 
3022 2 
3023 3 
3024 2 
3025 3 
3026 2 
3027 3 
3028 2 
3029 3 
3030 2 
3031 2 
3032 1 
3033 2 
3034 2 
3035 3 
3036 2 
3037 3 
3038 2 
3039 2 
3040 2 
3041 1 
3042 2 
3043 1 
3044 2 
3045 1 
3046 2 
3047 0 
3048 2 
3049 1 
3050 1 
3051 1 
3052 2 
3053 1 
3054 2 
3055 2 
3056 2 
3057 2 
3058 2 
3059 2 
3060 1 
3061 2 
3062 2 
3063 2 
3064 2 
3065 2 
3066 2 
3067 2 
3068 2 
3069 1 
3070 3 
3071 2 
3072 3 
3073 3 
3074 3 
3075 3 
3076 3 
3077 3 
3078 3 
3079 3 
3080 2 
3081 3 
3082 2 
3083 3 
3084 2 
3085 2 
3086 2 
3087 2 
3088 2 
3089 3 
3090 1 
3091 3 
3092 2 
3093 3 
3094 2 
3095 3 
3096 2 
3097 2 
3098 2 
3099 3 
3100 2 
3101 3 
3102 2 
3103 3 
3104 2 
3105 2 
3106 2 
3107 2 
3108 2 
3109 2 
3110 2 
3111 2 
3112 2 
3113 3 
3114 3 
3115 3 
3116 3 
3117 2 
3118 3 
3119 2 
3120 3 
3121 2 
3122 3 
3123 2 
3124 3 
3125 2 
3126 3 
3127 2 
3128 3 
3129 3 
3130 2 
3131 3 
3132 2 
3133 3 
3134 2 
3135 3 
3136 2 
3137 3 
3138 2 
3139 2 
3140 2 
3141 2 
3142 2 
3143 2 
3144 1 
3145 3 
3146 2 
3147 3 
3148 2 
3149 3 
3150 2 
3151 2 
3152 3 
3153 2 
3154 3 
3155 2 
3156 3 
3157 2 
3158 3 
3159 2 
3160 2 
3161 2 
3162 2 
3163 2 
3164 3 
3165 3 
3166 3 
3167 2 
3168 3 
3169 2 
3170 3 
3171 2 
3172 3 
3173 2 
3174 3 
3175 1 
3176 2 
3177 2 
3178 2 
3179 2 
3180 2 
3181 2 
3182 2 
3183 2 
3184 3 
3185 2 
3186 2 
3187 2 
3188 2 
3189 2 
3190 2 
3191 1 
3192 3 
3193 2 
3194 2 
3195 2 
3196 3 
3197 2 
3198 3 
3199 2 
3200 3 
3201 2 
3202 3 
3203 3 
3204 3 
3205 3 
3206 3 
3207 3 
3208 3 
3209 2 
3210 3 
3211 2 
3212 2 
3213 2 
3214 2 
3215 2 
3216 2 
3217 2 
3218 3 
3219 2 
3220 3 
3221 3 
3222 2 
3223 2 
3224 2 
3225 2 
3226 2 
3227 3 
3228 2 
3229 2 
3230 2 
3231 2 
3232 2 
3233 2 
3234 2 
3235 2 
3236 2 
3237 3 
3238 2 
3239 3 
3240 2 
3241 3 
3242 3 
3243 2 
3244 3 
3245 2 
3246 3 
3247 3 
3248 3 
3249 3 
3250 2 
3251 3 
3252 2 
3253 2 
3254 3 
3255 2 
3256 3 
3257 2 
3258 2 
3259 2 
3260 2 
3261 2 
3262 2 
3263 2 
3264 2 
3265 2 
3266 2 
3267 2 
3268 2 
3269 1 
3270 2 
3271 1 
3272 2 
3273 2 
3274 2 
3275 2 
3276 2 
3277 2 
3278 2 
3279 2 
3280 3 
3281 2 
3282 3 
3283 2 
3284 3 
3285 2 
3286 3 
3287 3 
3288 2 
3289 3 
3290 2 
3291 3 
3292 2 
3293 3 
3294 1 
3295 2 
3296 2 
3297 2 
3298 2 
3299 2 
3300 2 
3301 3 
3302 2 
3303 3 
3304 2 
3305 3 
3306 2 
3307 3 
3308 2 
3309 2 
3310 2 
3311 3 
3312 2 
3313 3 
3314 2 
3315 3 
3316 2 
3317 3 
3318 2 
3319 2 
3320 2 
3321 2 
3322 2 
3323 2 
3324 2 
3325 3 
3326 2 
3327 3 
3328 2 
3329 3 
3330 3 
3331 3 
3332 3 
3333 3 
3334 3 
3335 3 
3336 3 
3337 3 
3338 2 
3339 3 
3340 2 
3341 2 
3342 2 
3343 2 
3344 2 
3345 3 
3346 2 
3347 3 
3348 2 
3349 3 
3350 2 
3351 2 
3352 2 
3353 2 
3354 3 
3355 2 
3356 3 
3357 2 
3358 3 
3359 2 
3360 3 
3361 2 
3362 3 
3363 2 
3364 3 
3365 2 
3366 2 
3367 2 
3368 2 
3369 2 
3370 1 
3371 2 
3372 2 
3373 3 
3374 2 
3375 3 
3376 3 
3377 3 
3378 3 
3379 3 
3380 3 
3381 3 
3382 3 
3383 2 
3384 2 
3385 2 
3386 2 
3387 2 
3388 2 
3389 2 
3390 3 
3391 2 
3392 3 
3393 2 
3394 3 
3395 3 
3396 2 
3397 3 
3398 3 
3399 3 
3400 3 
3401 3 
3402 3 
3403 3 
3404 2 
3405 3 
3406 3 
3407 2 
3408 2 
3409 2 
3410 2 
3411 2 
3412 2 
3413 3 
3414 2 
3415 3 
3416 3 
3417 2 
3418 3 
3419 2 
3420 3 
3421 3 
3422 3 
3423 2 
3424 3 
3425 2 
3426 3 
3427 2 
3428 3 
3429 2 
3430 2 
3431 3 
3432 2 
3433 3 
3434 2 
3435 2 
3436 2 
3437 3 
3438 2 
3439 2 
3440 2 
3441 2 
3442 3 
3443 2 
3444 3 
3445 1 
3446 3 
3447 2 
3448 3 
3449 3 
3450 3 
3451 3 
3452 2 
3453 3 
3454 2 
3455 3 
3456 2 
3457 2 
