0 37.4 
1 7.332275424272534 
2 41.1 
3 7.236010881204333 
4 13.458363012969999 
5 7.888662837721934 
6 12.581709016183401 
7 8.133814197446267 
8 10.862121784974802 
9 9.0721478340536 
10 9.581969219252999 
11 9.860410824763933 
12 10.053852745754734 
13 9.943617090966468 
14 9.974024653499933 
15 10.320949276142066 
16 10.373178634352467 
17 10.431345578669466 
18 10.083368810145734 
19 10.001656311911134 
20 9.882408983045133 
21 9.897906861120534 
22 9.6692963720846 
23 9.737525161047534 
24 9.6530949636504 
25 9.442721783221534 
26 9.581878948812866 
27 10.273148497998866 
28 10.589693124898067 
29 10.649370063914267 
30 10.7425796047986 
31 11.038232413387933 
32 11.329645923044666 
33 12.107060758116733 
34 12.509426890770333 
35 11.969713151574068 
36 12.500440990499468 
37 12.0400118128714 
38 12.236075158654799 
39 12.196183126690734 
40 12.483620294312933 
41 11.181807331265267 
42 11.206837931625332 
43 10.7067398827964 
44 10.346677652159267 
45 10.694837335922335 
46 10.772964712577133 
47 10.368079373370733 
48 10.358530867027 
49 11.057948066510265 
50 10.834767666245599 
51 11.573602336781802 
52 11.451605393212267 
53 11.947472956287733 
54 11.728364514599733 
55 12.220583840833468 
56 11.935732868494801 
57 12.090955777930667 
58 12.147064653574533 
59 11.752776174957399 
60 11.5932388448 
61 11.255886181382733 
62 11.345718425014866 
63 10.659811947261334 
64 10.749841938400266 
65 10.1618387541842 
66 10.146396312081068 
67 9.914582757294268 
68 10.411528945266333 
69 9.785554009029267 
70 10.555340426186 
71 10.424245875785067 
72 11.626965607011 
73 10.619462505344867 
74 11.846232606405868 
75 10.901006938675133 
76 11.620113176303066 
77 11.3858523336206 
78 11.624079635346733 
79 10.9989174619814 
80 10.916130103296068 
81 11.104606903736935 
82 11.1438524051522 
83 10.970127377587934 
84 11.5723825876526 
85 10.659174742875066 
86 12.203735544012801 
87 10.464322157448732 
88 12.107393878522535 
89 10.456751158993534 
90 11.965739921111266 
91 11.285043544980267 
92 11.8204837749946 
93 11.425369984049333 
94 11.189326090131933 
95 11.519937720554267 
96 11.090904916581133 
97 11.3445374638834 
98 10.889338690410066 
99 10.759969015552999 
100 10.959736028305066 
101 10.706528562600399 
102 11.006585217952 
103 11.236738060631934 
104 11.767306891126333 
105 11.911772086435933 
106 12.342885221530201 
107 11.127177827383067 
108 11.443783396745866 
109 11.127177827383067 
110 11.443783396745866 
111 10.916591872464865 
112 10.867469017529466 
113 10.409821695913534 
114 10.174018079270134 
115 9.595150100721467 
116 9.587922270606066 
117 10.758526915301067 
118 10.232230567479533 
119 11.274658432455666 
120 11.020642617441867 
121 11.567704253334734 
122 11.4348538248394 
123 11.776095344090534 
124 11.641950491831865 
125 10.780407236435332 
126 11.019381632662666 
127 10.128366567599533 
128 10.786128948439801 
129 9.986326024974867 
130 11.281070133046533 
131 9.425835430381 
132 10.984452261875 
133 9.843617301386066 
134 11.782785367619935 
135 9.931946666555334 
136 11.266579292696001 
137 10.033686679644067 
138 10.696949949719468 
139 11.146312488899866 
140 11.060980631534266 
141 11.679520121101065 
142 11.1049316487128 
143 11.850842453906067 
144 11.197852321843266 
145 12.1120089806036 
146 11.406036052479266 
147 11.337844420445201 
148 11.057219005650735 
149 11.138104360009665 
150 10.921318816878667 
151 11.441637279515 
152 11.275358059549733 
153 11.412645001795399 
154 11.225992497684466 
155 11.522747866028 
156 11.396604831531334 
157 10.907531305865 
158 11.002528912433734 
159 10.1921366067654 
160 4.505846618914629 
161 10.326267233032466 
162 4.5212424550784 
163 4.357782011405343 
164 4.292683523323943 
165 4.525929405796829 
166 4.474778155956114 
167 0.9272556171494539 
168 4.643215102161915 
169 0.9187736871114703 
170 4.650939011934114 
171 0.9160545729930324 
172 4.783527442165942 
173 0.873368932165227 
174 4.50547354112 
175 0.8132900863559189 
176 4.444134593729428 
177 0.8098877244320108 
178 4.408191576055943 
179 0.8507971193828379 
180 4.424351767437543 
181 0.8997203720173351 
182 4.604185049361571 
183 0.9375812179681297 
184 0.9102603112779785 
185 0.9268110689249677 
186 0.9410771036995567 
187 0.9141355896518054 
188 0.9419253611358487 
189 0.8850460471712378 
190 0.9404813710185675 
191 0.8474002674476162 
192 0.890034148655973 
193 0.9819393602288788 
194 0.8941975029162865 
195 1.0077514824299394 
196 0.9282933133432378 
197 1.0528704546317575 
198 1.0799703416635453 
199 1.0895483386661697 
200 1.1054425011399576 
201 1.0992079731924604 
202 1.1464149716748364 
203 1.0979359384344425 
204 1.095819132460685 
205 1.0988439941884425 
206 1.0939790629518547 
207 1.0461044092017637 
208 1.0487190357652303 
209 1.070120130877206 
210 1.0543732781291333 
211 1.0799265363369028 
212 1.0594489085717274 
213 1.026398718451 
214 1.0898712918195637 
215 1.0851004273504061 
216 1.1958763883833698 
217 1.0457879757757333 
218 1.1471528163510243 
219 1.0104661415330243 
220 1.133346653848697 
221 1.0603172292093819 
222 1.0904307322392182 
223 1.0817440457191334 
224 1.0693625147237151 
225 1.053472275811388 
226 1.042103523379521 
227 1.0829158108563455 
228 1.1230510243772243 
229 1.052363224946491 
230 1.0817210103417334 
231 1.065172890881412 
232 1.0829769375114848 
233 1.0673283807425271 
234 1.0332248729778426 
235 1.0928762081940968 
236 1.0351951299700728 
237 1.073761105948206 
238 1.0471117002812849 
239 1.1035147334632243 
240 1.0765410993312121 
241 1.1270295502140666 
242 1.108813776288691 
243 1.1027262837232605 
244 1.146553941284806 
245 1.1161236215824486 
246 1.179266869222497 
247 1.095987223834988 
248 1.1548449057566545 
249 1.079402418455115 
250 1.1457835703314667 
251 1.0862617026017274 
252 1.1548177530206727 
253 1.1180003124278122 
254 1.2173170391574788 
255 1.1158865307971029 
256 1.2421250416862968 
257 1.192804346895327 
258 1.289086230178406 
259 1.2179316213466667 
260 1.306854341080303 
261 1.208009640870006 
262 1.2872347918617273 
263 1.1719599592398424 
264 1.227363107576709 
265 1.1460123631374244 
266 1.225713591723485 
267 1.1129924748787454 
268 1.1923437059216908 
269 1.1470296877993575 
270 1.2147906565995759 
271 1.2007224188570849 
272 1.2708988905311212 
273 1.2266700149595031 
274 1.2899295202790242 
275 1.2673331108382484 
276 1.307940135765491 
277 1.2478032133713453 
278 1.281051489114782 
279 1.1838496140860182 
280 1.2642374825231273 
281 1.1021593945123818 
282 1.2031807515680424 
283 1.0875871493933333 
284 1.2185400218833757 
285 1.0733468024762303 
286 1.1899812317799394 
287 1.0780897878007516 
288 1.1699101905911515 
289 1.085777403625412 
290 1.191894886182909 
291 1.0863914623766062 
292 1.1853740116570726 
293 1.0829965218509878 
294 1.211326094805315 
295 1.0869312581887878 
296 1.226684250888709 
297 1.1609338619377636 
298 1.2103609319581756 
299 1.128117968668394 
300 1.1989160782523454 
301 1.2013939650784 
302 1.209978663805012 
303 1.2641763606011334 
304 1.2233709143408364 
305 1.2212477575650547 
306 1.2384522569478849 
307 1.1928497222125756 
308 1.168854783874412 
309 1.1313153800133393 
310 1.1403835552856363 
311 1.1138219830324363 
312 1.1438718619827455 
313 1.1375638684477456 
314 1.1483487190128483 
315 1.1509927643470423 
316 1.2359119203179878 
317 1.2171176958773273 
318 1.238069722504909 
319 1.2069493617010243 
320 1.2076125377727818 
321 1.2337729405193454 
322 1.225331963640794 
323 1.271880814794903 
324 1.225331963640794 
325 1.2317426892149697 
326 1.2672507566365696 
327 1.2594044203721757 
328 1.286664869335309 
329 1.2388799873251453 
330 1.2423102037571392 
331 1.231243126127594 
332 1.2386090079169696 
333 1.2633205438101636 
334 1.1989310104234727 
335 1.2428732530878728 
336 1.2220594498387334 
337 1.2427682969840181 
338 1.2365670872092243 
339 1.2035224566142848 
340 1.2189650560682244 
341 1.2115831645116424 
342 1.241773555677479 
343 1.224401642929394 
344 1.2249298939579516 
345 1.230503337801903 
346 1.2139561592106667 
347 1.2506620447689334 
348 1.1850100504126968 
349 1.2142353384347757 
350 1.177340869239794 
351 1.220770541741527 
352 1.1552880742531455 
353 1.2123432556956304 
354 1.170770058499206 
355 1.2314303890983334 
356 1.2432535895173396 
357 1.1544130814226425 
358 1.143846297698109 
359 1.126445934752794 
360 1.1703506756928 
361 1.0677681739133211 
362 1.0981131202657333 
363 0.9896289479674304 
364 1.0035793317629211 
365 1.0480771335148547 
366 1.0689908382242668 
367 1.0509235371582302 
368 1.0714353786520303 
369 1.0845225006518728 
370 1.0837936604637393 
371 1.161109861810291 
372 1.1595098749920545 
373 1.1516301439810848 
374 1.2120364546051454 
375 1.1534162692989334 
376 1.2163625905391153 
377 1.1979565317511818 
378 1.2890055088362848 
379 1.1741022410939577 
380 1.3170581850431515 
381 1.209316419232006 
382 1.323066069845085 
383 1.191744051512406 
384 1.3083495398128182 
385 1.1057314689194364 
386 1.222408474257297 
387 1.1073428645135273 
388 1.153066421826909 
389 1.0630891802021878 
390 1.068304091113909 
391 1.0777806903104241 
392 1.0315286856242727 
393 1.1487946105569213 
394 1.0947787582147759 
395 1.1156684140275999 
396 1.140547526815212 
397 1.1891834664925272 
398 1.187100289798703 
399 1.1888645622504728 
400 1.239995373474297 
401 1.1796975000340302 
402 1.2237711479785514 
403 1.2669524039357514 
404 1.241151875209285 
405 1.2500070260149152 
406 1.2793614429387878 
407 1.2212083721295455 
408 1.2913023123395273 
409 1.206316359488909 
410 1.3177394608254849 
411 1.1276276292078304 
412 1.240071823653309 
413 1.1305904968089273 
414 1.2101582862910727 
415 1.1850066120867333 
416 1.1901202007857576 
417 1.239886655747018 
418 1.2575593584548062 
419 1.2829621975364545 
420 1.2658958459992424 
421 1.2056603824472727 
422 1.2243968253539093 
423 1.2075942575799696 
424 1.2354357030400425 
425 1.1501196456875515 
426 1.1761214977826062 
427 1.110145456806121 
428 1.177181356371903 
429 1.1690937870304425 
430 1.1926637259162 
431 1.1691704390651454 
432 1.1516591626270485 
433 1.1504314773667212 
434 1.1503796273494606 
435 1.1530253344617878 
436 1.0767973201634606 
437 1.185361329646394 
438 1.1249615737194303 
439 1.1557359312169333 
440 1.1477454724705334 
441 1.2279317002218848 
442 1.1858743945951637 
443 1.263439561203218 
444 1.268625322694994 
445 1.263439561203218 
446 1.2763912576022909 
447 1.2643957381851212 
448 1.2958885147548544 
449 1.256179697181303 
450 1.266919806313982 
451 1.2466882343887213 
452 1.2357829530492486 
453 1.173971958783497 
454 1.1957118079347455 
455 1.1684795650126363 
456 1.1365067122502182 
457 1.1232707735010365 
458 1.119016790747509 
459 1.070306991988521 
460 1.074149126846479 
461 1.0935256408050607 
462 1.080169882493097 
463 1.1104537485057515 
464 1.1381564971940787 
465 1.131141884846006 
466 1.1672327357144363 
467 1.2173329517145879 
468 1.243237252880206 
469 1.223288996056 
470 1.2319384007127636 
471 1.2325883778245696 
472 1.2043633583728848 
473 1.2395678231087697 
474 1.2202483788992244 
475 1.2320825211016182 
476 1.212578944857406 
477 1.2756241035488909 
478 1.2607013432377272 
479 1.2612854220418908 
480 1.2664393215547576 
481 1.2870426729328486 
482 1.2707428091318 
483 1.279861264524394 
484 1.2375420521087455 
485 1.2836092969863817 
486 1.2294309749492607 
487 1.2571201405009031 
488 1.2261930577160607 
489 1.2327502043227696 
490 1.2249895599642788 
491 1.2291105931352242 
492 1.2664489004356425 
493 1.1525080751230423 
494 1.2030368470866728 
495 1.2012700388646909 
496 1.1838874095762244 
497 1.1480737159361272 
498 1.1590577746603272 
499 1.1098569742059698 
500 1.163676574038212 
501 1.179224915264309 
502 1.2399601509871878 
503 1.179224915264309 
504 1.2632775878140847 
505 1.2567911743710123 
506 1.3096699535341636 
507 1.2908399201394485 
508 1.2751764794529759 
509 1.2055272694853334 
510 1.182680745463103 
511 1.132110247092685 
512 1.1563173726056122 
513 1.1402388968511454 
514 1.1718353153591758 
515 1.1076378991119635 
516 1.1558788162061153 
517 1.1964370942579272 
518 1.171940220026818 
519 1.2730193484659151 
520 1.2204290558074544 
521 1.2985887325492969 
522 1.2075178804317879 
523 1.2817857749449515 
524 1.2212854629750303 
525 1.1731886265679816 
526 1.1888215595129759 
527 1.1165739093688607 
528 1.1888215595129759 
529 1.062781584301703 
530 1.1479143468896364 
531 1.0905657561757334 
532 1.1522208852287636 
533 1.199162904552703 
534 1.220126140367715 
535 1.2526123899364787 
536 1.2286151831067638 
537 1.3160194797497333 
538 1.2820473344665697 
539 1.2800283726850545 
540 1.2262270967817517 
541 1.2800283726850545 
542 1.243848730777194 
543 1.2840636993425698 
544 1.2353596880381454 
545 1.2584642558235577 
546 1.2270341756613334 
547 1.2508127809396425 
548 1.2707346258725092 
549 1.2461360336691758 
550 1.2285285564760908 
551 1.2421007070116608 
552 1.2263630111435029 
553 1.265116999440376 
554 1.2120503912935454 
555 1.2571287722577758 
556 1.1760682208551332 
557 1.1927370673893212 
558 1.1623141755210242 
559 1.1927370673893212 
560 1.1644797208536122 
561 1.1453135639359515 
562 1.155014407758291 
563 1.162787007852582 
564 1.1988098273312122 
565 1.232290859995782 
566 1.2192183762585334 
567 1.188143257951491 
568 1.2020522052571334 
569 1.1794975721463574 
570 1.2103652563937395 
571 1.1656987473057454 
572 1.163032094034806 
573 1.1424727556492726 
574 1.2187997012469576 
575 1.140257419667612 
576 1.183930764403388 
577 1.1688287935234123 
578 1.2340395958285453 
579 1.222952646245588 
580 1.2452557121522545 
581 1.2282871381946727 
582 1.2408774120546364 
583 1.2746500762206303 
584 1.2671927856671454 
585 1.2821283115089028 
586 1.237818974109812 
587 1.2314207059927273 
588 1.2205880128694908 
589 1.232674770429497 
590 1.2041527207047515 
591 1.2052903609728667 
592 1.2326362724989819 
593 1.1884223870643333 
594 1.2324853150711514 
595 1.2410753291168302 
596 1.2632526393849697 
597 1.2526991849675515 
598 1.2245253641969818 
599 1.2141110237351456 
600 1.201959786581291 
601 1.2168647392131515 
602 1.2144374557132183 
603 1.1778874337226364 
604 1.1669800663110121 
605 1.1824656131382485 
606 1.1983093211335032 
607 1.2484381838272849 
608 1.2181110811874243 
609 1.2235500848642242 
610 1.1746276690273092 
611 1.187189813020697 
612 1.1839123466589456 
613 1.187189813020697 
614 1.207745659189182 
615 1.1768752731344365 
616 1.207745659189182 
617 1.2522128504684786 
618 1.2625415975953032 
619 1.2694485229702 
620 1.2631579475015577 
621 1.1727592602237635 
622 1.1790928103063576 
623 1.1903476726781395 
624 1.1475223290450787 
625 1.1392844931740607 
626 1.103939933202697 
627 1.1392844931740607 
628 1.0491316046701575 
629 1.2279266691194606 
630 1.1331967418653515 
631 1.2148877900709638 
632 1.1542492062437697 
633 1.2600737570730183 
634 1.2176968986092667 
635 1.2600737570730183 
636 1.2866334742240242 
637 1.2681208438740483 
638 1.292315890017479 
639 1.1854901149905697 
640 1.2049866420516728 
641 1.1254030365886183 
642 1.1174116490462183 
643 1.1077418375575454 
644 1.0725730851566546 
645 1.1076215175219637 
646 1.041416058695097 
647 1.1834004578048545 
648 1.1392633235437697 
649 1.1971659648200668 
650 1.159625360358224 
651 1.2613183596673516 
652 1.172470805805412 
653 1.2614386797029333 
654 1.1979454164735213 
655 1.2542704165349636 
656 1.176904062555103 
657 1.3054905171081514 
658 1.2386537861479576 
659 1.2979582876317697 
660 1.2781356207043577 
661 1.2979582876317697 
662 1.2781356207043577 
663 1.317743345880715 
664 1.2991769746227757 
665 1.3007264982403395 
666 1.2991769746227757 
667 1.3041934112713818 
668 1.276470836552388 
669 1.2942872876259817 
670 1.2795299271487273 
671 1.2917214974908606 
672 1.264002089852515 
673 1.2917214974908606 
674 1.2716692091373152 
675 1.2690109916562848 
676 1.2379527023392365 
677 1.2789171153016847 
678 1.234893611742897 
679 1.2584312693330908 
680 1.250421449039109 
681 1.2584312693330908 
682 1.2953320616204305 
683 1.260535162173697 
684 1.3290485684185092 
685 1.260535162173703 
686 1.3265466117231697 
687 1.283586798277418 
688 1.3262016257418363 
689 1.2857125505315756 
690 1.2836124966084665 
691 1.2930304705870062 
692 1.2541414825339758 
693 1.2894376824540423 
694 1.2571195304005576 
695 1.263091285885794 
696 1.260435642946309 
697 1.2149268923888668 
698 1.2418540542716545 
699 1.227335417855006 
700 1.2844431834050243 
701 1.1662952465818666 
702 1.2362064164962423 
703 1.1300892972440122 
704 1.1679234864066121 
705 1.166318259723309 
706 1.1572595660735394 
707 1.2071647331648059 
708 1.1763343963650423 
709 1.209159221978491 
710 1.138055825077303 
711 1.2696375633986667 
712 1.2033676286025152 
713 1.1943736099317879 
714 1.1610982765051576 
715 1.095110240916285 
716 1.119611289053891 
717 1.157748711508697 
718 1.2056505360791758 
719 1.1598227159946244 
720 1.198157008260812 
721 1.2161810183908122 
722 1.2510902806912423 
723 1.315444387406309 
724 1.306659193107509 
725 1.315444387406315 
726 1.306659193107509 
727 1.315444387406315 
728 1.3141527209258725 
729 1.3174102004363333 
730 1.3141527209258725 
731 1.3174102004363333 
732 1.2908351042452182 
733 1.2708924392419878 
734 1.2970057180298424 
735 1.2411508559164364 
736 1.2970057180298424 
737 1.2535798373628244 
738 1.2970057180298424 
739 1.2139634718612666 
740 1.2810353095182547 
741 1.2625630287475456 
742 1.2742066918126485 
743 1.292304612073097 
744 1.2783482394927212 
745 1.2329107072629273 
746 1.269637790316291 
747 1.2725270727644848 
748 1.3342547333114605 
749 1.2704452770725514 
750 1.3349127372324423 
751 1.2704452770725514 
752 1.3307711895523695 
753 1.3240192176503878 
754 1.3394816387288 
755 1.3240192176503878 
756 1.2935694254474608 
757 1.324447844583788 
758 1.2990502710086123 
759 1.324447844583788 
760 1.3052776725220303 
761 1.2720767723541577 
762 1.3052776725220303 
763 1.2242796158842484 
764 1.2770032565598244 
765 1.1669444326432121 
766 1.2092128431760727 
767 1.1669444326432121 
768 1.1918659280246242 
769 1.1616429397719454 
770 1.1747477527747394 
771 1.2094400962418546 
772 1.2369642522642907 
773 1.2301921399487636 
774 1.3048244435136607 
775 1.1952647877488909 
776 1.2720271803042908 
777 1.183641467586103 
778 1.2891453555541696 
779 1.138877473418206 
780 1.2301089024867153 
781 1.1750319860189395 
782 1.2245582790599394 
783 1.165605067657103 
784 1.1698435208084423 
785 1.1635546263433394 
786 1.1243601928873819 
787 1.1391819010767819 
788 1.1086377050454728 
789 1.1391819010767819 
790 1.093898226509497 
791 1.0888137891800242 
792 1.1092981173820242 
793 1.0548584131879637 
794 1.0463786606403396 
795 1.009819404913824 
796 1.0186041985599879 
797 1.0014340014921272 
798 1.0199793725833577 
799 1.096156383950594 
800 1.1032110168097333 
801 1.1361571864418727 
802 1.1704406795001878 
803 1.216256030007812 
804 1.215893500685503 
805 1.224641433429509 
806 1.2254437349298606 
807 1.224641433429509 
808 1.2254437349298606 
809 1.263161926568388 
810 1.2618106003868788 
811 1.2972388107110424 
812 1.3166717036151456 
813 1.2504591105283878 
814 1.3204857738833877 
815 1.2504591105283878 
816 1.2978084620891395 
817 1.239861401688612 
818 1.284911610489285 
819 1.1929664908933455 
820 1.2289435424792607 
821 1.1705355649741636 
822 1.1645581750018243 
823 1.1080199456195938 
824 1.1178716646317273 
825 1.113054827385291 
826 1.1200541060502727 
827 1.0888865189905637 
828 1.0831779045561576 
829 1.158097145092394 
830 1.1217224178742666 
831 1.2148363295866123 
832 1.1564025106260303 
833 1.2183420550325395 
834 1.2109818202352727 
835 1.1911066755445998 
836 1.2022440675288728 
837 1.156187748251 
838 1.2011069598307273 
839 1.1619641831113454 
840 1.2126005931569213 
841 1.1675287583938425 
842 1.2126005931569213 
843 1.2366241669113454 
844 1.2685439987143516 
845 1.2642155678198426 
846 1.2831836340437455 
847 1.2396142421092 
848 1.3034694846002304 
849 1.268920417375897 
850 1.2961778394078363 
851 1.275084045781103 
852 1.2722424745073333 
853 1.2395523885401938 
854 1.2329937231019756 
855 1.192858678459121 
856 1.1414547102294486 
857 1.2099601450042061 
858 1.1487463554218424 
859 1.203796516599006 
860 1.161125765803509 
861 1.2364799621223759 
862 1.1733368941488485 
863 1.2514602778905395 
864 1.1953763736774485 
865 1.1955886862753395 
866 1.1900836797294 
867 1.1955886862753395 
868 1.1564224232230425 
869 1.1334376067510787 
870 1.145754146593194 
871 1.1825397431107152 
872 1.213298885222206 
873 1.1991325128154242 
874 1.225468424698297 
875 1.1991325128154242 
876 1.2312809562501998 
877 1.2714593304423334 
878 1.2813251824681515 
879 1.2843191620181333 
880 1.2861842227129576 
881 1.331153890200006 
882 1.2793073771849153 
883 1.331153890200006 
884 1.3355258129982788 
885 1.282809448318497 
886 1.3355258129982788 
887 1.277162200406612 
888 1.3124600702006668 
889 1.2699378066166667 
890 1.2931053113769637 
891 1.2244885016358122 
892 1.2576111574590243 
893 1.2016340339277638 
894 1.2030205653788908 
895 1.2016340339277638 
896 1.164911763824006 
897 1.163126547961485 
898 1.144197676398218 
899 1.1512858950218607 
900 1.1107732618727635 
901 1.220071561401491 
902 1.163686837270194 
903 1.2113546443088485 
904 1.194203719565103 
905 1.216001473046285 
906 1.2342725658145939 
907 1.2732914309667636 
908 1.241783811163085 
909 1.2629434928964 
910 1.218910611619103 
911 1.213769022544079 
912 1.1901241880484184 
913 1.2200204709622666 
914 1.195318342134891 
915 1.1829843884304303 
916 1.1928933985931032 
917 1.1937113017955274 
918 1.217443614819788 
919 1.258766325103509 
920 1.2768877004480608 
921 1.266586789688291 
922 1.277714845866388 
923 1.3054008013562728 
924 1.3486649204798908 
925 1.2612789056944 
926 1.3486649204798908 
927 1.2204563957370063 
928 1.3153862124289213 
929 1.2011261410529939 
930 1.2662223290309393 
931 1.1993482119168546 
932 1.2176360398253696 
933 1.1719123490378787 
934 1.1556347210119757 
935 1.2055712231322606 
936 1.183454219660703 
937 1.163656217852006 
938 1.149213808769394 
939 1.1076919833648484 
940 1.1068269906909274 
941 1.1307241447414365 
942 1.1121307305209878 
943 1.1307241447414365 
944 1.0871061890542062 
945 1.1337992673897395 
946 1.1098956251599212 
947 1.185809351342097 
948 1.1298382058602363 
949 1.2363692164215394 
950 1.1867638845513637 
951 1.1722990126023696 
952 1.1937789628133817 
953 1.180206326260212 
954 1.1676745957123333 
955 1.1744122589112362 
956 1.1984403290019334 
957 1.098774026428091 
958 1.1193443883225818 
959 1.1628442302472606 
960 1.142813060929588 
961 1.2079469840681758 
962 1.223510986709418 
963 1.2176952019519576 
964 1.226558852688715 
965 1.293333434435103 
966 1.2689662451527213 
967 1.293333434435103 
968 1.2693906687740668 
969 1.2750443847898423 
970 1.2693906687740668 
971 1.2775903394816364 
972 1.258464677612085 
973 1.2775903394816364 
974 1.2969205524195515 
975 1.2448025207400666 
976 1.2839675820987575 
977 1.2661606428131393 
978 1.2839675820987575 
979 1.2636146881213455 
980 1.325684403511321 
981 1.2636146881213455 
982 1.3236889772114062 
983 1.2882273242921818 
984 1.3362175239108545 
985 1.273688392265194 
986 1.310552800053406 
987 1.273688392265194 
988 1.2944359711338425 
989 1.273688392265194 
990 1.2933658539234 
991 1.2766209081578848 
992 1.2933658539234 
993 1.2964412174007514 
994 1.3190305777808484 
995 1.277033532654606 
996 1.2829840955738363 
997 1.2064243339121878 
998 1.2210814052937395 
999 1.1514048148415819 
1000 1.168063891656994 
1001 1.1456338940153394 
1002 1.165430530436382 
1003 1.165041578761485 
1004 1.1570133037419152 
1005 1.213519073564485 
1006 1.2067271015468122 
1007 1.2562045289073878 
1008 1.2686449442842667 
1009 1.2712083842006425 
1010 1.2712783055048789 
1011 1.2161653063461213 
1012 1.2863195452011031 
1013 1.2313670201440303 
1014 1.2649049932325152 
1015 1.2489437505497758 
1016 1.214003088988303 
1017 1.2268698046196667 
1018 1.1651277534691697 
1019 1.2819128824741879 
1020 1.1581751274264849 
1021 1.2621980130044 
1022 1.1730818163812364 
1023 1.2675360977615031 
1024 1.2150833915247332 
1025 1.2915862720327635 
1026 1.2704325290734302 
1027 1.2705898171307273 
1028 1.2607358737585332 
1029 1.2942547769051453 
1030 1.280502746458018 
1031 1.2284911096102606 
1032 1.2118509463276483 
1033 1.1660216954376423 
1034 1.158207916326303 
1035 1.123916972355909 
1036 1.166375008481503 
1037 1.054919640939503 
1038 1.1318062857680908 
1039 1.0411475678718727 
1040 1.172856054438491 
1041 1.0248066514552727 
1042 1.150554553315024 
1043 1.0360358092017332 
1044 1.143736147819606 
1045 1.0712789008491514 
1046 1.1635383708277516 
1047 1.0721532975566728 
1048 1.1493611589100727 
1049 1.1098171142517697 
1050 1.2188318880053213 
1051 1.1616891344890787 
1052 1.237417927523085 
1053 1.117522999307994 
1054 1.1598415051011757 
1055 1.138496358693788 
1056 1.1728014787745273 
1057 1.101736148117812 
1058 1.103476140481806 
1059 1.0487885595863273 
1060 1.065894259110103 
1061 1.1296888343732727 
1062 1.1582371812372727 
1063 1.1196609675408848 
1064 1.1138543937261456 
1065 1.1286459250752365 
1066 1.118150582986612 
1067 1.1421955404628847 
1068 1.1173809843557394 
1069 1.1280854108046727 
1070 1.0952763889631756 
1071 1.1300752768681273 
1072 1.1074104806233456 
1073 1.1526859489521697 
1074 1.1275023313668606 
1075 1.1920839220960122 
1076 1.1740781508172788 
1077 1.138197243564509 
1078 1.1961827462098424 
1079 1.1985851438455453 
1080 1.2456770922536908 
1081 1.2126627984368847 
1082 1.2906143905424363 
1083 1.140398499264909 
1084 1.2766072585933637 
1085 1.1266638067133394 
1086 1.1974051053030426 
1087 1.0944265982723334 
1088 1.1944700578885334 
1089 1.1055918113367516 
1090 1.1863369009670122 
1091 1.164759820582806 
1092 1.1760444355468849 
1093 1.175621124624212 
1094 1.192671695372909 
1095 1.1286573115034364 
1096 1.1307803886947636 
1097 1.1299633282704729 
1098 1.1389135456162789 
1099 1.1423324496430425 
1100 1.1769276274837757 
1101 1.2162062557927698 
1102 1.2395025209480728 
1103 1.279406742010697 
1104 1.3159024945521394 
1105 1.2868305889328424 
1106 1.3159024945521394 
1107 1.2875577574861878 
1108 1.2991360336630424 
1109 1.2578886716611455 
1110 1.3031030269723516 
1111 1.1910806839720545 
1112 1.2498438027059515 
1113 1.1857345113991757 
1114 1.2398566995091698 
1115 1.1857345113991757 
1116 1.266187055770721 
1117 1.2123999877743696 
1118 1.2203081236115334 
1119 1.2259235083235698 
1120 1.1954278225348183 
1121 1.218330564505394 
1122 1.1815681999053211 
1123 1.2031153794253333 
1124 1.1638589728940425 
1125 1.193561793163709 
1126 1.2114941671899393 
1127 1.2628467956474485 
1128 1.2896336925330607 
1129 1.2918847541486607 
1130 1.3134804183593334 
1131 1.3070999392287213 
1132 1.307205136963594 
1133 1.3166535254903455 
1134 1.3014818815175757 
1135 1.2534562433295395 
1136 1.3014818815175757 
1137 1.2028409295492726 
1138 1.2841565629238727 
1139 1.2028409295492726 
1140 1.2447268662825213 
1141 1.2028409295492726 
1142 1.2447268662825213 
1143 1.2706173204380304 
1144 1.2447268662825213 
1145 1.2262405548073454 
1146 1.246450468927885 
1147 1.2703170871796605 
1148 1.2394690346272121 
1149 1.1877027140896546 
1150 1.1666461636496 
1151 1.0982187565730062 
1152 1.1023935673617757 
1153 1.082218627118594 
1154 1.0811607544985393 
1155 1.033693299338576 
1156 1.061743564602297 
1157 1.1163076724285819 
1158 1.1345664355799092 
1159 1.1654315451036 
1160 1.1810187474126908 
1161 1.1694105717560122 
1162 1.226558313170303 
1163 1.2543154205447091 
1164 1.2493868876416727 
1165 1.2543154205447091 
1166 1.2493868876416727 
1167 1.253804337675079 
1168 1.2493868876416727 
1169 1.2957742831408607 
1170 1.2582486313621515 
1171 1.299708932012297 
1172 1.2861594082633334 
1173 1.2630698114118 
1174 1.2561217170847636 
1175 1.2648780866817029 
1176 1.291988049795212 
1177 1.2276894393391695 
1178 1.214229970798897 
1179 1.2110636034883453 
1180 1.1680402393055578 
1181 1.1874202448031879 
1182 1.1951565168813454 
1183 1.1761643130539454 
1184 1.2439663644920063 
1185 1.204267753527509 
1186 1.325749684699588 
1187 1.1121754721779515 
1188 1.256534130614782 
1189 1.1066528370806303 
1190 1.1851271601773394 
1191 1.1205833289780727 
1192 1.1960202889752969 
1193 1.130038801233018 
1194 1.1919950477640242 
1195 1.182690353470497 
1196 1.1964229564437212 
1197 1.2394343080476304 
1198 1.2707513404839454 
1199 1.1711622349841635 
1200 1.1882197270167394 
1201 1.1109369771397395 
1202 1.097677108272103 
1203 1.0511605188150364 
1204 1.0629146159852425 
1205 1.0553410752315757 
1206 1.0253626575939636 
1207 1.1140506726250665 
1208 1.1209168328012484 
1209 1.1923393725197213 
1210 1.1679535098742726 
1211 1.262571258309388 
1212 1.2239827707331514 
1213 1.158281663072503 
1214 1.1748266093965878 
1215 1.1251419839272303 
1216 1.140662905798497 
1217 1.0674692494913576 
1218 1.0937530238831938 
1219 1.0193508992207878 
1220 1.098974473421382 
1221 1.1285210978469697 
1222 1.1856825931492303 
1223 1.1766394481175333 
1224 1.215956080005218 
1225 1.2140058621212606 
1226 1.2451082271406546 
1227 1.3006638982042484 
1228 1.3185115219381394 
1229 1.3006638982042484 
1230 1.3245831625216182 
1231 1.339089324689709 
1232 1.3245831625216182 
1233 1.339089324689709 
1234 1.329568751783188 
1235 1.3392743270734122 
1236 1.3095447597891152 
1237 1.3106237169923818 
1238 1.259716953194915 
1239 1.2809415378517697 
1240 1.259716953194915 
1241 1.2809415378517697 
1242 1.2582175666383697 
1243 1.2711418171775637 
1244 1.2440280939050907 
1245 1.299792427258594 
1246 1.2892477684895576 
1247 1.2935711371317211 
1248 1.2892477684895576 
1249 1.303185855422218 
1250 1.3226300826083153 
1251 1.303185855422218 
1252 1.3191438799032849 
1253 1.303185855422218 
1254 1.3176803713295455 
1255 1.293266546583491 
1256 1.3176803713295455 
1257 1.293266546583491 
1258 1.315480335560091 
1259 1.2934266809545274 
1260 1.3045970802389757 
1261 1.2934266809545274 
1262 1.282115501952097 
1263 1.2976256930883092 
1264 1.2447066984467818 
1265 1.2708191813847516 
1266 1.2402326082311574 
1267 1.2442777813570365 
1268 1.2511158635522728 
1269 1.2136307551981638 
1270 1.2735974418391516 
1271 1.2351709882147333 
1272 1.3110062453444666 
1273 1.2565780021577333 
1274 1.3237025949302363 
1275 1.2829592678144122 
1276 1.3237025949302363 
1277 1.2417831404878061 
1278 1.2538058965777819 
1279 1.164579816274006 
1280 1.2238992485278848 
1281 1.0731438606357333 
1282 1.1537130795901758 
1283 1.0135552110774 
1284 1.1537130795901758 
1285 1.0076053962631635 
1286 1.1580356657809152 
1287 1.0520430994167758 
1288 1.1599398068706728 
1289 1.0974550128489393 
1290 1.1928118838550847 
1291 1.148670879702794 
1292 1.1288032860444304 
1293 1.1578864823905395 
1294 1.1558732142936425 
1295 1.1712795563206606 
1296 1.1922975188555274 
1297 1.1188114967222909 
1298 1.1530604384941758 
1299 1.1271842794267697 
1300 1.149749070155503 
1301 1.0472469000981879 
1302 1.1808656996804243 
1303 1.1158042657101455 
1304 1.2276823882062 
1305 1.1008317747313636 
1306 1.2192605906044485 
1307 1.2047233742964 
1308 1.3109301207290727 
1309 1.2047233742964 
1310 1.3471334573534788 
1311 1.1912264354768243 
1312 1.2744714606631091 
1313 1.1948538164611453 
1314 1.2454648920203455 
1315 1.2747911957897333 
1316 1.2060893497896727 
1317 1.2747911957897333 
1318 1.2059979915876908 
1319 1.2769486263496483 
1320 1.2703474836647939 
1321 1.2928345117468243 
1322 1.2993540523075575 
1323 1.2928345117468243 
1324 1.2271861809573272 
1325 1.2329298152408363 
1326 1.245206940835812 
1327 1.1750338591832423 
1328 1.2048165374860547 
1329 1.1456891026861877 
1330 1.190617453032091 
1331 1.1456891026861877 
1332 1.2094430020156546 
1333 1.1548935408638243 
1334 1.2307977843678424 
1335 1.224129005181079 
1336 1.2711881877176001 
1337 1.2341741725815214 
1338 1.2298981304251757 
1339 1.2651895911421152 
1340 1.2298981304251757 
1341 1.2219907076575152 
1342 1.2218143597218605 
1343 1.2219907076575152 
1344 1.2218143597218605 
1345 1.2573092360112121 
1346 1.2726021878355636 
1347 1.253910463200103 
1348 1.2782166318023271 
1349 1.2662272025039696 
1350 1.2199941019900726 
1351 1.238843498553 
1352 1.1881272011224606 
1353 1.2029823168374425 
1354 1.1572732614088301 
1355 1.2468902125347152 
1356 1.1687510826465697 
1357 1.2297253494106182 
1358 1.1417260636450546 
1359 1.1700872503057334 
1360 1.0977587984496666 
1361 1.1957865678175392 
1362 1.1199465985758303 
1363 1.2023675470807937 
1364 1.1642143191055514 
1365 1.1467332402758483 
1366 1.2494618679193212 
1367 1.233755043331703 
1368 1.3252960339823212 
1369 1.2442852782644365 
1370 1.3386634872024727 
1371 1.3244525486573697 
1372 1.3386634872024727 
1373 1.3205613299925576 
1374 1.3012715231883212 
1375 1.3205613299925576 
1376 1.2905964981701514 
1377 1.3048995662608727 
1378 1.2966850482668728 
1379 1.3048995662608727 
1380 1.3054325818155335 
1381 1.3009761727009093 
1382 1.3054325818155335 
1383 1.2314208600142849 
1384 1.247872779557509 
1385 1.1886215263166242 
1386 1.186807731011594 
1387 1.1925449198765878 
1388 1.1895190185450484 
1389 1.1254131024362302 
1390 1.139422542617612 
1391 1.1110111607694484 
1392 1.156999240366697 
1393 1.1110111607694484 
1394 1.1542879528332484 
1395 1.1058247440137514 
1396 1.1258403093458726 
1397 1.172956561454103 
1398 1.1961166214016485 
1399 1.2569138158075153 
1400 1.2437909269756788 
1401 1.2569138158075153 
1402 1.2437909269756788 
1403 1.2702329542270303 
1404 1.2964188052768668 
1405 1.2702329542270303 
1406 1.2542729618059758 
1407 1.2702329542270303 
1408 1.2572567857590606 
1409 1.2828475751136788 
1410 1.2880530493944364 
1411 1.2828475751136788 
1412 1.2981707924275394 
1413 1.2898688116976 
1414 1.246712634527885 
1415 1.2898688116976 
1416 1.246712634527885 
1417 1.3094551778724484 
1418 1.246712634527885 
1419 1.3024339412885273 
1420 1.290711975498788 
1421 1.3024339412885273 
1422 1.3381809884907696 
1423 1.3024339412885273 
1424 1.3381809884907696 
1425 1.3024339412885273 
1426 1.3468252276703516 
1427 1.309907861993309 
1428 1.3546823651755393 
1429 1.309907861993309 
1430 1.334392343642418 
1431 1.2868640121791273 
1432 1.2801468780574483 
1433 1.2876726389079092 
1434 1.2474276670015758 
1435 1.274905548596394 
1436 1.2462422447507455 
1437 1.274905548596394 
1438 1.2558351011100848 
1439 1.2195576373122727 
1440 1.2254439927327332 
1441 1.186906383844406 
1442 1.2022709409728363 
1443 1.1436536059676605 
1444 1.2119321769909333 
1445 1.0518286636452303 
1446 1.1450696480207576 
1447 1.1302204247435332 
1448 1.2297062219830788 
1449 1.1665585097828546 
1450 1.2449070595156666 
1451 1.1939797585930547 
1452 1.2426097676712788 
1453 1.271442131476606 
1454 1.2480716665440668 
1455 1.2429000095717877 
1456 1.2177870522931453 
1457 1.2435176074753878 
1458 1.1991354365906848 
1459 1.2632059656621515 
1460 1.1991354365906848 
1461 1.2407049354657576 
1462 1.2109618163008 
1463 1.2692470573705756 
1464 1.2412464305517212 
1465 1.2631904147189092 
1466 1.2412464305517212 
1467 1.2805699117844849 
1468 1.291107500908491 
1469 1.3174335114197635 
1470 1.3224711709860424 
1471 1.3174335114197635 
1472 1.3246615822461152 
1473 1.2673259014241212 
1474 1.318922471196085 
1475 1.2296572404940909 
1476 1.318922471196085 
1477 1.2296572404940909 
1478 1.2809704447304424 
1479 1.2296572404940909 
1480 1.2672372319072183 
1481 1.2797648504897394 
1482 1.2595533398329757 
1483 1.3022907786640607 
1484 1.233460242313794 
1485 1.2514232294870666 
1486 1.2563963237023879 
1487 1.214836858970885 
1488 1.2332506731842667 
1489 1.214836858970885 
1490 1.2204858181586484 
1491 1.1649480730715334 
1492 1.1581030266968668 
1493 1.1793078344367454 
1494 1.1968146142940181 
1495 1.2158942049529273 
1496 1.2315030663752786 
1497 1.2158942049529273 
1498 1.2172166564056666 
1499 1.2646986491335879 
1500 1.3056925453866242 
1501 1.2689871179210848 
1502 1.2582345988012666 
1503 1.2689871179210848 
1504 1.2582345988012666 
1505 1.2689871179210848 
1506 1.254031822046412 
1507 1.274081933930012 
1508 1.254031822046412 
1509 1.218791803968885 
1510 1.2097622167845636 
1511 1.2090098866421939 
1512 1.2097622167845636 
1513 1.179878721106897 
1514 1.2523442185104123 
1515 1.157956452151582 
1516 1.2385429596133213 
1517 1.2153642649610181 
1518 1.2833851784247454 
1519 1.225146182287709 
1520 1.2833851784247454 
1521 1.2253175915794121 
1522 1.2797411105232364 
1523 1.2521394785468787 
1524 1.2935423694203332 
1525 1.2822411147228545 
1526 1.3245719211767273 
1527 1.2566949109374241 
1528 1.3245719211767273 
1529 1.2856546671810243 
1530 1.2920596840849938 
1531 1.2811038777728485 
1532 1.2699102248366303 
1533 1.2675658921785393 
1534 1.2494355021551395 
1535 1.2931120959639697 
1536 1.2229590740418546 
1537 1.2998357772168303 
1538 1.2554713111335878 
1539 1.2684120357161515 
1540 1.2309347339761636 
1541 1.2819500213104607 
1542 1.2181299671042303 
1543 1.2577673541268182 
1544 1.2291205486353152 
1545 1.2418290358810666 
1546 1.2291205486353152 
1547 1.2418290358810666 
1548 1.2588059912362244 
1549 1.2220331161876545 
1550 1.2388011840599333 
1551 1.1806758684194425 
1552 1.185878085110582 
1553 1.1898905054123332 
1554 1.185878085110582 
1555 1.2326143048887817 
1556 1.2525689286926667 
1557 1.1859644560130242 
1558 1.2029774972935334 
1559 1.2515043709648848 
1560 1.2734078853654363 
1561 1.2515043709648848 
1562 1.274600300804503 
1563 1.2981542198406364 
1564 1.308385796546 
1565 1.323103025618291 
1566 1.308385796546 
1567 1.323103025618291 
1568 1.3063643540056546 
1569 1.3121616108974121 
1570 1.3051719385665879 
1571 1.297957738244394 
1572 1.3051719385665879 
1573 1.297957738244394 
1574 1.3223385280761455 
1575 1.3040449855609393 
1576 1.3223385280761455 
1577 1.3090461589152484 
1578 1.3223385280761455 
1579 1.2820451228758607 
1580 1.3156127429882183 
1581 1.2131101670620545 
1582 1.2651409514255032 
1583 1.1800665195631697 
1584 1.2651409514255032 
1585 1.1860067609297396 
1586 1.205207914232109 
1587 1.2146012872636607 
1588 1.2119336993200365 
1589 1.285622591347776 
1590 1.241476495008424 
1591 1.3014189744732423 
1592 1.1812068198195091 
1593 1.250471622522927 
1594 1.1331193193169151 
1595 1.2407429148412545 
1596 1.1364491274254545 
1597 1.2253311179830426 
1598 1.146632328727703 
1599 1.1472611108607638 
1600 1.1162966106627394 
1601 1.1423311254125819 
1602 1.0905098993483817 
1603 1.123491382817182 
1604 1.1084326111521938 
1605 1.0658304276586061 
1606 1.2164531488481758 
1607 1.1550604518377576 
1608 1.3070585421020484 
1609 1.2636687589466424 
1610 1.2142388763957455 
1611 1.2222750615409392 
1612 1.1527456920478485 
1613 1.243028491402903 
1614 1.1219830787724363 
1615 1.243028491402903 
1616 1.1025612754270728 
1617 1.2148039469072547 
1618 1.0783970317390545 
1619 1.1315915699013939 
1620 1.1712166974453635 
1621 1.145171272343103 
1622 1.2146527632233273 
1623 1.106714905026618 
1624 1.158144131183006 
1625 1.1317865630320243 
1626 1.158144131183006 
1627 1.181578940992024 
1628 1.2662584624247335 
1629 1.1136377224425698 
1630 1.2034784467938606 
1631 1.1543471442546485 
1632 1.2794088821795455 
1633 1.1987876459488727 
1634 1.2794088821795455 
1635 1.2588303823779878 
1636 1.210050572212885 
1637 1.3246036598070727 
1638 1.275418445265509 
1639 1.2841117574555818 
1640 1.275418445265509 
1641 1.2855853568163453 
1642 1.275418445265509 
1643 1.2205056961686545 
1644 1.3507971937648848 
1645 1.2205056961686545 
1646 1.2834297259221819 
1647 1.1784466948944665 
1648 1.2084992695988241 
1649 1.1364355540544 
1650 1.2084992695988241 
1651 1.125668219610006 
1652 1.2032838947958302 
1653 1.117476797130588 
1654 1.1972634562631213 
1655 1.1288606031554786 
1656 1.2721939125864787 
1657 1.1174223756425212 
1658 1.2721939125864787 
1659 1.1887914413409637 
1660 1.2251576563249515 
1661 1.1963892708480304 
1662 1.2527362183049031 
1663 1.2653033139532242 
1664 1.2400082032658666 
1665 1.3142884255246123 
1666 1.2400082032658666 
1667 1.2894780969717454 
1668 1.287044459527394 
1669 1.2926476019090727 
1670 1.2959121375026363 
1671 1.2896777024242425 
1672 1.2862695961093455 
1673 1.2874632173051395 
1674 1.265547677530194 
1675 1.3122735458580121 
1676 1.2464807990846243 
1677 1.3122735458580121 
1678 1.273532517990897 
1679 1.2575698955388483 
1680 1.238412263279382 
1681 1.2575698955388483 
1682 1.2487004965805637 
1683 1.2067494486406485 
1684 1.2254440006994667 
1685 1.120151648702109 
1686 1.1544693862344424 
1687 1.177825198506103 
1688 1.1781490336851999 
1689 1.1202270189906425 
1690 1.1869276788295877 
1691 1.1120178068823818 
1692 1.1730129014942667 
1693 1.1150874263353272 
1694 1.1735019002766605 
1695 1.1150874263353272 
1696 1.2162708449371211 
1697 1.148097869456588 
1698 1.2616384932218183 
1699 1.2056960489720485 
1700 1.2097708908404243 
1701 1.2425906870649333 
1702 1.234571891865188 
1703 1.1413263010138 
1704 1.1505475369734122 
1705 1.0958398808674608 
1706 1.0927400704462302 
1707 1.0958398808674608 
1708 1.1446076728276242 
1709 1.0754273296840242 
1710 1.1624254674129635 
1711 1.1766917157351575 
1712 1.2374920413373638 
1713 1.2487528385421758 
1714 1.2934212752577032 
1715 1.2330383303213517 
1716 1.2934212752577032 
1717 1.2669675387438848 
1718 1.2896910545959273 
1719 1.2669675387438848 
1720 1.2896910545959273 
1721 1.2482732443324303 
1722 1.2896910545959273 
1723 1.2562548904831818 
1724 1.2960217481847758 
1725 1.2712789564344484 
1726 1.2960217481847758 
1727 1.2593048950013093 
1728 1.2939306670357333 
1729 1.2503440135744848 
1730 1.2939306670357333 
1731 1.2493366386967333 
1732 1.300165810872812 
1733 1.2857507092608063 
1734 1.3095778176185333 
1735 1.2977247706939454 
1736 1.3116688987675695 
1737 1.3201173270166424 
1738 1.3116688987675695 
1739 1.3245530551548788 
1740 1.3054337549304909 
1741 1.3245530551548788 
1742 1.3150698691938485 
1743 1.2584348920840303 
1744 1.2845252055988425 
1745 1.1767574553571454 
1746 1.2447198653899514 
1747 1.1581438915895998 
1748 1.1803653741685878 
1749 1.0835240412950544 
1750 1.1178707571578606 
1751 1.1496422043659091 
1752 1.1484154207528665 
1753 1.1309938333242122 
1754 1.132220624542606 
1755 1.1201487789634426 
1756 1.134038508686085 
1757 1.1503383500367332 
1758 1.1398307174399456 
1759 1.0289647937924666 
1760 1.010584139526315 
1761 0.9792251475239697 
1762 1.074300528407206 
1763 1.0130141383043394 
1764 1.0734570093344726 
1765 0.9870275381782243 
1766 1.0185961121953697 
1767 1.108401094422491 
1768 1.147842690109006 
1769 1.157603049138194 
1770 1.2367167187031332 
1771 1.2501189132389212 
1772 1.2535496172538667 
1773 1.3069196966423333 
1774 1.3119980029438363 
1775 1.240123956125594 
1776 1.259417354579479 
1777 1.234949767682703 
1778 1.2173997768458 
1779 1.2371381665961998 
1780 1.1817175620010667 
1781 1.2288859725822727 
1782 1.1817175620010667 
1783 1.2773311586598122 
1784 1.2223087164955757 
1785 1.2773311586598122 
1786 1.1187202358553332 
1787 1.2502881486348787 
1788 1.1079870793840727 
1789 1.1856924542278908 
1790 1.1111387247335696 
1791 1.2040430086670908 
1792 1.0978342664581395 
1793 1.1118535557647455 
1794 1.1976836184369515 
1795 1.2005019860245878 
1796 1.1768877746318849 
1797 1.2406529445334789 
1798 1.1581746721711272 
1799 1.2406529445334789 
1800 1.183468624316406 
1801 1.2406529445334789 
1802 1.183468624316406 
1803 1.2304555548771212 
1804 1.1718733136405999 
1805 1.174060532930212 
1806 1.1695173799511636 
1807 1.104797771941212 
1808 1.0949378456644605 
1809 1.104797771941212 
1810 1.0531471548467817 
1811 1.1557420467363515 
1812 1.1323601739695939 
1813 1.2366311234957819 
1814 1.1510867920419152 
1815 1.3031455503200666 
1816 1.125234445970406 
1817 1.3031455503200666 
1818 1.1707642654495152 
1819 1.2275502483113878 
1820 1.0987165885734846 
1821 1.1081421799838849 
1822 1.0553014361676787 
1823 1.0417005229770364 
1824 1.155733316525891 
1825 0.9406078975698121 
1826 1.1413703632932364 
1827 1.0173201754631576 
1828 1.1565972238583029 
1829 1.1367282437906605 
1830 1.2093365410883576 
1831 1.1736877878617515 
1832 1.152456672401194 
1833 1.2482292000043758 
1834 1.1394727659368789 
1835 1.2757738469849333 
1836 1.195887088921903 
1837 1.2757738469849333 
1838 1.2232886618103636 
1839 1.2735824352213092 
1840 1.2801685304975212 
1841 1.2633612229039515 
1842 1.307515390194491 
1843 1.1949827562292907 
1844 1.2852699255945879 
1845 1.1661573563286183 
1846 1.2438816930128243 
1847 1.200579215192715 
1848 1.2438816930128243 
1849 1.2373516407746727 
1850 1.2148154534321334 
1851 1.2089786758232364 
1852 1.133957194222515 
1853 1.164120137537218 
1854 1.1349235213786424 
1855 1.1318898401067394 
1856 1.0738780159381272 
1857 1.1318898401067394 
1858 1.102944255518812 
1859 1.172202218121612 
1860 1.1937523566245396 
1861 1.245886156308297 
1862 1.2454995445115091 
1863 1.2459339930163758 
1864 1.3150327513748907 
1865 1.2459339930163758 
1866 1.3150327513748907 
1867 1.2876464630941697 
1868 1.327328374078691 
1869 1.2824859279225758 
1870 1.3388372462432847 
1871 1.2586156110236668 
1872 1.2586156110236668 
1873 1.1830017415892726 
