0 0.6519821716677268 0.8882820047084333 
1 0.9136382551666333 0.6519821716677268 
2 0.5953213094356127 0.9136382551666333 
3 0.7510715740045267 0.5953213094356127 
4 0.6801694465102933 0.7510715740045267 
5 0.8623975106090934 0.6801694465102933 
6 0.8007693823485933 0.8623975106090934 
7 0.9590217769976334 0.8007693823485933 
8 0.8096425798883866 0.9590217769976334 
9 0.9206115818050934 0.8096425798883866 
10 0.9002321328216867 0.9206115818050934 
11 0.7577328833815333 0.9002321328216867 
12 1.07686695653952 0.7577328833815333 
13 0.8346196326795067 1.07686695653952 
14 1.0798169099445267 0.8346196326795067 
15 11.3488473713962 1.0798169099445267 
16 1.0082607922650866 11.3488473713962 
17 11.379970045063 1.0082607922650866 
18 0.9704365658773667 11.379970045063 
19 12.4794488010351 0.9704365658773667 
20 0.9227532376162666 12.4794488010351 
21 14.9167966754922 0.9227532376162666 
22 0.71413952773808 14.9167966754922 
23 16.1125269553175 0.71413952773808 
24 0.7475818551774867 16.1125269553175 
25 17.6382567161992 0.7475818551774867 
26 0.7671306452250867 17.6382567161992 
27 1.1401065636732066 0.7671306452250867 
28 0.8565893146033533 1.1401065636732066 
29 1.1220727268119932 0.8565893146033533 
30 1.0004894073749333 1.1220727268119932 
31 1.0530011017540466 1.0004894073749333 
32 1.1115191022875266 1.0530011017540466 
33 0.90310185752724 1.1115191022875266 
34 1.09985645151776 0.90310185752724 
35 0.8530829652407868 1.09985645151776 
36 16.8475098557293 0.8530829652407868 
37 0.8546789099397534 16.8475098557293 
38 16.2066527056187 0.8546789099397534 
39 0.8037377141079334 16.2066527056187 
40 14.4103635041862 0.8037377141079334 
41 0.8753409573525933 14.4103635041862 
42 11.5033543879615 0.8753409573525933 
43 0.78004308409276 11.5033543879615 
44 12.9527136508139 0.78004308409276 
45 0.91033589250708 12.9527136508139 
46 12.6733703580992 0.91033589250708 
47 13.1801777045174 12.6733703580992 
48 14.5170648487302 13.1801777045174 
49 14.0975803853927 14.5170648487302 
50 16.398325231607 14.0975803853927 
51 12.7577283912513 16.398325231607 
52 1.18534009290018 12.7577283912513 
53 14.9658860411807 1.18534009290018 
54 1.0229017508773732 14.9658860411807 
55 12.5459611679825 1.0229017508773732 
56 1.17032224544466 12.5459611679825 
57 12.2570362800645 1.17032224544466 
58 1.16479861494014 12.2570362800645 
59 10.6348231105519 1.16479861494014 
60 1.0568563328505667 10.6348231105519 
61 10.9682894353873 1.0568563328505667 
62 1.06298038092268 10.9682894353873 
63 9.32346702188133 1.06298038092268 
64 1.0622194737976267 9.32346702188133 
65 0.616817811362454 1.0622194737976267 
66 0.8582496077972733 0.616817811362454 
67 0.6059854681450481 0.8582496077972733 
68 0.6829215661904466 0.6059854681450481 
69 0.6129793774073833 0.6829215661904466 
70 0.6777618738486667 0.6129793774073833 
71 0.6829544314928866 0.6777618738486667 
72 0.7707028521946067 0.6829544314928866 
73 0.8330531426223468 0.7707028521946067 
74 0.81722752207148 0.8330531426223468 
75 14.0826095333229 0.81722752207148 
76 0.8983105591079067 14.0826095333229 
77 16.3952166533208 0.8983105591079067 
78 0.9788420897898533 16.3952166533208 
79 1.1134970885749866 0.9788420897898533 
80 0.9487449321233333 1.1134970885749866 
81 1.0750480723246334 0.9487449321233333 
82 0.9312896940422734 1.0750480723246334 
83 0.98887475119376 0.9312896940422734 
84 0.8342763155082333 0.98887475119376 
85 0.9727549537945134 0.8342763155082333 
86 0.7535763650114199 0.9727549537945134 
87 0.7839613492135267 0.7535763650114199 
88 10.3209893090998 0.7839613492135267 
89 0.90632171268094 10.3209893090998 
90 0.67419769690474 0.90632171268094 
91 0.8784607810672267 0.67419769690474 
92 0.59470515665525 0.8784607810672267 
93 0.8067909181677799 0.59470515665525 
94 0.5992011939971786 0.8067909181677799 
95 0.8053200271136001 0.5992011939971786 
96 0.6368799994281853 0.8053200271136001 
97 0.8390693587925867 0.6368799994281853 
98 0.71696523035656 0.8390693587925867 
99 0.8394285187693333 0.71696523035656 
100 0.8696889148013867 0.8394285187693333 
101 0.8308151204970466 0.8696889148013867 
102 0.7901035824099399 0.8308151204970466 
103 0.9513705262423133 0.7901035824099399 
104 0.8405689464416933 0.9513705262423133 
105 0.9274413421319867 0.8405689464416933 
106 0.79383086676064 0.9274413421319867 
107 0.9184380145562999 0.79383086676064 
108 0.76811961952464 0.9184380145562999 
109 0.9222476057906067 0.76811961952464 
110 0.6297241273115353 0.9222476057906067 
111 0.8801305588772533 0.6297241273115353 
112 0.7307483337533267 0.8801305588772533 
113 11.8045287033506 0.7307483337533267 
114 0.8237051542484467 11.8045287033506 
115 12.577110845976 0.8237051542484467 
116 0.8152195327010466 12.577110845976 
117 0.8940820229055267 0.8152195327010466 
118 0.8395154168493933 0.8940820229055267 
119 0.8707330863593999 0.8395154168493933 
120 0.8111510332489933 0.8707330863593999 
121 0.8808416653740401 0.8111510332489933 
122 0.8312394599021334 0.8808416653740401 
123 0.9460516726071067 0.8312394599021334 
124 0.6485428661637846 0.9460516726071067 
125 0.8131937866734733 0.6485428661637846 
126 0.6184528377209773 0.8131937866734733 
127 0.7657254678847933 0.6184528377209773 
128 0.5520420763216194 0.7657254678847933 
129 0.6915813690157866 0.5520420763216194 
130 0.6014739906312354 0.6915813690157866 
131 0.70040532684264 0.6014739906312354 
132 0.5653734466153987 0.70040532684264 
133 0.621392223253782 0.5653734466153987 
134 0.7195076736568667 0.621392223253782 
135 0.7724415598095733 0.7195076736568667 
136 0.83965618974304 0.7724415598095733 
137 0.7486819311535933 0.83965618974304 
138 0.8297638958746933 0.7486819311535933 
139 0.7384961731810934 0.8297638958746933 
140 0.82419050929532 0.7384961731810934 
141 0.6965095425022266 0.82419050929532 
142 0.7627253957616266 0.6965095425022266 
143 0.6749361309085801 0.7627253957616266 
144 0.6745297116395667 0.6749361309085801 
145 0.5834988301348694 0.6745297116395667 
146 0.5700462258868773 0.5834988301348694 
147 0.63923083703596 0.5700462258868773 
148 0.5660781355003514 0.63923083703596 
149 10.6246397689447 0.5660781355003514 
150 0.5991771547234567 10.6246397689447 
151 12.5814549257862 0.5991771547234567 
152 0.7494727489354667 12.5814549257862 
153 14.6428047949599 0.7494727489354667 
154 0.7178487182627866 14.6428047949599 
155 0.8948665889188867 0.7178487182627866 
156 0.8244087506988266 0.8948665889188867 
157 0.9591272855510801 0.8244087506988266 
158 0.8965242096926267 0.9591272855510801 
159 0.9591348443269067 0.8965242096926267 
160 0.8790887704191533 0.9591348443269067 
161 0.8709164713657533 0.8790887704191533 
162 0.78883091993428 0.8709164713657533 
163 0.8120372084711334 0.78883091993428 
164 0.8180155072681 0.8120372084711334 
165 0.83106840144054 0.8180155072681 
166 0.6868812769072067 0.83106840144054 
167 0.7388571019175466 0.6868812769072067 
168 0.6730498113923934 0.7388571019175466 
169 0.6482488444599367 0.6730498113923934 
170 0.68853727259518 0.6482488444599367 
171 0.6201410395521607 0.68853727259518 
172 9.53857476166343 0.6201410395521607 
173 0.5563581654492793 9.53857476166343 
174 10.5536219059736 0.5563581654492793 
175 0.5862155480758726 10.5536219059736 
176 11.8200097569431 0.5862155480758726 
177 8.7767842869037 11.8200097569431 
178 12.1076375458019 8.7767842869037 
179 11.5440877785102 12.1076375458019 
180 0.7475490957971866 11.5440877785102 
181 12.2329448795328 0.7475490957971866 
182 0.7914547183194867 12.2329448795328 
183 12.4564184750867 0.7914547183194867 
184 0.8055004385654467 12.4564184750867 
185 13.5354921579929 0.8055004385654467 
186 0.83104364322612 13.5354921579929 
187 15.4343105462507 0.83104364322612 
188 0.7298608910877067 15.4343105462507 
189 15.4746856926362 0.7298608910877067 
190 10.7274467127895 15.4746856926362 
191 17.0583889661849 10.7274467127895 
192 0.7437459655102 17.0583889661849 
193 17.6551531851661 0.7437459655102 
194 0.8268350763643267 17.6551531851661 
195 17.9589165774415 0.8268350763643267 
196 0.8971995520846666 17.9589165774415 
197 19.2749087133037 0.8971995520846666 
198 0.9043500306736867 19.2749087133037 
199 1.1277359697146667 0.9043500306736867 
200 0.9222620689817133 1.1277359697146667 
201 1.0133484105400135 0.9222620689817133 
202 0.8759718645792467 1.0133484105400135 
203 1.1143620378803198 0.8759718645792467 
204 0.8551988814615 1.1143620378803198 
205 1.1437229434217866 0.8551988814615 
206 0.7895093235377267 1.1437229434217866 
207 1.0130708474651 0.7895093235377267 
208 0.8272272509851867 1.0130708474651 
209 1.0562475854525932 0.8272272509851867 
210 0.89005808963582 1.0562475854525932 
211 1.2334088756453065 0.89005808963582 
212 0.8544922138039867 1.2334088756453065 
213 1.0614805230109534 0.8544922138039867 
214 0.7236888837419334 1.0614805230109534 
215 0.9733410269467601 0.7236888837419334 
216 0.613324732347566 0.9733410269467601 
217 1.0060064419940933 0.613324732347566 
218 0.5971277906405187 1.0060064419940933 
219 0.9255303196922 0.5971277906405187 
220 0.6739845036956533 0.9255303196922 
221 0.7443595401344734 0.6739845036956533 
222 0.8181230004804533 0.7443595401344734 
223 0.9121245468141399 0.8181230004804533 
224 0.92217316738056 0.9121245468141399 
225 1.00293364877838 0.92217316738056 
226 1.0211207099805868 1.00293364877838 
227 0.9437339123033667 1.0211207099805868 
228 1.2029481062161334 0.9437339123033667 
229 1.0657099177189666 1.2029481062161334 
230 1.2509686871852466 1.0657099177189666 
231 1.0362685144277866 1.2509686871852466 
232 1.1863842125381732 1.0362685144277866 
233 0.94776107495198 1.1863842125381732 
234 1.1215314232371334 0.94776107495198 
235 0.8458019381094732 1.1215314232371334 
236 1.0623025671136932 0.8458019381094732 
237 0.79574453052852 1.0623025671136932 
238 0.8568630313040134 0.79574453052852 
239 0.7032075288695466 0.8568630313040134 
240 0.7624015817930266 0.7032075288695466 
241 0.8173021382062867 0.7624015817930266 
242 0.7622215985301933 0.8173021382062867 
243 0.8531364388697467 0.7622215985301933 
244 0.7166291797217668 0.8531364388697467 
245 0.8034385067971866 0.7166291797217668 
246 0.6974719808927866 0.8034385067971866 
247 0.7879857775542533 0.6974719808927866 
248 0.73713807312764 0.7879857775542533 
249 0.7817371921278866 0.73713807312764 
250 0.67109334657418 0.7817371921278866 
251 0.6910947233919866 0.67109334657418 
252 0.6399685283554134 0.6910947233919866 
253 0.5927046323560446 0.6399685283554134 
254 0.73950857641872 0.5927046323560446 
255 0.6481782397476793 0.73950857641872 
256 0.8468598656730534 0.6481782397476793 
257 0.64152081716796 0.8468598656730534 
258 0.8725099415543399 0.64152081716796 
259 10.4990428577554 0.8725099415543399 
260 0.8845510826136067 10.4990428577554 
261 9.82399814327873 0.8845510826136067 
262 0.9381400581961467 9.82399814327873 
263 0.7144430791999734 0.9381400581961467 
264 0.8014539677862867 0.7144430791999734 
265 0.7101497316750532 0.8014539677862867 
266 0.7447643214994 0.7101497316750532 
267 0.8370036194064667 0.7447643214994 
268 0.7082930875384866 0.8370036194064667 
269 0.7772294120518867 0.7082930875384866 
270 0.69692688642286 0.7772294120518867 
271 0.8832120251719867 0.69692688642286 
272 0.6420607265319467 0.8832120251719867 
273 0.8375979977587533 0.6420607265319467 
274 0.7749148395157001 0.8375979977587533 
275 0.95504000288158 0.7749148395157001 
276 0.7106307878759667 0.95504000288158 
277 0.8319492619065334 0.7106307878759667 
278 0.8154768128920267 0.8319492619065334 
279 0.8673826534767867 0.8154768128920267 
280 0.8897287894335134 0.8673826534767867 
281 0.7961679444590734 0.8897287894335134 
282 0.8510118444384934 0.7961679444590734 
283 0.7680285655994734 0.8510118444384934 
284 0.7684779119411933 0.7680285655994734 
285 0.7217482807741333 0.7684779119411933 
286 1.0654358903602998 0.7217482807741333 
287 0.6793075196204267 1.0654358903602998 
288 1.0404973896432332 0.6793075196204267 
289 0.6874949918804266 1.0404973896432332 
290 1.0280746269018333 0.6874949918804266 
291 0.8145169714273867 1.0280746269018333 
292 16.2845707135767 0.8145169714273867 
293 0.9185151612090133 16.2845707135767 
294 17.4083060096815 0.9185151612090133 
295 17.2809584471933 17.4083060096815 
296 15.457512745645 17.2809584471933 
297 18.6402517264875 15.457512745645 
298 0.9825988708401 18.6402517264875 
299 1.1961425950475666 0.9825988708401 
300 0.9348049367294 1.1961425950475666 
301 1.0774631629336533 0.9348049367294 
302 0.8490170456076733 1.0774631629336533 
303 0.9727381559991933 0.8490170456076733 
304 0.7464906806182934 0.9727381559991933 
305 0.7087003332908534 0.7464906806182934 
306 0.74156230604106 0.7087003332908534 
307 0.9168496893497466 0.74156230604106 
308 0.74454068615494 0.9168496893497466 
309 0.951918697286 0.74454068615494 
310 0.83064710170366 0.951918697286 
311 0.9498826673170867 0.83064710170366 
312 0.9282131725451667 0.9498826673170867 
313 1.0147398385988666 0.9282131725451667 
314 0.9571302804786667 1.0147398385988666 
315 1.0489862101654266 0.9571302804786667 
316 0.7892685712185333 1.0489862101654266 
317 0.7684395491425333 0.7892685712185333 
318 0.8875383307550201 0.7684395491425333 
319 0.9415458099621666 0.8875383307550201 
320 0.8983965434026934 0.9415458099621666 
321 13.9275309036008 0.8983965434026934 
322 1.0248345887979267 13.9275309036008 
323 16.031387963905 1.0248345887979267 
324 1.1138676232055067 16.031387963905 
325 0.9821513660376666 1.1138676232055067 
326 19.0993401265222 0.9821513660376666 
327 1.0484414359309067 19.0993401265222 
328 18.5681594878792 1.0484414359309067 
329 0.9981264502891 18.5681594878792 
330 17.3121911229392 0.9981264502891 
331 1.0087099197285334 17.3121911229392 
332 0.9577751863226466 1.0087099197285334 
333 1.0830361570505735 0.9577751863226466 
334 0.8343975325252401 1.0830361570505735 
335 1.16216348308816 0.8343975325252401 
336 0.8906326867695067 1.16216348308816 
337 1.15089850505852 0.8906326867695067 
338 0.9358520822127266 1.15089850505852 
339 1.0563407353869534 0.9358520822127266 
340 0.84787327765862 1.0563407353869534 
341 1.0734536838468134 0.84787327765862 
342 16.5102353978277 1.0734536838468134 
343 0.8722538611089 16.5102353978277 
344 1.2000692258821932 0.8722538611089 
345 0.95813849956288 1.2000692258821932 
346 1.12941867876468 0.95813849956288 
347 0.9387055172967133 1.12941867876468 
348 1.0889719372812732 0.9387055172967133 
349 0.9326808565090533 1.0889719372812732 
350 1.1560202272878 0.9326808565090533 
351 0.9311076582715933 1.1560202272878 
352 0.8921582716860267 0.9311076582715933 
353 0.8327474313054266 0.8921582716860267 
354 0.8413947131721867 0.8327474313054266 
355 9.98977248386371 0.8413947131721867 
356 0.7641171556786066 9.98977248386371 
357 0.67095801097862 0.7641171556786066 
358 0.9245744483704867 0.67095801097862 
359 0.68518794088684 0.9245744483704867 
360 0.9623712474810067 0.68518794088684 
361 0.77269040944932 0.9623712474810067 
362 1.0691856469859198 0.77269040944932 
363 0.7399238115857266 1.0691856469859198 
364 1.2384478649645532 0.7399238115857266 
365 0.68950049147852 1.2384478649645532 
366 1.3393009102694 0.68950049147852 
367 0.7299512671528468 1.3393009102694 
368 1.1287181147241334 0.7299512671528468 
369 0.6396855798151374 1.1287181147241334 
370 1.1737841889707 0.6396855798151374 
371 0.6363573006677773 1.1737841889707 
372 1.03022369830408 0.6363573006677773 
373 0.6631581601512367 1.03022369830408 
374 0.81220329605992 0.6631581601512367 
375 0.72195998234038 0.81220329605992 
376 0.8112220762513467 0.72195998234038 
377 0.6475840191434253 0.8112220762513467 
378 0.7189413706706866 0.6475840191434253 
379 0.71187678578848 0.7189413706706866 
380 0.6781043496924933 0.71187678578848 
381 0.74044014857876 0.6781043496924933 
382 0.67268104805186 0.74044014857876 
383 0.7264317554952466 0.67268104805186 
384 0.8952570573309999 0.7264317554952466 
385 0.7851790790693667 0.8952570573309999 
386 0.78976308344988 0.7851790790693667 
387 0.8985962689864734 0.78976308344988 
388 0.7515931850887266 0.8985962689864734 
389 0.88545855098998 0.7515931850887266 
390 0.8921006703576401 0.88545855098998 
391 0.89578663269292 0.8921006703576401 
392 0.89879609040908 0.89578663269292 
393 0.89504431874556 0.89879609040908 
394 13.1433575546938 0.89504431874556 
395 1.0262012983754067 13.1433575546938 
396 14.4200967129044 1.0262012983754067 
397 1.1789445679605668 14.4200967129044 
398 17.3498908520899 1.1789445679605668 
399 1.0929607274622402 17.3498908520899 
400 16.1630589594037 1.0929607274622402 
401 1.1115883892765 16.1630589594037 
402 0.9732026312959667 1.1115883892765 
403 1.1495339202581731 0.9732026312959667 
404 0.8195771577512201 1.1495339202581731 
405 0.99308976633202 0.8195771577512201 
406 0.7706756312152266 0.99308976633202 
407 0.8037424357498267 0.7706756312152266 
408 0.6791747437010467 0.8037424357498267 
409 0.8531581376169466 0.6791747437010467 
410 0.6548110237463227 0.8531581376169466 
411 0.79282175937018 0.6548110237463227 
412 0.7672598347983133 0.79282175937018 
413 0.7055220746380267 0.7672598347983133 
414 0.77464849547974 0.7055220746380267 
415 0.75184035517128 0.77464849547974 
416 0.7664229376791533 0.75184035517128 
417 0.7573330492769866 0.7664229376791533 
418 0.7748685100380333 0.7573330492769866 
419 0.7662088741591201 0.7748685100380333 
420 0.7772966538279934 0.7662088741591201 
421 0.9310367773720067 0.7772966538279934 
422 0.9081879716054133 0.9310367773720067 
423 0.9559937726041067 0.9081879716054133 
424 1.1851534135872468 0.9559937726041067 
425 1.08081349843244 1.1851534135872468 
426 1.20695787179746 1.08081349843244 
427 1.1592350425218798 1.20695787179746 
428 1.2423035777858 1.1592350425218798 
429 1.2570206216007933 1.2423035777858 
430 1.21991346142834 1.2570206216007933 
431 1.1570655637389133 1.21991346142834 
432 1.2652656561967 1.1570655637389133 
433 1.28046498322156 1.2652656561967 
434 1.0751585728927 1.28046498322156 
435 1.1233110171108198 1.0751585728927 
436 1.0102819141532333 1.1233110171108198 
437 1.1476394633461267 1.0102819141532333 
438 1.0131466174212067 1.1476394633461267 
439 1.05770479943264 1.0131466174212067 
440 1.0166428257150133 1.05770479943264 
441 1.0761666920682866 1.0166428257150133 
442 0.9528660536467066 1.0761666920682866 
443 0.9941842720030734 0.9528660536467066 
444 0.8976000590026866 0.9941842720030734 
445 0.9903985486898733 0.8976000590026866 
446 0.91111261232066 0.9903985486898733 
447 0.89721167869398 0.91111261232066 
448 0.8434809791333334 0.89721167869398 
449 0.96205323627352 0.8434809791333334 
450 0.8120131696590533 0.96205323627352 
451 0.9142791675262266 0.8120131696590533 
452 0.8069006605856667 0.9142791675262266 
453 0.8775924965058534 0.8069006605856667 
454 0.74021320249506 0.8775924965058534 
455 0.7782968144472933 0.74021320249506 
456 0.8129502100467066 0.7782968144472933 
457 0.7896301858000067 0.8129502100467066 
458 0.8385355651158867 0.7896301858000067 
459 0.8360978249893467 0.8385355651158867 
460 0.8414078544882201 0.8360978249893467 
461 0.7677995311702533 0.8414078544882201 
462 0.9390298458115599 0.7677995311702533 
463 0.8566350110282134 0.9390298458115599 
464 1.08862712332554 0.8566350110282134 
465 1.0536641222544734 1.08862712332554 
466 1.09470181734444 1.0536641222544734 
467 1.0891137742265866 1.09470181734444 
468 1.2150056715064865 1.0891137742265866 
469 1.0457066023258 1.2150056715064865 
470 1.1673015140038068 1.0457066023258 
471 1.1428120306047067 1.1673015140038068 
472 1.0252327559878867 1.1428120306047067 
473 1.0272708789546934 1.0252327559878867 
474 0.9303390369433266 1.0272708789546934 
475 1.07251413941798 0.9303390369433266 
476 0.9186247622770867 1.07251413941798 
477 1.0542599588347334 0.9186247622770867 
478 0.75325219846962 1.0542599588347334 
479 0.98933612658182 0.75325219846962 
480 0.81059599465822 0.98933612658182 
481 0.93528007090934 0.81059599465822 
482 0.7526570703291934 0.93528007090934 
483 0.9256964709562466 0.7526570703291934 
484 0.7543667486891866 0.9256964709562466 
485 0.7926372674399667 0.7543667486891866 
486 0.74389788640114 0.7926372674399667 
487 0.7590308256562868 0.74389788640114 
488 0.7633369906249 0.7590308256562868 
489 0.7474490498033267 0.7633369906249 
490 0.7304853070138734 0.7474490498033267 
491 0.7693039818793467 0.7304853070138734 
492 0.7258120577322933 0.7693039818793467 
493 0.8390210405121467 0.7258120577322933 
494 0.6933940734714467 0.8390210405121467 
495 0.8248631499048467 0.6933940734714467 
496 0.7015960433348933 0.8248631499048467 
497 0.8062266875385067 0.7015960433348933 
498 0.66965287609738 0.8062266875385067 
499 0.7283341040105132 0.66965287609738 
500 0.70291673158612 0.7283341040105132 
501 0.7554709160626201 0.70291673158612 
502 0.85104857550668 0.7554709160626201 
503 0.7906373720411867 0.85104857550668 
504 0.85260122295216 0.7906373720411867 
505 0.7195360559846 0.85260122295216 
506 0.71865720619828 0.7195360559846 
507 0.8085314269552666 0.71865720619828 
508 0.8478218145857467 0.8085314269552666 
509 1.1439522147695935 0.8478218145857467 
510 0.78214102492786 1.1439522147695935 
511 1.08373545145458 0.78214102492786 
512 0.7441163045036734 1.08373545145458 
513 1.017831880588 0.7441163045036734 
514 0.77339439249798 1.017831880588 
515 1.0463800834913266 0.77339439249798 
516 0.8611262100557467 1.0463800834913266 
517 0.9498503200056666 0.8611262100557467 
518 0.8526733580053799 0.9498503200056666 
519 0.74632832168256 0.8526733580053799 
520 1.0059740550340066 0.74632832168256 
521 0.7920248042448667 1.0059740550340066 
522 1.0311325772117201 0.7920248042448667 
523 0.77214706937052 1.0311325772117201 
524 1.1461383152843667 0.77214706937052 
525 0.9388438511661668 1.1461383152843667 
526 1.1558492757468 0.9388438511661668 
527 0.9533459626590399 1.1558492757468 
528 1.0729582053791467 0.9533459626590399 
529 0.8775252825067134 1.0729582053791467 
530 0.9608458654525267 0.8775252825067134 
531 0.8677808459683266 0.9608458654525267 
532 1.0001515805304533 0.8677808459683266 
533 1.0740816911342534 1.0001515805304533 
534 1.0025215491108665 1.0740816911342534 
535 0.9409312108141734 1.0025215491108665 
536 1.0099263349160668 0.9409312108141734 
537 0.9422229445764534 1.0099263349160668 
538 0.9447045131817067 0.9422229445764534 
539 1.0742822820647668 0.9447045131817067 
540 0.9082555648334 1.0742822820647668 
541 1.1122773496538598 0.9082555648334 
542 0.9342889340062001 1.1122773496538598 
543 1.01357477504328 0.9342889340062001 
544 0.93098506156424 1.01357477504328 
545 1.1093349042320466 0.93098506156424 
546 0.9433710613003933 1.1093349042320466 
547 1.1115363099037867 0.9433710613003933 
548 1.00899112162458 1.1115363099037867 
549 0.9737446877904666 1.00899112162458 
550 1.2071861178802534 0.9737446877904666 
551 1.1513667532951 1.2071861178802534 
552 1.1759559238654334 1.1513667532951 
553 1.1853757107317666 1.1759559238654334 
554 1.1916087900406533 1.1853757107317666 
555 1.1337721830583132 1.1916087900406533 
556 1.1438409393599933 1.1337721830583132 
557 1.1371666098768134 1.1438409393599933 
558 1.19172010448674 1.1371666098768134 
559 1.26247110238838 1.19172010448674 
560 0.9781753264015933 1.26247110238838 
561 0.9948060817105533 0.9781753264015933 
562 1.0998674697478668 0.9948060817105533 
563 0.8603752851677133 1.0998674697478668 
564 1.2396939880934865 0.8603752851677133 
565 0.8930260297707601 1.2396939880934865 
566 1.1991731681635334 0.8930260297707601 
567 0.8696520261948867 1.1991731681635334 
568 1.1367852009402868 0.8696520261948867 
569 0.7759139085106866 1.1367852009402868 
570 1.1997292854219066 0.7759139085106866 
571 0.8376625223951867 1.1997292854219066 
572 1.0742796037616933 0.8376625223951867 
573 0.8437232369203266 1.0742796037616933 
574 0.7418401143343133 0.8437232369203266 
575 0.7862089452194999 0.7418401143343133 
576 0.84383568793386 0.7862089452194999 
577 0.8309122592697867 0.84383568793386 
578 0.9268153262620533 0.8309122592697867 
579 1.05878866768558 0.9268153262620533 
580 0.82452219366558 1.05878866768558 
581 0.91452309405034 0.82452219366558 
582 0.74705389506446 0.91452309405034 
583 1.1185764834560399 0.74705389506446 
584 0.7172144460186399 1.1185764834560399 
585 1.0710858664139666 0.7172144460186399 
586 0.6608936110585713 1.0710858664139666 
587 1.02534474809474 0.6608936110585713 
588 0.7195791436353733 1.02534474809474 
589 0.7678030059787534 0.7195791436353733 
590 0.7356661090728333 0.7678030059787534 
591 0.8373361687469 0.7356661090728333 
592 0.8828589675234467 0.8373361687469 
593 0.9003472083728 0.8828589675234467 
594 0.9850750886353333 0.9003472083728 
595 1.0167471379306734 0.9850750886353333 
596 1.07205330850188 1.0167471379306734 
597 0.9784823844524534 1.07205330850188 
598 1.07944886347022 0.9784823844524534 
599 0.9784823844524534 1.07944886347022 
600 1.07944886347022 0.9784823844524534 
601 0.9559878188883999 1.07944886347022 
602 0.92501612126422 0.9559878188883999 
603 0.90421583503708 0.92501612126422 
604 0.96013590520684 0.90421583503708 
605 1.0440065570167 0.96013590520684 
606 0.8981683576227467 1.0440065570167 
607 0.9127217450769333 0.8981683576227467 
608 0.8470144347672466 0.9127217450769333 
609 0.7665878927354534 0.8470144347672466 
610 0.8819038562754666 0.7665878927354534 
611 0.8083556066231067 0.8819038562754666 
612 0.8564202586579001 0.8083556066231067 
613 0.9078467576179333 0.8564202586579001 
614 0.87834212754158 0.9078467576179333 
615 0.8213790476433334 0.87834212754158 
616 0.9227628740021 0.8213790476433334 
617 0.8033913545248933 0.9227628740021 
618 0.98300346179116 0.8033913545248933 
619 0.8803824131879666 0.98300346179116 
620 0.8633385909379266 0.8803824131879666 
621 0.8810802810308667 0.8633385909379266 
622 0.9258460465267466 0.8810802810308667 
623 0.95249430787638 0.9258460465267466 
624 0.9128667082721199 0.95249430787638 
625 0.9201002986851667 0.9128667082721199 
626 0.8816606718979533 0.9201002986851667 
627 0.84311547269912 0.8816606718979533 
628 0.8198253832916066 0.84311547269912 
629 0.8094517790493467 0.8198253832916066 
630 0.7762638002218067 0.8094517790493467 
631 0.7663989571966267 0.7762638002218067 
632 0.7464551440517934 0.7663989571966267 
633 0.6781445434477933 0.7464551440517934 
634 0.7995992134074933 0.6781445434477933 
635 0.7042350567871334 0.7995992134074933 
636 0.7694895162695 0.7042350567871334 
637 0.7643699218330333 0.7694895162695 
638 0.7428063221332134 0.7643699218330333 
639 0.80213037631086 0.7428063221332134 
640 0.7043441557585534 0.80213037631086 
641 0.7737212339395599 0.7043441557585534 
642 0.6826415885898134 0.7737212339395599 
643 0.7413862368538333 0.6826415885898134 
644 0.6735039119593333 0.7413862368538333 
645 0.8844211122553867 0.6735039119593333 
646 0.6634509653139993 0.8844211122553867 
647 0.8192408919732733 0.6634509653139993 
648 0.6702462543654467 0.8192408919732733 
649 0.7170815425553534 0.6702462543654467 
650 0.7279100183248133 0.7170815425553534 
651 0.7755194216181199 0.7279100183248133 
652 0.7382326411343066 0.7755194216181199 
653 0.7872559112745533 0.7382326411343066 
654 0.72544588051544 0.7872559112745533 
655 0.73661226012316 0.72544588051544 
656 0.6603602419364727 0.73661226012316 
657 0.7342567749583334 0.6603602419364727 
658 0.6071220079165727 0.7342567749583334 
659 0.7359990117929667 0.6071220079165727 
660 0.8714526387979267 0.7359990117929667 
661 0.8076264954691067 0.8714526387979267 
662 0.9213101464481733 0.8076264954691067 
663 0.8871267265098399 0.9213101464481733 
664 0.9058191822555667 0.8871267265098399 
665 1.04266057661648 0.9058191822555667 
666 1.04510889552402 1.04266057661648 
667 1.07525745862354 1.04510889552402 
668 1.1311016898559534 1.07525745862354 
669 1.1043598252127735 1.1311016898559534 
670 0.8467355119812467 1.1043598252127735 
671 1.04819492710544 0.8467355119812467 
672 0.8896344435339133 1.04819492710544 
673 0.9785334132558067 0.8896344435339133 
674 0.93229102400894 0.9785334132558067 
675 0.7435010293552866 0.93229102400894 
676 0.8439113518018867 0.7435010293552866 
677 0.7798635990488467 0.8439113518018867 
678 0.8097757919963401 0.7798635990488467 
679 0.8299364860955534 0.8097757919963401 
680 0.9580760532815867 0.8299364860955534 
681 0.8377084103011267 0.9580760532815867 
682 0.8946944301220999 0.8377084103011267 
683 0.82636061576938 0.8946944301220999 
684 0.8567566081800201 0.82636061576938 
685 0.7828275959667866 0.8567566081800201 
686 0.9339401176075867 0.7828275959667866 
687 0.7184991066052734 0.9339401176075867 
688 0.91019922411438 0.7184991066052734 
689 0.6710137018819133 0.91019922411438 
690 0.7665259787226734 0.6710137018819133 
691 0.7685444704693533 0.7665259787226734 
692 0.8252465272939067 0.7685444704693533 
693 0.86508265875706 0.8252465272939067 
694 0.8818656302400666 0.86508265875706 
695 1.0996900982997333 0.8818656302400666 
696 0.7308237648630601 1.0996900982997333 
697 1.24186824344492 0.7308237648630601 
698 0.79833254347572 1.24186824344492 
699 1.36996577769206 0.79833254347572 
700 0.9246973953652933 1.36996577769206 
701 1.2833763752200065 0.9246973953652933 
702 0.8468842672581066 1.2833763752200065 
703 1.2040693393542 0.8468842672581066 
704 0.8194214490364267 1.2040693393542 
705 0.95439813154554 0.8194214490364267 
706 0.9067832065306867 0.95439813154554 
707 0.8203370716074734 0.9067832065306867 
708 0.9487362786602866 0.8203370716074734 
709 0.74726370362048 0.9487362786602866 
710 0.8434924676958601 0.74726370362048 
711 0.7642016184502467 0.8434924676958601 
712 0.8218035306310933 0.7642016184502467 
713 0.73072299023172 0.8218035306310933 
714 0.7710830521477601 0.73072299023172 
715 0.7479141773435533 0.7710830521477601 
716 0.7572066719483533 0.7479141773435533 
717 0.8192129743690466 0.7572066719483533 
718 0.6854898579094467 0.8192129743690466 
719 0.8037309360737334 0.6854898579094467 
720 0.6933737310713867 0.8037309360737334 
721 0.7765085082726467 0.6933737310713867 
722 0.82112330820172 0.7765085082726467 
723 0.8725021420078534 0.82112330820172 
724 0.8213089622860867 0.8725021420078534 
725 0.8579509792311933 0.8213089622860867 
726 0.8798739766772333 0.8579509792311933 
727 0.9079466618965201 0.8798739766772333 
728 0.8840772892642267 0.9079466618965201 
729 0.8280509976084001 0.8840772892642267 
730 0.9276394002977667 0.8280509976084001 
731 0.89517134678374 0.9276394002977667 
732 0.9466876712298067 0.89517134678374 
733 0.80994293140718 0.9466876712298067 
734 1.0446449284553867 0.80994293140718 
735 0.8485054310214933 1.0446449284553867 
736 0.9704182164725667 0.8485054310214933 
737 0.8599193373961934 0.9704182164725667 
738 1.0237401511161666 0.8599193373961934 
739 0.9349955228153799 1.0237401511161666 
740 1.0442078659677334 0.9349955228153799 
741 0.9522240285726067 1.0442078659677334 
742 13.9395148974464 0.9522240285726067 
743 1.1758737221753202 13.9395148974464 
744 13.8374065240461 1.1758737221753202 
745 1.1201476838420998 13.8374065240461 
746 15.7677680928941 1.1201476838420998 
747 0.9858114096561266 15.7677680928941 
748 15.3933532228175 0.9858114096561266 
749 0.9772855971380133 15.3933532228175 
750 16.887517030206 0.9772855971380133 
751 0.8922781396405867 16.887517030206 
752 16.5378712827327 0.8922781396405867 
753 0.7443322937446734 16.5378712827327 
754 1.0034487937057799 0.7443322937446734 
755 0.78078835323048 1.0034487937057799 
756 0.9196796102495733 0.78078835323048 
757 1.01809246212594 0.9196796102495733 
758 0.8795379525699333 1.01809246212594 
759 0.9440845213693 0.8795379525699333 
760 0.74302987591594 0.9440845213693 
761 0.9520770321908867 0.74302987591594 
762 0.7382729851654067 0.9520770321908867 
763 0.874643398834 0.7382729851654067 
764 0.84671334150598 0.874643398834 
765 0.86999244774538 0.84671334150598 
766 0.8741732873132333 0.86999244774538 
767 0.90843471520818 0.8741732873132333 
768 1.0233722075468867 0.90843471520818 
769 0.9749751378881 1.0233722075468867 
770 1.0424336854211067 0.9749751378881 
771 1.0152200365763333 1.0424336854211067 
772 1.1655688267598667 1.0152200365763333 
773 1.08844050657884 1.1655688267598667 
774 1.0505851004111133 1.08844050657884 
775 1.1059952497007 1.0505851004111133 
776 1.2047319914875867 1.1059952497007 
777 0.82862103366244 1.2047319914875867 
778 1.0383238940386132 0.82862103366244 
779 0.7548351135993333 1.0383238940386132 
780 1.04476120176714 0.7548351135993333 
781 0.6713307511163734 1.04476120176714 
782 0.9509260379445267 0.6713307511163734 
783 0.6700011175170401 0.9509260379445267 
784 1.1400078056438068 0.6700011175170401 
785 0.9074358447815201 1.1400078056438068 
786 0.8918162582811667 0.9074358447815201 
787 0.8713613014709733 0.8918162582811667 
788 1.02776640936058 0.8713613014709733 
789 0.8911837147967934 1.02776640936058 
790 1.0068518206192667 0.8911837147967934 
791 0.9162646314375067 1.0068518206192667 
792 1.2110415036779265 0.9162646314375067 
793 0.94917468843392 1.2110415036779265 
794 0.97475735335548 0.94917468843392 
795 0.6474767587692274 0.97475735335548 
796 0.9637976231330267 0.6474767587692274 
797 0.658867645559632 0.9637976231330267 
798 0.8440604365625133 0.658867645559632 
799 0.6757887302797067 0.8440604365625133 
800 0.8116930085144733 0.6757887302797067 
801 0.6802036998601934 0.8116930085144733 
802 0.6424083446445527 0.6802036998601934 
803 0.5691907348772907 0.6424083446445527 
804 0.7214593411504867 0.5691907348772907 
805 0.6249044973767707 0.7214593411504867 
806 0.8178749566648332 0.6249044973767707 
807 0.6174395588361447 0.8178749566648332 
808 0.8257557999598399 0.6174395588361447 
809 0.7282655252930533 0.8257557999598399 
810 0.82248835095614 0.7282655252930533 
811 0.68320538161526 0.82248835095614 
812 0.8670920299640933 0.68320538161526 
813 0.79932930394566 0.8670920299640933 
814 1.0780586152585465 0.79932930394566 
815 1.0674847357324533 1.0780586152585465 
816 1.0255687770153934 1.0674847357324533 
817 1.131945819256 1.0255687770153934 
818 1.1797506272328067 1.131945819256 
819 1.2311414801419867 1.1797506272328067 
820 1.1348970642537735 1.2311414801419867 
821 1.3407666667327933 1.1348970642537735 
822 1.1864617916652067 1.3407666667327933 
823 1.3860856276792668 1.1864617916652067 
824 1.0118780414745332 1.3860856276792668 
825 1.1759577906830867 1.0118780414745332 
826 14.6192453684179 1.1759577906830867 
827 1.1290396591365934 14.6192453684179 
828 0.8001062831700133 1.1290396591365934 
829 0.9174516498542133 0.8001062831700133 
830 0.7939976971714133 0.9174516498542133 
831 0.8425110913808733 0.7939976971714133 
832 0.8369039469062467 0.8425110913808733 
833 0.7726080984696068 0.8369039469062467 
834 0.7743183321920133 0.7726080984696068 
835 0.8277866268753133 0.7743183321920133 
836 0.7777678459030667 0.8277866268753133 
837 0.8264732486020201 0.7777678459030667 
838 0.8899941527541467 0.8264732486020201 
839 0.8768138196469667 0.8899941527541467 
840 1.0250317628623866 0.8768138196469667 
841 0.8919539945130001 1.0250317628623866 
842 0.8531159257161267 0.8919539945130001 
843 0.8143620039431734 0.8531159257161267 
844 0.8335227651575 0.8143620039431734 
845 0.6537457972008346 0.8335227651575 
846 12.4938942139216 0.6537457972008346 
847 0.6938771238947267 12.4938942139216 
848 15.1946611993933 0.6938771238947267 
849 0.6069086056600773 15.1946611993933 
850 14.4090010132523 0.6069086056600773 
851 0.593124080332306 14.4090010132523 
852 17.7967940772267 0.593124080332306 
853 0.6721588301776266 17.7967940772267 
854 17.7651092978772 0.6721588301776266 
855 0.70529576998522 17.7651092978772 
856 20.5746876418555 0.70529576998522 
857 0.6333102880838847 20.5746876418555 
858 17.7199785349483 0.6333102880838847 
859 0.7612914530421133 17.7199785349483 
860 18.3801513600968 0.7612914530421133 
861 0.8416985505973 18.3801513600968 
862 16.5995386975334 0.8416985505973 
863 0.8730977914695467 16.5995386975334 
864 20.0936229157652 0.8730977914695467 
865 0.8912135586306399 20.0936229157652 
866 16.8091544900026 0.8912135586306399 
867 0.9049374821466267 16.8091544900026 
868 15.7505641951371 0.9049374821466267 
869 0.8361808414033 15.7505641951371 
870 15.4906584209546 0.8361808414033 
871 0.82140436433818 15.4906584209546 
872 13.0233179492968 0.82140436433818 
873 0.7079068597503866 13.0233179492968 
874 10.126777278651 0.7079068597503866 
875 0.73467379755146 10.126777278651 
876 10.8858062847363 0.73467379755146 
877 0.69324079054688 10.8858062847363 
878 10.9239877210898 0.69324079054688 
879 0.7112915169950933 10.9239877210898 
880 10.4056205032178 0.7112915169950933 
881 0.8100718515873001 10.4056205032178 
882 12.1683811018051 0.8100718515873001 
883 0.8792554038666066 12.1683811018051 
884 11.9211526877887 0.8792554038666066 
885 0.81242927758676 11.9211526877887 
886 12.9370978393469 0.81242927758676 
887 0.9065182758865533 12.9370978393469 
888 13.2591755925153 0.9065182758865533 
889 0.8913036807708801 13.2591755925153 
890 13.7232515289963 0.8913036807708801 
891 0.6794722681355266 13.7232515289963 
892 14.3295712726177 0.6794722681355266 
893 0.6802432717154201 14.3295712726177 
894 13.8968979801939 0.6802432717154201 
895 0.77982339469948 13.8968979801939 
896 13.0162102740684 0.77982339469948 
897 0.8811293143782667 13.0162102740684 
898 13.6405827612547 0.8811293143782667 
899 0.9668413594876066 13.6405827612547 
900 13.2551797220982 0.9668413594876066 
901 1.0466882705522134 13.2551797220982 
902 12.5942263228658 1.0466882705522134 
903 1.02729658516954 12.5942263228658 
904 13.956172672765 1.02729658516954 
905 0.97045964697746 13.956172672765 
906 14.0644235478944 0.97045964697746 
907 0.9058458886867933 14.0644235478944 
908 14.5347932988028 0.9058458886867933 
909 0.8465570222196733 14.5347932988028 
910 14.8242136375749 0.8465570222196733 
911 0.88159454992972 14.8242136375749 
912 14.5489904318657 0.88159454992972 
913 0.8428457062917799 14.5489904318657 
914 14.0930941632844 0.8428457062917799 
915 0.86471001150926 14.0930941632844 
916 14.3272254772103 0.86471001150926 
917 0.8883296869331667 14.3272254772103 
918 13.3305782215033 0.8883296869331667 
919 0.9396693372443801 13.3305782215033 
920 13.4479431326398 0.9396693372443801 
921 0.8713247706999934 13.4479431326398 
922 0.8463892564126867 0.8713247706999934 
923 0.8537260085672067 0.8463892564126867 
924 0.8195618249771399 0.8537260085672067 
925 0.79036149695694 0.8195618249771399 
926 0.8118117867528933 0.79036149695694 
927 0.7934589703617067 0.8118117867528933 
928 0.8288197376516667 0.7934589703617067 
929 0.7412823926218 0.8288197376516667 
930 0.7538829926280199 0.7412823926218 
931 0.7841587254408801 0.7538829926280199 
932 11.9084826216674 0.7841587254408801 
933 0.8786067107444867 11.9084826216674 
934 12.045697070896 0.8786067107444867 
935 0.93740930696212 12.045697070896 
936 12.4439992381335 0.93740930696212 
937 0.9118251941374333 12.4439992381335 
938 12.4616053127785 0.9118251941374333 
939 1.04401933761202 12.4616053127785 
940 13.7490346739722 1.04401933761202 
941 1.0215618700557667 13.7490346739722 
942 14.4314268498977 1.0215618700557667 
943 1.1064583162557067 14.4314268498977 
944 14.7745510754757 1.1064583162557067 
945 1.1337308847713932 14.7745510754757 
946 0.9270450807731067 1.1337308847713932 
947 1.22453146905308 0.9270450807731067 
948 0.9384711956314333 1.22453146905308 
949 1.1086014594819 0.9384711956314333 
950 0.95511902121246 1.1086014594819 
951 1.1511255835133467 0.95511902121246 
952 0.8615587352936066 1.1511255835133467 
953 1.0189156793444334 0.8615587352936066 
954 0.7949148622088267 1.0189156793444334 
955 1.0771495643129 0.7949148622088267 
956 0.8397684229912133 1.0771495643129 
957 0.9186287804965667 0.8397684229912133 
958 0.8453160365385867 0.9186287804965667 
959 0.9357025543999934 0.8453160365385867 
960 0.8494800644090733 0.9357025543999934 
961 0.8900591828242933 0.8494800644090733 
962 0.8696234614969199 0.8900591828242933 
963 0.9062155493172532 0.8696234614969199 
964 0.9188240071068866 0.9062155493172532 
965 0.8491762325839001 0.9188240071068866 
966 0.85522310877592 0.8491762325839001 
967 0.8697543689719667 0.85522310877592 
968 0.7513848957094866 0.8697543689719667 
969 0.7805978871299467 0.7513848957094866 
970 0.6477823146345533 0.7805978871299467 
971 0.82375727333466 0.6477823146345533 
972 0.5930817605423027 0.82375727333466 
973 0.7901379868104267 0.5930817605423027 
974 0.5226148717910487 0.7901379868104267 
975 0.7679070900658667 0.5226148717910487 
976 0.6215992562355613 0.7679070900658667 
977 0.7496416375196067 0.6215992562355613 
978 0.6853987428664801 0.7496416375196067 
979 0.8074313763458068 0.6853987428664801 
980 0.7673677495824733 0.8074313763458068 
981 0.8248728927172734 0.7673677495824733 
982 0.8259693442245734 0.8248728927172734 
983 0.8393090673689066 0.8259693442245734 
984 0.9457269308138601 0.8393090673689066 
985 0.8607349178637933 0.9457269308138601 
986 0.8689319884622934 0.8607349178637933 
987 0.8446736180265467 0.8689319884622934 
988 0.9201656972221532 0.8446736180265467 
989 0.8614646396916801 0.9201656972221532 
990 0.90624833509608 0.8614646396916801 
991 0.8033454287616333 0.90624833509608 
992 1.00050317300812 0.8033454287616333 
993 0.8519670143099201 1.00050317300812 
994 0.9106960503741867 0.8519670143099201 
995 0.7807994652182066 0.9106960503741867 
996 1.0220768729384466 0.7807994652182066 
997 0.8071111225591466 1.0220768729384466 
998 0.977993459412 0.8071111225591466 
999 0.8678896111224667 0.977993459412 
1000 0.9949517513373067 0.8678896111224667 
1001 0.8994923569434133 0.9949517513373067 
1002 0.9480195979383733 0.8994923569434133 
1003 0.8555380070942333 0.9480195979383733 
1004 0.9404414275204266 0.8555380070942333 
1005 0.8755857202345066 0.9404414275204266 
1006 0.8425182844751199 0.8755857202345066 
1007 0.8992723083058399 0.8425182844751199 
1008 0.7756235709613933 0.8992723083058399 
1009 0.7669577641318667 0.7756235709613933 
1010 0.6617929608345674 0.7669577641318667 
1011 0.7718573831657933 0.6617929608345674 
1012 0.6788476955478333 0.7718573831657933 
1013 0.7746389977996534 0.6788476955478333 
1014 0.7501208476621933 0.7746389977996534 
1015 0.81449531573328 0.7501208476621933 
1016 0.7761976637492266 0.81449531573328 
1017 0.8613192274693267 0.7761976637492266 
1018 1.0409363747467 0.8613192274693267 
1019 0.9895324578272133 1.0409363747467 
1020 1.2028092869299267 0.9895324578272133 
1021 1.0621230371353199 1.2028092869299267 
1022 1.2046949209583133 1.0621230371353199 
1023 1.1530740237580532 1.2046949209583133 
1024 17.2114929521755 1.1530740237580532 
1025 1.09263084775242 17.2114929521755 
1026 17.255093769102 1.09263084775242 
1027 1.02299754997484 17.255093769102 
1028 14.4021897932439 1.02299754997484 
1029 1.0978905742344267 14.4021897932439 
1030 13.3441916399218 1.0978905742344267 
1031 1.2430319189345667 13.3441916399218 
1032 12.7226263004683 1.2430319189345667 
1033 1.1731659682346398 12.7226263004683 
1034 13.5062876278306 1.1731659682346398 
1035 1.2088140052808067 13.5062876278306 
1036 13.1872604392908 1.2088140052808067 
1037 1.2544522098993733 13.1872604392908 
1038 13.9977118594902 1.2544522098993733 
1039 1.0661933312504865 13.9977118594902 
1040 0.8838262771071134 1.0661933312504865 
1041 0.9134913232251733 0.8838262771071134 
1042 0.7736645516051933 0.9134913232251733 
1043 1.0777501088769335 0.7736645516051933 
1044 0.6576851851206307 1.0777501088769335 
1045 1.10070700464902 0.6576851851206307 
1046 0.6852181563512266 1.10070700464902 
1047 1.0941111202869334 0.6852181563512266 
1048 0.6043137721586846 1.0941111202869334 
1049 1.10970663100084 0.6043137721586846 
1050 0.6438992747295066 1.10970663100084 
1051 1.06156652931222 0.6438992747295066 
1052 0.6671006559762933 1.06156652931222 
1053 0.8667474872214866 0.6671006559762933 
1054 0.81533219355792 0.8667474872214866 
1055 0.8709725033748866 0.81533219355792 
1056 0.8251015954007734 0.8709725033748866 
1057 0.8230908765472733 0.8251015954007734 
1058 0.8170648273649267 0.8230908765472733 
1059 0.8316619118868334 0.8170648273649267 
1060 0.79992385395852 0.8316619118868334 
1061 0.8234284264377867 0.79992385395852 
1062 0.8872768822227733 0.8234284264377867 
1063 0.8404766770801533 0.8872768822227733 
1064 0.8659107157678466 0.8404766770801533 
1065 0.9006455093765333 0.8659107157678466 
1066 0.79482894710552 0.9006455093765333 
1067 0.9517614803264867 0.79482894710552 
1068 0.7592145316823132 0.9517614803264867 
1069 13.9082567872728 0.7592145316823132 
1070 12.8179263342103 13.9082567872728 
1071 13.4209550042267 12.8179263342103 
1072 13.4032397153675 13.4209550042267 
1073 14.1459034032589 13.4032397153675 
1074 13.1454643882408 14.1459034032589 
1075 0.9287019901469 13.1454643882408 
1076 14.7201052067648 0.9287019901469 
1077 0.83539786111198 14.7201052067648 
1078 15.823682701605 0.83539786111198 
1079 0.8997841291540732 15.823682701605 
1080 15.2943150788327 0.8997841291540732 
1081 0.8894777884883867 15.2943150788327 
1082 0.9469461240842667 0.8894777884883867 
1083 1.0232378038723933 0.9469461240842667 
1084 0.95331278187378 1.0232378038723933 
1085 14.484326503565 0.95331278187378 
1086 0.8583553559545066 14.484326503565 
1087 14.5653551151791 0.8583553559545066 
1088 0.8939621651590667 14.5653551151791 
1089 13.7396374955268 0.8939621651590667 
1090 0.8721423232477 13.7396374955268 
1091 0.8980080713051334 0.8721423232477 
1092 0.8861759440924933 0.8980080713051334 
1093 0.7555715445839266 0.8861759440924933 
1094 0.86992966919934 0.7555715445839266 
1095 0.636146188572614 0.86992966919934 
1096 0.8708288624094 0.636146188572614 
1097 0.7130389482261533 0.8708288624094 
1098 0.87075352461936 0.7130389482261533 
1099 0.641571976094248 0.87075352461936 
1100 0.8025404071821199 0.641571976094248 
1101 0.6833460677720867 0.8025404071821199 
1102 0.8379056776359933 0.6833460677720867 
1103 0.6781847094924333 0.8379056776359933 
1104 0.8209287579031533 0.6781847094924333 
1105 0.7306823480249 0.8209287579031533 
1106 0.9522159249704334 0.7306823480249 
1107 0.601372046307562 0.9522159249704334 
1108 25.3615176619572 51.7900522949794 
1109 24.2372264701739 1.6578404661317867 
1110 24.2372264701739 48.2501318205854 
1111 24.3292640826059 1.6570304926250732 
1112 24.3292640826059 43.7988499242338 
1113 25.663991345045 1.7900273686237667 
1114 1.9255171317711732 39.8433018931458 
1115 1.0809095962004867 1.84715808441802 
1116 29.6862591793451 36.2034256746988 
1117 1.0809095962004867 1.9255171317711732 
1118 1.8992628577421133 1.0809095962004867 
1119 1.0809095962004867 29.6862591793451 
1120 1.8803030378008467 1.0809095962004867 
1121 1.0809095962004867 1.8992628577421133 
1122 1.7695898319172934 1.0809095962004867 
1123 1.1495829246388467 1.8803030378008467 
1124 1.76924056543032 1.0809095962004867 
1125 1.3156159430705934 1.7695898319172934 
1126 1.7228046672999333 1.1495829246388467 
1127 1.3994890548071934 1.76924056543032 
1128 1.8204132746720465 1.3156159430705934 
1129 1.4925448148634668 1.7228046672999333 
1130 1.7601537108347334 1.3994890548071934 
1131 1.6135761585444135 1.8204132746720465 
1132 1.81695905733586 1.4925448148634668 
1133 1.7143371157339 1.7601537108347334 
1134 1.71828463259352 1.6135761585444135 
1135 1.7526070742381932 1.81695905733586 
1136 1.7269940744397667 1.7143371157339 
1137 1.7545567000629667 1.71828463259352 
1138 1.7962411644452267 1.7526070742381932 
1139 1.8164375412810068 1.7269940744397667 
1140 1.7870794363860598 1.7545567000629667 
1141 1.8916419258308 1.7962411644452267 
1142 1.8790903286365135 1.8164375412810068 
1143 1.7676868803673866 1.7870794363860598 
1144 1.86788678563932 1.8916419258308 
1145 1.65401120054506 1.8790903286365135 
