0 17.962219548022116 
1 23.94979700677786 
2 14.522609863856072 
3 11.400260387645993 
4 9.099339185067231 
5 14.853929241774976 
6 24.414302927292095 
7 19.148051094290697 
8 13.410700925316059 
9 14.567652707879647 
10 40.10617708930962 
11 21.726741535783848 
12 13.406114458312691 
13 13.53874757908328 
14 23.094988739668853 
15 38.396367531147874 
16 16.660128616086148 
17 18.602080053220977 
18 10.180473063993496 
19 11.162723358048874 
20 6.89899154383766 
21 20.75165620253415 
22 22.3222386614014 
23 15.421029023552682 
24 12.044464226743434 
25 12.051385636502076 
26 12.478776609196258 
27 20.781885296667905 
28 28.699999315738694 
29 20.111357250400378 
30 21.48039044975469 
31 17.51911550333524 
32 21.61299365157886 
33 58.61322824522422 
34 10.884740150205793 
35 12.37305265393658 
36 23.997894471844283 
37 19.94305657255342 
38 16.142120414415245 
39 20.31100608220664 
40 13.000836903086622 
41 12.436079212735235 
42 16.563480843199354 
43 16.81009654884955 
44 18.821113658902135 
45 19.893774752768753 
46 13.415590895715255 
47 21.7853102649471 
48 8.555526318473417 
49 9.451313714002433 
50 16.790715735451304 
51 29.863962918396265 
52 17.09051940167144 
53 46.174976605933836 
54 14.101487037591154 
55 23.082914158035507 
56 12.984536704816685 
57 10.05628136366143 
58 9.948468108623516 
59 10.573067101591391 
60 20.736574609672413 
61 18.93052540360981 
62 14.09589487657744 
63 16.511382737919497 
64 19.43976381054788 
65 20.44854837530166 
66 19.820353848480266 
67 20.820777570390373 
68 19.35204418258073 
69 23.671757362319823 
70 1.5717392241177408 
71 9.152773019388768 
72 19.02428890874537 
73 14.261101364124743 
74 24.339356800482808 
75 18.262306788000174 
76 24.803250090181724 
77 28.821681349037284 
78 10.702703806150675 
79 12.816192332842398 
80 19.329569701689948 
81 32.30114747785907 
82 19.76431560297056 
83 18.74599542334096 
84 14.563201588850271 
85 24.035575115756657 
86 12.748411883065963 
87 10.880561161754253 
88 11.320964128586466 
89 12.612627350036686 
90 3.244328830741694 
91 7.070700191336744 
92 17.543076549860718 
93 31.261815498595034 
94 16.245091773855588 
95 31.049828623883094 
96 14.716856140350878 
97 24.09273364351772 
98 37.44981160377864 
99 46.63706009896036 
100 13.274794277756678 
101 14.34362004815058 
102 12.275209327780525 
103 12.519264061511276 
104 12.52027307381172 
105 12.083500907493303 
106 14.141281186783546 
107 19.980773353277723 
108 28.362505240664856 
109 32.29965500246427 
110 20.750732209293123 
111 20.468706231425045 
112 26.722801294630344 
113 19.107924156970654 
114 20.746523947786258 
115 45.383077256005194 
116 5.126126071073707 
117 15.820219294440694 
118 26.828092618651656 
119 39.4223734421114 
120 13.835327336480196 
121 16.816431919235658 
122 48.31479518960512 
123 18.088018526584527 
124 7.590634914027903 
125 13.692869711700125 
126 16.84236225721089 
127 15.312429038205282 
128 41.3631289323682 
129 15.172730133809873 
130 17.93510647395878 
131 15.575879561203497 
132 16.759584916667666 
133 16.480760087545235 
134 28.057234214768783 
135 23.00265438192388 
136 18.340164848378844 
137 16.07548876445405 
138 25.997161221542484 
139 9.97212097869012 
140 15.430560154220839 
141 19.16055969995843 
142 10.823088614388968 
143 12.328283629907883 
144 10.014717750600505 
145 9.847240319577779 
146 7.7579488241844015 
147 5.833946265933002 
148 10.901544923377623 
149 13.854521551567522 
150 12.0168579082327 
151 17.58581161820507 
152 48.91715941826155 
153 8.44218208752745 
154 39.49959505019494 
155 16.964572741355532 
156 17.3410068135212 
157 16.23961963171181 
158 10.945441165341427 
159 7.241034388104433 
160 42.48945438337014 
161 23.062226107802868 
162 24.478706702850975 
163 17.917178569292677 
164 42.20173664563776 
165 26.02248417917856 
166 24.173269552187193 
167 32.001464910808295 
168 22.532819030632528 
169 20.03278375331945 
170 12.11526285384171 
171 8.047104959719427 
172 14.278141457054641 
173 19.736786628519802 
174 31.169584732915194 
175 21.703244901866427 
176 13.961281388970255 
177 14.850878808050194 
178 17.580357030585258 
179 20.47640063270128 
180 17.348825089033475 
181 15.595628781033758 
182 27.334250057023688 
183 24.443613010006352 
184 26.13387499766345 
185 21.286993239814045 
186 11.6964932584113 
187 12.023230614877454 
188 33.89939221518169 
189 7.498545630724289 
190 25.45365391851052 
191 36.27349303813889 
192 6.739440059644703 
193 10.462898566631909 
194 15.611243449261552 
195 30.831855804995662 
196 8.00959401138143 
197 20.845198099516928 
198 11.750034317474459 
199 9.333701254194743 
200 11.622337433461814 
201 10.32665210765136 
202 21.75040189174333 
203 22.20442044522089 
204 37.29961137938088 
205 15.323113793456182 
206 24.78229322997294 
207 32.94016382499156 
208 47.72111227415464 
209 36.687227752217346 
210 20.161530511692742 
211 21.9687933752704 
212 18.4109281174281 
213 19.120729033228635 
214 18.4109281174281 
215 19.120729033228635 
216 20.767376687165168 
217 23.696097263338682 
218 31.485223135532785 
219 34.036387243366065 
220 13.516191507394051 
221 11.286661500043055 
222 14.770028242022157 
223 9.625990585848479 
224 34.021202903840695 
225 30.876114337875343 
226 16.815083568195575 
227 25.854377789284218 
228 17.083001730984623 
229 14.455341264698989 
230 20.14274668754112 
231 38.844420571047536 
232 15.534344190043036 
233 16.80517981921918 
234 14.65008260594693 
235 38.09471217598227 
236 31.10186345536383 
237 28.374785208837896 
238 16.696073084807836 
239 14.739508437528553 
240 16.048916183588744 
241 19.646004103159807 
