0 3.615075856159349 
1 3.1965324310564798 
2 3.392349294156228 
3 3.1702785074250746 
4 3.668799427009755 
5 3.314450930077469 
6 3.5505990666111864 
7 3.9853216679403007 
8 3.6920230342881895 
9 4.162456678483557 
10 3.5231734825335086 
11 3.7030467943519585 
12 3.5076764535687444 
13 3.1981358695953404 
14 3.6465559747762155 
15 3.6909258067285884 
16 3.7018782095823335 
17 3.611093561215977 
18 3.430598769845048 
19 3.392041854522701 
20 3.852615010568133 
21 3.9169713765517606 
22 2.891352620379826 
23 3.2946689425354 
24 3.6133341035008617 
25 4.1305109340231825 
26 3.7770943265425854 
27 3.539593136892213 
28 3.612201413481209 
29 3.649715316639311 
30 3.119624891301827 
31 3.625722992449641 
32 3.664118638216652 
33 3.952509241256227 
34 3.6183278630519067 
35 4.028963696122992 
36 2.8375708549380216 
37 3.886661174173896 
38 3.240289373701331 
39 3.712522273101738 
40 4.004487340438524 
41 3.853260121821521 
42 3.906353622178958 
43 4.3110563863406455 
44 2.734932219303156 
45 3.3905484363626437 
46 3.6109785065412483 
47 3.86365191972551 
48 3.2809719361562224 
49 4.289921786978743 
50 3.8609226631298936 
51 4.355723727222767 
52 3.9462335226650636 
53 3.9786483458272657 
54 3.738686794827668 
55 4.09902242131436 
56 4.079889135395509 
57 3.9624219200244384 
58 3.944921397473547 
59 3.870473673265371 
60 4.0517188769220525 
61 3.838237571779567 
62 3.684470203665583 
63 4.050637742205747 
64 3.655276273111584 
65 4.020715603440592 
66 2.6693268959482066 
67 3.291786042920899 
68 4.084327322059093 
69 3.641714074739658 
70 3.5934797305866675 
71 4.330705000941609 
72 4.130799485553459 
73 3.9105363537752975 
74 3.8904862060186503 
75 3.6759582763399274 
76 3.9671774315684423 
77 3.287524164088185 
78 3.6558610415184436 
79 3.685580750393715 
80 3.9236852514958667 
81 4.050962191412327 
82 3.756030030297659 
83 4.06097001407325 
84 3.865820293985931 
85 3.5869818721467706 
86 3.3660272626567282 
87 3.8378864578484473 
88 3.369811199061618 
89 3.594907382207161 
90 3.5543720247297568 
91 3.3416853054139115 
92 3.9805280224434125 
93 4.004620011809429 
94 3.3565233945637494 
95 4.134431795932381 
96 3.75204470860574 
97 4.364320704349109 
98 3.356881095883548 
99 3.9650516507726214 
100 3.966541965601875 
101 4.110344347053376 
102 3.9309310268552595 
103 4.070257121279576 
104 4.020478887340731 
105 4.316921779877136 
106 3.5901314453362847 
107 3.6812096698606234 
108 3.058767476262671 
109 3.661349333282057 
110 4.436042846435012 
111 3.986085156029003 
112 4.70593431209492 
113 4.183535562791292 
114 4.203715334333279 
115 4.072044504459916 
116 4.62208687068424 
117 4.013637241275586 
118 3.8610706791114247 
119 3.675860976370784 
120 4.4467071870471635 
121 3.6452549045129246 
122 3.549398354524648 
123 3.32483948753415 
124 3.4753742728303365 
125 2.9648462348633458 
126 4.4857446944561294 
127 3.355171526460487 
128 3.7636705343189805 
129 4.117374589626086 
130 4.186630884155636 
131 4.4256818318765925 
132 4.220021364436412 
133 3.784244936873342 
134 3.8242725525423253 
135 4.082805809710734 
136 3.28782999261069 
137 3.6024038443373874 
138 4.213631739315197 
139 4.052389499152203 
140 4.20850686866377 
141 3.9191660430302857 
142 3.3114962096523346 
143 3.7993660864727175 
144 4.600864093668975 
145 4.108908374482474 
146 4.083944167995742 
147 4.140602467461027 
148 4.333140111058409 
149 4.2080108254730035 
150 3.3027908007522813 
151 3.7058245986522493 
152 3.47243444394475 
153 3.154230176147061 
154 3.6129901239000177 
155 4.054616599738927 
156 4.16676837917656 
157 4.352701340305676 
158 3.944916806346515 
159 3.7403441266225896 
160 3.4473823321746084 
161 3.314967247923717 
162 3.8105573586274795 
163 4.323682414506691 
164 3.7602165554023443 
165 4.101178362162429 
166 3.509292174603539 
167 3.784030073757985 
168 4.108074934976322 
169 4.107033232573651 
170 4.111538786579203 
171 4.281253436965692 
172 3.8568833884025104 
173 3.7974106918617125 
174 4.1470000592821545 
175 4.105370756016955 
176 3.4737865075542906 
177 3.871579839590847 
178 4.176038423956812 
179 3.8498147040631805 
180 4.4483289355281945 
181 3.4948787668070445 
182 4.312863751718637 
183 3.305092700031752 
184 4.458084579367858 
185 4.101323718805689 
186 4.3911237483064145 
187 4.496154516945025 
188 3.973601960501888 
189 4.009882223049408 
190 4.230481322751546 
191 3.7924750816887083 
192 4.192229085648307 
193 4.111427488714852 
194 4.127532793875983 
195 4.2902610164400645 
196 4.196813540708457 
197 4.247112763670337 
198 3.5503497012411 
199 3.928397280880484 
200 3.5998829298183224 
201 3.8539983786782637 
202 3.7944401924644144 
203 4.070068207353164 
204 4.456406559328917 
205 3.615758562533452 
206 3.6839053666020263 
207 3.999574181844951 
208 4.228719836256907 
209 3.696121267546307 
210 3.990763195296929 
211 3.4152206625941703 
212 3.723010655251677 
213 3.34961535402564 
214 4.417555651144332 
215 4.37179304662651 
216 4.417555651144332 
217 4.37179304662651 
218 3.6531501754826428 
219 4.130236217546232 
220 3.82650631846323 
221 4.345410400173624 
222 3.748151688461819 
223 4.302675739709031 
224 3.719931551872581 
225 4.210255359845645 
226 4.3000494996501155 
227 4.250226169912107 
228 3.4735930389559195 
229 4.411561651722229 
230 3.461322453028733 
231 4.072918287078097 
232 4.009438101499074 
233 3.8889411302434738 
234 4.072589690390275 
235 3.6593367293789423 
236 3.7656128712797736 
237 3.654370406221986 
238 3.994733633772124 
239 4.2413698283433 
240 3.976702573225779 
241 4.033930928397252 
242 3.6948947766857705 
243 4.221467498959226 
244 3.6500468664337213 
245 3.519371720974324 
246 4.103381963802041 
247 3.662353882516106 
248 3.140223910887825 
249 4.3740082286670825 
250 3.995474643962434 
251 4.159917655680884 
252 4.232847521484326 
253 4.162559233496586 
254 4.057691739415243 
255 4.341169222056553 
256 3.56700999829475 
257 3.6932780232731806 
258 4.02523023438008 
259 3.2118762725049703 
260 3.650829177495328 
261 2.9821169955230853 
262 4.0309757609403665 
263 3.9017896576992706 
264 3.701319517100353 
265 4.4054248602638815 
266 3.7007491814868696 
267 3.847031128596123 
268 3.5362268957406027 
269 3.616130047303628 
270 3.9399029348969763 
271 3.836714061312213 
272 4.095387380582164 
273 3.950423641786114 
274 3.9970647986753907 
275 4.535692606437664 
276 3.206614975979061 
277 3.758125233748604 
278 3.732979290916404 
279 3.8860521641970442 
280 4.177232747155182 
281 4.039023691825082 
282 3.9735119672618304 
283 4.24717406020841 
284 3.6644471413844952 
285 3.810317204827183 
286 3.9983358740799946 
287 4.041000914676747 
288 4.07812011486976 
289 3.9627494866006256 
290 4.111264976499751 
291 4.139593299591042 
292 3.654573531354447 
293 3.4562129530865593 
294 3.624273789789509 
295 3.8103294962330705 
296 3.325818266235475 
297 3.3215658476685745 
