0 0 
1 0 
2 1 
3 0 
4 1 
5 0 
6 2 
7 1 
8 2 
9 1 
10 2 
11 1 
12 2 
13 1 
14 2 
15 2 
16 2 
17 1 
18 2 
19 1 
20 2 
21 1 
22 2 
23 1 
24 1 
25 1 
26 1 
27 1 
28 1 
29 1 
30 1 
31 1 
32 1 
33 1 
34 1 
35 1 
36 1 
37 1 
38 1 
39 1 
40 1 
41 1 
42 1 
43 1 
44 1 
45 1 
46 1 
47 1 
48 1 
49 1 
50 2 
51 1 
52 2 
53 1 
54 2 
55 1 
56 2 
57 1 
58 2 
59 1 
60 2 
61 1 
62 2 
63 1 
64 2 
65 1 
66 2 
67 1 
68 2 
69 1 
70 2 
71 1 
72 2 
73 1 
74 2 
75 1 
76 2 
77 1 
78 2 
79 1 
80 2 
81 1 
82 2 
83 1 
84 2 
85 1 
86 2 
87 1 
88 2 
89 1 
90 2 
91 1 
92 2 
93 1 
94 2 
95 1 
96 2 
97 1 
98 2 
99 1 
100 2 
101 1 
102 2 
103 1 
104 2 
105 1 
106 2 
107 1 
108 2 
109 1 
110 2 
111 1 
112 2 
113 1 
114 2 
115 1 
116 2 
117 1 
118 2 
119 1 
120 2 
121 1 
122 2 
123 1 
124 2 
125 1 
126 2 
127 1 
128 2 
129 2 
130 2 
131 2 
132 2 
133 2 
134 2 
135 2 
136 2 
137 2 
138 2 
139 2 
140 2 
141 2 
142 2 
143 2 
144 2 
145 2 
146 2 
147 2 
148 2 
149 2 
150 2 
151 2 
152 1 
153 2 
154 1 
155 2 
156 1 
157 2 
158 1 
159 2 
160 1 
161 2 
162 1 
163 2 
164 2 
165 2 
166 2 
167 2 
168 2 
169 2 
170 2 
171 2 
172 2 
173 2 
174 2 
175 2 
176 2 
177 2 
178 2 
179 2 
180 2 
181 2 
182 3 
183 2 
184 2 
185 2 
186 2 
187 2 
188 2 
189 2 
190 2 
191 2 
192 2 
193 2 
194 2 
195 2 
196 2 
197 2 
198 2 
199 2 
200 2 
201 2 
202 1 
203 2 
204 1 
205 2 
206 1 
207 2 
208 2 
209 2 
210 2 
211 2 
212 2 
213 2 
214 1 
215 1 
216 1 
217 1 
218 1 
219 1 
220 1 
221 1 
222 1 
223 1 
224 1 
225 1 
226 1 
227 1 
228 1 
229 1 
230 1 
231 1 
232 1 
233 1 
234 1 
235 1 
236 1 
237 1 
238 1 
239 1 
240 1 
241 1 
242 1 
243 1 
244 1 
245 1 
246 1 
247 1 
248 1 
249 1 
250 1 
251 1 
252 1 
253 1 
254 1 
255 1 
256 1 
257 1 
258 1 
259 1 
260 1 
261 1 
262 1 
263 1 
264 1 
265 2 
266 1 
267 2 
268 1 
269 2 
270 2 
271 2 
272 2 
273 1 
274 2 
275 1 
276 2 
277 1 
278 1 
279 1 
280 1 
281 1 
282 1 
283 1 
284 1 
285 1 
286 1 
287 1 
288 1 
289 1 
290 1 
291 1 
292 1 
293 1 
294 2 
295 1 
296 2 
297 2 
