0 6.464112443362205 
1 4.197376479583054 
2 11.102886170576044 
3 7.733502963925842 
4 10.465509239621333 
5 15.163514759313824 
6 13.616588048527898 
7 12.585945212796284 
8 10.255799339314226 
9 5.986201620752945 
10 10.128331192226332 
11 5.8746962369092985 
12 5.85915304076943 
13 7.308270257461074 
14 12.93324781686319 
15 24.229405920003696 
16 7.830204776564107 
17 5.244040243903964 
18 15.33084295249026 
19 5.609585624238501 
20 10.966360760321072 
21 11.879794483688418 
22 13.800866028771107 
23 10.635454015264854 
24 8.088554965017703 
25 15.581029224385478 
26 14.053152851303357 
27 14.891478317676047 
28 14.568512896749588 
29 14.472149859049958 
30 14.227239423624868 
31 6.692757059676747 
32 8.223609499011827 
33 5.14106128132339 
34 10.512224525242297 
35 5.565114014207659 
36 15.742257052350283 
37 6.757115884032195 
38 13.993841020935857 
39 4.668071215758551 
40 17.992115614771855 
41 7.095616397569327 
42 13.555243146113895 
43 6.502081166259218 
44 11.283260878922222 
45 6.4463984089585225 
46 17.23299423143294 
47 5.858686542480081 
48 12.67586411152985 
49 6.8535050997232 
50 9.824543650933077 
51 6.229981656009328 
52 9.438234003532893 
53 3.235621658733771 
54 16.79098460737805 
55 6.005503930356094 
56 9.934518409739574 
57 7.283965496581438 
58 17.31859528872556 
59 7.37366698193811 
60 8.414220888384241 
61 6.029348176089057 
62 8.404054652451205 
63 6.641359337368952 
64 10.39215268469263 
65 6.942200521372119 
66 7.107712851589375 
67 7.034389533372354 
68 11.010752688172044 
69 7.080954053104994 
70 9.868114700872397 
71 6.766108672541817 
72 12.94570236302131 
73 6.497357251293491 
74 10.079093764343165 
75 5.99466322124764 
76 15.43158204562178 
77 5.986876644166359 
78 10.596332732059036 
79 6.5226987148384525 
80 14.033451664385922 
81 6.073499365036613 
82 17.021439615604695 
83 6.766348807908666 
84 10.8014318456903 
85 5.783890673910945 
86 15.725082200152215 
87 6.3582237071487695 
88 22.229604464678477 
89 6.814311291051056 
90 15.265392580406829 
91 6.19169540365629 
92 13.207910316160726 
93 6.767691697028176 
94 14.51899032137467 
95 6.754047464919823 
96 17.43928085851257 
97 6.441319745191628 
98 9.354685032696649 
99 6.01200306741871 
100 17.417771982425688 
101 6.542610458994657 
102 11.197560956075318 
103 7.029296668783906 
104 11.719861406057897 
105 7.015998126526379 
106 10.291987603397041 
107 6.890955331970796 
108 15.492285814541896 
109 6.377860059151353 
110 12.350100259998763 
111 6.919409731673719 
112 9.972073560704224 
113 7.1592135335856115 
114 16.52582514785089 
115 7.194062669911822 
116 13.958540083798418 
117 6.637502175942776 
118 9.057563402667403 
119 5.735541507186684 
120 10.578293623471316 
121 6.221295341783041 
122 13.592186193621144 
123 6.943924506435992 
124 20.539673367449378 
125 7.293122635210327 
126 14.54693769964173 
127 6.764100934874848 
128 16.4253842689589 
129 6.6243040957469495 
130 16.15878690747704 
131 6.344336040900909 
132 14.993686949931721 
133 8.913885441283982 
134 12.847086642632451 
135 6.642032434966167 
136 7.801005092418657 
137 6.376192409019667 
138 16.25239370255703 
139 6.981442427248623 
140 12.347010026434933 
141 6.396057118109564 
142 10.643712696414795 
143 6.463365360167043 
144 14.935437579452264 
145 6.658788042356602 
146 9.143754073951346 
147 6.138197485189782 
148 18.125773552290408 
149 6.6993420937041295 
150 9.247925210565771 
151 6.328694035706095 
152 8.010420048662544 
153 7.096036556996804 
154 14.951836047925111 
155 5.929015295015691 
156 11.544856250258048 
157 10.577866774942814 
158 14.387014893631617 
159 5.631215671742986 
160 7.43132019510674 
161 6.434521143095587 
162 10.017540172344614 
163 6.7185832089241435 
164 13.874365708917454 
165 7.249281864973331 
166 11.439000509999536 
167 6.293406956156408 
168 14.207191827222719 
169 6.2624639232672346 
170 11.144897075274418 
171 5.719952650843611 
172 12.235318827431499 
173 6.83964685584948 
174 16.658739047891398 
175 6.262856665039099 
176 13.607929272447077 
177 7.851590608725604 
178 9.096596072307708 
179 6.148184848475965 
180 11.26825585737582 
181 6.644947259355959 
182 11.331699712810593 
183 6.431373751654111 
184 14.60987087537924 
185 6.654118781848296 
186 13.996876459987986 
187 9.73002867297039 
188 15.702534536333346 
189 6.445586077067886 
190 14.339500854700855 
191 13.176169009659938 
192 13.474420054035127 
193 6.364070039146664 
194 11.30537114455217 
195 6.782268418652635 
196 16.147340540207583 
197 4.368334060641913 
198 11.360273883556152 
199 6.260865411598927 
200 12.33433808458143 
201 9.037266866618403 
202 8.516699155295646 
203 5.922677522709718 
204 11.731137563769803 
205 6.519535427391878 
206 8.558406790728045 
207 6.650858412313821 
208 21.447767681364702 
209 6.7069266305173425 
210 20.74129166254574 
211 6.8601186776664855 
212 10.813629238511673 
213 11.046712037251638 
214 17.70742230872177 
215 19.174487071645395 
216 19.20961418678782 
217 5.958131322242789 
218 9.231722777856037 
219 6.46786042523794 
220 15.633820876384727 
221 9.637469899450378 
222 7.971537175003801 
223 13.853789367640502 
224 7.4623909589562665 
225 7.052818316492881 
226 16.693149300124574 
227 6.539988648625049 
228 14.529099392759532 
229 7.077644263625672 
230 10.03654915135809 
231 6.450175467734544 
232 14.269300773289697 
233 6.5744739548065105 
234 12.213692088174485 
235 6.3762505681809545 
236 10.396248302118757 
237 7.2013131056459425 
238 14.345140824597705 
239 5.366655193724258 
240 18.164473142867042 
241 6.460259346596904 
242 11.23294759141173 
243 7.086972169514035 
244 14.29673285044738 
245 5.558984717213446 
246 12.278084008325308 
247 6.735835936308085 
248 15.103016423429944 
249 6.505802680928553 
250 20.973932002180252 
251 5.474877953269808 
252 12.0141042349942 
253 6.095840479027991 
254 15.395613632609614 
255 2.597561912122811 
256 15.371633804881624 
257 6.775913486547701 
258 14.981155258382982 
259 5.813617349215898 
260 12.580848740806507 
261 6.479180537297386 
262 15.583402686957555 
263 5.48304418929642 
264 18.173602956787743 
265 5.059693786461173 
