0 3.037705421856429 
1 3.6325325780355824 
2 2.8796128647982506 
3 3.121404658292228 
4 3.2438195855861736 
5 3.2583901246486393 
6 2.6532429722071824 
7 2.461827266642258 
8 3.6915196543045723 
9 3.0132258448960796 
10 2.8429683507488397 
11 3.4896532358777455 
12 3.8142327075941047 
13 3.439006898351045 
14 3.4585419053368143 
15 3.144806528362668 
16 3.587253183777116 
17 3.4541268555870452 
18 3.28253130840706 
19 2.9421269537093364 
20 3.705281433038679 
21 3.9531517331926564 
22 3.7086729903385947 
23 3.7125595300481895 
24 3.829165845248756 
25 3.9572841350424324 
26 3.889272716002381 
27 3.6245601881997427 
28 3.768789346307388 
29 3.473869875767229 
30 3.819586162568688 
31 3.657983414180844 
32 4.08302440595677 
33 3.9461094694549015 
34 3.8231858701895445 
35 3.388644986600697 
36 3.246833572868751 
37 2.9897189909971216 
38 4.255288240607624 
39 4.137348296970215 
40 4.350008678827394 
41 4.074603491933485 
42 3.012766460771979 
43 2.699290111824414 
44 3.6348577641196833 
45 3.682437914457989 
46 4.564568677836125 
47 4.300355383263834 
48 3.797612484137809 
49 3.7969619399190346 
50 3.6254650140387934 
51 3.6203132864476215 
52 3.2806360140919253 
53 3.3153555038657037 
54 3.950696278335683 
55 4.0567632149325705 
56 4.2083872528816535 
57 4.002298968673574 
58 3.242477666955418 
59 3.54127592132022 
60 4.359032700020894 
61 4.3624157504920715 
62 3.8940187977031835 
63 3.923764283527417 
64 2.802018477412032 
65 2.700794080263093 
66 2.862404012096302 
67 2.9267321499287697 
68 3.600901674629573 
69 3.5467655036314203 
70 3.614181839030069 
71 3.9396742604593054 
72 4.265771815894706 
73 4.251580978645534 
74 3.4189559522941795 
75 3.387474651880092 
76 3.865580795089517 
77 3.7752967547965537 
78 3.089237787595966 
79 3.2634849819482055 
80 3.820209151889552 
81 3.6987242246867638 
82 3.467471487239497 
83 3.551530942080111 
84 3.871046882692008 
85 4.16102399147666 
86 3.8850108501316636 
87 3.6506813339125976 
88 4.094684520786301 
89 4.169812815279165 
90 3.994783031873661 
91 3.952358998695582 
92 4.107875648080517 
93 3.991178551042544 
94 4.172427295351194 
95 4.055762968713421 
96 3.699068909395026 
97 4.283954098022001 
98 3.4963432811471824 
99 3.4341778155730953 
100 3.44884761847953 
101 3.3501532357108585 
102 3.9744886569731306 
103 3.9164164827730303 
104 4.104022433217551 
105 4.132444656361481 
106 4.093953544325932 
107 4.048398654131382 
108 3.9368803555269025 
109 3.818400774273656 
110 4.022078131572308 
111 4.126588440763715 
112 2.9543397663486433 
113 2.986761966239926 
114 4.131666728046236 
115 4.284992033579409 
116 3.250434398224066 
117 3.1999661669179558 
118 3.5471504839703147 
119 3.5072655957871084 
120 3.881653878124356 
121 3.6143226829405135 
122 4.323864388359784 
123 4.41635197075477 
124 4.3551369562559845 
125 4.385374558338094 
126 2.950336942270006 
127 2.871972503265307 
128 3.9744505163844637 
129 4.047756873520995 
130 3.8839906559395247 
131 3.8322289886304466 
132 3.479242765429132 
133 3.5338966710969033 
134 3.9843013012589954 
135 4.040511885963081 
136 3.5615925901649996 
137 3.8637873932640403 
138 3.686236135642406 
139 3.925201981163229 
140 4.429986136559584 
141 4.210715428679092 
142 3.544315983661452 
143 3.398898948989137 
144 3.818996071974122 
145 3.7493169138644213 
146 3.5336813093629322 
147 3.0001217887050786 
148 3.9761983804094636 
149 4.003983246597128 
150 3.9761983804094636 
151 4.003983246597128 
152 3.3719671938730214 
153 3.3949815693300804 
154 3.884987910147906 
155 3.709494330146975 
156 3.527601094693914 
157 3.597006286075548 
158 4.295354023191688 
159 4.29330594022417 
160 3.517239575805703 
161 3.5463568027793366 
162 3.1845412718195423 
163 3.234713915286176 
164 4.34168282977684 
165 4.209002994730859 
166 3.6898873015387927 
167 3.747482687944484 
168 3.860507347408468 
169 3.6590625979741924 
170 3.0249278325253357 
171 2.9808163792702542 
172 3.831898977467236 
173 3.726045288364225 
174 3.74891481238664 
175 3.6357395675647055 
176 3.7379212754133437 
177 3.5561694189962205 
178 3.905878701622444 
179 3.7401360377848127 
180 3.522161390403061 
181 3.6278996947103317 
182 3.8473473712364235 
183 3.7342352819363462 
184 2.954726001009398 
185 2.785197150403877 
186 3.735433626895479 
187 3.702871212899338 
188 3.236716467686096 
189 3.3262691946198997 
190 4.034218889792644 
191 4.161420359629883 
192 3.894958074004381 
193 3.873579611897327 
194 3.4813332094031657 
195 3.4165587960951287 
196 4.200223667647374 
197 4.052775569707376 
198 3.8652435458991583 
199 3.8475239808239565 
200 3.0681504146011047 
201 3.071132195343425 
202 3.177271640175421 
203 3.268980300841103 
204 3.9776628350631946 
205 3.996657361379464 
206 4.090558630861366 
207 3.981307843543875 
208 4.256238918126588 
209 4.378580728516782 
210 3.1924664365789144 
211 2.996314940779965 
212 3.791986249842424 
213 3.9391699812095933 
214 3.998060140536895 
215 3.7606146678263874 
216 3.196163097038689 
217 3.2693165321542037 
218 3.8182873185953428 
219 3.6952772057755636 
220 4.019727940421176 
221 4.086111929272856 
222 3.487070087166169 
223 3.283329104173086 
224 3.9405976470641764 
225 3.928775435592593 
226 3.2793180901928864 
227 3.1299424335882096 
228 3.963868243962313 
229 3.7122821354124604 
230 3.7222002002570784 
231 3.8354370894152425 
232 3.8265836519690004 
233 3.5338586959350353 
234 3.4804051634693223 
235 3.2684090125878553 
236 3.50412035540963 
237 3.6374594784398084 
238 4.057188400204869 
239 4.108024487559403 
240 3.4721445807308813 
241 3.9406614568161378 
242 3.7511195028648117 
243 3.514492559439711 
244 3.5200904998921416 
245 3.512422285015255 
246 3.4835785650642626 
247 3.5036794920185077 
248 3.3663216340015403 
249 3.4049479453402314 
250 4.298828566317019 
251 4.231445779048679 
252 3.6103785228022423 
253 3.5922714699780163 
254 3.1892136840256495 
255 3.3199676857164175 
256 3.5738333136273917 
257 3.623154707481709 
258 3.611171645384224 
259 3.6167617455060004 
260 3.9923301112480725 
261 4.016878268858012 
262 4.232551872031434 
263 4.046048338064196 
264 3.2185293819907077 
265 3.221199254898493 
266 3.067691233910102 
267 3.1977330329609517 
268 3.5362613776703715 
269 3.4801307018916554 
270 3.631518364524461 
271 3.021465979500474 
272 3.841106896937463 
273 3.7264582718323487 
274 3.526502742275483 
275 3.662639203603666 
276 3.7762091956316026 
277 3.819435461992775 
278 3.708246265117722 
279 3.4656565474989423 
280 3.9220106798152874 
281 3.3216235346008274 
282 3.9268662977115842 
283 4.2073336074108285 
284 3.1105673410833763 
285 3.012204038186919 
286 3.6047793133927177 
287 3.6782976638117524 
288 4.03473731190902 
289 3.897748713259248 
290 3.8927639381490478 
291 4.244220177519709 
292 4.4295039016750675 
293 3.7314177963181034 
294 3.48931083692194 
295 3.5049766637149005 
296 4.702732954000234 
297 4.028861057116581 
298 4.85 
299 3.973690397692367 
300 4.85 
301 4.288919746569696 
302 4.046940699209066 
303 3.1655418941717226 
304 4.85 
305 3.6212090322900723 
306 3.531532424949922 
307 2.920544468219887 
308 4.389813821680086 
309 3.4731068837205177 
310 4.85 
311 3.953523157037323 
312 4.85 
313 3.5147513523260487 
314 4.794302558049748 
315 3.814397981007869 
316 4.85 
317 3.796924491463768 
318 4.049298813150754 
319 3.6577189064121125 
320 4.391705770152453 
321 3.2493361332889883 
322 3.783904503756354 
323 3.3870077618273946 
324 3.81250432710674 
325 3.584491918883589 
326 4.85 
327 4.315684739971805 
328 4.5281276644019375 
329 2.8906604575357253 
330 3.9822716714652 
331 3.465533937576915 
332 4.85 
333 4.5006837692572335 
334 4.1926075093124435 
335 3.447056638592116 
336 4.85 
337 3.8898350582351435 
338 3.842745245789434 
339 3.457089031932283 
340 4.604140799908231 
341 3.79124324103534 
