0 3.3602299109033096 
1 3.8053685291479504 
2 2.781967707227822 
3 3.2218311969873445 
4 4.088478021108214 
5 3.6043968105606505 
6 2.815417561508209 
7 3.249629513047833 
8 4.230112841533865 
9 3.8854653171215725 
10 4.667056260679573 
11 4.422273759368809 
12 2.6557607578465956 
13 2.813262985229383 
14 3.24945797731777 
15 3.3914118566437867 
16 3.839049905383133 
17 4.409849147050815 
18 3.5930833280632797 
19 4.243226399678444 
20 4.233583050525569 
21 3.9193338579776715 
22 4.173716763322652 
23 3.641279936395313 
24 3.742168298734267 
25 3.1959025221286987 
26 3.566008515573739 
27 3.371588547446019 
28 2.992226942598498 
29 2.653489569200594 
30 3.775150384152443 
31 3.8409620676229386 
32 3.592182958078578 
33 3.428818825095964 
34 3.9221537572677088 
35 3.619052744339301 
36 3.150087914847389 
37 3.212342661090265 
38 4.162476048178651 
39 3.4605663559731608 
40 4.429619766438207 
41 3.3050750679425063 
42 3.858492937534699 
43 4.85 
44 4.256273695230679 
45 3.936937471511005 
46 2.851790946517097 
47 3.225835883744543 
48 3.9606912841706614 
49 3.1029435952128397 
50 2.908185259710859 
51 3.4876371710869485 
52 3.5845238577931307 
53 3.076218276203031 
54 4.12194641259373 
55 3.8589132013857115 
56 3.97076857547206 
57 4.409478131330285 
58 4.102800657936523 
59 4.079961799871182 
60 3.8950688151554074 
61 4.082016559200483 
62 3.783319466789492 
63 2.965319098166579 
64 3.8995045398695822 
65 2.4448122619801023 
66 4.055961296262402 
67 3.4749193042179303 
68 3.753800460321516 
69 3.3756164942519518 
70 3.544310325676371 
71 3.9275645269252193 
72 4.684229251345981 
73 4.361030936208284 
74 3.6417373986965584 
75 4.546978692031364 
76 3.998739885536249 
77 4.8579956004643075 
78 3.525798587903209 
79 4.7848978504828175 
80 3.552768215330713 
81 4.599838024287965 
82 3.4253142411579893 
83 3.6326796299705912 
84 3.5377818923476556 
85 4.330426093634153 
86 3.737904711640376 
87 3.642102619288812 
88 3.9452839660798658 
89 4.05391957176801 
90 4.317611110925751 
91 3.962837338747538 
92 4.783584514141933 
93 4.210569443314126 
94 3.6438636171277485 
95 3.564219409717713 
96 4.051503862972814 
97 4.033954406358047 
98 3.8823261428376843 
99 3.3488296072619668 
100 4.308684428234196 
101 3.7788104607583044 
102 3.748779663723406 
103 3.8863593733297215 
104 3.0409998647235152 
105 3.3940506407808417 
106 3.9634684188606566 
107 3.9261082306669435 
108 3.7415076154075244 
109 3.9414206742027647 
110 3.992487915269481 
111 2.8471626645849613 
112 4.143647601732404 
113 4.0347395051172255 
114 3.4238972632831017 
115 4.1212985136774725 
116 4.185088608303731 
117 3.4248066049095405 
118 3.2860767758037817 
119 3.799389504471887 
120 3.3813369747422506 
121 3.6994519878208045 
122 3.984062827099208 
123 3.9845101375274385 
124 3.8988729744188944 
125 3.7061199994597267 
126 3.779753614078822 
127 3.896754989388536 
128 3.814904346341177 
129 3.0361400489108408 
130 3.1659778365549824 
131 3.1118335272797166 
132 3.6743658728824617 
133 3.917146699283182 
134 4.387530193990009 
135 3.2224772353717945 
136 4.1205611481818725 
137 3.8160556112963464 
138 3.3730793960945133 
139 3.710271529153312 
140 3.473245214570257 
141 3.1837877154628877 
142 3.337739251647691 
143 3.124439520495004 
144 3.9200940538159332 
145 3.2682215944908735 
146 4.022305918564894 
147 4.45244602927758 
148 4.736241691577189 
149 3.9966395945710733 
150 4.85 
151 4.0727770263805345 
152 3.9726313865132123 
153 3.7415729543569793 
154 4.85 
155 3.3932365955352792 
156 4.156334498932857 
157 3.7254350785078603 
158 3.596060160762378 
159 3.4892342206497515 
160 2.825162866798707 
161 3.7406503218439395 
162 3.6927941114468013 
163 4.756775037812956 
164 3.3120383927765604 
165 3.53183089194868 
166 3.6617374965358582 
167 3.741323796884585 
168 2.686788230647359 
169 3.7551375947739007 
170 3.7178069516937935 
171 3.838410131554839 
172 3.519177833349651 
173 3.668629843659716 
174 4.116094907832522 
175 4.012957202917874 
176 3.9313040192193105 
177 3.21490007077976 
178 3.7933954820687172 
179 4.497373404068546 
180 4.061050181403242 
181 4.645651015908682 
182 3.3832060876042522 
183 3.131225532024801 
184 3.8305935432451923 
185 3.994279658998014 
186 3.4124771229482542 
187 3.6068012061172654 
188 2.9441081339952824 
189 2.6563646645889945 
190 3.477772663192926 
191 3.174970154343019 
192 4.982851558121917 
193 3.1767517761609128 
194 4.85 
195 4.975296862128761 
196 3.126749966080518 
197 3.9696306179890595 
198 3.8250799640858557 
199 2.9853823662184205 
200 4.1908931009357975 
201 4.061249720484733 
202 3.1277170058647927 
203 4.4374928170677315 
204 3.8219492330298186 
205 4.843577107407408 
206 4.084792481819948 
207 3.9140856257077017 
208 4.283734683843677 
209 4.0059706798219805 
210 3.6784634701173684 
211 3.361238402977327 
212 4.321353756995928 
213 3.686926768653859 
214 3.5087446469626773 
215 4.018208694445442 
216 3.3839658692524326 
217 4.5948691949090685 
218 3.5852540301120497 
219 4.204666657915732 
220 4.025316494361504 
221 3.8824406200094606 
222 3.7165851468261946 
223 4.109025655277412 
224 3.5218028043212506 
225 2.907369529324219 
226 3.7213985920628017 
227 4.3211326075736 
228 3.3984259953165443 
229 4.083909181363279 
230 3.7335702837335565 
231 3.2960491822912505 
232 4.62519545011771 
233 3.8490479249357055 
234 3.0729945281787283 
235 3.4945485999526738 
236 4.309126517927465 
237 4.251967218574 
238 4.646125767201986 
239 3.2268077678928617 
240 4.0868165573252835 
241 3.408525183284219 
242 4.029510050811254 
243 3.4031785603085902 
244 4.332908966757046 
245 3.680729055023586 
246 4.788047774119626 
247 3.588533833288636 
248 4.85 
249 3.5467146497789823 
250 4.85 
251 3.933512980537777 
252 4.85 
253 3.04458777481059 
254 3.3103627493820054 
255 2.6809379037393235 
256 4.85 
257 2.9169257457401736 
258 4.85 
259 3.514103422616785 
260 4.85 
261 3.7798548184877516 
262 4.394193659069792 
263 3.474893691546725 
264 4.85 
265 3.5794266799826184 
266 4.60759673006619 
267 3.637929545568855 
268 4.450817384730392 
269 3.60797022858764 
270 4.85 
271 3.8433734872949663 
272 3.9508287335826306 
273 3.898516708792818 
274 4.36108516901359 
275 3.3301052414838934 
276 3.8269015891861335 
277 3.655406623478684 
278 4.449537724020866 
279 3.362296624008526 
280 3.2987708466995938 
281 3.3616001730989113 
282 4.001928406513112 
283 3.7023472389795535 
284 3.6080468865661373 
285 4.268425567691535 
286 3.597098013614016 
287 3.729861547652458 
288 3.54929083013045 
289 3.821832431118773 
290 3.8712679213403294 
291 4.0871944616274805 
292 3.2597524412022794 
293 3.408032404924438 
294 4.327402993397747 
295 3.2447031106540503 
296 4.191491484133383 
297 3.497722069211795 
298 3.5454662287820335 
299 3.9385235756028005 
300 3.647225484781841 
301 4.402159644312052 
302 2.9563697968345153 
303 3.331892793869981 
304 3.9394116424646404 
305 3.7425757725833777 
306 4.05396858067093 
307 4.105673713368268 
308 3.0070972825641133 
309 3.608991120646772 
310 2.705268942949661 
311 3.811576657589088 
312 2.957889749042046 
313 3.2190742234221315 
314 4.2036214849626825 
315 3.700774844584159 
316 3.5342919646909925 
317 4.117751640582169 
318 3.3272349478255685 
319 4.035901598431463 
320 3.60214828958568 
321 3.3808437633173876 
322 3.6164889240583666 
323 3.2672019296439014 
324 4.456495880975629 
325 3.416143373803659 
326 4.85 
327 4.753198757356675 
328 4.225878796093621 
329 4.535606721763168 
330 3.366094091344092 
331 3.8489765264858495 
332 4.400688615761142 
333 4.930995937894391 
334 4.809603723489508 
335 4.223109005059243 
336 3.6250160532288955 
337 3.345572604136294 
338 4.5195957317557065 
339 4.871868821289057 
