0 3.38599928638582 
1 2.8813131752347254 
2 3.6616332570593757 
3 4.036335938786383 
4 3.8751274641364404 
5 3.7320750564713117 
6 3.6718823915667964 
7 3.8112854785885606 
8 4.656104157802135 
9 4.190562529399927 
10 4.042198563156497 
11 4.85 
12 4.7219629554344555 
13 4.751093063803983 
14 4.85 
15 4.797720540881006 
16 4.85 
17 4.85 
18 4.8989254521216345 
19 4.457626746407189 
20 4.875506992232994 
21 4.1194730366586345 
22 3.6789130776072887 
23 3.263604653567933 
24 4.4975311673765175 
25 3.902057064210743 
26 4.391729602075328 
27 4.098805423774198 
28 4.286455852778449 
29 3.96792500131703 
30 3.870123389075629 
31 3.6026759874245586 
32 4.617440491407887 
33 4.024777913970223 
34 3.878829724316241 
35 3.3996110136964846 
36 3.7777887138461548 
37 3.3770698274775253 
38 4.161362624648543 
39 3.789443677768563 
40 4.634482903911531 
41 3.7846807209989852 
42 4.452393636338485 
43 3.8430271777269405 
44 4.933295165676013 
45 3.304368735747352 
46 4.902516541123601 
47 4.006414768170366 
48 4.417260481716605 
49 3.3776110945178948 
50 4.85 
51 3.927987357300069 
52 4.435002174753913 
53 3.3871422841349617 
54 4.85 
55 3.928936637930864 
56 4.85 
57 3.5670372027975112 
58 4.18353323415481 
59 3.1909453636189187 
60 4.741474202001251 
61 4.248843883932408 
62 4.5960447137809215 
63 3.9771936823413654 
64 4.1012624544254335 
65 3.717228446553718 
66 3.762757404153369 
67 3.5916638938873944 
68 3.803416308655592 
69 4.308778911547164 
70 3.6311483391440076 
71 4.85 
72 3.8256557764158106 
73 4.705274609090907 
74 3.4710122446734215 
75 4.9511687850719275 
76 3.505639216701792 
77 4.179262266159804 
78 4.311591875559697 
79 4.85 
80 4.625031031433859 
81 4.85 
82 4.096267208915691 
83 4.771813471746199 
84 4.85 
85 3.644686339714055 
86 4.43209023978013 
87 3.3551242999151194 
88 4.85 
89 4.060407029165525 
90 4.75664981861746 
91 4.0995358073181185 
92 4.071033481840074 
93 4.263787815518946 
94 3.949630645044739 
95 4.291611529164676 
96 3.6875811248967083 
97 3.917371366419117 
98 4.005843326539281 
99 4.1767548610817995 
100 3.3467093337358094 
101 4.674424743484326 
102 3.899420242026836 
103 4.1665000460454795 
104 4.028086541002106 
105 4.408551384499065 
106 3.333962353584752 
107 3.7447829191710156 
108 2.9041297598328555 
109 2.9404045868242523 
110 4.135813685881248 
111 4.85 
112 3.9779064941835256 
113 3.640260952106068 
114 3.78670370371588 
115 3.619720463268773 
116 3.0438304744985585 
117 2.6974524121209624 
118 4.159698209817742 
119 3.3960167925813223 
120 4.269818504378323 
121 3.7152691208526916 
122 4.088220944930706 
123 3.4189680622845735 
124 3.7244399004424324 
125 3.3686684019690394 
126 4.086838588233308 
127 3.308719932457387 
128 3.7069942511999128 
129 3.0471797766014204 
130 4.85 
131 3.564559166082679 
132 4.101259747139403 
133 3.9469446645329986 
134 4.500814639240071 
135 3.6126610099901195 
136 4.85 
137 3.8730341595656674 
138 4.85 
139 3.9730969614069314 
140 4.0126321484198675 
141 3.942825342081852 
142 3.980899661863105 
143 3.5277581414084107 
144 4.899508236824087 
145 4.194883475310491 
146 4.451007179759303 
147 3.5017118899437234 
148 4.728605223691401 
149 3.680569458053774 
150 4.222444789034491 
151 4.213548456843997 
152 3.791592406117324 
153 4.118158768085278 
154 3.9680613303081262 
155 3.9454760593078873 
156 4.69745505752399 
157 3.4307441211741123 
158 4.23240246292148 
159 3.6745218323671356 
160 4.162066162621381 
161 4.311361254897389 
162 3.4085085885065514 
163 3.1112063544114505 
164 4.85 
165 3.7579591584472247 
166 4.528211006630113 
167 4.128233292545835 
168 4.078208942752439 
169 3.9099186487951436 
