0 2.6023883332684794 
1 2.7777269392698942 
2 2.735540767417767 
3 2.5824617096303357 
4 2.829754210945766 
5 2.7619229564126133 
6 3.0324106555807835 
7 2.8583494203553284 
8 2.827705736197492 
9 3.0329174500267957 
10 2.8326445575044157 
11 2.87775840453629 
12 2.8238093460421068 
13 3.2225271440157166 
14 2.806158664106892 
15 3.3813745014378616 
16 3.039185732162481 
17 3.0122025542907744 
18 2.681005448919801 
19 3.044074496090888 
20 3.31273250306975 
21 2.717690309971422 
22 3.217012677054104 
23 3.0884693325836143 
24 3.5456741701524095 
25 2.9241601454817197 
26 3.02799680554721 
27 2.80679742518213 
28 2.6236895458318523 
29 2.9866756580960128 
30 2.886888558509429 
31 3.0153044733637127 
32 1.0425485619821937 
33 1.0391259743480488 
34 2.8099474129869644 
35 2.9460050577452894 
36 2.920772908487474 
37 2.7397670469382143 
38 2.417222983022576 
39 2.5973215563700105 
40 1.421091962518466 
41 1.368287629678336 
42 2.914724283202347 
43 3.0791964413876642 
44 2.9542622472322533 
45 2.8562021023568107 
46 2.837087587537507 
47 2.7164275236613906 
48 3.0629436674900496 
49 2.8687665980883295 
50 3.0618500102049406 
51 2.6478770884264144 
52 2.8601312320714714 
53 2.7842483995865077 
54 2.8730421414767724 
55 2.279742068367362 
56 2.864765968529929 
57 3.0311862819904696 
58 2.6110087003213667 
59 2.66130264451263 
60 2.709664274129727 
61 2.7379183664994273 
62 2.9294967110599384 
63 2.990256618899861 
64 2.6777356824853733 
65 2.7941584132057784 
66 2.7125113992129375 
67 2.8885792585716965 
68 2.941232076288412 
69 2.7594895684075817 
70 2.971508791243884 
71 3.0312109879138003 
72 3.04617235720716 
73 2.819701236270783 
74 2.9118905209431123 
75 3.0724040369821415 
76 3.041151625866356 
77 2.9710952367171446 
78 2.6812572087731468 
79 2.8211652106036427 
80 2.8421017754921087 
81 2.8965078786345844 
82 3.219535865212836 
83 2.8246450409309025 
84 2.456673513678076 
85 2.829593507550987 
86 3.032014774114358 
87 2.9695722386119616 
88 2.880651033854322 
89 2.590209300973698 
90 3.1043384883913556 
91 2.729851346246636 
92 3.0085336491757015 
93 2.8841834136263187 
94 2.5750217077878883 
95 2.627903805025989 
96 2.73276594106485 
97 2.6954846134306854 
98 2.785059929587145 
99 2.8326449546847488 
100 2.739995545726413 
101 2.7970518840747536 
102 3.2375576818523597 
103 2.442179438074962 
104 2.9951325359518717 
105 2.922168042602034 
106 2.7664053553613375 
107 2.7688994163283924 
108 2.906113302874297 
109 3.2657745127330964 
110 2.5080233312506577 
111 2.403191669841296 
112 2.4664095268863195 
113 2.933584002464103 
114 2.7283938557254763 
115 3.1713299729865767 
116 2.959431541436019 
117 2.796057149823716 
118 2.6739411499774786 
119 2.740195969044006 
120 2.823175037402664 
121 3.210656012827889 
122 2.886783086333045 
123 3.0005298510323377 
124 3.0811224054987623 
125 2.683335589002023 
