0 1.0629494224003952 
1 1.0425485619821937 
2 1.4036590268209492 
3 1.421091962518466 
4 2.9982814693531097 
5 3.039185732162481 
6 2.717049076975166 
7 2.73345426775295 
8 3.125319306664397 
9 3.219535865212836 
10 2.704210190638816 
11 2.880651033854322 
12 2.959276555434204 
13 3.1043384883913556 
14 2.5737558229159383 
15 2.5137943476709923 
16 3.071487370311271 
17 2.8238093460421068 
18 2.9524924366443557 
19 2.837087587537507 
20 2.7011885713743364 
21 2.785059929587145 
22 2.819834668681584 
23 2.7664053553613375 
24 3.0010654030931097 
25 2.880129140390526 
26 2.790867060514346 
27 2.7772422002543866 
28 3.063024737368803 
29 2.971508791243884 
30 2.75504158383749 
31 2.941232076288412 
32 3.10533027461383 
33 3.0629436674900496 
34 2.8729889905280728 
35 2.9118905209431123 
36 2.7207562739898616 
37 2.6236895458318523 
38 2.46576871265018 
39 2.6110087003213667 
40 3.1817113337169154 
41 3.032014774114358 
42 2.9747633175699963 
43 3.1074143367158005 
44 2.953507464788666 
45 3.086076636779334 
46 2.953507464788666 
47 3.041151625866356 
48 2.750359528209748 
49 2.6812572087731468 
50 2.7311199888687083 
51 2.7107844585960503 
52 2.730403775928281 
53 2.7882510300628756 
54 2.624861295472222 
55 2.641737440599668 
56 2.6522805649152374 
57 2.829754210945766 
58 2.843158737593253 
59 3.0618500102049406 
60 2.687352434276675 
61 2.654284207142403 
62 3.1040277627347277 
63 3.076004172463094 
64 2.997908784603833 
65 3.0324106555807835 
66 2.915375182404028 
67 3.0410975883547557 
68 3.1422349334325053 
69 2.8326445575044157 
70 3.0432614599374275 
71 2.8601312320714714 
72 2.9905219101906884 
73 2.8457860967533883 
74 2.6069297369984405 
75 2.5750217077878883 
76 2.803235215133007 
77 2.823175037402664 
78 2.6821966916981266 
79 3.2375576818523597 
80 3.2591605529907537 
81 3.217012677054104 
82 2.9481809180982728 
83 3.31273250306975 
84 3.006495996616973 
85 2.9420255164587155 
86 2.8989180818665305 
87 2.9524384209641523 
88 2.766868580081053 
89 2.6068801754077593 
90 3.0574230972356196 
91 2.734867096041464 
92 2.7530088884667907 
93 2.73276594106485 
94 2.9924941029366092 
95 2.8099474129869644 
96 2.8756727769238806 
97 2.7931393834778024 
98 2.67231522797028 
99 2.5080233312506577 
100 2.673547417734598 
101 2.7898034247364496 
102 2.616181076875249 
103 2.681005448919801 
104 2.8436485922725163 
105 2.5726351600331276 
106 2.8150708160406666 
107 2.6739411499774786 
108 2.6589719037336783 
109 2.9951325359518717 
110 3.1305565811103984 
111 2.6023883332684794 
112 2.7006753058165636 
113 2.920772908487474 
114 3.296058104049358 
115 2.7125113992129375 
116 2.741276331267125 
117 3.218537740343785 
118 2.8069234578159015 
119 2.7784486956989722 
120 2.621617533332241 
121 2.864765968529929 
122 2.988130534122943 
123 2.456673513678076 
124 2.6902454111953307 
125 3.210131889717909 
126 2.8591062487814822 
127 2.8730421414767724 
128 2.990317529569182 
129 2.906113302874297 
130 2.765444439579179 
131 2.852242153071451 
132 2.8855591316959073 
133 2.914724283202347 
134 2.8409040184935286 
135 2.827705736197492 
136 2.660016546858297 
137 2.930231313598317 
138 3.0957076508832246 
139 2.7283938557254763 
140 2.864118060312692 
141 2.9542622472322533 
142 3.1514416966849095 
143 2.8421017754921087 
144 2.81512641766377 
145 2.9294967110599384 
146 2.9379554616589125 
147 2.806158664106892 
148 2.7500681165100507 
149 2.959431541436019 
150 2.8395445743446612 
151 2.7017644917922503 
152 2.711816220789857 
153 2.7160927465024183 
154 2.8853501751630275 
155 2.709664274129727 
156 2.977188056826282 
157 3.02799680554721 
158 3.2057725118744744 
159 3.0085336491757015 
160 3.049910966678096 
161 2.9205174902508446 
162 2.9116121272018445 
163 3.5456741701524095 
164 2.6687462593832576 
165 2.6120857587952946 
166 2.4471942424526003 
167 2.417222983022576 
168 2.9722578000489817 
169 3.04617235720716 
170 2.837555636707556 
171 2.8238839215920777 
172 2.7558420912538555 
173 2.739995545726413 
174 2.471404718636119 
175 2.4664095268863195 
176 2.8026117985136936 
177 2.886783086333045 
178 3.26443682855231 
179 3.4154446641661513 
180 2.4692447943491844 
181 2.5507131040610953 
182 2.720797527574498 
183 3.113115040951137 
184 2.8956996363738763 
185 3.0905569507094732 
186 2.862399791034088 
187 2.9639189594763953 
188 2.9269370882810124 
189 2.8788070255510596 
190 3.2017410553811754 
191 3.0811224054987623 
192 2.8348181405816755 
193 2.735540767417767 
194 2.6277524142578175 
195 2.6777356824853733 
196 2.6891727706550217 
197 2.6707046038882005 
198 2.830799239083018 
199 2.886888558509429 
200 2.767770577762664 
201 2.573686898472383 
