0 3.42118431377798 3.3741672829423797 
1 3.3460301242911603 3.42118431377798 
2 2.5607108765903197 3.3460301242911603 
3 2.97281662081466 3.14944516411314 
4 2.42882366771881 2.97281662081466 
5 2.7316162472689998 2.42882366771881 
6 2.4857414471997563 2.7316162472689998 
7 2.7316162472689998 2.4857414471997563 
8 2.54628001948658 2.7316162472689998 
9 2.52371707439436 2.54628001948658 
10 2.6052828236096 2.52371707439436 
11 2.7699563600155797 2.6052828236096 
12 2.81491232855906 2.7699563600155797 
13 2.79138575154796 2.81491232855906 
14 2.80432984996538 2.79138575154796 
15 2.80339742828598 2.80432984996538 
16 2.96432949462636 2.80339742828598 
17 2.65516398421146 2.96432949462636 
18 2.78572502419544 2.65516398421146 
19 2.5027015659901997 2.9124462774757798 
20 3.08245710375772 2.9124462774757798 
21 2.56136624263584 2.78572502419544 
22 3.09725244406894 2.5027015659901997 
23 2.5481065048350002 3.08245710375772 
24 3.22617624132276 2.56136624263584 
25 2.5909026086930003 3.09725244406894 
26 2.93817826803118 2.5481065048350002 
27 2.5541358425660396 3.22617624132276 
28 2.8812569539968402 2.5909026086930003 
29 2.80074178937344 2.93817826803118 
30 2.63264569387358 2.5541358425660396 
31 2.71118622624662 2.8812569539968402 
32 2.75348934747696 2.80074178937344 
33 2.9398597171776997 2.63264569387358 
34 2.7263035211747 2.71118622624662 
35 2.93747603203012 2.75348934747696 
36 2.82596892947848 2.9398597171776997 
37 3.14154068799964 2.7263035211747 
38 2.9216314220974 2.93747603203012 
39 2.9260168791198398 2.82596892947848 
40 3.11717536534456 3.14154068799964 
41 2.77686872055008 2.9216314220974 
42 2.85879809404934 2.9260168791198398 
43 2.38776410193223 3.11717536534456 
44 2.81477392475402 2.77686872055008 
45 2.58305490097976 2.85879809404934 
46 2.79253626436266 2.38776410193223 
47 2.5429685921378598 2.81477392475402 
48 2.858202118645 2.58305490097976 
49 2.7306743690862403 2.79253626436266 
50 2.69654473212946 2.5429685921378598 
51 3.04276599442372 2.858202118645 
52 2.6714597349683 2.7306743690862403 
53 2.9627268595297402 2.69654473212946 
54 2.73222582808398 3.04276599442372 
55 2.62799355042848 2.6714597349683 
56 2.5546006783330997 2.9627268595297402 
57 2.3979551679570283 2.73222582808398 
58 2.428196860952224 2.62799355042848 
59 2.295944492691826 2.5546006783330997 
60 2.56904577911282 2.3979551679570283 
61 1.806261830786818 2.428196860952224 
62 2.85203733572118 2.295944492691826 
63 2.076813169020084 2.56904577911282 
64 2.6137447554296402 1.806261830786818 
65 2.230967684527246 2.85203733572118 
66 2.87330048378332 2.076813169020084 
67 2.5926424501276797 2.6137447554296402 
68 3.0687268797842 2.230967684527246 
69 2.6267738165681203 2.87330048378332 
70 3.3628962743027198 2.5926424501276797 
71 3.04190271394192 3.0687268797842 
72 3.1658993554385 2.6267738165681203 
73 3.13970380413484 3.3628962743027198 
74 3.34053190417302 3.04190271394192 
75 3.35906606102954 3.1658993554385 
76 3.3347003881202797 3.13970380413484 
77 3.35128042846446 3.34053190417302 
78 3.22090644048554 3.35906606102954 
79 3.32928860923462 3.3347003881202797 
80 2.7136954868967798 3.35128042846446 
81 3.03580366641948 3.22090644048554 
82 3.09096229771836 3.32928860923462 
83 3.0572485136028797 2.7136954868967798 
84 2.82749761841966 3.03580366641948 
85 3.04463786944174 3.09096229771836 
86 2.8350445348155597 3.0572485136028797 
87 3.08344848618868 2.82749761841966 
88 2.7754675968304 3.04463786944174 
89 3.2670925230358003 2.8350445348155597 
90 2.7784123710086 3.08344848618868 
91 3.1427664910306 2.7754675968304 
92 2.27283541635086 3.2670925230358003 
93 3.0792108502980198 2.7784123710086 
94 2.485744253577144 3.1427664910306 
95 2.93307153608336 2.27283541635086 
96 2.304802220560876 3.0792108502980198 
97 2.5943912131497 2.485744253577144 
98 2.4070026798922823 2.93307153608336 
99 2.480724701034302 2.304802220560876 
100 2.6008962324833 2.5943912131497 
101 2.55396594510798 2.4070026798922823 
102 2.798476166824 2.480724701034302 
103 2.56788082678022 2.6008962324833 
104 2.88712317021998 2.55396594510798 
105 2.8711038483784597 2.798476166824 
106 2.88835756735008 2.56788082678022 
107 2.98159425762716 2.88712317021998 
108 2.9450287197166203 2.8711038483784597 
109 2.88067212284532 2.88835756735008 
110 2.7975692579511398 2.98159425762716 
111 2.9613335995391 2.9450287197166203 
112 2.61630854210126 2.88067212284532 
113 2.7810935818720397 2.7975692579511398 
114 2.76735158518054 2.9613335995391 
115 2.62555379341326 2.61630854210126 
116 2.9441193514661 2.7810935818720397 
117 2.67582767190444 2.76735158518054 
118 2.78823017187158 2.62555379341326 
119 2.92560894310836 2.9441193514661 
120 3.00311919737748 2.67582767190444 
121 3.0791360012926 2.78823017187158 
122 3.16163174221812 2.92560894310836 
123 3.3361873102434 3.00311919737748 
124 3.09513827867408 3.0791360012926 
125 3.49982043606476 3.16163174221812 
126 2.9864684188106 3.3361873102434 
127 3.7169528384103203 3.09513827867408 
128 2.89219479749876 3.49982043606476 
129 3.80605927995488 2.9864684188106 
130 2.7906606349120997 3.7169528384103203 
131 3.92707571534294 2.89219479749876 
132 2.7922251464755 3.80605927995488 
133 4.24279764669988 2.7906606349120997 
134 2.73058294523374 3.92707571534294 
135 3.8157755764978196 2.7922251464755 
136 3.16625163926304 4.24279764669988 
137 3.7000259108963 2.73058294523374 
138 3.55704156360826 3.8157755764978196 
139 3.71257523178996 3.16625163926304 
140 3.56553759651498 3.7000259108963 
141 3.73074673638288 3.55704156360826 
142 3.50001856764118 3.71257523178996 
143 3.14893534668542 3.56553759651498 
144 3.27468227387766 3.73074673638288 
145 3.24370805796332 3.50001856764118 
146 3.10751576501682 3.14893534668542 
147 3.38155573347318 3.27468227387766 
148 2.9695291358634 3.24370805796332 
149 3.10018925775076 3.10751576501682 
150 2.80529678902312 3.38155573347318 
151 2.85887035151124 2.9695291358634 
152 2.62015685326646 3.10018925775076 
153 3.13079379877634 2.80529678902312 
154 2.57463603217106 2.85887035151124 
155 3.5895803936028 2.62015685326646 
156 2.3081284003213898 3.13079379877634 
157 3.3184373192454 2.57463603217106 
158 2.152401458908804 3.5895803936028 
159 3.41982922173524 2.3081284003213898 
160 2.24405272072352 3.3184373192454 
161 3.45119124717888 2.152401458908804 
162 2.473805452028688 3.41982922173524 
163 3.82682397483718 2.24405272072352 
164 2.6874948275102 3.45119124717888 
165 3.77750007154068 2.473805452028688 
166 2.95357277041456 3.82682397483718 
167 4.06951149055036 2.6874948275102 
168 3.1450817391110997 3.77750007154068 
169 4.07930677404344 2.95357277041456 
170 3.2946237851624 4.06951149055036 
171 4.07855037713796 3.1450817391110997 
172 3.62173630835904 4.07930677404344 
173 3.7480694312873197 3.2946237851624 
174 3.5942809918158 4.07855037713796 
175 3.32715947970976 3.62173630835904 
176 3.60736546644406 3.7480694312873197 
177 3.0980323927468403 3.5942809918158 
178 3.4160832984743204 3.32715947970976 
179 3.02246464236608 3.60736546644406 
180 3.13694217905452 3.0980323927468403 
181 3.14686182799736 3.4160832984743204 
182 2.86679544104698 3.02246464236608 
183 3.5501345812991802 3.13694217905452 
184 2.73129858321232 3.14686182799736 
185 3.84622772430144 2.86679544104698 
186 2.4318357502796824 3.5501345812991802 
187 4.3575266589911 2.73129858321232 
188 2.392168933523576 3.84622772430144 
189 4.4106091025189205 2.4318357502796824 
190 2.50254168434354 4.3575266589911 
191 4.10962115916604 2.392168933523576 
192 2.29671353037823 4.4106091025189205 
193 3.52426508181584 2.50254168434354 
194 2.481824627221164 4.10962115916604 
195 3.6818479052688002 2.29671353037823 
196 2.4291630613184823 3.52426508181584 
197 3.21517254968346 2.481824627221164 
198 2.64048949043254 3.6818479052688002 
199 3.7274499790328 2.4291630613184823 
200 2.5454806268368197 3.21517254968346 
201 3.73428980939892 2.64048949043254 
202 2.60429382818264 3.7274499790328 
203 4.1503768164757195 2.5454806268368197 
204 2.461868009799296 3.73428980939892 
205 4.61267610956762 2.60429382818264 
206 3.1624588238702 4.1503768164757195 
207 4.49651475520178 2.461868009799296 
208 3.09331131635996 4.61267610956762 
209 3.9937456751153397 3.1624588238702 
210 3.62583403258982 4.49651475520178 
211 3.95305738478296 3.09331131635996 
212 3.5256652338817 3.9937456751153397 
213 3.53225533012378 3.62583403258982 
214 3.84559055682954 3.95305738478296 
215 2.77891490584856 3.5256652338817 
216 3.12513376162772 3.53225533012378 
217 2.83341149341612 3.84559055682954 
218 2.8403127395767602 2.77891490584856 
219 2.8039627436698398 3.12513376162772 
220 2.352426323204844 2.83341149341612 
221 3.10705711884078 2.8403127395767602 
222 2.450213334189858 2.8039627436698398 
223 3.18681268573914 2.352426323204844 
224 2.1853567155825178 3.10705711884078 
225 3.63976574424392 2.450213334189858 
226 2.5266848398719803 3.18681268573914 
227 3.8576583228271604 2.1853567155825178 
228 2.56559745953132 3.63976574424392 
229 3.9517729846206797 2.5266848398719803 
230 2.63802161772394 3.8576583228271604 
231 3.70510149164408 2.56559745953132 
232 2.8593922208419 3.9517729846206797 
233 4.2074413140828 2.63802161772394 
234 2.9985040160448397 3.70510149164408 
235 3.7021066640979 2.8593922208419 
236 3.11972025218222 4.2074413140828 
237 3.5854965742023 2.9985040160448397 
238 3.6245774906605197 3.7021066640979 
239 3.22206758118564 3.11972025218222 
240 3.6297226717938 3.5854965742023 
241 3.21195610754204 3.6245774906605197 
242 3.65918573577408 3.22206758118564 
243 2.43537875828424 3.6297226717938 
244 3.65230201727904 3.21195610754204 
245 2.382426400807012 3.65918573577408 
246 3.4181930936924 2.43537875828424 
247 2.387708472528314 3.65230201727904 
248 2.9891568118078 2.382426400807012 
249 2.53990536385498 3.4181930936924 
250 2.9828229839699802 2.387708472528314 
251 2.72813317706174 2.9891568118078 
252 2.6875216780542397 2.53990536385498 
253 3.02674729188182 2.9828229839699802 
254 2.93827750182014 2.72813317706174 
255 3.0134422696298198 2.6875216780542397 
256 2.9251810825367803 3.02674729188182 
257 2.77579739150354 2.93827750182014 
258 3.0744434334061 3.0134422696298198 
259 3.12713052522212 2.9251810825367803 
260 3.0769451307358398 2.77579739150354 
261 3.0413100539344198 3.0744434334061 
262 3.19454392102132 3.12713052522212 
263 2.8630572972 3.0769451307358398 
264 2.74458248843204 3.0413100539344198 
265 3.0044431667588603 3.19454392102132 
266 2.83948285734394 2.8630572972 
267 3.31865233269688 2.74458248843204 
268 2.57232097449654 3.0044431667588603 
269 2.8449744802051002 2.83948285734394 
270 2.81257384780596 3.31865233269688 
271 3.23824204004848 2.57232097449654 
272 2.67356704683608 2.8449744802051002 
273 3.50577103702156 2.81257384780596 
274 3.2428656605042 3.23824204004848 
275 3.2890787985166403 2.67356704683608 
276 3.0682425529443202 3.50577103702156 
277 3.23953723400734 3.2428656605042 
278 3.09899440164516 3.2890787985166403 
279 3.34215618402934 3.0682425529443202 
280 2.98618025911306 3.23953723400734 
281 2.852461725994 3.09899440164516 
282 2.88792225027094 3.34215618402934 
283 2.53881504447482 2.98618025911306 
284 2.294782211811398 2.852461725994 
285 2.8165002694652 2.88792225027094 
286 2.41144357427523 2.53881504447482 
287 2.5696951194052002 2.294782211811398 
288 2.56309435255226 2.8165002694652 
289 2.9769313678627998 2.41144357427523 
290 2.65413746554152 2.5696951194052002 
291 2.9209823289368 2.56309435255226 
292 3.01933958640738 2.9769313678627998 
293 3.51288847896036 2.65413746554152 
294 3.74832122142456 2.9209823289368 
295 3.39176022638082 3.01933958640738 
296 3.97988002351918 3.51288847896036 
297 3.47575726057882 3.74832122142456 
298 3.9656248336177002 3.39176022638082 
299 3.06373617079446 3.97988002351918 
300 3.9300395493915197 3.47575726057882 
301 3.6110680612814603 3.9656248336177002 
302 3.7630707032965196 3.06373617079446 
303 3.04914283593634 3.9300395493915197 
304 3.3690898678538597 3.6110680612814603 
305 3.3587844185201403 3.7630707032965196 
306 3.19462139675182 3.04914283593634 
307 3.5583666330527803 3.3690898678538597 
308 3.0699062342374797 3.3587844185201403 
309 4.0383918701125605 3.19462139675182 
310 3.30290723999294 3.5583666330527803 
311 3.8549594873561 3.0699062342374797 
312 3.37865207203786 4.0383918701125605 
313 4.17892129503508 3.30290723999294 
314 3.36398498471228 3.8549594873561 
315 3.6456502983478 3.37865207203786 
316 3.45919316895976 4.17892129503508 
317 3.4739544941303597 3.36398498471228 
318 3.69369241677452 3.6456502983478 
319 3.16914100899492 3.45919316895976 
320 2565664.5110895997 3.4739544941303597 
321 3.1797055263249 3.69369241677452 
322 2565664.2730172803 3.16914100899492 
323 2.9635260686033797 2565664.5110895997 
324 2565664.01885208 3.1797055263249 
325 3.0566739188803 2565664.2730172803 
326 2565663.78026044 2.9635260686033797 
327 3.3801315485953602 2565664.01885208 
328 2565663.8637692 3.0566739188803 
329 3.29813780420794 2565663.78026044 
330 2.7525805739435603 3.3801315485953602 
331 3.04185626664256 2565663.8637692 
332 2.92262693348422 3.29813780420794 
333 2.90832797640318 2.7525805739435603 
334 2.7040302465784 3.04185626664256 
335 2.76543760499546 2.92262693348422 
336 2.6802601742325 2.90832797640318 
337 2.54922661807614 2.7040302465784 
338 2.3187613840405517 2.76543760499546 
339 2.7125798859191397 2.6802601742325 
340 2.3204273941474 2.54922661807614 
341 2.76501633986524 2.3187613840405517 
342 3.117545490384 2.7125798859191397 
343 3.3242128008558 2.3204273941474 
344 3.19018579812246 2.76501633986524 
345 3.48013787769866 3.117545490384 
346 3.4039075587549 3.3242128008558 
347 3.37584908239062 3.19018579812246 
348 3.9663671729644 3.48013787769866 
349 3.37584908239062 3.4039075587549 
350 4.43023093399548 3.37584908239062 
351 3.4752917793786398 3.9663671729644 
352 4.09847950204436 3.37584908239062 
353 3.14177638644632 4.43023093399548 
354 4.30084187111608 3.4752917793786398 
355 3.14250672771636 4.09847950204436 
356 3.9119313069483197 3.14177638644632 
357 2.98897368552344 4.30084187111608 
358 3.33232235272044 3.14250672771636 
359 2.87373176900854 3.9119313069483197 
360 2.5925105726371998 2.98897368552344 
361 2.7179164113231 3.33232235272044 
362 2.122930355221858 2.87373176900854 
363 3.28857764381032 2.5925105726371998 
364 2.064617057690076 2.7179164113231 
365 3.51738581634006 2.122930355221858 
366 2.264751500664894 3.28857764381032 
367 3.43867794227378 2.064617057690076 
368 2.9104889593229197 3.51738581634006 
369 3.36199466587982 2.264751500664894 
370 3.04663039043026 3.43867794227378 
371 3.36199466587982 2.9104889593229197 
372 3.01484848337368 3.36199466587982 
373 2.476594905419734 3.04663039043026 
374 3.3203609342130602 3.36199466587982 
375 2.341877315044786 3.01484848337368 
376 3.1229205149766797 2.476594905419734 
377 2.335046310398862 3.3203609342130602 
378 3.14812706193898 2.341877315044786 
379 2.335046310398862 3.1229205149766797 
380 3.59156504351116 2.335046310398862 
381 2.335046310398862 3.14812706193898 
382 3.61364691381022 2.335046310398862 
383 2.38927838960155 3.59156504351116 
384 3.3216850732173198 2.335046310398862 
385 2.99618265363828 3.61364691381022 
386 3.36072972345552 2.38927838960155 
387 3.0870981726285 3.3216850732173198 
388 3.26195549263046 2.99618265363828 
389 3.04613870703114 3.36072972345552 
390 2.7261338465431 3.0870981726285 
391 3.0051073835489 3.26195549263046 
392 2.63161309991808 3.04613870703114 
393 2.89443045926272 2.7261338465431 
394 3.14576914287404 3.0051073835489 
395 2.152279619620582 2.63161309991808 
396 3.1421258734363997 2.89443045926272 
397 2.156669478998122 3.14576914287404 
398 2.73915757784242 2.152279619620582 
399 2.156669478998122 3.1421258734363997 
400 2.88994042294294 2.156669478998122 
401 2.156669478998122 2.73915757784242 
402 3.16564127230108 2.156669478998122 
403 2.7124051976061 2.88994042294294 
404 2.82719374319412 2.156669478998122 
405 2.8651453909596 3.16564127230108 
406 3.18210356448798 2.7124051976061 
407 3.0923953979996197 2.82719374319412 
408 3.62514739599372 2.8651453909596 
409 3.0923953979996197 3.18210356448798 
410 3.6166801735954 3.0923953979996197 
411 3.0923953979996197 3.62514739599372 
412 3.9106253441743197 3.0923953979996197 
413 2.7870573898116 3.6166801735954 
414 3.7379388468449397 3.0923953979996197 
415 3.26509174197292 3.9106253441743197 
416 3.65247453798496 2.7870573898116 
417 2.9439884855241 3.7379388468449397 
418 3.54110782885142 3.26509174197292 
419 2.98494795112146 3.65247453798496 
420 3.59447316641634 2.9439884855241 
421 3.0259792746037 3.54110782885142 
422 3.1382133978718203 2.98494795112146 
423 2.92770590217364 3.59447316641634 
424 3.83731529251004 3.0259792746037 
425 2.5194018259360798 3.1382133978718203 
426 4.0005292510165 2.92770590217364 
427 2.92537760940096 3.83731529251004 
428 4.072358718010561 2.5194018259360798 
429 2.92537760940096 4.0005292510165 
430 4.16059214443752 2.92537760940096 
431 2.92537760940096 4.072358718010561 
432 4.26160160003108 2.92537760940096 
433 3.1040053047417397 4.16059214443752 
434 3.5790107364625 2.92537760940096 
435 2.91881802864074 4.26160160003108 
436 3.35757911562294 3.1040053047417397 
437 2.65315027314082 3.5790107364625 
438 3.21143761752246 2.91881802864074 
439 2.65315027314082 3.35757911562294 
440 3.4293356890176 2.65315027314082 
441 2.65315027314082 3.21143761752246 
442 3.47815901471794 2.65315027314082 
443 2.456511887070544 3.4293356890176 
444 3.7121882230940004 2.65315027314082 
445 2.6499180339250197 3.47815901471794 
446 3.8708249854883596 2.456511887070544 
447 2.67807994757458 3.7121882230940004 
448 3.76790805051544 2.6499180339250197 
449 2.67807994757458 3.8708249854883596 
450 3.37431317255016 2.67807994757458 
451 2.67807994757458 3.76790805051544 
452 3.19680143485684 2.67807994757458 
453 2.5925846115118 3.37431317255016 
454 3.0167168190497398 2.67807994757458 
455 2.5479240025434 3.19680143485684 
456 2.83421710424346 2.5925846115118 
457 2.498923282500428 3.0167168190497398 
458 2.99458707471636 2.5479240025434 
459 2.498923282500428 2.83421710424346 
460 3.06368788687002 2.498923282500428 
461 2.498923282500428 2.99458707471636 
462 3.70664062149812 2.498923282500428 
463 2.54887759799984 3.06368788687002 
464 3.72936369016902 2.498923282500428 
465 2.54167739323602 3.70664062149812 
466 4.07548794571394 2.54887759799984 
467 2.6656741167313602 3.72936369016902 
468 3.9563034364163796 2.54167739323602 
469 2.6656741167313602 4.07548794571394 
470 4.12864893138358 2.6656741167313602 
471 2.6656741167313602 3.9563034364163796 
472 3.59961111857376 2.6656741167313602 
473 3.1789719456676 4.12864893138358 
474 3.57955117002808 2.6656741167313602 
475 2.8331733902833998 3.59961111857376 
476 3.4892177154024 3.1789719456676 
477 3.16184113004528 3.57955117002808 
478 3.86173927573686 2.8331733902833998 
479 3.16184113004528 3.4892177154024 
480 3.54117948674916 3.16184113004528 
481 3.16184113004528 3.86173927573686 
482 3.4440162507046397 3.16184113004528 
483 2.67898068067344 3.54117948674916 
484 3.3060673628523802 3.16184113004528 
485 2.91614056621738 3.4440162507046397 
486 3.08990131810326 2.67898068067344 
487 2.70702150740884 3.3060673628523802 
488 2.95296801747124 2.91614056621738 
489 2.70702150740884 3.08990131810326 
490 3.2104879916781597 2.70702150740884 
491 2.70702150740884 2.95296801747124 
492 2.92008628030098 2.70702150740884 
493 2.97919993312924 3.2104879916781597 
494 2.92377021181542 2.70702150740884 
495 3.0837880971839597 2.92008628030098 
496 3.11221709345138 2.97919993312924 
497 3.16266442967886 2.92377021181542 
498 2.8390280530640597 3.0837880971839597 
499 3.16266442967886 3.11221709345138 
500 2.7022246623634603 3.16266442967886 
501 3.16266442967886 2.8390280530640597 
502 3.00481578080528 3.16266442967886 
503 2.8163296352426 2.7022246623634603 
504 2.8946943043460203 3.16266442967886 
505 3.00814938298312 3.00481578080528 
506 2.89031790461984 2.8163296352426 
507 2.9468760376725003 2.8946943043460203 
508 3.42212916310816 3.00814938298312 
509 2.9468760376725003 2.89031790461984 
510 3.3499762169038 2.9468760376725003 
511 2.9468760376725003 3.42212916310816 
512 3.3810050643695 2.9468760376725003 
513 3.5205306741221998 3.3499762169038 
514 3.7330591238163597 2.9468760376725003 
515 3.7515271879251997 3.3810050643695 
516 3.45335738977714 3.5205306741221998 
517 3.72277217430628 3.7330591238163597 
518 2.94956334122986 3.7515271879251997 
519 3.72277217430628 3.45335738977714 
520 3.12250974819362 3.72277217430628 
521 3.72277217430628 2.94956334122986 
522 2.84743328200146 3.72277217430628 
523 3.38139150838152 3.12250974819362 
524 2.5984416305381 3.72277217430628 
525 3.0887934917559 2.84743328200146 
526 2.7801820324059 3.38139150838152 
527 3.03540517901222 2.5984416305381 
528 3.24123249779744 3.0887934917559 
529 3.03540517901222 2.7801820324059 
530 3.3168456881140798 3.03540517901222 
531 3.03540517901222 3.24123249779744 
532 3.56639732774722 3.03540517901222 
533 3.10252715710054 3.3168456881140798 
534 3.7364313476517 3.03540517901222 
535 3.0665393731829202 3.56639732774722 
536 3.7965276123624 3.10252715710054 
537 3.0498684863694203 3.7364313476517 
538 3.37103791475638 3.0665393731829202 
539 3.0498684863694203 3.7965276123624 
540 3.31993760209666 3.0498684863694203 
541 3.0498684863694203 3.37103791475638 
542 3.1097606949143 3.0498684863694203 
543 2.93104881070274 3.31993760209666 
544 3.10773502860344 3.0498684863694203 
545 2.58400977519792 3.1097606949143 
546 2.8514249061209602 2.93104881070274 
547 2.331825778348148 3.10773502860344 
548 3.19593768297216 2.58400977519792 
549 2.331825778348148 2.8514249061209602 
550 3.00521305342582 2.331825778348148 
551 2.331825778348148 3.19593768297216 
552 3.43812797549344 2.331825778348148 
553 2.318089894633032 3.00521305342582 
554 3.29039024209828 2.331825778348148 
555 2.3542218991647 3.43812797549344 
556 3.38561246998212 2.318089894633032 
557 2.42419388940435 3.29039024209828 
558 2.86489278023374 2.3542218991647 
559 2.42419388940435 3.38561246998212 
560 3.0522524073725 2.42419388940435 
561 2.42419388940435 2.86489278023374 
562 3.36139006083532 2.42419388940435 
563 2.9832882120423 3.0522524073725 
564 3.6796427245788 2.42419388940435 
565 3.6258361100078202 3.36139006083532 
566 3.57210091738908 2.9832882120423 
567 3.66197382861744 3.6796427245788 
568 3.6520251006875 3.6258361100078202 
569 3.66197382861744 3.57210091738908 
570 3.54700174011516 3.66197382861744 
571 3.66197382861744 3.6520251006875 
572 3.36122603006856 3.66197382861744 
573 3.27786855764288 3.54700174011516 
574 3.2698566862255403 3.66197382861744 
575 2.70266913407036 3.36122603006856 
576 3.2113569278175 3.27786855764288 
577 2.79348873887462 3.2698566862255403 
578 3.4856207364926 2.70266913407036 
579 3.2524445287963 3.2113569278175 
580 3.9168402613115396 2.79348873887462 
581 3.14174738048398 3.4856207364926 
582 4.10809945367528 3.2524445287963 
583 2.90453551382156 3.9168402613115396 
584 4.07265771757738 3.14174738048398 
585 3.09431367202798 4.10809945367528 
586 4.2376038251521795 2.90453551382156 
587 3.03040893207802 4.07265771757738 
588 4.06635450352864 3.09431367202798 
589 2.6726191925886598 4.2376038251521795 
590 3.7757913363043203 3.03040893207802 
591 3.31883220125258 4.06635450352864 
592 3.281082842504 2.6726191925886598 
593 3.4763659597403 3.7757913363043203 
594 3.3027602404702803 3.31883220125258 
595 3.33557709980532 3.281082842504 
596 3.3804024838758 3.4763659597403 
597 3.3719649025036 3.3027602404702803 
598 3.19806934053576 3.33557709980532 
599 3.3693987522252202 3.3804024838758 
600 3.08128308226648 3.3719649025036 
601 3.64563414045132 3.19806934053576 
602 2.9896314181581602 3.3693987522252202 
603 3.45799091701866 3.08128308226648 
604 3.05481969964244 3.64563414045132 
605 3.20720868395314 2.9896314181581602 
606 3.0959418636395197 3.45799091701866 
607 3.6102749314851 3.05481969964244 
608 3.42851893497402 3.20720868395314 
609 3.59839497890946 3.0959418636395197 
610 3.54612623336816 3.6102749314851 
611 2.84553398909444 3.42851893497402 
612 3.5302344896044002 3.59839497890946 
613 2.6899350189241598 3.54612623336816 
614 3.3002391276682 2.84553398909444 
615 2.82448519088088 3.5302344896044002 
616 3.44932832933826 2.6899350189241598 
617 2.4132183094768958 3.3002391276682 
618 3.437202308579 2.82448519088088 
619 2.4470320423990417 3.44932832933826 
620 3.8033281066614797 2.4132183094768958 
621 2.68479158926694 3.437202308579 
622 3.87807643895362 2.4470320423990417 
623 2.8323553641061 3.8033281066614797 
624 3.70185096452778 2.68479158926694 
625 2.8496842974865197 3.87807643895362 
626 3.65404182698788 2.8323553641061 
627 3.28185450550346 3.70185096452778 
628 3.40515243391072 2.8496842974865197 
629 3.5882999248039797 3.65404182698788 
630 3.10691739090216 3.28185450550346 
631 3.6425035952576 3.40515243391072 
632 3.1028445434253 3.5882999248039797 
633 3.7481662028764 3.10691739090216 
634 3.31432922347286 3.6425035952576 
635 3.8873727904313 3.1028445434253 
636 2.98599636933608 3.7481662028764 
637 3.47020209618396 3.31432922347286 
638 3.05874042041946 3.8873727904313 
639 3.3970327458761 2.98599636933608 
640 2.79932259644548 3.47020209618396 
641 3.4671305271048203 3.05874042041946 
642 2.8151014905086997 3.3970327458761 
643 3.32986891011384 2.79932259644548 
644 2.92707312902874 3.4671305271048203 
645 3.16584062158542 2.8151014905086997 
646 3.17524631095846 3.32986891011384 
647 3.29189803853912 2.92707312902874 
648 3.19639095146328 3.16584062158542 
649 3.3310552040154398 3.17524631095846 
650 3.1597659734535 3.29189803853912 
651 3.12014515978108 3.19639095146328 
652 3.0367834003074003 3.3310552040154398 
653 3.2338265464918203 3.1597659734535 
654 2.78122644068902 3.12014515978108 
655 3.2841272223779603 3.0367834003074003 
656 2.55319065505594 3.2338265464918203 
657 3.0666354926026402 2.78122644068902 
658 2.478379303711992 3.2841272223779603 
659 3.59128202423286 2.55319065505594 
660 2.9829867586581 3.0666354926026402 
661 3.42384465572558 2.478379303711992 
662 3.2409685500638803 3.59128202423286 
663 3.62889085300538 2.9829867586581 
664 3.1300812280167003 3.42384465572558 
665 3.51386691878118 3.2409685500638803 
666 3.23166611627836 3.62889085300538 
667 3.67531448127256 3.1300812280167003 
668 3.18650765214712 3.51386691878118 
669 3.1089347967057 3.23166611627836 
670 3.09874965970336 3.67531448127256 
671 3.31462616435372 3.18650765214712 
672 2.9665196622924404 3.1089347967057 
673 3.31318403556288 3.09874965970336 
674 3.0658459129375197 3.31462616435372 
675 3.38190192850146 2.9665196622924404 
676 4.01794376416246 3.31318403556288 
677 4.00933131798152 3.0658459129375197 
678 3.8598148871072397 3.38190192850146 
679 3.7115294498398796 4.01794376416246 
680 3.68059550976594 4.00933131798152 
681 4.19840644830092 3.8598148871072397 
682 3.6243145567251 3.7115294498398796 
683 4.029439048723701 3.68059550976594 
684 3.65170313418394 4.19840644830092 
685 3.9838720254280604 3.6243145567251 
686 2.7055799567964 4.029439048723701 
687 3.2715699658684203 3.65170313418394 
688 2.66899810316978 3.9838720254280604 
689 3.5121603381571798 2.7055799567964 
690 2.6717944431543 3.2715699658684203 
691 3.08518347525234 2.66899810316978 
692 2.77144247607724 3.5121603381571798 
693 3.02047146554496 2.6717944431543 
694 2.625216029387 3.08518347525234 
695 2.98464759746704 2.77144247607724 
696 2.64820813673138 3.02047146554496 
697 3.35215412094338 2.625216029387 
698 2.6720138079335003 2.98464759746704 
699 3.41071278426972 2.64820813673138 
700 2.498818049619114 3.35215412094338 
701 3.3727750599884 2.6720138079335003 
702 2.497428285350364 3.41071278426972 
703 3.63307074903002 2.498818049619114 
704 2.5660270423903397 3.3727750599884 
705 3.89577334643352 2.497428285350364 
706 2.78911275730126 3.63307074903002 
707 3.7086882228828 2.5660270423903397 
708 2.77265460259546 3.89577334643352 
709 3.42519640584466 2.78911275730126 
710 3.28666177365226 3.7086882228828 
711 3.33508864619938 2.77265460259546 
712 3.2197284378104003 3.42519640584466 
713 3.24175779441118 3.28666177365226 
714 3.3557122294616 3.33508864619938 
715 3.31811187167044 3.2197284378104003 
716 3.24409184537922 3.24175779441118 
717 3.57090165458014 3.3557122294616 
718 3.5074463125328 3.31811187167044 
719 4.1981187930588 3.24409184537922 
720 2.9946393131358398 3.57090165458014 
721 4.37605866865818 3.5074463125328 
722 3.00253043670976 4.1981187930588 
723 4.5153543152312405 2.9946393131358398 
724 3.23573255746448 4.37605866865818 
725 4.4993703802058596 3.00253043670976 
726 3.56297218004032 4.5153543152312405 
727 4.53878628525014 3.23573255746448 
728 3.66780434999982 4.4993703802058596 
729 4.37816890616664 3.56297218004032 
730 3.70019857335776 4.53878628525014 
731 4.16145775673238 3.66780434999982 
732 3.69415701953276 4.37816890616664 
733 3.65542933547784 3.70019857335776 
734 3.7180011368521 4.16145775673238 
735 4.08168846072366 3.69415701953276 
736 3.3676716627085 3.65542933547784 
737 3.96689230895054 3.7180011368521 
738 2.9903218715053 4.08168846072366 
739 3.52859833543224 3.3676716627085 
740 2.8163823813449 3.96689230895054 
741 3.66366708390796 2.9903218715053 
742 2.9239400683714 3.52859833543224 
743 4.19684240862992 2.8163823813449 
744 2.75487465756666 3.66366708390796 
745 3.51346921453772 2.9239400683714 
746 2.7861240358853 4.19684240862992 
747 3.46154161990886 2.75487465756666 
748 3.14319122837018 3.51346921453772 
749 4.12754955625208 2.7861240358853 
750 3.20445966510276 3.46154161990886 
751 3.88917793314076 3.14319122837018 
752 2.96660339554594 4.12754955625208 
753 3.5122669508069597 3.20445966510276 
754 3.0726897816656202 3.88917793314076 
755 3.49491762968192 2.96660339554594 
756 2.80733500174084 3.5122669508069597 
757 3.1391552320956597 3.0726897816656202 
758 2.64280669409548 3.49491762968192 
759 2.522049971107 2.80733500174084 
760 2.6059286347166 3.1391552320956597 
761 2.8810086441583 2.64280669409548 
762 2.84353844786664 2.522049971107 
763 3.1692287667275 2.6059286347166 
764 2.5637533810358 2.8810086441583 
765 3.24947226454628 2.84353844786664 
766 3.1496239207664 3.1692287667275 
767 3.58660805372178 2.5637533810358 
768 3.1879506297363998 3.24947226454628 
769 3.72918787272612 3.1496239207664 
770 3.4378068037180998 3.58660805372178 
771 3.2535928911219 3.1879506297363998 
772 3.50663952074286 3.72918787272612 
773 3.62703743415196 3.4378068037180998 
774 3.4044780660982 3.2535928911219 
775 3.9021195194165004 3.50663952074286 
776 2.79760523653228 3.62703743415196 
777 3.83417299429752 3.4044780660982 
778 2.85114547810124 3.9021195194165004 
779 3.51616773059828 2.79760523653228 
780 2.5232848286765 3.83417299429752 
781 3.61894169975448 2.85114547810124 
782 2.487075059661108 3.51616773059828 
783 3.26377526421386 2.5232848286765 
784 2.6770269219616 3.61894169975448 
785 3.0360250499360797 2.487075059661108 
786 2.79143971402544 3.26377526421386 
787 3.04935230480306 2.6770269219616 
788 2.57621858310852 3.0360250499360797 
789 3.61354812431582 2.79143971402544 
790 3.47790408139156 3.04935230480306 
791 3.6578457053544198 2.57621858310852 
792 3.26536167355798 3.61354812431582 
793 3.2543042597176 3.47790408139156 
794 3.12518905657494 3.6578457053544198 
795 3.2254966411119197 3.26536167355798 
796 3.02539124662538 3.2543042597176 
797 3.1684679054465 3.12518905657494 
798 3.5325739858559397 3.2254966411119197 
799 2.8290291155203997 3.02539124662538 
800 2.8572847020133 3.1684679054465 
801 3.79905319037046 3.5325739858559397 
802 2.9470015041933197 2.8290291155203997 
803 4.55149322072572 2.8572847020133 
804 3.12415325631946 3.79905319037046 
805 4.62261821951136 2.9470015041933197 
806 3.1674587854564598 4.55149322072572 
807 4.456908774288641 3.12415325631946 
808 2.53807896139922 4.62261821951136 
809 5.26115635737106 3.1674587854564598 
810 2.50831708089978 4.456908774288641 
811 4.48196125818544 2.53807896139922 
812 2.4077252333765737 5.26115635737106 
813 3.8008203268927603 2.50831708089978 
814 2.355903701760628 4.48196125818544 
815 3.7856786278084598 2.4077252333765737 
816 2.271973515559166 3.8008203268927603 
817 4.028567366138359 2.355903701760628 
818 2.63789260073376 3.7856786278084598 
819 3.30467121851336 2.271973515559166 
820 3.23842835823942 4.028567366138359 
821 3.90080885637204 2.63789260073376 
822 3.2019161782986 3.30467121851336 
823 3.8421257111810396 3.23842835823942 
824 3.34077164167994 3.90080885637204 
825 3.70459866381466 3.2019161782986 
826 3.84418764869258 3.8421257111810396 
827 3.6700290655892602 3.34077164167994 
828 3.8807717411487603 3.70459866381466 
829 3.6787573471807398 3.84418764869258 
830 3.404689933245 3.6700290655892602 
831 2.96360142429466 3.8807717411487603 
832 3.8892223298619397 3.6787573471807398 
833 3.94673582722048 3.404689933245 
834 3.8993613453667004 2.96360142429466 
835 4.2740414290671405 3.8892223298619397 
836 3.90394045028422 3.94673582722048 
837 3.97513994185866 3.8993613453667004 
838 3.8971490303598797 4.2740414290671405 
839 3.87763074973536 3.90394045028422 
840 3.9210815570738 3.97513994185866 
841 4.309508487387999 3.8971490303598797 
842 3.55326184170882 3.87763074973536 
843 3.58839337380916 3.9210815570738 
844 3.40911676221046 4.309508487387999 
845 3.2166020580395402 3.55326184170882 
846 3.0719383741486 3.58839337380916 
847 3.35035471340744 3.40911676221046 
848 3.08441500764674 3.2166020580395402 
849 3.51044351261652 3.0719383741486 
850 3.0516109712384 3.35035471340744 
851 3.5836904480543597 3.08441500764674 
852 3.43650115276972 3.51044351261652 
853 4.03195763405946 3.0516109712384 
854 3.40957907441418 3.5836904480543597 
855 4.1370071884322 3.43650115276972 
856 3.1729480586943 4.03195763405946 
857 3.9462037908420795 3.40957907441418 
858 3.0278257161348003 4.1370071884322 
859 3.95431390142508 3.1729480586943 
860 3.97114697658566 3.9462037908420795 
861 3.50678195761078 3.0278257161348003 
862 3.5219034780432 3.95431390142508 
863 3.24707126856974 3.97114697658566 
864 3.52751289629578 3.50678195761078 
865 3.56076577778334 3.5219034780432 
866 4.0490048608384 3.24707126856974 
867 3.54024462036442 3.52751289629578 
868 4.2204766232820194 3.56076577778334 
869 3.79371057379552 4.0490048608384 
870 3.38956741484068 3.54024462036442 
871 4.113775555945621 4.2204766232820194 
872 3.48952751952264 3.79371057379552 
873 3.90332021091154 3.38956741484068 
874 3.8663819633918797 4.113775555945621 
875 3.71196899992444 3.48952751952264 
876 3.34348971515094 3.90332021091154 
877 4.10200359643662 3.8663819633918797 
878 3.34372656583734 3.71196899992444 
879 3.6317872868299803 3.34348971515094 
880 3.02829971594936 4.10200359643662 
881 3.52716175979334 3.34372656583734 
882 3.1502696633482197 3.6317872868299803 
883 3.9464622461550802 3.02829971594936 
884 3.10294823692356 3.52716175979334 
885 4.10106089045688 3.1502696633482197 
886 3.05491604958098 3.9464622461550802 
887 3.79223200835078 3.10294823692356 
888 3.21530290512476 4.10106089045688 
889 4.17444163024916 3.05491604958098 
890 3.4522121437416198 3.79223200835078 
891 4.296278090495941 3.21530290512476 
892 3.34718686797976 4.17444163024916 
893 3.7555264926748997 3.4522121437416198 
894 3.32147744132888 4.296278090495941 
895 3.75968499362626 3.34718686797976 
896 3.61480867321198 3.7555264926748997 
897 3.5262849885660197 3.32147744132888 
898 3.4055307753129602 3.75968499362626 
899 3.44612225808146 3.61480867321198 
900 3.13648320885842 3.5262849885660197 
901 3.18886298766762 3.4055307753129602 
902 2.96104841743186 3.44612225808146 
903 3.0179477190480997 3.13648320885842 
904 2.6166017554863403 3.18886298766762 
905 2.84046412572852 2.96104841743186 
906 2.61007471858428 3.0179477190480997 
907 3.06793212968384 2.6166017554863403 
908 2.73403220696712 2.84046412572852 
909 3.0289492034449 2.61007471858428 
910 2.91994702113352 3.06793212968384 
911 3.03333238003628 2.73403220696712 
912 3.27595364095324 3.0289492034449 
913 3.26052262719328 2.91994702113352 
914 3.55326787986376 3.03333238003628 
915 3.12236481074372 3.27595364095324 
916 3.53466569792154 3.26052262719328 
917 3.13662380986922 3.55326787986376 
918 3.31256065471996 3.12236481074372 
919 3.14263426221026 3.53466569792154 
920 3.18487705689612 3.13662380986922 
921 3.14188101024694 3.31256065471996 
922 3.03066787254318 3.14263426221026 
923 2.87406519245744 3.18487705689612 
924 2.69635601799244 3.14188101024694 
925 3.0052910333398 3.03066787254318 
926 2.87209048049526 2.87406519245744 
927 3.0742763235424397 2.69635601799244 
928 3.05071076783456 3.0052910333398 
929 3.13556434769778 2.87209048049526 
930 3.05103765455154 3.0742763235424397 
931 3.23540566384542 3.05071076783456 
932 2.79259954673954 3.13556434769778 
933 3.44926690733584 3.05103765455154 
934 3.05710171612774 3.23540566384542 
935 3.38875071289026 2.79259954673954 
936 3.9066081012668596 3.44926690733584 
937 3.45196817361576 3.05710171612774 
938 3.73690343004508 3.38875071289026 
939 3.16906360930842 3.9066081012668596 
940 3.69932835300126 3.45196817361576 
941 2.9560058729678 3.73690343004508 
942 3.918848340845 3.16906360930842 
943 3.30113488115242 3.69932835300126 
944 3.69212594894116 2.9560058729678 
945 3.62870964313332 3.918848340845 
946 2.7034489198340603 3.30113488115242 
947 3.3258351382636397 3.69212594894116 
948 2.4171816563721498 3.62870964313332 
949 3.45413796890588 2.7034489198340603 
950 2.8007950753135202 3.3258351382636397 
951 3.27460481599498 2.4171816563721498 
952 3.05771507318182 3.45413796890588 
953 3.05971777928934 2.8007950753135202 
954 3.24556446266392 3.27460481599498 
955 2.64094625045616 3.05771507318182 
956 3.2269783868430197 3.05971777928934 
957 2.91494795088438 3.24556446266392 
958 3.1384190568885 2.64094625045616 
959 2.99356439849724 3.2269783868430197 
960 2.96005264417726 2.91494795088438 
961 2.97805090636648 3.1384190568885 
962 2.76105263584658 2.99356439849724 
963 2.9167130237950003 2.96005264417726 
964 2.6092347813298598 2.97805090636648 
965 2.99480974004788 2.76105263584658 
966 2.7924536191126 2.9167130237950003 
967 2.87951219120174 2.6092347813298598 
968 2.89489734444438 2.99480974004788 
969 3.01464273509356 2.7924536191126 
970 2.9611759032287 2.87951219120174 
971 3.2357956861159 2.89489734444438 
972 2.93433443007646 3.01464273509356 
973 3.06642909154646 2.9611759032287 
974 3.05843391843414 3.2357956861159 
975 3.34919726213308 2.93433443007646 
976 2.79950616963086 3.06642909154646 
977 3.53909578232634 3.05843391843414 
978 2.73832419386114 3.34919726213308 
979 3.50320372786978 2.79950616963086 
980 2.7656163618204603 3.53909578232634 
981 3.40815727547008 2.73832419386114 
982 3.0957161194954 3.50320372786978 
983 4.0104540648324996 2.7656163618204603 
984 3.1331388393079 3.40815727547008 
985 4.21285009899912 3.0957161194954 
986 3.68144298864188 4.0104540648324996 
987 3.7034633873953604 3.1331388393079 
988 4.06113805060272 4.21285009899912 
989 3.48876658653854 3.68144298864188 
990 4.08672674235756 3.7034633873953604 
991 3.7611375053954 4.06113805060272 
992 3.64799532747878 3.48876658653854 
993 3.09905113527844 4.08672674235756 
994 3.7981889582300803 3.7611375053954 
995 2.8473410810408 3.64799532747878 
996 3.51287181486694 3.09905113527844 
997 2.6931738182242 3.7981889582300803 
998 3.54513684097868 2.8473410810408 
999 3.0874889628883397 3.51287181486694 
1000 3.26149413716554 2.6931738182242 
1001 2.9272505369251403 3.54513684097868 
1002 3.24390784416236 3.0874889628883397 
1003 2.90030749683226 3.26149413716554 
1004 3.05602729924256 2.9272505369251403 
1005 2.72758764254574 3.24390784416236 
1006 3.5280423982543803 2.90030749683226 
1007 3.42036737110654 3.05602729924256 
1008 3.09338979051922 2.72758764254574 
1009 3.126862239067 3.5280423982543803 
1010 3.0565576668951 3.42036737110654 
1011 2.90238616683326 3.09338979051922 
1012 3.2087488618349 3.126862239067 
1013 3.7102660650382395 3.0565576668951 
1014 3.24423785843352 2.90238616683326 
1015 3.7660329913538804 3.2087488618349 
1016 2.81085085394792 3.7102660650382395 
1017 3.504704123393 3.24423785843352 
1018 3.31231922825378 3.7660329913538804 
1019 3.9373384415165398 2.81085085394792 
1020 3.3676214484769202 3.504704123393 
1021 4.01462170752596 3.31231922825378 
1022 3.55779981691674 3.9373384415165398 
1023 4.1063377430941 3.3676214484769202 
1024 3.4531188320201998 4.01462170752596 
1025 4.15551851302098 3.55779981691674 
1026 3.6122364207975197 4.1063377430941 
1027 4.1553845681217405 3.4531188320201998 
