0 1.5 
1 1.5 
2 3.5 
3 1.5 
4 3.5 
5 1.5 
6 18.5 
7 1.5 
8 18.5 
9 3.5 
10 16.5 
11 3.5 
12 18.5 
13 18.5 
14 18.5 
15 18.5 
16 18.5 
17 18.5 
18 18.5 
19 18.5 
20 18.5 
21 18.5 
22 18.5 
23 3.5 
24 3.5 
25 18.5 
26 18.5 
27 16.5 
28 18.5 
29 16.5 
30 18.5 
31 18.5 
32 18.5 
33 18.5 
34 18.5 
35 3.5 
36 18.5 
37 3.5 
38 18.5 
39 3.5 
40 18.5 
41 3.5 
42 18.5 
43 3.5 
44 18.5 
45 3.5 
46 18.5 
47 18.5 
48 18.5 
49 18.5 
50 3.5 
51 18.5 
52 18.5 
53 18.5 
54 16.5 
55 18.5 
56 16.5 
57 3.5 
58 16.5 
59 3.5 
60 16.5 
61 3.5 
62 16.5 
63 18.5 
64 16.5 
65 18.5 
66 18.5 
67 18.5 
68 18.5 
69 18.5 
70 18.5 
71 18.5 
72 3.5 
73 18.5 
74 3.5 
75 18.5 
76 3.5 
77 18.5 
78 3.5 
79 18.5 
80 3.5 
81 3.5 
82 3.5 
83 18.5 
84 3.5 
85 18.5 
86 3.5 
87 18.5 
88 16.5 
89 18.5 
90 18.5 
91 18.5 
92 18.5 
93 18.5 
94 18.5 
95 3.5 
96 18.5 
97 1.5 
98 3.5 
99 3.5 
100 3.5 
101 3.5 
102 3.5 
103 3.5 
104 3.5 
105 3.5 
106 3.5 
107 18.5 
108 3.5 
109 18.5 
110 18.5 
111 18.5 
112 18.5 
113 18.5 
114 18.5 
115 18.5 
116 16.5 
117 18.5 
118 16.5 
119 18.5 
120 3.5 
121 18.5 
122 3.5 
123 18.5 
124 3.5 
125 18.5 
126 3.5 
127 3.5 
128 3.5 
129 3.5 
130 18.5 
131 18.5 
132 18.5 
133 18.5 
134 18.5 
135 18.5 
136 18.5 
137 18.5 
138 18.5 
139 18.5 
140 18.5 
141 3.5 
142 18.5 
143 16.5 
144 18.5 
145 16.5 
146 18.5 
147 16.5 
148 18.5 
149 16.5 
150 18.5 
151 16.5 
152 18.5 
153 16.5 
154 18.5 
155 1.5 
156 3.5 
157 1.5 
158 3.5 
159 3.5 
160 3.5 
161 18.5 
162 3.5 
163 18.5 
164 3.5 
165 18.5 
166 3.5 
167 18.5 
168 18.5 
169 18.5 
170 16.5 
171 3.5 
172 16.5 
173 3.5 
174 16.5 
175 18.5 
176 16.5 
177 18.5 
178 16.5 
179 16.5 
180 16.5 
181 16.5 
182 16.5 
183 16.5 
184 16.5 
185 16.5 
186 16.5 
187 16.5 
188 1.5 
189 16.5 
190 1.5 
191 16.5 
192 3.5 
193 16.5 
194 18.5 
195 16.5 
196 18.5 
197 16.5 
198 18.5 
199 16.5 
200 18.5 
201 16.5 
202 16.5 
203 16.5 
204 16.5 
205 16.5 
206 16.5 
207 16.5 
208 16.5 
209 16.5 
210 16.5 
211 16.5 
212 16.5 
213 18.5 
214 16.5 
215 18.5 
216 16.5 
217 18.5 
218 16.5 
219 18.5 
220 16.5 
221 18.5 
222 16.5 
223 18.5 
224 16.5 
225 18.5 
226 16.5 
227 18.5 
228 16.5 
229 3.5 
230 15.5 
231 18.5 
232 15.5 
233 18.5 
234 15.5 
235 18.5 
236 16.5 
237 18.5 
238 16.5 
239 18.5 
240 16.5 
241 3.5 
242 18.5 
243 3.5 
244 18.5 
245 3.5 
246 16.5 
247 3.5 
248 16.5 
249 3.5 
250 16.5 
251 3.5 
252 16.5 
253 3.5 
254 18.5 
255 3.5 
256 18.5 
257 3.5 
258 3.5 
259 3.5 
260 18.5 
261 3.5 
262 18.5 
263 3.5 
264 18.5 
265 3.5 
266 18.5 
267 3.5 
268 18.5 
269 3.5 
270 18.5 
271 3.5 
272 3.5 
273 16.5 
274 3.5 
275 16.5 
276 18.5 
277 16.5 
278 18.5 
279 16.5 
280 18.5 
281 16.5 
282 18.5 
283 1.5 
284 18.5 
285 3.5 
286 3.5 
287 3.5 
288 3.5 
289 3.5 
290 3.5 
291 3.5 
292 3.5 
293 18.5 
294 3.5 
295 18.5 
296 3.5 
297 18.5 
298 3.5 
299 18.5 
300 3.5 
301 18.5 
302 18.5 
303 18.5 
304 18.5 
305 16.5 
306 16.5 
307 1.5 
308 16.5 
309 3.5 
310 16.5 
311 3.5 
312 1.5 
313 18.5 
314 16.5 
315 18.5 
316 16.5 
317 18.5 
318 16.5 
319 18.5 
320 16.5 
321 18.5 
322 16.5 
323 3.5 
324 16.5 
325 18.5 
326 16.5 
327 18.5 
328 16.5 
329 16.5 
330 16.5 
331 16.5 
332 16.5 
333 16.5 
334 16.5 
335 16.5 
336 3.5 
337 1.5 
338 3.5 
339 3.5 
340 3.5 
341 3.5 
342 3.5 
343 3.5 
344 18.5 
345 3.5 
346 18.5 
347 3.5 
348 18.5 
349 16.5 
350 18.5 
351 16.5 
352 18.5 
353 16.5 
354 3.5 
355 16.5 
356 3.5 
357 16.5 
358 3.5 
359 16.5 
360 3.5 
361 16.5 
362 3.5 
363 16.5 
364 3.5 
365 16.5 
366 16.5 
367 16.5 
368 16.5 
369 16.5 
370 16.5 
371 16.5 
372 16.5 
373 16.5 
374 16.5 
375 16.5 
376 16.5 
377 16.5 
378 16.5 
379 1.5 
380 16.5 
381 3.5 
382 16.5 
383 3.5 
384 16.5 
385 3.5 
386 16.5 
387 3.5 
388 16.5 
389 3.5 
390 16.5 
391 3.5 
392 16.5 
393 3.5 
394 16.5 
395 3.5 
396 3.5 
397 3.5 
398 3.5 
399 3.5 
400 3.5 
401 3.5 
402 3.5 
403 3.5 
404 3.5 
405 3.5 
406 1.5 
407 3.5 
408 3.5 
409 3.5 
410 3.5 
411 1.5 
412 3.5 
413 16.5 
414 18.5 
415 16.5 
416 18.5 
417 16.5 
418 18.5 
419 16.5 
420 18.5 
421 16.5 
422 18.5 
423 3.5 
424 3.5 
425 3.5 
426 3.5 
427 3.5 
428 1.5 
429 3.5 
430 3.5 
431 18.5 
432 18.5 
433 18.5 
434 18.5 
435 18.5 
436 18.5 
437 18.5 
438 18.5 
439 18.5 
440 16.5 
441 3.5 
442 16.5 
443 1.5 
444 16.5 
445 1.5 
446 16.5 
447 16.5 
448 18.5 
449 16.5 
450 18.5 
451 16.5 
452 18.5 
453 16.5 
454 18.5 
455 16.5 
456 18.5 
457 3.5 
458 18.5 
459 3.5 
460 18.5 
461 18.5 
462 18.5 
463 18.5 
464 3.5 
465 18.5 
466 3.5 
467 18.5 
468 3.5 
469 18.5 
470 3.5 
471 3.5 
472 18.5 
473 18.5 
474 18.5 
475 18.5 
476 18.5 
477 18.5 
478 16.5 
479 18.5 
480 16.5 
481 18.5 
482 18.5 
483 18.5 
484 18.5 
485 18.5 
486 18.5 
487 18.5 
488 3.5 
489 18.5 
490 3.5 
491 18.5 
492 3.5 
493 3.5 
494 3.5 
495 3.5 
496 3.5 
497 3.5 
498 3.5 
499 3.5 
500 3.5 
501 3.5 
502 3.5 
503 3.5 
504 18.5 
505 3.5 
506 18.5 
507 1.5 
508 18.5 
509 3.5 
510 18.5 
511 3.5 
512 18.5 
513 3.5 
514 3.5 
515 3.5 
516 18.5 
517 3.5 
518 18.5 
519 16.5 
520 18.5 
521 16.5 
522 18.5 
523 16.5 
524 18.5 
525 16.5 
526 18.5 
527 16.5 
528 18.5 
529 1.5 
530 18.5 
531 1.5 
532 18.5 
533 1.5 
534 18.5 
535 16.5 
536 18.5 
537 16.5 
538 3.5 
539 16.5 
540 3.5 
541 16.5 
542 18.5 
543 16.5 
544 18.5 
545 3.5 
546 18.5 
547 3.5 
548 18.5 
549 18.5 
550 18.5 
551 18.5 
552 3.5 
553 18.5 
554 18.5 
555 16.5 
556 16.5 
557 16.5 
558 16.5 
559 16.5 
560 16.5 
561 1.5 
562 16.5 
563 1.5 
564 16.5 
565 3.5 
566 16.5 
567 3.5 
568 16.5 
569 3.5 
570 1.5 
571 18.5 
572 3.5 
573 18.5 
574 3.5 
575 16.5 
576 3.5 
577 16.5 
578 18.5 
579 16.5 
580 18.5 
581 16.5 
582 18.5 
583 16.5 
584 18.5 
585 16.5 
586 18.5 
587 16.5 
588 18.5 
589 16.5 
590 18.5 
591 16.5 
592 18.5 
593 16.5 
594 18.5 
595 16.5 
596 18.5 
597 16.5 
598 3.5 
599 16.5 
600 3.5 
601 16.5 
602 16.5 
603 16.5 
604 16.5 
605 16.5 
606 16.5 
607 16.5 
608 16.5 
609 16.5 
610 16.5 
611 1.5 
612 18.5 
613 3.5 
614 18.5 
615 3.5 
616 18.5 
617 18.5 
618 3.5 
619 18.5 
620 18.5 
621 18.5 
622 16.5 
623 16.5 
624 16.5 
625 16.5 
626 16.5 
627 16.5 
628 16.5 
629 16.5 
630 18.5 
631 1.5 
632 18.5 
633 16.5 
634 18.5 
635 16.5 
636 18.5 
637 16.5 
638 18.5 
639 16.5 
640 16.5 
641 16.5 
642 16.5 
643 3.5 
644 16.5 
645 3.5 
646 16.5 
647 3.5 
648 3.5 
649 3.5 
650 3.5 
651 3.5 
652 3.5 
653 3.5 
654 3.5 
655 3.5 
656 3.5 
657 3.5 
658 1.5 
659 3.5 
660 3.5 
661 3.5 
662 3.5 
663 3.5 
664 3.5 
665 3.5 
666 3.5 
667 3.5 
668 3.5 
669 3.5 
670 3.5 
671 3.5 
672 3.5 
673 3.5 
674 18.5 
675 3.5 
676 18.5 
677 3.5 
678 18.5 
679 3.5 
680 18.5 
681 3.5 
682 18.5 
683 3.5 
684 3.5 
685 3.5 
686 3.5 
687 3.5 
688 3.5 
689 3.5 
690 1.5 
691 3.5 
692 1.5 
693 1.5 
694 1.5 
695 1.5 
696 1.5 
697 3.5 
698 1.5 
699 3.5 
700 16.5 
701 3.5 
702 16.5 
703 3.5 
704 16.5 
705 3.5 
706 16.5 
707 3.5 
708 16.5 
709 3.5 
710 3.5 
711 18.5 
712 3.5 
713 18.5 
714 3.5 
715 18.5 
716 3.5 
717 18.5 
718 3.5 
719 18.5 
720 3.5 
721 18.5 
722 3.5 
723 18.5 
724 3.5 
725 18.5 
726 3.5 
727 18.5 
728 3.5 
729 18.5 
730 18.5 
731 18.5 
732 18.5 
733 18.5 
734 18.5 
735 18.5 
736 18.5 
737 16.5 
738 18.5 
739 16.5 
740 3.5 
741 1.5 
742 3.5 
743 3.5 
744 3.5 
745 3.5 
746 3.5 
747 18.5 
748 3.5 
749 18.5 
750 3.5 
751 18.5 
752 3.5 
753 18.5 
754 3.5 
755 18.5 
756 3.5 
757 18.5 
758 3.5 
759 18.5 
760 3.5 
761 18.5 
762 3.5 
763 16.5 
764 3.5 
765 16.5 
766 18.5 
767 1.5 
768 16.5 
769 1.5 
770 16.5 
771 3.5 
772 16.5 
773 3.5 
774 16.5 
775 3.5 
776 16.5 
777 3.5 
778 16.5 
779 18.5 
780 16.5 
781 18.5 
782 16.5 
783 18.5 
784 16.5 
785 18.5 
786 16.5 
787 18.5 
788 16.5 
789 18.5 
790 16.5 
791 16.5 
792 16.5 
793 16.5 
794 16.5 
795 1.5 
796 1.5 
797 3.5 
798 1.5 
799 3.5 
800 3.5 
801 3.5 
802 3.5 
803 3.5 
804 3.5 
805 3.5 
806 3.5 
807 3.5 
808 3.5 
809 3.5 
810 1.5 
811 3.5 
812 1.5 
813 3.5 
814 1.5 
815 3.5 
816 16.5 
817 1.5 
818 16.5 
819 16.5 
820 16.5 
821 16.5 
822 16.5 
823 16.5 
824 16.5 
825 16.5 
826 16.5 
827 16.5 
828 16.5 
829 1.5 
830 16.5 
831 16.5 
832 16.5 
833 16.5 
834 16.5 
835 16.5 
836 1.5 
837 16.5 
838 1.5 
839 16.5 
840 1.5 
841 16.5 
842 1.5 
843 16.5 
844 1.5 
845 16.5 
846 1.5 
847 16.5 
848 1.5 
849 16.5 
850 1.5 
851 16.5 
852 1.5 
853 16.5 
854 16.5 
855 16.5 
856 16.5 
857 16.5 
858 16.5 
859 16.5 
860 16.5 
861 1.5 
862 16.5 
863 1.5 
864 3.5 
865 3.5 
866 3.5 
867 3.5 
868 3.5 
869 3.5 
870 3.5 
871 3.5 
872 18.5 
873 3.5 
874 16.5 
875 1.5 
876 16.5 
877 1.5 
878 16.5 
879 3.5 
880 16.5 
881 18.5 
882 3.5 
883 18.5 
884 18.5 
885 18.5 
886 18.5 
887 18.5 
888 18.5 
889 18.5 
890 18.5 
891 3.5 
892 16.5 
893 3.5 
894 1.5 
895 3.5 
896 16.5 
897 3.5 
898 16.5 
899 1.5 
900 16.5 
901 3.5 
902 16.5 
903 3.5 
904 16.5 
905 3.5 
906 1.5 
907 3.5 
908 1.5 
909 18.5 
910 16.5 
911 16.5 
912 16.5 
913 16.5 
914 16.5 
915 16.5 
916 16.5 
917 16.5 
918 16.5 
919 16.5 
920 16.5 
921 16.5 
922 16.5 
923 16.5 
924 16.5 
925 16.5 
926 16.5 
927 16.5 
928 16.5 
929 1.5 
930 1.5 
931 1.5 
932 1.5 
933 1.5 
934 1.5 
935 1.5 
936 3.5 
937 3.5 
938 3.5 
939 3.5 
940 3.5 
941 18.5 
942 3.5 
943 18.5 
944 3.5 
945 18.5 
946 3.5 
947 18.5 
948 3.5 
949 18.5 
950 3.5 
951 3.5 
952 3.5 
953 3.5 
954 3.5 
955 3.5 
956 3.5 
957 18.5 
958 3.5 
959 18.5 
960 3.5 
961 18.5 
962 3.5 
963 18.5 
964 3.5 
965 18.5 
966 3.5 
967 3.5 
968 3.5 
969 18.5 
970 3.5 
971 18.5 
972 18.5 
973 18.5 
974 18.5 
975 18.5 
976 16.5 
977 18.5 
978 16.5 
979 18.5 
980 16.5 
981 18.5 
982 1.5 
983 18.5 
984 1.5 
985 18.5 
986 1.5 
987 18.5 
988 3.5 
989 18.5 
990 3.5 
991 18.5 
992 18.5 
993 18.5 
994 18.5 
995 18.5 
996 18.5 
997 3.5 
998 18.5 
999 3.5 
1000 18.5 
1001 3.5 
1002 3.5 
1003 3.5 
1004 3.5 
1005 3.5 
1006 18.5 
1007 3.5 
1008 18.5 
1009 3.5 
1010 18.5 
1011 3.5 
1012 18.5 
1013 3.5 
1014 18.5 
1015 3.5 
1016 18.5 
1017 18.5 
1018 16.5 
1019 18.5 
1020 3.5 
1021 16.5 
1022 3.5 
1023 16.5 
1024 3.5 
1025 16.5 
1026 3.5 
1027 16.5 
1028 3.5 
1029 16.5 
1030 16.5 
1031 18.5 
1032 16.5 
1033 18.5 
1034 16.5 
1035 3.5 
1036 16.5 
1037 3.5 
1038 16.5 
1039 18.5 
1040 16.5 
1041 18.5 
1042 16.5 
1043 18.5 
1044 16.5 
1045 18.5 
1046 16.5 
1047 18.5 
1048 16.5 
1049 3.5 
1050 1.5 
1051 3.5 
1052 1.5 
1053 18.5 
1054 16.5 
1055 18.5 
1056 16.5 
1057 18.5 
1058 16.5 
1059 18.5 
1060 16.5 
1061 18.5 
1062 16.5 
1063 18.5 
1064 16.5 
1065 18.5 
1066 3.5 
1067 16.5 
1068 18.5 
1069 16.5 
1070 18.5 
1071 16.5 
1072 18.5 
1073 16.5 
1074 18.5 
1075 16.5 
1076 18.5 
1077 16.5 
1078 3.5 
1079 16.5 
1080 3.5 
1081 16.5 
1082 3.5 
1083 16.5 
1084 3.5 
1085 16.5 
1086 3.5 
1087 16.5 
1088 18.5 
1089 16.5 
1090 18.5 
1091 16.5 
1092 18.5 
1093 16.5 
1094 18.5 
1095 16.5 
1096 18.5 
1097 18.5 
1098 3.5 
1099 3.5 
1100 3.5 
1101 3.5 
1102 3.5 
1103 3.5 
1104 3.5 
1105 3.5 
1106 16.5 
1107 18.5 
1108 16.5 
1109 18.5 
1110 16.5 
1111 18.5 
1112 16.5 
1113 18.5 
1114 16.5 
1115 18.5 
1116 16.5 
1117 18.5 
1118 16.5 
1119 18.5 
1120 16.5 
1121 3.5 
1122 1.5 
1123 18.5 
1124 1.5 
1125 18.5 
1126 16.5 
1127 18.5 
1128 16.5 
1129 18.5 
1130 16.5 
1131 18.5 
1132 16.5 
1133 18.5 
1134 16.5 
1135 18.5 
1136 1.5 
1137 18.5 
1138 3.5 
1139 18.5 
1140 3.5 
1141 18.5 
1142 3.5 
1143 18.5 
1144 3.5 
1145 18.5 
1146 3.5 
1147 18.5 
1148 3.5 
1149 18.5 
1150 3.5 
1151 18.5 
1152 18.5 
1153 18.5 
1154 18.5 
1155 18.5 
1156 18.5 
1157 16.5 
1158 18.5 
1159 18.5 
1160 18.5 
1161 18.5 
1162 3.5 
1163 18.5 
1164 3.5 
1165 18.5 
1166 3.5 
1167 18.5 
1168 3.5 
1169 16.5 
1170 3.5 
1171 16.5 
1172 16.5 
1173 1.5 
1174 16.5 
1175 16.5 
1176 16.5 
1177 18.5 
1178 16.5 
1179 18.5 
1180 16.5 
1181 18.5 
1182 18.5 
1183 18.5 
1184 18.5 
1185 3.5 
1186 18.5 
1187 3.5 
1188 16.5 
1189 3.5 
1190 16.5 
1191 3.5 
1192 16.5 
1193 3.5 
1194 16.5 
1195 3.5 
1196 16.5 
1197 3.5 
1198 16.5 
1199 3.5 
