0 3.991344149973831 
1 4.524785266278445 
2 1.942725705067071 
3 1.154766286902557 
4 8.377767169282947 
5 1.6270147103433241 
6 7.811698446340836 
7 9.163250905007526 
8 8.437766427204895 
9 8.609404795382376 
10 1.8546344371013201 
11 11.581196415998233 
12 7.114114404443879 
13 5.330750762887751 
14 5.67953700368588 
15 7.785265494692333 
16 2.4307816419162953 
17 6.718045148910679 
18 8.895641790791537 
19 7.988374462671246 
20 4.3858837898232705 
21 8.925342389962804 
22 8.458918530828244 
23 7.487194683298911 
24 7.728031337346312 
25 8.03766736740439 
26 8.574433114456502 
27 9.159128875806061 
28 7.8878702225331505 
29 8.986420647129654 
30 9.117517015305623 
31 8.468807608048216 
32 8.292875050417974 
33 7.421497781143613 
34 4.087569388136967 
35 7.766438603475572 
36 6.6670863097792745 
37 7.822683765657289 
38 7.235325980079283 
39 8.769575916985692 
40 5.936534356936211 
41 4.9750836830505945 
42 6.568687453995897 
43 8.258698669922126 
44 6.9842790178757275 
45 8.525735936807614 
46 5.480436364776702 
47 6.737989288112503 
48 5.782798180632477 
49 4.241756530304516 
50 8.0378984163 
51 6.367664205207928 
52 8.202910511833121 
53 8.510719807802348 
54 7.552704839215036 
55 7.56792687393657 
56 7.279907246054833 
57 8.564663217090512 
58 7.057315924081303 
59 6.991788494557335 
60 7.74969236283817 
61 6.94694929458959 
62 6.578660585166619 
63 7.893823164075733 
64 6.6955028127374545 
65 7.013358526532285 
66 6.531077985758486 
67 5.157199575551679 
68 8.564086124695 
69 6.398760005919263 
70 7.5322783400737015 
71 7.630321872913593 
72 6.901909159423533 
73 9.534871138532045 
74 8.186036344616129 
75 7.279351327335332 
76 5.443888788660296 
77 6.3201018616881015 
78 4.86026758503693 
79 7.766639940300829 
80 6.6103456862504055 
81 6.648496905043076 
82 6.716539039255437 
83 7.737454757433432 
84 1.1564432435413163 
85 1.074402762198416 
86 9.303969760962538 
87 10.13871189193893 
88 4.63596803911881 
89 5.164444991688727 
90 4.464395460994719 
91 1.0063222881831921 
92 6.2499500815087 
93 8.01161351446341 
94 9.166635341221518 
95 3.2937111481764183 
96 2.6544615010733525 
97 3.361143699714716 
98 8.451691424794667 
99 2.488634044229683 
100 9.625526680558488 
101 8.565887609976064 
102 6.782992321575274 
103 5.599483079946386 
104 8.453156301518394 
105 7.308652301344178 
106 6.068780312764061 
107 0.7457201981117969 
108 1.549804459447875 
109 5.684185989781675 
110 7.932249804261242 
111 8.41965970499201 
112 7.844248529076226 
113 8.023721252329082 
114 8.235089462244831 
115 7.053980736662064 
116 8.273490651080861 
117 8.474248757947821 
118 7.2954186908507745 
119 7.815701452154193 
120 4.773463560308693 
121 4.914965771162468 
122 7.392772035702703 
123 3.7534936998854525 
124 4.46891907730009 
125 8.500043571218677 
126 3.7937280490308787 
127 6.4957170711612 
128 7.5787982494497905 
129 1.4448021549897865 
130 3.5210775025835312 
131 9.21695409876413 
132 8.355803116962804 
133 8.62393802070911 
134 6.7425168952590395 
135 6.146076701698035 
136 8.065612482524811 
137 9.076360111055088 
138 6.440686711096096 
139 5.89353346101262 
140 7.875621516876718 
141 7.1750243768924165 
142 6.107023878858474 
143 6.250061840430827 
144 9.395358214070512 
145 8.812747932495125 
146 8.549544628078959 
147 8.783441251120362 
148 7.379271275004839 
149 8.295729017915418 
150 8.711888768418472 
151 5.842356942972199 
152 8.369508780961844 
153 9.272663763181749 
154 3.7940952453319006 
155 0.8782779127230086 
156 5.0201485588167 
157 5.09926555959593 
158 8.020330465677041 
159 8.274339373255344 
160 7.418334373900109 
161 7.965905206141318 
162 8.16541455845908 
163 9.18747754773024 
164 8.53918804193142 
165 9.000015020395551 
166 8.572768206614493 
167 8.020391811914983 
168 7.317131208599885 
169 5.307257027746566 
170 2.170728854524094 
171 7.839498188859523 
172 8.287353119584912 
173 8.554322332219762 
174 7.234539750000431 
175 7.605596617078531 
176 9.349951291934078 
177 10.143395058294901 
178 5.785941209496864 
179 3.019898638408109 
180 7.224657826834369 
181 7.292552016955606 
182 7.004153091606814 
183 7.85977115744263 
184 8.698212163756757 
185 8.439990663157301 
186 4.2598286848300555 
187 9.781081950850943 
188 8.763584242571135 
189 8.131190762830318 
190 8.542161902356765 
191 8.73211181456121 
192 8.308415176714353 
193 9.64797784392295 
194 5.944872883337846 
195 6.464869663863474 
196 8.500629292820792 
197 8.310143623903107 
198 9.50770263040975 
199 8.06865360975863 
200 7.239559582227945 
201 8.002045200456354 
202 6.032417941187469 
203 2.0528544796116988 
204 9.016964164787373 
205 8.921412603506623 
206 1.911265212345131 
207 10.242375550970074 
208 11.029979172364463 
209 11.177805908297467 
210 3.6076589676168553 
211 8.683607514481983 
212 8.137264183888066 
213 6.277497983234278 
214 6.092838600869554 
215 7.571410519779192 
216 1.1786228927390403 
217 6.986908408836116 
218 10.982469645910413 
219 4.397619125006422 
220 7.913527301954465 
221 7.935746679961327 
222 7.321013836306734 
223 6.7895034179774445 
224 7.723449115292757 
225 6.5357594192103745 
226 8.537780093798853 
227 8.52403791438373 
228 10.073163233937903 
229 9.118547747160171 
230 7.9218524534431305 
231 2.273403272184266 
232 9.660666615994455 
233 8.01602323981347 
234 10.067263842084545 
235 7.969522680332059 
236 7.402466250977305 
237 10.552557690178832 
238 8.59818004030233 
239 8.077650756478599 
240 8.576151276105884 
241 4.544611763992034 
242 5.602849043951259 
243 5.3033045259424565 
244 4.391141299909755 
245 2.6948372613597082 
246 4.732401739827033 
247 6.862823829322129 
248 9.384763059739063 
249 8.201082057669334 
250 8.523345038366498 
251 8.59037881766942 
252 5.573574084360308 
253 5.432276313676325 
254 10.56672754985073 
255 8.658779229519466 
256 8.136853745125807 
257 8.457281122716457 
258 6.812485077451075 
259 7.010732630305097 
260 8.64279252825601 
261 8.283555943524226 
262 5.222791836897334 
263 6.598957522093263 
264 8.079486833741067 
265 8.73058501503908 
266 7.702768865732876 
267 7.637797254307103 
268 8.035142099062252 
269 5.650507619684004 
270 8.971754071114287 
271 9.712386911226325 
272 8.733166344974629 
273 8.728223163283355 
274 9.277401631058684 
275 8.06803278530855 
276 6.437375202400411 
277 5.388075155245992 
278 5.141584361105765 
279 7.0206956579960496 
280 8.903440546139999 
281 8.529602326456324 
282 8.97638145786072 
283 9.1275567384298 
284 11.691765624128896 
285 2.8265732540907873 
286 1.6009172736148718 
287 9.78984861145474 
288 8.287140254721194 
289 7.563014239579069 
