0 1.2076044085132351 
1 1.2077752153693697 
2 1.4321574856467596 
3 1.462718892645757 
4 1.4463877467018624 
5 1.4478528134636623 
6 1.6230561374216514 
7 1.6077729506065221 
8 1.7318679485533208 
9 1.696027414050544 
10 1.6853470551454324 
11 1.7728737209346166 
12 1.3219431251802525 
13 1.3052108126693192 
14 1.8371984165994926 
15 1.810598176834741 
16 1.644924334063997 
17 1.6538659608100328 
18 1.459179494021418 
19 1.3491721341634884 
20 1.553295717806052 
21 1.6172312318859627 
22 1.8707327551708537 
23 1.9055687484134989 
24 1.7344280047548617 
25 1.7440057699638265 
26 1.7314047964679031 
27 1.8187183931315585 
28 1.8180093836590128 
29 1.8325096808454662 
30 1.5147374943831375 
31 1.4885170127771596 
32 1.6740769248188974 
33 1.7248253743293183 
34 1.6118189538214638 
35 1.5876966641835988 
36 1.2964261127978705 
37 1.3499213313541407 
38 1.3283088488772443 
39 1.331490042467998 
40 1.784154473276098 
41 1.749014812572261 
42 1.676601202812237 
43 1.6331048912639983 
44 1.681206879773555 
45 1.624998149091804 
46 1.5824056228866958 
47 1.569599923115702 
48 1.5762565405419013 
49 1.6225536008927612 
50 1.682307192383979 
51 1.5710802021963048 
52 1.652410829280457 
53 1.7134370376330035 
54 1.6927257865990977 
55 1.6116530134045626 
56 1.7980460365276765 
57 1.7896029483237423 
58 1.609584950115909 
59 1.695454243327178 
60 1.5650397013249047 
61 1.5961504457018858 
62 1.4974406610188784 
63 1.4465496675502658 
64 1.5945205508489455 
65 1.677257949811012 
66 1.391024247181697 
67 1.4068543089585328 
68 1.4150283746429628 
69 1.47228239695574 
70 1.5066977353061142 
71 1.495247608378014 
72 1.3014490566748975 
73 1.3385628063310762 
74 1.4487637357447336 
75 1.391363597665995 
76 1.649567063276814 
77 1.620367052247414 
78 1.347842450259818 
79 1.4606947081025108 
80 1.4803202708447842 
81 1.538773754099258 
82 1.4470874369551117 
83 1.5146159723326862 
84 1.4345735818648557 
85 1.381801544429944 
86 1.583438509396251 
87 1.593629391986153 
88 1.5466803722352938 
89 1.603629340692655 
90 1.3255642980137798 
91 1.405515243053563 
92 1.523309402404608 
93 1.5747451479942804 
94 1.5579609842195419 
95 1.5315716204425316 
96 1.3030537899175356 
97 1.4271210916617083 
98 1.5225876602772843 
99 1.5936387878516445 
100 1.5615338293296384 
101 1.5621098355220593 
102 1.429426661246366 
103 1.4813338893714243 
104 1.378896106970095 
105 1.3741747225724361 
106 1.4900317691498324 
107 1.5047515282069188 
108 1.5259668801029211 
109 1.5967020004492742 
110 1.4954403220433337 
111 1.3829349636461117 
112 1.700729995544885 
113 1.7158590984966378 
114 1.413653687418294 
115 1.4034926837169788 
116 1.66645663451862 
117 1.6663951604942113 
118 1.5736301892929607 
119 1.610664834884436 
120 1.7082336556028446 
121 1.6078216273332366 
122 1.5017733106256024 
123 1.4556229810904118 
124 1.7571391553758633 
125 1.6878954411640839 
126 1.4288052012716401 
127 1.440645104988698 
128 1.45269394641268 
129 1.5528872559940672 
130 1.2829980829872745 
131 1.3173601793388716 
132 1.6647005346052786 
133 1.7324440456308572 
134 1.58874216664801 
135 1.5162212478992316 
136 1.694400666542761 
137 1.5794192345972815 
138 1.571621888259423 
139 1.5311203258055208 
140 1.252659589005218 
141 1.2976546417383013 
142 1.6105633058775537 
143 1.7092100271106168 
144 1.6489350560305858 
145 1.7633054787976852 
146 1.7379953234861347 
147 1.7548490430014527 
148 1.7354257697025877 
149 1.707006925298799 
150 1.6437845168954761 
151 1.6535451624967776 
152 1.6403064907035585 
153 1.747118164279399 
154 1.6923915120151618 
155 1.7237462668337404 
156 1.3922588855209723 
157 1.4485534785805614 
158 1.6062037152333313 
159 1.525575110930055 
160 1.6175855244296744 
161 1.6805815455491129 
162 1.665404698120651 
163 1.6090670701495495 
164 1.7383613457480485 
165 1.7176587196016593 
166 1.7432971664759505 
167 1.6740756149535356 
168 1.5844191348259018 
169 1.5931360096535825 
170 1.6305538055209001 
171 1.6283741662889901 
172 1.6317841522607182 
173 1.7037750026459768 
174 1.7599627815819168 
175 1.7407113504076803 
176 1.9121291158869647 
177 1.8390515512572094 
178 1.7091154313187602 
179 1.7801630634061896 
180 1.7030298777820714 
181 1.7234640578502394 
182 1.9385621635130859 
183 1.8078775141823227 
184 1.7744627089829095 
185 1.7655276198254277 
186 1.704930373089265 
187 1.7549933784799114 
188 1.8111878848937077 
189 1.875798462289194 
190 1.7114808090089675 
191 1.770814839818948 
192 1.8072979737162136 
193 1.7618675967705957 
194 1.7328521392416882 
195 1.7727421157566607 
196 1.6128868696015553 
197 1.5590450967051717 
198 1.6082517977757658 
199 1.6200106059657833 
200 1.7681270355410876 
201 1.855305878769361 
202 1.8241460196693662 
203 1.8426424326463935 
204 1.7145148971327466 
205 1.7861570923037264 
206 1.8118993763893134 
207 1.8217134964915183 
208 1.7858722175119766 
209 1.806557892199652 
210 1.7037608548870251 
211 1.7892783757870903 
212 1.7877217081057926 
213 1.805187815397135 
214 1.816981570834974 
215 1.862341197528302 
216 1.7526408774667308 
217 1.7817640437793698 
218 1.6887840965707148 
219 1.6434832175115957 
220 1.7995635099986624 
221 1.7508939935277796 
222 1.5919309998905027 
223 1.6421989130428016 
224 1.5928582225487233 
225 1.5090965485744452 
226 1.8017909877750689 
227 1.7544282749836304 
228 1.694176057869776 
229 1.6924838261224053 
230 1.7371004329650706 
231 1.741012322272853 
232 1.7370250178488673 
233 1.8182295280692484 
234 1.7822704623194168 
235 1.7940598964005574 
236 1.6444011250314852 
237 1.6479400644556927 
238 1.7420319269580313 
239 1.787288696661083 
240 1.7719843933604125 
241 1.7721216747911983 
242 1.596921778108369 
243 1.6749794921325805 
244 1.6395989114139724 
245 1.6194926140753396 
246 1.482972496334488 
247 1.4362522404451938 
248 1.548470946669032 
249 1.5752698560030172 
250 1.8029341754595496 
251 1.6227753755644767 
252 1.8306975587367793 
253 1.6818473433194976 
254 1.6200907039604946 
255 1.6820673940918371 
256 1.611009209542587 
257 1.6026524422538901 
258 1.7783578120089905 
259 1.8021216362459151 
260 1.7608371743642148 
261 1.767927778428474 
262 1.7008798853596843 
263 1.8308365547991048 
264 1.6953077571929178 
265 1.7612203334514953 
266 1.6614657486090676 
267 1.7304559660974903 
268 1.566235199558572 
269 1.612438801979795 
270 1.6708215677892038 
271 1.699796362017359 
272 1.6916438350498966 
273 1.7153618821794616 
274 1.537130527249535 
275 1.5854247292547474 
276 1.5034309371097283 
277 1.5324447802812629 
278 1.5962229021831718 
279 1.4956847990977868 
280 1.6168922360409062 
281 1.4692602556339094 
282 1.4774171653523107 
283 1.4999384965934328 
284 1.6369921249305555 
285 1.683456066315293 
286 1.5655502205743221 
287 1.5640914772832908 
288 1.4091175428097025 
289 1.6517265282060192 
