0 0.826141369556902 
1 0.8333627953313419 
2 0.9059675692040321 
3 0.914311068656648 
4 0.983125762014844 
5 0.9903754083522059 
6 1.0604861031681139 
7 1.0646983525918 
8 1.135933770128794 
9 1.139738887561498 
10 1.206965524938354 
11 1.208642749729038 
12 1.220966929894764 
13 1.234404554079388 
14 1.2239170881480939 
15 1.242736463819526 
16 1.23045292605465 
17 1.251385146036114 
18 1.275363541481354 
19 1.3023738814913919 
20 1.308037307989784 
21 1.329947658504202 
22 1.36953325794152 
23 1.398412830925894 
24 1.4451386047983361 
25 1.470502104694888 
26 1.516927646617226 
27 1.5308322040034619 
28 1.519773698828246 
29 1.527858988167044 
30 1.512701848052562 
31 1.47207411185083 
32 1.54197189489053 
33 1.498566297572528 
34 1.50894297834374 
35 1.458606965285276 
36 1.4854976164342681 
37 1.440504304241552 
38 1.520831294578226 
39 1.472488331670124 
40 1.5259407967460041 
41 1.513683267808126 
42 1.594432277082964 
43 1.565620915328394 
44 1.65350376881891 
45 1.6365750880397658 
46 1.6689044512317839 
47 1.6687722395392839 
48 1.6906668134581182 
49 1.68642313222809 
50 1.7099796866657218 
51 1.692034103551784 
52 1.69450349750768 
53 1.6707981451980198 
54 1.705870019721758 
55 1.667327529238498 
56 1.741380953933886 
57 1.680905904872456 
58 1.7320767752523079 
59 1.6962751662492699 
60 1.722297451404374 
61 1.7158873757161381 
62 1.6989352757417842 
63 1.711788275471698 
64 1.6687905891472479 
65 1.6802260857776201 
66 1.661529005162894 
67 1.665579353394012 
68 1.588848219169858 
69 1.572046771740954 
70 1.547590275833534 
71 1.502189614914074 
72 1.49459750451328 
73 1.473144187080838 
74 1.437034365551854 
75 1.435840026286276 
76 1.3872573379078719 
77 1.388726231552898 
78 1.49030839619172 
79 1.489803704385984 
80 1.55442331400235 
81 1.5804370266811358 
82 1.618242726388996 
83 1.61483367286087 
84 1.691263594250632 
85 1.686315180371432 
86 1.742723962496044 
87 1.7586696685815 
88 1.704269145988946 
89 1.7273232253765598 
90 1.68633230662296 
91 1.70646872949473 
92 1.669250571047656 
93 1.6993254042366839 
94 1.659628847797094 
95 1.68600788291686 
96 1.646345986957898 
97 1.6716464069078238 
98 1.609197018949382 
99 1.6107076415785158 
100 1.56248383204664 
101 1.5434594275064701 
102 1.518470951031236 
103 1.494497408745544 
104 1.4789689734087061 
105 1.454793969514704 
106 1.4388490696993839 
107 1.400264642475512 
108 1.45767231445631 
109 1.453876462020006 
110 1.472856299815528 
111 1.486305510213586 
112 1.494667771223064 
113 1.506789741530036 
114 1.5009122585151862 
115 1.51127185972309 
116 1.519432393327816 
117 1.53658076169109 
118 1.5829198008007759 
119 1.594248264996596 
120 1.60483351679486 
121 1.612436302114108 
122 1.629768511543452 
123 1.6425510908121779 
124 1.6808203852589099 
125 1.6723541639224682 
126 1.707568562040306 
127 1.699392313552666 
128 1.680307611957108 
129 1.6670797178627321 
130 1.701898300920582 
131 1.6818651353321659 
132 1.7131895703409559 
133 1.6894188027957022 
134 1.69715445267011 
135 1.680815385420106 
136 1.715598536545628 
137 1.6902149012703098 
138 1.714993894888238 
139 1.7051574259038582 
140 1.733556257911096 
141 1.7241901356638898 
142 1.7438498655448018 
143 1.755245556890944 
144 1.7741496320230918 
145 1.8057083564834158 
146 1.784405789277164 
147 1.84265986745746 
148 1.801726706715386 
149 1.84541812500024 
150 1.787339997293314 
151 1.8303509095867099 
152 1.800295168049794 
153 1.826303558520328 
154 1.798774704038964 
155 1.8118372103947622 
156 1.7705972574392799 
157 1.76898233177012 
158 1.7099428795841038 
159 1.7001837981564598 
160 1.673101415116376 
161 1.6483569043413642 
162 1.6105735425195722 
163 1.6026487123163657 
164 1.56342544031851 
165 1.523876688310428 
166 1.530440519850284 
167 1.498748876742976 
168 1.562308405937436 
169 1.546010549053408 
170 1.577112220153402 
171 1.59516523951741 
172 1.610454327690056 
173 1.6120686166605123 
174 1.6353024097565398 
175 1.661549493208692 
176 1.656241449371994 
177 1.691014352334938 
178 1.643789855172508 
179 1.6635886103057937 
180 1.657671031200834 
181 1.693633696314976 
182 1.66892261864495 
183 1.705968433258974 
184 1.649969094692646 
185 1.6916525242729659 
186 1.643469129880636 
187 1.675575651778784 
188 1.580390561675916 
189 1.628020585212892 
190 1.540036665885782 
191 1.53246120010281 
192 1.493826600049204 
193 1.470290102810646 
194 1.45829271267257 
195 1.436178232474572 
196 1.434942244416034 
197 1.384923100587166 
198 1.44131879163191 
199 1.381236842809938 
200 1.415579353071076 
201 1.390990194750896 
202 1.391108086281702 
203 1.3845132387143502 
204 1.388780594644504 
205 1.371801467709246 
206 1.390869903545184 
207 1.38549055901314 
208 1.4820390284249538 
209 1.468995513033994 
210 1.557976633988868 
211 1.5360980522813938 
212 1.637697162794782 
213 1.6348440499568038 
214 1.7248147144906518 
215 1.712705276103404 
216 1.7944477242631902 
217 1.785779514637128 
218 1.7729370701704181 
219 1.762597530375474 
220 1.765739133169132 
221 1.751868486435392 
222 1.75234986461677 
223 1.73974222275591 
224 1.7432079036462038 
225 1.7294385122071119 
226 1.7249983737314518 
227 1.6987533408112359 
228 1.740627786578046 
229 1.704512176465098 
230 1.7415489219703102 
231 1.7028908280306598 
232 1.7563972407106783 
233 1.716790894068612 
234 1.7410557751795601 
235 1.719986975765298 
236 1.7493958912278942 
237 1.7350615689188618 
238 1.706573721573104 
239 1.709495723181302 
240 1.6868134701957342 
241 1.6984160779860802 
242 1.6757179938888602 
243 1.6779621305638301 
244 1.6281516197822898 
245 1.624032610697384 
246 1.595282044252294 
247 1.588003176720026 
248 1.601509132468506 
249 1.596464274079342 
250 1.6002793159995459 
251 1.6070550096347538 
252 1.60873409902959 
253 1.6091945043630058 
254 1.6457847072403742 
255 1.6178487692416241 
256 1.6515796037779862 
257 1.635747317060232 
258 1.6667645812465999 
259 1.626325428481556 
260 1.6879747116150159 
261 1.6160307487422638 
262 1.671835914253068 
263 1.607938379601442 
264 1.6854112864011601 
265 1.613510411930512 
266 1.6940881769557339 
267 1.6187596363885919 
268 1.688108904335028 
269 1.647231003475932 
270 1.68825851597004 
271 1.645514176840754 
272 1.6887076612369458 
273 1.6486652211850181 
274 1.688447020395678 
275 1.667507417988952 
276 1.675537567132262 
277 1.6517224521733742 
278 1.68360055859599 
279 1.631365647327686 
280 1.67803902420195 
281 1.6487343536310601 
282 1.680808771424966 
283 1.6602488482928819 
284 1.654453001507974 
285 1.6331028468068538 
286 1.683459835776 
287 1.6651697522860078 
288 1.704523885761716 
289 1.700759739269844 
290 1.743479647848528 
291 1.7257677320465301 
292 1.7823564041140698 
293 1.729034128933662 
294 1.8418238750204199 
295 1.7975737839959218 
296 1.8461541112744921 
297 1.833047574636088 
298 1.808461893992138 
299 1.8142178336367738 
300 1.753987561842182 
301 1.759832223424464 
302 1.7009386257318417 
303 1.699100463609626 
304 1.6357529985795398 
305 1.6848741076056162 
306 1.581480315322652 
307 1.613404435481686 
308 1.572571265564452 
309 1.593543675956628 
310 1.573608480583704 
311 1.582488175808138 
312 1.5563398329853801 
313 1.597713805252636 
314 1.551068493366614 
315 1.581570732998674 
316 1.571158181747188 
317 1.6022746683304518 
318 1.5513282917595261 
319 1.579116488599378 
320 1.537808483698322 
321 1.549196332969054 
322 1.507541226918004 
323 1.526328383225378 
324 1.508711739969562 
325 1.481804615792986 
326 1.4884415943627238 
327 1.4357831622164399 
328 1.507857572328738 
329 1.4819248186685878 
330 1.551230006279416 
331 1.53500300388375 
332 1.598898655486578 
333 1.550477617051418 
334 1.626240451203484 
335 1.585365326187628 
336 1.6550205719551179 
337 1.6092111478919162 
338 1.614321311221668 
339 1.55513041972142 
340 1.5549162098987241 
341 1.516393932664252 
342 1.49379861465468 
343 1.510803464619904 
344 1.437599695267438 
345 1.468273426751612 
346 1.382163668281812 
347 1.43839577411557 
348 1.386964493774064 
349 1.45148139171501 
350 1.408066718448608 
351 1.450311174368236 
352 1.428378725093586 
353 1.435438606412038 
354 1.4389838547634801 
355 1.458547821481 
356 1.470196594470516 
357 1.4782185659203981 
358 1.488530466603146 
359 1.4828116082048521 
360 1.49379637035838 
361 1.495946059371086 
362 1.4912243580889482 
363 1.510512182821628 
364 1.5243405252442899 
365 1.5688229132787082 
366 1.5200063443812621 
367 1.5745583767398421 
368 1.47895660865502 
369 1.543221416330454 
370 1.4231317027163182 
371 1.515009202610842 
372 1.390603886122592 
373 1.482534144463846 
374 1.345778542372276 
375 1.411407612499932 
376 1.300398468834386 
377 1.3631804797820979 
378 1.329861404648354 
379 1.373740638049082 
380 1.3620747739260841 
381 1.393682303219748 
382 1.3660181417236719 
383 1.402348326484156 
384 1.3871240733781 
385 1.416836841735422 
386 1.4041694417370238 
387 1.45413837189489 
388 1.44433010724344 
389 1.4999390628111722 
390 1.507601090451 
391 1.554367347512116 
392 1.559057731346386 
393 1.605072352922204 
394 1.6085484520311422 
395 1.6574390938424202 
396 1.652321681248494 
397 1.6996342148197598 
398 1.591976758645094 
399 1.667699745990778 
400 1.5384402281446978 
401 1.6097770038610222 
402 1.512513476878886 
403 1.556118538139604 
404 1.4573508924339 
405 1.501045526271012 
406 1.418620797477436 
407 1.421960140264074 
408 1.41783522911704 
409 1.42553745115643 
410 1.444330793234032 
411 1.44115326035578 
412 1.4559149701729281 
413 1.46561144675586 
414 1.4525133065014 
415 1.467536414751728 
416 1.458646684996066 
417 1.503845362081168 
418 1.477031947683854 
419 1.5064654347333462 
420 1.4816676201110321 
421 1.520221346619856 
422 1.499033130152962 
423 1.518083930104424 
424 1.492386563375028 
425 1.51325237375111 
426 1.499396922817208 
427 1.503307229914122 
428 1.510349996750094 
429 1.5057130962752159 
430 1.493454571296016 
431 1.5216632483666301 
432 1.476754222017674 
433 1.50612280254794 
434 1.4742514509996218 
435 1.479559916967392 
436 1.434454759567306 
437 1.4661957194111601 
438 1.432181830152212 
439 1.4744203607714579 
440 1.4619548156584918 
441 1.5167859302827 
442 1.49233354906971 
443 1.538438224031326 
444 1.524214190401064 
445 1.5619241766346081 
446 1.568332972447768 
447 1.580343523492934 
448 1.573636430029652 
449 1.605790280342072 
450 1.56628480259746 
451 1.6077902700833722 
452 1.56120805827479 
453 1.598903067598704 
454 1.5606107079688338 
455 1.6135966940841002 
456 1.569675506782494 
457 1.619659217899304 
458 1.542652545348052 
459 1.608669762485438 
460 1.47900378414425 
461 1.5257568575731 
462 1.455684848817008 
463 1.469621705135574 
464 1.411461633972704 
465 1.429998885607756 
466 1.370210972759036 
467 1.402607297044172 
468 1.3518003429744119 
469 1.3551011198132898 
470 1.400276725786468 
471 1.398288959655396 
472 1.4199034363271879 
473 1.44815767374329 
474 1.459452457205352 
475 1.482003654731434 
476 1.49680755317086 
477 1.506224586115412 
478 1.537684051546144 
479 1.547712127658948 
480 1.542952755115928 
481 1.589400626891948 
482 1.543496814335136 
483 1.607174562136692 
484 1.5504271306981239 
485 1.598539856626342 
486 1.545016847012356 
487 1.603894465566706 
488 1.55240814317 
489 1.6148229394599158 
490 1.536646124675816 
491 1.549012478454392 
492 1.493593602808686 
493 1.490000349148728 
494 1.442612163948284 
495 1.469110243392564 
496 1.393354835269726 
497 1.439691785972014 
498 1.3288667704875858 
499 1.38780228282744 
500 1.348691323405168 
501 1.4166220061619161 
502 1.3925980974771162 
503 1.449925545399902 
504 1.3828914135853378 
505 1.460383524401076 
506 1.454342018525664 
507 1.4835875992381 
508 1.4889133017187501 
509 1.52220445822114 
510 1.52544615740357 
511 1.539310652809978 
512 1.533235391214042 
513 1.533004862344062 
514 1.559519729713752 
515 1.548185842569748 
516 1.532535232200116 
517 1.5523498436780439 
518 1.553918465039316 
519 1.5705379906805501 
520 1.52749703142266 
521 1.554382801450422 
522 1.5023317404901442 
523 1.538543652863582 
524 1.456601321414346 
525 1.501379095897482 
526 1.428965794979986 
527 1.4738577160847999 
528 1.387669188602098 
529 1.420731766929104 
530 1.394940060724776 
531 1.417587957297628 
532 1.384833949869522 
533 1.39615612393783 
534 1.409386200237722 
535 1.38859638469883 
536 1.4162200450409839 
537 1.381863519437208 
538 1.441391709996684 
539 1.392736009645072 
540 1.446616260860712 
541 1.405172079248524 
542 1.46884339329666 
543 1.43128744037542 
544 1.487999842264446 
545 1.458449969782214 
546 1.509515041377866 
547 1.467903107829334 
548 1.4935659709740021 
549 1.4894203003367419 
550 1.4965653224447861 
551 1.49364938721074 
552 1.503752344635404 
553 1.51203948165921 
554 1.492576580559954 
555 1.499655866082898 
556 1.489788373939986 
557 1.521205466663184 
558 1.534735985204064 
559 1.513424700389546 
560 1.519114332809802 
561 1.4990459196819341 
562 1.5130090211978842 
563 1.456292512321302 
564 1.486145764650884 
565 1.4182596176617681 
566 1.46010103204852 
567 1.427732141744222 
568 1.435243086452446 
569 1.433115072998978 
570 1.485054535229478 
571 1.49952029104886 
572 1.542762035830312 
573 1.573998500426356 
574 1.583819970530622 
575 1.640583327396462 
576 1.64192502485547 
577 1.639790224307482 
578 1.6978096861183498 
579 1.6831605549263362 
580 1.675685305422856 
581 1.6320335752243778 
582 1.61189351833462 
583 1.588660497619292 
584 1.5544782567093018 
585 1.526187214663362 
586 1.5085650319325201 
587 1.497953527287998 
588 1.456174050563746 
589 1.439562424936214 
590 1.517307632185272 
591 1.4837035277124762 
592 1.542582721337932 
593 1.524898414078506 
594 1.593143310757998 
595 1.577478909433954 
596 1.63846906822311 
597 1.617253570832928 
598 1.6793060397553539 
599 1.65042697848504 
600 1.67024042209045 
601 1.6454631762097818 
602 1.6411609703577401 
603 1.6427524429518439 
604 1.622595681312608 
605 1.631606377829888 
606 1.601186404220864 
607 1.6288503849602438 
608 1.5698279219201239 
609 1.6591115086428339 
610 1.587808079362538 
611 1.6845284919218961 
612 1.6276458270870422 
613 1.69093001320713 
614 1.654566520349018 
615 1.69036137169689 
616 1.6787887733973221 
617 1.686420378949752 
618 1.7208900017438382 
619 1.682035868742822 
620 1.672425318798238 
621 1.6472427720890022 
622 1.638280564516288 
623 1.618321042941662 
624 1.59698849552084 
625 1.587881313693096 
626 1.559405676754626 
627 1.57172555251892 
628 1.5100492871640259 
629 1.532537539913916 
630 1.548052612266124 
631 1.5715442726781759 
632 1.569454003250978 
633 1.587522500320844 
634 1.62052717220103 
635 1.6339769923355782 
636 1.659233618917862 
637 1.665892471556776 
638 1.68922324044512 
639 1.694160002315566 
640 1.62854763311144 
641 1.6394325289654819 
642 1.5833593078872021 
643 1.603862641979232 
644 1.517692517066356 
645 1.5544125747441542 
646 1.47813691660337 
647 1.503122890693948 
648 1.43661762072851 
649 1.4523181329252979 
650 1.46800572571038 
651 1.445017669415674 
652 1.483116943072012 
653 1.439513578823224 
654 1.48789469210022 
655 1.461962009024298 
656 1.4965132492331479 
657 1.46783874260092 
658 1.512585663051866 
659 1.4990652123733539 
660 1.459008541108342 
661 1.478473801684348 
662 1.421846476257766 
663 1.44623861746273 
664 1.387907303572684 
665 1.399133202131692 
666 1.342111368691652 
667 1.383579597255244 
668 1.298884695848898 
669 1.3357237834962181 
670 1.358770474879628 
671 1.3826142095434801 
672 1.408820002599252 
673 1.42906726572367 
674 1.485160492922852 
675 1.512084038982068 
676 1.541063280008302 
677 1.559805821559906 
678 1.598525261498626 
679 1.619868865628216 
680 1.5789179625502159 
681 1.598578744566122 
682 1.557683376093058 
683 1.5797721752062261 
684 1.542491702501604 
685 1.5365276156599 
686 1.525390946424754 
687 1.49531509658958 
688 1.498784271906846 
689 1.44776379900624 
690 1.5294080549442959 
691 1.4732000622805521 
692 1.56778926330685 
693 1.498430542741014 
694 1.588920963285802 
695 1.5110701400806241 
696 1.620112307440762 
697 1.552891637952744 
698 1.659833018963846 
699 1.599486092695006 
700 1.64984075982368 
701 1.592413226870324 
702 1.642812701984844 
703 1.578977361965182 
704 1.618256946328178 
705 1.56931758020683 
706 1.590017561510946 
707 1.556279275783956 
708 1.552804458784456 
709 1.542597247455918 
710 1.48350930593928 
711 1.496080055714314 
712 1.4361846500804059 
713 1.447656695290542 
714 1.372392190229564 
715 1.4009635584770979 
716 1.3250170985352099 
717 1.3526182832056342 
718 1.286523330996634 
719 1.2972080733048241 
720 1.37653181013589 
721 1.391748720329308 
722 1.43170590494338 
723 1.446446744127984 
724 1.503286648317846 
725 1.528757821202448 
726 1.5722737974860919 
727 1.5987537230022 
728 1.637425671040154 
729 1.668964203201148 
730 1.6407633798916041 
731 1.6877523803429297 
732 1.6375452151439478 
733 1.6808647102185141 
734 1.645219565174554 
735 1.691683800555928 
736 1.6520327776441799 
737 1.6883195215944462 
738 1.667396356489072 
739 1.6951279890295041 
740 1.671808342254464 
741 1.695405616550208 
742 1.7006411243538881 
743 1.724390604409796 
744 1.718453177844998 
745 1.7226993172505503 
746 1.7555791609006701 
747 1.734632383011224 
748 1.779171477373648 
749 1.752365548264232 
750 1.760855946369388 
751 1.735075684208762 
752 1.750759273632434 
753 1.699840990861714 
754 1.7502453628757242 
755 1.690272567321184 
756 1.71322141755043 
757 1.676037600669082 
758 1.6897421314929642 
759 1.656729470525736 
760 1.6767693467924658 
761 1.652542994365938 
762 1.700090334228896 
763 1.652424965798182 
764 1.6817620836674743 
765 1.641732613237778 
766 1.7055079008211582 
767 1.6533599147078721 
768 1.7046744746721518 
769 1.6663575084679518 
770 1.693758443209352 
771 1.691668732757702 
772 1.688737595882058 
773 1.7071360991637838 
774 1.6880419906436739 
775 1.72585069952031 
776 1.663860931180876 
777 1.715953245782634 
778 1.665083908611928 
779 1.72028762581134 
780 1.670996584182968 
781 1.725149907947582 
782 1.6752400951204802 
783 1.731602378453606 
784 1.6856570993828002 
785 1.7269279989644761 
786 1.691258656961136 
787 1.7238093835866142 
788 1.712757950599898 
789 1.7068961962038198 
790 1.652483134386138 
791 1.623511121114704 
792 1.614849001981814 
793 1.566815790961932 
794 1.554822476682976 
795 1.511777233311296 
796 1.513244167472332 
797 1.466731881586672 
798 1.41666671775889 
799 1.4276692311365982 
800 1.43525589282372 
801 1.49580493301555 
802 1.448036829999108 
803 1.529693741055556 
804 1.4908257959415798 
805 1.545098067525456 
806 1.5012319299896861 
807 1.570903834374814 
808 1.5445982702066199 
809 1.607408012792132 
810 1.564573906473358 
811 1.58873978113813 
812 1.5837608033577282 
813 1.6111889144693659 
814 1.586037165196998 
815 1.6421902013931782 
816 1.60607479912954 
817 1.654729492897184 
818 1.636840353041596 
819 1.676577200850258 
820 1.642067318241026 
821 1.6936915668180759 
822 1.6478484098036401 
823 1.67814986241841 
824 1.657412244541836 
825 1.6638469673384961 
826 1.6681717543336059 
827 1.6830821891024381 
828 1.669081934164168 
829 1.664919204500484 
830 1.691955958490062 
831 1.673067647355262 
832 1.7044428234818039 
833 1.689420157291088 
834 1.7190341530072821 
835 1.71113848718151 
836 1.743363784006604 
837 1.715733133726184 
838 1.75994839525628 
839 1.7459388108362919 
840 1.754621827512448 
841 1.737526301898982 
842 1.7590058839116 
843 1.758538275869282 
844 1.75999304805718 
845 1.7498216549396581 
846 1.7578058208782799 
847 1.7555040445740118 
848 1.7391946436361199 
849 1.7489294785453118 
850 1.7076580586044858 
851 1.735369082425962 
852 1.675820985242698 
853 1.682788359861648 
854 1.644045378912688 
855 1.666600438801656 
856 1.600788127233832 
857 1.624472513789644 
858 1.6168848206845179 
859 1.57301552158971 
860 1.6286697159859478 
861 1.5938654709532059 
862 1.6252970869743781 
863 1.5980301882935 
864 1.634524021113378 
865 1.605077819620582 
866 1.639413849704774 
867 1.614315926434982 
868 1.609161948054552 
869 1.636985536544256 
870 1.636359278222148 
871 1.638713563538598 
872 1.66603349827931 
873 1.67084309190346 
874 1.666279567627274 
875 1.6859232591748579 
876 1.684429369534484 
877 1.6937583190780081 
878 1.7103973702241881 
879 1.7108984151453601 
880 1.688772160841264 
881 1.7034278911577823 
882 1.682360720737376 
883 1.6874615138216982 
884 1.7079964466016162 
885 1.6948487833740402 
886 1.70556820930614 
887 1.699140129185028 
888 1.7136514549187978 
889 1.7124578978439502 
890 1.7567737687549279 
891 1.7349648001056182 
892 1.774423021287508 
893 1.7357982105226242 
894 1.8048562881485162 
895 1.75546625069253 
896 1.837022234588218 
897 1.770012796132054 
898 1.833407924654448 
899 1.763709773922908 
900 1.8138767003370742 
901 1.764986164313406 
902 1.8110496512981922 
903 1.7702209144850483 
904 1.77044691438455 
905 1.7584432169148438 
906 1.7300637280520998 
907 1.752356949953376 
908 1.738624131151472 
909 1.745432790619812 
910 1.7254275347103458 
911 1.7235154610949739 
912 1.695976488303916 
913 1.718802778159302 
914 1.6947593775965781 
915 1.707462977048112 
916 1.71716019557741 
917 1.703773594267598 
918 1.69788229760956 
919 1.702913435840594 
920 1.6968908133446419 
921 1.7002649916208898 
922 1.7433203066633758 
923 1.7280577253836882 
924 1.7904267638095799 
925 1.744940416650104 
926 1.7990643023048443 
927 1.754988808892358 
928 1.8117166812111118 
929 1.756956914223106 
930 1.8227874718889001 
931 1.765851031445226 
932 1.789967580982864 
933 1.7573810525738458 
934 1.762701760121796 
935 1.73668358062906 
936 1.7519713340936558 
937 1.742673447926712 
938 1.74318388801575 
939 1.752278480103864 
940 1.719597033721918 
941 1.719671914706126 
942 1.705690566543188 
943 1.7175650664370221 
944 1.6940349442224878 
945 1.7041891178652002 
946 1.67339128719525 
947 1.6921082550681121 
948 1.6562564159558 
949 1.650995762912866 
950 1.661877010280976 
951 1.6812800328175779 
952 1.6831285126418638 
953 1.7054410495794339 
954 1.685225094218422 
955 1.7227818282135838 
956 1.7217936106535958 
957 1.7321180363805042 
958 1.73977740892974 
959 1.7710943276137499 
960 1.776579937188814 
961 1.762160562207826 
962 1.756638522011866 
963 1.741163837713776 
964 1.7753580779789062 
965 1.728940996127354 
966 1.772138584860522 
967 1.7074508502166101 
968 1.776782323729964 
969 1.7131386606422 
970 1.778216969632376 
971 1.736433517794588 
972 1.797380402573824 
973 1.7346440691849179 
974 1.802625116769994 
975 1.773333412560238 
976 1.8012240638932142 
977 1.807531193537002 
978 1.8101707437879342 
979 1.8200599462979081 
980 1.79510316246472 
981 1.822785566153478 
982 1.7802139955698142 
983 1.824960469950692 
984 1.7683533078932339 
985 1.795131701892998 
986 1.748800821568172 
987 1.7899755450393102 
988 1.7483552968419762 
989 1.779290664907086 
990 1.730265535275026 
991 1.75807912315894 
992 1.7062724813469998 
993 1.715339719348642 
994 1.687827554050258 
995 1.6957891730154038 
996 1.661639399557398 
997 1.674624091922146 
998 1.63691042854365 
999 1.6504426953579638 
1000 1.649540963442152 
1001 1.658617816803682 
1002 1.648613949076994 
1003 1.670810918655804 
1004 1.6385152703384862 
1005 1.6696363805947438 
1006 1.655060824187882 
1007 1.6551814152130082 
1008 1.66989936224393 
1009 1.6615990734804762 
1010 1.688700470491322 
1011 1.68878834080818 
1012 1.720675518044386 
1013 1.735847395368896 
1014 1.7525741218770718 
1015 1.756375362856088 
1016 1.781909899493304 
1017 1.7885990231841682 
1018 1.771866703313346 
1019 1.80765771771943 
1020 1.771780814572096 
1021 1.801808351129108 
1022 1.782984611397752 
1023 1.799275661904516 
1024 1.8001638091174041 
1025 1.83169694494813 
1026 1.8023005129253282 
1027 1.83606087827771 
1028 1.8434992015554559 
1029 1.8370095107743438 
1030 1.8296720070518302 
1031 1.8270159551186063 
1032 1.8077457825445058 
1033 1.8157188870500718 
1034 1.786107019723466 
1035 1.783913613419968 
1036 1.760350112280938 
1037 1.766582582745108 
1038 1.7426102223779298 
1039 1.765980699770544 
1040 1.7593762908128698 
1041 1.7811524524555558 
1042 1.778853186664184 
1043 1.788263733293114 
1044 1.7936402463379941 
1045 1.808784424569102 
1046 1.7947445392188002 
1047 1.8329807839094658 
1048 1.79736827753975 
1049 1.846091751416494 
1050 1.784454159042316 
1051 1.837388273186956 
1052 1.779248727266848 
1053 1.8343571523285838 
1054 1.7772058012735261 
1055 1.8361868951156162 
1056 1.782571408020162 
1057 1.8445563862699121 
1058 1.790351209632254 
1059 1.8326421692643158 
1060 1.7805044982429301 
1061 1.838745822782742 
1062 1.76408222571794 
1063 1.8352899195002301 
1064 1.755029526002314 
1065 1.8046553057038601 
1066 1.7515501396286322 
1067 1.8030169843413302 
1068 1.726312602998576 
1069 1.8086768204704717 
1070 1.747740397527058 
1071 1.8031984313508 
1072 1.7645325681708102 
1073 1.806380319272808 
1074 1.78961324905287 
1075 1.824561415781868 
1076 1.7897058180521221 
1077 1.805341166286064 
1078 1.817565972932292 
1079 1.806232261759768 
1080 1.809758929080208 
1081 1.797819510309918 
1082 1.815610901626044 
1083 1.809250186736152 
1084 1.804739746865712 
1085 1.795384452416472 
1086 1.79894511644016 
1087 1.800408959790738 
1088 1.78803595036138 
1089 1.7984252837412122 
1090 1.767376562290544 
1091 1.79305885957809 
1092 1.7545084236168962 
1093 1.7769434288283041 
1094 1.753643583036844 
1095 1.790700178348636 
1096 1.7511647553754361 
1097 1.808117429688712 
1098 1.739922244358726 
1099 1.796040354656574 
1100 1.751013749526512 
1101 1.772625964642026 
1102 1.7382423933473081 
1103 1.74496979938847 
1104 1.741616560699764 
1105 1.7257221495872639 
1106 1.7507254281982783 
1107 1.7030850855196882 
1108 1.7518003264715538 
1109 1.700076502337272 
1110 1.76473658548696 
1111 1.738917274950388 
1112 1.7868924681725482 
1113 1.7603994301536239 
1114 1.7960803535467922 
1115 1.8021073579559779 
1116 1.8042721519735578 
1117 1.8046059332901059 
1118 1.825660728001894 
1119 1.835019668138904 
1120 1.7923752436279958 
1121 1.801556642322416 
1122 1.7508487416063658 
1123 1.77981762622542 
1124 1.730871257785384 
1125 1.737702456131452 
1126 1.71600210614925 
1127 1.7386585644676622 
1128 1.696243146434836 
1129 1.7250331521535902 
1130 1.692716098676878 
1131 1.7275256108537778 
1132 1.692901543208522 
1133 1.7009051379601061 
1134 1.673047797143774 
1135 1.6927032310421382 
1136 1.655899050973296 
1137 1.670648989331816 
1138 1.635210271422956 
1139 1.628556827955426 
1140 1.654244694333876 
1141 1.6476640827935403 
1142 1.6960312473791461 
1143 1.6967304280753779 
1144 1.73138701914166 
1145 1.7046383090515238 
1146 1.748636148436146 
1147 1.711155111062872 
1148 1.7779452006183738 
1149 1.7268058731623341 
1150 1.7623920327328801 
1151 1.714261301106924 
1152 1.740869046751822 
1153 1.70187241133468 
1154 1.74132575132434 
1155 1.713517573711774 
1156 1.7463187778366218 
1157 1.7249769780087998 
1158 1.74137676443022 
1159 1.7547901347510941 
1160 1.746710072762966 
1161 1.784031927742498 
1162 1.7552949477820239 
1163 1.7937376269725882 
1164 1.74252774777255 
1165 1.7855737718341722 
1166 1.744607601289088 
1167 1.7796721169402239 
1168 1.739256886737096 
1169 1.766993613160582 
1170 1.7288771171980422 
1171 1.7168888398242779 
1172 1.7288620341748 
1173 1.732332280983556 
1174 1.7203627401990063 
1175 1.72047007137389 
1176 1.7354570894334682 
1177 1.7267272421877258 
1178 1.7360985196140342 
1179 1.712801618030942 
1180 1.770567881394312 
1181 1.753872439685096 
1182 1.7796169702884221 
1183 1.749038513351356 
1184 1.8119134359407378 
1185 1.785043612887494 
1186 1.813111892417338 
1187 1.7968839563331422 
1188 1.8211859787623321 
1189 1.816933279165338 
1190 1.808303170793328 
1191 1.817427217862542 
1192 1.780729303335742 
1193 1.788203251473568 
1194 1.753363937510412 
1195 1.7801128136477122 
1196 1.700690596625348 
1197 1.748858659877212 
1198 1.70291051951568 
1199 1.725182583811936 
1200 1.7063165650621641 
1201 1.704794871043116 
1202 1.725842725447474 
1203 1.732664597484194 
1204 1.757478096305962 
1205 1.716617818072154 
1206 1.797248422923838 
1207 1.7358840661902601 
1208 1.7845744194010902 
1209 1.7381118555943718 
1210 1.7681977275456522 
1211 1.7448991981339361 
1212 1.7741882208261281 
1213 1.741865793759958 
1214 1.743224230611696 
1215 1.7486660942455639 
1216 1.729082480154144 
1217 1.7502794067185459 
1218 1.7140492757937342 
1219 1.7511204297301521 
1220 1.6941633697499519 
1221 1.718862630024788 
1222 1.659150846699544 
1223 1.6994341934930641 
1224 1.6520427772344282 
1225 1.660361135512336 
1226 1.6355088269290519 
1227 1.634205757027066 
1228 1.6384633532063202 
1229 1.619733469990738 
1230 1.6466404643669261 
1231 1.628622324310624 
1232 1.6551758910280459 
1233 1.617524948699176 
1234 1.6520712118095642 
1235 1.6181173616083702 
1236 1.6568104103467138 
1237 1.621810451488382 
1238 1.655726876015906 
1239 1.6209761826125781 
1240 1.647650882857518 
1241 1.60251220287625 
1242 1.616325599841622 
1243 1.565864128150222 
1244 1.595896424276278 
1245 1.562365209592728 
1246 1.5858693249270002 
1247 1.5314981053128078 
1248 1.555186032523736 
1249 1.50626863440059 
1250 1.541091426545476 
1251 1.5217247032469359 
1252 1.554191116612386 
1253 1.5495282263585 
1254 1.5597560573492761 
1255 1.564293298897352 
1256 1.548226059646184 
1257 1.6024823727431141 
1258 1.567271291834738 
1259 1.6290583447941942 
1260 1.6185141537423502 
1261 1.6326492733824238 
1262 1.6694067995004542 
1263 1.642150377294716 
1264 1.69992999606179 
1265 1.660897263106636 
1266 1.7319939242820641 
1267 1.6662691144961659 
1268 1.7739218757162738 
1269 1.709350552308906 
1270 1.7695855205111481 
1271 1.77029174581472 
1272 1.7751381971665938 
1273 1.7821061393657238 
1274 1.776495383995848 
1275 1.7817416304256681 
1276 1.7935864939876223 
1277 1.7958467103531242 
1278 1.795252161108244 
1279 1.7876273585200941 
1280 1.797723060394636 
1281 1.766330193286634 
1282 1.75560168943938 
1283 1.7663742034411019 
1284 1.732758338210352 
1285 1.765875345877498 
1286 1.6980392242423838 
1287 1.748500848336598 
1288 1.6670620154053541 
1289 1.7291135819410879 
1290 1.620270967155978 
1291 1.6722466308075041 
1292 1.618454668272396 
1293 1.656363640439914 
1294 1.602334376158596 
1295 1.636003371613048 
1296 1.60025939813957 
1297 1.6145437141181318 
1298 1.5690019104781858 
1299 1.5815250894794641 
1300 1.616683391483182 
1301 1.6275738401049602 
1302 1.650153111976462 
1303 1.6674676789033662 
1304 1.681522128047814 
1305 1.6948379840042862 
1306 1.7176499988110479 
1307 1.736944147304964 
1308 1.7735607843028578 
1309 1.784485738521618 
1310 1.7518746007046921 
1311 1.7612788734710922 
1312 1.7483704731757381 
1313 1.7544401019076041 
1314 1.737830393846264 
1315 1.7411827853735757 
1316 1.725666662787256 
1317 1.740256007793152 
1318 1.694321311257238 
1319 1.719810926026828 
1320 1.690640144668236 
1321 1.71968424652697 
1322 1.67864868686733 
1323 1.7322660018010978 
1324 1.67926967114609 
1325 1.7382157734862003 
1326 1.6753955768012758 
1327 1.744301411545648 
1328 1.6742763185516139 
1329 1.7615660229562782 
1330 1.708046685520964 
1331 1.7716188517295262 
1332 1.706932259887612 
1333 1.757695607460004 
1334 1.7198485768966119 
1335 1.76331878959336 
1336 1.728868453130304 
1337 1.7572126503305998 
1338 1.739207473927022 
1339 1.7428937671012998 
1340 1.7280492886562222 
1341 1.74943259041646 
1342 1.7212808869394522 
1343 1.74327971694566 
1344 1.7076862057617022 
1345 1.7430780106365742 
1346 1.7209410219226442 
1347 1.74190798816459 
1348 1.723930648376906 
1349 1.734068227553502 
1350 1.671051171728544 
1351 1.7107072725225219 
1352 1.6520050619184459 
1353 1.687103839698984 
1354 1.588458416877566 
1355 1.667987826360888 
1356 1.57070094947099 
1357 1.6163715130071459 
1358 1.5635734881749381 
1359 1.6294176650662842 
1360 1.593358309283582 
1361 1.62921541272691 
1362 1.614275582929708 
1363 1.646686924734422 
1364 1.6647501912455538 
1365 1.65588727418878 
1366 1.690249796199124 
1367 1.68855451672482 
1368 1.70508634537591 
1369 1.69697969657783 
1370 1.706235742441536 
1371 1.699911053223958 
1372 1.7104001958936739 
1373 1.7030241572563782 
1374 1.6894421799094421 
1375 1.7033185423726782 
1376 1.6731322420615062 
1377 1.702927463261176 
1378 1.64316769692384 
1379 1.67616282559955 
1380 1.626258790224118 
1381 1.6546577531267261 
1382 1.5953561286640459 
1383 1.628670322541782 
1384 1.574988287313664 
1385 1.5927024445978921 
1386 1.5603814522345 
1387 1.5670851354031181 
1388 1.5429242492998099 
1389 1.539821777469712 
1390 1.5377381702008 
1391 1.565304631244834 
1392 1.53099825217284 
1393 1.5547086414501379 
1394 1.528421268472246 
1395 1.57539717580757 
1396 1.525520241328856 
1397 1.56559514247231 
1398 1.53634901446612 
1399 1.585752559735186 
1400 1.54424280949444 
1401 1.547472352052298 
1402 1.56280120250913 
1403 1.540120355815602 
1404 1.56625670433069 
1405 1.535488957834152 
1406 1.550352961262484 
1407 1.524479426668408 
1408 1.524782499375808 
1409 1.49077605313835 
1410 1.5160665831062479 
1411 1.4790723080728498 
1412 1.520200449877796 
1413 1.473787399380074 
1414 1.519270919481536 
1415 1.433240694356194 
1416 1.523559627685074 
1417 1.4289229511216521 
1418 1.5388370518669139 
1419 1.429762355921946 
1420 1.530593008124864 
1421 1.461545635556428 
1422 1.502697993987144 
1423 1.467681283748332 
1424 1.502077077187574 
1425 1.5121539266464539 
1426 1.4937998798430399 
1427 1.537612655476646 
1428 1.472115728788834 
1429 1.557350656238212 
1430 1.5051562446920739 
1431 1.5509338329768618 
1432 1.537071236607722 
1433 1.587637346921234 
1434 1.5446552490105 
1435 1.6017969621716879 
1436 1.561206982868462 
1437 1.6008107329657542 
1438 1.581590976978004 
1439 1.60406442020876 
1440 1.560933773820734 
1441 1.599338562586484 
1442 1.546645392949488 
1443 1.575465644780084 
1444 1.54593536888283 
1445 1.547462918468 
1446 1.539644893993944 
1447 1.54868256261017 
1448 1.537843138784698 
1449 1.5431619785361481 
1450 1.511846223292578 
1451 1.520950509235872 
1452 1.480559687739654 
1453 1.5384775194204179 
