0 4.350522564236608 
1 4.960069251455156 
2 4.788991370392614 
3 8.747062626431148 
4 8.53866652551948 
5 6.065629577996405 
6 11.287724614552413 
7 7.452790862552707 
8 8.426171874215251 
9 9.64742305507189 
10 8.517408247518983 
11 10.376726545819798 
12 7.7677906367311715 
13 8.803887367106409 
14 7.582662019293348 
15 8.051739329915016 
16 7.227670632349494 
17 8.490304871753867 
18 8.605059670963414 
19 8.77225374529681 
20 8.229595750901089 
21 9.191645281679184 
22 9.68596560507495 
23 8.470090268381833 
24 8.470141582876773 
25 8.518947902914594 
26 8.090957842876268 
27 9.509556479587904 
28 5.097939215674359 
29 8.587898779067029 
30 7.110448074944183 
31 7.730538204779906 
32 6.502423891962787 
33 8.28499584199995 
34 9.445545669303751 
35 7.241334422159571 
36 8.422128069717475 
37 6.867183496377553 
38 7.415593186776661 
39 8.489669020014249 
40 8.010863731600127 
41 8.630290659632344 
42 8.119919852094203 
43 6.337644754974252 
44 5.778257197844814 
45 8.150895289769172 
46 5.952246405708293 
47 8.311806904205145 
48 9.241303030636864 
49 7.907857699044301 
50 6.89504477180108 
51 7.569251647645653 
52 11.504071663471322 
53 8.219242293304173 
54 7.243547941420282 
55 6.33184685106293 
56 7.562236990613697 
57 7.874793475322178 
58 8.246909599265422 
59 5.774319494694179 
60 7.638339719401507 
61 8.265012995662858 
62 9.030242877411604 
63 4.856238436298041 
64 11.182216392463616 
65 7.456275332432624 
66 8.840703916902564 
67 8.776402103338096 
68 8.338145543172718 
69 7.495329607980143 
70 9.260645990324939 
71 8.602359427043169 
72 8.12540972808778 
73 5.645662751960158 
74 8.981340551004065 
75 8.059428694405694 
76 8.368373273424858 
77 6.795333366816097 
78 7.422916283218417 
79 6.235242174178692 
80 7.846875415092822 
81 5.035849915174771 
82 7.3413754717113235 
83 6.825955629621914 
84 10.73071540592884 
85 6.760089032010586 
86 8.636368128881347 
87 4.9949791831407255 
88 6.7798784430363375 
89 7.818221809654823 
90 7.7371692941128725 
91 9.456171993362672 
92 8.678738218649451 
93 1.3301311863345744 
94 8.605818868234232 
95 5.730996101729422 
96 8.336272878866476 
97 7.701623209695189 
98 7.46109005135576 
99 4.414415590156377 
100 8.001556699339547 
101 8.905822550439314 
102 5.7579344323958495 
103 8.333440623075242 
104 9.262138838098771 
105 9.33091883089436 
106 5.155133189203274 
107 8.933231384593103 
108 5.250900750896995 
109 5.1212190401768 
110 7.822888029274953 
111 5.601973504078299 
112 7.8209771224097455 
113 8.951133002403015 
114 8.821477921613578 
115 8.783864326985702 
116 8.071044676171361 
117 8.358633938695837 
118 6.957043288449226 
119 8.200424655016677 
120 8.493433961958491 
121 8.093690119428272 
122 9.440400816578249 
123 9.323493322426334 
124 11.050058881954197 
125 8.458816174246245 
126 8.336653972443731 
127 8.453565194958058 
128 8.483641754938825 
129 8.491662819983318 
130 10.150612162911083 
131 7.660073709624987 
132 7.914811550937763 
133 6.860747070408344 
134 9.3562292266167 
135 7.967933008864016 
136 7.741653500287938 
137 8.246212404204202 
138 8.149279946530298 
139 8.421214944264191 
140 7.92429203263952 
141 7.151462243561763 
142 6.95367536614399 
143 6.3887405466744855 
144 6.271087507774747 
145 8.187538431206432 
146 8.185173693033349 
147 6.911553685070873 
148 9.157189204294877 
149 8.729149583553593 
150 8.775759401768415 
151 7.83867772549049 
152 8.696498845112357 
153 2.8038553224601013 
154 7.596216293554188 
155 7.140383312393813 
156 8.33415264660707 
157 8.783661981269582 
158 8.066853482016297 
159 5.625279466535768 
160 8.165462247694991 
161 8.674358725123001 
162 8.495274668740707 
163 8.11412343252456 
164 8.07174363198288 
165 7.990596393633133 
166 8.302182282439801 
167 8.322015234096758 
168 8.735658230168118 
169 8.480262679035011 
170 10.999866248803452 
171 8.926938073589756 
172 7.560914670969021 
173 8.479816910691397 
174 7.836027044851185 
175 8.620446282316623 
176 7.1915093530854035 
177 8.297435775696645 
178 8.921014122851796 
179 7.259105675156932 
180 8.58603529558672 
181 6.011615307438727 
182 9.829770280341416 
183 8.697418542779944 
184 8.607072719773285 
185 8.413511995506699 
186 6.9415456314793 
187 7.896200911178885 
188 8.861829706317346 
189 8.752629876566397 
190 8.091831970644638 
191 6.520153649326968 
192 7.142851790607337 
193 7.852031570592024 
194 7.988374462671246 
195 8.721852541921747 
196 6.843809607725079 
197 8.972502577749635 
198 9.517454208796995 
199 6.859411873412629 
200 10.797789110830216 
201 8.504334990551424 
202 7.8642954240768 
203 8.31417946542551 
204 7.990870415918093 
205 8.395609938688867 
206 9.29057409548618 
207 7.218975200125299 
208 7.043260689228992 
209 7.028849038169883 
210 9.110842724452825 
211 7.523725642492874 
212 8.539327123733903 
213 8.607302337798792 
214 6.015745366246857 
215 9.125431870991324 
216 7.512325302736946 
217 8.812507222412485 
218 8.140770386357726 
219 8.399762885111429 
220 6.753525458333736 
221 9.482145965632538 
222 7.253983434998193 
223 8.880574040707092 
224 10.59834087595483 
225 2.830949743822342 
226 7.177467738816608 
227 2.6882755712171544 
228 8.68578339300839 
229 1.5564573827286572 
230 9.262220651885876 
231 8.377014212330135 
232 9.448886445863202 
233 6.195216410668471 
234 5.789487196829678 
235 8.532100872473254 
236 8.941668052375531 
237 8.199110165846946 
238 7.872605917728409 
239 7.491474020186577 
240 8.524003267907442 
241 11.05224269956627 
242 8.86197949680113 
243 7.805868679593618 
244 8.196338296246646 
245 9.19799474563708 
246 7.646053835692853 
247 8.468328847772934 
248 7.74301121123006 
249 7.024564094920205 
250 7.18216267772167 
251 8.184726463787063 
252 9.222689602248115 
253 8.699222436310917 
254 6.920540007193936 
255 8.30560181545633 
256 7.747874291815446 
257 8.60350638242009 
258 7.941561613644712 
259 8.030065572201215 
260 8.970948126696369 
261 7.704339392514438 
262 7.739739222539203 
263 8.43364365712907 
264 8.261838352321972 
265 8.674448424483582 
266 9.29559809757676 
267 4.38080814516407 
268 7.863572960568746 
269 10.218246311563274 
270 7.398770841712355 
271 7.969719540928783 
272 5.297457051270716 
273 8.099050738014505 
274 8.351626995663203 
275 9.53716929863456 
276 9.412225132006203 
277 7.8944620428875 
278 7.6703699030209265 
279 4.656659017154226 
280 7.957472158454912 
281 5.950895194369051 
282 8.826638775892437 
283 10.405843124801525 
284 8.136759034368234 
285 8.018229923379264 
286 8.096299213206397 
287 9.177928179273914 
288 9.06063532181934 
289 9.120054620688455 
290 9.36178419013267 
291 7.513846043603662 
292 4.937844646935556 
293 7.941290962655539 
294 7.559497439797851 
295 8.32826141776686 
