0 3.0 
1 3.7697988083041603 
2 3.01598018967342 
3 3.7697988083041603 
4 3.08802617185408 
5 3.69059264793952 
6 3.2096938734442197 
7 3.5757521084352 
8 3.2223424728443595 
9 3.90712566002112 
10 3.2628636798197803 
11 3.9098882982219 
12 3.14721123908468 
13 3.7931808317897797 
14 2.92709657446176 
15 3.72013334594608 
16 2.8521062766148 
17 3.72013334594608 
18 2.8687974874401 
19 3.7173707077453004 
20 3.13009955021618 
21 3.79388383045996 
22 3.2875385499070604 
23 3.9321965639614396 
24 3.49658167608792 
25 3.8574004945564804 
26 3.7933890686138 
27 3.50637939516778 
28 3.5387769766938 
29 3.43542593566522 
30 3.50341091535752 
31 3.46128136442588 
32 3.5103785533457597 
33 3.2642851632281795 
34 3.19059821930478 
35 3.6153062626168797 
36 3.47353727530992 
37 3.74247342343162 
38 3.69199085199424 
39 3.7335171481257197 
40 3.65341396269936 
41 3.8865527765923 
42 3.7313522258392 
43 3.8018996780735796 
44 3.8187409096683402 
45 3.9092613665230203 
46 3.9391024727637998 
47 4.09644715749714 
48 4.1819464454533 
49 4.21520379963324 
50 4.36563620513376 
51 3.85185644382926 
52 3.96337710456718 
53 3.53005428900138 
54 3.5445533571132204 
55 3.2106488566139397 
56 3.172494244958 
57 2.7890174229117 
58 2.81933078586436 
59 2.96143304508126 
60 2.93807022975858 
61 3.07706281936414 
62 3.0515643120147398 
63 3.21807473462216 
64 3.14042582646346 
65 3.39791469451902 
66 3.3371844993975004 
67 3.40313660933698 
68 3.45510288501058 
69 3.60682406741838 
70 3.5878515507099005 
71 3.72746745285828 
72 3.76765631223776 
73 3.85081525633816 
74 3.8551783614558195 
75 4.01440516281674 
76 3.8059850459918403 
77 3.98108061334226 
78 3.9625708142823397 
79 3.8107765895109 
80 3.79156946572314 
81 3.8429348880428797 
82 3.79384215990556 
83 3.63785652943512 
84 3.9219421043980196 
85 3.5730780210949598 
86 3.78074962255508 
87 3.6840499069468797 
88 3.8909051342328396 
89 3.62529758655664 
90 3.81264870235116 
91 3.8107640500889195 
92 3.80067544491056 
93 3.75515326577246 
94 3.731739217624 
95 3.56862911498816 
96 3.51291780012836 
97 3.60729254808846 
98 3.36411748622142 
99 3.5601857659815 
100 3.3853608823802803 
101 3.3962271416736796 
102 3.2990511894626002 
103 3.4636119202745 
104 3.64651886385802 
105 3.3939306950384798 
106 3.7077863688807198 
107 3.44589364271654 
108 3.67255441224862 
109 3.4390621470336398 
110 3.55682575186506 
111 3.47842365740786 
112 3.39842703193464 
113 3.54993768074326 
114 3.5238915637496198 
115 3.6704644383245997 
116 3.40913524915456 
117 3.5268446426755196 
118 3.3676599670913605 
119 3.80724684259704 
120 3.24807891261034 
121 3.5754429124481 
122 3.05025907480808 
123 3.42291421396954 
124 3.20684376311888 
125 3.6604087136540002 
126 3.5764871346426403 
127 3.67146449893252 
128 3.7821453842551 
129 3.7080545295792597 
130 3.83531386072882 
131 3.79715535601938 
132 3.7987203755140597 
133 3.71472670751398 
134 3.5726088744715 
135 3.62210126941702 
136 3.6925866663139204 
137 3.7806297456398603 
138 3.81923890672228 
139 3.71113870289886 
140 3.7953338318866203 
141 3.8093483723868196 
142 3.8613279917244396 
143 3.65578435935164 
144 3.65472068864076 
145 3.5592812037905395 
146 3.62799047612208 
147 3.6423532313214997 
148 3.4735773076380196 
149 3.66854904126136 
150 3.3886222090216203 
151 3.5254151712408004 
152 3.2381810649314 
153 3.4362332632998402 
154 3.11345447692036 
155 3.5942153442358404 
156 3.2722381764435395 
157 3.5750630524297597 
158 3.4747158031098 
159 3.6864996447770997 
160 3.8317642502837 
161 3.59685013855542 
162 3.7826882801920805 
163 3.6160024303615 
164 3.83611702384398 
165 3.47656683079594 
166 3.7229282240688804 
167 3.4898418976473797 
168 3.48859199714144 
169 3.83349884503014 
170 3.68910228955614 
171 3.83890361091634 
172 3.6591334925959003 
173 3.52155762249632 
174 3.5449081268152 
175 3.78616928445024 
176 3.5689853724533998 
177 3.85907379105468 
178 3.5329896228877997 
179 3.9306670309988396 
180 3.5929824558389596 
181 3.9987905514607 
182 3.67253860737816 
183 3.8161780457629 
184 3.83496988423882 
185 3.83623814826854 
186 3.80934790476216 
187 3.6718523498007998 
188 3.65236070960144 
189 3.50588175947412 
190 3.37146415985872 
191 3.36366144192082 
192 3.11813430964808 
193 2.9783469749630602 
194 3.01802143729642 
195 3.1528383168992398 
196 3.10852112548394 
197 3.5595750829635002 
198 3.33030119301466 
199 3.53499662525716 
200 3.2618204451989796 
201 3.6730675010971803 
202 3.3702558608725197 
203 3.57711672798398 
204 3.4247494399578002 
205 3.1770172401816 
206 3.2142482350658397 
207 3.25395595535642 
208 3.37745421256554 
209 3.4109294953265397 
210 3.3842892599878196 
211 3.3344668102788804 
212 3.4649876058671 
213 3.61667758499856 
214 3.60025532548356 
215 3.53439380602178 
216 3.4849966558051597 
217 3.2766751581215403 
218 3.3769138414889603 
219 3.4614702005213998 
220 3.4691472827772403 
221 3.58781520582464 
222 3.57663179373736 
223 3.7443541908611797 
224 3.7450933790104797 
225 3.77606228816582 
226 3.8063861769435396 
227 3.7118195236956 
228 3.71242842641446 
229 3.4932512458518197 
230 3.6821928589901196 
231 3.6033642318407404 
232 3.70416082617718 
233 3.75176437235924 
234 3.8566928774968603 
235 3.9418852838023595 
236 4.02824734773094 
237 3.99705901204634 
238 4.05465376422384 
239 3.93115574575452 
240 4.00978113742402 
241 3.9788506036038003 
242 3.94564276439716 
243 3.92997725685684 
244 3.857184492444 
245 3.92364469742526 
246 3.81563812388776 
247 3.9240556492911205 
248 3.9599368214413198 
249 3.92026349009574 
250 3.8907839365732997 
251 3.65929884307832 
252 3.57847877700506 
253 3.66475593535282 
254 3.5561289073318796 
255 3.44141644314602 
256 3.19339923743714 
257 3.5453341032112 
258 3.2621137825836 
259 3.5096422151616204 
260 3.2400195414875 
261 3.5463048714861998 
262 3.26325655610352 
263 3.4422035042489 
264 3.17806469836162 
265 3.12651073202348 
266 3.0483376595682 
267 3.09959869520994 
268 3.0796290108467597 
269 3.25373414376834 
270 3.2231475908820597 
271 3.45049691459374 
272 3.43774382251596 
273 3.4906952979208397 
274 3.4053812933577197 
275 3.46157912301882 
276 3.34494912616956 
277 3.4417185610256196 
278 3.36089961134536 
279 3.4805065847133796 
280 3.42024821039316 
281 3.5216676121185997 
282 3.5346655969554 
283 3.44665643523662 
284 3.4927675700263796 
285 3.5570460417712804 
286 3.5865416514162596 
287 3.51340264377034 
288 3.5127268641004 
289 3.59429943980902 
290 3.5543964649891997 
291 3.65287308528688 
292 3.78238025012312 
293 3.7395663671435004 
294 3.70469593196556 
295 3.9028356760534004 
296 3.7119225673164005 
297 4.01225033250332 
298 3.6459567177717602 
299 3.99931751905138 
300 3.43745834724186 
301 4.03650707021598 
302 3.50083046173674 
303 3.91621383944576 
304 3.54877125018844 
305 3.74665509283396 
306 3.6500704442979397 
307 3.7618283439062203 
308 3.72147094166586 
309 3.8240317255928 
310 3.70940965136836 
311 3.8111464695176402 
312 3.7042357316567 
313 3.75462293268352 
314 3.86330844576002 
315 3.69746415742962 
316 3.76872018623342 
317 3.68284460743332 
318 3.88468431748196 
319 3.89700263098256 
320 4.04785671104694 
321 4.11118949448376 
322 3.92514600831988 
323 4.0537257509918 
324 3.93053993380538 
325 4.01671378575282 
326 3.9143005899482604 
327 3.8622296970560597 
328 3.79319351813186 
329 3.8281889137273604 
330 3.7791250773981195 
331 3.88555054109802 
332 3.75363428256358 
333 3.6921188622345604 
334 3.65843740641208 
335 3.49302649228738 
336 3.4670815879868 
337 3.2413213870347 
338 3.3104278371921403 
339 3.2627074715564603 
340 3.3329213674300804 
341 3.40225676428918 
342 3.39249626348456 
343 3.6715036119407003 
344 3.66609525516916 
345 3.8449597573727403 
346 3.9893202232764 
347 3.83362209698126 
348 4.02934478713494 
349 3.6959574021122004 
350 3.9260968129486997 
351 3.5848843207578 
352 3.7657931260387203 
353 3.5206662042312997 
354 3.54939022926368 
355 3.55713086150514 
356 3.59086608015158 
357 3.63949425200098 
358 3.7287311865614 
359 3.69830936461248 
360 3.76311305961194 
361 3.72008129376714 
362 3.7849766925203 
363 3.9459985498888797 
364 3.8594421214894803 
365 3.9277821032847795 
366 3.83060765977124 
367 3.99828417946654 
368 4.0867555258677 
369 4.20893743893694 
370 4.15177411214122 
371 3.9852667361991996 
372 4.24496879278446 
373 4.03481315711252 
374 4.2300775424804 
375 3.9765903994706795 
376 4.15833446112924 
377 3.88187322347504 
378 4.09298411341126 
379 3.7885369856977804 
380 3.86503993400842 
381 3.6592669789784997 
382 3.78307906014904 
383 3.5997677611180796 
384 3.5592950681063598 
385 3.6185785739564205 
386 3.5233316443917198 
387 3.69441336237634 
388 3.6048596935607398 
389 3.78836036170442 
390 3.68277873001608 
391 3.81586019660622 
392 3.70251396110894 
393 3.59093613275276 
394 3.5878679508157605 
395 3.56531032443788 
396 3.55403240678872 
397 3.42828536461868 
398 3.3857111493469803 
399 3.3661975864905402 
400 3.3906092330181403 
401 3.48838904291746 
402 3.5943639115247996 
403 3.5516997562133 
404 3.6796355686040996 
405 3.63769592691256 
406 3.84107944066358 
407 3.7624160477134603 
408 3.9140382936986198 
409 3.7675127263208403 
410 3.89558270840906 
411 3.9536631932159603 
412 3.7836017555068997 
413 3.97517297573024 
414 3.7838698551139 
415 3.87752007741848 
416 3.7143611329144797 
417 3.75021973142706 
418 3.5664040256442804 
419 3.75021973142706 
420 3.42484806584432 
421 3.6517579849173005 
422 3.38218251842164 
423 3.57713830028154 
424 3.30959312781116 
425 3.76135527565568 
426 3.2886877805832 
427 3.76135527565568 
428 3.47318149141062 
429 3.8677667936329003 
430 3.6883101142646195 
431 3.7730505898014797 
432 3.62510466008834 
433 3.5037236281181996 
434 3.53095394471368 
435 3.43972207246906 
436 3.48656178402306 
437 3.4427845611762202 
438 3.3260941980445202 
439 3.65703431616406 
440 3.47975113571092 
441 4.04372602023562 
442 3.79193991661444 
443 4.10772757588476 
444 3.84213597658684 
445 3.8888759739611998 
446 3.60557818152378 
447 3.85818865378754 
448 3.6883820874549 
449 3.51598769783162 
450 3.4249489941093003 
451 3.51598769783162 
452 3.4551809314019004 
453 3.75350306593808 
454 3.6904937384458796 
455 3.7881690510951005 
456 3.5428388977993004 
457 3.9729997735679397 
458 3.7705210296657397 
459 3.80831894931194 
460 3.6265709619758804 
461 3.8256307510239997 
462 3.5606377048271 
463 3.6560201068643003 
464 3.4634384060142205 
465 3.48512914185118 
466 3.24425001577596 
467 3.64980996610718 
468 3.39648828478008 
469 3.5105115843536 
470 3.42543370833016 
471 3.6194738558361004 
472 3.6625944354947797 
473 3.7321367739459 
474 3.8586309788053 
475 3.6142619687337203 
476 3.6788286123053195 
477 3.68917854864618 
478 3.81463904449972 
479 3.7149188254987004 
480 3.73069353052352 
481 3.8418667781125797 
482 3.71393149527616 
483 3.70318207874748 
484 3.73298353506386 
485 3.68319457541726 
486 3.62999483815248 
487 3.9054196450089598 
488 3.6162768474219398 
489 3.8217159817060002 
490 3.55031457446398 
491 4.07827548628328 
492 3.6708597449353597 
493 4.13528711622462 
494 3.67933243242842 
495 4.036928422211799 
496 3.7919636620904797 
497 4.1920311847542004 
498 3.8378988644428 
499 3.97599596407794 
500 3.8208608939067403 
501 3.9203179364644 
502 3.77087772346038 
503 3.7574036018460397 
504 3.74229883921942 
505 3.6654032682273 
506 3.73447286060608 
507 3.70378785791594 
508 3.71064898853806 
509 3.7419148559017 
510 3.7736396004714203 
511 3.7864365209549398 
512 3.6880045240770998 
513 3.81796848941108 
514 3.6665010458664398 
515 3.76846401501 
516 3.6735311923189 
517 3.5963410269144602 
518 3.4795259102939 
519 3.64508027846448 
520 3.6010180637470803 
521 3.7037555492918 
522 3.6098455216999397 
523 3.8271725069961597 
524 3.4800602197426995 
525 3.84231120266992 
526 3.5188674389317 
527 3.6899141649201397 
528 3.3610576323478805 
529 3.27011578159388 
530 3.2328456713681595 
531 3.30105225345124 
532 3.33452327863366 
533 3.46211488785194 
534 3.4375562317461203 
535 3.7258882712817196 
536 3.5704409416377603 
537 4.022524990878599 
538 3.7693163955682003 
539 3.9365698951786596 
540 3.9119492597897 
541 3.7976360023963798 
542 3.78479435909708 
543 3.6692404278337003 
544 3.6784783526404197 
545 3.6143848844276802 
546 3.5131448347526004 
547 3.5794716445126604 
548 3.4597510255909802 
549 3.69818731969756 
550 3.5343500265589802 
551 3.61828903469218 
552 3.48784436736776 
553 3.5781390010678997 
554 3.5500879211668397 
555 3.51595427496634 
556 3.40059157074936 
557 3.4947974585377204 
558 3.34413247353386 
559 3.405947821509 
560 3.39676252528376 
561 3.23731930245996 
562 3.2646041159337797 
563 3.2284193825508196 
564 3.28463727962894 
565 3.1231226198127198 
566 3.2739104377040804 
567 3.1847955287492202 
568 3.46042058279804 
569 3.17635463539736 
570 3.42929546880206 
571 3.1467098518006997 
572 3.40219427621754 
573 3.13484021280712 
574 3.4724526595456 
575 3.1091441280811 
576 3.24274821001516 
577 3.4639405860620003 
578 3.40805083263448 
579 3.47549145944972 
580 3.52452179306814 
581 3.50424787424888 
582 3.4860082269539396 
583 3.4669481624461 
584 3.4369905385927604 
585 3.4709504827105397 
586 3.46881631142102 
587 3.670295721654 
588 3.48925868437082 
589 3.90714060861134 
590 3.5831947868587 
591 4.14541296012954 
592 3.7235564818706 
593 4.06213437858656 
594 3.7704414037745204 
595 3.94038913902428 
596 3.91322855837698 
597 3.84922785208298 
598 3.8754964238517404 
599 3.81620403108678 
600 3.8861338414769797 
601 3.83053245506956 
602 3.7577280285946797 
603 3.84575108753926 
604 3.7804796902792397 
605 3.8609785739011597 
606 3.97574642172102 
607 3.8253064163252604 
608 3.98102984991978 
609 3.94899969187444 
610 4.1062744960642 
611 3.8457692708963203 
612 3.9308007733668395 
613 3.7795284564916 
614 3.8172467770949603 
615 3.72099706883726 
616 3.8458045585157796 
617 3.41393901350646 
618 3.64790077663894 
619 3.73645989089342 
620 3.8233744993362997 
621 3.6667926191291 
622 3.67145285641814 
623 3.7118080058736402 
624 3.6053305184946196 
625 3.7055271736777398 
626 3.5920879867085604 
627 3.67626665307964 
628 3.45335488649514 
629 3.7427063496741395 
630 3.53673901755974 
631 3.6609098657486 
632 3.4730830264660804 
633 3.64996593042276 
634 3.6785448548073196 
635 3.4522843688960796 
636 3.5664899871732203 
637 3.40504419732446 
638 3.5911801262269796 
639 3.34088286895498 
640 3.53834578860996 
641 3.33096607151606 
642 3.4046390936260402 
643 3.2570514291006 
644 3.2504596348333203 
645 3.3073346493394404 
646 3.44095097920844 
647 3.2981751671656 
648 3.50820294520562 
649 3.36110730451752 
650 3.6056481960609403 
651 3.4433773977808797 
652 3.77917444499056 
653 3.64660234097468 
654 3.6241730348417 
655 3.77151929111288 
656 3.8687708242953804 
657 3.9284033311082 
658 3.9223201934102803 
659 3.95320275378606 
660 3.84616904967622 
661 3.7082139246132 
662 3.77188608546966 
663 3.93405858499746 
664 3.8024613056438197 
665 4.048442027941681 
666 3.62594945906136 
667 3.9223547493312205 
668 3.69588927981322 
669 3.9642533303184004 
670 3.88876770089582 
671 3.8209178879483803 
672 3.88876770089582 
673 3.6747193769310598 
674 3.91343018558916 
675 3.49706306811576 
676 3.71844033241146 
677 3.49982582769362 
678 3.6173084272149 
679 3.400309024503 
680 3.33667234161018 
681 3.3378112650225398 
682 3.3416140736822797 
683 3.8060815404492203 
684 3.5478178178915796 
685 3.82273604780542 
686 3.4412570803227 
687 3.7823730397669 
688 3.3964188506181 
689 3.7915076122021603 
690 3.41492875339346 
691 3.47202801061734 
692 3.37520292972462 
693 3.43807195303832 
694 3.3354796388549195 
695 3.4626588576039197 
696 3.3468504884402797 
697 3.4186420956793 
698 3.2963307811316396 
699 3.51652171578912 
700 3.4157141960282 
701 3.58538718764074 
702 3.63192306162644 
703 3.76790791606724 
704 3.87200503508702 
705 4.0210148122834 
706 4.10036579784998 
707 4.2324932671468805 
708 4.06340762012734 
709 4.07288184071926 
710 3.76956675676702 
711 4.15238692377344 
712 3.7369631013239397 
713 4.11186210831602 
714 3.65708879807568 
715 3.9665081680666803 
716 3.6295070906455598 
717 4.22300283472442 
718 3.7795827234708597 
719 4.02739812610522 
720 3.68427970472912 
721 3.9450019939281 
722 3.7047792412233598 
723 3.9468523642822397 
724 3.7583101810902795 
725 3.9765078866502597 
726 3.78665552341568 
727 3.97834608693152 
728 3.77715416471248 
729 3.89537001208542 
730 3.7348430857550197 
731 3.6857439754945 
732 3.59927426699522 
733 3.38285887871774 
734 3.39713093720838 
735 3.24484139995072 
736 3.32843151532294 
737 3.21797165050558 
738 3.2951733008042803 
739 3.4547172553816 
740 3.38465079193246 
741 3.62732808077624 
742 3.7607834765932404 
743 3.7825911914149004 
744 3.85939446253076 
745 3.81439393171094 
746 3.8968562022644795 
747 3.7265716334743204 
748 3.81323291820508 
749 3.64907594289816 
750 3.6226067214965396 
751 3.6123923323733798 
752 3.63165962066608 
753 3.49112152754156 
754 3.50880157705918 
755 3.3116208931183797 
756 3.4151277792686003 
757 3.12153358481272 
758 3.35076864125188 
759 2.9757400611055997 
760 3.2421028280308803 
761 3.31517932474452 
762 3.30914834959038 
763 3.40895173429452 
764 3.4158812554298996 
765 3.5126728322453196 
766 3.37215700867108 
767 3.70661841829356 
768 3.4346470804366804 
769 3.4976725701941596 
770 3.60752223022524 
771 3.70313718945276 
772 3.90853800921104 
773 3.7034935138163396 
774 3.85317250130288 
775 3.54125746248576 
776 3.72531708058384 
777 3.3364172361689 
778 3.41717931227794 
779 3.18076314271188 
780 3.39060900065356 
781 3.54047215990544 
782 3.7537276446912005 
783 3.5265167266737003 
784 3.75734645098004 
785 3.57766599331692 
786 3.8362938954815595 
787 3.5946019241408003 
788 3.49164388869766 
789 3.3934686753128602 
790 3.342673764365 
791 3.4121777040498005 
792 3.3441419485953197 
793 3.43116303245558 
794 3.3849562205391996 
795 3.41500547507822 
796 3.52462222014028 
797 3.2181558247241 
798 3.3707888799045 
799 3.4241855871709 
800 3.3725689837710595 
801 3.4195190937852 
802 3.37656033775482 
803 3.66474211862798 
804 3.4497229651248 
805 3.8799155894812403 
806 3.4998824283463597 
807 3.93962493288454 
808 3.6192800036214003 
809 4.26121004223116 
810 3.8146964193960797 
811 3.94201575038212 
812 3.60206120038188 
813 4.0172643696987205 
814 3.66150780273698 
815 3.8279270066633204 
816 3.8430428463258 
817 3.7191847191423 
818 3.64147670542478 
819 3.77517625295226 
820 3.78032315085778 
821 3.8563931110202 
822 3.9601817351724797 
823 3.87610350969858 
824 3.8498514720348 
825 4.01154541511536 
826 3.87920834529094 
827 4.07555320702294 
828 3.93177699504896 
829 3.8896549106829803 
830 3.7334027088178403 
831 3.9678621637470597 
832 3.72926203758698 
833 3.7792611923281596 
834 3.76829437346264 
835 3.82262994413946 
836 3.8080828138673803 
837 3.84100695496232 
838 3.89713941361702 
839 3.8363532932767797 
840 3.95081161132788 
841 3.88899267016562 
842 4.0587545016049 
843 4.00077374283196 
844 3.93770025885964 
845 3.87182728746302 
846 3.77742750286608 
847 3.7606549271925602 
848 3.65112531960276 
849 3.5819054419939804 
850 3.51415206401472 
851 3.65602083583956 
852 3.64273012139042 
853 3.7211585089748604 
854 3.7552585673805803 
855 3.8768428000916004 
856 3.8561423637997203 
857 4.0391326719385 
858 3.91693280528672 
859 3.7900666699662 
860 3.75441098328006 
861 3.85632305512452 
862 3.65296388410018 
863 3.6429010258575403 
864 3.56400202586534 
865 3.6065797814128 
866 3.60230485042448 
867 3.5089228260068603 
868 3.5773490948824196 
869 3.62425492609958 
870 3.55276783891006 
871 3.6713781227644398 
872 3.66979206234966 
873 3.8144827015325 
874 3.55409570671216 
875 3.88260944425526 
876 3.59435333888408 
877 3.8045689368566 
878 3.73089420594766 
879 3.92800615889172 
880 3.6228745387086803 
881 3.83099387807776 
882 3.6360132643778598 
883 3.98743953474548 
884 3.72402575722774 
885 3.92299432716422 
886 3.91170842858238 
887 4.0742131544886595 
888 3.93325398738448 
889 4.05378145804532 
890 3.99294518439008 
891 4.150105891081919 
892 3.93119891488302 
893 4.19542289813552 
894 3.8572607172305604 
895 4.043556129665101 
896 3.7532103977803404 
897 3.98026856722782 
898 3.81784758123998 
899 3.7712137507433 
900 3.77889111273898 
901 3.5308825255526797 
902 3.47568069553592 
903 3.4478746421287605 
904 3.697641058955 
905 3.26191318500262 
906 3.4833272226347 
907 3.23213409990736 
908 3.523246380183 
909 3.51488671555722 
910 3.71825116059784 
911 3.46674273709312 
912 3.6691989120290005 
913 3.62634770236564 
914 3.69082163510922 
915 3.8651816039454197 
916 3.62622711575998 
917 3.8177369187033596 
918 3.5739344644628197 
919 4.02161220956866 
920 3.55749262103258 
921 4.02161220956866 
922 3.55749262103258 
923 4.03957938827652 
924 3.55749262103258 
925 4.22096382281154 
926 3.61581751635458 
927 4.07104404234266 
928 3.68284637403798 
929 3.91347204252826 
930 3.5769343513415004 
931 3.7697989351443604 
932 3.45575841762252 
933 3.6817404845871997 
934 3.58548213862258 
935 3.65538811811782 
936 3.7638071718994 
937 3.76598786664672 
938 3.8614167817053797 
939 3.90008163245128 
940 3.96612990768594 
941 3.80671238524292 
942 4.06378899426964 
943 3.64832486881482 
944 3.75334880988184 
945 3.5774250038182 
946 3.64826192828032 
947 3.37847090071348 
948 3.46597044371574 
949 3.2401358404393 
950 3.2976523621420197 
951 3.3605649317410604 
952 3.5448787600917795 
953 3.51204865546532 
954 3.70453621559328 
955 3.6283362365044396 
956 3.87592464569952 
957 3.7955215366108 
958 4.0402592609118 
959 3.8268560475757 
960 4.10765911076672 
961 3.6218241574394803 
962 4.01728138760196 
963 3.53717109328678 
964 3.9028186495266395 
965 3.5494591002369 
966 3.9157354517603205 
967 3.48038170627106 
968 3.80387360978498 
969 3.51672518934934 
970 3.74650993934208 
971 3.4361968373552 
972 3.70049756016662 
973 3.3933682687183 
974 3.70049756016662 
975 3.4450863653268002 
976 3.68903625886382 
977 3.44401704073168 
978 3.69565237690698 
979 3.3934607458904402 
980 3.6694093089232 
981 3.2875177908170796 
982 3.43954786591848 
983 3.2476537192065202 
984 3.5002276491076403 
985 3.3031638181494998 
986 3.58346534110742 
987 3.3812007044381196 
988 3.65558733993554 
989 3.4276676164285 
990 3.88544878294026 
991 3.48230300813404 
992 3.9764765444127597 
993 3.46386396378706 
994 3.92374642095074 
995 3.5181146834687396 
996 3.94386826080072 
997 3.6179083411217396 
998 3.92603302747942 
999 3.5685490098449 
1000 3.9384234726555 
1001 3.5601851731429797 
1002 3.9132145366086397 
1003 3.6190473723126404 
1004 3.9735523465677196 
1005 3.5926604668204 
1006 3.9913875798890404 
1007 3.5957728053309195 
1008 3.9913875798890404 
1009 3.67313247148268 
1010 4.06635137904272 
1011 3.69705386709186 
1012 4.02985805208486 
1013 3.76073477922736 
1014 3.9805284851457996 
1015 3.7486592840828004 
1016 3.9805284851457996 
1017 3.57087424293736 
1018 3.8288677625998604 
1019 3.2749479021767 
1020 3.6039765787422398 
1021 3.13459726350276 
1022 3.573844817666 
1023 3.05011684594166 
1024 3.2659173675424 
1025 2.9773868717273997 
1026 3.19472169681048 
1027 3.01146770762854 
1028 3.21199894773578 
1029 2.97120756319894 
1030 3.2710157963081996 
1031 3.02340208650708 
1032 3.5789432464317996 
1033 3.07059965490724 
1034 3.63723892463886 
1035 3.16630131269082 
1036 3.7039087801302997 
1037 3.21279033437606 
1038 3.7154461105769996 
1039 3.309884362324 
1040 3.7154461105769996 
1041 3.42931989769932 
1042 3.80667181855126 
1043 3.6605666458614 
1044 4.00296809948994 
1045 3.7501147225644202 
1046 4.0118752484861195 
1047 3.7564631181385004 
1048 4.0118752484861195 
1049 3.80961339731268 
1050 4.077618517229039 
1051 3.6440437618356802 
1052 4.0151098004071 
1053 3.6446991172546803 
1054 4.0151098004071 
1055 3.64890606171938 
1056 3.92394853222106 
1057 3.58791383633118 
1058 3.8481414216793 
1059 3.6574331583734 
1060 3.84322551007788 
1061 3.6458985263970396 
1062 3.8432255100779003 
1063 3.62693118655638 
1064 3.93438677826394 
1065 3.64783778424356 
1066 3.96928109834788 
1067 3.66703509118686 
1068 4.0052578864896 
1069 3.73911295293878 
1070 4.0052578864896 
1071 3.6448700724744802 
1072 3.95677723250284 
1073 3.65657064559174 
1074 3.9524178616270804 
1075 3.56243009421454 
1076 3.8802681184137398 
1077 3.4897558957133 
1078 3.90463836561446 
1079 3.5698365928940397 
1080 3.8732824965473 
1081 3.5638447294978 
1082 3.88413068732988 
1083 3.54563383934968 
1084 3.90125618160042 
1085 3.5007604958380805 
1086 3.7112174749037203 
1087 3.56829039888024 
1088 3.79105399795764 
1089 3.6153710506217003 
1090 3.83229770356646 
1091 3.73444287368412 
1092 3.88712764231962 
1093 3.6862298739771395 
1094 3.84645533080354 
1095 3.5140450942956 
1096 3.66662107752006 
1097 3.52507373859516 
1098 3.6529308338617397 
1099 3.4787456636000798 
1100 3.6049453278030597 
1101 3.62442932901286 
1102 3.8082651256663396 
1103 3.7283861059222603 
1104 3.89031641275252 
1105 3.61470381246046 
1106 3.90897068679294 
1107 3.6741181131203198 
1108 4.0470505279594 
1109 3.4004332698147004 
1110 3.6547831630703 
1111 3.4664477204104003 
1112 3.5479464471048203 
1113 3.53150799680936 
1114 3.7225743972640997 
1115 3.46009130262566 
1116 3.7127504119526002 
1117 3.71587061925216 
1118 3.9665948736986003 
1119 3.5269918769743596 
1120 4.09112210066554 
1121 3.4683698770803404 
1122 3.85733096826752 
1123 3.5343344938347996 
1124 3.93023724725062 
1125 3.4068388627850803 
1126 3.7515299403971603 
1127 3.596220851321 
1128 3.5213765649328996 
1129 3.59608156113908 
1130 3.5435261891368 
1131 3.459830771984 
1132 3.2631632789888996 
1133 3.3632235902735195 
1134 3.2086584723421 
1135 3.25116919958374 
1136 3.34928998430482 
1137 3.31931861275986 
1138 3.34582016128338 
1139 3.60705351221686 
1140 3.45882855439964 
1141 3.84180989241656 
1142 3.8334845441918 
1143 3.8883847733168997 
1144 3.75470824020242 
1145 4.0016004390593 
1146 3.85239343358002 
1147 4.0016004390593 
1148 3.7916355157997 
1149 3.97737425053892 
1150 3.6447569729638403 
1151 3.9160935000770998 
1152 3.6425671983734196 
1153 3.8083806960693005 
1154 3.5646317259630598 
1155 3.8083806960693005 
1156 3.59058814800006 
1157 3.67323465089492 
1158 3.47073183914576 
1159 3.7591897594954604 
1160 3.46117040244904 
1161 3.7775839361887202 
1162 3.46634475368758 
1163 3.70437695153248 
1164 3.5161730043807404 
1165 3.6724566593779597 
1166 3.5732941249603796 
1167 3.5578321825307597 
1168 3.6376895432023604 
1169 3.6109045886324997 
1170 3.65559232314206 
1171 3.6428359564417 
1172 3.5868763288515604 
1173 3.8425175526419997 
1174 3.8009206985622797 
1175 4.0773722898776805 
1176 3.67861760253466 
1177 3.9415398785370597 
1178 3.5841881371429603 
1179 3.89669168828476 
1180 3.54031364909224 
1181 3.8486622292354804 
1182 3.5358830104920203 
1183 3.75303060545898 
1184 3.7494131209311 
1185 3.7203647466048997 
1186 3.75163322241916 
1187 3.80648855370424 
1188 3.8572789060836 
1189 3.84261725607614 
1190 3.8572789060836 
1191 3.74060729950234 
1192 3.8300966042307203 
1193 3.79121109121388 
1194 3.8390050528150197 
1195 3.79121109121388 
1196 3.87053276949156 
1197 3.7582925726713805 
1198 3.7514777874276595 
1199 3.76563548974044 
1200 3.6222727363574 
1201 3.85379579101864 
1202 3.7444720679556 
1203 3.7946502803949995 
1204 3.64130554570798 
1205 3.8675371030583 
1206 3.73808656915012 
1207 3.7406095768076804 
1208 3.7584384203500796 
1209 3.83333679054954 
1210 3.7770542057600403 
1211 3.7991133425621 
1212 3.79489919031304 
1213 3.74470621013626 
1214 3.6775377338455 
1215 3.9964330636976597 
1216 3.53936659625604 
1217 3.78237969360924 
1218 3.4106922306058003 
1219 3.75888086441388 
1220 3.3594522396966604 
1221 3.76986638904134 
1222 3.4691083717400195 
1223 3.6964397119028396 
1224 3.66571674086604 
1225 3.77857630764552 
1226 3.72363584710578 
1227 3.8731084987142 
1228 3.78063713509662 
1229 3.87591447902824 
1230 3.8106164181425397 
1231 3.6281675748909796 
1232 3.8335278057838003 
1233 3.70078716304796 
1234 3.9000688130510803 
1235 3.7231227597857197 
1236 4.00260523320702 
1237 3.7311563937359 
1238 3.93001115815294 
1239 3.7536192796707604 
1240 3.7206368985315796 
1241 3.65428276112646 
1242 3.58903819401464 
1243 3.6760331477129 
1244 3.41906672143406 
1245 3.53274038057756 
1246 3.4916607964881203 
1247 3.66427171679438 
1248 3.43129512856524 
1249 3.7047888241828404 
1250 3.48905452019358 
1251 3.2921284466082 
1252 3.40464643504468 
1253 3.17505409429842 
1254 3.1802128012121402 
1255 3.2806063409007797 
1256 3.2307369624306 
1257 3.16210585406738 
1258 3.24290731230386 
1259 3.2526045798381604 
1260 3.49210475289508 
1261 3.4815352115973197 
1262 3.61237762947004 
1263 3.4136409056779797 
1264 3.86152397665418 
1265 3.5099810299104 
1266 3.92602700269538 
1267 3.61531402126488 
1268 3.8157101426135 
1269 3.5981568489698397 
1270 3.65525606512724 
1271 3.64239504090936 
1272 3.5213901610729 
1273 3.7257904001089797 
1274 3.43187478594986 
1275 3.9208686739719 
1276 3.5086604448944003 
1277 4.10683549340104 
1278 3.5716697942651003 
1279 4.25228296365544 
1280 3.53025839089202 
1281 4.2359129552253005 
1282 3.5935604388191003 
1283 4.249451866005581 
1284 3.6701465846881 
1285 4.27182665275452 
1286 3.61775887427804 
1287 4.10436543995866 
1288 3.6727415426300603 
1289 3.97335387293584 
1290 3.6618412889888603 
1291 3.7810606580762802 
1292 3.6545718969966003 
1293 3.66673195060482 
1294 3.6872228707485 
1295 3.89585612542014 
1296 3.69009099764304 
1297 3.8731277586854396 
1298 3.8745890948977397 
1299 4.0518820627647205 
1300 3.7284739957798 
1301 3.8906291353707205 
1302 3.5678715220595003 
1303 3.77370887920204 
1304 3.73587291344296 
1305 3.803497168034 
1306 3.46658835307674 
1307 3.803497168034 
1308 3.64428157864126 
1309 3.9584665008298403 
1310 3.93849651741084 
1311 3.8419745238988 
1312 4.01719734121572 
1313 4.10938560060942 
1314 4.0890222187922 
1315 3.94163765339526 
1316 4.1793367189240795 
1317 3.92889135258078 
1318 4.2670664759061 
1319 3.8050143783519603 
1320 4.1422422351248205 
1321 3.76149597123326 
1322 4.1272050644232205 
1323 3.71271618244444 
1324 3.92897961935574 
1325 3.6455530070393403 
1326 3.93867702797436 
1327 3.80042066589822 
1328 3.76672008702444 
1329 3.66309462684276 
1330 3.8397549423051602 
1331 3.5925392621905603 
1332 3.86270688208626 
1333 3.55650509742972 
1334 3.7673142158298 
1335 3.5234533117803997 
1336 3.97423312071322 
1337 3.7398571940620995 
1338 3.9503984514753 
1339 3.7728948242184996 
1340 3.82377519673026 
1341 3.8086495900256 
1342 3.74389004694446 
1343 3.7974992191687003 
1344 3.82567306849014 
1345 3.65592183260168 
1346 3.7717479560728 
1347 3.6570685703474197 
1348 3.7987406486240998 
1349 3.7571048998776804 
1350 3.75585597757932 
1351 3.79872441271972 
1352 3.5189384435271998 
1353 3.62321713253512 
1354 3.5314619578139004 
1355 3.50400295496886 
1356 3.49161727109096 
1357 3.3122112793779204 
1358 3.5230837607897003 
1359 3.3157595734805803 
1360 3.70199969649506 
1361 3.62101881691112 
1362 3.73662656273376 
1363 3.9275303345048997 
