0 1.5 
1 1.5 
2 3.5 
3 1.5 
4 3.5 
5 1.5 
6 3.5 
7 1.5 
8 3.5 
9 1.5 
10 3.5 
11 16.5 
12 3.5 
13 16.5 
14 3.5 
15 16.5 
16 3.5 
17 16.5 
18 3.5 
19 16.5 
20 3.5 
21 16.5 
22 3.5 
23 16.5 
24 3.5 
25 18.5 
26 3.5 
27 18.5 
28 3.5 
29 18.5 
30 16.5 
31 18.5 
32 16.5 
33 3.5 
34 16.5 
35 3.5 
36 16.5 
37 3.5 
38 16.5 
39 3.5 
40 1.5 
41 3.5 
42 1.5 
43 3.5 
44 1.5 
45 3.5 
46 1.5 
47 3.5 
48 1.5 
49 3.5 
50 1.5 
51 3.5 
52 3.5 
53 3.5 
54 3.5 
55 3.5 
56 3.5 
57 3.5 
58 3.5 
59 3.5 
60 3.5 
61 3.5 
62 3.5 
63 3.5 
64 3.5 
65 3.5 
66 3.5 
67 1.5 
68 3.5 
69 1.5 
70 3.5 
71 1.5 
72 3.5 
73 1.5 
74 1.5 
75 1.5 
76 3.5 
77 1.5 
78 3.5 
79 1.5 
80 3.5 
81 1.5 
82 3.5 
83 1.5 
84 3.5 
85 1.5 
86 3.5 
87 1.5 
88 3.5 
89 1.5 
90 3.5 
91 1.5 
92 3.5 
93 1.5 
94 3.5 
95 1.5 
96 3.5 
97 1.5 
98 3.5 
99 1.5 
100 3.5 
101 1.5 
102 3.5 
103 1.5 
104 18.5 
105 1.5 
106 18.5 
107 1.5 
108 18.5 
109 1.5 
110 18.5 
111 1.5 
112 18.5 
113 1.5 
114 18.5 
115 1.5 
116 18.5 
117 1.5 
118 18.5 
119 1.5 
120 18.5 
121 1.5 
122 18.5 
123 1.5 
124 3.5 
125 16.5 
126 3.5 
127 16.5 
128 3.5 
129 16.5 
130 3.5 
131 16.5 
132 3.5 
133 16.5 
134 3.5 
135 16.5 
136 3.5 
137 16.5 
138 3.5 
139 16.5 
140 3.5 
141 16.5 
142 3.5 
143 16.5 
144 3.5 
145 18.5 
146 16.5 
147 18.5 
148 16.5 
149 18.5 
150 16.5 
151 18.5 
152 16.5 
153 18.5 
154 16.5 
155 3.5 
156 16.5 
157 3.5 
158 16.5 
159 3.5 
160 16.5 
161 3.5 
162 16.5 
163 3.5 
164 16.5 
165 3.5 
166 16.5 
167 3.5 
168 16.5 
169 3.5 
170 16.5 
171 3.5 
172 1.5 
173 3.5 
174 1.5 
175 3.5 
176 1.5 
177 3.5 
178 1.5 
179 18.5 
180 16.5 
181 18.5 
182 16.5 
183 18.5 
184 16.5 
185 18.5 
186 16.5 
187 18.5 
188 16.5 
189 16.5 
190 16.5 
191 16.5 
192 16.5 
193 16.5 
194 16.5 
195 16.5 
196 16.5 
197 16.5 
198 16.5 
199 16.5 
200 16.5 
201 16.5 
202 16.5 
203 16.5 
204 16.5 
205 16.5 
206 16.5 
207 16.5 
208 3.5 
209 16.5 
210 3.5 
211 16.5 
212 3.5 
213 16.5 
214 3.5 
215 16.5 
216 3.5 
217 16.5 
218 16.5 
219 18.5 
220 16.5 
221 18.5 
222 16.5 
223 18.5 
224 16.5 
225 18.5 
226 16.5 
227 18.5 
228 1.5 
229 18.5 
230 3.5 
231 18.5 
232 3.5 
233 18.5 
234 3.5 
235 18.5 
236 3.5 
237 18.5 
238 3.5 
239 18.5 
240 3.5 
241 18.5 
242 3.5 
243 18.5 
244 3.5 
245 18.5 
246 3.5 
247 18.5 
248 3.5 
249 18.5 
250 16.5 
251 18.5 
252 16.5 
253 18.5 
254 16.5 
255 18.5 
256 16.5 
257 18.5 
258 16.5 
259 16.5 
260 16.5 
261 16.5 
262 16.5 
263 16.5 
264 16.5 
265 16.5 
266 16.5 
267 16.5 
268 16.5 
269 16.5 
270 16.5 
271 16.5 
272 16.5 
273 16.5 
274 16.5 
275 16.5 
276 16.5 
277 16.5 
278 16.5 
279 16.5 
280 16.5 
281 16.5 
282 16.5 
283 16.5 
284 16.5 
285 16.5 
286 16.5 
287 16.5 
288 16.5 
289 16.5 
290 16.5 
291 16.5 
292 16.5 
293 16.5 
294 16.5 
295 16.5 
296 16.5 
297 16.5 
298 16.5 
299 16.5 
300 16.5 
301 16.5 
302 16.5 
303 16.5 
304 16.5 
305 16.5 
306 16.5 
307 16.5 
308 16.5 
309 16.5 
310 1.5 
311 16.5 
312 1.5 
313 16.5 
314 1.5 
315 1.5 
316 1.5 
317 3.5 
318 3.5 
319 3.5 
320 3.5 
321 3.5 
322 3.5 
323 3.5 
324 3.5 
325 3.5 
326 3.5 
327 3.5 
328 16.5 
329 3.5 
330 16.5 
331 3.5 
332 16.5 
333 3.5 
334 16.5 
335 3.5 
336 16.5 
337 3.5 
338 16.5 
339 3.5 
340 16.5 
341 3.5 
342 16.5 
343 3.5 
344 16.5 
345 3.5 
346 16.5 
347 1.5 
348 16.5 
349 3.5 
350 16.5 
351 3.5 
352 16.5 
353 3.5 
354 16.5 
355 3.5 
356 16.5 
357 18.5 
358 16.5 
359 18.5 
360 16.5 
361 18.5 
362 16.5 
363 18.5 
364 16.5 
365 18.5 
366 16.5 
367 18.5 
368 16.5 
369 18.5 
370 16.5 
371 18.5 
372 16.5 
373 18.5 
374 16.5 
375 18.5 
376 16.5 
377 18.5 
378 16.5 
379 16.5 
380 16.5 
381 16.5 
382 16.5 
383 16.5 
384 16.5 
385 16.5 
386 16.5 
387 16.5 
388 16.5 
389 16.5 
390 16.5 
391 16.5 
392 16.5 
393 16.5 
394 16.5 
395 16.5 
396 16.5 
397 16.5 
398 16.5 
399 16.5 
400 16.5 
401 16.5 
402 16.5 
403 16.5 
404 16.5 
405 16.5 
406 16.5 
407 16.5 
408 16.5 
409 16.5 
410 16.5 
411 18.5 
412 16.5 
413 18.5 
414 18.5 
415 18.5 
416 18.5 
417 18.5 
418 18.5 
419 18.5 
420 18.5 
421 18.5 
422 18.5 
423 18.5 
424 16.5 
425 18.5 
426 16.5 
427 18.5 
428 16.5 
429 18.5 
430 16.5 
431 16.5 
432 16.5 
433 16.5 
434 16.5 
435 16.5 
436 16.5 
437 16.5 
438 16.5 
439 16.5 
440 16.5 
441 16.5 
442 16.5 
443 16.5 
444 16.5 
445 16.5 
446 16.5 
447 16.5 
448 16.5 
449 16.5 
450 16.5 
451 16.5 
452 16.5 
453 16.5 
454 16.5 
455 16.5 
456 16.5 
457 16.5 
458 16.5 
459 16.5 
460 16.5 
461 16.5 
462 16.5 
463 16.5 
464 18.5 
465 16.5 
466 18.5 
467 16.5 
468 18.5 
469 16.5 
470 18.5 
471 16.5 
472 18.5 
473 16.5 
474 18.5 
475 16.5 
476 18.5 
477 16.5 
478 18.5 
479 16.5 
480 18.5 
481 16.5 
482 18.5 
483 16.5 
484 18.5 
485 16.5 
486 18.5 
487 16.5 
488 18.5 
489 16.5 
490 18.5 
491 16.5 
492 18.5 
493 16.5 
494 16.5 
495 16.5 
496 16.5 
497 16.5 
498 16.5 
499 16.5 
500 16.5 
501 16.5 
502 16.5 
503 16.5 
504 16.5 
505 16.5 
506 16.5 
507 16.5 
508 16.5 
509 16.5 
510 16.5 
511 16.5 
512 16.5 
513 16.5 
514 16.5 
515 16.5 
516 16.5 
517 16.5 
518 16.5 
519 16.5 
520 16.5 
521 16.5 
522 16.5 
523 16.5 
524 16.5 
525 16.5 
526 16.5 
527 16.5 
528 3.5 
529 16.5 
530 3.5 
531 16.5 
532 18.5 
533 16.5 
534 18.5 
535 16.5 
536 18.5 
537 16.5 
538 18.5 
539 16.5 
540 18.5 
541 16.5 
542 18.5 
543 16.5 
544 18.5 
545 16.5 
546 18.5 
547 16.5 
548 18.5 
549 16.5 
550 18.5 
551 16.5 
552 18.5 
553 16.5 
554 18.5 
555 16.5 
556 18.5 
557 16.5 
558 18.5 
559 16.5 
560 18.5 
561 16.5 
562 18.5 
563 16.5 
564 18.5 
565 16.5 
566 18.5 
567 16.5 
568 16.5 
569 16.5 
570 16.5 
571 16.5 
572 16.5 
573 16.5 
574 16.5 
575 16.5 
576 1.5 
577 16.5 
578 1.5 
579 16.5 
580 16.5 
581 16.5 
582 16.5 
583 16.5 
584 16.5 
585 16.5 
586 16.5 
587 16.5 
588 16.5 
589 16.5 
590 16.5 
591 16.5 
592 16.5 
593 16.5 
594 16.5 
595 16.5 
596 16.5 
597 16.5 
598 3.5 
599 16.5 
600 3.5 
601 16.5 
602 3.5 
603 16.5 
604 3.5 
605 16.5 
606 18.5 
607 16.5 
608 18.5 
609 16.5 
610 18.5 
611 16.5 
612 18.5 
613 16.5 
614 18.5 
615 16.5 
616 18.5 
617 16.5 
618 18.5 
619 16.5 
620 18.5 
621 16.5 
622 18.5 
623 16.5 
624 18.5 
625 16.5 
626 18.5 
627 16.5 
628 18.5 
629 18.5 
630 18.5 
631 3.5 
632 18.5 
633 3.5 
634 16.5 
635 3.5 
636 16.5 
637 3.5 
638 16.5 
639 3.5 
640 16.5 
641 3.5 
642 16.5 
643 3.5 
644 16.5 
645 3.5 
646 16.5 
647 3.5 
648 16.5 
649 3.5 
650 16.5 
651 3.5 
652 16.5 
653 3.5 
654 16.5 
655 3.5 
656 18.5 
657 3.5 
658 18.5 
659 3.5 
660 18.5 
661 3.5 
662 3.5 
663 3.5 
664 3.5 
665 3.5 
666 3.5 
667 3.5 
668 3.5 
669 18.5 
670 3.5 
671 18.5 
672 3.5 
673 18.5 
674 3.5 
675 18.5 
676 3.5 
677 3.5 
678 3.5 
679 18.5 
680 3.5 
681 18.5 
682 3.5 
683 18.5 
684 3.5 
685 18.5 
686 3.5 
687 3.5 
688 3.5 
689 3.5 
690 3.5 
691 3.5 
692 3.5 
693 3.5 
694 3.5 
695 3.5 
696 3.5 
697 3.5 
698 3.5 
699 3.5 
700 3.5 
701 3.5 
702 3.5 
703 3.5 
704 3.5 
705 3.5 
706 3.5 
707 18.5 
708 3.5 
709 18.5 
710 3.5 
711 18.5 
712 3.5 
713 18.5 
714 3.5 
715 18.5 
716 3.5 
717 18.5 
718 3.5 
719 18.5 
720 18.5 
721 18.5 
722 18.5 
723 18.5 
724 18.5 
725 18.5 
726 18.5 
727 3.5 
728 18.5 
729 3.5 
730 3.5 
731 3.5 
732 3.5 
733 3.5 
734 3.5 
735 3.5 
736 3.5 
737 3.5 
738 3.5 
739 3.5 
740 3.5 
741 3.5 
742 1.5 
743 3.5 
744 1.5 
745 3.5 
746 3.5 
747 3.5 
748 3.5 
749 3.5 
750 3.5 
751 3.5 
752 3.5 
753 3.5 
754 3.5 
755 3.5 
756 1.5 
757 3.5 
758 1.5 
759 18.5 
760 1.5 
761 18.5 
762 3.5 
763 18.5 
764 3.5 
765 18.5 
766 3.5 
767 18.5 
768 3.5 
769 18.5 
770 3.5 
771 18.5 
772 16.5 
773 18.5 
774 16.5 
775 18.5 
776 16.5 
777 18.5 
778 16.5 
779 3.5 
780 16.5 
781 3.5 
782 1.5 
783 3.5 
784 16.5 
785 3.5 
786 16.5 
787 3.5 
788 16.5 
789 3.5 
790 16.5 
791 3.5 
792 16.5 
793 1.5 
794 3.5 
795 16.5 
796 3.5 
797 16.5 
798 3.5 
799 16.5 
800 3.5 
801 16.5 
802 3.5 
803 16.5 
804 3.5 
805 16.5 
806 3.5 
807 16.5 
808 3.5 
809 16.5 
810 3.5 
811 16.5 
812 3.5 
813 16.5 
814 3.5 
815 16.5 
816 3.5 
817 16.5 
818 3.5 
819 16.5 
820 3.5 
821 16.5 
822 3.5 
823 16.5 
824 3.5 
825 3.5 
826 3.5 
827 3.5 
828 3.5 
829 3.5 
830 18.5 
831 3.5 
832 18.5 
833 3.5 
834 16.5 
835 3.5 
836 16.5 
837 3.5 
838 16.5 
839 3.5 
840 3.5 
841 3.5 
842 18.5 
843 3.5 
844 18.5 
845 3.5 
846 18.5 
847 3.5 
848 18.5 
849 3.5 
850 18.5 
851 3.5 
852 18.5 
853 16.5 
854 3.5 
855 16.5 
856 3.5 
857 16.5 
858 3.5 
859 16.5 
860 1.5 
861 16.5 
862 16.5 
863 3.5 
864 16.5 
865 3.5 
866 16.5 
867 3.5 
868 16.5 
869 3.5 
870 16.5 
871 3.5 
872 16.5 
873 3.5 
874 3.5 
875 3.5 
876 3.5 
877 3.5 
878 3.5 
879 3.5 
880 3.5 
881 3.5 
882 3.5 
883 3.5 
884 3.5 
885 3.5 
886 3.5 
887 3.5 
888 3.5 
889 3.5 
890 3.5 
891 3.5 
892 3.5 
893 3.5 
894 3.5 
895 3.5 
896 3.5 
897 3.5 
898 3.5 
899 3.5 
900 3.5 
901 3.5 
902 3.5 
903 3.5 
904 3.5 
905 3.5 
906 3.5 
907 3.5 
908 3.5 
909 3.5 
910 3.5 
911 3.5 
912 1.5 
913 1.5 
914 3.5 
915 1.5 
916 3.5 
917 1.5 
918 3.5 
919 1.5 
920 3.5 
921 1.5 
922 3.5 
923 1.5 
924 3.5 
925 3.5 
926 3.5 
927 3.5 
928 3.5 
929 3.5 
930 3.5 
931 3.5 
932 3.5 
933 3.5 
934 1.5 
935 3.5 
936 1.5 
937 3.5 
938 1.5 
939 3.5 
940 1.5 
941 3.5 
942 1.5 
943 3.5 
944 3.5 
945 3.5 
946 3.5 
947 3.5 
948 3.5 
949 3.5 
950 3.5 
951 3.5 
952 3.5 
953 3.5 
954 3.5 
955 3.5 
956 3.5 
957 3.5 
958 3.5 
959 3.5 
960 3.5 
961 3.5 
962 3.5 
963 3.5 
964 3.5 
965 3.5 
966 3.5 
967 3.5 
968 3.5 
969 3.5 
970 3.5 
971 3.5 
972 3.5 
973 3.5 
974 1.5 
975 3.5 
976 1.5 
977 3.5 
978 1.5 
979 3.5 
980 3.5 
981 3.5 
982 3.5 
983 3.5 
984 3.5 
985 1.5 
986 3.5 
987 3.5 
988 3.5 
989 3.5 
990 1.5 
991 3.5 
992 16.5 
993 3.5 
994 16.5 
995 3.5 
996 16.5 
997 3.5 
998 16.5 
999 3.5 
1000 16.5 
1001 3.5 
1002 16.5 
1003 3.5 
1004 16.5 
1005 3.5 
1006 16.5 
1007 3.5 
1008 16.5 
1009 3.5 
1010 16.5 
1011 3.5 
1012 3.5 
1013 3.5 
1014 3.5 
1015 3.5 
1016 3.5 
1017 3.5 
1018 3.5 
1019 3.5 
1020 3.5 
1021 3.5 
1022 3.5 
1023 3.5 
1024 3.5 
1025 3.5 
1026 3.5 
1027 3.5 
1028 3.5 
1029 3.5 
1030 3.5 
1031 3.5 
1032 3.5 
1033 3.5 
1034 3.5 
1035 3.5 
1036 3.5 
1037 3.5 
1038 3.5 
1039 3.5 
1040 3.5 
1041 3.5 
1042 3.5 
1043 3.5 
1044 3.5 
1045 3.5 
1046 3.5 
1047 3.5 
1048 3.5 
1049 3.5 
1050 3.5 
1051 3.5 
1052 3.5 
1053 3.5 
1054 3.5 
1055 3.5 
1056 3.5 
1057 3.5 
1058 3.5 
1059 3.5 
1060 3.5 
1061 3.5 
1062 3.5 
1063 3.5 
1064 3.5 
1065 3.5 
1066 3.5 
1067 3.5 
1068 3.5 
1069 3.5 
1070 3.5 
1071 3.5 
1072 3.5 
1073 3.5 
1074 3.5 
1075 3.5 
1076 3.5 
1077 3.5 
1078 3.5 
1079 3.5 
1080 3.5 
1081 3.5 
1082 3.5 
1083 3.5 
1084 3.5 
1085 3.5 
1086 3.5 
1087 3.5 
1088 3.5 
1089 3.5 
1090 3.5 
1091 3.5 
1092 3.5 
1093 3.5 
1094 3.5 
1095 3.5 
1096 3.5 
1097 3.5 
1098 3.5 
1099 3.5 
1100 3.5 
1101 3.5 
1102 3.5 
1103 3.5 
1104 3.5 
1105 3.5 
1106 3.5 
1107 3.5 
1108 3.5 
1109 3.5 
1110 3.5 
1111 3.5 
1112 3.5 
1113 3.5 
1114 1.5 
1115 3.5 
1116 1.5 
1117 3.5 
1118 16.5 
1119 3.5 
1120 16.5 
1121 3.5 
1122 16.5 
1123 3.5 
1124 16.5 
1125 3.5 
1126 16.5 
1127 3.5 
1128 3.5 
1129 3.5 
1130 3.5 
1131 3.5 
1132 3.5 
1133 3.5 
1134 3.5 
1135 3.5 
1136 3.5 
1137 3.5 
1138 3.5 
1139 3.5 
1140 3.5 
1141 3.5 
1142 3.5 
1143 3.5 
1144 3.5 
1145 1.5 
1146 3.5 
1147 16.5 
1148 3.5 
1149 16.5 
1150 3.5 
1151 16.5 
1152 3.5 
1153 16.5 
1154 3.5 
1155 16.5 
1156 3.5 
1157 16.5 
1158 3.5 
1159 16.5 
1160 3.5 
1161 16.5 
1162 3.5 
1163 16.5 
1164 3.5 
1165 16.5 
1166 3.5 
1167 3.5 
1168 3.5 
1169 3.5 
1170 3.5 
1171 3.5 
1172 3.5 
1173 3.5 
1174 3.5 
1175 3.5 
1176 3.5 
1177 1.5 
1178 3.5 
1179 1.5 
1180 3.5 
1181 1.5 
1182 3.5 
1183 1.5 
1184 3.5 
1185 16.5 
1186 3.5 
1187 16.5 
1188 3.5 
1189 16.5 
1190 3.5 
1191 16.5 
1192 3.5 
1193 16.5 
1194 3.5 
1195 16.5 
1196 3.5 
1197 16.5 
1198 1.5 
1199 16.5 
1200 1.5 
1201 16.5 
1202 1.5 
1203 16.5 
1204 1.5 
1205 16.5 
1206 1.5 
1207 16.5 
1208 1.5 
1209 16.5 
1210 16.5 
1211 16.5 
1212 16.5 
1213 1.5 
1214 16.5 
1215 1.5 
1216 16.5 
1217 1.5 
1218 16.5 
1219 1.5 
1220 16.5 
1221 3.5 
1222 16.5 
1223 3.5 
1224 16.5 
1225 3.5 
1226 16.5 
1227 3.5 
1228 16.5 
1229 3.5 
1230 16.5 
1231 3.5 
1232 16.5 
1233 3.5 
1234 16.5 
1235 3.5 
1236 16.5 
1237 3.5 
1238 16.5 
1239 3.5 
1240 16.5 
1241 3.5 
1242 16.5 
1243 3.5 
1244 16.5 
1245 3.5 
1246 16.5 
1247 3.5 
1248 16.5 
1249 3.5 
1250 16.5 
1251 3.5 
1252 16.5 
1253 1.5 
1254 16.5 
1255 16.5 
1256 16.5 
1257 16.5 
1258 16.5 
1259 16.5 
1260 16.5 
1261 16.5 
1262 16.5 
1263 16.5 
1264 16.5 
1265 1.5 
1266 16.5 
1267 16.5 
1268 16.5 
1269 16.5 
1270 16.5 
1271 16.5 
1272 16.5 
1273 16.5 
1274 16.5 
1275 16.5 
1276 16.5 
1277 16.5 
1278 16.5 
1279 16.5 
1280 16.5 
1281 16.5 
1282 16.5 
1283 16.5 
1284 16.5 
1285 16.5 
1286 16.5 
1287 3.5 
1288 16.5 
1289 3.5 
1290 16.5 
1291 3.5 
1292 16.5 
1293 3.5 
1294 16.5 
1295 3.5 
1296 16.5 
1297 3.5 
1298 16.5 
1299 3.5 
1300 16.5 
1301 3.5 
1302 16.5 
1303 3.5 
1304 16.5 
1305 3.5 
1306 16.5 
1307 3.5 
1308 16.5 
1309 3.5 
1310 16.5 
1311 3.5 
1312 16.5 
1313 3.5 
1314 16.5 
1315 3.5 
1316 16.5 
1317 1.5 
1318 16.5 
1319 1.5 
1320 16.5 
1321 3.5 
1322 16.5 
1323 3.5 
1324 16.5 
1325 3.5 
1326 16.5 
1327 3.5 
1328 16.5 
1329 3.5 
1330 16.5 
1331 3.5 
1332 16.5 
1333 3.5 
1334 16.5 
1335 3.5 
1336 16.5 
1337 3.5 
1338 16.5 
1339 3.5 
1340 16.5 
1341 3.5 
1342 16.5 
1343 3.5 
1344 16.5 
1345 3.5 
1346 16.5 
1347 3.5 
1348 16.5 
1349 3.5 
1350 16.5 
1351 3.5 
1352 16.5 
1353 3.5 
1354 16.5 
1355 3.5 
1356 16.5 
1357 3.5 
1358 1.5 
1359 3.5 
1360 1.5 
1361 3.5 
1362 1.5 
1363 3.5 
1364 1.5 
1365 3.5 
1366 1.5 
1367 3.5 
1368 1.5 
1369 3.5 
1370 3.5 
1371 3.5 
1372 3.5 
1373 3.5 
1374 3.5 
1375 3.5 
1376 3.5 
1377 3.5 
1378 3.5 
1379 3.5 
1380 3.5 
1381 3.5 
1382 3.5 
1383 3.5 
1384 3.5 
1385 3.5 
1386 3.5 
1387 3.5 
1388 3.5 
1389 3.5 
1390 3.5 
1391 3.5 
1392 3.5 
1393 3.5 
1394 3.5 
1395 3.5 
1396 3.5 
1397 3.5 
1398 3.5 
1399 3.5 
1400 3.5 
1401 3.5 
1402 3.5 
1403 3.5 
1404 3.5 
1405 3.5 
1406 3.5 
1407 3.5 
1408 3.5 
1409 3.5 
1410 3.5 
1411 3.5 
1412 3.5 
1413 3.5 
1414 3.5 
1415 3.5 
1416 3.5 
1417 3.5 
1418 3.5 
1419 3.5 
1420 3.5 
1421 3.5 
1422 3.5 
1423 3.5 
1424 3.5 
1425 3.5 
1426 3.5 
1427 3.5 
1428 3.5 
1429 3.5 
1430 3.5 
1431 3.5 
1432 3.5 
1433 3.5 
1434 3.5 
1435 3.5 
1436 3.5 
1437 3.5 
1438 3.5 
1439 3.5 
1440 3.5 
1441 3.5 
1442 3.5 
1443 3.5 
1444 3.5 
1445 3.5 
1446 3.5 
1447 3.5 
1448 3.5 
1449 3.5 
1450 3.5 
1451 3.5 
1452 3.5 
1453 3.5 
1454 3.5 
1455 3.5 
1456 3.5 
1457 3.5 
1458 3.5 
1459 3.5 
1460 3.5 
1461 3.5 
1462 3.5 
1463 3.5 
1464 3.5 
1465 3.5 
1466 3.5 
1467 3.5 
1468 3.5 
1469 3.5 
1470 3.5 
1471 3.5 
1472 3.5 
1473 3.5 
1474 3.5 
1475 3.5 
1476 3.5 
1477 3.5 
1478 3.5 
1479 3.5 
1480 3.5 
1481 3.5 
1482 3.5 
1483 3.5 
1484 3.5 
1485 3.5 
1486 3.5 
1487 3.5 
1488 3.5 
1489 3.5 
1490 3.5 
1491 3.5 
1492 3.5 
1493 3.5 
1494 3.5 
1495 3.5 
1496 3.5 
1497 3.5 
1498 3.5 
1499 3.5 
1500 3.5 
1501 3.5 
1502 3.5 
1503 3.5 
1504 3.5 
1505 3.5 
1506 3.5 
1507 3.5 
1508 3.5 
1509 3.5 
1510 3.5 
1511 3.5 
1512 3.5 
1513 3.5 
1514 3.5 
1515 3.5 
1516 3.5 
1517 3.5 
1518 3.5 
1519 3.5 
1520 3.5 
1521 3.5 
1522 3.5 
1523 3.5 
1524 3.5 
1525 3.5 
1526 3.5 
1527 3.5 
1528 3.5 
1529 3.5 
1530 3.5 
1531 3.5 
1532 3.5 
1533 3.5 
1534 3.5 
1535 3.5 
1536 3.5 
1537 3.5 
1538 3.5 
1539 3.5 
1540 3.5 
1541 3.5 
1542 3.5 
1543 3.5 
1544 3.5 
1545 3.5 
1546 3.5 
1547 3.5 
1548 3.5 
1549 3.5 
1550 3.5 
1551 3.5 
1552 3.5 
1553 3.5 
1554 3.5 
1555 3.5 
1556 3.5 
1557 3.5 
1558 3.5 
1559 3.5 
1560 3.5 
1561 3.5 
1562 3.5 
1563 3.5 
1564 3.5 
1565 3.5 
1566 3.5 
1567 3.5 
1568 3.5 
1569 3.5 
1570 3.5 
1571 3.5 
1572 3.5 
1573 3.5 
1574 3.5 
1575 3.5 
1576 3.5 
1577 3.5 
1578 3.5 
1579 3.5 
1580 3.5 
1581 3.5 
1582 3.5 
1583 3.5 
1584 3.5 
1585 3.5 
1586 3.5 
1587 3.5 
1588 3.5 
1589 3.5 
1590 3.5 
1591 3.5 
1592 3.5 
1593 3.5 
1594 3.5 
1595 3.5 
1596 3.5 
1597 3.5 
1598 3.5 
1599 3.5 
1600 3.5 
1601 3.5 
1602 3.5 
1603 3.5 
1604 3.5 
1605 3.5 
1606 3.5 
1607 3.5 
1608 3.5 
1609 3.5 
1610 3.5 
1611 3.5 
1612 3.5 
1613 3.5 
1614 3.5 
1615 3.5 
1616 3.5 
1617 3.5 
1618 1.5 
1619 1.5 
1620 1.5 
1621 3.5 
1622 16.5 
1623 3.5 
1624 16.5 
1625 3.5 
1626 16.5 
1627 3.5 
1628 16.5 
1629 3.5 
1630 16.5 
1631 3.5 
1632 16.5 
1633 3.5 
1634 16.5 
1635 3.5 
1636 16.5 
1637 3.5 
1638 16.5 
1639 3.5 
1640 16.5 
1641 3.5 
1642 16.5 
1643 3.5 
1644 16.5 
1645 3.5 
1646 16.5 
1647 3.5 
1648 16.5 
1649 3.5 
1650 16.5 
1651 3.5 
1652 16.5 
1653 3.5 
1654 16.5 
1655 3.5 
1656 16.5 
1657 3.5 
1658 16.5 
1659 3.5 
1660 16.5 
1661 3.5 
1662 1.5 
1663 3.5 
1664 1.5 
1665 3.5 
1666 16.5 
1667 3.5 
1668 16.5 
1669 3.5 
1670 16.5 
1671 3.5 
1672 16.5 
1673 3.5 
1674 16.5 
1675 3.5 
1676 1.5 
1677 3.5 
1678 3.5 
1679 3.5 
1680 3.5 
1681 3.5 
1682 3.5 
1683 3.5 
1684 3.5 
1685 3.5 
1686 3.5 
1687 3.5 
1688 3.5 
1689 1.5 
1690 3.5 
1691 1.5 
1692 3.5 
1693 1.5 
1694 3.5 
1695 1.5 
1696 3.5 
1697 16.5 
1698 3.5 
1699 16.5 
1700 3.5 
1701 16.5 
1702 3.5 
1703 16.5 
1704 3.5 
1705 16.5 
1706 3.5 
1707 16.5 
1708 3.5 
1709 16.5 
1710 3.5 
1711 16.5 
1712 3.5 
1713 16.5 
1714 3.5 
1715 16.5 
1716 3.5 
1717 16.5 
1718 3.5 
1719 16.5 
1720 3.5 
1721 1.5 
1722 3.5 
1723 3.5 
1724 3.5 
1725 3.5 
1726 3.5 
1727 3.5 
1728 3.5 
1729 3.5 
1730 3.5 
1731 3.5 
1732 3.5 
1733 3.5 
1734 3.5 
1735 3.5 
1736 3.5 
1737 3.5 
1738 3.5 
1739 3.5 
1740 3.5 
1741 3.5 
1742 3.5 
1743 3.5 
1744 3.5 
1745 3.5 
1746 3.5 
1747 3.5 
1748 3.5 
1749 3.5 
1750 3.5 
1751 3.5 
1752 3.5 
1753 3.5 
1754 3.5 
1755 3.5 
1756 3.5 
1757 3.5 
1758 3.5 
1759 3.5 
1760 3.5 
1761 3.5 
1762 3.5 
1763 3.5 
1764 3.5 
1765 3.5 
1766 3.5 
1767 3.5 
1768 3.5 
1769 3.5 
1770 3.5 
1771 3.5 
1772 3.5 
1773 3.5 
1774 3.5 
1775 3.5 
1776 3.5 
1777 3.5 
1778 1.5 
1779 3.5 
1780 1.5 
1781 3.5 
1782 3.5 
1783 1.5 
1784 3.5 
1785 3.5 
1786 3.5 
1787 3.5 
1788 3.5 
1789 3.5 
1790 3.5 
1791 3.5 
1792 3.5 
1793 3.5 
1794 3.5 
1795 3.5 
1796 3.5 
1797 3.5 
1798 3.5 
1799 3.5 
1800 3.5 
1801 3.5 
1802 3.5 
1803 3.5 
1804 3.5 
1805 3.5 
1806 3.5 
1807 3.5 
1808 3.5 
1809 3.5 
1810 3.5 
1811 3.5 
1812 3.5 
1813 3.5 
1814 3.5 
1815 3.5 
1816 3.5 
1817 3.5 
1818 3.5 
1819 3.5 
1820 3.5 
1821 3.5 
1822 3.5 
1823 3.5 
1824 3.5 
1825 3.5 
1826 3.5 
1827 3.5 
1828 3.5 
1829 3.5 
1830 3.5 
1831 3.5 
1832 3.5 
1833 3.5 
1834 3.5 
1835 3.5 
1836 3.5 
1837 3.5 
1838 3.5 
1839 3.5 
1840 3.5 
1841 3.5 
1842 3.5 
1843 3.5 
1844 3.5 
1845 3.5 
1846 3.5 
1847 3.5 
1848 3.5 
1849 3.5 
1850 3.5 
1851 3.5 
1852 3.5 
1853 3.5 
1854 3.5 
1855 1.5 
1856 3.5 
1857 16.5 
1858 3.5 
1859 16.5 
1860 3.5 
1861 16.5 
1862 3.5 
1863 16.5 
1864 3.5 
1865 16.5 
1866 3.5 
1867 16.5 
1868 3.5 
1869 16.5 
1870 3.5 
1871 16.5 
1872 3.5 
1873 16.5 
1874 3.5 
1875 16.5 
1876 1.5 
1877 16.5 
1878 16.5 
1879 16.5 
1880 16.5 
1881 16.5 
1882 16.5 
1883 16.5 
1884 16.5 
1885 16.5 
1886 16.5 
1887 1.5 
1888 16.5 
1889 1.5 
1890 16.5 
1891 3.5 
1892 1.5 
1893 3.5 
1894 16.5 
1895 3.5 
1896 16.5 
1897 3.5 
1898 16.5 
1899 3.5 
1900 16.5 
1901 3.5 
1902 16.5 
1903 1.5 
1904 1.5 
1905 3.5 
1906 3.5 
1907 3.5 
1908 3.5 
1909 3.5 
1910 3.5 
1911 3.5 
1912 3.5 
1913 3.5 
1914 3.5 
1915 3.5 
1916 1.5 
1917 3.5 
1918 3.5 
1919 3.5 
1920 3.5 
1921 1.5 
1922 3.5 
1923 1.5 
1924 3.5 
1925 1.5 
1926 3.5 
1927 3.5 
1928 3.5 
1929 3.5 
1930 3.5 
1931 3.5 
1932 3.5 
1933 3.5 
1934 3.5 
1935 3.5 
1936 3.5 
1937 3.5 
1938 3.5 
1939 3.5 
1940 3.5 
1941 3.5 
1942 3.5 
1943 3.5 
1944 3.5 
1945 3.5 
1946 3.5 
1947 3.5 
1948 3.5 
1949 3.5 
1950 3.5 
1951 3.5 
1952 3.5 
1953 3.5 
1954 3.5 
1955 3.5 
1956 3.5 
1957 3.5 
1958 3.5 
1959 3.5 
1960 3.5 
1961 3.5 
1962 3.5 
1963 3.5 
1964 3.5 
1965 3.5 
1966 3.5 
1967 1.5 
1968 1.5 
1969 1.5 
1970 1.5 
1971 1.5 
1972 1.5 
1973 3.5 
1974 3.5 
1975 3.5 
1976 3.5 
1977 3.5 
1978 3.5 
1979 3.5 
1980 3.5 
1981 3.5 
1982 3.5 
1983 3.5 
1984 3.5 
1985 3.5 
1986 3.5 
1987 3.5 
1988 3.5 
1989 3.5 
1990 3.5 
1991 3.5 
1992 3.5 
1993 1.5 
1994 3.5 
1995 1.5 
1996 3.5 
1997 16.5 
1998 3.5 
1999 16.5 
2000 3.5 
2001 16.5 
2002 3.5 
2003 16.5 
2004 3.5 
2005 16.5 
2006 3.5 
2007 3.5 
2008 3.5 
2009 3.5 
2010 3.5 
2011 3.5 
2012 3.5 
2013 3.5 
2014 3.5 
2015 3.5 
2016 3.5 
2017 3.5 
2018 3.5 
2019 3.5 
2020 3.5 
2021 3.5 
2022 3.5 
2023 3.5 
2024 3.5 
2025 3.5 
2026 3.5 
2027 3.5 
2028 3.5 
2029 3.5 
2030 3.5 
2031 3.5 
2032 3.5 
2033 3.5 
2034 3.5 
2035 3.5 
2036 3.5 
2037 3.5 
2038 3.5 
2039 3.5 
2040 3.5 
2041 3.5 
2042 3.5 
2043 3.5 
2044 3.5 
2045 3.5 
2046 3.5 
2047 3.5 
2048 3.5 
2049 3.5 
2050 3.5 
2051 3.5 
2052 3.5 
2053 3.5 
2054 3.5 
2055 3.5 
2056 3.5 
2057 3.5 
2058 3.5 
2059 3.5 
2060 3.5 
2061 3.5 
2062 3.5 
2063 3.5 
2064 3.5 
2065 3.5 
2066 3.5 
2067 3.5 
2068 3.5 
2069 1.5 
2070 3.5 
2071 1.5 
2072 3.5 
2073 1.5 
2074 3.5 
2075 1.5 
2076 3.5 
2077 1.5 
2078 3.5 
2079 1.5 
2080 3.5 
2081 1.5 
2082 3.5 
2083 1.5 
2084 3.5 
2085 3.5 
2086 3.5 
2087 3.5 
2088 3.5 
2089 3.5 
2090 3.5 
2091 3.5 
2092 3.5 
2093 3.5 
2094 1.5 
2095 3.5 
2096 1.5 
2097 3.5 
2098 1.5 
2099 3.5 
2100 1.5 
2101 3.5 
2102 1.5 
2103 3.5 
2104 1.5 
2105 3.5 
2106 1.5 
2107 3.5 
2108 1.5 
2109 3.5 
2110 3.5 
2111 3.5 
2112 3.5 
2113 3.5 
2114 3.5 
2115 3.5 
2116 3.5 
2117 3.5 
2118 3.5 
2119 3.5 
2120 3.5 
2121 3.5 
2122 3.5 
2123 3.5 
2124 3.5 
2125 1.5 
2126 3.5 
2127 3.5 
2128 3.5 
2129 3.5 
2130 3.5 
2131 3.5 
2132 3.5 
2133 3.5 
2134 3.5 
2135 3.5 
2136 3.5 
2137 3.5 
2138 3.5 
2139 3.5 
2140 3.5 
2141 3.5 
2142 3.5 
2143 3.5 
2144 3.5 
2145 3.5 
2146 3.5 
2147 3.5 
2148 3.5 
2149 3.5 
2150 3.5 
2151 3.5 
2152 3.5 
2153 3.5 
2154 3.5 
2155 3.5 
2156 3.5 
2157 3.5 
2158 3.5 
2159 3.5 
2160 3.5 
2161 3.5 
2162 3.5 
2163 3.5 
2164 3.5 
2165 3.5 
2166 3.5 
2167 3.5 
2168 3.5 
2169 3.5 
2170 3.5 
2171 3.5 
2172 3.5 
2173 3.5 
2174 3.5 
2175 3.5 
2176 3.5 
2177 3.5 
2178 3.5 
2179 3.5 
2180 3.5 
2181 3.5 
2182 3.5 
2183 3.5 
