0 27.3767479359734 
1 33.6586162922384 
2 30.1135432006308 
3 12.070435733757465 
4 31.9291744349806 
5 12.588052940884333 
6 36.1727193937998 
7 11.514005242396534 
8 35.1235754052792 
9 11.368300573299132 
10 1.1372517471830321 
11 11.499035769691934 
12 1.1541227408746324 
13 11.742647189455534 
14 1.1064175641128517 
15 11.5941628147868 
16 1.1047237625882451 
17 1.0979422205195637 
18 1.0833686740164128 
19 1.1236540145790848 
20 1.0918142963373418 
21 1.0959411597366062 
22 1.0470995913392969 
23 1.0434755984977637 
24 1.0231993428873092 
25 0.9456106761117135 
26 1.031937065472303 
27 0.9545279414091999 
28 0.918522297376719 
29 0.9434047891810973 
30 0.9311146244369892 
31 0.9501663065859839 
32 0.9386028499223081 
33 0.9695267539053568 
34 0.9298117670561028 
35 0.9631375452351623 
36 0.9660750501838217 
37 0.9442571419961296 
38 0.9783215627560163 
39 0.9064989060710487 
40 4.871440980762971 
41 0.9137065711199136 
42 4.916596697940115 
43 0.920920618033146 
44 5.009880191718056 
45 0.9285651568264973 
46 5.060490194730428 
47 0.9435614587783134 
48 5.165409811131943 
49 0.9803003172815784 
50 5.397166296047943 
51 1.014613480108227 
52 5.449922742652572 
53 1.041082801350508 
54 5.433252810516086 
55 1.0319557985529566 
56 5.301992843621343 
57 1.0034057205187028 
58 5.345160623931143 
59 1.0079158869905676 
60 5.255091415030486 
61 0.9939662271184001 
62 5.278552489288257 
63 0.9861383162520054 
64 5.2501418132492 
65 0.9853006390106648 
66 5.105881549033029 
67 0.9660873402180541 
68 5.082202992755714 
69 0.968628260470946 
70 5.058592954083857 
71 0.965810284083173 
72 5.1616158464914 
73 0.9860163677293514 
74 5.1154892277251145 
75 0.9729702227189081 
76 5.3073475509182 
77 0.9759606137895082 
78 5.4253354628098 
79 0.9913997005312486 
80 5.466615997587658 
81 0.9912486058395784 
82 5.255305423746 
83 0.9399724366145567 
84 5.016100107947543 
85 0.9548343585819675 
86 4.898981041618915 
87 0.9401706050826594 
88 4.836394839706543 
89 0.9578569278454973 
90 5.1179798073328575 
91 1.0213050687006757 
92 5.269858914020371 
93 1.0412723045757946 
94 5.557466961184857 
95 1.0346585682450649 
96 5.6741476919960565 
97 1.0574702569327947 
98 5.824127555432915 
99 1.1149814997766594 
100 5.598157765778256 
101 1.0846944954913837 
102 5.4748265765633715 
103 1.0607332024302811 
104 5.369122353962686 
105 1.049153617556227 
106 5.058470918803828 
107 0.9971934883568541 
108 4.880670223370571 
109 0.9409691465350865 
110 5.120096271432486 
111 0.9583607344217568 
112 5.212706264330457 
113 0.9664518914999568 
114 5.142023364241514 
115 0.9835569577856055 
116 5.368642098917057 
117 1.0225829839002594 
118 5.607454096485 
119 1.0788073257220325 
120 5.4815391242352 
121 1.0740362183996324 
122 5.695763895715458 
123 1.0369423502418758 
124 5.799275531777428 
125 1.0472258498310378 
126 5.836838222864543 
127 1.0560777537792378 
128 5.668004566541399 
129 1.0461338804634486 
130 5.308669980347686 
131 0.988360696454919 
132 5.147704581273743 
133 0.9599912995972811 
134 4.907070859714172 
135 1.0064346910805568 
136 4.8475677488783715 
137 0.9975215606448055 
138 4.879031228806114 
139 0.9990665530076595 
140 5.0449026191044855 
141 1.023619811494611 
142 5.195162204736342 
143 1.053557995672454 
144 5.437201662052657 
145 1.0137945417881027 
146 5.2963171189697436 
147 0.9871687838324593 
148 5.289462169201257 
149 0.9508453002859135 
150 5.189485959649285 
151 0.9407876876381568 
152 5.068709033521943 
153 0.9244015336201783 
154 4.87489366074 
155 0.9425182790877027 
156 5.081887842211086 
157 0.9719503735155297 
158 5.175255341870114 
159 1.0035376603026596 
160 5.311263215491343 
161 1.0146740683449675 
162 5.564585166084171 
163 1.0530237219970053 
164 5.7057140948762 
165 1.0482448929155892 
166 5.585912461084428 
167 1.0457697158796595 
168 5.607756591046344 
169 1.0589047935920108 
170 5.390968537787943 
171 1.0170096656013514 
172 5.210430012200886 
173 1.114299026809224 
174 5.0848992905726 
175 1.1281378926136423 
176 4.8925975947588 
177 1.0808192860612849 
178 4.851939731344771 
179 1.0814611621247758 
180 4.897292901163629 
181 1.1027875134815637 
182 5.000996584708114 
183 1.1098035089659697 
184 4.924169375135457 
185 1.0981062072025212 
186 5.123060538059399 
187 1.1225133901578728 
188 5.073306566324486 
189 1.109807753703418 
190 5.265371945297657 
191 1.1371273583876909 
192 5.339467876807142 
193 1.157366737363776 
194 5.3769741036824 
195 1.1127399275371093 
196 5.525034100305257 
197 1.1590549558242123 
198 5.565244914225199 
199 1.141207937736897 
200 5.4158870970454 
201 0.9999701829901947 
202 5.165854095903742 
203 1.0675810766345082 
204 5.415586666337371 
205 1.0955962015151948 
206 5.385171018559428 
207 1.0902916762038704 
208 5.5159699512792 
209 1.1169688570088163 
210 5.667498573637171 
211 1.1716324365354216 
212 5.8975662571856 
213 1.108011627980254 
214 5.758145137899314 
215 1.0956727542429028 
216 5.472002390298429 
217 1.0323526784117782 
218 5.209000118876142 
219 0.9895775229293351 
220 5.116461310635457 
221 0.9523469196652324 
222 4.987155835519315 
223 0.960135466755746 
224 4.926850417486314 
225 0.9254187430271298 
226 5.239771900524056 
227 0.9727725963913514 
228 5.374944324342029 
229 0.993466221314854 
230 5.268651255362714 
231 0.9853483767888973 
232 5.254234645762085 
233 1.0075876166210487 
234 5.478852005069543 
235 1.0594538173713297 
236 5.292049829962086 
237 1.1678720636960302 
238 5.413841220605886 
239 1.1926301434136304 
240 5.558039957275943 
241 1.219792203654824 
242 5.663505656580772 
243 1.2216051199391758 
244 5.654572080329543 
245 1.2243183855304243 
246 5.842575634694229 
247 1.2594669144379211 
248 5.861376189049686 
249 1.2490450560647395 
250 5.806916667433514 
251 1.2231975071574304 
252 5.931145613507715 
253 1.2004613020613577 
254 5.637564019261886 
255 1.1373142339689455 
256 5.680381166755543 
257 1.142484589092291 
258 5.572645343499686 
259 1.1529064474654789 
260 5.654696696986143 
261 1.1701386091696122 
262 5.368011004630515 
263 1.1735418695965274 
264 5.572497110265972 
265 1.2250216370371516 
266 5.497824323038257 
267 1.2124430474712484 
268 5.532216916034572 
269 1.2124430474712484 
270 5.4595607297844575 
271 1.1884707608177092 
272 5.620588205274686 
273 1.1924139282061395 
274 5.634897252973515 
275 1.0411628238354595 
276 5.796529169267972 
277 1.0596061935958865 
278 5.757500454613714 
279 1.019391270879384 
280 5.621630288688657 
281 1.0174358029478918 
282 5.592980005229486 
283 1.0327141633206 
284 5.428840351001886 
285 1.0151634998392702 
286 5.4142563420966 
287 1.0078679464380864 
288 5.387985414451143 
289 1.037870593915838 
290 5.525512556128457 
291 1.0459382083878055 
292 5.616861179267543 
293 1.0355671453313136 
294 5.739033390835343 
295 1.0553433604522324 
296 5.7144794696676575 
297 1.0611161971791783 
298 5.705269154957429 
299 1.0713284724179297 
300 5.632823315708285 
301 1.063493477665984 
302 5.4699987932300855 
303 1.0567262764506271 
304 5.267321111431457 
305 1.0353000880308756 
306 5.228983842950858 
307 1.0154488083953945 
308 5.289669605929772 
309 0.983110306454973 
310 5.367342822099914 
311 0.9817013343698919 
312 5.3716392183154005 
313 0.9904033003147135 
314 5.683433774142457 
315 1.0225171158112163 
316 5.588207241466143 
317 1.020939065511 
318 5.5796580589618285 
319 1.0153598868801028 
320 5.633002149855371 
321 1.0293671602021999 
322 5.786949985485914 
323 1.019573780224735 
324 5.706944577899742 
325 1.0174268519551837 
326 5.428195223155828 
327 0.9641322910274324 
328 5.219929634435914 
329 0.9882201458899242 
330 5.124914952385171 
331 0.9938207664442487 
332 5.0363718065845715 
333 0.9858997033956162 
334 4.869344561657457 
335 0.9896676980513838 
336 5.2660151583716575 
337 1.0661542075708919 
338 5.365994596034143 
339 1.0471693273570108 
340 5.497344056196 
341 1.0534409248965513 
342 5.558078146893857 
343 1.0549966223000218 
344 5.644944137982629 
345 1.0550080612497785 
346 5.615644135341428 
347 1.028475759008027 
348 5.812498685684857 
349 1.0612904649307404 
350 5.812276176236 
351 1.0436573575288866 
352 5.817341144833114 
353 1.0579128698749027 
354 5.8507946635568855 
355 1.0626615907227135 
356 5.900055290111401 
357 1.0917059018020001 
358 5.780007105206743 
359 1.0509532570451785 
360 5.8384654553014 
361 1.0729339350926541 
362 5.988726420004886 
363 1.0946604857507622 
364 6.0275176408034286 
365 1.1004234515934108 
366 5.9849436898731145 
367 1.0874335445915297 
368 5.917921382034429 
369 1.075053406295281 
370 5.8930598905485425 
371 1.0726753020743676 
372 5.993750246985714 
373 1.0592213092631404 
374 5.874643599991257 
375 1.045254996342535 
376 5.850699199239657 
377 1.0494004679938758 
378 5.7397180243106 
379 1.0486784939810432 
380 5.499207327089857 
381 1.0205709870951405 
382 5.419603469231857 
383 1.0083686328586055 
384 5.2890759914384 
385 1.0248157920491405 
386 5.2253384247648 
387 1.0079878790734649 
388 5.339068877994943 
389 1.0618426361393676 
390 5.556436039322372 
391 1.0814511893286487 
392 5.609044027188743 
393 1.0631602835031406 
394 5.7442971639092 
395 1.0809535502528702 
396 5.818166871962228 
397 1.095430534575973 
398 5.922561569396114 
399 1.095430534575973 
400 5.920526544254772 
401 1.0954430248401081 
402 5.806439234601514 
403 1.1332223912545352 
404 5.780736659186343 
405 1.1334636762731405 
406 5.717611950778829 
407 1.1244012318840486 
408 5.720471328681943 
409 1.1090025702435566 
410 5.5469406008060576 
411 1.0885013904681136 
412 5.600417956890971 
413 1.1104214042412595 
414 5.310159262168343 
415 1.0795602142565783 
416 5.2789665521 
417 1.0854948231045944 
418 5.143541368692429 
419 1.0570380669799946 
420 5.256860937588629 
421 1.0810181617631136 
422 5.350800915589171 
423 1.0292343247864217 
424 5.569942428277286 
425 1.0499783475294324 
426 5.466165633550972 
427 1.0229625079981242 
428 5.537852658037171 
429 1.0668179257632162 
430 5.560114285077886 
431 1.0610079894567677 
432 5.466564708861371 
433 1.0387071360009783 
434 5.471718677006914 
435 1.038351290041735 
436 5.403474499395428 
437 1.0385558271447028 
438 5.334051906355057 
439 1.0385558271447028 
440 5.243861405518457 
441 1.0236987011715135 
442 5.2389696873623715 
443 1.0144685451585893 
444 5.232576889921485 
445 0.997112671632227 
446 5.432431659560257 
447 1.0070889324791514 
448 5.3600824947622 
449 0.9401368862439028 
450 5.387829150350886 
451 0.943450117350227 
452 5.215497710285915 
453 0.9742377142166864 
454 5.366356618793743 
455 0.9872140511958595 
456 5.390078300576371 
457 1.0102495105317297 
458 5.5794882166894 
459 1.0772015567669784 
460 5.6499417327264 
461 1.0906011839222758 
462 5.8810757512050005 
463 1.089456281723654 
464 5.672357931531657 
465 1.0868547445526595 
466 5.492034238657458 
467 1.0531247646672703 
468 5.529123319835429 
469 1.0531247646672703 
470 5.534676258588057 
471 1.055932626402881 
472 5.440432301151143 
473 1.0780456698467946 
474 5.407804118098086 
475 1.0602790414038972 
476 5.592221163876458 
477 1.0816585718926486 
478 5.657903709138372 
479 1.0894917250138378 
480 5.434810778869 
481 1.045430643045335 
482 5.613747781328828 
483 0.9986705412388001 
484 5.812423334112857 
485 1.026703521636292 
486 5.6902016438000285 
487 1.0053433263540108 
488 5.576124771349599 
489 0.9533829174822217 
490 5.703479032562686 
491 0.9751996939987785 
492 5.3969075308532855 
493 1.0165148415643837 
494 5.180500465410286 
495 0.9819432101644162 
496 5.3658664986667715 
497 1.014897851770811 
498 5.407378697604143 
499 5.597704139756057 
500 5.5643347538137435 
501 5.728441739773143 
502 5.8188655653476005 
503 5.7122085500402004 
504 6.0453998620836 
505 5.927083781138286 
506 6.029146027808315 
507 5.916909227210686 
508 6.017692534730086 
509 5.759378932323971 
510 6.0009504933882 
511 5.751796826524972 
512 5.986453668581371 
513 5.836898990668172 
514 5.966419580041114 
515 5.816021279156885 
516 5.919694300493428 
517 5.841606382152743 
518 5.990169917235599 
519 5.882606822582885 
520 5.8274456103422 
521 5.7250578903682285 
522 5.8251278259553425 
523 5.878352786897457 
524 5.815266153007115 
525 5.832881052455343 
526 5.692927957201342 
527 5.709924640454057 
528 5.511295925768057 
529 5.556965026289172 
530 5.679837896084657 
531 5.7991316210746575 
532 5.611667271820171 
533 5.761663553313972 
534 5.616369503300858 
535 5.705027947144629 
536 5.421272644526543 
537 5.553209670266456 
538 5.415598262646972 
539 5.7065380522345714 
540 5.448923456791542 
541 5.8361121126598 
542 5.381065908368514 
543 5.979653478155858 
544 5.3299148033587995 
545 5.8281295404196 
546 5.667560071848485 
547 6.221636789040256 
548 5.760341735490486 
549 6.189110489521257 
550 5.529445879076742 
551 5.9840362888866 
552 5.591319579711429 
553 5.968235742666772 
554 5.3918086557339135 
555 5.967303369494657 
556 5.4484031126793715 
557 6.044415216826057 
558 5.5048175146114575 
559 6.0500782057183145 
560 5.741299590803657 
561 6.2524591537997996 
562 5.8181774282967424 
563 6.215674506924057 
564 6.078412090445886 
565 6.515227569235457 
566 6.015502666793857 
567 6.371736432732114 
568 5.983648078699171 
569 6.397099343327914 
570 5.792245582309542 
571 6.1514457070462285 
572 5.661146145758286 
573 5.790332090872715 
574 5.535654535408028 
575 5.944434956198999 
576 5.6163272579332 
577 6.063969680870714 
578 5.599639468451971 
579 6.053929763917286 
580 5.718599754892257 
581 6.166004394518486 
582 5.685430978324371 
583 6.260700701079857 
584 5.8680179962299714 
585 6.058271785477172 
586 5.682413659814257 
587 5.840838587884943 
588 5.585906155555742 
589 5.741760087064885 
590 5.445286118553286 
591 5.677290171224057 
592 5.463998176577685 
593 5.204426467528228 
594 5.204426467528228 
595 5.332554212478857 
596 5.332554212478857 
597 5.720154720257457 
598 5.403914814867115 
599 5.786255333190686 
600 5.516106504794143 
601 5.953580049743771 
602 5.507361912834743 
603 6.040379031259801 
604 5.6380404123172 
605 6.1414918895982 
606 5.6380404123172 
607 6.272960890127829 
608 5.6380404123172 
609 5.962071034417629 
610 5.430549914880058 
611 5.705697082268343 
612 5.339002652886115 
613 5.579886691043486 
614 11.890589452566532 
615 5.520993409032371 
616 11.485248152452334 
617 5.335504307323428 
618 10.903442396785534 
619 5.742343437587029 
620 10.763241215541933 
621 5.721193699960085 
622 10.5232457137614 
623 5.504989079764714 
624 10.783766351053332 
625 5.5384051693293435 
626 10.8210872973456 
627 5.513045190748628 
628 1.0610445570889153 
629 5.4663308115588 
630 1.1173236900850607 
631 5.7550080748804575 
632 1.0176306042162542 
633 5.8666082200666 
634 1.0334730085461405 
635 5.8070406068654 
636 1.0351721610906648 
637 5.871056632962743 
638 5.535845825115372 
639 5.535051409688029 
640 5.442877260677628 
641 5.328744506791715 
642 5.660649564439228 
643 5.585541490154571 
644 5.4990370804706 
645 5.361633111513286 
646 5.479854096990114 
647 5.484351902679686 
648 5.187220686926657 
649 5.866319327668914 
650 5.198762555437915 
651 5.987165141907972 
652 5.2868503389380574 
653 6.100763947720943 
654 5.514320287930258 
655 6.429825476284171 
656 5.608735283468171 
657 6.433588503392 
658 5.918879368327429 
659 6.243013859189943 
660 5.998509716964342 
661 6.252553996413028 
662 5.815242032677686 
663 5.947343174659857 
664 5.760687756290229 
665 5.838313808548485 
666 5.742670769798029 
667 5.7215809428627145 
668 5.675942742521743 
669 5.764237178445657 
670 5.552908249365086 
671 5.651166089333057 
672 5.638211355890057 
673 5.759751662903429 
674 5.523790751980771 
675 5.6122983494694 
676 5.521544263332343 
677 5.639891441455972 
678 5.555890590612714 
679 5.6613904373014 
680 5.397356619439286 
681 5.5081211344638 
682 5.260098915046915 
683 5.350913486213514 
684 5.256877757126029 
685 5.387004124763942 
686 5.197994271787914 
687 5.261975313189457 
688 5.1503038848632565 
689 5.289693448504514 
690 5.380190864177343 
691 5.554208233277229 
692 5.508758194124428 
693 5.677889644100458 
694 5.633494123366543 
695 5.771476457355543 
696 5.685760124165571 
697 5.650184359553457 
698 5.704331771796886 
699 5.7848293580087145 
700 5.7848293580087145 
701 5.670978666980486 
702 5.7848293580087145 
703 5.669514418222943 
704 5.746765513402457 
705 5.621494043866915 
706 5.661215672178857 
707 5.547074305543857 
708 5.694786466421972 
709 5.6256579175696855 
710 5.5656652217218 
711 5.565457386107572 
712 5.312322898001628 
713 5.309168626390028 
714 5.278094338985171 
715 5.242354744185286 
716 5.329595869624771 
717 5.2967117279289715 
718 5.340113328920315 
719 5.326752669471057 
720 5.288479253507515 
721 5.583809960254972 
722 5.557085584882372 
723 5.952200784259714 
724 5.6455262385994285 
725 6.010400315658001 
726 5.6745492621862565 
727 6.020120759066885 
728 5.430691848806314 
729 5.777363574151343 
730 5.5773391005142 
731 5.556105498505886 
732 5.647952539628257 
733 5.408414091170657 
734 5.657007994764972 
735 5.390559601380828 
736 5.580230333500429 
737 5.343995480284742 
738 5.884648248335085 
739 5.589774278905486 
740 5.790230211730344 
741 5.711510205350486 
742 5.742939008505543 
743 5.782709046225543 
744 5.762198539366115 
745 5.904507657726685 
746 5.800206248146743 
747 5.940402672489886 
748 5.8633348853408 
749 5.696986794723286 
750 5.777884793001628 
751 5.637255016389285 
752 5.5024688197528 
753 5.342869499158943 
754 5.358987040661143 
755 5.187822206174829 
756 5.2372591819861425 
757 5.085958722379172 
758 5.0528879340934285 
759 5.162225602692 
760 4.932501807436201 
761 4.953180971951 
762 4.913667982668057 
763 5.001650584291714 
764 4.756069576238 
765 4.885629599618686 
766 4.812566902505142 
767 4.885593969579486 
768 4.772471495178143 
769 4.994171420369542 
770 4.8393597392508 
771 5.130680793323686 
772 4.885339287050371 
773 5.170839559025199 
774 5.142592550933743 
775 5.395460996583401 
776 5.420160875667944 
777 5.585882863194972 
778 5.5550252009136285 
779 5.591147881312257 
780 5.711141096932885 
781 5.771688942822571 
782 5.898883322583914 
783 5.9299113014730285 
784 5.984050391317257 
785 5.983933091890942 
786 6.030381298640971 
787 5.903994129004857 
788 5.967373084589829 
789 5.859531925680229 
790 5.983295990681628 
791 5.889325984331856 
792 5.9576690295666 
793 5.825939820666115 
794 5.782709825657143 
795 5.723478258727228 
796 5.648010888854143 
797 5.5851632371932 
798 5.492778993505543 
799 5.428835118711485 
800 5.338376831551571 
801 5.4591321709518 
802 5.108783856891029 
803 5.316979464045543 
804 4.9872476058342 
805 5.179595332042772 
806 5.091928020967857 
807 5.1348598261650285 
808 5.228622861614485 
809 5.253734359744572 
810 5.089411129393257 
811 5.1012364352642 
812 5.254543763944399 
813 5.205000728536457 
814 5.5427480972538286 
815 5.472823885422572 
816 5.707565898809828 
817 5.652480305006914 
818 5.648228379426029 
819 5.8136006576098564 
820 5.688427240343943 
821 5.8506826538283425 
822 5.585970019858714 
823 5.8362995671926 
824 5.522397433474628 
825 5.820737583828886 
826 5.592992941929571 
827 5.905428810845657 
828 5.613238154284028 
829 5.825720611284885 
830 5.7972756025486 
831 5.670662561161229 
832 5.800908678403829 
833 5.598969880933 
834 5.710294881716857 
835 5.4574290009648285 
836 5.587625800404142 
837 5.309823520144371 
838 5.502138407279601 
839 5.312629596936658 
840 5.347130232770428 
841 5.397903272724285 
842 5.479730593109286 
843 5.568984061402229 
844 5.572017209913743 
845 5.684421582975829 
846 5.522219675384714 
847 5.6400574022762 
848 5.644420716632029 
849 5.7511454215632005 
850 5.699399212511457 
851 5.663809415636086 
852 5.726709234740771 
853 5.664799087522629 
854 5.776486435995658 
855 5.747122733392028 
856 5.794702438091086 
857 5.708089420170743 
858 5.868022305015001 
859 5.974459220698914 
860 5.867115706708715 
861 5.974943870968086 
862 5.7416500813604285 
863 5.9021851857747425 
864 5.603409297044999 
865 5.693345949262029 
866 5.680463497891085 
867 5.535869842656972 
868 5.552278581962971 
869 5.4240143062426 
870 5.483677059763829 
871 5.494251816785657 
872 5.6561063159952 
873 5.577142294179828 
874 5.744094905753828 
875 5.697937562545 
876 5.753234821589115 
877 5.6302158986504 
878 5.672465776905772 
879 5.508095638584143 
880 5.564524791181514 
881 5.404952546638685 
882 5.342937826242057 
883 5.2126058175735706 
884 5.276140421548886 
885 5.142656321843371 
886 5.179021337829772 
887 5.178687174222314 
888 5.223232021544571 
889 5.2325158782604575 
890 5.277808222126828 
891 12.448407815857001 
892 5.435139709022943 
893 12.916575760125333 
894 5.4289210988722 
895 12.855427283268932 
896 5.454096856609658 
897 12.607800550536133 
898 5.2843171389906 
899 12.3483612185222 
900 5.185126778672457 
901 12.281387979555467 
902 5.2966745318379145 
903 1.1329922715699758 
904 5.195264264050457 
905 1.106648580431194 
906 5.081246624091172 
907 1.1349811369248788 
908 5.076417109486799 
909 1.1437614220674122 
910 5.233903609864228 
911 1.1419175735226241 
912 5.231431682818572 
913 12.470783186209198 
914 5.177207092311343 
915 12.375305802218266 
916 5.222778586050486 
917 12.379105999877133 
918 5.444208115481056 
919 1.1635477430397032 
920 5.440071534330372 
921 1.1772872608578424 
922 5.456883251793457 
923 1.186088523139612 
924 5.684377828586 
925 1.2392655919158362 
926 5.901135210850685 
927 1.281688415987194 
928 5.9643623966704 
929 1.2430283333730545 
930 6.114226416613886 
931 1.2703996782055211 
932 6.136407644229999 
933 1.266341446019982 
934 6.249216443698372 
935 1.287127269243994 
936 6.280242949757429 
937 1.296620178080606 
938 6.1732694071806 
939 1.2958988888786183 
940 6.090109736804771 
941 1.282197290642103 
942 5.819256887496771 
943 1.2568929398660666 
944 5.680321946383743 
945 1.2146436311641395 
946 5.553865704548914 
947 1.1830425793993393 
948 5.444248406010885 
949 13.525316643684334 
950 5.388613942116914 
951 5.731140935027599 
952 5.548635281680829 
953 5.804535038527514 
954 5.486518955577772 
955 5.851255568452914 
956 5.577809642259714 
957 5.915420890952686 
958 5.669282899532 
959 5.658127124169515 
960 5.702950289926714 
961 5.760242450793457 
962 5.690743692457457 
963 5.749313240192543 
964 5.7818729516078005 
965 5.715489830696599 
966 5.812299850887428 
967 5.8259432503505995 
968 5.784640692188886 
969 5.878894348723086 
970 5.7305163841762 
971 5.8246095000706575 
972 5.714630919743429 
973 5.806124845278572 
974 5.7657262133792 
975 5.945009918882714 
976 5.805061555064 
977 5.918857040594857 
978 5.818898802454486 
979 6.012232536244086 
980 5.934100638878485 
981 6.132145168836 
982 5.952503447065314 
983 6.151939667931001 
984 5.9401753748454 
985 6.082990527640628 
986 5.764659118879343 
987 5.889571059449115 
988 5.8646026115266 
989 5.791342694579829 
990 5.8261129043660285 
991 5.679277099403057 
992 5.558287279922829 
993 5.494573145269543 
994 5.467225713411429 
995 5.409770971059886 
996 5.529704309122229 
997 5.5490831095742 
998 5.444652700062828 
999 5.590205247768343 
1000 5.401894199462314 
1001 12.967646282668932 
1002 5.531665607896685 
1003 5.5717150435944856 
1004 5.510408778696058 
1005 5.6198149428484 
1006 5.533458778737114 
1007 5.631010935556486 
1008 12.747420204697868 
1009 5.546501411755058 
1010 1.1705351606203334 
1011 5.620122705563886 
1012 1.190462818181582 
1013 5.675710494891343 
1014 1.203557959313394 
1015 5.727939842400886 
1016 1.2110860178572365 
1017 5.7053328680922855 
1018 1.2240131404483516 
1019 5.700484409879971 
1020 13.424980718274599 
1021 5.649146609770028 
1022 1.2553229885794728 
1023 5.8382798574456 
1024 1.2277890707116121 
1025 5.771195410187628 
1026 1.2492836867021393 
1027 5.859790024792344 
1028 1.246598183318709 
1029 5.887568156703943 
1030 1.2451911677012304 
1031 5.912604844243 
1032 1.1912920437284122 
1033 13.281077174749067 
1034 1.2145535964139575 
1035 1.2164621825863577 
1036 1.045909604809308 
1037 1.184337853372394 
1038 1.0587277329541245 
1039 1.1770670352698365 
1040 1.1010327630951622 
1041 1.1640171839649516 
1042 6.042094731561114 
1043 1.197036242731909 
1044 5.955393898904343 
1045 1.1914961305501273 
1046 6.086904948221142 
1047 1.2280244838020242 
1048 6.058638744011543 
1049 1.217630246525788 
1050 5.818737903818028 
1051 1.2233028445666425 
1052 5.861114455277543 
1053 1.208881229963006 
1054 5.780857139576943 
1055 13.377381605330534 
1056 5.804175657623886 
1057 13.558297863310534 
1058 5.6166197177343715 
1059 13.211802785563066 
1060 5.5910288152244 
1061 13.013166182706799 
1062 5.416045749055229 
1063 5.500570495432828 
1064 5.397301375178486 
1065 5.380900411912657 
1066 5.396859401559515 
1067 5.284416211525314 
1068 5.382896047449028 
1069 5.5298691506169435 
1070 5.407469838670686 
1071 5.714201243405 
1072 5.533913442524857 
1073 5.8259642118394 
1074 5.8259642118394 
1075 5.912642670802886 
1076 5.8259642118394 
1077 5.912642670802886 
1078 5.8259642118394 
1079 6.277083507878086 
1080 5.844162786629772 
1081 6.364053655454571 
1082 6.030843267335771 
1083 6.354279261850515 
1084 6.060058423088086 
1085 6.380494778547257 
1086 5.918117850950943 
1087 6.162093214072486 
1088 5.8491016140708565 
1089 5.939081494293114 
1090 5.706722520432314 
1091 5.751174898944514 
1092 5.690208276371058 
1093 5.6995291219129145 
1094 5.6297123985990565 
1095 5.478326744794058 
1096 5.7481050064620565 
1097 5.527857071359942 
1098 5.8095833443556 
1099 5.550399619894885 
1100 5.7348135581610284 
1101 5.597907039425686 
1102 5.945557139837686 
1103 5.8027542517587145 
1104 5.9920318910194 
1105 5.971454449047971 
1106 5.865473967122715 
1107 5.949067411904714 
1108 5.853264064132829 
1109 5.991497042366972 
1110 5.582120231755772 
1111 5.7293121770843145 
1112 5.667494863122 
1113 5.750057264564943 
1114 5.6028015358358 
1115 5.740588725272199 
1116 5.643089936527256 
1117 5.732525829103857 
1118 5.616684113709143 
1119 5.7320302521426285 
1120 5.803102640763628 
1121 5.9175164154418 
1122 5.822953843174486 
1123 5.9725033851598 
1124 5.906973023576029 
1125 5.9502535467608 
1126 6.036428079903085 
1127 6.1160015318400855 
1128 6.047848311350628 
1129 6.083875274899829 
1130 6.010188060399058 
1131 6.023063213790971 
1132 6.036641931062772 
1133 5.875689346003486 
1134 5.998918134151543 
1135 5.889530874508057 
1136 5.726171089196714 
1137 5.653400457166886 
1138 5.7722669411424565 
1139 5.696618856038772 
1140 5.750741760571572 
1141 5.7029285280754864 
1142 5.688298453458343 
1143 5.650601688359686 
1144 5.665533352956943 
1145 5.607844807642771 
1146 5.7127404332039715 
1147 5.6043389259492855 
1148 5.6159851861628 
1149 5.465191593397971 
1150 5.531101335765257 
1151 5.434933822403629 
1152 5.471111260962201 
1153 5.394463863258629 
1154 5.267635002060257 
1155 5.212556339956229 
1156 5.367325132562314 
1157 5.369160810947771 
1158 5.314760230609571 
1159 5.382828374023314 
1160 5.513057348876143 
1161 5.488294122379543 
1162 5.427306448513571 
1163 5.488294122379543 
1164 5.736430925124486 
1165 5.738435068362743 
1166 5.730056746479171 
1167 5.7564783794745145 
1168 5.664455489089314 
1169 5.764519133143943 
1170 5.6125402774046 
1171 5.735884875384457 
1172 5.849149044495744 
1173 5.9854927790182 
1174 5.741232227164085 
1175 5.942942339124885 
1176 5.688183076034028 
1177 5.855234676521886 
1178 5.686764126560628 
1179 5.847005726216343 
1180 5.7081016488666005 
1181 5.884237074457114 
1182 5.535596929215029 
1183 5.620520989595143 
1184 5.549663997243999 
1185 5.575037938796085 
1186 5.631598821022115 
1187 5.640501013793886 
1188 5.7993129416282 
1189 5.725222558614571 
1190 5.7825511488342 
1191 5.6697640725632565 
1192 5.897406322794343 
1193 5.844709354719571 
1194 6.022133284292343 
1195 6.000553775565657 
1196 5.9971767135722 
1197 5.9954020439810005 
1198 5.9379084564447435 
1199 5.949719942227429 
1200 5.856485322578 
1201 5.921030488734657 
1202 5.725204844777258 
1203 5.871485416677628 
1204 5.678066905307743 
1205 5.797705968412029 
1206 5.573649533960657 
1207 5.717189455114886 
1208 5.627231411264085 
1209 5.766480287737571 
1210 5.6522481030105425 
1211 5.7340199409387145 
1212 12.933591064485801 
1213 5.555962546767543 
1214 1.1565865487076121 
1215 5.515004290410142 
1216 1.1433949078718788 
1217 5.502190601766714 
1218 1.1008436486000666 
1219 5.295252220627515 
1220 1.0878500501844848 
1221 5.220942039733772 
1222 1.0909758121588182 
1223 5.2310704186322 
1224 5.256655571918315 
1225 5.307932877554943 
1226 5.494311212627971 
1227 5.437457191088771 
1228 5.5351632587827435 
1229 5.574703138377914 
1230 5.463270112683257 
1231 5.623408672558715 
1232 5.526369661623657 
1233 5.659202067404857 
1234 5.3320883586472 
1235 5.462725422991285 
1236 5.018143585822857 
1237 5.187537407872943 
1238 5.2214733990088575 
1239 5.316753063926428 
1240 5.425908458193943 
1241 5.377913592669257 
1242 5.153464275042971 
1243 5.187287188676172 
1244 5.195745673637114 
1245 5.094685381279171 
1246 5.461656301989743 
1247 5.3390427335862 
1248 5.4004875668508285 
1249 5.307204438234343 
1250 5.585458751369857 
1251 5.5185210411148 
1252 5.881424636295629 
1253 5.761632026334486 
1254 5.991252351905 
1255 6.016628312905486 
1256 6.047239944252914 
1257 6.0844491350546 
1258 6.047994680771686 
1259 6.022396234760457 
1260 5.991776689962143 
1261 5.996956309476914 
1262 5.934031401100714 
1263 5.9481504094385995 
1264 5.930055837096428 
1265 5.908059645356686 
1266 5.876155225399314 
1267 5.858015136194085 
1268 5.927186650702171 
1269 5.817331119741515 
1270 5.985121683243343 
1271 5.857221015542029 
1272 6.030619777872629 
1273 5.7496745400891145 
1274 6.061946405266657 
1275 5.827242545608143 
1276 5.885216583564485 
1277 5.687047762430857 
1278 5.700104812483515 
1279 5.627578526529514 
1280 5.511417260886686 
1281 5.534391574188457 
1282 5.284094419594401 
1283 5.582666641401914 
1284 5.137218354891572 
1285 5.388922533773544 
1286 5.322266077836886 
1287 5.5198426012265145 
1288 5.184722720474542 
1289 5.428806006757628 
1290 5.255539159009628 
1291 5.391293305767886 
1292 5.528307233604058 
1293 5.554129056715543 
1294 5.5178228121096 
1295 5.548848352437829 
1296 5.445185711065115 
1297 5.441876621899342 
1298 5.379540203356 
1299 5.323603595344458 
1300 5.188409898207771 
1301 5.1606512197546 
1302 4.861064890647542 
1303 4.819047317640228 
1304 4.878044707981743 
1305 4.834273398431714 
1306 4.955599121084829 
1307 4.942886707987428 
1308 12.176179723982067 
1309 5.1531209380664 
1310 12.436765775283668 
1311 5.238927080845 
1312 1.1638837668875395 
1313 5.281112509804343 
1314 1.1616658838995697 
1315 5.281904652743714 
1316 1.1411482241100301 
1317 5.187717154503715 
1318 1.1716715697200062 
1319 5.348823988427972 
1320 1.2076995866060243 
1321 5.416262690250171 
1322 1.2092188748358546 
1323 5.518802993157143 
1324 1.213632739691921 
1325 5.616226418797057 
1326 1.2235763296038606 
1327 5.616063465764628 
1328 1.1897342852603576 
1329 5.425944487376514 
1330 1.170446823246891 
1331 5.455002784121971 
1332 13.313227623314134 
1333 5.577035378248629 
1334 1.2173563655910424 
1335 5.483878685955057 
1336 1.2067657767271092 
1337 5.436872318599 
1338 1.192771771800291 
1339 5.4100572068252 
1340 1.186671657088885 
1341 5.378508515903 
1342 1.178837217119618 
1343 5.236582695789286 
1344 13.057939992009933 
1345 5.359610907955857 
1346 13.285757165862933 
1347 5.4749469191434 
1348 5.756919932229429 
1349 5.5535853941135995 
1350 5.812692121777943 
1351 5.5961922516945135 
1352 5.785032912749428 
1353 5.453213560826943 
1354 5.710032693780371 
1355 5.435463700077685 
1356 5.676872449365143 
1357 5.479887827416314 
1358 5.709360900929114 
1359 5.473691777874086 
1360 5.561918030398258 
1361 5.430292544246057 
1362 5.377300634643658 
1363 12.6157402904718 
1364 5.679472620702429 
1365 5.384809229156715 
1366 5.709241116344086 
1367 5.356717062897629 
1368 5.876460820530257 
1369 5.530653380161086 
1370 6.106160982489 
1371 5.660777077630828 
1372 6.221856795786743 
1373 5.914989596687714 
1374 5.883851848489857 
1375 5.880550557986228 
1376 5.647573830610343 
1377 5.654707751501571 
1378 5.4254117241277715 
1379 5.499313397952828 
1380 5.180871367486829 
1381 5.240555963038057 
1382 5.1785864319412855 
1383 5.261829550523743 
1384 5.282601075340828 
1385 5.295380462391599 
1386 5.396074028956228 
1387 5.445770266659429 
1388 5.432624580512915 
1389 5.399676475244085 
1390 5.549031715299942 
1391 5.554155454709286 
1392 5.503332801520571 
1393 5.505197747351743 
1394 5.549050370729371 
1395 5.5062565144008575 
1396 5.673202283798543 
1397 5.633186073326229 
1398 5.7169084345494285 
1399 5.790255400421257 
1400 5.873017186155001 
1401 5.937785248780829 
1402 5.765083613523829 
1403 5.845650833613915 
1404 5.7747734046333425 
1405 5.887840507171513 
1406 5.782691417900144 
1407 5.8296345700591425 
1408 5.842162951723942 
1409 5.843070878374114 
1410 5.732586475256601 
1411 5.711557814950715 
1412 5.745976134475486 
1413 5.631107791063486 
1414 5.782828883996686 
1415 5.624473676364914 
1416 5.6608898679535145 
1417 5.536169440399943 
1418 5.536073623558857 
1419 5.455149633858686 
1420 5.5566612254142 
1421 5.517115357322943 
1422 5.569809784120058 
1423 5.596696328049114 
1424 5.506998679131714 
1425 5.538357024598771 
1426 5.510928220775886 
1427 5.633753805368914 
1428 5.5768378521614865 
1429 5.620500792335343 
1430 5.500014310765229 
1431 5.464185325479114 
1432 5.4888835179725435 
1433 5.445172298230572 
1434 5.409421685437372 
1435 5.436753385140972 
1436 5.5004592644171435 
1437 5.459548882509457 
1438 5.478101713538229 
1439 5.461759153354743 
1440 5.664406140625543 
1441 5.676337041192029 
1442 5.763999492990229 
1443 5.777535859037857 
1444 5.7578687041821714 
1445 5.7762729571794855 
1446 5.758792493313286 
1447 5.7857429176452 
1448 5.809319297024828 
1449 5.790518694369228 
1450 5.748150285018029 
1451 5.782032616225771 
1452 5.871632210969686 
1453 5.896321054221457 
1454 6.020469211876486 
1455 5.983489126819714 
1456 5.918818615069829 
1457 13.657013665815802 
1458 5.7235670874971145 
1459 13.338893995692532 
1460 5.6583304272137145 
1461 12.740006649266265 
1462 5.3483751976088865 
1463 12.096048489799534 
1464 5.362018224463485 
1465 1.104212696488794 
1466 5.459760709468656 
1467 1.1023763485151636 
1468 5.560936864653371 
1469 1.112727756141018 
1470 5.546754141565885 
1471 1.1521096194269271 
1472 5.763183950353286 
1473 1.190880216027394 
