0 9.889450091292533 
1 30.8622625727376 
2 10.285322553864933 
3 1.0644094933140775 
4 10.5012325208818 
5 1.041289815725387 
6 1.0946868751980645 
7 1.0253359949138323 
8 1.098412018534884 
9 0.9869844711667807 
10 1.0896094906464773 
11 0.9539826538570424 
12 1.0432944989447226 
13 0.9773002743379818 
14 0.9233279835221939 
15 1.0525670723187637 
16 0.9063388282805273 
17 1.0546475422439272 
18 0.9300045623361576 
19 0.9935295550346426 
20 1.0001199847495634 
21 1.0101832075481938 
22 1.0312139830937093 
23 1.043461786529091 
24 1.094790219628691 
25 1.0532724831183575 
26 1.0706600255307757 
27 1.0532724831183575 
28 1.0053140455238727 
29 1.003297911219509 
30 1.0053140455238727 
31 1.0214607979758061 
32 1.0057082946516969 
33 0.9564318206096788 
34 1.0991755636013152 
35 1.022163229303903 
36 1.0991755636013152 
37 1.0676892152412303 
38 1.1328749241849514 
39 1.0987953752544426 
40 1.1287909871721515 
41 1.100156763105315 
42 1.067953699717988 
43 1.111047825926691 
44 1.0644752469210486 
45 1.144970643279612 
46 1.0254055027267392 
47 1.1226939771820243 
48 1.086242790180903 
49 1.0524061845715091 
50 1.0820639542424606 
51 0.9980784482285758 
52 1.0771823114202304 
53 0.9893732107703759 
54 1.0771823114202304 
55 0.9911803587796668 
56 1.0681947758928665 
57 1.0114629117008787 
58 1.0936645794095272 
59 1.0374577190143817 
60 1.0936645794095272 
61 1.1249808710767333 
62 1.1109931405629274 
63 1.1679905199446121 
64 1.1338570288903638 
65 1.1695185837278907 
66 1.1338570288903638 
67 1.1371757362423334 
68 1.076202454929497 
69 4.917723755574485 
70 1.0513427964938729 
71 4.833678439535457 
72 1.0513427964938729 
73 4.8008107152034 
74 1.075793493956079 
75 5.090021026268857 
76 1.0762334457727636 
77 5.037771099638829 
78 1.0139691397551152 
79 4.850934204375543 
80 1.051257425353206 
81 4.962710414346143 
82 1.057578930959315 
83 4.962649574670115 
84 1.1198432369769638 
85 5.2133847958025425 
86 1.0940199564823212 
87 5.2133847958025425 
88 1.056131729695891 
89 5.093691545576972 
90 1.0030138994153879 
91 4.983871296930458 
92 0.9530297425824303 
93 4.466961126595343 
94 0.9778223495075697 
95 4.595917144092286 
96 0.9511324934636243 
97 4.479588458238657 
98 0.9943020692308727 
99 4.758872914149943 
100 1.0295521445288365 
101 4.880443967154943 
102 4.739300434037 
103 4.788228621080857 
104 4.616364471540486 
105 10.617404908329666 
106 4.559606125347 
107 10.785372171498734 
108 5.050144893904057 
109 11.5673516173594 
110 5.244611506645886 
111 11.954032213795934 
112 5.301560903606886 
113 1.0838520718910667 
114 5.329786282953714 
115 1.0821816418527392 
116 5.204747524500628 
117 1.0604758460368364 
118 5.110379119106772 
119 1.0340430341292426 
120 4.657797098665 
121 1.003691125315885 
122 4.8044003948039995 
123 1.0275234232031152 
124 4.9226299506656 
125 1.0700384942707213 
126 4.934985958586114 
127 1.0623371819337333 
128 4.821788211328285 
129 1.056150749201091 
130 4.779762589658028 
131 1.088185325630491 
132 4.865873127727857 
133 1.1267875326065515 
134 4.948968497219743 
135 1.1569793832675697 
136 4.979547267842714 
137 1.1569793832675697 
138 4.993976717688 
139 1.1471967234990363 
140 4.951150032893028 
141 1.1307719556668907 
142 4.866942741784457 
143 1.093392895289909 
144 4.906546564332143 
145 1.0859288390904485 
146 4.834156265718457 
147 1.0582050232453817 
148 4.774859683878515 
149 1.0446599491220303 
150 4.818787701576772 
151 1.0643645322852666 
152 5.0363762037507716 
153 1.1124165647820243 
154 5.149762998051714 
155 1.1633406992823576 
156 5.0759027433715715 
157 1.1419025062323092 
158 4.968944467450514 
159 1.1112101921714788 
160 4.893799331302228 
161 1.1112101921714788 
162 4.774859437042543 
163 1.0824588522735696 
164 4.5290559616291715 
165 1.0427958090325213 
166 4.398668039073971 
167 0.9784592364871635 
168 4.36195985084 
169 0.9723492348801213 
170 4.539371408242486 
171 0.9801041381936546 
172 4.524402046993657 
173 0.9913884860562667 
174 4.6870128570920855 
175 1.0384398487339515 
176 4.679950409047572 
177 1.0868429957158545 
178 4.7887474705598 
179 1.1159327990815577 
180 4.760113497533171 
181 4.734169737484714 
182 4.734169737484714 
183 1.1164113581279453 
184 4.7304226417904855 
185 1.0829022223599636 
186 4.662479726201629 
187 1.090421835167303 
188 4.4592281279430575 
189 1.034465582767091 
190 4.535707357740228 
191 1.056348928621691 
192 4.696286786705114 
193 1.0727917371313878 
194 4.894830611157171 
195 1.1189269535629514 
196 5.033820484644286 
197 1.1088789265241819 
198 5.063899877447057 
199 1.1268995528777879 
200 5.129180314390886 
201 1.1268995528777879 
202 4.965947445612343 
203 1.155634992377315 
204 5.0432137480476 
205 1.1721077810140241 
206 4.919897086170914 
207 1.1699896636962668 
208 4.8847583139766 
209 1.1399732644743092 
210 4.851069599485457 
211 1.1193243232329395 
212 4.773854652616086 
213 1.103324125770685 
214 4.877440901048657 
215 1.081893678909782 
216 4.851292938099744 
217 1.0749887394289939 
218 4.936302577399972 
219 1.0973326873262423 
220 4.7330338830668 
221 1.1242073881750847 
222 4.554136201212057 
223 1.0484074828297212 
224 4.365445836522314 
225 0.9851208075038788 
226 10.409130209468133 
227 0.9456637753378667 
228 10.671997534326001 
229 0.9835961282220423 
230 10.865581376058799 
231 1.0402127905930667 
232 10.456441629195334 
233 1.0539857012403395 
234 10.4435578899026 
235 1.0550560497234667 
236 10.720658620672268 
237 1.074662403359685 
238 11.361717064653533 
239 1.044068791886897 
240 34.4869593618444 
241 1.0403992693275272 
242 33.138537499757 
243 1.0418830459957638 
244 32.8181372231596 
245 1.143117204114315 
246 32.9378314933986 
247 1.1755968220330848 
248 33.8694939721788 
249 1.1741130453648485 
250 31.9159305124566 
251 1.1437047054419334 
252 29.2919480104448 
253 1.0619019410078485 
254 27.7725224350372 
255 4.588115962337658 
256 9.687210195447067 
257 4.271237178239314 
258 10.243507572150667 
259 4.480216562884886 
260 11.667525025196 
261 4.658406551770772 
262 11.375009499996667 
263 4.868269678366743 
264 11.854903622997133 
265 4.928674587272485 
266 11.076328916374868 
267 4.996982196865715 
268 11.138157363895132 
269 4.829507954678713 
270 10.7032987504316 
271 4.774476495729401 
272 10.075629026637133 
273 4.461285112485771 
274 31.9594984560006 
275 4.448828982962114 
276 31.62205625255 
277 4.452301346808886 
278 32.8298420962814 
279 4.6208775646038 
280 30.0770278729258 
281 4.819648172210058 
282 30.1398800814318 
283 4.841381294165914 
284 9.291291548899467 
285 10.754451497607533 
286 9.743017926186667 
287 10.237812183514334 
288 9.9000425834914 
289 10.153448660453934 
290 10.423374824450333 
291 10.3212821743126 
292 10.211217493214734 
293 10.683142223424667 
294 10.421533292082467 
295 11.1289547037736 
296 1.0204422435289213 
297 1.1032898548729393 
298 1.081100469901097 
299 1.1049069925279396 
300 1.087133212332103 
301 1.122144699489018 
302 1.0507581160033272 
303 1.0900560194248423 
304 1.0316952352796909 
305 1.1035811523538606 
306 1.014065683214909 
307 1.084935334033521 
308 10.984471750238534 
309 1.084648088807303 
310 10.901710458714533 
311 1.0806846120367273 
312 11.0748919671166 
313 1.0739953577973331 
314 1.0913490570877151 
315 1.089946187322194 
316 1.1041720731736544 
317 1.0642552007237576 
318 1.1053745169005575 
319 1.0557174288281699 
320 1.0447892461293513 
321 1.0816542885621696 
322 1.0434771565994667 
323 1.1046039624056727 
324 1.0262964835923514 
325 1.0982116862443212 
326 1.0288567871549696 
327 1.0450858671787153 
328 1.0285308396366728 
329 1.054576335776188 
330 1.0036058310562002 
331 1.0416433974016606 
332 1.0285291665151757 
333 1.0252662163900244 
334 1.036364773130497 
335 1.011760488962115 
336 1.0338952612278303 
337 0.9981686951560182 
338 1.0669968929774485 
339 1.0300134196214605 
340 1.0545507201178848 
341 1.051012505528418 
342 1.0301038898608301 
343 1.029966750783303 
344 1.0301038898608301 
345 1.0391249971780727 
346 1.0400852827391636 
347 1.0129950462256545 
348 1.1001125250804424 
349 1.071116179173588 
350 1.030647273699321 
351 1.0547468725164786 
352 1.0516339082083574 
353 1.0625684076419817 
354 1.0333583903828971 
355 1.0535056104633818 
356 1.0608773310659394 
357 1.0600990526954424 
358 1.0257246297868545 
359 1.0754367817878847 
360 1.0479542207151213 
361 1.0825350112445455 
362 1.0899005314132 
363 1.1208109048866182 
364 1.1181857267686848 
365 1.0805442568441332 
366 1.1240171437600728 
367 1.1002316384010968 
368 1.1240171437600728 
369 1.1002316384010968 
370 1.0474889536594727 
371 1.1438040015611395 
372 0.9653718060182848 
373 1.0693035359223635 
374 0.9653718060182848 
375 0.9986681868502908 
376 1.0179508953703273 
377 0.9391771716149091 
378 1.0651067367659697 
379 0.9656889386320788 
380 1.0651067367659697 
381 1.0285403219468425 
382 1.082234268224709 
383 1.0574065787775635 
384 1.1253234091429516 
385 1.091402382947879 
386 1.0636764280075395 
387 1.0400580725435695 
388 1.0643512326684 
389 1.0612053981694365 
390 1.0082328807705576 
391 1.0589832145047455 
392 1.0095281751726726 
393 1.071055756854909 
394 1.0320216012362486 
395 1.0775054336986 
396 1.0821685661899576 
397 1.0916093024193092 
398 1.1425202529232545 
399 1.0687440568749575 
400 1.121549011443485 
401 1.0947855913012425 
402 1.1187451226290608 
403 1.0794081570383516 
404 1.1187451226290608 
405 1.1655852420346182 
406 1.1111384966110545 
407 1.1395143475787939 
408 1.1390307790029455 
409 1.1395143475787939 
410 1.1390307790029455 
411 1.1477716250760606 
412 1.1646796124001455 
413 1.1383213661237697 
414 1.1708728611946424 
415 1.1330709929760363 
416 1.1261661686192668 
417 1.1370686214305514 
418 1.1195959790628849 
419 1.1784249618033031 
420 1.125005397626291 
421 1.1731909527507272 
422 1.169852570953503 
423 1.1691933242962123 
424 1.1372844437158849 
425 1.1444374763906364 
426 1.1201297064116182 
427 1.1507553485292121 
428 1.1199892256597819 
429 1.1507553485292121 
430 1.1306140421825697 
431 1.119272954193715 
432 1.0882680696261273 
433 1.062219851215394 
434 1.0882680696261273 
435 1.062219851215394 
436 1.065212018484509 
437 1.0733730505884425 
438 1.0436223466845092 
439 1.0546434029507759 
440 0.9651445346633939 
441 0.9814398998994545 
442 1.0104216454566364 
443 0.9765091103171091 
444 1.0849589280159273 
445 1.0548848705427212 
446 1.1634367400370365 
447 1.1280883735940426 
448 1.1520008925566303 
449 1.1688716221946849 
450 1.1178096180389152 
451 1.1266971206675636 
452 1.063875801554103 
453 1.1266971206675636 
454 1.0496134020832666 
455 1.0860873691510848 
456 1.0540714424362667 
457 1.1051659570810122 
458 1.1080052589210787 
459 1.0641993254505575 
460 1.103392809721418 
461 1.0760751441072727 
462 1.1155893022542849 
463 1.0735996718092242 
464 1.0885633327700364 
465 1.1164104940539576 
466 1.1367173818653515 
467 1.1115053061063211 
468 1.1456807321405333 
469 1.1368316952373394 
470 1.1727067016247759 
471 1.1349875046230606 
472 1.1507306817464182 
473 1.181743120984885 
474 1.129750206719794 
475 1.181743120984885 
476 1.1190833224570667 
477 1.180483283943509 
478 1.0558111978538365 
479 1.1559599465017576 
480 1.070743865741418 
481 1.1559599465017576 
482 1.0402036132953638 
483 1.1002476121542242 
484 1.0991769756816971 
485 1.0519975903684546 
486 1.0868366068769575 
487 1.064817630240115 
488 4.644055342128429 
489 10.4993594823592 
490 4.633412987918143 
491 10.9780885306316 
492 5.141527026150828 
493 1.1083384528103333 
494 5.232323124548515 
495 1.105698276531194 
496 5.300906718159514 
497 1.1021856426126062 
498 5.484271264032686 
499 1.1554247071102546 
500 5.496563641873886 
501 1.115554337384 
502 5.361193200930714 
503 1.1442815606868364 
504 5.4200499977892855 
505 1.1505012473992666 
506 5.190050151717143 
507 1.1735503964201213 
508 5.079948763595257 
509 1.1395098435644062 
510 4.828926966297229 
511 1.083756476895303 
512 4.629676043514628 
513 1.047580667313806 
514 4.790174810812142 
515 1.0112475121367517 
516 4.6745074570068565 
517 0.9873790644085879 
518 4.725446699252714 
519 1.040376094695485 
520 4.800626148817771 
521 1.0848611204409273 
522 4.942819913733657 
523 1.0257207970256728 
524 5.056430411963086 
525 1.0446787116890728 
526 5.106994029289715 
527 1.0644642321689999 
528 5.189124612035743 
529 1.084198130465309 
530 5.231605565422086 
531 1.1433384538805635 
532 4.9541831555710285 
533 1.1476592546711393 
534 5.044226234314543 
535 1.1566634704932546 
536 5.064618036067057 
537 1.1566634704932546 
538 5.1800119237826285 
539 1.0954782222092483 
540 5.0054348204807715 
541 1.0682864384202 
542 4.868880970514 
543 1.0569612872593153 
544 4.791023720729457 
545 1.0751099195546545 
546 4.725232544507286 
547 1.0671139326892363 
548 4.641109553836143 
549 1.0650441492670666 
550 4.814327972057257 
551 1.0573775637087879 
552 4.895226310735486 
553 1.0725058039873698 
554 4.906268586826 
555 1.0241022098061938 
556 4.9411541815073425 
557 1.052807367495 
558 4.927064735248571 
559 1.0318558295174667 
560 4.983198121676144 
561 1.0936543582816969 
562 4.797421664572544 
563 1.0934665572410545 
564 4.883034809991314 
565 1.1120237079385153 
566 4.866279916396057 
567 1.1120237079385153 
568 4.8549441873094 
569 1.0822867848514182 
570 4.877705840770686 
571 1.083941770506418 
572 4.874694766299257 
573 1.083941770506418 
574 4.627773164511743 
575 1.1002870236816362 
576 4.402537685375257 
577 1.0604798126726 
578 4.362314342675314 
579 1.0179614020026302 
580 4.565268567281657 
581 0.9502287995811454 
582 4.515874097250343 
583 0.9476407622734243 
584 4.500514139255743 
585 0.9756146251665455 
586 4.787965514166428 
587 1.0105633815599817 
588 4.894319838549086 
589 1.0304011554559516 
590 4.890719983240886 
591 1.0240375687000787 
592 4.7114830730056285 
593 1.0835050495512182 
594 4.861956481530686 
595 1.1143543289099394 
596 5.023980274315686 
597 1.1352624634426667 
598 5.102501560371685 
599 1.1186376917348182 
600 5.079492251307743 
601 1.1171657416829273 
602 5.017566361017657 
603 1.1171657416829273 
604 4.968906525256914 
605 1.1247690645976485 
606 4.9071343114386865 
607 1.1091609875743453 
608 4.850462552853115 
609 1.084496482679012 
610 4.892666471415315 
611 1.083863004349715 
612 4.982689633354314 
613 1.1095033663747453 
614 4.951134232907971 
615 1.1223458934568487 
616 4.810970115384172 
617 1.1161002596897152 
618 4.8371209191691715 
619 1.054377289903394 
620 4.844238318161657 
621 1.0281996946004122 
622 4.935321340649715 
623 0.9987535126469819 
624 4.817650165357429 
625 1.00049679637 
626 4.785158956963771 
627 1.0251867559594787 
628 4.877383864726857 
629 1.049426452600879 
630 4.881758859874229 
631 1.071347250714394 
632 5.002186735635228 
633 1.1202022387244546 
634 4.780006761691342 
635 1.1245803799648424 
636 4.7917777496167995 
637 1.1019825693601515 
638 4.664680746216772 
639 1.1019825693601515 
640 4.755592069923057 
641 1.070596332392 
642 4.771498917248457 
643 1.0985140614019273 
644 4.976611988201543 
645 1.0985140614019273 
646 5.042926388772971 
647 1.1211608344356667 
648 5.1163367689897425 
649 1.117258724992606 
650 5.0983573166672285 
651 1.117258724992606 
652 5.218983520508372 
653 1.1306123074034362 
654 5.227821541911714 
655 1.1343288598645274 
656 5.1705885435346 
657 1.1343288598645274 
658 5.051158254670772 
659 1.1401649421422848 
660 5.1034148754778 
661 1.1627052621912122 
662 5.144438508178171 
663 1.1627052621912122 
664 5.296297581752086 
665 1.1503339585491879 
666 5.335213901701086 
667 1.1536385807382363 
668 5.449354219187114 
669 1.1536385807382363 
670 5.319290978798771 
671 1.1838758754906729 
672 5.296915979470429 
673 1.1669665426494666 
674 5.273927200108686 
675 1.1669665426494666 
676 5.069726210891285 
677 1.1334018436991393 
678 4.963287984798514 
679 1.0946526471898546 
680 4.822948903655371 
681 1.0946526471898546 
682 4.887941230085886 
683 1.0555777202153394 
684 4.9068584712916286 
685 1.0803911937290485 
686 4.8676156997873425 
687 1.057308913073594 
688 4.864188741938657 
689 1.0772695357992728 
690 4.714643436868714 
691 1.0478710026883697 
692 4.739682571684057 
693 1.0658903783075757 
694 4.792597438438314 
695 1.073307876829703 
696 4.924493673795142 
697 1.1076003173928484 
698 4.976064505481257 
699 1.1126632224290969 
700 4.9843138747922 
701 1.1272672579232184 
702 4.996087645989457 
703 1.129249378480103 
704 5.011626228423429 
705 1.1042793379126847 
706 5.0288178462257145 
707 1.0980936250689577 
708 5.077386800603229 
709 1.1034743764702 
710 5.028274853729057 
711 1.128444417037612 
712 4.910606804997172 
713 1.1249698418738545 
714 4.618365717240943 
715 1.0586417407686 
716 4.400430678903542 
717 4.583589619739657 
718 4.688556196398857 
719 4.433889611527343 
720 4.962203333749114 
721 4.683326689541771 
722 5.235343111202772 
723 5.090476704854057 
724 5.0084903546008 
725 5.421514412879658 
726 4.937215473739571 
727 5.302557926597486 
728 4.661587907215657 
729 4.836447126026514 
730 4.724915977470686 
731 4.627915426842314 
732 4.884578661657572 
733 4.835003941563885 
734 5.120279134485514 
735 5.070913345640172 
736 5.202809064154286 
737 5.136838341148829 
738 5.139850857601 
739 5.113992925168257 
740 5.2362714355057145 
741 5.177717137078429 
742 5.3536647327629145 
743 5.257663763380228 
744 5.333964003425001 
745 5.159859496741686 
746 5.221265503703171 
747 5.081405741448057 
748 5.049767777702 
749 5.1014563712840575 
750 4.8813438476149145 
751 5.0082887347094 
752 4.723742764366685 
753 4.828523122380514 
754 4.708493029591828 
755 4.815846451142915 
756 4.918491731553572 
757 4.918206003668229 
758 5.169692437269629 
759 5.238569485494828 
760 5.256855959132286 
761 5.122749532364943 
762 5.2642261287911145 
763 5.182434309089658 
764 5.171366095556971 
765 4.985199679175115 
766 5.164122588657944 
767 5.1566579742144 
768 5.073376248917314 
769 5.093848118649171 
770 5.116625287880629 
771 5.177190491918343 
772 4.845757101350628 
773 5.117163097738628 
774 4.7269901202271996 
775 5.002927900848886 
776 4.4873773555804 
777 4.772960915977771 
778 4.655430648867371 
779 4.4979729162596005 
780 4.751388630986343 
781 4.6182542768703145 
782 4.9209115009516 
783 4.746067109021285 
784 4.824308507904314 
785 4.932102339329657 
786 4.669680830816458 
787 4.730605181816258 
788 4.516824390252857 
789 4.588616642505914 
790 4.699388149713543 
791 4.527235876574086 
792 4.966591960562428 
793 4.752993573946715 
794 5.264264324708029 
795 5.066919732309914 
796 5.137117869616543 
797 5.1798779829942 
798 5.1323596129169715 
799 5.242643833583143 
800 4.751917282844315 
801 4.833787164670029 
802 4.819544962876171 
803 4.808817596574 
804 4.788822406327543 
805 4.763167477578714 
806 5.0231875864782 
807 5.103078572085885 
808 5.005555971010885 
809 5.046848597124314 
810 4.980203760147285 
811 5.0545451232166 
812 4.9979288821660575 
813 5.006377697915657 
814 5.122553260147915 
815 5.009719483000771 
816 5.117774838979914 
817 4.969585563098742 
818 5.1594120863610575 
819 5.016708607150915 
820 5.050100041861886 
821 5.1649828175800865 
822 5.056068294207429 
823 5.1514842894536566 
824 5.074619991427514 
825 5.156203782322314 
826 5.120342476483343 
827 5.0507204204055425 
828 4.970495621222658 
829 4.909554794981914 
830 5.006194270030771 
831 4.925541205448285 
832 5.0969298866993995 
833 4.926949183792257 
834 5.333499406482457 
835 5.206248959647458 
836 5.373798769826 
837 5.236065954537943 
838 5.113743486831629 
839 5.365314410469286 
840 5.080059295904 
841 5.283538196339943 
842 4.8982230879077715 
843 5.182230884707657 
844 5.066865335897143 
845 4.926895429603772 
846 4.874335864322485 
847 4.824642554593515 
848 4.963998911991401 
849 4.884884206466771 
850 5.0526066064446 
851 5.033651350675143 
852 5.1211072815323435 
853 5.1229528880746 
854 5.253711841492543 
855 5.158530889119429 
856 5.172144965960771 
857 5.275015627008971 
858 5.2267318083436 
859 5.280213756143371 
860 5.148942257068457 
861 5.185043402117914 
862 5.156708223561486 
863 5.105959536275143 
864 5.115848126851171 
865 4.964227354334571 
866 4.878647764237857 
867 4.827794185749228 
868 4.832121544306972 
869 4.717569422277486 
870 4.823048934290143 
871 4.794639886810457 
872 4.985398824483057 
873 4.906994330021715 
874 4.908100820242772 
875 4.921098571267714 
876 4.749999534311343 
877 4.8006557729493995 
878 4.6623852798284 
879 4.742970690800743 
880 4.526626401443286 
881 4.6767470612938 
882 4.593155095987228 
883 4.6774921964907135 
884 4.3881718723070575 
885 4.457200225386857 
886 4.710558232470914 
887 4.4107875571177715 
888 4.9371181036460285 
889 4.596124223336085 
890 5.225139895130257 
891 4.938537070382772 
892 5.153824575504058 
893 5.1705133251828 
894 5.168382231172086 
895 5.1749902971376 
896 5.138113458389972 
897 5.068866672688 
898 5.102928834066256 
899 4.989417829660086 
900 4.934823571909428 
901 4.923475214737257 
902 4.906007411760972 
903 4.929877552888914 
904 4.971786426255115 
905 4.9538736795246 
906 5.115884692429428 
907 5.0229397184154285 
908 5.053570375822143 
909 4.992467331508371 
910 4.968338768712999 
911 4.978194138372258 
912 4.856691800495886 
913 4.909710010330485 
914 4.9940522887345145 
915 4.942064787629714 
916 4.967549414899486 
917 4.9913372461116285 
918 5.046140430474286 
919 5.075803345464543 
920 4.944778412835257 
921 5.031918831215857 
922 4.985290182337885 
923 4.9366926611692294 
924 4.847821836315285 
925 4.770911648607286 
926 4.9290982318616 
927 4.793248840910229 
928 4.907357427209886 
929 4.797516750929686 
930 5.059620673160771 
931 4.916513853801486 
932 5.081071356402544 
933 4.995572950656171 
934 4.915957495353486 
935 5.088214942992001 
936 4.758771666063315 
937 4.967700412186057 
938 4.6071754506174285 
939 4.898683919094829 
940 4.763795940052228 
941 4.661523548110372 
942 4.942504307288914 
943 4.856515364724115 
944 5.229813535475515 
945 5.016701279236657 
946 5.354234740062657 
947 5.208912603257114 
948 5.2169305309128 
949 5.096580099497658 
950 5.0310496502748006 
951 4.933460653463285 
952 5.0575600475078 
953 5.022724168209486 
954 5.156635494367771 
955 5.084148968539972 
956 5.184602541544742 
957 5.070684938095772 
958 5.041159183194028 
959 5.082509034393257 
960 4.878602644810457 
961 4.974334912623485 
962 4.7383128558459715 
963 4.8858020376735425 
964 4.677039813753886 
965 4.7712388791838 
966 4.744916200996943 
967 4.8334057065946 
968 4.807334297486657 
969 4.863996722058199 
970 5.004403359238171 
971 5.1334908469441425 
972 5.175317708160657 
973 5.2197306981636 
974 5.112951666490143 
975 5.113388953149342 
976 5.2121823168779144 
977 5.141563801854256 
978 5.093846685442829 
979 5.0075554835616005 
980 5.177924058250772 
981 5.193262208331029 
982 4.801323197670172 
983 4.870544256907457 
984 4.7466450162382 
985 4.837800032449828 
986 4.583352791421801 
987 4.716222831057686 
988 4.855396522233771 
989 4.9115526703837995 
990 4.893225333975001 
991 4.9323875654438 
992 5.1105314632732854 
993 5.029788659134915 
994 4.959449066705743 
995 4.896069715593029 
996 4.829038691951686 
997 4.813778849943943 
998 4.828390702179743 
999 4.826709443399229 
1000 4.798100410367428 
1001 4.812371201809057 
1002 4.936638401058171 
1003 4.888311771990715 
1004 4.842198140457342 
1005 4.7671325223962 
1006 4.994837010884915 
1007 4.891108915916371 
1008 5.062484328490115 
1009 4.946234030751914 
1010 5.1635316747050855 
1011 5.003514727729715 
1012 5.166139150856686 
1013 5.111571079425886 
1014 5.173612423638429 
1015 5.269834261799657 
1016 4.864459167025258 
1017 5.0286211973922 
1018 4.651107285442914 
1019 4.7969446336020285 
1020 4.358404559096686 
1021 4.447232879995143 
1022 4.4239811873696855 
1023 4.415648586993143 
1024 4.524474932476686 
1025 4.441901799794286 
1026 4.570079117449885 
1027 4.4814795040612285 
1028 4.7932178967624 
1029 4.822489469784657 
1030 4.823651448552943 
1031 4.879355156411971 
1032 5.074016543683143 
1033 5.087755319386228 
1034 5.046565345334857 
1035 5.0390335808510285 
1036 4.955934552550143 
1037 4.9288580854193995 
1038 4.693314223710657 
1039 4.675116801360943 
1040 4.6569555663774285 
1041 4.553726357923657 
1042 4.851427423819343 
1043 4.733647064265543 
1044 5.061770859759743 
1045 4.952484650276029 
1046 4.862575618410057 
1047 4.864494992872343 
1048 4.800888646373857 
1049 4.759945900131514 
1050 4.843544925499543 
1051 4.771823968147486 
1052 4.8399233921384575 
1053 4.746066413648172 
1054 4.821084161831543 
1055 4.7793357224674 
1056 4.929319439450028 
1057 4.928778908831629 
1058 5.019546159670286 
1059 4.977193954805428 
1060 5.073280470876085 
1061 5.050480092517428 
1062 4.897345563624514 
1063 4.809179132103657 
1064 4.9588709425758 
1065 4.8955168390918855 
1066 5.044477318579314 
1067 4.969209370551143 
1068 5.179375647342114 
1069 5.2078066662747995 
1070 5.115230715885457 
1071 5.169922886649571 
1072 4.802199963858257 
1073 4.8675167655057425 
1074 4.676219746783743 
1075 4.714730390944743 
1076 4.735721579990572 
1077 4.758057923734914 
1078 4.791910401734801 
1079 4.851683950318743 
1080 4.905307593329171 
1081 4.904006842903972 
1082 4.849462349558428 
1083 4.8445378795836 
1084 4.833833307866885 
1085 4.737020092269858 
1086 4.6513118817827435 
1087 4.461940723462058 
1088 4.7873568749754005 
1089 4.643670869049143 
1090 4.972881336458886 
1091 4.841064669149886 
1092 5.1429899581999425 
1093 5.1612693499348 
1094 5.0454896129332285 
1095 5.170780511675515 
1096 4.867340811652714 
1097 5.077058067151372 
1098 4.611872870177457 
1099 4.914353136028886 
1100 4.726341092959315 
1101 4.938369068006857 
1102 4.752714210893686 
1103 4.942864428784228 
1104 4.9015271518682 
1105 4.968340338560657 
1106 4.800843166287057 
1107 4.759132185049714 
1108 4.927159230380314 
1109 4.805923222478685 
1110 5.044093808429971 
1111 4.894226692330685 
1112 4.9991186512428 
1113 4.899122586491229 
1114 4.853132993607772 
1115 4.800110943599829 
1116 4.748728485388 
1117 4.722739034670143 
1118 4.819618182162771 
1119 4.781647113609372 
1120 4.9329936908632 
1121 4.918603043952486 
1122 5.0658186714750855 
1123 5.035340224150771 
1124 5.030139138075972 
1125 5.051696105482685 
1126 4.982169279698256 
1127 4.989569572482201 
1128 4.882330627417028 
1129 4.888436467410714 
1130 4.9928786800433995 
1131 4.961321319436258 
1132 5.061346591131171 
1133 5.017546801583 
1134 5.077386651350486 
1135 5.0379248580306 
1136 4.980063091867143 
1137 4.940945311371029 
1138 4.947014609107714 
1139 4.9314935987254005 
1140 4.960128955466657 
1141 4.965342349367343 
1142 5.065144006191543 
1143 5.050338142063971 
1144 5.202502444654429 
1145 5.2328015660974 
1146 5.316856511449486 
1147 5.3388358530257145 
1148 5.248322624761428 
1149 5.288062929877172 
1150 5.106960136567571 
1151 5.103455364879629 
1152 4.865510816215743 
1153 4.865387800707743 
1154 4.893367299065857 
1155 4.879561271919942 
1156 4.8312753007018285 
1157 4.872096546505429 
1158 4.703374249236943 
1159 4.722947893153544 
1160 4.600467984364371 
1161 4.630804933834514 
1162 4.532755330445257 
1163 4.490279836195829 
1164 4.748980417774715 
1165 4.676855580145343 
1166 4.814299681259342 
1167 4.8123509682338 
1168 4.959818940120171 
1169 4.956225796903801 
1170 4.876365297150257 
1171 4.8818284216486 
1172 5.030861990700714 
1173 4.940326429422714 
1174 5.201180369398 
1175 5.132187535083114 
1176 5.294051352312885 
1177 5.176736432445743 
1178 5.2440851319768 
1179 5.109387034737543 
1180 5.234014640533714 
1181 5.095356101923114 
1182 5.316947799560686 
1183 5.1987599409695715 
1184 4.920652474969086 
1185 4.846179300219371 
1186 4.576809915005371 
1187 4.619649565910743 
1188 4.259333644154543 
1189 4.351296172150858 
1190 4.6194692452436 
1191 4.676805948939429 
1192 4.8069578001693145 
1193 4.8231321743605715 
1194 5.143442347835486 
1195 5.158297651171857 
1196 5.239452115194572 
1197 5.2967089818972 
1198 5.232560882321657 
1199 5.192132209097886 
1200 5.088416379816857 
1201 5.0139371365125145 
1202 4.6437334415241995 
1203 4.569156220277629 
1204 4.507936718498572 
1205 4.454040280404171 
1206 4.3667157780551715 
1207 4.3607141176404 
1208 4.562675304910657 
1209 4.592919886945114 
1210 4.7214049038546 
1211 4.848745304291057 
1212 4.910961199039086 
1213 5.085338482522886 
1214 5.021825570477829 
1215 5.1689115158684 
1216 5.1175274427934285 
1217 5.146221729484514 
1218 5.1382816646335145 
1219 5.122255063053543 
1220 5.274596995037543 
1221 5.188218333541971 
1222 5.025311293726743 
1223 5.0300247107662 
1224 4.988418918303571 
1225 4.916492611129542 
1226 4.7316961269796 
1227 4.7859243242515435 
1228 4.9262167773576575 
1229 5.012279655844085 
1230 4.990965837314914 
1231 5.197624047539857 
1232 5.200715837623228 
1233 5.358099373833857 
1234 5.243154815468657 
1235 5.3100988271882 
1236 5.278874981128543 
1237 5.260170803309999 
1238 5.084101518327029 
1239 5.045881454899372 
1240 5.015073985970914 
1241 5.015918557159085 
1242 4.978256819833228 
1243 5.013578443292886 
1244 5.0309779751157135 
1245 5.046525360578657 
1246 4.9436622632628 
1247 4.918126964257458 
1248 4.7410467695938285 
1249 4.734157725251657 
1250 4.787351146194228 
1251 4.853073846907914 
1252 4.994176731172314 
1253 4.925761881495057 
1254 5.1326660428092 
1255 5.0782589825904285 
1256 5.077769592744743 
1257 5.002796135600143 
1258 5.110043034851828 
1259 5.066346437271286 
1260 5.0566134002378 
1261 5.100362778908057 
1262 5.245120599335172 
1263 5.1864646203472 
1264 5.341577668482628 
1265 5.265475777911343 
1266 5.344094575165486 
1267 5.154651949338429 
1268 5.257007881016743 
1269 5.1043812362178 
1270 5.293745066065257 
1271 5.153701502297458 
1272 5.195059072255285 
1273 5.145826226684286 
1274 4.921587726789857 
1275 4.904815969168171 
1276 4.862839584558057 
1277 4.860325653612086 
1278 4.686342169650572 
1279 4.651336473317057 
1280 4.736516187336714 
1281 4.729176782472029 
1282 4.607085923585058 
1283 4.596172559584971 
1284 4.556378171476571 
1285 4.585655068738 
1286 4.855104882522972 
1287 4.8174005148644 
1288 4.9208083392172 
1289 4.883956067883372 
1290 4.9616701217162005 
1291 4.860211647599 
1292 4.812796358665143 
1293 4.815010792497886 
1294 4.7135319852282 
1295 4.780084243711057 
1296 4.830989016982543 
1297 4.866509026378572 
1298 4.891391178212543 
1299 4.8384161389885145 
1300 4.998139007258115 
1301 4.901953870900314 
1302 5.102361028867457 
1303 5.101143292529314 
1304 4.905742631134315 
1305 4.889628892319714 
1306 4.828199887072029 
1307 4.777815133373714 
1308 4.613778872938544 
1309 4.538765546538057 
1310 4.861479932169885 
1311 4.836616568402657 
1312 4.953555479993028 
1313 4.930825974962143 
1314 5.097528740373714 
1315 5.051194500300114 
1316 4.791970336344799 
1317 4.7520475600621435 
1318 4.642567426531971 
1319 4.609781467426029 
1320 4.468549167570772 
1321 4.472702679242628 
1322 4.690148969698543 
1323 4.709565590598428 
1324 4.970214036797685 
1325 5.028713166912743 
1326 5.136641851051086 
1327 5.183354039695828 
