0 0.5 
1 0.5 
2 0.5 
3 0.5 
4 1.5 
5 0.5 
6 1.5 
7 0.5 
8 1.5 
9 0.5 
10 1.5 
11 0.5 
12 1.5 
13 1.5 
14 1.5 
15 1.5 
16 1.5 
17 1.5 
18 1.5 
19 16.5 
20 1.5 
21 16.5 
22 1.5 
23 16.5 
24 1.5 
25 1.5 
26 1.5 
27 16.5 
28 1.5 
29 16.5 
30 1.5 
31 16.5 
32 1.5 
33 16.5 
34 1.5 
35 16.5 
36 1.5 
37 16.5 
38 1.5 
39 16.5 
40 1.5 
41 16.5 
42 1.5 
43 16.5 
44 1.5 
45 16.5 
46 1.5 
47 16.5 
48 1.5 
49 16.5 
50 1.5 
51 16.5 
52 1.5 
53 16.5 
54 1.5 
55 16.5 
56 1.5 
57 16.5 
58 1.5 
59 16.5 
60 1.5 
61 16.5 
62 1.5 
63 16.5 
64 1.5 
65 16.5 
66 1.5 
67 16.5 
68 1.5 
69 16.5 
70 1.5 
71 16.5 
72 1.5 
73 16.5 
74 1.5 
75 16.5 
76 1.5 
77 16.5 
78 1.5 
79 16.5 
80 1.5 
81 16.5 
82 1.5 
83 16.5 
84 1.5 
85 16.5 
86 1.5 
87 16.5 
88 1.5 
89 16.5 
90 1.5 
91 16.5 
92 1.5 
93 16.5 
94 1.5 
95 1.5 
96 1.5 
97 1.5 
98 1.5 
99 1.5 
100 1.5 
101 1.5 
102 1.5 
103 1.5 
104 1.5 
105 1.5 
106 1.5 
107 1.5 
108 1.5 
109 1.5 
110 1.5 
111 1.5 
112 1.5 
113 1.5 
114 1.5 
115 1.5 
116 1.5 
117 1.5 
118 1.5 
119 1.5 
120 1.5 
121 1.5 
122 1.5 
123 1.5 
124 1.5 
125 1.5 
126 1.5 
127 1.5 
128 1.5 
129 1.5 
130 1.5 
131 1.5 
132 1.5 
133 1.5 
134 1.5 
135 1.5 
136 1.5 
137 16.5 
138 1.5 
139 16.5 
140 16.5 
141 16.5 
142 16.5 
143 16.5 
144 16.5 
145 16.5 
146 16.5 
147 16.5 
148 1.5 
149 16.5 
150 1.5 
151 16.5 
152 1.5 
153 16.5 
154 1.5 
155 16.5 
156 1.5 
157 16.5 
158 1.5 
159 16.5 
160 1.5 
161 1.5 
162 16.5 
163 1.5 
164 16.5 
165 1.5 
166 16.5 
167 16.5 
168 16.5 
169 16.5 
170 1.5 
171 16.5 
172 16.5 
173 16.5 
174 16.5 
175 16.5 
176 16.5 
177 16.5 
178 16.5 
179 16.5 
180 16.5 
181 16.5 
182 16.5 
183 16.5 
184 16.5 
185 16.5 
186 16.5 
187 16.5 
188 16.5 
189 16.5 
190 16.5 
191 16.5 
192 16.5 
193 16.5 
194 16.5 
195 16.5 
196 1.5 
197 16.5 
198 1.5 
199 16.5 
200 1.5 
201 16.5 
202 1.5 
203 16.5 
204 1.5 
205 16.5 
206 1.5 
207 1.5 
208 1.5 
209 1.5 
210 1.5 
211 1.5 
212 16.5 
213 1.5 
214 16.5 
215 1.5 
216 16.5 
217 1.5 
218 16.5 
219 1.5 
220 16.5 
221 1.5 
222 16.5 
223 1.5 
224 16.5 
225 1.5 
226 16.5 
227 1.5 
228 16.5 
229 1.5 
230 16.5 
231 1.5 
232 16.5 
233 1.5 
234 16.5 
235 1.5 
236 16.5 
237 16.5 
238 16.5 
239 16.5 
240 16.5 
241 16.5 
242 16.5 
243 16.5 
244 16.5 
245 16.5 
246 16.5 
247 16.5 
248 16.5 
249 16.5 
250 16.5 
251 16.5 
252 16.5 
253 16.5 
254 16.5 
255 16.5 
256 16.5 
257 16.5 
258 16.5 
259 16.5 
260 16.5 
261 16.5 
262 16.5 
263 16.5 
264 16.5 
265 16.5 
266 16.5 
267 16.5 
268 16.5 
269 16.5 
270 16.5 
271 16.5 
272 16.5 
273 16.5 
274 16.5 
275 16.5 
276 16.5 
277 16.5 
278 16.5 
279 16.5 
280 16.5 
281 16.5 
282 16.5 
283 16.5 
284 16.5 
285 16.5 
286 16.5 
287 16.5 
288 16.5 
289 16.5 
290 16.5 
291 16.5 
292 16.5 
293 16.5 
294 16.5 
295 16.5 
296 16.5 
297 16.5 
298 16.5 
299 16.5 
300 16.5 
301 16.5 
302 16.5 
303 16.5 
304 16.5 
305 16.5 
306 16.5 
307 16.5 
308 16.5 
309 16.5 
310 16.5 
311 16.5 
312 16.5 
313 16.5 
314 16.5 
315 16.5 
316 16.5 
317 16.5 
318 16.5 
319 16.5 
320 16.5 
321 16.5 
322 16.5 
323 16.5 
324 16.5 
325 16.5 
326 16.5 
327 16.5 
328 16.5 
329 16.5 
330 16.5 
331 16.5 
332 16.5 
333 16.5 
334 16.5 
335 16.5 
336 16.5 
337 16.5 
338 16.5 
339 16.5 
340 16.5 
341 16.5 
342 16.5 
343 16.5 
344 16.5 
345 16.5 
346 16.5 
347 16.5 
348 16.5 
349 16.5 
350 16.5 
351 16.5 
352 16.5 
353 16.5 
354 16.5 
355 16.5 
356 16.5 
357 16.5 
358 16.5 
359 16.5 
360 16.5 
361 16.5 
362 16.5 
363 16.5 
364 16.5 
365 16.5 
366 16.5 
367 16.5 
368 16.5 
369 16.5 
370 16.5 
371 16.5 
372 16.5 
373 1.5 
374 16.5 
375 16.5 
376 16.5 
377 16.5 
378 16.5 
379 16.5 
380 16.5 
381 16.5 
382 16.5 
383 16.5 
384 16.5 
385 16.5 
386 16.5 
387 16.5 
388 16.5 
389 16.5 
390 16.5 
391 16.5 
392 16.5 
393 16.5 
394 16.5 
395 16.5 
396 16.5 
397 16.5 
398 16.5 
399 16.5 
400 16.5 
401 16.5 
402 1.5 
403 16.5 
404 1.5 
405 16.5 
406 1.5 
407 16.5 
408 1.5 
409 16.5 
410 1.5 
411 16.5 
412 16.5 
413 16.5 
414 16.5 
415 16.5 
416 16.5 
417 16.5 
418 16.5 
419 16.5 
420 16.5 
421 16.5 
422 16.5 
423 16.5 
424 16.5 
425 16.5 
426 16.5 
427 16.5 
428 16.5 
429 16.5 
430 16.5 
431 16.5 
432 16.5 
433 16.5 
434 16.5 
435 16.5 
436 16.5 
437 16.5 
438 16.5 
439 16.5 
440 16.5 
441 16.5 
442 16.5 
443 16.5 
444 16.5 
445 16.5 
446 16.5 
447 16.5 
448 16.5 
449 16.5 
450 16.5 
451 16.5 
452 16.5 
453 16.5 
454 16.5 
455 16.5 
456 16.5 
457 16.5 
458 16.5 
459 16.5 
460 16.5 
461 16.5 
462 16.5 
463 16.5 
464 16.5 
465 16.5 
466 16.5 
467 16.5 
468 16.5 
469 16.5 
470 16.5 
471 16.5 
472 16.5 
473 16.5 
474 16.5 
475 16.5 
476 16.5 
477 16.5 
478 16.5 
479 16.5 
480 16.5 
481 16.5 
482 1.5 
483 16.5 
484 1.5 
485 16.5 
486 1.5 
487 16.5 
488 1.5 
489 16.5 
490 16.5 
491 16.5 
492 16.5 
493 16.5 
494 16.5 
495 16.5 
496 16.5 
497 16.5 
498 1.5 
499 16.5 
500 1.5 
501 16.5 
502 1.5 
503 16.5 
504 1.5 
505 16.5 
506 16.5 
507 16.5 
508 16.5 
509 16.5 
510 16.5 
511 16.5 
512 16.5 
513 16.5 
514 16.5 
515 16.5 
516 16.5 
517 16.5 
518 16.5 
519 16.5 
520 16.5 
521 16.5 
522 16.5 
523 16.5 
524 16.5 
525 16.5 
526 16.5 
527 16.5 
528 16.5 
529 16.5 
530 16.5 
531 16.5 
532 16.5 
533 16.5 
534 16.5 
535 16.5 
536 16.5 
537 16.5 
538 16.5 
539 16.5 
540 16.5 
541 16.5 
542 16.5 
543 16.5 
544 16.5 
545 16.5 
546 16.5 
547 16.5 
548 16.5 
549 16.5 
550 16.5 
551 16.5 
552 16.5 
553 16.5 
554 16.5 
555 16.5 
556 16.5 
557 16.5 
558 16.5 
559 16.5 
560 16.5 
561 1.5 
562 16.5 
563 16.5 
564 16.5 
565 16.5 
566 16.5 
567 16.5 
568 16.5 
569 16.5 
570 16.5 
571 16.5 
572 16.5 
573 16.5 
574 1.5 
575 16.5 
576 16.5 
577 16.5 
578 16.5 
579 16.5 
580 16.5 
581 16.5 
582 16.5 
583 16.5 
584 16.5 
585 16.5 
586 16.5 
587 16.5 
588 16.5 
589 16.5 
590 16.5 
591 16.5 
592 16.5 
593 16.5 
594 16.5 
595 16.5 
596 16.5 
597 16.5 
598 16.5 
599 16.5 
600 16.5 
601 16.5 
602 16.5 
603 16.5 
604 16.5 
605 16.5 
606 16.5 
607 16.5 
608 16.5 
609 16.5 
610 16.5 
611 16.5 
612 16.5 
613 16.5 
614 16.5 
615 16.5 
616 16.5 
617 16.5 
618 16.5 
619 16.5 
620 16.5 
621 16.5 
622 16.5 
623 16.5 
624 16.5 
625 16.5 
626 16.5 
627 16.5 
628 16.5 
629 16.5 
630 16.5 
631 16.5 
632 16.5 
633 16.5 
634 16.5 
635 16.5 
636 1.5 
637 16.5 
638 1.5 
639 16.5 
640 1.5 
641 16.5 
642 1.5 
643 16.5 
644 16.5 
645 16.5 
646 16.5 
647 16.5 
648 16.5 
649 16.5 
650 16.5 
651 16.5 
652 16.5 
653 16.5 
654 16.5 
655 16.5 
656 16.5 
657 16.5 
658 16.5 
659 16.5 
660 16.5 
661 16.5 
662 16.5 
663 16.5 
664 16.5 
665 16.5 
666 16.5 
667 16.5 
668 16.5 
669 16.5 
670 16.5 
671 16.5 
672 16.5 
673 16.5 
674 16.5 
675 16.5 
676 16.5 
677 16.5 
678 16.5 
679 1.5 
680 16.5 
681 1.5 
682 16.5 
683 1.5 
684 16.5 
685 1.5 
686 16.5 
687 1.5 
688 16.5 
689 1.5 
690 16.5 
691 1.5 
692 1.5 
693 1.5 
694 1.5 
695 16.5 
696 1.5 
697 16.5 
698 1.5 
699 16.5 
700 1.5 
701 16.5 
702 1.5 
703 16.5 
704 16.5 
705 16.5 
706 16.5 
707 16.5 
708 16.5 
709 16.5 
710 16.5 
711 16.5 
712 1.5 
713 16.5 
714 1.5 
715 16.5 
716 16.5 
717 16.5 
718 16.5 
719 16.5 
720 16.5 
721 16.5 
722 16.5 
723 16.5 
724 16.5 
725 16.5 
726 16.5 
727 16.5 
728 16.5 
729 16.5 
730 16.5 
731 16.5 
732 16.5 
733 16.5 
734 16.5 
735 16.5 
736 16.5 
737 16.5 
738 16.5 
739 16.5 
740 16.5 
741 16.5 
742 16.5 
743 16.5 
744 16.5 
745 16.5 
746 16.5 
747 16.5 
748 16.5 
749 16.5 
750 16.5 
751 16.5 
752 16.5 
753 16.5 
754 16.5 
755 16.5 
756 16.5 
757 16.5 
758 16.5 
759 1.5 
760 16.5 
761 1.5 
762 16.5 
763 1.5 
764 16.5 
765 1.5 
766 16.5 
767 16.5 
768 16.5 
769 16.5 
770 16.5 
771 16.5 
772 16.5 
773 16.5 
774 16.5 
775 16.5 
776 16.5 
777 16.5 
778 16.5 
779 16.5 
780 16.5 
781 16.5 
782 16.5 
783 16.5 
784 16.5 
785 16.5 
786 16.5 
787 16.5 
788 16.5 
789 16.5 
790 16.5 
791 16.5 
792 16.5 
793 16.5 
794 16.5 
795 16.5 
796 16.5 
797 16.5 
798 16.5 
799 16.5 
800 16.5 
801 16.5 
802 16.5 
803 16.5 
804 16.5 
805 16.5 
806 16.5 
807 16.5 
808 16.5 
809 16.5 
810 16.5 
811 16.5 
812 16.5 
813 16.5 
814 16.5 
815 16.5 
816 16.5 
817 16.5 
818 16.5 
819 16.5 
820 16.5 
821 16.5 
822 16.5 
823 16.5 
824 16.5 
825 16.5 
826 16.5 
827 16.5 
828 16.5 
829 16.5 
830 16.5 
831 16.5 
832 16.5 
833 16.5 
834 16.5 
835 16.5 
836 16.5 
837 16.5 
838 16.5 
839 16.5 
840 16.5 
841 16.5 
842 16.5 
843 16.5 
844 16.5 
845 16.5 
846 16.5 
847 16.5 
848 16.5 
849 16.5 
850 16.5 
851 16.5 
852 16.5 
853 16.5 
854 16.5 
855 16.5 
856 16.5 
857 16.5 
858 16.5 
859 16.5 
860 1.5 
861 16.5 
862 1.5 
863 16.5 
864 1.5 
865 16.5 
866 1.5 
867 16.5 
868 1.5 
869 16.5 
870 1.5 
871 16.5 
872 1.5 
873 16.5 
874 1.5 
875 16.5 
876 1.5 
877 16.5 
878 1.5 
879 16.5 
880 1.5 
881 16.5 
882 1.5 
883 16.5 
884 16.5 
885 16.5 
886 16.5 
887 16.5 
888 16.5 
889 16.5 
890 16.5 
891 16.5 
892 16.5 
893 16.5 
894 16.5 
895 16.5 
896 16.5 
897 16.5 
898 16.5 
899 16.5 
900 16.5 
901 16.5 
902 16.5 
903 16.5 
904 16.5 
905 16.5 
906 16.5 
907 16.5 
908 16.5 
909 16.5 
910 16.5 
911 16.5 
912 16.5 
913 16.5 
914 16.5 
915 16.5 
916 16.5 
917 16.5 
918 16.5 
919 16.5 
920 16.5 
921 16.5 
922 16.5 
923 16.5 
924 16.5 
925 16.5 
926 16.5 
927 16.5 
928 16.5 
929 16.5 
930 16.5 
931 16.5 
932 16.5 
933 16.5 
934 16.5 
935 16.5 
936 16.5 
937 16.5 
938 16.5 
939 16.5 
940 16.5 
941 16.5 
942 16.5 
943 16.5 
944 16.5 
945 16.5 
946 16.5 
947 16.5 
948 16.5 
949 16.5 
950 16.5 
951 16.5 
952 16.5 
953 16.5 
954 16.5 
955 16.5 
956 16.5 
957 16.5 
958 16.5 
959 16.5 
960 16.5 
961 16.5 
962 16.5 
963 16.5 
964 1.5 
965 16.5 
966 1.5 
967 16.5 
968 1.5 
969 16.5 
970 1.5 
971 16.5 
972 16.5 
973 16.5 
974 16.5 
975 16.5 
976 16.5 
977 16.5 
978 16.5 
979 16.5 
980 16.5 
981 16.5 
982 16.5 
983 16.5 
984 16.5 
985 16.5 
986 16.5 
987 16.5 
988 16.5 
989 16.5 
990 16.5 
991 16.5 
992 16.5 
993 16.5 
994 16.5 
995 16.5 
996 16.5 
997 16.5 
998 16.5 
999 16.5 
1000 16.5 
1001 16.5 
1002 16.5 
1003 16.5 
1004 16.5 
1005 16.5 
1006 16.5 
1007 16.5 
1008 16.5 
1009 16.5 
1010 16.5 
1011 16.5 
1012 16.5 
1013 16.5 
1014 16.5 
1015 1.5 
1016 16.5 
1017 1.5 
1018 16.5 
1019 1.5 
1020 16.5 
1021 1.5 
1022 16.5 
1023 1.5 
1024 16.5 
1025 1.5 
1026 16.5 
1027 1.5 
1028 1.5 
1029 16.5 
1030 16.5 
1031 16.5 
1032 16.5 
1033 16.5 
1034 16.5 
1035 16.5 
1036 16.5 
1037 16.5 
1038 16.5 
1039 16.5 
1040 16.5 
1041 16.5 
1042 16.5 
1043 16.5 
1044 16.5 
1045 1.5 
1046 16.5 
1047 16.5 
1048 16.5 
1049 16.5 
1050 16.5 
1051 16.5 
1052 16.5 
1053 16.5 
1054 16.5 
1055 16.5 
1056 16.5 
1057 16.5 
1058 16.5 
1059 16.5 
1060 16.5 
1061 16.5 
1062 16.5 
1063 16.5 
1064 16.5 
1065 16.5 
1066 16.5 
1067 16.5 
1068 16.5 
1069 16.5 
1070 16.5 
1071 16.5 
1072 16.5 
1073 16.5 
1074 16.5 
1075 16.5 
1076 16.5 
1077 16.5 
1078 16.5 
1079 16.5 
1080 16.5 
1081 16.5 
1082 16.5 
1083 16.5 
1084 16.5 
1085 16.5 
1086 16.5 
1087 16.5 
1088 16.5 
1089 16.5 
1090 16.5 
1091 16.5 
1092 16.5 
1093 16.5 
1094 16.5 
1095 16.5 
1096 16.5 
1097 16.5 
1098 16.5 
1099 16.5 
1100 16.5 
1101 16.5 
1102 16.5 
1103 1.5 
1104 16.5 
1105 1.5 
1106 16.5 
1107 1.5 
1108 16.5 
1109 1.5 
1110 16.5 
1111 1.5 
1112 16.5 
1113 1.5 
1114 16.5 
1115 1.5 
1116 16.5 
1117 1.5 
1118 1.5 
1119 1.5 
1120 1.5 
1121 1.5 
1122 1.5 
1123 1.5 
1124 1.5 
1125 1.5 
1126 16.5 
1127 1.5 
1128 16.5 
1129 1.5 
1130 16.5 
1131 1.5 
1132 16.5 
1133 1.5 
1134 16.5 
1135 1.5 
1136 16.5 
1137 1.5 
1138 16.5 
1139 1.5 
1140 16.5 
1141 1.5 
1142 16.5 
1143 1.5 
1144 16.5 
1145 1.5 
1146 16.5 
1147 1.5 
1148 16.5 
1149 1.5 
1150 16.5 
1151 1.5 
1152 16.5 
1153 1.5 
1154 16.5 
1155 1.5 
1156 16.5 
1157 1.5 
1158 16.5 
1159 1.5 
1160 16.5 
1161 16.5 
1162 16.5 
1163 16.5 
1164 16.5 
1165 16.5 
1166 16.5 
1167 16.5 
1168 16.5 
1169 16.5 
1170 16.5 
1171 16.5 
1172 16.5 
1173 16.5 
1174 16.5 
1175 16.5 
1176 16.5 
1177 16.5 
1178 16.5 
1179 16.5 
1180 16.5 
1181 16.5 
1182 16.5 
1183 16.5 
1184 16.5 
1185 16.5 
1186 16.5 
1187 16.5 
1188 16.5 
1189 16.5 
1190 16.5 
1191 16.5 
1192 16.5 
1193 16.5 
1194 16.5 
1195 16.5 
1196 16.5 
1197 16.5 
1198 16.5 
1199 16.5 
1200 16.5 
1201 16.5 
1202 16.5 
1203 16.5 
1204 16.5 
1205 16.5 
1206 1.5 
1207 16.5 
1208 1.5 
1209 16.5 
1210 1.5 
1211 16.5 
1212 1.5 
1213 16.5 
1214 1.5 
1215 16.5 
1216 1.5 
1217 16.5 
1218 1.5 
1219 16.5 
1220 1.5 
1221 16.5 
1222 16.5 
1223 16.5 
1224 16.5 
1225 16.5 
1226 16.5 
1227 16.5 
1228 16.5 
1229 16.5 
1230 16.5 
1231 16.5 
1232 16.5 
1233 16.5 
1234 16.5 
1235 16.5 
1236 16.5 
1237 16.5 
1238 16.5 
1239 16.5 
1240 16.5 
1241 16.5 
1242 16.5 
1243 16.5 
1244 16.5 
1245 16.5 
1246 16.5 
1247 16.5 
1248 16.5 
1249 16.5 
1250 16.5 
1251 16.5 
1252 16.5 
1253 16.5 
1254 16.5 
1255 16.5 
1256 16.5 
1257 16.5 
1258 16.5 
1259 16.5 
1260 16.5 
1261 16.5 
1262 16.5 
1263 16.5 
1264 16.5 
1265 16.5 
1266 16.5 
1267 16.5 
1268 16.5 
1269 16.5 
1270 1.5 
1271 16.5 
1272 1.5 
1273 16.5 
1274 1.5 
1275 16.5 
1276 1.5 
1277 16.5 
1278 16.5 
1279 16.5 
1280 16.5 
1281 16.5 
1282 16.5 
1283 16.5 
1284 16.5 
1285 16.5 
1286 16.5 
1287 16.5 
1288 16.5 
1289 16.5 
1290 16.5 
1291 16.5 
1292 16.5 
1293 16.5 
1294 16.5 
1295 16.5 
1296 16.5 
1297 16.5 
1298 16.5 
1299 16.5 
1300 16.5 
1301 16.5 
1302 16.5 
1303 16.5 
1304 16.5 
1305 16.5 
1306 16.5 
1307 16.5 
1308 16.5 
1309 16.5 
1310 16.5 
1311 16.5 
1312 16.5 
1313 16.5 
1314 16.5 
1315 16.5 
1316 16.5 
1317 16.5 
1318 16.5 
1319 16.5 
1320 16.5 
1321 16.5 
1322 16.5 
1323 16.5 
1324 16.5 
1325 16.5 
1326 16.5 
1327 16.5 
1328 16.5 
1329 16.5 
1330 16.5 
1331 16.5 
1332 16.5 
1333 16.5 
1334 16.5 
1335 16.5 
1336 16.5 
1337 1.5 
1338 16.5 
1339 1.5 
1340 16.5 
1341 1.5 
1342 16.5 
1343 1.5 
1344 1.5 
1345 1.5 
1346 1.5 
1347 1.5 
1348 1.5 
1349 1.5 
1350 1.5 
1351 1.5 
1352 1.5 
1353 1.5 
1354 1.5 
1355 1.5 
1356 1.5 
1357 1.5 
1358 1.5 
1359 1.5 
1360 16.5 
1361 1.5 
1362 16.5 
1363 1.5 
1364 16.5 
1365 1.5 
1366 16.5 
1367 1.5 
1368 16.5 
1369 1.5 
