0 11.224019909550696 
1 9.793185893604303 
2 12.947101004145612 
3 20.817470716696445 
4 21.031143291230638 
5 18.701611860439193 
6 19.921743714941176 
7 25.08990195667909 
8 22.485104831749197 
9 26.169584586395796 
10 12.48929226518021 
11 10.713885404985657 
12 27.39047867824724 
13 15.079071305823392 
14 13.22631954036037 
15 40.84631640453815 
16 10.219889572764531 
17 10.161038608663633 
18 14.141042801031675 
19 18.55221801035912 
20 24.128214273387254 
21 54.97410087029464 
22 15.650037685723454 
23 17.46993381565849 
24 10.0159852517307 
25 11.342026273519343 
26 17.620608820588654 
27 13.654533438811354 
28 24.64048877922688 
29 27.807970510041038 
30 19.497145832171213 
31 15.87242432384362 
32 13.345627984968962 
33 14.223572659079503 
34 13.843135701743963 
35 14.54633229405461 
36 38.294703589069364 
37 27.525292033075207 
38 17.836261885726923 
39 12.087192078477482 
40 22.711443702011067 
41 38.974362786548596 
42 19.40854950811176 
43 16.565116251515594 
44 18.40810003028295 
45 17.447333172488957 
46 7.849239648325654 
47 15.010321084501195 
48 12.331509515507351 
49 17.717520233850937 
50 12.891944809016945 
51 16.382976063996 
52 18.09082714031236 
53 17.949997004271054 
54 13.723289948107867 
55 17.203519205922767 
56 13.138815274253673 
57 13.532108197398307 
58 11.538155129347814 
59 11.8634976396349 
60 10.241450205351343 
61 16.294001103281097 
62 15.470172099645179 
63 12.556630971376908 
64 22.911556004697786 
65 32.46063833080519 
66 18.98648318319678 
67 14.160569352725897 
68 17.834138376760325 
69 28.099527018879048 
70 7.328548165025405 
71 8.27055411062494 
72 19.11428089667461 
73 22.62238882446536 
74 12.639994213869835 
75 12.690246101526713 
76 10.275648673743627 
77 16.899773154919476 
78 25.83081243533527 
79 38.67072338699268 
80 14.250829029627615 
81 14.403368097169329 
82 17.490040073224332 
83 17.252274634330938 
84 23.774268515264538 
85 25.413863305865245 
86 12.383427368520504 
87 7.164398560391639 
88 11.153284050417486 
89 18.13886426245389 
90 20.950360136262375 
91 20.628468567718837 
92 21.6675913728529 
93 22.49366640567181 
94 19.234809087490483 
95 17.59510695153516 
96 4.385214304757623 
97 22.38765085482175 
98 10.89539979374534 
99 20.337794328717173 
100 22.871950354996674 
101 24.24915735371487 
102 8.935210571501003 
103 15.573450565118593 
104 18.05446077291941 
105 24.6497566938574 
106 22.61616771633164 
107 34.60761081223803 
108 12.841776531318315 
109 16.067360033710663 
110 8.107394900481886 
111 8.629757956331733 
112 26.937676617171043 
113 45.22306920978576 
114 5.857148442954895 
115 17.775864041872392 
116 31.92036469075107 
117 42.88654396728016 
118 3.816337727778541 
119 12.947860393038175 
120 16.929855577890258 
121 16.065144533688777 
122 23.900938531059282 
123 43.17615086881331 
124 16.526997261461474 
125 10.419077901430843 
126 20.226965403497264 
127 61.15393812148252 
128 23.091555731730146 
129 17.821332211614045 
130 34.83872682570271 
131 20.39197993037864 
132 24.48070693569757 
133 25.04585435762697 
134 15.298522052494128 
135 20.54993802148915 
136 16.210559675966902 
137 16.502287883854976 
138 21.837144404181764 
139 25.000470885562887 
140 15.549432787128346 
141 11.870918075658174 
142 14.637556535819979 
143 13.773583170781366 
144 14.41673512458195 
145 18.703029546326107 
146 31.29960822357375 
147 20.012997485435086 
148 31.370071202058277 
149 29.36426836183902 
150 13.487592250180883 
151 12.316735039070645 
152 12.672072703542122 
153 17.938634983362842 
154 15.189159043666573 
155 12.808521294073817 
156 18.323419424737008 
157 31.9936536026484 
158 34.25151891291566 
159 21.36245288784761 
160 35.72082882668052 
161 23.45348505605726 
162 39.9229392727965 
163 31.671617672599314 
164 15.019835202022554 
165 33.49949283175592 
166 21.229028110986263 
167 17.118071030356457 
168 15.309522679738802 
169 17.86452228431239 
170 14.405247883502481 
171 12.445230415908801 
172 11.370930049720492 
173 6.8370156649876925 
174 11.722678412717933 
175 13.011201727256088 
176 17.726281089533632 
177 18.07352123721824 
178 16.21225146108414 
179 17.469351714946168 
180 23.154528993507927 
181 22.052767174569123 
182 31.92279414562863 
183 49.561658080068064 
184 20.059226384053257 
185 22.32960667816606 
186 26.56539528520578 
187 16.069945556181345 
188 42.171186116892386 
189 20.104994727255296 
190 18.894197460234516 
191 16.564985406965953 
192 35.600159569501855 
193 36.225872760878204 
194 10.93890410244373 
195 14.188448449667472 
196 25.211608280637638 
197 36.91941517688171 
198 29.885454519544552 
199 14.696229852838123 
200 25.17060641521889 
201 8.967610756076859 
202 24.448884899215408 
203 14.267456297601512 
204 17.92460587101544 
205 12.409146718500832 
206 22.212651926386865 
207 56.199054037758096 
208 38.02598344529968 
209 19.350347856576057 
210 26.256738991623994 
211 51.61203947530333 
212 14.03922933765347 
213 9.141621659321642 
214 11.989069413795864 
215 17.965604828174058 
216 11.82710110395195 
217 21.03947751236494 
218 32.91560592029884 
219 20.2565645540643 
220 34.92372126329112 
221 16.109014095325882 
222 9.701020221714925 
223 12.305713497749691 
224 17.306018707630354 
225 31.717362371445855 
226 40.58467105963405 
227 36.86360400425386 
228 11.122524529302572 
229 21.024712522682385 
230 20.75062954845668 
231 18.038077626061714 
232 17.91358198692241 
233 17.87396232847524 
234 11.975616511105338 
235 12.234212476008798 
236 14.570132351408622 
237 15.23794022975143 
238 19.113845368623483 
239 18.7691481554406 
240 24.949759086312532 
241 30.88407163053723 
