0 21.632947365706475 
1 21.5027453232099 
2 18.385828946157183 
3 15.141071783116438 
4 31.12586732762907 
5 14.51110396102975 
6 12.333177489024738 
7 22.20900580336341 
8 8.904877158119113 
9 10.698772561703517 
10 10.710793777260237 
11 6.3372521526813514 
12 32.5306280732778 
13 17.536695195527923 
14 19.9052929814487 
15 14.434944212330418 
16 11.299675636065821 
17 11.99088598620319 
18 11.337396912580788 
19 25.224647878853485 
20 18.537868609009262 
21 44.87278407206513 
22 10.258031696341225 
23 9.015471784091446 
24 24.825564808731524 
25 13.690322159480367 
26 13.123440257318432 
27 9.479210077880282 
28 17.41625316098278 
29 8.639054180698448 
30 10.943984636740318 
31 29.146542139203913 
32 20.48580164304344 
33 19.79911538261826 
34 28.76870104393871 
35 16.934366925064598 
36 15.677589848057263 
37 40.94200790668163 
38 8.5019388448012 
39 17.483988761703085 
40 20.674734190692607 
41 19.563532561545564 
42 11.060578251743088 
43 11.015553022623056 
44 26.851278768285265 
45 19.404239569936248 
46 13.276643158307905 
47 11.714395037523007 
48 19.308036145853954 
49 12.108128081661874 
50 10.693617184014277 
51 18.36345088767759 
52 17.504565714571893 
53 23.688335159435677 
54 11.920750094500766 
55 14.560623207826202 
56 19.468909560147793 
57 30.575408772479754 
58 13.465206169018787 
59 20.21858007789904 
60 15.872124000968757 
61 13.645382410639634 
62 14.081035623042345 
63 29.02050107590864 
64 12.819051752329665 
65 9.56029914227949 
66 18.69852705160669 
67 8.459072070345982 
68 18.548444015973324 
69 10.266468238427196 
70 24.15739759480256 
71 28.313873737646485 
72 18.535492851934507 
73 20.1947297212713 
74 11.317542808727422 
75 22.706771476212133 
76 13.602986342865112 
77 13.437424712304892 
78 15.270450143445906 
79 12.184597507480463 
80 23.841025874221273 
81 27.167820707970336 
82 29.065347248208667 
83 21.13191120605395 
84 15.309410918753581 
85 18.21448454660338 
86 26.748023060047956 
87 10.606810221654634 
88 9.777502185442042 
89 23.457288905294007 
90 20.8884882591698 
91 21.479180429450054 
92 15.987802274875735 
93 13.86950253296827 
94 13.259728312241755 
95 15.720190397661257 
96 12.36397080498532 
97 30.930304929759227 
98 19.424009187992628 
99 32.192805114861805 
100 13.194448289313083 
101 14.90205998763581 
102 8.495584398749047 
103 9.430000696969083 
104 17.81996932502305 
105 23.56972908576984 
106 17.224289662479315 
107 23.595319531953194 
108 10.770615863037689 
109 19.66691518143923 
110 19.880667760008343 
111 12.98108068794122 
112 31.975360783087982 
113 14.799212459511526 
114 10.421433700483764 
115 11.87703599664726 
116 15.586819426740941 
117 22.153170092747132 
118 12.087540418566315 
119 11.790131750935355 
120 32.54880414707206 
121 12.236353982507424 
122 16.101036856187548 
123 18.78646612500112 
124 27.88654707923886 
125 10.89469227452427 
126 7.941245855950864 
127 25.125673174267522 
128 10.968568985310924 
129 7.744369398479304 
130 27.535230592483178 
131 17.36369206312408 
132 22.372485011414796 
133 12.516574156968069 
134 28.69371643577903 
135 24.136961863602096 
136 23.53494635722943 
137 23.72827046231133 
138 19.14140980823468 
139 29.14411184301954 
140 10.814354150874316 
141 30.852267043281255 
142 20.966802469444374 
143 27.025851181731486 
144 11.27195035756421 
145 14.746037772996386 
146 18.85343126458068 
147 8.591856968445548 
148 15.159130419068616 
149 10.813740757164808 
150 20.1060548681984 
151 39.571892218280624 
152 14.939693462844035 
153 22.431592345787294 
154 20.02379383766339 
155 19.933483829574886 
156 16.951408675549953 
157 17.561072010249497 
158 12.801132912763887 
159 41.67879643062981 
160 5.322193996025774 
161 33.461008863253795 
162 14.647831446901094 
163 30.195051365301964 
164 21.329970148342902 
165 19.71554143301009 
166 17.922384692299147 
167 13.892794090856395 
168 28.748390988162882 
169 43.08965573922066 
170 19.26210453320107 
171 15.46914509109685 
172 23.542343960484956 
173 28.678805615004343 
174 16.263485034723164 
175 25.747880588585566 
176 11.011388636566503 
177 15.7903803873144 
178 18.369482766171767 
179 8.197699963255701 
180 17.383482329731724 
181 10.92130150397867 
182 14.083636095012324 
183 11.324785009382635 
184 11.63723534422245 
185 10.489851041906343 
186 9.694159195493953 
187 17.911898976354077 
188 26.55513558345521 
189 15.377720420015251 
190 15.724021068811037 
191 17.211002096848983 
192 33.53431141315211 
193 11.313208035733552 
194 24.87783814562623 
195 9.743251185296515 
196 13.932713260696254 
197 12.505378652355397 
198 19.393921458923842 
199 10.186357487547268 
200 15.717775087970441 
201 15.961700783566044 
202 19.980678169570975 
203 7.368498351255488 
204 8.740209133002422 
205 20.36366461135117 
206 1.0338562136934857 
207 6.333787871237416 
208 28.106117361674183 
209 12.323393653060204 
210 10.142364881040182 
211 11.798057990256197 
212 19.4156471181843 
213 12.405329705269073 
214 13.92854913160429 
215 12.72424013518146 
216 14.973293493122565 
217 14.789297753205174 
218 9.801172597029016 
219 12.1264365489865 
220 25.549786186815464 
221 11.801975294746617 
222 11.527056663716863 
223 14.601326347670188 
224 16.51892607193916 
225 9.621022497889676 
226 23.07262895586593 
227 23.850515757031243 
228 17.12967621785866 
229 14.987311376881765 
230 19.953492797472933 
231 23.49065818361038 
232 17.294316049891762 
233 14.142950112117074 
234 15.394653003097794 
235 24.35631743377118 
236 12.813725639952464 
237 29.242456355624967 
238 12.700429070186436 
239 24.889057678613813 
240 19.853659691093007 
241 12.287544016921247 
242 16.007571941073202 
243 16.684251351469612 
244 18.827196459271295 
245 17.80468899237179 
246 16.632051454901617 
247 22.73397111032819 
248 26.29756605264148 
249 12.464758553669764 
250 17.916183625436233 
251 11.143120538359153 
252 24.463858056914884 
253 18.77813942451905 
254 14.627296029573314 
255 11.791092944411023 
256 14.443742703752553 
257 11.824867071513552 
258 8.064992125953971 
259 10.549850340820484 
260 12.343049518703044 
261 19.938126883621877 
262 17.030286050713602 
263 36.58897525145464 
264 28.419967069377908 
265 12.733704529032806 
266 15.665820061553172 
267 22.67117823205734 
268 23.018939581035173 
269 19.05298016253367 
270 25.558193384844127 
271 27.041707230585732 
272 14.30097378685797 
273 10.836594755199586 
274 26.721950038544605 
275 20.597065351902415 
276 11.689810479375696 
277 19.86136879140445 
278 11.94424146464402 
279 20.484000781402617 
280 21.278461811632802 
281 20.04973350223476 
282 23.39239941551126 
283 6.742083368161155 
284 20.461616516411038 
285 17.374625109774485 
286 22.759012870878824 
287 20.57937991570622 
288 17.199921265008857 
289 43.4089605994432 
290 15.450909894643779 
291 26.516522629712284 
292 15.403585830021962 
293 20.192396385466765 
294 19.362943471135424 
295 9.102123457861785 
296 12.90189853949036 
297 16.455736727295555 
298 20.804150608355776 
299 8.037020501156412 
300 18.554187660634266 
301 17.612321852980944 
