0 0.2925563916398484 
1 0.27366479861213544 
2 0.3025262871622555 
3 0.28574407345685876 
4 0.3121298480066252 
5 0.3004485108067832 
6 0.322613651320078 
7 0.3142145009084439 
8 0.3312218878878677 
9 0.32897538877574645 
10 0.342149703917751 
11 0.34289943608016127 
12 0.36413096871907674 
13 0.36732159095346906 
14 0.3853672045468374 
15 0.38434311572622387 
16 0.42844299446819484 
17 0.4199608170906587 
18 0.4599110376384032 
19 0.4872909649730077 
20 0.4826797667969284 
21 0.5086171744822806 
22 0.5855586340570678 
23 0.6130103209109271 
24 0.6916176614514193 
25 0.7185667742800517 
26 0.7333985770917741 
27 0.7791590565268323 
28 0.7891402515106709 
29 0.799265829113213 
30 0.8931856333190195 
31 0.8906589144684258 
32 0.8750416080043162 
33 0.8709343038613613 
34 0.8792356250515097 
35 0.8755717070841936 
36 0.9002720616944645 
37 0.8888486516130581 
38 0.9189989150093548 
39 0.895844671829329 
40 0.8962530405126838 
41 0.8837587675930451 
42 0.9225930553313418 
43 0.9151188706549678 
44 0.9062985535512517 
45 0.9116795453211355 
46 0.9252982038714451 
47 0.9354141114565354 
48 0.9333572089887484 
49 0.9553518447830065 
50 0.943701985255071 
51 0.9721129913598968 
52 0.9165336551889033 
53 0.9502494538528968 
54 0.9014087687400516 
55 0.9310900581668581 
56 0.8907326388258 
57 0.9347494340021097 
58 0.8740596591107033 
59 0.923761802760284 
60 0.8805270216577097 
61 0.9153463193390968 
62 0.8969829161606387 
63 0.9297777680189033 
64 0.9059920803717935 
65 0.9290786574755548 
66 0.9367377681791742 
67 0.9457919534975743 
68 0.9532153115985226 
69 0.9397188447287097 
70 0.9459272266984193 
71 0.9422771467276774 
72 0.921054921374658 
73 0.9041775247457225 
74 0.915090738082871 
75 0.9033306998157935 
76 0.8589708029209743 
77 0.8427598271163612 
78 0.8464147196230839 
79 0.8460286352068644 
80 0.842882707932129 
81 0.8387141901737225 
82 0.8749944206673161 
83 0.8587151578105677 
84 0.9127441392990451 
85 0.8969274294517549 
86 0.9573056905382968 
87 0.9246409806664581 
88 0.9792573749935162 
89 0.9330010689310386 
90 0.9919509975579807 
91 0.9538434530891999 
92 0.984273905063342 
93 0.9547001138308387 
94 0.9516223166533807 
95 0.9357070698069161 
96 0.9267339870693418 
97 0.9280094455637097 
98 0.9355617073019613 
99 0.9405258840792258 
100 0.9200135535741742 
101 0.9185545660289614 
102 0.9038004009761097 
103 0.9151979429353936 
104 0.9112982997518129 
105 0.918259810038413 
106 0.9205971512577291 
107 0.9192660086329677 
108 0.9027879814575355 
109 0.9053687447526839 
110 0.9239504662222193 
111 0.9188087252612 
112 0.931605053145271 
113 0.9176052043434064 
114 0.9274924377674386 
115 0.8994011509191225 
116 0.9206284641580839 
117 0.9070079300161872 
118 0.9056709680399225 
119 0.9218601217360065 
120 0.915973132673671 
121 0.9445503879259612 
122 0.9276654381195742 
123 0.951887406314942 
124 0.9447098438499097 
125 0.969197496374884 
126 0.9514229126991806 
127 0.959904954023529 
128 0.9698297571991032 
129 0.9556930155041935 
130 0.9710130104271419 
131 0.9450087119457355 
132 0.9574518270349613 
133 0.9383708448401742 
134 0.9483981353247226 
135 0.9384980934145871 
136 0.9513009102823484 
137 0.9431042078113742 
138 0.9548313402629355 
139 0.9440883634775677 
140 0.9366171343641032 
141 0.9320438414884451 
142 0.9541756941611613 
143 0.9445771699393807 
144 0.9631083073401355 
145 0.9564725225834065 
146 0.9693478517444194 
147 0.9762460372882322 
148 0.9419179605504129 
149 0.9582243788725806 
150 0.9317464839198968 
151 0.9487038436083485 
152 0.9111169227327742 
153 0.9110138697832516 
154 0.8912470418597871 
155 0.9090605333345161 
156 0.872670773597587 
157 0.8797005004734259 
158 0.8943509766428323 
159 0.8977814095368774 
160 0.9033871203841807 
161 0.9024485067301032 
162 0.9259863907568451 
163 0.910300867452787 
164 0.9361356687294193 
165 0.9272299042548581 
166 0.9445811220103354 
167 0.9412700962543677 
168 0.9591743521625419 
169 0.946813373535942 
170 0.9432910901775872 
171 0.9479616265993032 
172 0.9283013299139935 
173 0.9382162623059485 
174 0.9414392291974645 
175 0.9473875152910646 
176 0.9396593466914839 
177 0.9327359187317097 
178 0.9270665540760838 
179 0.922357954782884 
180 0.9254381097869354 
181 0.9198792095439613 
182 0.9156166442038194 
183 0.901285598246458 
184 0.9100857810498774 
185 0.897670677606187 
186 0.9081506224960064 
187 0.9074860999209806 
188 0.9076485641852516 
189 0.9124559097471291 
190 0.9282431798490258 
191 0.9246071502542129 
192 0.9294758653145743 
193 0.9263422120638128 
194 0.9130250549055613 
195 0.9255240929986193 
196 0.9019600024332064 
197 0.9069624401624259 
198 0.909791749151116 
199 0.9083798203189032 
200 0.8807098220499548 
201 0.8895044721339355 
202 0.9268996685703871 
203 0.916666154314129 
204 0.9245635366865161 
205 0.9147357411690774 
206 0.9581358054079614 
207 0.9556335347535677 
208 0.9621396130692 
209 0.9565922459906581 
210 1.0012302327804323 
211 0.9822750736865419 
212 0.987878747867729 
213 0.986507402527 
214 0.986507402527 
215 0.9871395615963097 
216 0.9940238153119871 
217 0.9949914925812064 
218 0.9754966833522323 
219 0.9818131869828258 
220 0.9732804845741936 
221 0.9896160692000064 
222 0.9633248821988258 
223 0.9861263535112839 
224 0.9633248821988258 
225 0.9818513399080968 
226 0.9559067273561033 
227 0.9713990256120064 
228 0.9539569113086064 
229 0.9660804099849548 
230 0.9516375428095936 
231 0.9730761158835226 
232 0.9477681616253613 
233 0.9646476739450774 
234 0.9355645970753613 
235 0.9743197304389485 
236 0.9224582785864001 
237 0.9511007357877742 
238 0.9196766718135613 
239 0.9642566430836645 
240 0.8919330842223742 
241 0.9348630364889161 
242 0.8864096335293548 
243 0.9273580729839355 
244 0.8879546832987419 
245 0.9125518663437806 
246 0.8867134226960968 
247 0.9144568502033226 
248 0.8786161845219936 
249 0.8916555992188451 
250 0.8918377014700387 
251 0.890752953440671 
252 0.8819378604385032 
253 0.8855121953854322 
254 0.8834269585257934 
255 0.8981534403224257 
256 0.8833807512393096 
257 0.9031512836428645 
258 0.8925911939433677 
259 0.9092142682787872 
260 0.8917639786056387 
261 0.9238828675257678 
262 0.8994710588230839 
263 0.9255947684749614 
264 0.9306960504234902 
265 0.9424110046230775 
266 0.923886858136 
267 0.9329585149802903 
268 0.9171209436611548 
269 0.9295037682174323 
270 0.8973924260950322 
271 0.8988764410454259 
272 0.9023996209745354 
273 0.9092039729180322 
274 0.8812086129686904 
275 0.9038350264798 
276 0.8829775980940451 
277 0.9159651406956775 
278 0.884808227123387 
279 0.9118372715393032 
280 0.9127288599055161 
281 0.9472090174650581 
282 0.9055207546836774 
283 0.9400274688188451 
284 0.8925872243874129 
285 0.9029507881571937 
286 0.9049019452053484 
287 0.9179247106900451 
288 0.8975441472707548 
289 0.9164996740071096 
290 0.9217699411631162 
291 0.9199690907206581 
292 0.9399418306256 
293 0.9485716481646645 
294 0.9293641995533032 
295 0.949486590391871 
296 0.9193121799844968 
297 0.9231920224523549 
298 0.9264696722739807 
299 0.9206493026267871 
300 0.9030307113111872 
301 0.9153503988065097 
302 0.896105776338858 
303 0.8972482356783678 
304 0.9273203249394323 
305 0.9303436247871355 
306 0.9352409060750646 
307 0.9485128063246387 
308 0.9621231853304258 
309 0.9757205460227484 
310 0.9659525778513033 
311 0.9853762838481805 
312 0.9692766982721355 
313 0.9866515187941096 
314 0.965886170772613 
315 0.9790482852719613 
316 0.966411887729 
317 0.9767264654968645 
318 0.9595655020431354 
319 0.9739139805367161 
320 0.9538186783797549 
321 0.969474115594529 
322 0.9525038554378452 
323 0.9698090142362 
324 0.952118029769058 
325 0.976209391144684 
326 0.9480475925412903 
327 0.9656724844344322 
328 0.9427228440122709 
329 0.9662329317101742 
330 0.9483389772619806 
331 0.9626692555755871 
332 0.9614824817828129 
333 0.9633126299477162 
334 0.9358933545325677 
335 0.9331038650848517 
336 0.9505294675021483 
337 0.9196552824493484 
338 0.9538271670006581 
339 0.9293525710525097 
340 0.9370653799964322 
341 0.9102354392772773 
342 0.9160844921393161 
343 0.8916932122464258 
344 0.9247353048027871 
345 0.8961008660571742 
346 0.9219973192005807 
347 0.9058556771806775 
348 0.9156119338138 
349 0.9076290110237161 
350 0.9219768765509743 
351 0.9096456666016323 
352 0.9271100355158775 
353 0.9229157657683161 
354 0.9348035368279612 
355 0.9226545677846452 
356 0.9321776578522323 
357 0.8970108892417291 
358 0.9502758082068129 
359 0.8919137578327807 
360 0.9468732566102452 
361 0.8909882652316129 
362 0.9396923129746516 
363 0.889360332725471 
364 0.9490756515490903 
365 0.9406168200143291 
366 0.9312422673743226 
367 0.9358929371808387 
368 0.9339463188848839 
369 0.9141805183780451 
370 0.9091984367434451 
371 0.8967118481222064 
372 0.9062926323428775 
373 0.8834981796460065 
374 0.8828828409376968 
375 0.888023172745942 
376 0.9135973348129419 
377 0.9061937464196129 
378 0.9191208344050452 
379 0.9349447482971484 
380 0.9317857039621097 
381 0.9509546405303548 
382 0.9693826205944903 
383 0.9844635471449613 
384 0.9957358070694388 
385 0.9657826780877806 
386 0.9549262776628452 
387 0.9473270824516065 
388 0.9471173406670451 
389 0.9740614466096517 
390 0.8954277560080516 
391 0.9385500515092452 
392 0.8595033168977096 
393 0.8992914761500581 
394 0.8549942478953161 
395 0.8837455268446194 
396 0.8940195694184387 
397 0.9087850035896645 
398 0.9312430443405418 
399 0.9074595194091354 
400 0.9729391665669097 
401 0.9425816948384451 
402 0.986069511117258 
403 0.9684116885882645 
404 0.9719911170435355 
405 0.9766982123632257 
406 0.9593521946898774 
407 0.9770791394914258 
408 0.9392889924387549 
409 0.9832546121376 
410 0.9153677651734516 
411 0.9521106611511484 
412 0.9078883966189742 
413 0.9362341298506774 
414 0.8889649833795549 
415 0.939335741904671 
416 0.895278908601871 
417 0.9302998919201032 
418 0.9213836353446 
419 0.9585960697489225 
420 0.9251458984748387 
421 0.9346794899675612 
422 0.925577576421329 
423 0.9433771485426322 
424 0.9635778768642193 
425 0.9527832331341484 
426 0.9495100486922515 
427 0.9475212799869484 
428 0.9424404972200581 
429 0.9409767018188581 
430 0.9354999865909935 
431 0.9416485021095355 
432 0.9666937697664258 
433 0.9575009567658064 
434 0.9603167042155678 
435 0.9551664020964581 
436 0.9766060959530387 
437 0.9348619934058388 
438 0.994628918237413 
439 0.9350374139906517 
440 0.9861095955415742 
441 0.9127433336321742 
442 0.9765878997440065 
443 0.9211684235682452 
444 0.9647168221956839 
445 0.9098789353396839 
446 0.9442314102323419 
447 0.9273618995502 
448 0.9288987596928452 
449 0.9386386067211484 
450 0.9476442124124967 
451 0.9468958274071936 
452 0.9344595574705935 
453 0.9480708351038839 
454 0.9589658336166322 
455 0.949308741000129 
456 0.960133490299 
457 0.9446849965051484 
458 0.9429530441444129 
459 0.924885381825742 
460 0.9233134177722322 
461 0.9247498234401549 
462 0.9114309060270065 
463 0.8992592929235033 
464 0.914301766731271 
465 0.9159613087041806 
466 0.9170004297407419 
467 0.9085015550136903 
468 0.9469065866374258 
469 0.9372493277043161 
470 0.9623572456354774 
471 0.942228777505742 
472 0.9785198549460967 
473 0.9764991029602645 
474 0.9620144318126451 
475 0.9633385158564517 
476 0.9952747595176 
477 0.9827970503874452 
478 0.9849311631958064 
479 0.9773943034530452 
480 0.9773943034530452 
481 0.9704428385690774 
482 0.9493576682643097 
483 0.9804817011191161 
484 0.9092871089910323 
485 0.9381540710004773 
486 0.896167267123058 
487 0.9186750979852323 
488 0.8611470485486065 
489 0.8637068408328968 
490 0.8531100764884387 
491 0.9018617254075549 
492 0.8531100764884387 
493 0.9018617254075549 
494 0.8531100764884387 
495 0.9018617254075549 
496 0.853189572602271 
497 0.9200410862776065 
498 0.8998861762522129 
499 0.9679891640294194 
500 0.898254658420071 
501 0.8995594726751805 
502 0.8975189109151871 
503 0.8822119546754451 
504 0.9317134466796774 
505 0.9229737874450968 
506 0.9280123924306839 
507 0.9159545631988582 
508 0.9226630678936194 
509 0.8989507613583098 
510 0.937565427087729 
511 0.9337826858293935 
512 0.9496629425065612 
513 0.9301538731837226 
514 0.9297560255605161 
515 0.9015807449925612 
516 0.9444313491345355 
517 0.8945891134514904 
518 0.951529803473187 
519 0.9119085804735225 
520 0.9533189912176903 
521 0.8999376382709872 
522 0.9406693157051161 
523 0.9038784653665484 
524 0.9543081000376515 
525 0.9165166178346517 
526 0.9524643725388259 
527 0.9230524881536452 
528 0.9257608519390839 
529 0.8908429732605548 
530 0.909601901249871 
531 0.9038056019546516 
532 0.9371719479813096 
533 0.9361162631054838 
534 0.9348987996347613 
535 0.9432539341295291 
536 0.9248279020665677 
537 0.9639759590311032 
538 0.9365680358445032 
539 0.9790896873115871 
540 0.9399563188488967 
541 0.9617203816745097 
542 0.9246282088584129 
543 0.934726122855529 
544 0.9253484737006387 
545 0.9336852171529548 
546 0.9557732915959097 
547 0.9083468814959613 
548 0.9464545107357741 
549 0.9049113453111226 
550 0.956415811843329 
551 0.9281482975560904 
552 0.9470610436407806 
553 0.9479189184625226 
554 0.9470869891260323 
555 0.9550851315631226 
556 0.9193527133006258 
557 0.9756260718998323 
558 0.9169036879889032 
559 0.9688214273504709 
560 0.8991896573802516 
561 0.9365447827871096 
562 0.9331351886095871 
563 0.9307564609407162 
564 0.9346426195309806 
565 0.9265007239872902 
566 0.9730544129653548 
567 0.9130644975824774 
568 0.9826552008126774 
569 0.9269026195150516 
570 0.9817111430906 
571 0.9313976408969032 
572 0.9595446701497161 
573 0.9241946527817936 
574 0.9621027377748451 
575 0.9092628364701484 
576 0.9263103653372838 
577 0.941909697188271 
578 0.9379111546981161 
579 0.945113627514587 
580 0.9402372662862902 
581 0.9367964610619935 
582 0.9391582430313161 
583 0.934829809719058 
584 0.9543680960696451 
585 0.9640617864760129 
586 0.9586033945566645 
587 0.9356689448860258 
588 0.9502982949971226 
589 0.9399426454205484 
590 0.9719946263303484 
591 0.964771238541671 
592 0.962527589389942 
593 0.9515923214841162 
594 0.9371855563436065 
595 0.9276546376917614 
596 0.9252303354091806 
597 0.9332234940034387 
598 0.9311350987316839 
599 0.9210357601300904 
600 0.9005562898298258 
601 0.8996371241261548 
602 0.8969542248591549 
603 0.8955021074274451 
604 0.8985263794946645 
605 0.9035488964796968 
606 0.9221723795456774 
607 0.8772203510053806 
608 0.9091663940979678 
609 0.8719883786400711 
610 0.9615150099513742 
611 0.9228469031896 
612 0.9680376235983871 
613 0.9369626107807225 
614 0.963452857695871 
615 0.9263069860494968 
616 0.9442344626682839 
617 0.9749172038585162 
618 0.9529018785403807 
619 0.9850603439518645 
620 0.8973599073503097 
621 0.9328012479292839 
622 0.9096571154648257 
623 0.9785085021911936 
624 0.9141452770051613 
625 0.9742099879644452 
626 0.9250395245913678 
627 0.9524622622714645 
628 0.8808978223203225 
629 0.9229437528974644 
630 0.8781655753096903 
631 0.9236751953392323 
632 0.8816708091302452 
633 0.8876347504613226 
634 0.8805155112028581 
635 0.8917070298078645 
636 0.8889807551246451 
637 0.8938406531238322 
638 0.9525957515353355 
639 0.9239784314119097 
640 0.9710685519424258 
641 0.9287585812166387 
642 0.9663173780184774 
643 0.9435089951203419 
644 0.9806651167975097 
645 0.9592649884636452 
646 0.9661571755078322 
647 0.9557894304118452 
648 0.9370149646464516 
649 0.9486907925678322 
650 0.9508305099608387 
651 0.9704594929466065 
652 0.9292789483800517 
653 0.9438337291773999 
654 0.923261115648987 
655 0.943243620814858 
656 0.931010450624258 
657 0.9472747259845936 
658 0.948115366560129 
659 0.9619199160366194 
660 0.933194557523 
661 0.9493739937458645 
662 0.9556859143920645 
663 0.9539322309658839 
664 0.9402467121029225 
665 0.9331169284476323 
666 0.9373657370576065 
667 0.9275028286408645 
668 0.9343799956794839 
669 0.9292096030654129 
670 0.951248340188542 
671 0.9455911463269806 
672 0.9299169582419032 
673 0.9560586616895548 
674 0.9183676901996322 
675 0.9501475740092452 
676 0.9066975307392968 
677 0.9567621273899419 
678 0.9100282313908452 
679 0.9724396280681419 
680 0.9276461521155678 
681 0.9693561020739032 
682 0.9260244137853226 
683 0.9411197532429613 
684 0.9606911450727871 
685 0.9746682786478064 
686 0.988800248558271 
687 0.961646507172142 
688 0.9943993880976774 
689 0.955189423922742 
690 0.9811132464540323 
691 0.9591035897729161 
692 0.9766237203903098 
693 0.9795602870448517 
694 0.9655196764979161 
695 0.9676958598214516 
696 0.950578412590142 
697 0.9822680141122129 
698 0.930247582226929 
699 0.9558048491006969 
700 0.9150514544653354 
701 0.9466635836973161 
702 0.9278918084104775 
703 0.9398255453893806 
704 0.9467152637604774 
705 0.943953721264342 
706 0.9652522725586838 
707 0.9367175617972386 
708 0.9678526452217677 
709 0.9313354146531871 
710 0.9567042906554646 
711 0.913326875115742 
712 0.9491042535451355 
713 0.9175237702988065 
714 0.9238128150017162 
715 0.910967456336142 
716 0.902115055064871 
717 0.9166058392759999 
718 0.9081633608884386 
719 0.9280998991735677 
720 0.9284214599608064 
721 0.9522913087385291 
722 0.9650366416614774 
723 0.9438898564629806 
724 0.9851180248370774 
725 0.9638735039011419 
726 0.9930424792883806 
727 0.9559162105493355 
728 1.0182758910650258 
729 0.9815191640057355 
730 0.9946630955884 
731 0.9585492801505225 
732 0.9884137908863354 
733 0.9677924291183613 
734 0.9495876663160322 
735 0.9664021710933162 
736 0.9374659021128774 
737 0.9762907438242258 
738 0.8997034923313226 
739 0.9518232788618451 
740 0.9098178495073419 
741 0.961513578355684 
742 0.915275891987329 
743 0.9606490107851613 
744 0.9227895189537032 
745 0.9528895075837741 
746 0.9285621936527096 
747 0.9362658269615936 
748 0.9260449410149484 
749 0.9270999418367161 
750 0.9155330742884515 
751 0.9173587492904516 
752 0.9120670741085484 
753 0.9339531699319678 
754 0.8873713628234193 
755 0.9006930423721871 
756 0.8983611557197096 
757 0.908801172005929 
758 0.8901206167806903 
759 0.9097255755356194 
760 0.9123319968626903 
761 0.9299723246313033 
762 0.9298962584204322 
763 0.9488277349740387 
764 0.9290255204522 
765 0.9313911709871548 
766 0.9206736719853097 
767 0.9212494990628709 
768 0.931869410977129 
769 0.9208347589097936 
770 0.9084243942861613 
771 0.8928146089653097 
772 0.9019179408638323 
773 0.8767150550034001 
774 0.9276032483252387 
775 0.8984361531951742 
776 0.9457412390946774 
777 0.9105044613021548 
778 0.9516662637181097 
779 0.9310420439742516 
780 0.9561100739557032 
781 0.9375093842041549 
782 0.9670522947240904 
783 0.9533445266248645 
784 0.9715985139458775 
785 0.9499392457855483 
786 0.9769266743074323 
787 0.9773483116314259 
788 0.9916740585040904 
789 0.9760926241235871 
790 0.9966667029198452 
791 0.9935154140484194 
792 1.0120005845313031 
793 1.0006933410316967 
794 1.003224616465129 
795 1.0057357580111743 
796 0.9907461958408065 
797 0.9900979816749548 
798 0.9806906122797484 
799 0.9844195198088322 
800 1.010785012593013 
801 1.0028879488514515 
802 0.9601086991740709 
803 0.9874735328043741 
804 0.9388706205431872 
805 0.9524917522511355 
806 0.9340428056262904 
807 0.9371180604224645 
808 0.9251202998536322 
809 0.9774507494483742 
810 0.8976050435310323 
811 0.9434702301296968 
812 0.8925522670896193 
813 0.9141263282902774 
814 0.9168210048618839 
815 0.9380353330422323 
816 0.9185144142718388 
817 0.9554807313276 
818 0.9028456486061225 
819 0.8952492209174581 
820 0.8888778499033871 
821 0.8904461223891742 
822 0.9073155252138903 
823 0.9085205833808387 
824 0.8887247916684451 
825 0.9230550862001871 
826 0.8576587591670128 
827 0.8955233497696967 
828 0.8433650806553549 
829 0.8829515577843613 
830 0.8362465187702323 
831 0.871570071830213 
832 0.8374990278436258 
833 0.880914489930529 
834 0.8510259569228 
835 0.8627461447166903 
836 0.8944885679682 
837 0.8697566442275936 
838 0.9283636362002258 
839 0.9103340232072451 
840 0.9427107123228516 
841 0.9220044329923937 
842 0.9486922679907678 
843 0.9175230738135355 
844 0.9375783292250516 
845 0.9140426832612903 
846 0.9299459866007935 
847 0.9305363280492452 
848 0.9212555244497355 
849 0.9161951386547226 
850 0.9280568522786516 
851 0.9292895304439742 
852 0.9598866079677484 
853 0.9539757947620838 
854 0.9493578104809935 
855 0.9452694072642129 
856 0.931548741091329 
857 0.930054959812929 
858 0.9262768994491549 
859 0.9246428065312774 
860 0.9180143230914581 
861 0.9155054998302322 
862 0.8875399314203226 
863 0.8933584092045613 
864 0.9012781417073871 
865 0.9039198754648645 
866 0.927044069610271 
867 0.9007860662846194 
868 0.9086932713768645 
869 0.8831353553917096 
870 0.9175017951439226 
871 0.8826834941364193 
872 0.9265153016619548 
873 0.8979696615746388 
874 0.9459526298865807 
875 0.9098198682147033 
876 0.9419144804334839 
877 0.9276770559870775 
878 0.963282679135258 
879 0.9547979307900903 
880 0.9676017661396645 
881 0.9695652751434323 
882 0.9742285440957678 
883 0.9755537901117742 
884 0.9655099045530516 
885 0.9870030875124064 
886 0.939303055066942 
887 0.9629341223800258 
888 0.9690982182952388 
889 0.9970413209499033 
890 0.980620653336871 
891 1.0171864043540968 
892 0.9749915733477935 
893 1.0067145219916322 
894 0.9585225055754129 
895 0.994464069245942 
896 0.9613924596802967 
897 0.9909007480848065 
898 0.9100897477962194 
899 0.9351116151748065 
900 0.899177082855 
901 0.9179955007468193 
902 0.8732701043987354 
903 0.8902091556125549 
904 0.874383740902871 
905 0.8737957929371419 
906 0.8772424609188065 
907 0.8783606514546903 
908 0.893471669513987 
909 0.9146446473830839 
910 0.8773810892868258 
911 0.8979526776770194 
912 0.8923624860424129 
913 0.9325031264007935 
914 0.9134608346348968 
915 0.9539966019908387 
916 0.9288129752475355 
917 0.9583745744503871 
918 0.9400969822668516 
919 0.9569192137896387 
920 0.9562454866181096 
921 0.9755157878535999 
922 0.9773185349084644 
923 0.9776011812052516 
924 0.9790355739510451 
925 0.9880684222317484 
926 0.953883278781742 
927 0.9950251857149548 
928 0.9517349016630452 
929 0.9868549927321741 
930 0.9470649323037355 
931 0.980203352570671 
932 0.9328815360537097 
933 0.9633303798280451 
934 0.9313065117547483 
935 0.9473717712728065 
936 0.9552806978632838 
937 0.9473701574603162 
938 0.9594443944598645 
939 0.9418790649490064 
940 0.9547213421414515 
941 0.9318391637645935 
942 0.9487633917129419 
943 0.9198477177406709 
944 0.9199697406465226 
945 0.9061697336432257 
946 0.9090168527906775 
947 0.9149709511725033 
948 0.9267461409906903 
949 0.9280235563304193 
950 0.9150073225064645 
951 0.9196939620003096 
952 0.9253284066034968 
953 0.9419319802607355 
954 0.9221688007330645 
955 0.9387741052727354 
956 0.9025490898179419 
957 0.9233959939451225 
958 0.8788766437018452 
959 0.9011004043915162 
960 0.8723686514843161 
961 0.8860917521362323 
962 0.9049675173586 
963 0.8941166594592774 
964 0.8999847188174839 
965 0.8851037909536645 
966 0.9161072720686516 
967 0.889137219767929 
968 0.9027481929509871 
969 0.8854078594497097 
970 0.9164060447945613 
971 0.9062224003063032 
972 0.8805511717557806 
973 0.8747189233025354 
974 0.8929677576058969 
975 0.8811211043780129 
976 0.8932293936787226 
977 0.8739686763267871 
978 0.8971919973172581 
979 0.8735150583527806 
980 0.894111620780942 
981 0.8646014445301354 
982 0.8828027028500323 
983 0.8658861325723225 
984 0.8901214060698517 
985 0.8876127283336968 
986 0.8978955806376064 
987 0.9118630467626968 
988 0.9070327721490903 
989 0.9258103986737419 
990 0.9243806364375291 
991 0.9344259915737161 
992 0.9513451338256451 
993 0.9742433135819548 
994 0.9387999811108968 
995 0.9492547419353936 
996 0.9389498005358516 
997 0.9185313022310452 
998 0.9348834352893806 
999 0.8983247435189806 
