0 3.4115932540306426 
1 2.84889737048635 
2 4.85 
3 3.3450012221008714 
4 2.617593011703377 
5 3.2317091529625084 
6 4.48913788598765 
7 3.7526686341723563 
8 3.5648829391702583 
9 3.1871289650779224 
10 3.3694895586030205 
11 4.043489501354075 
12 3.0199595799232934 
13 3.8077206482830857 
14 3.90673296463627 
15 3.4382237538393166 
16 3.5902641663059507 
17 2.7433411631887954 
18 3.1530484376851318 
19 3.7867742895022327 
20 3.1090538744290384 
21 3.113824447490273 
22 3.9631053253430713 
23 2.997156792300883 
24 3.485210515534126 
25 3.250365527733182 
26 3.364637704570548 
27 4.85 
28 2.9733735848327805 
29 3.9823178056597737 
30 3.1073864883488573 
31 3.8012774999163508 
32 3.6565643860327453 
33 4.574395382916814 
34 4.02533630660061 
35 4.603977457760544 
36 3.5380102313356105 
37 4.776450539434885 
38 3.727198432544938 
39 3.8563594706763973 
40 3.238754060372452 
41 3.1250045244852633 
42 3.4005867205840685 
43 2.8688909961452915 
44 3.5526997580446977 
45 3.1728707632482407 
46 2.963240342216812 
47 3.847524105243699 
48 4.454000175881843 
49 3.6116496053113964 
50 4.28558819811448 
51 3.816547680142833 
52 4.035183562850345 
53 3.972573186873016 
54 4.85 
55 4.402895694794631 
56 3.7141232271292064 
57 3.216930683016485 
58 3.3232917012277206 
59 3.6083612926155206 
60 3.8056242296367406 
61 3.771045917012451 
62 4.85 
63 3.368603389528117 
64 4.2758466939214115 
65 3.9484658307492926 
66 3.9227132902813406 
67 2.8819357293755585 
68 3.485214069635285 
69 3.299039406393747 
70 3.2897496633731813 
71 2.968783872181677 
72 4.841675633015826 
73 4.116569123907763 
74 3.7273732050361494 
75 3.6850578970584316 
76 3.965541728194622 
77 3.840062547964317 
78 3.3960281113418285 
79 3.9356197468511955 
80 3.3666799987943827 
81 3.6997965033996887 
82 3.4691415168735142 
83 3.074443086877852 
84 3.533355843872379 
85 4.1513688831427435 
86 3.2643630518837177 
87 3.8329488156968132 
88 3.862285273860082 
89 3.7384939108431565 
90 3.812225323495453 
91 2.993250322317703 
92 3.2388951773025605 
93 3.43562870582148 
94 3.416109007991882 
95 3.353558981390132 
96 3.7821300022382887 
97 3.8595079370153575 
98 3.3138145063683804 
99 4.381253824619598 
100 4.85 
101 4.85 
102 4.093309739902516 
103 3.6603319296921835 
104 3.127901278624502 
105 3.644197849706079 
106 3.1119117893791373 
107 4.34477240521297 
108 3.8732956326426153 
109 3.7846485309292532 
110 4.012101137537946 
111 4.766061010595839 
112 3.9779601374411793 
113 4.814950279913118 
114 4.206430203320508 
115 4.21956552253834 
116 3.649100341354243 
117 4.85 
118 4.3070753437280125 
119 4.85 
120 4.197172896487463 
121 4.333769430273649 
122 4.483692882408824 
123 3.799354781314199 
124 3.6510611612633435 
125 4.211224680232576 
126 4.897085106927684 
127 4.512576707571587 
128 4.596528382488799 
129 4.842823360029644 
130 4.85 
131 4.85 
132 4.85 
133 4.85 
134 4.85 
135 4.7079944435584675 
136 4.11452031824617 
137 4.1578849266242415 
138 2.7443547305537654 
139 4.85 
140 3.378695200273634 
141 4.954507546870773 
142 4.11452031824617 
143 4.1578849266242415 
144 2.7443547305537654 
145 4.85 
146 3.378695200273634 
147 4.980446069409394 
148 3.355448394818841 
149 3.907354064223276 
150 3.7346863546008113 
151 4.039617171020208 
152 3.720238833835229 
153 3.768590963488501 
154 3.865882334048925 
155 4.85 
156 4.1610482593430795 
157 3.557086446378271 
158 3.7205638633950024 
159 4.007068783792726 
160 4.449183874830161 
161 3.085634110638473 
162 3.4328032168394724 
163 3.528805635864847 
164 3.4530709561007695 
165 3.9503542228788815 
166 3.6941087268919 
167 4.802878854500998 
168 4.096601321783744 
169 3.8730766436276496 
170 3.657115102786008 
171 4.85 
172 3.596804282194277 
173 3.397439935420482 
174 2.9165142905988395 
175 3.1856106533844475 
176 3.5520357872576196 
177 3.886397245421783 
178 3.7257286868642576 
179 4.85 
180 3.3391280195081903 
181 4.571853997930896 
182 3.1932272383424327 
183 4.85 
184 3.6165571693089085 
185 2.9959433166166796 
186 3.480319811566358 
187 4.523791554224247 
188 3.335915215208563 
189 4.85 
190 3.5103437363008014 
191 3.8400008945968174 
192 3.8641300768619424 
193 4.081428983786348 
194 3.469621055219525 
195 3.4426576917617018 
196 3.5029599830867113 
197 4.85 
198 3.3390745519805263 
199 4.811793316479184 
200 2.840928889910921 
201 3.9686242142416903 
202 3.228420107602651 
203 4.85 
204 3.3551954150396703 
205 4.85 
206 3.222845286206068 
207 4.85 
208 2.999553757206267 
209 4.85 
210 3.5458715331462676 
211 4.354887100877751 
212 4.0560332110733945 
213 4.094136828925026 
214 3.356369015321974 
215 4.85 
216 3.1105587699776143 
217 4.0061498142576255 
218 3.184022911099781 
219 4.109852854964501 
220 3.5046075032766772 
221 4.39629929786005 
222 3.593317230338604 
223 3.9699560681832344 
224 3.8549123938877443 
225 4.2424421578944385 
226 4.1975887866175965 
227 4.268409255570124 
228 3.343341473269425 
229 4.928162198942668 
230 3.2074853358575686 
231 2.8369648412404596 
232 2.82288018022288 
233 3.2072112673883315 
234 4.266404859872175 
235 3.555087523927433 
236 3.674963522994787 
237 3.5897579704776317 
238 3.119150817560149 
239 4.066507500471387 
240 3.437816508827717 
241 3.5223849931348643 
242 3.641998183936923 
243 4.263562959972517 
244 3.3618692664411793 
245 4.85 
246 2.7473620797005376 
247 4.498770206213512 
248 3.106510287139795 
249 3.019027593266018 
250 3.181422392041692 
251 4.115001333295685 
252 3.6516450094646875 
253 3.633457888178056 
254 4.003909128146348 
255 3.7789030888667745 
256 4.141503999418392 
257 3.2623115637976805 
258 4.37333396253701 
259 3.810458176771775 
260 4.2140726703104745 
261 3.4340554005920545 
262 3.9990971547775644 
263 3.818533190623644 
264 4.06439295577796 
265 3.6357729486993526 
266 4.250900590824165 
267 4.897753164184568 
268 3.8909717879768984 
269 3.1764532698869554 
270 3.680363540400847 
271 3.255338215702983 
272 3.2017620646446714 
273 3.396967344413658 
274 3.3717819535418525 
275 3.738911507509245 
276 3.6479357274362507 
277 3.574320763004593 
278 4.053490720839825 
279 3.540692582172122 
280 3.5203677897597876 
281 3.1214800481311737 
282 3.16940381012035 
283 3.3312164298022817 
284 3.5565451085352784 
285 3.7498196544467617 
286 4.492464263731396 
287 4.075765650930399 
288 4.85 
289 3.7387110167171813 
290 4.1201759486557465 
291 3.592820604463185 
292 3.6350954394304757 
293 3.773277353025456 
294 3.791255875552832 
295 3.716284392448239 
296 3.8538578610045993 
297 3.464896502699577 
298 4.048200384880272 
299 4.2446447055461896 
300 3.4202778414013073 
301 4.85 
302 3.2690985880237817 
303 4.85 
304 3.2893043401915407 
305 4.87062508973201 
306 3.9792372448023188 
307 4.113369596868723 
308 3.994446703751576 
309 4.305297333686707 
310 3.4545886499880543 
311 3.509599581062374 
312 4.347818918768553 
313 2.4819677322666958 
314 4.334025939078508 
315 3.5294956543493816 
316 4.2109076066448425 
317 3.598824913757528 
318 3.5595250663590328 
319 2.898606870991771 
320 3.7786580240687395 
321 2.7320475799503052 
322 3.1177313335475274 
323 3.316280133723519 
324 3.1844480837891536 
325 3.3971872826366867 
326 3.4786770670820726 
327 3.0445773120644963 
