0 23.979372602379467 
1 14.586549630320018 
2 15.723903174168782 
3 27.39566691269162 
4 14.187392604418948 
5 16.35933319292005 
6 10.540067698818161 
7 18.501316700705328 
8 12.734593746109915 
9 20.2620445114322 
10 11.864672203489556 
11 13.648090902582993 
12 22.796617170685046 
13 26.754847928148603 
14 16.48633117278734 
15 18.01676975945017 
16 15.570675497082101 
17 15.19389100604234 
18 25.162754143994434 
19 20.86998751076015 
20 22.314756784652136 
21 13.61442232161985 
22 20.258227799190504 
23 25.749461289589842 
24 8.927451093075874 
25 22.77038002171553 
26 15.84382460487746 
27 55.1468503885244 
28 15.457856990174616 
29 20.515160260015946 
30 33.61278379266407 
31 14.036739187909333 
32 23.185631920221557 
33 21.002393518472154 
34 8.052048477727928 
35 11.354430722418638 
36 10.08908249885141 
37 16.28678823273586 
38 19.328768007078406 
39 19.972781081994846 
40 8.323699789045026 
41 11.818969282487833 
42 14.72941490463799 
43 21.664233878257278 
44 12.492379724139164 
45 11.327568233254294 
46 48.36103264190755 
47 58.890567521271514 
48 20.86157947616063 
49 15.898897316639564 
50 19.318707942020442 
51 23.689271695235945 
52 22.33055774431927 
53 22.715502721438437 
54 23.662008699135164 
55 17.92904988052441 
56 11.245385811571666 
57 13.079365475347776 
58 17.847190781747315 
59 19.36330103272687 
60 17.870916063059223 
61 24.635857434861265 
62 26.057242257633646 
63 18.569877715105417 
64 16.731238556446883 
65 18.490631915850358 
66 14.733347149967859 
67 12.813490766340294 
68 23.933534191545697 
69 25.57720781042284 
70 22.121856540084387 
71 14.61272127400873 
72 13.708891830497949 
73 23.293924247473065 
74 23.14060456930368 
75 15.616997985650084 
76 21.081141938078005 
77 12.535277943813508 
78 17.060418954647144 
79 27.667095429389377 
80 20.79816727575657 
81 28.994020503107265 
82 24.28749116935157 
83 14.164395034378419 
84 22.274937996887896 
85 19.52028445238727 
86 20.68136051201641 
87 10.968683722596623 
88 19.376092540236893 
89 20.49210715315201 
90 19.238338118870917 
91 12.326834343351221 
92 33.050217876082485 
93 15.947984593097312 
94 31.201815138553098 
95 23.78599824198259 
96 14.812749200967668 
97 19.2566215664039 
98 24.876067565002845 
99 27.815531533921348 
100 31.01103126016621 
101 16.0371956441943 
102 24.761371753773858 
103 35.25158427325142 
104 27.956062706622586 
105 17.826558542017306 
106 15.26217082640448 
107 28.64218303992133 
108 21.476320923302218 
109 22.3405488324527 
110 13.888975720889572 
111 12.576058048363642 
112 15.446300926931844 
113 24.72662960495676 
114 15.036796971348267 
115 13.896246231322268 
116 20.26439397233536 
117 19.73595080015622 
118 16.100975047984644 
119 13.710818797562698 
120 20.442369271409564 
121 35.87266724825097 
122 12.007878704594384 
123 21.550252017941826 
124 23.982937553963417 
125 17.749610671000067 
126 37.01324579285027 
127 14.83464845421717 
128 16.072655091412827 
129 14.451157662624036 
130 11.025253202322654 
131 21.882830475137084 
132 20.13278804984352 
133 19.068571870212175 
134 17.706226280484458 
135 19.23419164010731 
136 10.89913701929948 
137 27.190364132583934 
138 12.0788379352847 
139 21.60197359950145 
140 26.540180718317345 
141 23.17384650235092 
142 17.381825415243842 
143 9.411908320206086 
144 20.676262964861774 
145 11.683623499261818 
146 27.757913476238063 
147 22.765683518058164 
148 11.318550661280355 
149 13.727467017519743 
150 16.896233065714895 
151 24.33624991296679 
152 9.823485187379822 
153 24.846889328578367 
154 29.88694518273609 
155 13.90716628038449 
156 18.515364343070043 
157 10.7333790547941 
158 16.736779939665766 
159 51.69855787008505 
160 13.891827798864622 
161 19.742267701562227 
162 23.110258910910183 
163 21.03145966003109 
164 15.619498752467136 
165 11.595379877364385 
166 12.623293917241254 
167 13.718576956161955 
168 38.41500586166471 
169 26.824832596780485 
170 23.839806294298526 
171 22.520115760253855 
172 20.58341962300818 
173 18.300075044939703 
174 24.934333646426577 
175 27.612816579655952 
176 22.14054054054054 
177 30.07920138839087 
178 12.6597185122136 
179 22.9285897807346 
180 12.6597185122136 
181 25.91428024194794 
182 12.6597185122136 
183 15.630616496297593 
184 12.6597185122136 
185 29.759711648301746 
186 12.6597185122136 
187 19.549854575285256 
188 12.6597185122136 
189 27.952150240248447 
190 12.6597185122136 
191 17.642696099875494 
192 12.6597185122136 
193 17.849773170254238 
194 12.6597185122136 
195 22.296370324693275 
196 18.26596523011532 
197 16.18322684199154 
198 12.996123754783337 
199 14.108507210155775 
200 25.007327557937792 
201 24.372451944308857 
202 16.91572193117244 
203 19.37304967159657 
204 11.336201863824083 
205 16.45851334753827 
206 25.625494113406283 
207 13.726343899517616 
208 16.105364609932074 
209 17.061182318509267 
210 13.793105262638653 
211 20.64430772259684 
212 23.625888582211456 
213 38.995741832313726 
214 17.322386136487534 
215 13.519241120784407 
216 16.881272161604127 
217 26.93266038668747 
218 15.882461640993018 
219 20.482600330120036 
220 12.441686417475239 
221 15.662134660697015 
222 15.998047113389479 
223 17.650566005975676 
