0 2.9267639850305454 
1 3.090234879209091 
2 4.136910765566519 
3 3.8445755647906785 
4 3.744504599689688 
5 3.573965219385638 
6 3.245634179822054 
7 2.9062085246775773 
8 3.679719361960587 
9 3.4184187183069463 
10 3.752746022548412 
11 3.905704292623241 
12 3.8453009898602417 
13 3.801286980718683 
14 3.700667705952692 
15 3.935235018163933 
16 4.301253352395688 
17 4.135804102600687 
18 3.3078010094962984 
19 3.162172406046884 
20 3.459313996254545 
21 4.29956937973447 
22 3.7846618472247093 
23 3.6632224198250976 
24 3.7365186361307767 
25 4.439639415236603 
26 3.1948936403111317 
27 3.2475796650668323 
28 3.184304656191964 
29 3.561281551768362 
30 3.794469982414446 
31 3.8065389018150784 
32 4.304307825311057 
33 3.9733483204384323 
34 3.900350589199782 
35 4.355748845880499 
36 4.101038237741196 
37 3.927326112850186 
38 3.889422547904313 
39 3.964499059848385 
40 3.947339371704059 
41 4.400604549546957 
42 3.652371386437035 
43 4.2349826696375725 
44 3.4704126230415797 
45 3.5307670470947046 
46 3.2973309628498697 
47 3.0505287747492806 
48 3.760756903890035 
49 3.625707715622224 
50 3.813705943029284 
51 3.7289333247734495 
52 4.063437785192822 
53 4.016908343482303 
54 3.9170874241482614 
55 3.519011068425872 
56 3.959605758593001 
57 3.8868572243566706 
58 3.7857406871825723 
59 3.933432786874037 
60 3.6026227560978668 
61 3.6200274611664742 
62 4.3248770866840855 
63 4.568261112804578 
64 4.295659216387689 
65 4.334243189710364 
66 3.4182237672734255 
67 3.783692113983933 
68 2.80091842538839 
69 2.8931554133394224 
70 4.072771929869925 
71 3.9594866362801233 
72 3.4412331738695423 
73 3.449270524835936 
74 4.290629077624997 
75 4.525326998686802 
76 3.725685954594778 
77 3.841579865999923 
78 4.644326844518722 
79 4.451108525255394 
80 4.1645321366652475 
81 4.2087261968051894 
82 4.2087261968051894 
83 4.029574888782331 
84 3.955025211056529 
85 4.000002450349961 
86 3.433920894646519 
87 3.280625344367439 
88 4.300150596291748 
89 4.170202216272143 
90 3.8212925019525077 
91 3.7455766544144202 
92 4.1560877472508775 
93 3.744189743116035 
94 4.274270781394219 
95 3.853257442452275 
96 3.9120396484969495 
97 3.4578750839008667 
98 2.8838637620634926 
99 2.894556023017662 
100 3.7719524409496628 
101 4.114178665540733 
102 3.2679558845607932 
103 3.6293583612698264 
104 3.474179315026979 
105 4.011334329680848 
106 3.251890060985034 
107 3.4834842739840464 
108 4.324865023878813 
109 4.0925717658072855 
110 3.367241446770749 
111 3.4462897735165354 
112 4.014612968878042 
113 3.9702628166992464 
114 3.8414430072721775 
115 3.742784475927692 
116 4.344849770195082 
117 4.221330397777491 
118 3.783870793174986 
119 3.9073504950576283 
120 3.6955641759573945 
121 3.8696274911097617 
122 3.8503617593845307 
123 4.4583517259316165 
124 4.112198433893147 
125 3.7943763167064377 
126 4.3953330536031565 
127 4.623770390879865 
128 3.8743967722787493 
129 4.261656440934661 
130 3.573734287641733 
131 3.7097102950123113 
132 4.019247548927721 
133 4.158053722109006 
134 3.680865362851374 
135 3.609937566330303 
136 3.77333649704327 
137 3.7465137111606523 
138 4.019641007229409 
139 3.98308651286063 
140 4.054917229815146 
141 4.490478083686515 
142 4.097899989843746 
143 4.190229533064091 
144 4.045636439126518 
145 4.288902647553046 
146 4.131853420782176 
147 4.087887389679296 
148 3.477338294005349 
149 3.5942275908435963 
150 3.45328948412338 
151 3.4179043869103696 
152 3.8444770638054067 
153 4.221642536703913 
154 4.300938391463972 
155 4.290191262555572 
156 3.6839542021653084 
157 3.9609926734719645 
158 3.797999630460149 
159 3.9906788789649488 
160 4.793085430343073 
161 3.9245924840405535 
162 3.3940067510337313 
163 3.402879059884503 
164 4.137533003768304 
165 3.804831336258951 
166 2.9565718456780625 
167 2.8013900151760307 
168 4.219799729627443 
169 4.591613750881789 
170 3.553309503099274 
171 3.632317176317392 
172 3.9154866619662942 
173 3.955600155918201 
174 3.8087426979984267 
175 3.897011786831558 
176 3.6493266868548453 
177 3.6920663352408214 
178 4.033686915174242 
179 3.7917876705413933 
180 3.741703121858678 
181 3.6429476804473513 
182 3.9642800779361167 
183 4.238210168089884 
184 3.9176487870163754 
185 3.9287497922964545 
186 3.4325916066402353 
187 3.5281906160442738 
188 4.421105601458497 
189 4.5199289785796015 
190 4.056361319942231 
191 3.938513861737227 
192 3.5228309270708644 
193 3.5049488895979257 
194 4.356087779869034 
195 4.04473575199978 
196 3.9252365629973776 
197 3.939201979098849 
198 4.1800204893258215 
199 4.542991573585922 
200 3.6329926840527387 
201 3.8349613056629623 
202 4.581221438560597 
203 4.209438479052486 
204 4.282250764548531 
205 3.8776050893432314 
206 3.4024323346016545 
207 3.432913593521631 
208 3.614646266663989 
209 3.506922054068441 
210 4.0941582321615035 
211 4.187560171912148 
212 4.073892558581664 
213 4.285037429804516 
214 3.8214440388072206 
215 4.006980191605786 
216 4.043937277476293 
217 4.395138213547088 
218 3.4728457564514796 
219 3.680570774939852 
220 3.69387937293331 
221 4.111898509512763 
222 4.157124435355225 
223 4.029679588517051 
224 3.1830045497048496 
225 3.051603415010302 
226 4.615055529507686 
227 4.151829033906067 
228 3.8209831748658587 
229 3.7152718543952696 
230 3.9440336048174176 
231 4.033571005225603 
232 3.3665014344571076 
233 3.425828532469386 
234 3.952399518816109 
235 4.052843208366396 
236 3.6963402343616667 
237 3.7708434984642074 
238 3.889591211754758 
239 3.7675618437590668 
240 3.497360613579943 
241 3.680684903932004 
242 4.468259447186892 
243 4.3541128212672096 
244 4.161861698743903 
245 4.2102941194518895 
246 3.8188179227750028 
247 4.551564607072255 
248 3.4572140135652965 
249 3.425834726849628 
250 3.542785875443027 
251 3.603162244186206 
252 3.888115394776598 
253 3.878683638963006 
254 4.131412724419467 
255 4.6258808965939355 
256 4.169149532642838 
257 3.9674624833841468 
258 4.138807474288433 
259 4.049394306291061 
260 3.6274379283650395 
261 3.473411466604262 
262 4.045746409051282 
263 4.205424139731702 
264 3.537330387485177 
265 3.8042873357490383 
266 4.041379131736712 
267 4.255177434296876 
268 3.9373776189944865 
269 3.782315752251412 
270 3.9611205020994995 
271 3.7485885204330645 
272 3.637759337065027 
273 3.553160277233954 
274 3.8953735889578396 
275 3.9161771850045874 
276 4.358335495585099 
277 4.387030785655422 
278 4.096787434807443 
279 3.893853725642666 
280 4.44820891341925 
281 4.162892557096829 
282 4.140853361404086 
283 3.4757396814181467 
284 3.9756711297164777 
285 3.9024103060869533 
286 3.8961038494620017 
287 3.8777668734344903 
288 3.035147506560177 
289 2.888836364888706 
290 3.8530226170907174 
291 3.966181799342477 
292 4.120858032815326 
293 4.206680458455401 
294 2.984167254476481 
295 2.9189472466264497 
296 3.1867072330547592 
297 3.563455674035669 
298 3.6894658873120627 
299 3.594362893340103 
300 4.275815569115668 
301 4.109555153062485 
302 3.6682721640014964 
303 3.69891338352495 
304 4.145514275162779 
305 3.9898508791798513 
306 2.9027903969605244 
307 3.2135092733470425 
308 4.043016421062198 
309 4.11918751028643 
310 2.9676074705379767 
311 2.944205172816085 
312 4.256683334088022 
313 4.4350342852394276 
314 4.669128937170434 
315 4.473133548422611 
316 4.398161260658647 
317 4.081936168617663 
318 4.243450528476856 
319 4.352767631542182 
320 4.219210974218705 
321 4.261550750281485 
322 3.766820537332235 
323 3.528671260968033 
324 4.0006627272691935 
325 4.363478485210537 
326 3.9106786232359236 
327 4.1722805507708385 
328 3.2558321557532226 
329 3.040288747829237 
330 4.0718738321733845 
331 3.574826982898308 
332 3.3239351456561113 
333 3.5199911429158024 
334 4.111649179435297 
335 4.179486515403706 
336 3.4469681444390057 
337 3.4061113672071768 
338 3.2664105238924583 
339 3.217264406381002 
340 3.1955936595560224 
341 3.2580366390221824 
342 4.145292044363156 
343 3.3888486994281073 
344 3.486266789476747 
345 3.4997772194359533 
346 4.0547190222262115 
347 3.829082838963818 
348 3.8795461215752667 
349 3.811586111475543 
350 3.0645215780425734 
351 3.057028980108711 
352 3.758062885446539 
353 4.000449609171564 
354 3.6998365054039755 
355 3.1447234522463288 
356 3.9043023979194693 
357 4.019989619846943 
358 3.583286885066923 
359 3.7530493201173227 
360 4.298330136441886 
361 4.352169934875792 
362 3.862840393027307 
363 4.007149592040505 
364 4.197352028028372 
365 3.7682757348830025 
366 3.943616537070979 
367 3.9399743239824927 
368 4.362324026364371 
369 4.2230968949030245 
370 4.376045023443233 
371 4.462171053986952 
372 4.507770664028608 
373 4.1456805584952745 
374 3.7894092179253174 
375 3.295872045975952 
376 3.870333055336671 
377 3.985902094530453 
378 3.7086572633854527 
379 4.60144473713641 
380 4.135514760649414 
381 3.6742717289877094 
382 3.782754377437694 
383 4.034715085466332 
384 3.962555312742561 
385 4.545189281998159 
386 3.6305276812404053 
387 3.575279448012366 
388 3.9559257804327514 
389 3.9270599689846226 
390 3.8358767092804493 
391 3.577125076454581 
392 4.701572531708114 
393 4.128989967996694 
394 4.108886137658127 
395 3.851986253292182 
396 4.1378549028934195 
397 4.242845784401888 
398 3.302588750894957 
399 3.355596362417785 
400 3.9728198524553235 
401 4.091690273985966 
402 3.5991671328782004 
403 4.006604451206448 
404 3.720356187172132 
405 3.6723113658323023 
406 4.38623193029223 
407 3.961764933877929 
408 3.5576751934649398 
409 3.7807949002368226 
410 3.696710254543093 
411 3.6386019646787817 
412 4.3448836143082 
413 3.8729179397038536 
414 3.882615762986122 
415 4.255856021850372 
416 3.3277010432555616 
417 3.4099683295948098 
418 3.440750724109974 
419 3.4386001709492824 
420 3.743006987310116 
421 3.82291168025256 
422 4.015712311910613 
423 3.958950952417805 
424 3.4571340644317115 
425 3.741094071809787 
426 3.8466439178770515 
427 3.933049446928955 
428 3.534376883271892 
429 3.509776747994045 
430 3.0594727988054586 
431 3.223564192718527 
432 4.219976793947435 
433 4.069568765343747 
434 3.7805176454109675 
435 3.728210868325966 
436 4.068628219260469 
437 4.217040942818523 
438 4.2465307388972215 
439 3.9266695931391875 
440 3.818009737571726 
441 3.6785609941979622 
442 3.6161288286960147 
443 3.816419122224395 
444 3.4458780943922407 
445 3.5421656493114853 
446 3.058028830825288 
447 3.0821881767038426 
448 4.048539809910507 
449 4.153315799257258 
450 3.701683592825806 
451 3.4475776614375597 
452 3.480840494459037 
453 3.518338923959722 
454 3.5338781174335536 
455 3.4885529971948577 
456 4.475222729126805 
457 4.686582388153216 
458 4.387202451897132 
459 4.255502550066372 
460 4.410379426241011 
461 3.8887173920793123 
462 4.428015149859465 
463 4.157979008091307 
464 4.162156154253229 
465 4.1423178355601165 
466 4.398128835419526 
467 4.227193176565797 
468 3.123744211721709 
469 2.917407520959337 
470 4.054087869559565 
471 4.090969046388473 
472 3.241170419875594 
473 3.4952052315895976 
474 3.970312351615588 
475 4.3197304226662485 
476 3.3772449272320615 
477 4.05938630903122 
478 3.1883455952001283 
479 3.554029039708153 
480 3.489922936171764 
481 3.45975853125431 
482 4.036095973774907 
483 4.225507958084092 
484 4.37594386144633 
485 4.497658235930308 
486 4.156896821477864 
487 4.286245718586104 
488 4.150398484329251 
489 4.047161991335848 
490 3.598254656576552 
491 3.718585138551658 
492 3.881994539790509 
493 3.915566622201869 
494 3.6409576744321606 
495 3.7889052959609857 
496 3.702039819104105 
497 3.9499839808435766 
498 4.110051924234792 
499 4.749111906446425 
500 3.8035622419965995 
501 3.6658318387968816 
502 2.835332384462624 
503 2.70584625702121 
504 4.523339775997917 
505 4.349017180742121 
506 4.2881147216171955 
507 4.199473437294619 
508 3.788118134316751 
509 3.9714067300908966 
510 3.65704509143648 
511 3.815361549056679 
512 4.019381598934725 
513 3.736211248935492 
514 3.7319543281978986 
515 3.608293502447863 
516 3.9265240505927204 
517 3.967192431183731 
518 3.7968922756776564 
519 3.703407917214882 
520 3.7014536046738185 
521 3.854347549132444 
522 3.4025771442944004 
523 3.5551481520279298 
524 3.585616264065372 
525 4.043918744472611 
526 3.720936591637779 
527 3.787232422193345 
528 4.183432600376421 
529 4.015165840096809 
530 4.004007709134683 
531 4.061022496504288 
532 3.3905164889949533 
533 3.2439441586959137 
534 4.073184434507082 
535 3.604928014927806 
536 4.115322011361443 
537 3.897748627423486 
538 4.268514644515857 
539 4.305459317616807 
540 3.2621455040043044 
541 3.6863328613414748 
542 3.6327803659821285 
543 4.413896510910695 
544 4.47761833356367 
545 3.828341625866677 
546 4.02684093805059 
547 3.830494058820928 
548 3.9688781890609772 
549 3.7694746849730416 
550 4.14673202290967 
551 4.017517072607935 
552 4.413061245740856 
553 4.454507518955611 
554 3.4012895730653474 
555 3.3588625206300518 
556 3.621470880030509 
557 4.227257184462941 
558 3.1736307422776164 
559 3.295279800970475 
560 3.2873049312743365 
561 3.3065911752499746 
562 3.923216594909959 
563 4.24861205467537 
564 4.230006058371763 
565 3.9092044898000875 
566 3.8393562230303657 
567 3.6698055627359776 
568 4.280265781617042 
569 4.007299730289227 
570 3.7271319099970244 
571 3.4915295091247813 
572 4.634177809558962 
573 4.435582568521145 
574 3.714899849027363 
575 3.7158839653433935 
576 2.5835419905810117 
577 2.778552871611133 
578 3.209529424291092 
579 3.338088901145149 
580 3.47439333065482 
581 3.813953048547794 
582 4.1869676144483075 
583 4.308508767850226 
584 3.8484213778077767 
585 4.1493793792031335 
586 3.9912931499410456 
587 4.061405104916039 
