0 6.417292692405377 
1 23.025257876274285 
2 13.150060980006709 
3 13.057459241203043 
4 11.545174032122656 
5 18.09293417306531 
6 12.208039724189318 
7 15.73517009558967 
8 9.126901299956044 
9 15.386125611236853 
10 19.371260195268842 
11 13.536562852993384 
12 7.2109948526099705 
13 33.71627009646302 
14 19.200644552887212 
15 18.404303679716364 
16 14.312588295512711 
17 13.02324079450294 
18 11.220536856016222 
19 12.755157648890618 
20 16.55236862460339 
21 9.946722254237248 
22 15.122619910366932 
23 13.813592591128852 
24 22.002213700814664 
25 18.54836198966957 
26 16.076289766193945 
27 39.53012139033401 
28 29.347009886580697 
29 15.89817415464156 
30 10.398413328044427 
31 14.772369148625184 
32 22.541780424360987 
33 12.874137872821086 
34 21.006390608409962 
35 18.5808189321012 
36 9.645027100239844 
37 21.77422687369891 
38 20.82212127981731 
39 13.216067354835458 
40 8.641599465965609 
41 23.614050298673003 
42 7.837725617264918 
43 13.713643006843245 
44 22.306330837304287 
45 7.8799419849852335 
46 12.172857134565042 
47 14.521905922596996 
48 16.8398602802425 
49 21.336589038447844 
50 12.452102661540517 
51 15.55145065905341 
52 24.131129432205878 
53 22.52979314271595 
54 8.620924678228914 
55 17.633721101333993 
56 17.945696168952857 
57 23.704936192338558 
58 10.364930818977767 
59 9.8059387792795 
60 26.278289090350917 
61 15.600791513546486 
62 29.110736321930027 
63 27.631553289326323 
