0 3.394200265338652 
1 3.1907970171810476 
2 2.7144032837192116 
3 3.58319489781501 
4 2.407175836369511 
5 2.487984515631111 
6 3.0863204865365557 
7 2.965185086773351 
8 3.583331670623824 
9 3.3585129213625238 
10 2.8728465356954214 
11 3.5945193424229553 
12 3.9461667616793172 
13 3.6904872061142027 
14 4.027786042460843 
15 3.883530684946615 
16 3.527665577803145 
17 4.534767085023789 
18 2.6359999155854856 
19 3.8662461722323553 
20 3.1717778645669723 
21 3.348511343374872 
22 3.820703172666973 
23 3.6939668423705094 
24 3.305963802120378 
25 3.230029166579849 
26 3.757809778862353 
27 3.375731343203499 
28 3.441764392795827 
29 3.413208919762508 
30 3.0199315271784997 
31 3.4809905335464353 
32 3.384266473583372 
33 3.413124723756033 
34 2.5555465001910838 
35 3.7224044644545944 
36 4.091272875209608 
37 3.634261121919084 
38 3.360780806102132 
39 3.9098596072511103 
40 2.647917019811384 
41 3.4015465784918653 
42 3.121944226239016 
43 3.5400636223943014 
44 3.0110035534359927 
45 3.103610207958203 
46 3.733261161951191 
47 4.173817003673507 
48 3.4953400922295446 
49 4.172763330994742 
50 2.961082824484186 
51 3.979073976009717 
52 3.210294361011374 
53 4.3177538043296115 
54 3.607416920309425 
55 3.792885209230319 
56 2.088465638474135 
57 3.9132134042077324 
58 3.6465673464771 
59 3.5766920552607435 
60 3.60176111947563 
61 4.337542029737981 
62 3.7584330666106416 
63 3.703499248949912 
