0 0 
1 1 
2 1 
3 1 
4 1 
5 1 
6 1 
7 2 
8 2 
9 2 
10 2 
11 2 
12 3 
13 3 
14 3 
15 2 
16 2 
17 2 
18 2 
19 2 
20 2 
21 1 
22 2 
23 2 
24 3 
25 2 
26 3 
27 2 
28 3 
29 2 
30 2 
31 2 
32 2 
33 3 
34 2 
35 3 
36 2 
37 3 
38 2 
39 2 
40 2 
41 2 
42 2 
43 2 
44 2 
45 2 
46 2 
47 2 
48 2 
49 2 
50 2 
51 2 
52 3 
53 2 
54 3 
55 2 
56 3 
57 1 
58 2 
59 2 
60 2 
61 2 
62 2 
63 2 
64 1 
65 2 
66 1 
67 2 
68 2 
69 2 
70 2 
71 2 
72 2 
73 2 
74 2 
75 2 
76 1 
77 2 
78 1 
79 2 
80 2 
81 2 
82 2 
83 2 
84 2 
85 3 
86 2 
87 3 
88 2 
89 3 
90 3 
91 3 
92 3 
93 3 
94 3 
95 3 
96 2 
97 3 
98 2 
99 2 
100 2 
101 2 
102 3 
103 2 
104 3 
105 2 
106 3 
107 3 
108 3 
109 3 
110 2 
111 3 
112 3 
113 3 
114 3 
115 3 
116 2 
117 2 
118 2 
119 2 
120 2 
121 2 
122 2 
123 2 
124 3 
125 3 
126 3 
127 3 
128 3 
129 3 
130 3 
131 3 
132 3 
133 2 
134 3 
135 2 
136 3 
137 2 
138 2 
139 2 
140 2 
141 2 
142 2 
143 3 
144 2 
145 3 
146 2 
147 3 
148 2 
149 3 
150 3 
151 3 
152 3 
153 2 
154 2 
155 2 
156 2 
157 2 
158 2 
159 2 
160 2 
161 2 
162 2 
163 2 
164 2 
165 2 
166 2 
167 3 
168 2 
169 3 
170 2 
171 3 
172 2 
173 3 
174 2 
175 3 
176 3 
177 3 
178 2 
179 3 
180 2 
181 2 
182 2 
183 2 
184 2 
185 2 
186 2 
187 3 
188 2 
189 3 
190 2 
191 2 
192 2 
193 1 
194 1 
195 1 
196 2 
197 2 
198 2 
199 2 
200 2 
201 3 
202 3 
203 3 
204 2 
205 3 
206 3 
207 3 
208 3 
209 3 
210 3 
211 3 
212 2 
213 2 
214 1 
215 3 
216 1 
217 3 
218 1 
219 2 
220 1 
221 2 
222 1 
223 2 
224 2 
225 2 
226 2 
227 2 
228 2 
229 2 
230 2 
231 2 
232 1 
233 2 
234 2 
235 2 
236 2 
237 2 
238 2 
239 2 
240 2 
241 2 
242 2 
243 2 
244 2 
245 2 
246 2 
247 2 
248 2 
249 2 
250 1 
251 3 
252 1 
253 3 
254 2 
255 3 
256 3 
257 3 
258 3 
259 3 
260 2 
261 3 
262 3 
263 3 
264 3 
265 2 
266 2 
267 2 
268 2 
269 2 
270 2 
271 2 
272 2 
273 3 
274 2 
275 3 
276 3 
277 3 
278 3 
279 2 
280 3 
281 2 
282 3 
283 2 
284 2 
285 2 
286 1 
287 3 
288 2 
289 3 
290 3 
291 3 
292 3 
293 3 
294 3 
295 3 
296 3 
297 3 
298 2 
299 3 
300 2 
301 3 
302 2 
303 2 
304 1 
305 2 
306 2 
307 2 
308 2 
309 2 
310 2 
311 2 
312 2 
313 2 
314 2 
315 2 
316 2 
317 3 
318 2 
319 3 
320 2 
321 3 
322 2 
323 3 
324 2 
325 3 
326 2 
327 2 
328 2 
329 2 
330 2 
331 2 
332 3 
333 3 
334 3 
335 2 
336 3 
337 2 
338 2 
339 2 
340 2 
341 2 
342 2 
343 2 
344 2 
345 2 
346 2 
347 3 
348 3 
349 3 
350 3 
351 3 
352 3 
353 2 
354 2 
355 2 
356 2 
357 2 
358 2 
359 2 
360 2 
361 1 
362 2 
363 2 
364 2 
365 2 
366 2 
367 2 
368 2 
369 2 
370 2 
371 2 
372 2 
373 2 
374 2 
375 2 
376 2 
377 2 
378 2 
379 2 
380 1 
381 2 
382 2 
383 2 
384 2 
385 2 
386 3 
387 2 
388 3 
389 2 
390 3 
391 3 
392 3 
393 3 
394 2 
395 3 
396 2 
397 2 
398 3 
399 2 
400 3 
401 3 
402 3 
403 3 
404 3 
405 3 
406 3 
407 3 
408 3 
409 3 
410 3 
411 3 
412 3 
413 3 
414 3 
415 2 
416 3 
417 3 
418 2 
419 3 
420 3 
421 3 
422 3 
423 2 
424 3 
425 2 
426 2 
427 2 
428 2 
429 3 
430 2 
431 3 
432 2 
433 3 
434 2 
435 3 
436 2 
437 3 
438 2 
439 3 
440 2 
441 3 
442 2 
443 3 
444 2 
445 2 
446 2 
447 3 
448 2 
449 3 
450 2 
451 3 
452 2 
453 3 
454 2 
455 3 
456 2 
457 3 
458 2 
459 3 
460 1 
461 3 
462 2 
463 2 
464 2 
465 2 
466 2 
467 2 
468 2 
469 2 
470 2 
471 3 
472 2 
473 3 
474 2 
475 3 
476 3 
477 3 
478 3 
479 3 
480 3 
481 3 
482 3 
483 3 
484 3 
485 3 
486 3 
487 3 
488 2 
489 3 
490 3 
491 3 
492 3 
493 3 
494 3 
495 3 
496 3 
497 3 
498 3 
499 3 
500 2 
501 3 
502 2 
503 3 
504 2 
505 3 
506 2 
507 3 
508 2 
509 3 
510 2 
511 3 
512 2 
513 3 
514 1 
515 2 
516 2 
517 2 
518 2 
519 2 
520 2 
521 2 
522 2 
523 2 
524 3 
525 2 
526 3 
527 2 
528 3 
529 3 
530 2 
531 3 
532 2 
533 3 
534 2 
535 3 
536 2 
537 2 
538 2 
539 2 
540 2 
541 2 
542 2 
543 2 
544 3 
545 2 
546 3 
547 2 
548 3 
549 1 
550 3 
551 2 
552 3 
553 3 
554 3 
555 3 
556 3 
557 3 
558 2 
559 3 
560 2 
561 3 
562 2 
563 3 
564 2 
565 3 
566 2 
567 3 
568 2 
569 3 
570 3 
571 2 
572 3 
573 2 
574 2 
575 2 
576 3 
577 2 
578 3 
579 2 
580 3 
581 2 
582 3 
583 2 
584 3 
585 2 
586 3 
587 2 
588 3 
589 2 
590 2 
591 2 
592 3 
593 2 
594 3 
595 3 
596 3 
597 3 
598 3 
599 3 
600 2 
601 3 
602 3 
603 2 
604 3 
605 2 
606 3 
607 2 
608 3 
609 2 
610 3 
611 2 
612 3 
613 3 
614 3 
615 3 
616 2 
617 3 
618 2 
619 3 
620 2 
621 3 
622 2 
623 3 
624 3 
625 3 
626 3 
627 3 
628 3 
629 3 
630 2 
631 3 
632 2 
633 3 
634 2 
635 2 
636 2 
637 3 
638 3 
639 3 
640 3 
641 3 
642 3 
643 2 
644 3 
645 3 
646 3 
647 2 
648 3 
649 2 
650 2 
651 3 
652 2 
653 3 
654 2 
655 3 
656 2 
657 3 
658 2 
659 3 
660 3 
661 3 
662 3 
663 3 
664 2 
665 2 
666 2 
667 2 
668 2 
669 2 
670 2 
671 2 
672 2 
673 2 
674 2 
675 2 
676 3 
677 2 
678 3 
679 2 
680 3 
681 3 
682 3 
683 3 
684 2 
685 3 
686 2 
687 3 
688 3 
689 3 
690 2 
691 2 
692 2 
693 2 
694 3 
695 2 
696 2 
697 2 
698 2 
699 1 
700 2 
701 2 
702 2 
703 2 
704 2 
705 2 
706 2 
707 2 
708 2 
709 2 
710 2 
711 2 
712 2 
713 2 
714 2 
715 2 
716 1 
717 1 
718 2 
719 2 
720 2 
721 2 
722 2 
723 2 
724 2 
725 2 
726 2 
727 2 
728 2 
729 2 
730 2 
731 3 
732 2 
733 3 
734 2 
735 3 
736 2 
737 2 
738 2 
739 2 
740 2 
741 2 
742 1 
743 2 
744 2 
745 3 
746 2 
747 3 
748 2 
749 3 
750 2 
751 3 
752 2 
753 2 
754 3 
755 2 
756 2 
757 2 
758 2 
759 2 
760 2 
761 2 
762 3 
763 2 
764 3 
765 2 
766 3 
767 2 
768 3 
769 2 
770 3 
771 2 
772 3 
773 3 
774 3 
775 3 
776 2 
777 3 
778 2 
779 3 
780 2 
781 3 
782 3 
783 3 
784 2 
785 2 
786 3 
787 2 
788 3 
789 2 
790 3 
791 2 
792 3 
793 2 
794 3 
795 2 
796 2 
797 2 
798 3 
799 3 
800 3 
801 3 
802 3 
803 3 
804 3 
805 3 
806 3 
807 3 
808 2 
809 3 
810 2 
811 3 
812 3 
813 3 
814 3 
815 3 
816 3 
817 3 
818 3 
819 3 
820 2 
821 3 
822 2 
823 2 
824 2 
825 2 
826 2 
827 3 
828 2 
829 3 
830 2 
831 3 
832 2 
833 3 
834 3 
835 2 
836 3 
837 2 
838 3 
839 2 
840 3 
841 2 
842 2 
843 2 
844 2 
845 3 
846 2 
847 3 
848 3 
849 3 
850 3 
851 3 
852 3 
853 3 
854 3 
855 3 
856 3 
857 3 
858 3 
859 2 
860 3 
861 2 
862 2 
863 2 
864 2 
865 2 
866 2 
867 3 
868 3 
869 3 
870 3 
871 3 
872 3 
873 3 
874 3 
875 2 
876 3 
877 2 
878 3 
879 3 
880 3 
881 3 
882 2 
883 3 
884 2 
885 3 
886 2 
887 3 
888 2 
889 3 
890 2 
891 2 
892 2 
893 2 
894 2 
895 2 
896 3 
897 3 
898 3 
899 3 
900 3 
901 3 
902 3 
903 2 
904 2 
905 2 
906 3 
907 2 
908 3 
909 2 
910 3 
911 2 
912 3 
913 3 
914 3 
915 3 
916 3 
917 3 
918 3 
919 2 
920 3 
921 2 
922 3 
923 2 
924 3 
925 2 
926 3 
927 2 
928 2 
929 3 
930 2 
931 3 
932 2 
933 3 
934 2 
935 3 
936 2 
937 2 
938 1 
939 2 
940 2 
941 3 
942 2 
943 3 
944 2 
945 2 
946 2 
947 1 
948 2 
949 1 
950 2 
951 1 
952 2 
953 0 
954 2 
955 1 
956 1 
957 1 
958 2 
959 1 
960 2 
961 2 
962 2 
963 2 
964 2 
965 2 
966 1 
967 2 
968 2 
969 2 
970 2 
971 2 
972 2 
973 2 
974 2 
975 1 
976 3 
977 2 
978 3 
979 3 
980 3 
981 3 
982 3 
983 3 
984 3 
985 3 
986 2 
987 3 
988 2 
989 3 
990 2 
991 2 
992 2 
993 2 
994 2 
995 3 
996 1 
997 3 
998 2 
999 3 
1000 2 
1001 3 
1002 2 
1003 2 
1004 2 
1005 3 
1006 2 
1007 3 
1008 2 
1009 3 
1010 2 
1011 2 
1012 2 
1013 2 
1014 2 
1015 2 
1016 2 
1017 2 
1018 2 
1019 3 
1020 3 
1021 3 
1022 3 
1023 2 
1024 3 
1025 2 
1026 3 
1027 2 
1028 3 
1029 2 
1030 3 
1031 2 
1032 3 
1033 2 
1034 3 
1035 3 
1036 2 
1037 3 
1038 2 
1039 3 
1040 2 
1041 3 
1042 2 
1043 3 
1044 2 
1045 2 
1046 2 
1047 2 
1048 2 
1049 2 
1050 1 
1051 3 
1052 2 
1053 3 
1054 2 
1055 3 
1056 2 
1057 2 
1058 3 
1059 2 
1060 3 
1061 2 
1062 3 
1063 2 
1064 3 
1065 2 
1066 2 
1067 2 
1068 2 
1069 2 
1070 3 
1071 3 
1072 3 
1073 2 
1074 3 
1075 2 
1076 3 
1077 2 
1078 3 
1079 2 
1080 3 
1081 1 
1082 2 
1083 2 
1084 2 
1085 2 
1086 2 
1087 2 
1088 2 
1089 2 
1090 3 
1091 2 
1092 2 
1093 2 
1094 2 
1095 2 
1096 2 
1097 1 
1098 3 
1099 2 
1100 2 
1101 2 
1102 3 
1103 2 
1104 3 
1105 2 
1106 3 
1107 2 
1108 3 
1109 3 
1110 3 
1111 3 
1112 3 
1113 3 
1114 3 
1115 2 
1116 3 
1117 2 
1118 2 
1119 2 
1120 2 
1121 2 
1122 2 
1123 2 
1124 3 
1125 2 
1126 3 
1127 3 
1128 2 
1129 2 
1130 2 
1131 2 
1132 2 
1133 3 
1134 2 
1135 2 
1136 2 
1137 2 
1138 2 
1139 2 
1140 2 
1141 2 
1142 2 
1143 3 
1144 2 
1145 3 
1146 2 
1147 3 
1148 3 
1149 2 
1150 3 
1151 2 
1152 3 
1153 3 
1154 3 
1155 3 
1156 2 
1157 3 
1158 2 
1159 2 
1160 3 
1161 2 
1162 3 
1163 2 
1164 2 
1165 2 
1166 2 
1167 2 
1168 2 
1169 2 
1170 2 
1171 2 
1172 2 
1173 2 
1174 2 
1175 1 
1176 2 
1177 1 
1178 2 
1179 2 
1180 2 
1181 2 
1182 2 
1183 2 
1184 2 
1185 2 
1186 3 
1187 2 
1188 3 
1189 2 
1190 3 
1191 2 
1192 3 
1193 3 
1194 2 
1195 3 
1196 2 
1197 3 
1198 2 
1199 3 
1200 1 
1201 2 
1202 2 
1203 2 
1204 2 
1205 2 
1206 2 
1207 3 
1208 2 
1209 3 
1210 2 
1211 3 
1212 2 
1213 3 
1214 2 
1215 2 
1216 2 
1217 3 
1218 2 
1219 3 
1220 2 
1221 3 
1222 2 
1223 3 
1224 2 
1225 2 
1226 2 
1227 2 
1228 2 
1229 2 
1230 2 
1231 3 
1232 2 
1233 3 
1234 2 
1235 3 
1236 3 
1237 3 
1238 3 
1239 3 
1240 3 
1241 3 
1242 3 
1243 3 
1244 2 
1245 3 
1246 2 
1247 2 
1248 2 
1249 2 
1250 2 
1251 3 
1252 2 
1253 3 
1254 2 
1255 3 
1256 2 
1257 2 
1258 2 
1259 2 
1260 3 
1261 2 
1262 3 
1263 2 
1264 3 
1265 2 
1266 3 
1267 2 
1268 3 
1269 2 
1270 3 
1271 2 
1272 2 
1273 2 
1274 2 
1275 2 
1276 1 
1277 2 
1278 2 
1279 3 
1280 2 
1281 3 
1282 3 
1283 3 
1284 3 
1285 3 
1286 3 
1287 3 
1288 3 
1289 2 
1290 2 
1291 2 
1292 2 
1293 2 
1294 2 
1295 2 
1296 3 
1297 2 
1298 3 
1299 2 
1300 3 
1301 3 
1302 2 
1303 3 
1304 3 
1305 3 
1306 3 
1307 3 
1308 3 
1309 3 
1310 2 
1311 3 
1312 3 
1313 2 
1314 2 
1315 2 
1316 2 
1317 2 
1318 2 
1319 3 
1320 2 
1321 3 
1322 3 
1323 2 
1324 3 
1325 2 
1326 3 
1327 3 
1328 3 
1329 2 
1330 3 
1331 2 
1332 3 
1333 2 
1334 3 
1335 2 
1336 2 
1337 3 
1338 2 
1339 3 
1340 2 
1341 2 
1342 2 
1343 3 
1344 2 
1345 2 
1346 2 
1347 2 
1348 3 
1349 2 
1350 3 
1351 1 
1352 3 
1353 2 
1354 3 
1355 3 
1356 3 
1357 3 
1358 2 
1359 3 
1360 2 
1361 3 
1362 2 
1363 2 
