0 30.0 
1 1.2160641317110195 
2 0.9728968353785227 
3 1.2160641317110195 
4 0.9961374747916387 
5 1.190513757399845 
6 1.0353851204658773 
7 1.0835612449803635 
8 0.9764674160134423 
9 1.1839774727336727 
10 0.9887465696423576 
11 1.1848146358248182 
12 0.8505976321850486 
13 1.0251840085918325 
14 0.7911071822869622 
15 1.1273131351351757 
16 0.8642746292772121 
17 1.1273131351351757 
18 0.8693325719515455 
19 1.1264759720440303 
20 0.9485150152170243 
21 1.2238334936967612 
22 0.9962238030021395 
23 1.1915747163519514 
24 0.9450220746183567 
25 1.168909240774691 
26 1.0252402888145404 
27 1.0625392106569032 
28 0.9564262099172433 
29 1.041038162322794 
30 5.004872736225029 
31 1.048873140735115 
32 1.0637510767714424 
33 0.8822392333049134 
34 0.9668479452438727 
35 0.9771098007072648 
36 1.052587053124218 
37 1.0114793036301675 
38 1.1187851066649213 
39 5.333595925893886 
40 5.2191628038562285 
41 5.552218252274714 
42 5.330503179770285 
43 5.431285254390828 
44 5.4553441566690575 
45 5.584659095032886 
46 5.627289246805428 
47 5.852067367853057 
48 5.9742092077904285 
49 6.0217197137617715 
50 6.236623150191086 
51 5.502652062613229 
52 1.071183001234373 
53 5.0429346985734 
54 0.9579873938143838 
55 4.586641223734199 
56 0.8574308770156757 
57 9.296724743039 
58 0.8543426623831394 
59 0.8974039530549273 
60 0.8903243120480545 
61 0.9324432785951939 
62 0.9247164581862848 
63 0.9751741620067151 
64 10.468086088211534 
65 1.0296711195512183 
66 11.123948331325002 
67 1.031253517980903 
68 1.0470008742456303 
69 1.0929769901267818 
70 1.0872277426393637 
71 1.1295355917752363 
72 1.1417140340114424 
73 1.1669137140418666 
74 1.1682358671078241 
75 1.2164864129747697 
76 12.6866168199728 
77 1.2063880646491698 
78 13.208569380941134 
79 1.1547807847002727 
80 1.1489604441585273 
81 1.1645257236493576 
82 1.1496491393653212 
83 1.1023807664954908 
84 1.1884673043630363 
85 0.9656967624580972 
86 1.1456817038045697 
87 0.9956891640396972 
88 1.1790621618887394 
89 0.9798101585288216 
90 1.0304455952300433 
91 1.029936229753762 
92 1.0272095797055567 
93 1.0149062880466109 
94 1.0085781669254055 
95 0.9644943554022053 
96 5.018454000183371 
97 0.9749439319158 
98 4.805882123173457 
99 1.0788441715095456 
100 1.0258669340546303 
101 1.029159739901115 
102 0.8916354566115136 
103 1.0495793697801514 
104 0.985545638880546 
105 1.0284638469813574 
106 1.0021044240218162 
107 0.9313226061396054 
108 0.992582273580708 
109 0.9294762559550378 
110 5.081179645521514 
111 0.9401145020021243 
112 0.9184937924147676 
113 0.9594426164170973 
114 0.9524031253377351 
115 0.9920174157634054 
116 1.0330712876225938 
117 5.038349489536457 
118 1.0205030203307153 
119 5.438924060852914 
120 0.9842663371546486 
121 5.107775589211571 
122 0.9243209317600242 
123 1.037246731505921 
124 0.8667145305726702 
125 0.989299652338919 
126 0.9666181444980109 
127 0.9922877024141946 
128 1.022201455204081 
129 1.0021768998862863 
130 1.036571313710492 
131 1.026258204329562 
132 1.0266811825713675 
133 1.1256747598527213 
134 0.9655699660733784 
135 1.0976064452778849 
136 0.9979963963010595 
137 1.1456453774666244 
138 1.1573451232491756 
139 1.1245874857269273 
140 1.1501011611777636 
141 1.1543479916323696 
142 1.1700993914316484 
143 0.9880498268517947 
144 1.1074911177699274 
145 0.9619678929163621 
146 1.0993910533703273 
147 0.9844197922490541 
148 1.0525991841327333 
149 0.9914997408814488 
150 0.9158438402761135 
151 0.9528149111461622 
152 0.875184071603081 
153 1.0412828070605578 
154 0.9434710536122303 
155 1.0891561649199517 
156 0.991587326195012 
157 1.0833524401302304 
158 1.0529441827605455 
159 1.117121104477909 
160 1.1611406819041517 
161 1.0899545874410363 
162 1.146269175815782 
163 1.0957583122307577 
164 1.1624597041951454 
165 1.053505100241194 
166 1.1281600678996606 
167 0.9432005128776703 
168 1.0571490900428606 
169 1.036080768927065 
170 1.1179097847139818 
171 1.0375415164638757 
172 1.1088283310896667 
173 0.9517723304044108 
174 1.0742145838833939 
175 1.023288995797362 
176 0.9645906412036215 
177 1.0429929165012648 
178 5.047128032696857 
179 1.0623424408104973 
180 5.132832079769942 
181 1.2117547125638486 
182 5.246483724825943 
183 1.1564175896251212 
184 5.4785284060554575 
185 1.1624964085662242 
186 5.441925578231657 
187 0.9923925269731891 
188 5.217658156573486 
189 0.9475356106686811 
190 4.816377371226743 
191 1.0192913460366122 
192 4.454477585211543 
193 9.927823249876868 
194 10.060071457654734 
195 10.5094610563308 
196 0.941976098631497 
197 1.0786591160495456 
198 1.0091821797014122 
199 1.0712110985627756 
200 0.9884304379390848 
201 0.9927209462424811 
202 0.9108799623979783 
203 0.9667883048605351 
204 4.8924991999397145 
205 0.8586533081571892 
206 0.8687157392069838 
207 0.8794475555017353 
208 0.9128254628555513 
209 0.9218728365747405 
210 0.914672772969681 
211 0.901207246021319 
212 1.0499962442021515 
213 5.166682264283657 
214 12.000851084945198 
215 0.9552415691950757 
216 11.616655519350532 
217 0.8855878805733892 
218 11.256379471629868 
219 1.0489303637943637 
220 11.563824275924134 
221 1.0872167290377697 
222 11.922105979124533 
223 1.1346527851094486 
224 1.1348767815183272 
225 1.1442612994441879 
226 1.1534503566495575 
227 1.1247937950592726 
228 1.1249783110346847 
229 1.0585609835914604 
230 1.1158160178757939 
231 1.0919285551032547 
232 12.347202753923932 
233 1.1368982946543151 
234 1.168694811362685 
235 1.194510692061321 
236 1.2206810144639213 
237 1.211230003650406 
238 1.228682958855709 
239 1.191259316895309 
240 1.215085193158794 
241 1.2057123041223636 
242 5.636632520567372 
243 1.1909021990475273 
244 5.510263560634286 
245 1.1889832416440183 
246 5.450911605553943 
247 1.1891077725124608 
248 5.657052602059028 
249 1.1879586333623455 
250 12.969279788577666 
251 0.9889996873184649 
252 11.928262590016866 
253 0.9904745771223838 
254 5.080184153331257 
255 0.930112552201627 
256 0.8630808749830108 
257 0.9581984062732973 
258 0.8816523736712433 
259 0.9485519500436812 
260 0.9818241034810606 
261 0.9584607760773513 
262 0.8819612313793297 
263 0.9303252714186216 
264 0.8589364049626 
265 4.466443902890686 
266 4.354768085097429 
267 4.4279981360142004 
268 4.399470015495371 
269 4.648191633954772 
270 4.604496558402943 
271 4.929281306562486 
272 4.911062603594229 
273 0.943431161600227 
274 4.864830419082457 
275 0.9355619251402216 
276 0.9040403043701513 
277 0.9301942056825999 
278 0.9083512463095568 
279 1.0546989650646605 
280 0.9243914082143676 
281 1.067172003672303 
282 0.9553150262041622 
283 1.044441344011097 
284 4.989667957180543 
285 1.077892739930691 
286 11.955138838054198 
287 0.9495682821000918 
288 5.018181234429143 
289 0.9714322810294649 
290 0.9606476932403243 
291 0.987262996023481 
292 1.022264932465708 
293 1.0106936127414865 
294 1.0012691708015027 
295 1.0548204529874055 
296 1.003222315490919 
297 1.0843919817576542 
298 5.208509596816801 
299 1.0808966267706432 
300 4.9106547817740855 
301 1.0909478568151296 
302 5.001186373909628 
303 1.1867314664987152 
304 11.829237500628134 
305 1.135350028131503 
306 1.1060819528175576 
307 1.139947983001885 
308 1.1277184671714728 
309 1.1587974926038787 
310 1.124063530717685 
311 1.1548928695508 
312 1.1224956762596061 
313 1.137764525055612 
314 1.1706995290181879 
315 1.1204436840695817 
316 1.1420364200707334 
317 0.9953634074144109 
318 1.1771770659036243 
319 1.0532439543196108 
320 1.2266232457718 
321 1.1111322958064216 
322 1.1894381843393576 
323 1.095601554322108 
324 1.1910727072137517 
325 1.0855983204737352 
326 1.1861516939237153 
327 1.1703726354715334 
328 1.1494525812520788 
329 1.1600572465840486 
330 1.1451894173933697 
331 1.1774395579084909 
332 1.0144957520442108 
333 0.9978699627660974 
334 0.9887668665978595 
335 4.990037846124829 
336 0.9370490778342703 
337 4.630459124335286 
338 4.729182624560201 
339 4.661010673652086 
340 4.761316239185829 
341 4.8603668061274 
342 4.8464232335493715 
343 5.245005159915286 
344 5.237278935955943 
345 5.492799653389629 
346 5.699028890394857 
347 1.0361140802652054 
348 1.0890121046310648 
349 0.9989074059762704 
350 1.061107246742892 
351 0.9688876542588648 
352 1.017781925956411 
353 1.0668685467367576 
354 1.0755727967465696 
355 1.0779184428803454 
356 1.0881412364095697 
357 1.102877046060903 
358 1.1299185413822423 
359 1.1206998074583272 
360 1.1403372907914968 
361 12.4002709792238 
362 1.1469626340970607 
363 1.1957571363299635 
364 1.1695279156028728 
365 1.1902370009953878 
366 1.1607901999306787 
367 1.211601266505012 
368 1.2384107654144545 
369 1.2754355875566483 
370 1.2581133673155211 
371 5.693238194570285 
372 1.2863541796316547 
373 5.764018795875029 
374 1.281841679539515 
375 5.680843427815256 
376 1.2601013518573454 
377 5.545533176392914 
378 1.2402982161852303 
379 5.412195693853972 
380 12.883466446694733 
381 5.227524255683571 
382 5.404398657355771 
383 5.142525373025828 
384 5.084707240151943 
385 5.1693979627948865 
386 0.9522517957815458 
387 5.277733374823343 
388 0.9742864036650648 
389 5.4119433738634575 
390 0.9953456027070486 
391 1.0313135666503297 
392 1.0006794489483621 
393 0.9705232791223676 
394 5.125525644022515 
395 0.9635973849832108 
396 5.077189152555314 
397 1.0388743529147515 
398 0.9150570673910757 
399 1.020059874694103 
400 0.9163808737886865 
401 0.9428078494371513 
402 0.9714497058175134 
403 0.9599188530306216 
404 0.9944960996227297 
405 0.9831610613277189 
406 1.0381295785577245 
407 1.016869202084719 
408 1.0578481874861134 
409 1.0182466827894163 
410 1.052860191461908 
411 1.0685576197880973 
412 1.022595069055919 
413 1.0743710745216866 
414 1.022667528409162 
415 1.1750060840662062 
416 1.0038813872741836 
417 1.013572900385692 
418 1.080728492619479 
419 1.013572900385692 
420 0.9256346123903567 
421 0.9869616175452163 
422 0.9141033833572 
423 1.083981303115618 
424 0.8944846291381513 
425 1.1398046289865698 
426 4.698125400833143 
427 1.1398046289865698 
428 4.961687844872315 
429 1.0453423766575405 
430 5.269014448949457 
431 1.0197434026490486 
432 5.178720942983342 
433 0.9469523319238378 
434 5.044219921019542 
435 0.929654614180827 
436 4.980802548604371 
437 0.9304823138314109 
438 4.751563140063601 
439 0.9883876530173136 
440 4.9710730510156 
441 1.0928989243880054 
442 5.417057023734914 
443 1.110196642131016 
444 5.488765680838343 
445 1.1784472648367272 
446 5.1508259736054 
447 1.0427536902128487 
448 5.269117267792715 
449 0.9502669453598973 
450 4.8927842772990005 
451 0.9502669453598973 
452 4.935972759145572 
453 1.0144602880913731 
454 5.272133912065542 
455 1.0238294732689461 
456 5.0611984254275715 
457 1.0737837225859297 
458 5.3864586138082 
459 1.0292753917059296 
460 12.088569873252935 
461 1.0339542570335134 
462 1.078981122674879 
463 1.1078848808679698 
464 1.0495267897012788 
465 1.056099739954903 
466 0.9831060653866547 
467 1.1060030200324786 
468 1.0292388741757819 
469 1.0637913891980606 
470 4.893476726185943 
471 0.978236177253 
472 5.232277764992543 
473 1.008685614579973 
474 5.512329969721857 
475 0.9768275591172216 
476 0.9942780033257621 
477 0.9970752834178864 
478 1.030983525540465 
479 1.0040321149996487 
480 1.0082955487901406 
481 1.0383423724628593 
482 1.0037652689935568 
483 1.0008600212831027 
484 1.0089144689361782 
485 0.9954579933560163 
486 0.9810796859871568 
487 1.0555188229753945 
488 5.166109782031342 
489 1.032896211271892 
490 0.9595444795848596 
491 1.1022366179144 
492 0.992124255387935 
493 1.1176451665471947 
494 0.9944141709266 
495 1.0910617357329189 
496 1.0248550438082378 
497 1.132981401284919 
498 1.037269963362919 
499 1.0745935038048486 
500 1.157836634517194 
501 1.0595453882336217 
502 1.1426902192304182 
503 1.0155144869854162 
504 1.134029951278612 
505 0.9906495319533243 
506 1.131658442607903 
507 1.0010237453826865 
508 1.1244390874357757 
509 1.011328339432892 
510 1.1435271516580061 
511 1.0233612218797135 
512 1.1175771285082121 
513 1.031883375516508 
514 12.221670152888132 
515 5.383520021442857 
516 5.247901703312714 
517 5.137630038449229 
518 4.970751300419857 
519 5.207257540663543 
520 5.144311519638686 
521 5.291079356131143 
522 5.1569221738570565 
523 5.4673892957087995 
524 0.9405568161466756 
525 5.4890160038141715 
526 0.9510452537653243 
527 5.271305949885914 
528 0.9083939546886163 
529 0.883815076106454 
530 0.9796502034448968 
531 0.8921762847165513 
532 4.763604683762372 
533 0.9357067264464702 
534 4.910794616780172 
535 1.0069968300761405 
536 5.100629916625372 
537 5.746464272683714 
538 5.384737707954572 
539 5.623671278826657 
540 5.588498942556714 
541 5.425194289137686 
542 5.4068490844244 
543 5.241772039762429 
544 0.9941833385514648 
545 5.163406977753829 
546 0.9494986039871893 
547 5.113530920732372 
548 0.935067844754319 
549 12.327291065658533 
550 0.9552297369078325 
551 5.168984335274543 
552 0.9426606398291244 
553 0.9670645948832162 
554 0.9594832219369838 
555 0.9502579121530649 
556 0.9190788029052325 
557 0.9445398536588433 
558 4.777332105048371 
559 0.9205264382456757 
560 4.852517893262514 
561 0.8749511628270162 
562 4.663720165619686 
563 0.8725457790677891 
564 4.6923389708984855 
565 0.8440871945439784 
566 4.677014911005829 
567 0.8607555483106001 
568 4.943457975425772 
569 0.8584742257830702 
570 0.926836613189746 
571 0.953548439939606 
572 0.9195119665452811 
573 0.9499515796385212 
574 1.0522583816804847 
575 0.9421648872973031 
576 0.8764184351392325 
577 1.0496789654733334 
578 0.9210948196309405 
579 1.0531792301362788 
580 0.9525734575859838 
581 1.0618932952269333 
582 0.9421643856632269 
583 1.050590352256394 
584 0.9289163617818271 
585 1.0518031765789515 
586 0.9375179220056811 
587 1.1122108247436364 
588 0.9430428876677892 
589 1.183982002609497 
590 1.085816602078394 
591 1.2561857454938 
592 1.006366616721784 
593 1.230949811692897 
594 1.0190382172363568 
595 1.0649700375741298 
596 1.0576293401018866 
597 1.040331851914319 
598 1.0474314659058757 
599 1.031406494888319 
600 1.1776163155990849 
601 1.0352790419106919 
602 1.015602169890454 
603 1.1653791174361394 
604 1.0217512676430378 
605 1.1699935072427756 
606 1.0745260599246 
607 1.159183762522806 
608 1.0759540134918324 
609 1.196666573295285 
610 1.1098039178551893 
611 1.1653846275443394 
612 1.062378587396443 
613 1.0214941774301622 
614 1.031688318133773 
615 1.0056748834695297 
616 5.4940065121654 
617 0.9226862198666108 
618 5.211286823769915 
619 1.0098540245657892 
620 5.461963570480428 
621 0.9910250321970541 
622 1.1125614716418606 
623 1.0031913529388217 
624 0.9744136536471946 
625 1.0014938307237136 
626 0.9708345910023136 
627 0.9935855819134163 
628 0.9333391585122 
629 1.0115422566686865 
630 5.0524843107996285 
631 0.989435098850973 
632 1.0524494019594182 
633 0.9864772784926378 
634 1.1147105620628242 
635 4.9318348127086855 
636 1.0807545415676425 
637 0.9202822154930974 
638 0.9705892233045891 
639 0.9029413159337784 
640 0.9563096725972865 
641 0.9002611004097458 
642 0.9201727280070379 
643 0.9869852815456364 
644 0.8785026040090055 
645 0.8938742295512001 
646 0.9299867511374162 
647 0.9994470203532121 
648 0.948162958163681 
649 1.0185173650053092 
650 1.0926206654730122 
651 0.9306425399407783 
652 1.1452043772698666 
653 0.9855682002634272 
654 1.0982342529823335 
655 1.0193295381386163 
656 1.1723547952410243 
657 1.0617306300292433 
658 1.1885818767909941 
659 1.0684331766989352 
660 1.0395051485611406 
661 1.0022199796251892 
662 1.0194286717485568 
663 1.0632590770263406 
664 5.432087579491172 
665 5.783488611345257 
666 5.179927798659086 
667 1.188592348282188 
668 5.279841828304599 
669 1.2012888879752728 
670 5.555382429851171 
671 1.157853905438903 
672 5.555382429851171 
673 1.1135513263427455 
674 5.590614550841657 
675 4.995804383022515 
676 1.004983873624719 
677 4.999751182419457 
678 0.9776509262742973 
679 4.857584320718572 
680 0.9018033355703189 
681 0.9021111527087945 
682 0.9031389388330485 
683 1.0286706866078974 
684 5.0683111684165425 
685 1.0331719048122756 
686 4.916081543318143 
687 1.022262983720784 
688 0.9179510407075947 
689 1.024731787081665 
690 1.034826894967715 
691 1.0521297001870726 
692 1.0227887665832183 
693 1.041839985769188 
694 0.9014809834743026 
695 1.0492905629102787 
696 4.781214983486114 
697 1.0359521502058484 
698 4.709043973045199 
699 11.721739052630399 
700 4.879591708611714 
701 1.0864809659517396 
702 5.1884615166092 
703 1.1417902775961333 
704 5.531435764410029 
705 1.2184893370555758 
706 5.857665425499972 
707 1.2825737173172365 
708 5.804868028753343 
709 1.2342066183997757 
710 5.385095366810028 
711 1.2582990678101333 
712 5.338518716177057 
713 1.2460188207018241 
714 5.224412568679543 
715 1.2019721721414183 
716 12.098356968818534 
717 14.076676115748066 
718 1.1453280980214726 
719 5.753425894436028 
720 1.1164483953724607 
721 5.6357171341829995 
722 1.122660376128291 
723 5.638360520403199 
724 1.1388818730576604 
725 5.680725552357514 
726 5.4095078905938285 
727 5.683351552759314 
728 5.3959345210178284 
729 5.564814302979172 
730 5.335490122507172 
731 0.9961470204039189 
732 5.141820381421743 
733 0.9142861834372271 
734 1.0294336173358727 
735 0.8769841621488433 
736 1.0086156107039213 
737 0.9751429243956303 
738 0.9985373638800848 
739 4.9353103648308565 
740 1.0256517551310484 
741 5.181897258251771 
742 12.535944921977467 
743 5.403701702021286 
744 1.1695134734941697 
745 1.0309172788407945 
746 1.180865515837721 
747 1.007181522560627 
748 1.1555251267288122 
749 0.986236741323827 
750 1.097759612574709 
751 0.9763222519928053 
752 5.188085172380114 
753 4.987316467916514 
754 0.9483247505565352 
755 1.0035214827631453 
756 1.0348872058389698 
757 0.9459192681250667 
758 1.015384436742994 
759 0.9017394124562425 
760 0.9824554024336001 
761 1.0045997953771273 
762 0.8943644188082108 
763 1.0330156770589454 
764 0.9232111501161891 
765 1.064446312801612 
766 0.9113937861273189 
767 1.1232177025132 
768 0.9282829947126163 
769 1.059900778846715 
770 0.9750060081689838 
771 1.1221627846826545 
772 1.0563616241110918 
773 1.0009441929233351 
774 1.0413979733251026 
775 0.9570966114826378 
776 1.1288839638132848 
777 0.9017343881537567 
778 1.0355088825084666 
779 0.859665714246454 
780 1.0274572729253213 
781 0.9568843675420108 
782 1.0145209850516757 
783 0.9531126288307298 
784 5.367637787114343 
785 1.0841412100960364 
786 1.036836187967989 
787 1.089273310345697 
788 0.9436875374858541 
789 1.028323841003897 
790 0.9034253417202702 
791 1.0339932436514547 
792 0.9038221482690053 
793 1.0397463734713879 
794 0.9148530325781621 
795 1.034850143963097 
796 5.0351746002004 
797 0.9751987347648788 
798 0.9110240215958109 
799 0.9254555641002432 
800 0.911505130748935 
801 0.9241943496716756 
802 0.9125838750688704 
803 0.990470842872427 
804 0.9323575581418378 
805 1.0486258349949298 
806 0.9459141698233405 
807 1.0647634953742 
808 5.170400005173429 
809 1.1516783897922054 
810 5.449566313422971 
811 1.0654096622654379 
812 0.9735300541572648 
813 1.0857471269456 
814 0.989596703442427 
815 1.0345748666657621 
816 1.0386602287367028 
817 1.0051850592276488 
818 0.9841828933580485 
819 1.0203179062033136 
820 5.400461644082543 
821 1.0422684083838378 
822 5.657402478817828 
823 5.537290728140829 
824 5.499787817192571 
825 5.730779164450515 
826 5.541726207558486 
827 1.1015008667629567 
828 5.616824278641372 
829 1.051258083968373 
830 5.333432441168343 
831 1.0723951793910973 
832 5.3275171965528285 
833 1.0214219438724756 
834 1.0184579387736865 
835 5.460899920199229 
836 1.0292115713155081 
837 5.487152792803315 
838 1.0532809225991946 
839 5.480504704681114 
840 1.0677869219805083 
841 5.555703814522315 
842 5.798220716578428 
843 5.715391061188514 
844 5.625286084085199 
845 1.046439807422438 
846 5.3963250040944 
847 1.0163932235655568 
848 0.9867906269196649 
849 0.9680825518902649 
850 0.9497708281120865 
851 0.9881137394160973 
852 0.9845216544298433 
853 1.0057185159391515 
854 1.0149347479406974 
855 1.0477953513761082 
856 1.0422006388647893 
857 1.0916574789022973 
858 1.0586304879153297 
859 1.148505051504909 
860 1.014705671156773 
861 1.1685827439771272 
862 1.1069587527576303 
863 1.1039094017750122 
864 1.0800006138985878 
865 1.0929029640644847 
866 1.0916075304316606 
867 0.9483575205423946 
868 0.9668511067249783 
869 0.979528358405292 
870 0.960207524029746 
871 0.9922643575039026 
872 0.9918356925269352 
873 1.0309412706844594 
874 0.9605664072195028 
875 1.176548316440988 
876 0.9714468483470486 
877 1.1528996778353333 
878 1.0083497853912595 
879 1.0616232861869512 
880 0.9791552807320758 
881 1.035403750831827 
882 5.1943046633969425 
883 1.0776863607420217 
884 5.320036796039629 
885 1.0602687370714108 
886 5.588154897974829 
887 1.1011386904023404 
888 5.618934267692114 
889 1.0956166102825189 
890 5.704207406271543 
891 5.9287227015456 
892 5.615998449832886 
893 5.993461283050743 
894 5.510372453186514 
895 5.776508756664429 
896 1.014381188589281 
897 1.0757482614129243 
898 1.031850697632427 
899 1.0192469596603513 
900 1.0213219223618866 
901 0.9542925744736973 
902 0.9393731609556542 
903 1.0448104976147758 
904 5.282344369935714 
905 0.9884585409098848 
906 0.9414397899012702 
907 0.979434575729503 
908 0.9522287514008109 
909 1.0651171865324909 
910 1.0049327461075244 
911 1.0505281021494304 
912 0.9916753816294596 
913 0.9800939736123351 
914 0.9975193608403298 
915 1.0446436767420053 
916 0.9800613826378324 
917 1.0318207888387458 
918 0.9659282336385999 
919 5.7451602993838 
920 0.9614844921709675 
921 5.7451602993838 
922 0.9614844921709675 
923 5.770827697537885 
924 0.9614844921709675 
925 6.029948318302201 
926 0.9772479773931297 
927 5.815777203346657 
928 5.261209105768543 
929 1.0576951466292595 
930 1.0839195004065152 
931 1.0188645770660434 
932 1.0471995204916726 
933 0.9950649958343784 
934 1.0865097389765395 
935 0.9879427346264378 
936 1.1405476278483029 
937 5.379982666638171 
938 12.871389272351266 
939 5.571545189216114 
940 1.2018575477836182 
941 1.028841185200789 
942 1.2314512103847393 
943 0.9860337483283298 
944 1.1373784272369214 
945 1.0840681829752121 
946 1.105533917660703 
947 1.0898293228108 
948 1.0502940738532547 
949 1.045205109819129 
950 0.9992885945884908 
951 1.0840532037874389 
952 1.0742056848762969 
953 35.1204865546532 
954 1.1225867319979637 
955 1.1704310440336902 
956 12.9197488189984 
957 1.2243617860034839 
958 1.224320988155091 
959 1.2344696927663548 
960 1.2447451850808242 
961 1.0975224719513577 
962 1.2173579962430183 
963 1.0718700282687212 
964 1.1826723180383756 
965 1.0755936667384545 
966 13.052451505867735 
967 1.0546611231124423 
968 1.1526889726621152 
969 1.0656742998028303 
970 1.1353060422248726 
971 1.0412717688955153 
972 1.1213628970201879 
973 1.0282934147631213 
974 1.1213628970201879 
975 11.483621217756001 
976 0.9970368267199513 
977 4.9200243439024 
978 0.9988249667316161 
979 0.9171515529433623 
980 0.9917322456549189 
981 0.888518321842454 
982 0.9296075313293191 
983 0.8777442484341946 
984 0.9460074727317946 
985 0.8927469778782432 
986 1.0858985882143697 
987 0.9138380282265188 
988 1.107753739374406 
989 0.9263966530887838 
990 1.177408722103109 
991 1.0552433357981938 
992 1.204992892246291 
993 1.0496557466021392 
994 1.1890140669547697 
995 0.9508418063429026 
996 13.1462275360024 
997 0.9778130651680378 
998 1.1897069780240666 
999 0.9644727053634865 
1000 1.1934616583804545 
1001 0.9622122089575621 
1002 1.185822586851103 
1003 1.0966810219129213 
1004 1.2041067716871878 
1005 0.9709893153568648 
1006 1.2095113878451638 
1007 0.9718304879272756 
1008 1.2095113878451638 
1009 0.9927385058061297 
1010 1.2322276906190062 
1011 5.281505524416943 
1012 1.221169106692382 
1013 5.372478256039086 
1014 5.686469264494 
1015 5.355227548689714 
1016 5.686469264494 
1017 5.101248918481943 
1018 5.469811089428371 
1019 0.8851210546423514 
1020 0.9740477239843891 
1021 0.8471884495953406 
1022 0.9659040047745946 
1023 0.9242778321035333 
1024 0.8826803696060541 
1025 0.902238445978 
1026 0.8634382964352649 
1027 0.9125659720086485 
1028 0.8681078237123729 
1029 0.900365928242103 
1030 0.8840583233265404 
1031 0.9161824504566909 
1032 0.967281958495081 
1033 0.9304847439112848 
1034 0.9830375471996919 
1035 0.8557571115380594 
1036 5.291298257328999 
1037 0.8683217119935297 
1038 5.307780157967143 
1039 0.8945633411686487 
1040 5.307780157967143 
1041 0.9268432155944109 
1042 1.153536914712503 
1043 0.9893423367192974 
1044 1.2130206362090727 
1045 5.3573067465206 
1046 1.2157197722685211 
1047 5.366375883055 
1048 1.2157197722685211 
1049 5.4423048533038285 
1050 13.5920617240968 
1051 0.9848766923880217 
1052 5.735871143438715 
1053 0.9850538154742379 
1054 5.735871143438715 
1055 0.9861908274917244 
1056 5.6056407603158 
1057 1.0872466170700545 
1058 1.0400382220754865 
1059 1.1083130782949697 
1060 1.0387095973183458 
1061 1.1048177352718302 
1062 1.0387095973183513 
1063 1.0990700565322364 
1064 1.063347777909173 
1065 5.211196834633657 
1066 5.6704015690684 
1067 5.238621558838372 
1068 5.721796980699429 
1069 5.341589932769685 
1070 1.0825021314836756 
1071 0.9851000195876974 
1072 1.0693992520277946 
1073 1.1080517107853758 
1074 1.0682210436829946 
1075 1.079524270974103 
1076 1.0487211130847947 
1077 1.057501786579788 
1078 1.0553076663822865 
1079 1.0817686645133453 
1080 1.046833107174946 
1081 11.879482431659333 
1082 1.1770092991908727 
1083 5.065191199070972 
1084 5.573223116572029 
1085 5.001086422625829 
1086 5.301739249862457 
1087 5.097557712686057 
1088 5.415791425653771 
1089 5.164815786602429 
1090 1.0357561360990433 
1091 5.334918390977315 
1092 1.1779174673695818 
1093 5.2660426771102 
1094 1.165592524485921 
1095 5.020064420422286 
1096 1.1110972962182 
1097 11.7502457953172 
1098 0.9872786037464162 
1099 1.0541653526060848 
1100 5.149921896861514 
1101 1.098311917882685 
1102 1.0292608447746865 
1103 1.129813971491594 
1104 1.0514368683114919 
1105 1.095364791654685 
1106 1.0564785639980918 
1107 5.248740161600457 
1108 1.0937974399890271 
1109 0.9190360188688379 
1110 0.9877792332622433 
1111 0.9368777622730812 
1112 0.958904445163465 
1113 0.9544616207592864 
1114 1.0061011884497568 
1115 1.0485125159471698 
1116 1.0034460572844865 
1117 1.126021399773382 
1118 5.666564105283714 
1119 1.0687854172649576 
1120 5.844460143807915 
1121 1.0510211748728304 
1122 5.510472811810743 
1123 1.071010452677212 
1124 1.062226283040708 
1125 1.0323754129651759 
1126 1.0139270109181515 
1127 0.9719515814381081 
1128 1.067083807555424 
1129 5.137259373055828 
1130 1.0737958148899394 
1131 4.942615388548572 
1132 0.9888373572693635 
1133 0.9089793487225729 
1134 0.9723207491945757 
1135 0.9852027877526486 
1136 1.0149363588802485 
1137 1.0058541250787454 
1138 1.0138848973585999 
1139 1.093046518853594 
1140 1.0481298649695878 
1141 5.4882998463093715 
1142 1.1616619830884243 
1143 1.0509148035991622 
1144 5.363868914574886 
1145 1.081513632178189 
1146 5.5034191908286 
1147 1.081513632178189 
1148 1.0247663556215407 
1149 1.2052649244057334 
1150 0.9850694521523893 
1151 5.594419285824428 
1152 0.9844776211820053 
1153 1.0292920800187297 
1154 0.9634139799900162 
1155 1.0292920800187297 
1156 5.129411640000086 
1157 0.9927661218634919 
1158 4.9581883416368 
1159 1.1391484119683213 
1160 0.9354514601213622 
1161 1.1447224049056728 
1162 0.9368499334290756 
1163 1.1225384701613574 
1164 1.0655069710244667 
1165 1.1128656543569575 
1166 1.0828164015031454 
1167 1.0781309644032606 
1168 1.1023301646067758 
1169 1.0942135117068181 
1170 1.1077552494369878 
1171 1.1038896837702121 
1172 1.0869322208641092 
1173 1.1643992583763636 
1174 1.1517941510794787 
1175 13.591240966258935 
1176 1.114732606828685 
1177 13.1384662617902 
1178 1.0861176173160485 
1179 1.1808156631165938 
1180 1.0728223179067393 
1181 1.1662612815865092 
1182 1.071479700149097 
1183 1.1372820016542364 
1184 5.356304458473 
1185 1.1273832565469393 
1186 1.0139549249781514 
1187 5.4378407910060576 
1188 1.042507812455027 
1189 5.489453222965914 
1190 1.042507812455027 
1191 5.343724713574772 
1192 1.0351612443866811 
1193 1.0246516462740216 
1194 5.4842929325928855 
1195 1.0246516462740216 
1196 5.529332527845086 
1197 1.0157547493706434 
1198 5.3592539820395135 
1199 1.0177393215514703 
1200 12.074242454524667 
1201 5.505422558598057 
1202 1.134688505441091 
1203 5.420928971992857 
1204 1.1034259229418122 
1205 5.525053004369 
1206 1.1327535058030667 
1207 1.010975561299373 
1208 1.138920733439418 
1209 1.0360369704187946 
1210 1.1445618805333455 
1211 1.0267873898816486 
1212 1.149969451610012 
1213 1.0120827594962865 
1214 1.1144053738925759 
1215 5.709190090996657 
1216 1.0725353321988 
1217 1.0222647820565514 
1218 1.0335431001835758 
1219 1.0159137471388866 
1220 1.018015830211109 
1221 1.0188828078490109 
1222 1.0512449611333392 
1223 0.9990377599737404 
1224 1.110823254807891 
1225 5.397966153779314 
1226 1.1283744991229636 
1227 5.5330121410202855 
1228 1.1456476166959455 
1229 5.537020684326057 
1230 1.1547322479219817 
1231 0.9805858310516161 
1232 1.1616750926617576 
1233 1.0002127467697188 
1234 1.181839034257903 
1235 1.006249394536681 
1236 1.0817851981640594 
1237 1.0084206469556485 
1238 1.062165177879173 
1239 1.0144916972083136 
1240 1.0055775401436702 
1241 0.9876439894936379 
1242 0.9700103227066594 
1243 0.9935224723548378 
1244 1.036080824676988 
1245 0.9547946974533946 
1246 1.0580790292388242 
1247 5.234673881134829 
1248 1.0397864025955275 
1249 5.292555463118343 
1250 4.984363600276543 
1251 0.8897644450292432 
1252 4.8637806214924 
1253 0.8581227281887621 
1254 4.543161144588772 
1255 0.8866503624056161 
1256 4.6153385177579995 
1257 0.9582138951719333 
1258 4.632724731862657 
1259 0.9856377514661092 
1260 0.9438120953770487 
1261 1.055010670181006 
1262 0.9763182782351459 
1263 1.0344366380842362 
1264 1.043655128825454 
1265 1.0636306151243637 
1266 1.0610883791068595 
1267 1.0955497034136 
1268 1.0312730115171622 
1269 1.0903505602938908 
1270 0.9879070446289838 
1271 1.1037560730028364 
1272 1.0670879275978487 
1273 1.129027393972418 
1274 1.0399620563484424 
1275 1.1881420224157273 
1276 11.695534816314668 
1277 1.2444956040609212 
1278 5.102385420378715 
1279 1.1492656658528215 
1280 5.043226272702886 
1281 1.1448413392500811 
1282 0.9712325510321893 
1283 1.1485005043258325 
1284 0.9919315093751622 
1285 1.154547743987708 
1286 0.9777726687237946 
1287 1.1092879567455838 
1288 0.9926328493594757 
1289 1.2040466281623758 
1290 5.231201841412657 
1291 1.145775956992812 
1292 5.220816995709429 
1293 1.1111308941226727 
1294 5.267461243926428 
1295 1.1805624622485273 
1296 0.9973218912548756 
1297 1.1736750783895271 
1298 1.047186241864254 
1299 1.2278430493226424 
1300 1.0076956745350811 
1301 1.0515213879380325 
1302 1.0811731885028788 
1303 1.019921318703254 
1304 1.0096953820116108 
1305 1.0279722075767568 
1306 0.9369157711018217 
1307 1.0279722075767568 
1308 0.9849409672003406 
1309 1.069855811035092 
1310 5.6264235963012 
1311 1.0383714929456216 
1312 1.0857290111393838 
1313 5.870550858013457 
1314 1.2390976420582425 
1315 5.6309109334218 
1316 1.2664656724012362 
1317 5.612701932258257 
1318 1.2930504472442728 
1319 1.0283822644194487 
1320 1.255224919734794 
1321 1.0166205327657458 
1322 1.115460828222492 
1323 1.1250655098316484 
1324 1.0618863836096595 
1325 1.1047130324361636 
1326 1.0645073048579352 
1327 1.0271407205130323 
1328 1.0180324559525513 
1329 5.232992324061086 
1330 1.0377716060284217 
1331 5.132198945986515 
1332 1.0439748329962864 
1333 5.0807215677567426 
1334 1.0181930313053513 
1335 5.033504731114857 
1336 5.677475886733172 
1337 1.0107722146113782 
1338 5.643426359250428 
1339 1.0197013038428377 
1340 5.462535995328943 
1341 1.154136239401697 
1342 5.3484143527778 
1343 1.026351140315865 
1344 5.4652472407002 
1345 5.222745475145257 
1346 5.388211365818286 
1347 5.224383671924885 
1348 1.0266866617902972 
1349 5.367292714110972 
1350 1.015096210156573 
1351 12.662414709065734 
1352 0.9510644441965405 
1353 5.176024475050172 
1354 0.9544491777875406 
1355 0.9470278256672594 
1356 0.9436803435380973 
1357 0.8951922376697081 
1358 1.0676011396332425 
1359 0.8961512360758325 
1360 1.1218180898469878 
1361 0.9786537343003027 
1362 1.1323110796162907 
1363 5.6107576207212855 
