0 0 
1 0 
2 0 
3 0 
4 0 
5 0 
6 0 
7 2 
8 0 
9 3 
10 3 
11 3 
12 0 
13 0 
14 3 
15 2 
16 0 
17 2 
18 3 
19 2 
20 3 
21 4 
22 2 
23 4 
24 2 
25 2 
26 2 
27 2 
28 2 
29 2 
30 2 
31 2 
32 3 
33 4 
34 2 
35 0 
36 2 
37 0 
38 4 
39 4 
40 4 
41 4 
42 4 
43 4 
44 4 
45 0 
46 0 
47 0 
48 0 
49 4 
50 4 
51 2 
52 4 
53 2 
54 4 
55 2 
56 0 
57 2 
58 4 
59 4 
60 2 
61 4 
62 2 
63 4 
64 2 
65 2 
66 2 
67 0 
68 2 
69 2 
70 2 
71 1 
72 4 
73 1 
74 4 
75 4 
76 4 
77 4 
78 0 
79 4 
80 0 
81 4 
82 0 
83 4 
84 4 
85 4 
86 4 
87 4 
88 4 
89 4 
90 4 
91 4 
92 4 
93 4 
94 4 
95 4 
96 4 
97 4 
98 4 
99 4 
100 4 
101 4 
102 4 
103 4 
104 4 
105 4 
106 4 
107 0 
108 4 
109 0 
110 4 
111 0 
112 4 
113 4 
114 4 
115 4 
116 4 
117 4 
118 4 
119 4 
120 4 
121 4 
122 4 
123 4 
124 4 
125 4 
126 4 
127 4 
128 4 
129 4 
130 4 
131 4 
132 2 
133 4 
134 2 
135 4 
136 2 
137 4 
138 1 
139 2 
140 2 
141 4 
142 2 
143 1 
144 4 
145 4 
146 4 
147 4 
148 4 
149 4 
150 4 
151 4 
152 4 
153 4 
154 4 
155 4 
156 4 
157 4 
158 4 
159 4 
160 4 
161 4 
162 4 
163 1 
164 2 
165 1 
166 2 
167 1 
168 2 
169 4 
170 2 
171 4 
172 2 
173 0 
174 2 
175 0 
176 2 
177 0 
178 2 
179 0 
180 2 
181 0 
182 4 
183 0 
184 4 
185 0 
186 4 
187 1 
188 4 
189 1 
190 4 
191 1 
192 4 
193 1 
194 4 
195 1 
196 4 
197 1 
198 0 
199 1 
200 0 
201 4 
202 4 
203 4 
204 4 
205 4 
206 4 
207 4 
