0 3.6044383935220057 
1 3.428567919025603 
2 3.9204988289927436 
3 3.898924276421205 
4 3.453114160401781 
5 3.391793345056837 
6 2.807463717556539 
7 3.7875306899073236 
8 2.9068752771242585 
9 3.1058853193566174 
10 3.6040698182253643 
11 3.0221674342425633 
12 3.962592142213486 
13 3.5597456856855283 
14 3.320875334993307 
15 3.155360302243935 
16 2.837850946927489 
17 2.8583338360685007 
18 3.0869449240310143 
19 3.376264198793687 
20 3.7131044275871803 
21 4.004226296029576 
22 3.597596522476201 
23 3.938941233584247 
24 3.3330429405608775 
25 3.2815512426341096 
26 3.765635259402517 
27 4.0732755099762 
28 3.2291865224383107 
29 3.4723121592632262 
30 4.071806179151976 
31 4.153589757568735 
32 3.866667385662974 
33 4.077612604388 
34 3.5700450845348 
35 3.5209924351183526 
36 4.241213448746197 
37 4.561778056892561 
38 4.063063062398747 
39 4.094679146574743 
40 3.2265021617953966 
41 3.485612817893113 
42 3.5427148684584346 
43 3.7762864607039215 
44 3.693522684436594 
45 3.8017634159594422 
46 3.8361187271211876 
47 3.8283846734277174 
48 4.30371018999238 
49 3.980076181747747 
50 4.145860094934473 
51 3.7968856010353007 
52 3.8497371540279204 
53 3.662677512125291 
54 3.9223795089212286 
55 3.7112746199417455 
56 4.095453497540954 
57 4.471428773948881 
58 3.770936274331513 
59 4.081632726334051 
60 4.093142466451205 
61 3.8414034365965457 
62 3.5986520510276265 
63 4.007102435479289 
64 3.72980802689489 
65 4.145246930261911 
66 4.229190257258649 
67 4.418793804985633 
68 3.7063186807313593 
69 3.9276839884213723 
70 3.3970245988689123 
71 3.5826277706336125 
72 3.9282124958119313 
73 4.097757495732256 
74 4.028907171129377 
75 4.08153365325079 
76 4.330473829976849 
77 3.9298427276969203 
78 3.825312210547962 
79 3.539273381304879 
80 3.8332818168745697 
81 4.543990309687114 
82 3.5068218540325558 
83 3.663436453840569 
84 4.226173843027083 
85 4.109829807388744 
86 4.05242041224866 
87 4.087416332754901 
88 3.2400415349075975 
89 3.2058738811472627 
90 3.9333052067797514 
91 4.074669709792806 
92 3.73654467805987 
93 3.7421266466071397 
94 3.8317891454271438 
95 4.106793591269977 
96 3.6535471351852697 
97 3.8065882118138914 
98 3.9219689122735346 
99 4.142433984976401 
100 4.138706829927047 
101 4.2002776904888055 
102 4.543035089086371 
103 4.513685971057921 
104 3.8377482353834385 
105 3.636884133444826 
106 4.104300529811385 
107 4.374060623588586 
108 4.043786254150703 
109 4.1122504929365675 
110 4.012413085789836 
111 3.802686046415508 
112 3.6304407044720763 
113 3.1776924050771833 
114 4.235731444836268 
115 3.8306374526784173 
116 3.9434746889578003 
117 3.687779713882193 
118 4.692723847792179 
119 4.431847851458935 
120 4.903303884394529 
121 4.496649897566169 
122 3.740193797783824 
123 3.862419573668454 
124 3.2133926060818614 
125 3.6922106021481196 
126 3.9010294657926994 
127 4.85 
128 3.9010294657926994 
129 4.286476900223184 
130 4.200353843514175 
131 3.545471643557631 
132 4.03415185272001 
133 3.846261779802383 
134 4.257809672752135 
135 4.225390046533387 
136 3.772044988334289 
137 3.7103828611145193 
138 3.3257666497160723 
139 3.2914695648699666 
140 3.9946454838768055 
141 3.9671976892765395 
142 3.481267659785582 
143 3.492669350711509 
144 3.724343013621912 
145 3.7028707048225824 
146 2.9938200390525207 
147 3.1512737737434917 
148 4.303769944986489 
149 3.926839101814559 
150 3.8029370694441402 
151 4.035144370836151 
152 2.712655769195438 
153 2.7008646749947505 
154 4.096727055659012 
155 4.844687637003012 
156 3.842969465633746 
157 4.459956157963193 
158 3.4400189124408063 
159 3.6593734148421153 
160 3.992461137814055 
161 4.288814396859021 
162 3.340722512157844 
163 3.4915213095933884 
164 4.0821837721606204 
165 4.4927680751620755 
166 3.9872302663818053 
167 4.316332546390194 
168 3.9715160018697655 
169 3.7074248145267106 
170 3.5309104361053842 
171 3.391267075328169 
172 4.2401746556733535 
173 4.049943099825288 
174 3.6234961380573014 
175 3.610293585733865 
176 3.7768784688192647 
177 3.485537522903921 
178 3.662398435903009 
179 3.9226632075351016 
180 3.7969677781849267 
181 3.750729613408051 
182 4.1100055045825865 
183 4.0942968109282845 
184 3.780652933640427 
185 3.925931457773694 
186 3.3301169449957984 
187 3.6372791845921957 
188 3.0090932960511423 
189 3.0158276781814104 
190 4.118175138600524 
191 4.04700527252388 
192 3.594207867927525 
193 3.6868243765931252 
194 3.235048154308123 
195 3.5151883366759726 
196 4.182822766469989 
197 4.142144450267359 
198 4.006618033451221 
199 3.889648082454866 
200 3.065168743040979 
201 3.0083933793361597 
202 4.19820385581751 
203 4.147663584561443 
204 3.510033341834337 
205 3.4134775547284164 
206 2.7484561167708192 
207 3.0197045375737757 
208 3.854618679995941 
209 3.9022537374561517 
210 3.285406144765928 
211 3.7231009839673503 
212 3.744795985813333 
213 4.324133369383728 
214 3.246170159533702 
215 3.685618777284839 
216 3.8788180680995072 
217 4.3079612789222415 
218 4.053805167531749 
219 4.414820494227168 
220 3.644499264426124 
221 3.7528212939806145 
222 3.7278704048065774 
223 3.878328559022923 
224 3.6353355364742 
225 3.688339105625336 
226 3.8857645271774737 
227 3.9557356549491276 
228 3.8375707217817236 
229 3.9932662705824566 
230 3.388740103282662 
231 3.517356008687078 
232 3.4293420591597448 
233 3.4436026883215805 
234 3.6977665256604437 
235 3.5866312972811247 
236 3.8535411480320234 
237 4.159726387337257 
238 3.7442559186163895 
239 4.242652669280692 
240 3.5971983850376996 
241 3.500423652400788 
242 3.876697237719325 
243 4.157464040665969 
244 4.015295765060037 
245 4.2211272860175315 
246 3.910156276085292 
247 4.415457985792889 
248 2.9116875147022947 
249 3.0311500654866332 
250 3.6591081695959926 
251 3.4758671042921185 
252 3.756209764834688 
253 3.696823152204196 
254 3.714060717405237 
255 3.6228333414964378 
256 3.8236436788083887 
257 3.882206888592222 
258 3.5972497841835795 
259 3.603978186649123 
260 3.6181838382810336 
261 3.6508924928859177 
262 3.7696349568060303 
263 3.8356944332154073 
264 3.8118202296031507 
265 3.9521872643467195 
266 3.4731476245812174 
267 3.521425347472242 
268 3.9381525402953943 
269 3.8203655870676982 
270 3.6477873530741234 
271 3.7332072252984054 
272 3.7360215072108245 
273 4.090447749454574 
274 2.963376265543487 
275 3.1283308523488866 
276 3.7990009721430327 
277 4.002215370229466 
278 3.338445796876564 
279 3.33048470699726 
280 3.872070727066181 
281 4.125599628887859 
282 3.837305607717676 
283 3.7350420190701787 
284 3.2183063700421926 
285 3.770331282119567 
286 3.400083738458757 
287 3.6443250708834243 
288 3.678288835032285 
289 3.9186316747738936 
290 3.7547827310471007 
291 3.9309110541909043 
292 3.579132043938518 
293 4.022780747314963 
294 3.388375989956266 
295 3.3684866846952133 
296 3.930720127727593 
297 3.6980371145377684 
298 3.637206844885317 
299 3.5027448014178946 
300 4.028267217164949 
301 4.288642998754818 
302 3.992143953578217 
303 3.902600898949943 
304 3.4328620610436453 
305 3.41210101609579 
306 3.711614231365312 
307 4.124973617854557 
308 3.4615342763492882 
309 3.8659996518387825 
310 3.7037582584847084 
311 4.039117608549434 
312 3.5572179448512697 
313 4.139009607207741 
314 3.2819227015855663 
315 3.736193092484429 
316 3.6079208571132133 
317 4.17022058446272 
318 3.468265168013125 
319 3.8037435887347124 
320 3.358876939758165 
321 3.7380005085577594 
322 2.305614857774425 
323 2.622662079769343 
324 3.457044507149208 
325 4.110359280003345 
326 3.2661505855137363 
327 3.688111597172407 
328 3.822215012383937 
329 4.064793248676772 
330 4.100592095580681 
331 4.2616843113620915 
332 2.828782148717798 
333 2.1336666823282884 
334 3.5242308697722535 
335 3.159363845439478 
336 4.242982753721124 
337 4.428802270429389 
338 3.669205466883642 
339 3.693059116959555 
340 3.395777231503737 
341 3.9350348783488633 
342 3.529824170670848 
343 3.237311722590964 
344 3.4004553734589584 
345 3.781291362914874 
346 3.6709692107672978 
347 4.040941902749093 
348 3.7570911682453545 
349 4.238162975079759 
350 2.9236642361930434 
351 3.3202127254780196 
352 3.256758179134053 
353 3.3295534025621913 
354 3.1783117280550566 
355 3.5074244460474735 
356 3.4543132613736325 
357 4.014477981994041 
358 3.8040540185631877 
359 3.7412470079590787 
360 3.6514175308686028 
361 3.7325871726437736 
362 3.960422580794619 
363 4.110761842123529 
364 4.084367489672173 
365 3.944243076946411 
366 3.6635426867877268 
367 3.8353814305114233 
368 3.92325205117398 
369 3.466516819229943 
370 3.912596059113518 
371 3.256577492771593 
372 4.536245474530079 
373 3.181804323212182 
374 4.680873865749663 
375 3.2130501231976263 
376 3.1330642912217352 
377 3.1114669910384194 
378 3.2876999489250003 
379 3.5453317629510908 
380 3.4222153058031126 
381 3.5788621960541773 
382 3.0234727270822033 
383 3.1624528549916033 
384 3.729409537201107 
385 4.319089717505494 
386 3.9582281971063322 
387 4.102868688067243 
388 4.2547834034589265 
389 3.9719714029962128 
390 3.2674977834714385 
391 3.615678303431315 
392 3.5208320181402875 
393 4.093331421488291 
394 3.1143966393151405 
395 3.2185966089026983 
396 4.5568378772444635 
397 3.6304900693161772 
398 2.588370559031876 
399 2.9114764619278697 
400 3.2891640916009477 
401 2.925964838133912 
402 3.7647321907734494 
403 3.6333052177301353 
404 3.2896596239838174 
405 2.6744437973378883 
406 4.136294505625077 
407 3.3806880512675725 
408 3.964816762745503 
409 3.817624377021644 
410 4.093674615029997 
411 3.9325071108061276 
412 3.963674537062432 
413 3.7365694132152973 
414 3.546719491081572 
415 3.1277474771928007 
416 3.988021908364137 
417 3.608974382397257 
418 3.6472726813362004 
419 3.4787243837081077 
420 3.93339750568824 
421 4.290017453952409 
422 3.6304133232511506 
423 3.531069799624972 
424 3.4833065207952734 
425 3.3915890804792452 
426 4.0098920561610445 
427 4.013424590557912 
428 3.8992325688957665 
429 4.063601890625463 
430 4.110612112577709 
431 3.685455193382179 
432 4.078859765905257 
433 4.027845576606952 
