0 23.874953039082868 
1 23.178584849355644 
2 19.227226052515768 
3 8.855430895064204 
4 15.965771623031069 
5 15.006239624477645 
6 21.478740455865257 
7 11.631652218284275 
8 17.925142100089747 
9 15.299247494993635 
10 23.49263177940707 
11 22.936112736439746 
12 20.55588010429123 
13 13.306548733209393 
14 12.598685554314 
15 11.801377571692253 
16 17.884479920860304 
17 18.683617606051023 
18 14.977303566582394 
19 11.043425372760998 
20 8.517684998466766 
21 19.632945758205548 
22 18.03295914287311 
23 4.682752553333065 
24 23.3587881488082 
25 21.461266092224566 
26 22.460421329963264 
27 11.800149108863538 
28 23.113952232423316 
29 18.422330075765895 
30 10.761413609610164 
31 21.48677281203254 
32 28.26293269003996 
33 29.2841064596308 
34 13.361485776177885 
35 17.20464828191592 
36 10.244276785474405 
37 21.057962937859916 
38 18.353245934923773 
39 20.692481881823607 
40 22.701978295580634 
41 23.069963917979408 
42 9.806443165797306 
43 26.37379663340313 
44 16.134668943975136 
45 18.281968242068146 
46 24.29987370079835 
47 14.119858609661673 
48 15.988777408435242 
49 9.802455344101075 
50 16.424419469788933 
51 23.85431382585452 
52 20.934570483097332 
53 30.449773131511126 
54 19.996872437401073 
55 17.98016066942737 
56 8.376010480237722 
57 11.06910165734192 
58 14.76992421894808 
59 27.48651004292408 
60 15.776956930599962 
61 27.276477856538985 
62 12.424879951891887 
63 20.763161672615304 
64 18.79707442994407 
65 45.158798006007814 
66 14.868198752920074 
67 26.318027232226893 
68 17.693453812211562 
69 36.91259196676875 
70 32.40120819782308 
71 12.98610457483962 
72 13.946333450818964 
73 9.169300590911377 
74 11.7815873372565 
75 27.77997522899929 
76 14.393038035496136 
77 9.07425901086063 
78 26.585601460390706 
79 24.146410827677126 
80 16.10579751326693 
81 13.365871379542202 
82 18.990523537215378 
83 13.595137999773106 
84 16.231010049803995 
85 21.073092304909665 
86 14.781740199965462 
87 16.513137898723613 
88 27.052869886030148 
89 13.521245901850735 
90 24.050873601578044 
91 19.521465539710317 
92 18.59432812132873 
93 10.522166696770826 
94 15.996216715101866 
95 12.846535760337893 
96 14.817406541230667 
97 9.64385174284926 
98 18.945061496975967 
99 13.944988778987616 
100 30.29756495734522 
101 23.20769771315063 
102 15.343742226254408 
103 21.47335224189304 
104 15.967777426686412 
105 30.67267302404493 
106 8.815285446165293 
107 16.224292124400435 
108 33.98949756888169 
109 20.029913754405403 
110 11.56727091210449 
111 22.605197632931997 
112 34.82975843485048 
113 16.30445210671373 
114 29.18223310697985 
115 15.1031795758165 
116 10.969544328759097 
117 17.843470418316947 
118 17.381105116155712 
119 22.945146802190408 
120 22.58328936174795 
121 18.832775814613427 
122 7.56405082010081 
123 14.6770478666634 
124 23.66521285299179 
125 26.025229115864065 
126 18.193784024117814 
127 27.282332815132335 
128 25.169398054523743 
129 17.75517080811074 
130 11.329587691243841 
131 27.795439333593993 
132 19.760032412772894 
133 16.126356261294166 
134 18.791347825307792 
135 29.096196402433524 
136 11.54444315998657 
137 16.744664372459937 
138 10.255322894559253 
139 18.906973075067956 
140 12.167171903238252 
141 17.881887481027984 
142 17.94531226601976 
143 13.001884733657375 
144 22.101806378180132 
145 12.63036427859468 
146 17.502447410918833 
147 9.10728182323513 
148 16.946751300005253 
149 17.095186468310576 
150 19.440845063894283 
151 18.621157500310773 
152 9.376455044788665 
153 12.971245136908776 
154 12.281283672991332 
155 26.007800534504035 
156 16.36048180740186 
157 21.895853453541243 
158 14.919977233921458 
159 10.1142631157582 
160 13.79242491006307 
161 13.70289033581736 
162 17.98355271620289 
163 19.689626844301735 
164 18.095353964165685 
165 25.928858446359467 
166 14.907992294185807 
167 8.115049675440888 
168 12.536964026841625 
169 6.744913137797561 
