0 21.00838972396556 
1 11.470188968195368 
2 6.908070360366295 
3 22.01191307131574 
4 8.86844403284089 
5 8.894547659995887 
6 10.600992791645183 
7 10.608446685922695 
8 16.776008127414826 
9 15.931205275072548 
10 7.743868958272175 
11 16.22052749632609 
12 11.026180680608315 
13 15.359531264304678 
14 8.19368034460192 
15 8.767192924882266 
16 8.516353299492385 
17 25.605313602676336 
18 17.352772767140518 
19 10.94889840242247 
20 29.401113151733515 
21 20.69493223073621 
22 9.058502367047929 
23 41.895279381505084 
24 12.578622689662826 
25 18.26882938132655 
26 27.0976128177795 
27 14.045764306787625 
28 16.45476835923248 
29 17.45408543309544 
30 22.26784244811714 
31 8.678468859921374 
32 22.76308891288892 
33 21.8673145401367 
34 23.315807905898573 
35 11.635782570339504 
36 9.977054912641682 
37 12.072128184390264 
38 23.698373326854515 
39 21.218181358290124 
40 19.596346391945243 
41 11.719926902463968 
42 18.060213572166724 
43 6.964690879141316 
44 14.334453166919 
45 20.943874086206208 
46 17.69069260326204 
47 13.462051257362027 
48 16.15380823268425 
49 15.597600657476377 
50 11.298092877922638 
51 8.774492637198726 
52 11.397286479406754 
53 26.569434062662324 
54 6.417292692405377 
55 23.025257876274285 
