0 1.1493062175451398 
1 1.188385602564238 
2 1.246243746965852 
3 1.21563107732555 
4 1.3189501847246479 
5 1.283123811821014 
6 1.428259260390762 
7 1.4026465261085401 
8 1.6276182384623759 
9 1.576318686946822 
10 1.6946135978711439 
11 1.652650151307424 
12 1.7323677659369299 
13 1.7635533618402222 
14 1.759780470818886 
15 1.77983608297196 
16 1.834078472824498 
17 1.8744678010549918 
18 1.8733323224549419 
19 1.879683037401702 
20 1.871007112808418 
21 1.870055372855092 
22 1.8853312410830299 
23 1.89285610618384 
24 1.8742283324599618 
25 1.89898334460715 
26 1.86507187623426 
27 1.85879873469815 
28 1.8597286471249301 
29 1.870691508585492 
30 1.887111109202054 
31 1.8989797140882039 
32 2.1294316684475 
33 2.13103499103056 
34 2.12750291350768 
35 2.14078659819032 
36 2.15026776330498 
37 2.1794342821066 
38 2.18652105535508 
39 2.22321335489624 
40 2.37884179916194 
41 2.26926522927796 
42 2.3592243738603402 
43 2.24071914582098 
44 2.36859356423978 
45 2.22576178268962 
46 2.35452752746686 
47 2.21914370572842 
48 2.34907322744554 
49 2.2030112651004 
50 2.3704140191926 
51 2.33620384694966 
52 2.40733631143018 
53 2.35078446690718 
54 2.4247729789915 
55 2.38328185649932 
56 2.53098082797736 
57 2.4510003956785402 
58 2.5792892056411203 
59 2.51591841796884 
60 2.5539802222618198 
61 2.50998157021154 
62 2.4574315127194 
63 2.40488060707814 
64 2.4430771082716403 
65 2.3927833778978 
66 2.41685539278294 
67 2.410258368395 
68 2.35667058806472 
69 2.36467614598036 
70 2.35468143814404 
71 2.35421561338154 
72 2.33753158082104 
73 2.28714621192646 
74 2.3302129108494998 
75 2.2669518466031002 
76 2.24607895681412 
77 2.1781270070808 
78 2.3391460760129403 
79 2.26740936939906 
80 2.3540942437275 
81 2.3738246297002403 
82 2.3524696035918002 
83 2.36190562531654 
84 2.3542445842779403 
85 2.36341681151954 
86 2.3829155986462203 
87 2.3769288972947 
88 2.3626438352161 
89 2.33341836330824 
90 2.5009872327245 
91 2.36043436745412 
92 2.4996587256244203 
93 2.36188196698764 
94 2.51199782011882 
95 2.3561818364994602 
96 2.51466309198246 
97 2.3937194409913802 
98 2.5126143507690797 
99 2.4150746773905203 
100 2.40240252653894 
101 2.4451166723970603 
102 2.38644566726612 
103 2.45499885708864 
104 2.37263975660116 
105 2.4561716250795 
106 2.40306620894944 
107 2.43552544559196 
108 2.48537486224384 
109 2.5117297832304 
110 2.49064059123572 
111 2.50546649654518 
112 2.59410175804134 
113 2.44295294533612 
114 2.5966543688319197 
115 2.4491437249994 
116 2.57408678930378 
117 2.4496351627483604 
118 2.45067968020244 
119 2.3399821061640997 
120 2.20032331815114 
121 2.31672327412044 
122 2.1987861412511203 
123 2.31408910876706 
124 2.1927757304933198 
125 2.3074411237907198 
126 2.16560333510316 
127 2.27741880551214 
128 2.33533871008658 
129 2.3289762210322 
130 2.3326684503864 
131 2.316345617684 
132 2.3383179887574803 
133 2.30016152519248 
134 2.32402658917616 
135 2.29030236564898 
136 2.28312595647348 
137 2.23579731698624 
138 2.0590455945809802 
139 2.09654362661378 
140 2.08009008088716 
141 2.11485413831656 
142 2.22178185042232 
143 2.17216702354808 
144 2.23883502051404 
145 2.18429426819732 
146 2.32628537379638 
147 2.25155947479948 
148 2.37442455775164 
149 2.3120928338167 
150 2.35055520146766 
151 2.30755590196452 
152 2.28091513677014 
153 2.23408288773986 
154 2.27746322393824 
155 2.2326144818804 
156 2.22844178022764 
157 2.2006466696965203 
158 2.28541730772448 
159 2.2196263004979597 
160 2.29494913582402 
161 2.21945908845282 
162 2.21696071155046 
163 2.14434885985618 
164 2.22621293357218 
165 2.1539834089317997 
166 2.2589875535524397 
167 2.20531066407292 
168 2.2825914647277 
169 2.2454975645382 
170 2.28280260182482 
171 2.25170776861916 
172 2.49552058020492 
173 2.4652247279758397 
174 2.49617421017238 
175 2.4585683182945397 
176 2.53172528779162 
177 2.45338569011764 
178 2.44259565105988 
179 2.40162214927946 
180 2.4512334702215997 
181 2.40326536637754 
182 2.4484734481049197 
183 2.41104822279374 
184 2.2981419096281597 
185 2.38263408956692 
186 2.24844765024796 
187 2.36451612847924 
188 2.2482436588734998 
189 2.3582077116436397 
190 2.23493909183258 
191 2.35022892461302 
192 2.38389143571288 
193 2.21568541785552 
194 2.38552407527314 
195 2.209461635221 
196 2.36173060284198 
197 2.17893935425964 
198 2.38219257931378 
199 2.2921768525538 
200 2.37853208876206 
201 2.30027185981438 
202 2.34825317506326 
203 2.50629060488608 
204 2.33509902388836 
205 2.50977218972724 
206 2.35462928784524 
207 2.57762127850704 
208 2.35228637816296 
209 2.52649795048398 
210 2.35939837335836 
211 2.53313111977776 
212 2.3658440784673602 
213 2.5347883470704398 
214 2.27768532404292 
215 2.39501644727428 
216 2.30747957907626 
217 2.37960467196392 
218 2.3759569801501 
219 2.40547202485218 
220 2.3707452044297197 
221 2.4111934205875 
222 2.37222239491624 
223 2.41131246312614 
224 2.5194585222339603 
225 2.5510843629223 
226 2.53029819128868 
227 2.54947168100792 
228 2.5874524168958 
229 2.56952767867062 
230 2.59691464049726 
231 2.5415003836662597 
232 2.5971676844705 
233 2.53260873109934 
234 2.5176837585930802 
235 2.49221426975272 
236 2.49945421652012 
237 2.50865966085628 
238 2.38530292903794 
239 2.4591018214330402 
240 2.3840421931087 
241 2.46330386833286 
242 2.3822750551597998 
243 2.4723133516462203 
244 2.3481677667639 
245 2.43986727029674 
246 2.32347492222756 
247 2.4246859247084602 
248 2.39783017777818 
249 2.3966265020599 
250 2.3966265020599 
251 2.5009270470600002 
252 2.4002966175807 
253 2.50301029874444 
254 2.40911767745204 
255 2.50717883232408 
256 2.3591073428881 
257 2.38480979854348 
258 2.37203483495948 
259 2.3496772120469402 
260 2.30359823972754 
261 2.24038906109626 
262 2.30419234057148 
263 2.2376207564687602 
264 2.2950442339113 
265 2.24688729485542 
266 2.32132618481654 
267 2.26945415000796 
268 2.29789120814436 
269 2.2699198805599 
270 2.42475655813936 
271 2.37641063492636 
272 2.4358365405495404 
273 2.37279707623422 
274 2.42772768394862 
275 2.37705599043672 
276 2.47836646381126 
277 2.49335777751132 
278 2.47920236907572 
279 2.48267935238802 
280 2.35240819550594 
281 2.44727076539024 
282 2.34925392236826 
283 2.45258541410466 
284 2.34960313409934 
285 2.44797119145808 
286 2.38774877963248 
287 2.2626015437047 
288 2.40392234577802 
289 2.2927314217256 
290 2.35580194403212 
291 2.2666131528272997 
292 2.3628626336666 
293 2.27414548959098 
294 2.35484464357822 
295 2.26643701131714 
296 2.41388611625242 
297 2.40575045421756 
298 2.4388197825691003 
299 2.44383215140938 
300 2.51984952535486 
301 2.46149588788918 
302 2.52662968817552 
303 2.45386972793976 
304 2.51428397737272 
305 2.44542440916748 
306 2.4570907422765798 
307 2.3428455528606 
308 2.42861607385372 
309 2.2871981798850003 
310 2.43861374745844 
311 2.23987414108552 
312 2.4445431617844 
313 2.25341440165544 
314 2.4488996108479997 
315 2.27975284679008 
316 2.45724280372572 
317 2.4856602255771603 
318 2.4784539465228 
319 2.52596793936584 
320 2.46142673244956 
321 2.55661491230128 
322 2.47166963317718 
323 2.53888813210558 
324 2.47317382602846 
325 2.52912171491496 
326 2.3286687217353803 
327 2.40753930522218 
328 2.3476885747500598 
329 2.41801696311102 
330 2.43208928897118 
331 2.50038184349098 
332 2.4252171338558997 
333 2.50226755398518 
334 2.40610289226302 
335 2.48644327442044 
336 2.59945803877452 
337 2.60709430073556 
338 2.59967030503736 
339 2.60015788016872 
340 2.62457983888878 
341 2.62204378219388 
342 2.63730252232342 
343 2.6162825156571197 
344 2.64160152469332 
345 2.62242596084796 
346 2.44871797572646 
347 2.52941702561356 
348 2.4747512342865 
349 2.48146703773182 
350 2.3043945113242 
351 2.3557462328462 
352 2.31322818422794 
353 2.35968882316294 
354 2.32511176558006 
355 2.37330562899966 
356 2.45962376860548 
357 2.49213252802654 
358 2.4189914703858397 
359 2.5399554255603998 
360 2.5277223780909 
361 2.67849225346964 
362 2.5091642755963397 
363 2.6725698395888 
364 2.5062082805551 
365 2.66573639361068 
366 2.4445833152652403 
367 2.63991842981822 
368 2.42139656298398 
369 2.6320445923694797 
370 2.36798041589384 
371 2.5056099478655 
372 2.36504903596174 
373 2.52006527609318 
374 2.36168954593402 
375 2.52344612234546 
376 2.4816860571653203 
377 2.52344612234546 
378 2.52607607162044 
379 2.5088200949508 
380 2.52448125594906 
381 2.5272656302215 
382 2.5362571934861 
383 2.5250065556871 
384 2.53900496689322 
385 2.53435735909942 
386 2.38971152448678 
387 2.35888225086362 
388 2.3663668783520597 
389 2.37105309838108 
390 2.49425168395514 
391 2.4516125376021 
392 2.48629023031248 
393 2.4482391555359397 
394 2.47911266056102 
395 2.43332166062166 
396 2.4687543465874398 
397 2.57508646257326 
398 2.49616512747384 
399 2.5697289214572 
400 2.4143307815772603 
401 2.51967332089378 
402 2.42384295687764 
403 2.50750836258632 
404 2.42111060630594 
405 2.5137514009497997 
406 2.5101804736372197 
407 2.4170611650474 
408 2.48314123993342 
409 2.42796760653022 
410 2.473519423302 
411 2.41533410556694 
412 2.4561061649159 
413 2.41679847969382 
414 2.48353690235302 
415 2.40891692271572 
416 2.23858962002098 
417 2.2028095878092797 
418 2.16501114099694 
419 2.12504610439074 
420 2.18709769316332 
421 2.26201221401206 
422 2.20044284240632 
423 2.2727108651141 
424 2.17904063386972 
425 2.28013824642496 
426 2.42275482709452 
427 2.5320295615328 
428 2.52435579622746 
429 2.6055718004599 
430 2.54492022017434 
431 2.5362154547627402 
432 2.54534286195424 
433 2.53082763474668 
434 2.5399376243310003 
435 2.52214350444462 
436 2.5120840277240797 
437 2.57343163775904 
438 2.47983086070466 
439 2.53458371572134 
440 2.5300858101525803 
441 2.48943018877304 
442 2.5252523371584603 
443 2.49058388382148 
444 2.5260620248763397 
445 2.4940633154788 
446 2.59547844900702 
447 2.5273917441496 
448 2.5878853333220997 
449 2.56126922530702 
450 2.4807026625862 
451 2.50240919631778 
452 2.49002410107874 
453 2.49975951931496 
454 2.48936998489652 
455 2.50960371520438 
456 2.51962213552874 
457 2.50960371520438 
458 2.52521654107004 
459 2.5039807503439397 
460 2.61055500778338 
461 2.54485282545374 
462 2.59741045666354 
463 2.55719325052642 
464 2.59571561525064 
465 2.55689942878176 
466 2.37506049131324 
467 2.2382482187383 
468 2.3763706085861402 
469 2.2369444765133 
470 2.2985230166479 
471 2.32700226262996 
472 2.3037411040248204 
473 2.31971564523968 
474 2.30071628294102 
475 2.32298648651416 
476 2.52137140687842 
477 2.55599828939486 
478 2.5314821453735403 
479 2.58656487586018 
480 2.53443172153766 
481 2.56437911145562 
482 2.53341642305058 
483 2.5655325737846 
484 2.55439253937194 
485 2.55451535164078 
486 2.4955032079938 
487 2.64015475880354 
488 2.4658734372429 
489 2.5841658006427 
490 2.4845772885604203 
491 2.5632108594318597 
492 2.48879109252474 
493 2.5677248279144 
494 2.46829639108616 
495 2.56704634908652 
496 2.4532273868668 
497 2.48381393165592 
498 2.49174710941562 
499 2.5344124562842603 
500 2.50646012956258 
501 2.52108617165508 
502 2.5080340254660802 
503 2.5100212295762803 
504 2.50444463187706 
505 2.5232966082484998 
506 2.40803427337348 
507 2.3893674308797 
508 2.3679619005197603 
509 2.32935626992422 
510 2.33461948573968 
511 2.27319438429894 
512 2.33098251062432 
513 2.27336333373608 
514 2.3461948250725 
515 2.2685780987113597 
516 2.43278390501524 
517 2.48895653370322 
518 2.45263718734176 
519 2.53246959121072 
520 2.43808648831316 
521 2.5680831483734 
522 2.44532894725114 
523 2.57034050769904 
524 2.45088408548302 
525 2.55526567067134 
526 2.477535652478 
527 2.3874304863468803 
528 2.4511875454323 
529 2.37372063984186 
530 2.53572577906862 
531 2.45466174827602 
532 2.5270415023956003 
533 2.45663718636416 
534 2.5173510621194 
535 2.4658924568594403 
536 2.4973056507944 
537 2.56807134387102 
538 2.53377538766778 
539 2.5829267059637 
540 2.4564762217712603 
541 2.46602671581938 
542 2.44996229455042 
543 2.46519896887458 
544 2.45641147965144 
545 2.4634052897011 
546 2.45689143273482 
547 2.3990608563539597 
548 2.4391358054211 
549 2.3828197456428 
550 2.3938453999254 
551 2.33819595997394 
552 2.3992419769697 
553 2.33699568702292 
554 2.4043693993359 
555 2.33464078710852 
556 2.40415729846964 
557 2.24896814861958 
558 2.40091163390762 
559 2.24153948185858 
560 2.45357624660476 
561 2.26201620556808 
562 2.4577925110930403 
563 2.26633322800214 
564 2.44422712994016 
565 2.26990072647922 
566 2.30652485238484 
567 2.29194306781134 
568 2.3500117209173803 
569 2.31506932482528 
570 2.3284807503187 
571 2.3551981392569603 
572 2.32444979965216 
573 2.35073446179446 
574 2.3211368212063404 
575 2.34727013347028 
576 2.38029608980542 
577 2.3317832271704 
578 2.3687934334758602 
579 2.34327602912678 
580 2.3532553795000597 
581 2.27888951434468 
582 2.34972556054516 
583 2.2812013543747 
584 2.33591725194914 
585 2.28654256315034 
586 2.39606220791074 
587 2.3496947374327997 
588 2.38580421974588 
589 2.33623059662918 
590 2.42634374269632 
591 2.3993250721713 
592 2.4350810442861 
593 2.39910140185648 
594 2.45779466855894 
595 2.42153208255128 
596 2.44245397136384 
597 2.48461549446614 
598 2.45046568266182 
599 2.48310403363378 
600 2.5101555283757397 
601 2.52247634798016 
602 2.50129491415902 
603 2.533630032596 
604 2.49269214575512 
605 2.5120831114896 
606 2.60333650221616 
607 2.59174861921658 
608 2.60735542074498 
609 2.5828004644446 
610 2.5603769768560403 
611 2.58346344662076 
612 2.56158758677158 
613 2.57449872566304 
614 2.56698631602584 
615 2.5663588133311 
616 2.5037554097670403 
617 2.4149675751607402 
618 2.49941814936652 
619 2.40872592713814 
620 2.42785424470962 
621 2.3801784681941998 
622 2.43093392764936 
623 2.37253892465586 
624 2.43386603667326 
625 2.3716898816974 
626 2.32925541494912 
627 2.35991308360448 
628 2.2852347872116203 
629 2.3414545967496 
630 2.25244855636108 
631 2.2580178846976198 
632 2.26002954294818 
633 2.26854122699528 
634 2.253114324871 
635 2.2698138248918402 
636 2.42095585285396 
637 2.44716781150022 
638 2.46185205890858 
639 2.50105948045646 
640 2.56787551901184 
641 2.683611131767 
642 2.5588313035341796 
643 2.6858705294433602 
644 2.5580791284321 
645 2.68546732197724 
646 2.5580791284321 
647 2.59084737408886 
648 2.56745274017412 
649 2.6021536091998003 
650 2.56504669032074 
651 2.5547338634818 
652 2.56781954865308 
653 2.54963868527418 
654 2.5809397871779 
655 2.5541224208188598 
656 2.5376714439553 
657 2.6606965201510198 
658 2.5470322417238203 
659 2.6441189165052 
660 2.5108835457537397 
661 2.57258550062074 
662 2.51128385139226 
663 2.57166477909466 
664 2.5133434693045 
665 2.56527328816942 
666 2.5270482070865397 
667 2.51848649559754 
668 2.50990180546242 
669 2.49817214252272 
670 2.50915355608478 
671 2.5270605078203 
672 2.50549465153974 
673 2.51874586337108 
674 2.5010704307901 
675 2.52863538153788 
676 2.52108016905312 
677 2.54928207232084 
678 2.50368020688208 
679 2.5484858975674003 
680 2.45703882270162 
681 2.57666436945662 
682 2.46437513389478 
683 2.5855560697534203 
684 2.46181201680096 
685 2.58049244532718 
686 2.29153943774844 
687 2.4545485420979 
688 2.2585712887794 
689 2.50294029317438 
690 2.31872250482354 
691 2.46731638128398 
692 2.32210731916628 
693 2.4662497500661003 
694 2.32093223221224 
695 2.4613528962278997 
696 2.50075867844226 
697 2.61104734370372 
698 2.5634401419415798 
699 2.59884673192622 
700 2.577184253307 
701 2.6079514244454 
702 2.57107054106848 
703 2.61035978578616 
704 2.56189532248038 
705 2.61334183397258 
706 2.3967995098759602 
707 2.5719164485510198 
708 2.35092455371204 
709 2.50176938946144 
710 2.3524191250395 
711 2.4786051131314197 
712 2.3459472502306 
713 2.47701715355818 
714 2.34997668422964 
715 2.4755300966222 
716 2.48623059747604 
717 2.36566822570816 
718 2.49943718035298 
719 2.39508493336672 
720 2.5445815941863197 
721 2.50454046290894 
722 2.54100154171674 
723 2.4983493850791403 
724 2.5450828209112997 
725 2.51103610861284 
726 2.38845511272432 
727 2.4666243718144 
728 2.3544097092735 
729 2.45182867989542 
730 2.25698708488438 
731 2.37296508808714 
732 2.26956688857988 
733 2.37110943866628 
734 2.2727480916264797 
735 2.3635974265655397 
736 2.2914746874123 
737 2.32954704622066 
738 2.32759772427886 
739 2.34817609402776 
740 2.39754686508488 
741 2.3507238878293597 
742 2.3939857500839 
743 2.37071623290038 
744 2.38792858799518 
745 2.37746110672112 
746 2.55467159975436 
747 2.48170620011072 
748 2.5723038796084 
749 2.4896663317297003 
750 2.60397022031838 
751 2.5263776281877197 
752 2.60606998908542 
753 2.5140296785897602 
754 2.61006669175114 
755 2.5203946234170997 
756 2.61006669175114 
757 2.6209351875123 
758 2.57746224605726 
759 2.62457593621216 
760 2.51869147002548 
761 2.56415531526714 
762 2.5107167829916 
763 2.55566926945536 
764 2.5146450346594 
765 2.54008048697332 
766 2.5146450346594 
767 2.50766175489506 
768 2.52143428620758 
769 2.49043561813658 
770 2.55470782182134 
771 2.5113512143561 
772 2.5613219009822403 
773 2.5280180920848 
774 2.55642352580662 
775 2.5268260892210597 
776 2.52283838309884 
777 2.57540005645456 
778 2.53659569548864 
779 2.60598781102982 
780 2.54332813250014 
781 2.6159159107967 
782 2.54633390970004 
783 2.6103351368151797 
784 2.54615863239228 
785 2.61716267244444 
786 2.51547379088744 
787 2.49455915076936 
788 2.53535942277454 
789 2.5003186239835 
790 2.52945020482412 
791 2.49172279563712 
792 2.52632446100412 
793 2.4907058767922203 
794 2.52040876934696 
795 2.49163821187314 
796 2.5570663410058403 
797 2.4982504428126 
798 2.5214879743978598 
799 2.44754767275456 
800 2.5401077240928 
801 2.4793239331051597 
802 2.54060298006248 
803 2.4855619896205203 
804 2.55897311185352 
805 2.49406905889924 
806 2.56258210950636 
807 2.44271010132904 
808 2.61335303957676 
809 2.49486062645822 
810 2.60839990971676 
811 2.48999981238312 
812 2.61272102114552 
813 2.47746424674996 
814 2.60157531337872 
815 2.4675456556766 
816 2.4629456392183 
817 2.52558405811568 
818 2.4368419745546 
819 2.49899208988848 
820 2.40896942597814 
821 2.45926649746822 
822 2.40907329963112 
823 2.4626211611290403 
824 2.42351816505348 
825 2.4603411385135 
826 2.43024871989206 
827 2.40400994382896 
828 2.44206258661116 
829 2.39548534791076 
830 2.47098546532958 
831 2.41326903880788 
832 2.4662320064800403 
833 2.41827631516962 
834 2.44526275867422 
835 2.42095188883498 
836 2.49943460055574 
837 2.52238340542802 
838 2.460708752114 
839 2.55118241920642 
840 2.42583206971248 
841 2.45193760466022 
842 2.4205915419761 
843 2.45149202650834 
844 2.42809925962376 
845 2.45046594142862 
846 2.46244400026766 
847 2.41606604476466 
848 2.37552538926102 
849 2.38828092298812 
850 2.31386681480752 
851 2.42705470568044 
852 2.31733715622974 
853 2.42554272871312 
854 2.31609986479058 
855 2.43304863350704 
856 2.43483750227572 
857 2.4118992738243 
858 2.4313607082831 
859 2.4228063827247803 
860 2.50375634546366 
861 2.44523652959972 
862 2.50197440754358 
863 2.4424983231304997 
864 2.49237441647652 
865 2.4371039130419403 
866 2.40743196132326 
867 2.43190356149436 
868 2.4189394230911203 
869 2.4678929432684003 
870 2.4225464304555198 
871 2.54207245290508 
872 2.42326020657292 
873 2.5523021687646397 
874 2.42689771892704 
875 2.55967606694416 
876 2.44917164296302 
877 2.5601359287638603 
878 2.4345976087505603 
879 2.5345314518521 
880 2.39081812091644 
881 2.51040304040596 
882 2.3935436231766998 
883 2.49933383160784 
884 2.40614957286808 
885 2.48720852551032 
886 2.39896914197152 
887 2.43832501531142 
888 2.37811905333878 
889 2.4170983549051 
890 2.35413285569474 
891 2.40397152973628 
892 2.36335127708886 
893 2.40886119943038 
894 2.3542909905275797 
895 2.423380374636 
896 2.40000777316574 
897 2.46028427009592 
898 2.53976840104228 
899 2.61211221203256 
900 2.5511863936548402 
901 2.53507282666108 
902 2.5407236829107 
903 2.53050502118128 
904 2.53250715840726 
905 2.5157273439575603 
906 2.5178498915242797 
907 2.51770354369446 
908 2.5178498915242797 
909 2.37802910732586 
910 2.57193816770762 
911 2.42820311644212 
912 2.56525987875108 
913 2.42607761708174 
914 2.57817603291634 
915 2.42426455223784 
916 2.52783715893146 
917 2.3876705429731198 
918 2.32759130391206 
919 2.46507615348062 
920 2.26330822480266 
921 2.40356892812956 
922 2.28190586312192 
923 2.4052471325935203 
924 2.27502972423008 
925 2.41070039630796 
926 2.33140826006398 
927 2.4465696133375 
928 2.51606645622374 
929 2.46425825811414 
930 2.57286002642914 
931 2.52229314439408 
932 2.5594114213828 
933 2.5207622646664 
934 2.55506919539852 
935 2.5162357489857 
936 2.51845306095994 
937 2.48352051985318 
938 2.4500107735539998 
939 2.48211534086156 
940 2.46713239616528 
941 2.42235910213338 
942 2.38192545230822 
943 2.42665904699424 
944 2.42665904699424 
945 2.3239198238212 
946 2.44279670825782 
947 2.32011107266786 
948 2.44131981269406 
949 2.34552639472322 
950 2.43454026788306 
951 2.39478110528246 
952 2.51857021414862 
953 2.44292767625046 
954 2.4738366194626 
955 2.5297454699785 
956 2.4738366194626 
957 2.5297454699785 
958 2.4738366194626 
959 2.5297454699785 
960 2.4738366194626 
961 2.5297454699785 
962 2.4738366194626 
963 2.4815988990105002 
964 2.51857021414862 
965 2.4815988990105002 
966 2.50643951561584 
967 2.48738288504426 
968 2.40843370396208 
969 2.48202210278036 
970 2.41206460570398 
971 2.45553056425414 
972 2.38567726777482 
973 2.37485015206582 
974 2.31700558369934 
975 2.26596686173902 
976 2.31746631907882 
977 2.26903935548008 
978 2.3205587384632 
979 2.26898917898898 
980 2.41856455011696 
981 2.3939079686922 
982 2.4465924264379 
983 2.41303444438174 
984 2.50222227249664 
985 2.46030203242916 
986 2.49308215120258 
987 2.45766632655392 
988 2.49407895369526 
989 2.44975191529804 
990 2.50985011707904 
991 2.4638077063409 
992 2.50985011707904 
993 2.49813786867388 
994 2.4142929728277798 
995 2.5263863458328197 
996 2.41930118321502 
997 2.52702395201202 
998 2.41652986989274 
999 2.5345107898897004 
1000 2.43951675340108 
1001 2.5276432486988 
1002 2.39141904015538 
1003 2.4874962889664602 
1004 2.56677681236642 
1005 2.5510347751353804 
1006 2.5651473862839 
1007 2.5539368830027 
1008 2.57138175714876 
1009 2.55587741105008 
1010 2.53603821038348 
1011 2.5555000643228 
1012 2.5678887574109 
1013 2.56688591499452 
1014 2.5576345745828997 
1015 2.4900968163056403 
1016 2.5651313445366997 
1017 2.48610066724858 
1018 2.5665101787889 
1019 2.48210942987106 
1020 2.58353449597834 
1021 2.47734581710082 
1022 2.408420304116 
1023 2.41005588103522 
1024 2.40069846274206 
1025 2.41539466259096 
1026 2.39934874179526 
1027 2.42145138642038 
1028 2.4034281194762 
1029 2.42162373815782 
1030 2.39828159151008 
1031 2.44433317449064 
1032 2.6187599372775603 
1033 2.51387329523764 
1034 2.53831769599998 
1035 2.43982034708498 
1036 2.53818911428568 
1037 2.44055141506102 
1038 2.5318136088057797 
1039 2.45050025608192 
1040 2.50269662111894 
1041 2.42673304084138 
1042 2.53477251557196 
1043 2.4604885997322397 
1044 2.65541614042408 
1045 2.5872068256253398 
1046 2.64442674084422 
1047 2.58424760494258 
1048 2.63354921263568 
1049 2.6016670141789797 
1050 2.60834992395782 
1051 2.5673150352798197 
1052 2.51955964443788 
1053 2.50084798947662 
1054 2.47019830957046 
1055 2.43995406922034 
1056 2.4816532003895597 
1057 2.43977079922108 
1058 2.49017090373816 
1059 2.41587487120962 
1060 2.4732158222654 
1061 2.4272508866991798 
1062 2.4464750353448 
1063 2.43182576882786 
1064 2.39304262010716 
1065 2.35457727882374 
1066 2.38612201194538 
1067 2.35902151764608 
1068 2.39016553707644 
1069 2.35588160669632 
1070 2.41740041073184 
1071 2.3517687802121 
1072 2.549489954002 
1073 2.40330483687918 
1074 2.52857218178936 
1075 2.4590312730830197 
1076 2.53502890074382 
1077 2.44470936390774 
1078 2.5349054907646797 
1079 2.4529954673958 
1080 2.51639066641572 
1081 2.44348175868986 
1082 2.42985578816144 
1083 2.49113179724382 
1084 2.43704531360652 
1085 2.51454632498642 
1086 2.43251647861452 
1087 2.52278062583816 
1088 2.4319800144336 
1089 2.51767210267266 
1090 2.44535449180904 
1091 2.5262696656381403 
1092 2.48122813673394 
1093 2.4750232318518597 
1094 2.51102993105494 
1095 2.46862852626268 
1096 2.5175865175767997 
1097 2.47114433640926 
1098 2.51105049576472 
1099 2.4602634940179398 
1100 2.5005949302197 
1101 2.44417722249612 
1102 2.51088714650942 
1103 2.3733067233988 
1104 2.44207088511434 
1105 2.3984462417373402 
1106 2.4422620597563798 
1107 2.40670001959718 
1108 2.4556924870403 
1109 2.44062647547302 
1110 2.48335463231044 
1111 2.46527970629622 
1112 2.26062488248404 
1113 2.47869236555018 
1114 2.3533484108135 
1115 2.5182552403889598 
1116 2.34226895177204 
1117 2.5014994426997 
1118 2.33303827747946 
1119 2.47689228277694 
1120 2.31302164943144 
1121 2.4723294397844198 
1122 2.48268191012982 
1123 2.5494983135686597 
1124 2.39084034597184 
1125 2.4389856207486202 
1126 2.4010975768884597 
1127 2.44187853811364 
1128 2.3852070767563402 
1129 2.4616363205365 
1130 2.38977050243072 
1131 2.44629802131304 
1132 2.41768414603374 
1133 2.49081762923164 
1134 2.49551875305132 
1135 2.53930954797576 
1136 2.49652813251802 
1137 2.54510119552484 
1138 2.50879029739962 
1139 2.54990857514412 
1140 2.4944328250709 
1141 2.55680423625508 
1142 2.522708865845 
1143 2.3885168387973 
1144 2.4987117803182803 
1145 2.37384461629608 
1146 2.4964984126068197 
1147 2.3674891636165 
1148 2.50241723006246 
1149 2.3550684755770197 
1150 2.53095037308904 
1151 2.35631708129094 
1152 2.3623356968532603 
1153 2.32177113442756 
1154 2.32175689564538 
1155 2.2988063556376 
1156 2.31620507364556 
1157 2.29703035475274 
1158 2.30950348943968 
1159 2.28351251707754 
1160 2.4988085106364197 
1161 2.34223120759762 
1162 2.4673945197849 
1163 2.3110698678475403 
1164 2.46091080981558 
1165 2.26965564146014 
1166 2.46513213450438 
1167 2.27986821835642 
1168 2.47293512036574 
1169 2.29183409664994 
1170 2.47609253243104 
1171 2.3102372637907798 
1172 2.43947957762754 
1173 2.4543519175918402 
1174 2.5766356397741 
1175 2.5254939800336 
1176 2.57430619539664 
1177 2.51925296119466 
1178 2.56985469753204 
1179 2.51385513267466 
1180 2.5848032107059002 
1181 2.54281116927096 
1182 2.60693584407876 
1183 2.56210608601334 
1184 2.5881863917083203 
1185 2.6451840799084 
1186 2.5865325041437996 
1187 2.64575048656844 
1188 2.5814103596719997 
1189 2.6376807780025002 
1190 2.57152815232336 
1191 2.61539323277242 
1192 2.47908551932876 
1193 2.50801103329516 
1194 2.39931620892546 
1195 2.40428065118272 
1196 2.39797189833162 
1197 2.40877197038684 
1198 2.40134597624336 
1199 2.4148426711163 
1200 2.3988937596346203 
1201 2.40106087154208 
1202 2.25452178347164 
1203 2.22863134771392 
1204 2.31064366382852 
1205 2.2693330683108 
1206 2.3114698454557 
1207 2.2764909072829402 
1208 2.3147788064853 
1209 2.27652861776426 
1210 2.31095948182194 
1211 2.2842301505852403 
1212 2.56225441241014 
1213 2.5194100165176403 
1214 2.4720738569882 
1215 2.5701392144058 
1216 2.47343875552986 
1217 2.5578371742262602 
1218 2.47278473130676 
1219 2.55645568470032 
1220 2.48791928537474 
1221 2.56410631315638 
1222 2.42807812848176 
1223 2.44757624975064 
1224 2.4633064307494204 
1225 2.3629171867135 
1226 2.46161261332734 
1227 2.35693488897714 
1228 2.47325622131256 
1229 2.3528352525058 
1230 2.49189917889644 
1231 2.35254281107438 
1232 2.4358570362422403 
1233 2.4951421056638 
1234 2.44642374550514 
1235 2.5408088016417 
1236 2.44445896751296 
1237 2.5525997448694797 
1238 2.43523734203064 
1239 2.55650581254188 
1240 2.3967398839595 
1241 2.55119969765544 
1242 2.48826072091376 
1243 2.42762085175532 
1244 2.5695668519983803 
1245 2.50462126228432 
1246 2.57567977960186 
1247 2.5005966663873402 
1248 2.57069946168322 
1249 2.50568800368738 
1250 2.58554068619888 
1251 2.49995676247668 
1252 2.4328831412474 
1253 2.5058657324348 
1254 2.36728790998666 
1255 2.44040409137168 
1256 2.36632764946006 
1257 2.4367877281277197 
1258 2.3665369282325797 
1259 2.44072622906058 
1260 2.37373978485676 
1261 2.44626382934572 
1262 2.41281885095274 
1263 2.45968737798084 
1264 2.5091993022141397 
1265 2.56690184429384 
1266 2.50554675699276 
1267 2.56418704602914 
1268 2.5061839334057803 
1269 2.55773423503102 
1270 2.49978458251652 
1271 2.57079585685814 
1272 2.47567163704038 
1273 2.5279370894808 
1274 2.4328348826629 
1275 2.44324029072554 
1276 2.43402885341398 
1277 2.44938135235728 
1278 2.4416391944785603 
1279 2.44722222849826 
1280 2.45081563966686 
1281 2.43330187201476 
1282 2.5539638826032602 
1283 2.51720091876006 
1284 2.47193865931118 
1285 2.50463818567972 
1286 2.46932127852846 
1287 2.51020300681798 
1288 2.4546906811876 
1289 2.52147508038648 
1290 2.45369013621138 
1291 2.52700299532128 
1292 2.51259578019954 
1293 2.56324868703378 
1294 2.5368804451968 
1295 2.53910346410364 
1296 2.54489316695526 
1297 2.5318214372457 
1298 2.56407451982486 
1299 2.51587952318724 
1300 2.54583626990788 
1301 2.47623211062938 
1302 2.5630106727418798 
1303 2.50246017630278 
1304 2.46180068134998 
1305 2.40268761273714 
1306 2.4612411624885 
1307 2.4027232791712203 
1308 2.44102620827746 
1309 2.4177675031055204 
1310 2.4647051699532 
1311 2.46548135758502 
1312 2.4475307671191997 
1313 2.47540332917598 
1314 2.59064350859038 
1315 2.59106649851902 
1316 2.58228637069424 
1317 2.58923423239776 
1318 2.5909655465652 
1319 2.5837305037592797 
1320 2.53807744146344 
1321 2.5526067900508 
1322 2.53807744146344 
1323 2.51434102661104 
1324 2.53825644567686 
1325 2.57930159688938 
1326 2.5441932448367597 
1327 2.5841798627075603 
1328 2.5451778553591202 
1329 2.57839606962872 
1330 2.4122672599366597 
1331 2.5126773612672 
1332 2.44086873517888 
1333 2.5442674633840197 
1334 2.45661724453528 
1335 2.4539495677237797 
1336 2.4550870247704397 
1337 2.44991727680734 
1338 2.44900065160844 
1339 2.45306364154608 
1340 2.46963713992616 
1341 2.46747531631602 
1342 2.52146418710654 
1343 2.45860149561064 
1344 2.54113308920656 
1345 2.49112201269572 
1346 2.54091380151266 
1347 2.5016788926098803 
1348 2.55115274802644 
1349 2.5037320293885 
1350 2.52858439911802 
1351 2.4881388436154603 
1352 2.51134211832706 
1353 2.47654582797708 
1354 2.40791612058254 
1355 2.38222952012952 
1356 2.4088017399561 
1357 2.37778522883624 
1358 2.39756319475442 
1359 2.3706345858865 
1360 2.3862084184051198 
1361 2.3647375177792798 
1362 2.333789139421 
1363 2.2521672704616003 
1364 2.35455755132252 
1365 2.3341178143377403 
1366 2.36715669791444 
1367 2.3257625894796 
1368 2.3790843901113 
1369 2.32602185979934 
1370 2.40460348966962 
1371 2.32142010818148 
1372 2.4344902189048403 
1373 2.3255657716589 
1374 2.47271736500782 
1375 2.3066344814453403 
1376 2.45570220444976 
1377 2.3061150882629002 
1378 2.438350875663 
1379 2.3150012463993 
1380 2.4758885831960398 
1381 2.30468877004752 
1382 2.46105507652898 
1383 2.52764269044184 
1384 2.46735012540042 
1385 2.5105341088557998 
