0 16.952367864778896 
1 14.977731434529845 
2 22.986014292603798 
3 18.572673491799215 
4 20.6368927835153 
5 21.907862022856904 
6 9.838001393264014 
7 16.254724147018244 
8 11.66451785148146 
9 10.99989509682563 
10 22.24953318621626 
11 23.942687848568053 
12 10.90625048754739 
13 11.292161481820507 
14 12.404632619985568 
15 13.39134765812075 
16 13.151669081080403 
17 22.172961942874664 
18 11.396945818162056 
19 14.129514531054719 
20 10.386053882725832 
21 9.554288525889698 
22 7.720719443795065 
23 10.091437095493587 
24 9.645071458958528 
25 8.111753841393249 
26 6.49087180915682 
27 8.094658568734959 
28 6.989796037402864 
29 10.460393545651794 
30 11.693102015896336 
31 11.084166435432936 
32 17.173582278999305 
33 31.91356418391959 
34 17.49551172956919 
35 12.896899925588375 
36 11.686488233556792 
37 19.707296903632006 
38 23.6685514361492 
39 20.775091509775077 
40 17.966682230380083 
41 17.349040370615487 
42 13.774759271179539 
43 13.189967043196056 
44 20.290666679567124 
45 29.892483233912753 
46 22.105300882250635 
47 23.708822049754392 
48 13.248043259906884 
49 10.363419828919604 
50 8.67525580221685 
51 11.002780663371842 
52 30.280066706613628 
53 19.333133593609556 
54 12.221485994679348 
55 17.718418384589388 
56 17.697559905316055 
57 32.41397857772145 
58 15.42789252018465 
59 19.9134204066905 
60 44.3278799408159 
61 27.927954562100904 
62 8.275808727050304 
63 8.965406385198106 
64 14.853561019488131 
65 6.494610669032677 
66 29.054273661168875 
67 26.435799823521997 
68 26.67182174289057 
69 26.48002777865463 
70 11.994795196710108 
71 14.813063086925965 
72 10.91962395894894 
73 10.048066234811607 
74 17.651457381174826 
75 19.1145422230324 
76 30.97896478373907 
77 9.538362176790303 
78 28.4272865905317 
79 8.603894651981891 
80 30.759726306680257 
81 20.461716337452373 
82 20.96732653469306 
83 21.439435683798912 
84 32.09623581447669 
85 26.120204014273526 
86 21.086653126068335 
87 13.974026320173246 
88 16.271497846917796 
89 14.997707955646618 
90 9.7895058688432 
91 9.12021326792653 
92 11.793281072509082 
93 9.623009117564735 
94 12.42970347496755 
95 16.691953501514266 
96 18.92787710858597 
97 12.099291230236227 
98 9.870715704455385 
99 14.357122074614654 
100 11.006620813444213 
101 11.660496744527414 
102 12.034960259389974 
103 15.174431814070607 
104 14.535645098127553 
105 12.827676902985873 
106 14.282955002077246 
107 22.959088271679274 
108 10.034412141859175 
109 15.055201995728567 
110 10.311723880211726 
111 20.137911167232414 
112 15.46019307253674 
113 16.4910630735478 
114 19.194493767046808 
115 15.716126034644914 
116 27.17345305889746 
117 10.80518838152895 
118 12.709704007175583 
119 9.91057500324894 
120 8.152035917669238 
121 16.463423154671954 
122 14.878166790819765 
123 19.48573286875726 
124 10.58710506321765 
125 15.746512291450797 
126 17.16290070463455 
127 19.19054177094724 
128 17.374409192774028 
129 47.692895478941146 
130 22.049057436943425 
131 12.722580488603894 
132 18.87056558103542 
133 10.836650751328001 
134 11.961340919137044 
135 15.938227694178446 
136 14.561583674432976 
137 14.967042064545597 
138 14.76789606182772 
139 15.811929337786792 
140 9.161809774073127 
141 19.2400148624535 
142 15.435841383751955 
143 20.042260587844584 
144 8.603365202176736 
145 11.178163385506751 
146 12.037654406024705 
147 24.077105445945246 
148 29.80411997527162 
149 21.98261015403483 
150 12.53891295444286 
151 13.686658922115045 
152 13.057906403327438 
153 11.788839358490778 
154 7.550284780276356 
155 9.442887504052448 
156 10.76978618619544 
157 10.114092389902073 
158 26.02216128351801 
159 33.04527047255881 
160 28.289620471729293 
161 16.215698782557595 
162 21.51178856993389 
163 6.029616872503116 
164 10.809783253008943 
165 13.653600005208435 
166 16.21381824366899 
167 29.11215070033455 
168 11.005061331584127 
169 10.214065848431716 
170 32.80336612910794 
171 14.75376644025228 
172 37.506742497406734 
173 22.54965780121826 
174 20.28929253839642 
175 21.2734972940896 
176 26.41515517936316 
177 16.892354286818957 
178 21.552688238347027 
179 16.031801363789256 
180 16.52178913989719 
181 21.214532469437405 
182 10.929355204356833 
183 12.402578508486604 
184 12.95653973637793 
185 7.213574433395363 
186 20.698915285687495 
187 37.23239711678443 
188 15.124310368452557 
189 9.132763865269924 
190 11.966289121565719 
191 28.561824991487914 
192 19.009372563949167 
193 20.801983831771064 
194 24.448884899215408 
195 24.58041679364261 
196 50.36992914615107 
197 7.020801424814742 
198 48.78232147010933 
199 11.566920013678532 
200 16.08097414348373 
201 17.98231909657615 
202 13.712029030518005 
203 11.16153514537684 
204 15.703475181022412 
205 34.782101038245926 
206 23.074405989888486 
207 13.707278972257354 
208 19.050903194451383 
209 18.38276685731817 
210 18.659264004555485 
211 18.679290826255997 
212 22.26476911398587 
213 12.90852966069093 
214 12.214616872073247 
215 22.013530464538952 
216 10.873058337999543 
217 44.81046142669416 
218 8.537328258258869 
219 12.687827646811485 
220 13.071865114612065 
221 9.892716384537913 
222 16.565574223717782 
223 13.6515557870069 
224 9.654173619822537 
225 10.907867190608576 
226 14.985169544511017 
227 17.408735281055574 
228 13.325742171614477 
229 15.01671625332517 
230 18.0129783679552 
231 19.234368049600345 
232 32.82595833268114 
233 20.555577881566503 
234 18.490713432348908 
235 22.02312417957469 
236 21.959476864116606 
237 31.2536623895322 
238 19.87407365288755 
239 36.43925493466778 
240 11.901266936227566 
241 12.016995625030441 
242 26.635575030164475 
243 14.737902899930779 
244 14.944058261213467 
245 13.724726932415363 
246 26.358713958925115 
247 18.4771915294781 
248 18.7796528209973 
249 19.245576683062918 
250 13.358889833774457 
251 9.647556198577123 
252 13.864826090693324 
253 17.292105740530022 
254 12.532581154085193 
255 12.34882762356765 
256 24.391302577940092 
257 22.724856286808727 
258 11.163198713956447 
259 20.844162169146514 
260 10.70499836654688 
261 14.083919840971364 
262 8.297665585186358 
263 12.80093756866958 
264 23.629482318608698 
265 17.530977926947013 
266 24.846153390478108 
267 43.26254770500258 
268 9.990077337696828 
269 10.035204410001938 
270 15.98542588506115 
271 12.214439018139778 
272 24.90886415735275 
273 26.998191239419395 
274 20.030009407786974 
275 20.359117738428083 
276 10.877231563987925 
277 11.230090391123678 
278 29.078848300390323 
279 18.881099111833368 
280 44.59653375863902 
281 28.979997374439478 
282 13.401959343306855 
283 19.04424264438794 
284 11.129519215205526 
285 19.49923059400003 
286 15.22859020488485 
287 14.012681994641223 
288 21.25592426668829 
289 25.23011032109816 
290 8.978764214275929 
291 9.100760728528838 
292 9.516396102054475 
293 14.512961758314765 
294 25.92244842461774 
295 21.30104720018689 
296 18.424757846647193 
297 20.21068862664977 
298 8.90644661934177 
299 11.110739072847682 
300 14.6331647071137 
301 20.76018135381813 
