0 2.863132261356916 
1 3.1268350147461375 
2 3.8546227671951034 
3 4.85 
4 4.220716263093618 
5 3.4818572219164885 
6 4.233811856824701 
7 4.439617161196805 
8 3.0614677478031265 
9 3.324174517397847 
10 3.3982041856118492 
11 3.897224001549781 
12 3.9856011005915377 
13 4.565298419907462 
14 3.3346114994005576 
15 3.5302218427789915 
16 3.6465043381340974 
17 3.6720633564170226 
18 3.7332797768034998 
19 3.8934739212571943 
20 3.538137441388721 
21 3.492894056213423 
22 2.949349966647708 
23 2.9231104107384565 
24 3.400665277723536 
25 3.5126060785665003 
26 3.1193772089241922 
27 3.112178342576998 
28 3.7208112474849546 
29 4.50685688152854 
30 4.000818101567007 
31 3.413292702391578 
32 3.535453799549822 
33 4.598048259157596 
34 3.930512087365816 
35 4.85 
36 3.7278506421877537 
37 4.716951350177778 
38 4.176822354579967 
39 4.493592613337831 
40 4.406507941287686 
41 3.824458353011252 
42 4.20260421908951 
43 3.3185472376957943 
44 3.9292512332715357 
45 4.85 
46 3.8003650232476236 
47 4.623970181564371 
48 4.39576365386715 
49 4.21200078127901 
50 4.125460493806645 
51 2.774644833363393 
52 4.85 
53 3.3841033717812996 
54 4.609598291797775 
55 4.85 
56 3.903875926546232 
57 4.500985064990045 
58 3.725674670446451 
59 4.6153347917213345 
60 4.770338450267362 
61 4.266794941572806 
62 4.4538976251105336 
63 4.85 
64 4.85 
65 4.375331921081572 
66 4.455371973956485 
67 4.124133877874801 
68 4.85 
69 4.569928247936636 
70 4.159472033081234 
71 4.24991350721096 
72 4.709525975666724 
73 3.87704185041993 
74 4.043237462684473 
75 3.732637547971321 
76 4.85 
77 4.363519286871694 
78 4.930222290183591 
79 3.952343806037461 
80 4.095057451114989 
81 3.147450963390204 
82 4.379149270509748 
83 3.2494314944167217 
84 4.578183905243502 
85 3.8496608116642266 
86 4.85 
87 4.468445938990602 
88 4.822382575708777 
89 4.082834050316286 
90 4.85 
91 3.125695838610978 
92 4.85 
93 2.857980509665612 
94 4.9285481449035595 
95 3.8834134458359837 
96 4.651794992912624 
97 3.7037166590765525 
98 4.471172256272638 
99 4.497183333560482 
100 4.85 
101 3.1972809380971166 
102 4.217304724875745 
103 3.1895515815978004 
104 4.143078400048223 
105 3.875986011760946 
106 4.85 
107 3.926074380414078 
108 3.643068285729212 
109 3.0833689373679984 
110 3.6308818818002497 
111 3.6435087237977646 
112 3.7698691828186455 
113 3.331575254056201 
114 3.986329666395502 
115 3.8247189340091876 
116 4.47803168474074 
117 4.077111306874251 
118 4.85 
119 3.2681322675243836 
120 3.3354445612566557 
121 2.977497610516574 
122 3.6480092588506516 
123 3.196293702638607 
124 3.5429861022575584 
125 3.4786093858629394 
126 3.7496467224752674 
127 3.884589360007636 
128 3.8584322667974917 
129 4.85 
130 4.367688437028984 
131 3.9646531725555203 
132 4.885592914330562 
133 3.926826179188335 
134 3.8586022218693987 
135 3.4444867431945454 
136 3.476338444407574 
137 3.4168844948397865 
138 3.575080216251806 
139 3.4413080508793725 
140 3.4023004899408287 
141 4.018821542783281 
142 3.0899896721364755 
143 4.667364554380689 
144 3.4914835986999964 
145 4.141492233897962 
146 3.3703179029961756 
147 3.792600741504081 
148 3.135139258596311 
149 4.85 
150 3.0265124043852554 
151 3.5234767373957694 
152 2.849578307291603 
153 3.8032719209447006 
154 3.452006285449799 
155 4.1187597734390025 
156 4.307784723456681 
157 4.85 
158 4.600846947565597 
159 4.85 
160 4.85 
161 4.85 
162 4.307415008477495 
163 3.2446603042869673 
164 4.408696063300638 
165 4.123792830992551 
166 3.532049061757547 
167 4.008260900977227 
168 2.854233449434498 
169 2.7665606973379107 
170 4.85 
171 3.5240362346073466 
172 4.564783555534157 
173 3.1797573050660892 
174 4.85 
175 4.1643143222749925 
176 4.127968130011897 
177 3.816214321820262 
178 4.000877570736853 
179 4.85 
180 4.009054324105102 
181 4.746635765974986 
182 4.147647411382179 
183 4.725986482357916 
184 3.495951657522683 
185 3.551808584849329 
186 3.975528034176591 
187 4.85 
188 4.11051010742099 
189 4.85 
190 2.820291420085228 
191 3.72514363764766 
192 4.157015658032308 
193 4.85 
194 3.8247850829765873 
195 4.85 
196 3.6336289287789345 
197 4.85 
198 4.517298202543323 
199 4.85 
200 3.6602263144332268 
201 4.268651959208943 
202 3.9635288877710453 
203 4.769614203627057 
204 3.6964195827784714 
205 3.9451458655734792 
206 3.8583022732300805 
207 4.85 
208 3.8099833492041224 
209 4.4256948953022075 
210 3.9301842656018255 
211 4.920420052582034 
212 3.634192099762464 
213 4.393612918941959 
214 3.120037525269946 
215 4.127291380705676 
216 4.425203063170925 
217 4.85 
218 3.367763263779437 
219 4.85 
220 4.003700768760208 
221 4.85 
222 3.0513649737395587 
223 3.5901516367400825 
224 3.340803914101326 
225 4.765616364262811 
226 4.006263272035161 
227 4.85 
228 4.4552155257769535 
229 4.85 
230 4.216448891712745 
231 4.85 
232 3.799650509847329 
233 4.494026526207549 
234 3.703597582257589 
235 4.85 
236 4.120793680352334 
237 4.85 
238 3.7263332942361154 
239 4.948954632541116 
240 3.96789170808515 
241 4.6555583037375285 
242 3.6561851343133527 
243 3.6443034274792794 
244 4.007315109433635 
245 3.300826825844273 
246 3.9910644302195797 
247 3.43205752777633 
248 3.8584540507231404 
249 3.8413418897516554 
250 3.9176730734399383 
251 4.0423809916429585 
252 3.9141600131728356 
253 4.445086378596017 
254 3.6203240458624286 
255 3.781819957601765 
256 3.6529614960887824 
257 3.6793790808116293 
258 4.3473197582072745 
259 4.1499344316554865 
260 3.6082572650612055 
261 3.5069355896607113 
262 4.355459234680742 
263 4.529805164196036 
264 4.1863770096974395 
265 4.399795751010893 
266 4.007980096310455 
267 4.760241708609716 
268 4.142484002498191 
269 4.619041965720776 
270 3.8142025441950334 
271 3.79247919048624 
272 3.3515021271804284 
273 3.577831033931661 
274 3.9746206701940134 
275 4.547503284387101 
276 3.7445271971390026 
277 3.88334729208849 
278 3.6973700502273896 
279 3.4292711515882592 
280 4.289070950590018 
281 4.197970259211317 
282 4.329623875733452 
283 4.178473757294214 
284 3.6911151245591536 
285 3.5039477315123815 
286 3.44849557755471 
287 3.637017957814613 
288 4.012060769202194 
289 3.713859583036709 
290 2.5979622327454477 
291 2.588222052868371 
292 3.343191625218172 
293 2.9869978192481543 
294 4.048844954883385 
295 3.9439111024716764 
296 4.366613639671336 
297 4.336486037228891 
298 4.0218849974524895 
299 4.053474973755243 
300 3.187475923941971 
301 4.205103687487954 
