0 15.67518761024905 
1 21.330187096019568 
2 15.808294041602123 
3 19.453829492168477 
4 8.423904158423795 
5 11.663187985061969 
6 13.00531151261833 
7 13.298785630489235 
8 26.578862654144963 
9 17.353418921882177 
10 18.47230895934537 
11 19.86174499822422 
12 31.85587665666654 
13 22.09621746918133 
14 12.732119710891943 
15 14.8886238427898 
16 22.989037972463386 
17 33.59716759718362 
18 14.322118454525278 
19 10.45257308046951 
20 13.369833670158169 
21 23.779929697244587 
22 26.131758314330927 
23 45.617036086398535 
24 26.284052739760366 
25 35.0799906326319 
26 9.99793572131761 
27 28.84150014440334 
28 15.344303556664448 
29 15.125292098202694 
30 15.170425240253328 
31 13.08711945109223 
32 16.348620563312206 
33 10.61131842526697 
34 32.91689752866482 
35 27.884322355037295 
36 17.204295429748065 
37 13.973234899239424 
38 20.000209810550608 
39 21.139153487153123 
40 14.955621322873952 
41 14.255963346407716 
42 27.85968874334943 
43 11.814874282398408 
44 22.91042966232234 
45 23.092318534179 
46 22.033767953014845 
47 20.280855467068967 
48 18.36120000175106 
49 11.184303644901432 
50 14.400598779780196 
51 12.726363570162876 
52 25.681508694587315 
53 33.0595959675576 
54 25.330217109037655 
55 28.03697885681054 
56 23.48592290635429 
57 20.915779447771687 
58 20.40706070101006 
59 18.494382418822866 
60 33.5093953726192 
61 34.42186294624538 
62 28.265218240998443 
63 20.90452101016243 
64 21.673189510399173 
65 23.798954828386453 
66 13.983157417470679 
67 17.17709886149562 
68 22.58791090431261 
69 24.24018817437338 
70 14.600309807675572 
71 11.467021715772983 
72 10.756776996424925 
73 23.529005222679107 
74 17.67049485595841 
75 12.1917163960015 
76 16.331433199389465 
77 15.748049470972974 
78 50.78464705170117 
79 19.23569122395069 
80 8.076344226814447 
81 8.595448881893894 
82 15.777847160832847 
83 10.84480436036064 
84 21.279433401317057 
85 19.694989270436647 
86 31.403893381251873 
87 18.000300412423343 
88 20.85597788253078 
89 19.225815914924826 
90 10.821273587583011 
91 7.357795557925722 
92 12.184562110908082 
93 44.49009811721029 
94 10.693508129179637 
95 14.37163435510509 
96 15.42596331726119 
97 13.215817500078773 
98 12.182367924994118 
99 12.984978886233328 
100 20.539673367449378 
101 18.092387858187355 
102 47.89056987246092 
103 27.88636167199665 
104 20.985370344427324 
105 15.988594561832189 
106 25.73808457238235 
107 17.38737371853068 
108 11.259060417097285 
109 20.305696220916158 
110 28.91805765266373 
111 22.790423716841087 
112 8.00222840375318 
113 12.501055091262414 
114 15.1678467847508 
115 22.973550016158097 
116 11.83117121233918 
117 15.618800783490105 
118 11.335313401131287 
119 19.980011909015126 
120 23.6302810751731 
121 15.159459156640006 
122 18.79168458781362 
123 20.43400353696026 
124 17.617426294854187 
125 23.68753247340005 
126 31.157312969387224 
127 11.273556100288134 
128 31.157312969387224 
129 14.63960014519867 
130 15.95672138631565 
131 16.51905618986479 
132 11.099477880719693 
133 13.008417330893527 
134 15.426984599880095 
135 28.988409623399154 
136 13.170624790004364 
137 14.770704427720709 
138 35.74244128574837 
139 23.413945751017376 
140 22.675222870364863 
141 21.961086560412173 
142 11.99891290976865 
143 19.969072557608076 
144 11.563316562133847 
145 14.436434727538067 
146 27.73515311419257 
147 30.644212433605365 
148 15.754023670639318 
149 20.262925495424987 
150 15.096927922253217 
151 15.168505030486703 
152 25.453962859570336 
153 27.66162145763673 
154 17.65918640585397 
155 23.46463776223776 
156 23.13065057822435 
157 16.94093317823446 
158 11.723006059521946 
159 11.494550487126434 
160 14.741114324976891 
161 16.044373209292363 
162 13.359953622597518 
163 48.464971170400844 
164 19.112887276770458 
165 19.766551048107374 
166 11.748224169224908 
167 11.86104858322493 
168 30.49028074613629 
169 35.50673427751488 
170 11.480926728857355 
171 16.243896393605155 
