0 8.873772645627012 
1 10.703714384147197 
2 26.387568417741427 
3 20.956117253818444 
4 10.466710586732148 
5 17.661565929207267 
6 15.224168157878498 
7 20.225502345968934 
8 28.69077228264587 
9 19.53046466471407 
10 18.37374768373511 
11 11.370375189763609 
12 13.11482299086344 
13 27.462753802536554 
14 18.096837381887216 
15 14.435838484518909 
16 40.73444890110424 
17 11.515663351874935 
18 10.02450735531363 
19 16.027696787432507 
20 14.803129819756546 
21 13.986048310725195 
22 23.49263177940707 
23 10.683647867628142 
24 10.778337984591744 
25 12.46338810804386 
26 24.380527218298603 
27 20.71486284929721 
28 16.38054472884626 
29 21.08495706903139 
30 19.075249451978788 
31 30.834122386567472 
32 26.079763222364544 
33 18.179195561719833 
34 30.56827805350883 
35 32.78977445960208 
36 20.174040191240273 
37 29.468661078753048 
38 20.088240083527303 
39 17.394945297401314 
40 11.263716757122562 
41 21.811593524599967 
42 25.257914355741033 
43 32.19379351104902 
44 21.701560495053602 
45 38.48020624042422 
46 15.176737925344835 
47 10.30967082235419 
48 15.757278854317722 
49 13.78050695710742 
50 12.374403304322172 
51 25.393245910373302 
52 4.807004836454489 
53 18.84690805496392 
54 15.278515825632097 
55 24.330320784268228 
56 17.400213234653535 
57 24.620962108538052 
58 21.648132377457433 
59 20.893899164603496 
60 22.778912839228592 
61 11.720909436408755 
62 13.62105427242732 
63 18.071574448283886 
64 15.7484042473304 
65 15.191964851659078 
66 38.21863410633742 
67 20.105669349465277 
68 27.956435379590747 
69 17.90983389555489 
70 10.151717728155058 
71 14.710146249079367 
72 20.182097265461476 
73 30.07812287105495 
74 14.600716406687855 
75 14.738783312717867 
76 13.283791401949669 
77 20.71066912240333 
78 20.819847411606446 
79 29.31993037545525 
80 18.984592544312278 
81 15.961700783566044 
82 18.2767104305653 
83 17.277361047606103 
84 11.715998413398957 
85 12.91071505525287 
86 24.581281134618767 
87 9.219912159993669 
88 23.792339807587584 
89 20.600504906631567 
90 19.266882565056616 
91 15.565994811711134 
92 10.168724589122629 
93 20.68319624435371 
94 20.45632739456781 
95 9.797555226969589 
96 11.422863134387297 
97 10.776787136624545 
98 15.183935300995898 
99 12.864739856025961 
100 23.184606625430465 
101 9.681896350739017 
102 15.791212680245472 
103 18.16754162551761 
104 13.772678614819826 
105 19.80612746023951 
106 24.02167177343146 
107 9.25870396369191 
108 11.18349846951291 
109 16.066129124930573 
110 18.47141410137843 
111 18.457433044947678 
112 26.020224077819275 
113 20.021404260803568 
114 19.838728597105288 
115 12.515154951094773 
116 16.78191493618213 
117 19.456988050174424 
118 13.981759027148115 
119 11.365661065541564 
120 8.806530721940403 
121 5.175603622413157 
122 24.292555224779623 
123 19.35767097113636 
124 12.325892489802635 
125 17.61587245587951 
126 5.001996360279825 
127 24.463001953865447 
128 20.446754057123915 
129 9.299039789644981 
130 17.9569133815118 
131 17.01805552174372 
132 7.945698854454971 
133 12.354138071197564 
134 23.79166501222397 
135 14.3962491462071 
136 14.87890569571757 
137 20.21497457647541 
138 5.963781963781964 
139 9.218817861318938 
140 15.843884454551292 
141 43.77593854696127 
142 19.843515368857307 
143 12.219349688711759 
144 9.449056739793551 
145 24.582289609255493 
146 20.331583412104028 
147 20.00879674463203 
148 15.265281462798578 
149 34.731697622616196 
150 24.033233822863725 
151 19.58170825649525 
152 12.696507653980161 
153 11.244812988774768 
154 15.188224004635078 
155 20.56243044627143 
156 19.114803556535886 
157 16.14106437100976 
158 15.93011614393036 
159 26.49524964625025 
160 21.491727258286833 
161 21.60531182230739 
162 9.697140082768826 
163 12.733975147170888 
164 21.95970680628272 
165 12.363825020634359 
166 20.351214967782006 
167 13.46732467899423 
168 13.333706336389415 
169 12.405990174126778 
170 15.233180794653883 
171 19.319330827621783 
172 10.934654921150532 
173 14.531414891368744 
174 15.661959208669092 
175 16.763402955964285 
176 13.628888289558766 
177 9.983561878601641 
178 9.288578357010774 
179 16.784601224538797 
180 23.171030025136037 
181 24.999129802477082 
182 16.314662683594722 
183 13.710639521960276 
184 20.3789015431259 
185 15.380370730276306 
186 18.947971394883425 
187 15.226710521061364 
188 10.858645900213325 
189 16.89371505904719 
190 15.507923479083939 
191 17.632312633472903 
192 14.545979164065644 
193 22.476429325488052 
194 17.344520579101243 
195 8.898491566776281 
196 17.131075495433677 
197 18.883224232164885 
198 17.08411504262573 
199 14.920083381355871 
200 29.769427863697985 
201 23.333448304636867 
202 8.266169497404446 
203 12.756515418328027 
204 12.898248376303878 
205 19.513564061169706 
206 26.672839427662957 
207 21.000395543872823 
208 19.194318088212412 
209 13.179936776083007 
210 8.657921299956445 
211 15.779390464581711 
212 13.031657112674962 
213 28.44000840797673 
214 20.87954560162484 
215 18.383814299239102 
216 19.244870241897 
217 13.66262854611373 
218 17.70816990842576 
219 19.206447476875173 
220 11.483409947734286 
221 13.0767964482578 
222 13.316941833883668 
223 11.56102172840459 
224 32.32280388092137 
225 13.761201081393212 
226 10.15039107875784 
227 11.65508560059355 
228 8.57839644290278 
229 33.84850783607986 
230 13.945127870945434 
231 20.503426766911414 
232 19.20556802051376 
233 14.272894015959709 
234 18.033734483900233 
235 10.079820431665741 
236 10.803796767338527 
237 16.270424808077987 
238 15.933444512401278 
239 20.240826175079626 
240 16.334295250000974 
241 16.659797745489787 
242 20.153780361819187 
243 9.972192106514504 
244 15.846398549218883 
245 20.566362655683044 
246 21.99955941128956 
247 27.26424378733611 
248 19.853095845541425 
249 13.586858566324267 
250 28.87366450049565 
251 13.525911497803891 
252 18.469624645518117 
253 14.976180529519933 
254 17.788454034980575 
255 13.51135851147448 
256 13.776116559702032 
257 8.88258639457511 
258 17.244897623550695 
259 16.71570221584569 
260 26.308782758144844 
261 12.076820749664558 
262 25.859000363750702 
263 30.469681450001815 
264 16.664695972791712 
265 5.835106878777972 
266 15.873385433421008 
267 27.156387180317253 
268 11.90109809040093 
269 10.006379379859386 
270 20.711691826042298 
271 12.88038447955533 
272 11.640981945851431 
273 19.982296415929415 
274 25.37895647648956 
275 19.234632669907366 
276 20.479600007812348 
277 17.67756999498455 
278 17.85934971812035 
279 20.38147626220905 
280 13.948188596170345 
281 11.184751014661256 
282 24.10159401468746 
283 19.05592330932964 
284 16.201417617861214 
285 16.171184682826397 
286 12.743337880578604 
287 21.4325338020828 
288 10.342618164601909 
289 22.196312525137063 
290 26.086575778684445 
291 24.334414397688573 
292 16.66873586697771 
293 15.345931647135012 
294 11.388404978604166 
295 22.072728420919685 
