0 0 
1 0 
2 2 
3 0 
4 2 
5 2 
6 2 
7 3 
8 2 
9 2 
10 2 
11 2 
12 2 
13 2 
14 2 
15 2 
16 2 
17 2 
18 2 
19 2 
20 2 
21 2 
22 3 
23 0 
24 1 
25 2 
26 1 
27 2 
28 1 
29 2 
30 1 
31 2 
32 2 
33 2 
34 2 
35 2 
36 2 
37 2 
38 0 
39 2 
40 0 
41 2 
42 0 
43 3 
44 0 
45 1 
46 0 
47 1 
48 0 
49 1 
50 0 
51 2 
52 0 
53 2 
54 0 
55 2 
56 0 
57 3 
58 0 
59 3 
60 0 
61 3 
62 0 
63 3 
64 0 
65 3 
66 0 
67 2 
68 0 
69 2 
70 0 
71 2 
72 3 
73 2 
74 3 
75 2 
76 3 
77 2 
78 3 
79 2 
80 3 
81 2 
82 2 
83 2 
84 2 
85 2 
86 0 
87 2 
88 2 
89 2 
90 2 
91 2 
92 2 
93 2 
94 2 
95 2 
96 2 
97 2 
98 2 
99 2 
100 2 
101 2 
102 2 
103 2 
104 0 
105 2 
106 0 
107 2 
108 0 
109 2 
110 2 
111 2 
112 2 
113 2 
114 2 
115 2 
116 2 
117 2 
118 2 
119 3 
120 2 
121 3 
122 2 
123 2 
124 2 
125 2 
126 2 
127 3 
128 2 
129 3 
130 2 
131 2 
132 2 
133 2 
134 2 
135 2 
136 2 
137 3 
138 2 
139 2 
140 2 
141 2 
142 2 
143 2 
144 2 
145 2 
146 3 
147 0 
148 3 
149 2 
150 3 
151 2 
152 2 
153 2 
154 2 
155 2 
156 2 
157 2 
158 2 
159 2 
160 2 
161 2 
162 2 
163 2 
164 2 
165 2 
166 2 
167 2 
168 2 
169 2 
170 2 
171 2 
172 0 
173 2 
174 0 
175 2 
176 0 
177 2 
178 0 
179 2 
180 0 
181 2 
182 0 
183 2 
184 0 
185 2 
186 0 
187 2 
188 0 
189 2 
190 0 
191 2 
192 0 
193 2 
194 0 
195 2 
196 0 
197 2 
198 2 
199 0 
200 2 
201 0 
202 2 
203 0 
204 2 
205 0 
206 2 
207 2 
208 3 
209 2 
210 2 
211 2 
212 2 
213 2 
214 0 
215 2 
216 0 
217 2 
218 0 
219 0 
220 0 
221 0 
222 0 
223 0 
224 2 
225 0 
226 2 
227 3 
228 2 
229 2 
230 2 
231 0 
232 0 
233 0 
234 0 
235 2 
236 0 
237 3 
238 0 
239 0 
240 3 
241 0 
242 2 
243 0 
244 2 
245 2 
246 2 
247 2 
248 2 
249 2 
250 2 
251 2 
252 2 
253 2 
254 2 
255 2 
256 2 
257 2 
258 2 
259 2 
260 2 
261 2 
262 2 
263 2 
264 2 
265 2 
266 2 
267 2 
268 2 
269 2 
270 2 
271 0 
272 2 
273 0 
274 2 
275 2 
276 2 
277 2 
278 2 
279 2 
280 2 
281 2 
282 2 
283 2 
284 2 
285 2 
286 2 
287 2 
288 2 
289 2 
290 2 
291 2 
292 2 
293 0 
294 0 
295 0 
