0 18.456702060717003 
1 7.487502097562543 
2 11.036915992368924 
3 12.92014058952725 
4 17.081053784722645 
5 24.83938480489408 
6 9.247925210565771 
7 9.825694413534768 
8 12.000766803146181 
9 20.026757705254614 
10 1.9231845701530916 
11 16.264998662132136 
12 28.457953944065245 
13 9.34314061810843 
14 11.260904351001166 
15 7.866109539920332 
16 8.167688365100755 
17 26.151636073423784 
18 18.55287451398442 
19 30.575408772479754 
20 32.770048128008 
21 16.811174572636727 
22 11.513545415366202 
23 11.087506707799022 
24 14.341167862247236 
25 13.202547145163981 
26 13.39092012004342 
27 17.855244225349715 
28 14.239024456484838 
29 1.6767893051463387 
30 11.934860983459151 
31 22.962482001981837 
32 11.840021679727197 
33 14.412771938023388 
34 18.93864576372207 
35 11.872463768115942 
36 22.296014756616824 
37 9.353829685217605 
38 11.20001281739748 
39 9.915940480299584 
40 15.93217351667553 
41 31.23597313037132 
42 13.467713865538123 
43 13.842678829563232 
44 24.020846338432285 
45 17.595918915290643 
46 6.49087180915682 
47 14.773461825661833 
48 19.066144817648315 
49 33.947407185580275 
50 18.86988640197953 
51 19.747937775434103 
52 16.280971974225604 
53 37.844824008156706 
54 15.79014260544822 
55 11.418012146751929 
56 10.80307326961167 
57 11.398649328061094 
58 14.715410415818797 
59 19.114368004666595 
60 20.588673614144973 
61 14.190464590691947 
62 8.301656450339149 
63 16.353528776459488 
64 15.307231905637792 
65 48.207066179343954 
66 19.408190273471842 
67 17.47269932388804 
68 21.2410691677386 
69 16.226740069869738 
70 23.83831586605133 
71 14.10670406656644 
72 23.123381921626567 
73 38.547753841629294 
74 6.420052868992351 
75 11.405468463201403 
76 19.67651046382346 
77 23.308940559285112 
78 20.845716103316484 
79 10.418301497801734 
80 16.427700249491814 
81 11.108002531826596 
82 13.964581675561755 
83 22.628857525141353 
84 17.37959268237098 
85 8.368790703613842 
86 10.88510737688964 
87 8.165033064624453 
88 7.48949421900808 
89 17.64113780035919 
90 7.2485802868114435 
91 29.909322988718856 
92 26.028943775598858 
93 17.574758542666192 
94 19.352579926268046 
95 19.00497972314733 
96 11.135340062548783 
97 11.976984383075811 
98 6.038314749897425 
99 26.889839147075605 
100 13.824519769542116 
101 14.618731113612837 
102 21.805583571614246 
103 14.06229338912246 
104 20.356449867260718 
105 17.747733033186787 
106 16.39437456515451 
107 16.85718649272147 
108 17.909527998155376 
109 11.203453212812787 
110 17.99165254691689 
111 17.271740473229507 
112 9.5260573520661 
113 23.069710136956164 
114 21.14949298345578 
115 22.81161926827544 
116 8.9936851494872 
117 31.907980220616203 
118 15.860840102252272 
119 15.312820363041606 
120 17.557763954354797 
121 26.752117563016636 
122 13.650800469964883 
123 35.670703497074435 
124 19.96916763077333 
125 15.170480110533207 
126 16.879845460399228 
127 18.39050462798539 
128 22.54711220057627 
129 18.17588684445446 
130 9.78886614684102 
131 21.024290970335542 
132 0.7273343981865472 
133 12.457465324185453 
134 20.115215285304583 
135 15.31617539657036 
136 17.322314595697407 
137 14.145191860190613 
138 18.625374678609017 
139 15.505916886324062 
140 21.743298375850824 
141 18.48443876426777 
142 14.45598894338309 
143 23.826940556262496 
144 16.819803743077472 
145 40.766122056236455 
146 13.018309356425656 
147 19.660830720048 
148 29.11780958860364 
149 29.275930424100288 
150 18.299037123324126 
151 10.83693074065079 
152 20.70668154306421 
153 8.528977918584056 
154 12.640718003429685 
155 8.46354422052856 
156 11.099507253587099 
157 17.95184085053201 
158 14.88925807596734 
159 18.00215460815747 
160 22.985384459411325 
161 25.563489644916316 
162 11.92529178454146 
163 17.81875804526163 
164 12.630820702926199 
165 7.041924451704865 
166 8.696805389389173 
167 25.481024270222655 
168 10.587906831153553 
169 33.41941755308554 
170 11.259241760867173 
171 12.044602577025021 
172 19.22925348774304 
173 7.228741904016711 
174 17.988103151764157 
175 16.516063996093767 
176 9.610617197954284 
177 9.048652940059716 
178 14.97393496056864 
179 18.286830425266608 
180 10.433643948477355 
181 27.60082388476142 
182 17.04890738813736 
183 20.32675532121118 
184 18.17754105252209 
185 21.34038861724915 
186 17.414011575285024 
187 47.21560681278354 
188 22.205595997564657 
189 16.636339477306173 
190 16.68929678453905 
191 18.47344799489088 
192 12.639803756708947 
193 29.33448965604062 
194 22.448039819101393 
195 21.35473064135919 
196 15.131239740976568 
197 32.2234736445841 
198 19.74570653811389 
199 17.78370242229204 
200 33.3058372309085 
201 10.819124266460308 
202 12.534266511668216 
203 36.30646180480416 
204 37.37572625200499 
205 16.20486033303713 
206 13.59095298272901 
207 19.878123800361134 
208 12.328827200230451 
209 16.008060699509947 
210 12.57956583548776 
211 14.848670655290828 
212 19.99277376055217 
213 13.148164750801717 
214 20.09449573370255 
215 9.691269709236769 
216 12.711668490136594 
217 20.813235345199757 
218 15.184210145242336 
219 13.1166275760703 
220 21.963731573848612 
221 21.06187544566189 
222 15.887876239611506 
223 11.585483011123356 
224 32.24205153434598 
225 18.684283442398755 
226 17.140526601852873 
227 12.916320993813303 
228 20.655287547645546 
229 11.24900498846752 
230 26.15016864825772 
231 16.341295598611442 
232 20.7543259786336 
233 17.970762138168606 
234 19.589756523607356 
235 24.982452796473883 
236 21.20262865231018 
237 32.901146828571875 
238 17.705478844879334 
239 18.257139747970488 
240 13.675948508601463 
241 13.082221134022227 
242 10.713119171619699 
243 24.556239900704902 
244 16.84527089441343 
245 10.14386115961517 
246 22.201834668134683 
247 12.8350566886485 
248 6.568810902746673 
249 29.479016875057106 
250 17.476266666666668 
251 11.459408656499479 
252 13.040854651958163 
253 20.549031904052676 
254 23.34033010205785 
255 22.611656504558123 
256 12.182403308819259 
257 16.90454100283334 
258 19.610089534095426 
259 17.86581589405666 
260 16.453283749539075 
261 22.635085617454845 
262 12.480113306692772 
263 14.698238371746665 
264 17.43862829393226 
265 16.133427701018555 
266 9.881645596460395 
267 21.210134007585335 
268 20.413814585523497 
269 18.3944566266117 
270 32.04057873588682 
271 19.584359795672516 
272 12.594145978212566 
273 13.88883774682027 
274 24.3693366024844 
275 22.188210524088387 
276 15.22179236860633 
277 20.484701078860873 
278 16.687371193494226 
279 18.824154567690684 
280 17.67049485595841 
281 17.053066402120706 
282 12.39979187361052 
283 23.981429175862502 
284 11.58938849268739 
285 23.025257876274285 
286 30.584549869474543 
287 14.583912266427443 
288 19.460869968681127 
289 13.659602877622866 
290 18.413918754582294 
291 18.759997674179367 
292 27.22760733806785 
293 18.06737081516963 
294 19.274231200485268 
295 8.14601953815378 
296 15.36814181341189 
297 12.011076651689704 
298 12.383719865956095 
299 19.070305857533224 
300 9.776522197203846 
301 17.00473941335063 
302 9.654951429492197 
303 12.385328848873915 
304 16.00518967102828 
305 8.52937683528962 
306 18.262624855224544 
307 8.674448424483582 
308 18.197888781385178 
309 17.95722089976538 
310 7.352997172263994 
311 20.744779559415587 
312 30.558701385751963 
313 31.209012307097044 
314 14.667706457309716 
315 31.209012307097044 
316 12.35752313553105 
317 31.209012307097044 
318 14.127325332695618 
319 31.209012307097044 
320 10.961803731551973 
321 17.618980407971232 
322 22.66382803972637 
323 19.540018262117286 
