0 2.6447201409730585 
1 3.7289074286819317 
2 2.5737422312209217 
3 4.2100921337220125 
4 3.412453565262756 
5 3.670933146210766 
6 2.9373565851067736 
7 3.3179222400543704 
8 2.78494863652031 
9 3.4987336712961072 
10 2.831683567714137 
11 3.0897024013344807 
12 3.0544645402734445 
13 2.350821845347017 
14 3.715942434293368 
15 2.9063851395179316 
16 2.5440938035646328 
17 3.1433915012548663 
18 3.116909336132145 
19 4.187423434703369 
20 2.6199451495521746 
21 4.022636056564457 
22 3.3476679424770497 
23 3.0549217567325737 
24 3.2106609191965316 
25 4.276150740119383 
26 2.8771616099212878 
27 3.595636285238387 
28 3.2289908865694437 
29 3.3134311677365247 
30 2.7467321187752765 
31 3.3957225352344453 
32 2.903859912173443 
33 3.9297916998139915 
34 3.2880703446526662 
35 3.640368575589695 
36 3.813108769423918 
37 3.9033664854001264 
38 3.686326710861022 
39 3.643860438087332 
40 3.1353042572014296 
41 4.589573764885337 
42 3.7808211722146594 
43 4.464276738990881 
44 3.5310354358467233 
45 4.919415811879279 
46 3.957138951503967 
47 4.75796177596867 
48 3.1170940401074394 
49 3.632447139551192 
50 3.823319646587463 
51 4.132434479374037 
52 3.473945932502236 
53 4.656493454022401 
54 3.6473348458042048 
55 4.910315469738687 
56 3.6051033676640913 
57 4.605880557247519 
58 4.0663891607754525 
59 4.918029218719232 
60 4.0999893481065985 
61 4.750510270935045 
62 3.214586880604493 
63 3.3666504213027135 
64 3.9794675681077303 
65 4.85 
66 3.918035598526653 
67 4.920380786574856 
68 4.274499521243632 
69 4.569068428750402 
70 4.127537185094403 
71 4.85 
72 3.234382774375457 
73 3.6359949196811616 
74 3.2933483700483555 
75 4.302322878650033 
76 3.389931155879756 
77 4.040234752330551 
78 3.6728531700789677 
79 3.5576921147060276 
80 3.361535957389588 
81 3.7835051965619213 
82 3.8297152513797084 
83 4.2372829665543765 
84 4.134569844261369 
85 4.28530079220444 
86 3.6440148779412196 
87 3.863795436573484 
88 2.1297294410262566 
89 4.088065849014607 
90 3.1730938711161203 
91 3.6410852244843195 
92 3.3529147298954336 
93 3.5604324343491136 
94 3.8356856979875094 
95 3.4749683359407904 
96 3.226088177484163 
97 4.492728138342869 
98 3.0701137895534285 
99 3.312670076699332 
100 3.68691576146686 
101 4.268038334272569 
102 4.091875414879062 
103 3.532382330818082 
104 3.8323242959448884 
105 4.6723025840352275 
106 3.6725205185413983 
107 2.942738745548465 
108 3.1941676327607884 
109 3.0541817683531525 
110 3.258927593631476 
111 3.314843628606041 
112 3.778079660200065 
113 4.182886203690964 
114 3.2575394962184436 
115 4.85 
116 3.400591774775436 
117 4.617228926182125 
118 3.522875627924011 
119 3.6170049291258795 
120 3.198803065482096 
121 4.691292857514691 
122 3.516272015731268 
123 4.477958628106662 
124 3.3991102096741934 
125 4.558228275933208 
126 3.4854864416423714 
127 4.85 
128 3.7919306691964816 
129 4.111465909948806 
130 3.511809568456176 
131 3.284776779798812 
132 3.5495747151746704 
133 3.120007863180857 
134 3.931194366655065 
135 3.674016909628639 
136 3.672314069585105 
137 3.954047632186441 
138 3.568900182353186 
139 4.211071376217061 
140 4.196702530057439 
141 3.7728886014768563 
142 3.912077814024391 
143 4.780736177246049 
144 3.6531771800245485 
145 4.908533423883782 
146 4.1415332506216025 
147 4.032110444856073 
148 4.087826381248046 
149 4.85 
150 4.85 
151 3.9744801290061624 
152 4.499708733325263 
153 3.8157671051928292 
154 2.9700019295788374 
155 3.3898709396313365 
156 3.4075898806217912 
157 4.349820126615155 
158 3.924376709268212 
159 4.85 
160 4.0516689946299245 
161 4.885578076432493 
162 4.306932114289762 
163 4.85 
164 3.9953912644759213 
165 3.8664827347984105 
166 3.5225926308115523 
167 4.315429758246526 
168 3.790856527323992 
169 4.85 
170 3.150336997216678 
171 4.435508099352502 
172 4.143495494683031 
173 3.7576356516628424 
174 4.5910246770217675 
175 3.8057751587472577 
176 3.5698369964628482 
177 4.152383500439855 
178 4.033152657210899 
179 3.8137259143653175 
180 4.85 
181 4.85 
182 4.85 
183 4.85 
184 4.85 
185 4.3809932873813695 
186 4.345820302901344 
187 4.85 
188 4.681120582467947 
189 4.85 
190 4.85 
191 4.9658544741351225 
192 4.43833667593494 
193 4.93314124839638 
194 4.38908007951469 
195 4.9635400406759675 
196 4.724349649919033 
197 4.473184049372952 
198 4.85 
199 4.354382281832671 
200 3.827997744220444 
201 4.85 
202 4.597362905333036 
203 4.824294314631328 
204 4.186933085496281 
205 3.677078104242693 
206 4.69738234432711 
207 3.9485199126439383 
208 4.85 
209 3.071522777628162 
210 4.1833172007161545 
211 3.8261561187431075 
212 4.92667988124375 
213 3.2482139599192688 
214 4.622195081446314 
215 3.2407147981805533 
216 4.7624622807063615 
217 3.591996506882232 
218 4.8156203900337395 
219 3.9877238578844345 
220 4.85 
221 3.9320798501010783 
222 4.518527247014622 
223 3.0710595190319157 
224 4.355965799676492 
225 3.9583749405207027 
226 4.435294185867002 
227 3.1366729758895624 
228 4.85 
229 3.5089050020334405 
230 4.094057081581626 
231 3.899907166394551 
232 3.8552879004903065 
233 3.8323897357111885 
234 3.9815910059902087 
235 4.119694978855573 
236 4.088103110833799 
237 4.885225212328149 
238 4.071906828848068 
239 3.8766096680611395 
240 3.0182591082403993 
241 3.1839986775753686 
242 3.2834405133093285 
243 3.962784682744856 
244 3.98608037124333 
245 3.23558149931571 
246 3.581667987576302 
247 3.5730227894527 
248 3.584171306873726 
249 3.517067698205659 
250 3.579654621945811 
251 3.129702440519946 
252 4.042114102671891 
253 3.736292655114568 
254 4.365920933422659 
255 3.5530460938403623 
256 4.85 
257 3.3147432485712867 
258 3.794767500580725 
259 3.3688158424360433 
260 4.4656409747800625 
261 2.9782293488042866 
262 2.8875652332154407 
263 3.3607945209315035 
264 3.4035473159472946 
265 3.3634536486224738 
266 3.6973117514042437 
267 3.1071225087983123 
268 3.6202847418940545 
269 3.658567188804956 
270 3.275640846286674 
271 3.731328691968061 
272 3.9520511506055676 
273 3.709702423991651 
274 3.5537299692371422 
275 3.3940323363187614 
276 3.246287926486973 
277 3.8456551143957225 
278 3.279291137302672 
279 3.4949624703910027 
280 3.862108300178341 
281 3.7312186218599597 
282 3.416615125754401 
283 2.7788861359066264 
284 2.889706196676603 
285 3.298143894285157 
286 3.685400647645837 
287 3.545010656253063 
288 3.0237054854099528 
289 3.7097603903627427 
290 3.8913695454385566 
291 3.527838342048408 
292 4.116498138731792 
293 3.654244819685142 
294 3.2185542372699554 
295 3.729710056157136 
296 3.3845382633387713 
297 3.305931202540529 
298 3.2984859330611997 
299 3.468582851003742 
300 3.509408334453458 
301 3.202263485378694 
302 3.549084518367744 
303 3.9400676528181706 
304 3.9710576085292257 
305 3.634431463596506 
306 3.767700773043692 
307 2.4350256203906078 
308 2.867555902064963 
309 3.081733230062326 
310 3.7769886853419434 
311 4.17852986016836 
312 4.172733041221128 
313 3.9917275342279686 
314 4.217543433382403 
315 3.9917275342279686 
316 4.570436832068046 
317 3.9917275342279686 
318 3.689652720278906 
319 3.9917275342279686 
320 3.2845718343140393 
321 4.171041112087296 
322 3.3903105122387256 
323 3.6898856395029096 
