0 0.7585560571592733 
1 0.8916031968724599 
2 0.6084129455638987 
3 0.88227518978062 
4 8.63271971136654 
5 13.486412224975 
6 0.609621868557138 
7 0.7632547026872599 
8 0.6522692577886221 
9 0.7211395263444333 
10 0.56512070716223 
11 0.6199809457947627 
12 0.7507181954454134 
13 0.5893747034397486 
14 0.9735217356965534 
15 0.6725141581269867 
16 1.1093023514344733 
17 0.85022905616932 
18 1.0884617077227265 
19 0.95441164442616 
20 1.20819219160536 
21 0.9887296903113333 
22 1.1767644531813335 
23 1.0090122573537132 
24 1.0263376790450467 
25 1.0298387915175 
26 1.0420837205106332 
27 0.88393127417904 
28 1.05865256315866 
29 0.82468185101132 
30 0.9118919633293333 
31 0.73248134044578 
32 0.8216049031828534 
33 0.8028189227552868 
34 0.7898595390243467 
35 0.7236112660684333 
36 0.6728288217655867 
37 0.7600768038739734 
38 0.6633164866921359 
39 0.8042361749235599 
40 0.6828959808001066 
41 0.8400606063392734 
42 0.70082291493748 
43 0.7535347598033467 
44 0.89782812007854 
45 0.72546481471458 
46 12.6716381143231 
47 0.7298811103265667 
48 0.8740562894320266 
49 0.96334531371132 
50 0.8895824414542199 
51 0.9742847565096933 
52 0.8983912221859666 
53 0.9805108497161801 
54 0.7960213651578866 
55 1.05594979765574 
56 0.85067027826862 
57 1.0696664922957402 
58 0.8664163469765 
59 0.7641412080051533 
60 0.8902026945919467 
61 0.7805066262870466 
62 0.9466575835298267 
63 0.8086668644284933 
64 0.8941417362569734 
65 0.8022993372699 
66 0.8347750253222 
67 0.7499756224332733 
68 0.7829299341848 
69 0.7808842558947533 
70 0.7778265338547999 
71 0.80807822629808 
72 0.7271071828594534 
73 0.7862998542357733 
74 0.7337777613672534 
75 0.78057135820206 
76 0.7790577202056667 
77 0.8030907223383533 
78 0.8012469967044934 
79 0.8058282984452133 
80 0.82049916803698 
81 0.7665512021768066 
82 0.8115019979404 
83 0.8254933775202267 
84 0.7884319081687133 
85 0.8011361726823133 
86 0.8407322089018 
87 0.8565611767918134 
88 0.8175812304157734 
89 0.8574238781110134 
90 0.8088007836823666 
91 0.8584076193890334 
92 0.9741374861669799 
93 0.9323007729175466 
94 0.9773939639398399 
95 0.9701143698578 
96 0.84232992246488 
97 0.9548271033538467 
98 0.9891554822305201 
99 1.06481491518738 
100 0.9875538186228267 
101 1.0726529216713667 
102 0.9909524172114533 
103 0.9863405338961599 
104 0.8970221592688866 
105 1.0065659488544534 
106 1.01133496745884 
107 0.9470892724006866 
108 13.4918455674819 
109 0.8637292638987533 
110 15.7948098431616 
111 0.80924433747934 
112 1.0482103617940532 
113 0.8589840688305866 
114 1.05805075998374 
115 0.8484732884145266 
116 1.01520206127776 
117 0.9306359840944867 
118 1.1837358340367201 
119 0.9532607298585201 
120 1.0616245200495933 
121 0.96290376573422 
122 1.0993326718229932 
123 0.95250391210506 
124 1.0506032853128866 
125 1.0231496736076 
126 1.1270833321380331 
127 0.9511351185088 
128 0.9589719303629534 
129 1.1641720941952334 
130 0.9327580540682867 
131 1.15034697769246 
132 15.5783053171707 
133 1.1853981076482334 
134 0.9987605168009667 
135 1.1556447314425333 
136 0.9562965026815 
137 1.1223210507613866 
138 0.9439314653136001 
139 1.0147333915543801 
140 0.9418900878586066 
141 1.00202527671198 
142 0.81263787088792 
143 1.0005257992895267 
144 0.8547220218656134 
145 1.0963568633351133 
146 0.8614687246837067 
147 1.1903167455002601 
148 0.8883545478826266 
149 1.00288942810916 
150 1.0013159021741267 
151 1.2273527271870668 
152 1.0406267748725666 
153 1.1709888964114534 
154 1.05649823070194 
155 1.0545034288468667 
156 1.0964459622225333 
157 1.0286901825649868 
158 1.0911597084759466 
159 16.2243512014922 
160 0.9747627651205666 
161 13.4767595909562 
162 0.97064633358716 
163 14.6046106170606 
164 0.8971514063623266 
165 15.4882010581966 
166 0.8301116308827133 
167 0.9952393072049533 
168 0.7868656555251667 
169 0.9895250749540666 
170 0.7931072574003867 
171 0.8743519158428467 
172 0.8312273380370333 
173 0.8877972078591266 
174 0.9106051400746866 
175 0.8617210643901067 
176 0.9500070877916134 
177 0.9487384821496866 
178 0.9993224520319333 
179 0.8680132480762933 
180 1.0882185074161002 
181 0.8652278584272867 
182 0.9634974944414334 
183 0.7297575162605466 
184 14.1692807862622 
185 0.6704232704443467 
186 14.6462831590652 
187 0.89967994982572 
188 15.6861640658479 
189 0.9595976687526601 
190 15.9027988386474 
191 1.05682319457292 
192 1.0482910295952268 
193 1.0460040694236399 
194 1.0416984979462733 
195 0.9892798987721534 
196 0.9265823042880134 
197 0.6410448695964513 
198 0.8473996144017666 
199 0.8830016472061067 
200 0.83807334409544 
201 0.8411634177122801 
202 0.8481428977813333 
203 0.9573235372717933 
204 0.7904024453148267 
205 0.9121626943053867 
206 0.7747849764493068 
207 0.97865369829104 
208 0.8662262469709333 
209 0.7702884917838466 
210 0.77547403362432 
211 0.7739143640848266 
212 0.8245446690202066 
213 0.7964789603497933 
214 0.9021891340809867 
215 0.8467356528541733 
216 0.9728434320271 
217 0.8565311777819867 
218 1.0189900308114532 
219 0.8271874983708333 
220 0.9539544184851867 
221 0.8780940823882534 
222 1.0155073560410266 
223 0.86513398241358 
224 1.0470350932069334 
225 0.9128420742450201 
226 1.0443331648776666 
227 0.8109575156944 
228 0.8420719628186534 
229 1.0051487831463466 
230 0.87722360681162 
231 0.9393949671060866 
232 0.8306721803895001 
233 0.9541146116738067 
234 0.8086738203162067 
235 0.9469531511439266 
236 0.77105283775742 
237 0.99344936323134 
238 0.76856599685462 
239 0.7609183241813866 
240 0.83000356700584 
241 0.7532155524697467 
242 0.7103060621841001 
243 0.7443113734718133 
244 0.6107723426466073 
245 0.7111995068110467 
246 0.6898742942508067 
247 0.75102599618638 
248 0.7966908637083867 
249 0.7811314270034266 
250 0.8928581481558666 
251 0.7401494236264466 
252 0.9299618562770733 
253 0.73569862449186 
254 0.9808543574937467 
255 0.87214925880958 
256 1.0744582724636933 
257 0.9423698964184399 
258 1.1302309186913333 
259 1.0476444501998665 
260 1.09116844325208 
261 1.1472851706328469 
262 1.14597612309088 
263 1.1371853239798466 
264 1.1694758550086801 
265 0.9866307000596533 
266 0.9840180929273867 
267 0.8966080503949467 
268 0.94688481450458 
269 0.8466040206224866 
270 0.7729589533056 
271 0.7455276663970133 
272 0.7674131235500067 
273 0.7751307318277466 
274 0.7141675677557134 
275 0.8384122656517867 
276 0.7644022731507866 
277 0.7825566227113268 
278 0.7393083800644333 
279 0.8720277882723134 
280 0.9207660209900734 
281 0.9935300030681133 
282 0.9671212434591933 
283 0.9537413516289532 
284 0.9960487549051601 
285 0.9708764002471134 
286 0.9852707152654 
287 1.0943408958441334 
288 0.9797469808433467 
289 1.0886299637894068 
290 0.9537604814934534 
291 0.9745363773785066 
292 1.0019094911641133 
293 0.94907762066782 
294 1.0409387721738 
295 0.8985918196053333 
296 1.2315494752594935 
297 0.9387027789761067 
298 1.24932365302378 
299 0.79061223076162 
300 1.1495436329853201 
301 0.8200971705278534 
302 1.0563066290538734 
303 0.9329974668098733 
304 1.0498521791478201 
305 0.9514049441063933 
306 0.93878549542736 
307 0.9509382155000666 
308 0.89968060172192 
309 1.0144581610398933 
310 0.92425986742742 
311 1.0029749435722066 
312 0.8857578433700066 
313 0.9092422668494466 
314 0.8090676653525267 
315 0.9627834532078067 
316 0.79504192239302 
317 0.9012412243518466 
318 0.8769132378149 
319 0.8878305530678067 
320 1.0883901969971066 
321 0.9015698785355599 
322 1.1048981543927332 
323 0.88388369399842 
324 1.1638739547693733 
325 0.8018086591502533 
326 1.17406299727126 
327 0.81648832923244 
328 1.09433775351264 
329 0.8137221623124666 
330 1.1718925726791667 
331 0.8948837262779733 
332 1.2576562567481266 
333 0.9151775722226266 
334 1.2119213483353133 
335 1.0497666876288734 
336 1.1114784294236402 
337 1.0778710022922935 
338 1.0897423441639134 
339 1.0122494665518533 
340 0.8915260304452066 
341 0.9571340085228334 
342 0.8709047953717067 
343 0.9591106322049534 
344 0.8983411919808333 
345 0.9025035874155333 
346 0.8773474781751267 
347 0.8344973410405799 
348 0.8712970428118666 
349 0.8264840920059267 
350 0.9060995490941266 
351 0.8155134238312534 
352 0.9157781733091667 
353 0.7683764291127534 
354 0.9671049039597667 
355 0.7679906981700133 
356 1.0284168227314534 
357 0.77201533354482 
358 0.95122909821292 
359 0.7250400199199734 
360 0.9035678409411066 
361 0.7747874004260333 
362 0.86466930973516 
363 0.83871680707426 
364 0.7834123738678866 
365 0.7193322126499001 
366 0.7171666025229401 
367 0.6656752896152887 
368 0.80199335775162 
369 0.7078710883003401 
370 0.7470935864515933 
371 0.75106621731784 
372 0.82590468791564 
373 0.77020544177078 
374 0.8885455529012799 
375 0.7715677215884134 
376 0.9193495686890734 
377 0.86457802686444 
378 0.93315419792698 
379 0.8696417879539333 
380 0.9481968199704399 
381 0.78592477760922 
382 0.8577360370337733 
383 0.7412330378748 
384 0.9737577066955734 
385 0.85771799493612 
386 1.05328964045152 
387 0.8558654221738667 
388 0.9183643060834933 
389 0.9018113616133067 
390 0.9128547086020866 
391 0.8792019971872267 
392 0.8793292634741934 
393 0.88992683800754 
394 0.6948904535013667 
395 0.90780584156108 
396 0.6876102184913734 
397 0.9975434782176666 
398 0.80914135453156 
399 0.8916068964260401 
400 0.80744894786484 
401 0.9548641570806333 
402 0.9170276749746533 
403 0.9408728938956668 
404 0.9966140509369666 
405 0.9314991366571533 
406 1.04545809404166 
407 1.0674636479642268 
408 0.9475096296155333 
409 1.0558133476136 
410 1.0995217632649135 
411 1.0650509132295733 
412 1.0208925712164068 
413 1.0549452467395333 
414 0.9501743973675467 
415 1.00125871887902 
416 0.9554487446783533 
417 0.96753543684478 
418 1.1320724553146067 
419 1.0703247670210465 
420 0.97810137035098 
421 1.0403296888042868 
422 1.0060072218393268 
423 1.0417580485698135 
424 1.07197165310988 
425 1.0127410964670533 
426 1.01399076553756 
427 0.7668909861722667 
428 0.8527692098953934 
429 0.9620864451015401 
430 0.9003621969342934 
431 0.97506312787996 
432 0.96931225217358 
433 1.0352579211594934 
434 0.9230116068349934 
435 1.0909265199405533 
436 0.9299145054077667 
437 1.2124314537707133 
438 1.0797509564462267 
439 0.9992296738656866 
440 1.2334380705556331 
441 0.9896937638403067 
442 1.1550378208499132 
443 0.8691956038836001 
444 1.2273850466781933 
445 0.82735076995238 
446 1.1682499384028733 
447 0.8351121075305801 
448 1.0849203666620266 
449 0.9847642078050867 
450 1.1749901985743398 
451 0.9940764429722599 
452 1.1477641968839467 
453 1.1465209182656932 
454 1.0267330351683066 
455 1.1655484815764265 
456 1.00320666033026 
457 1.04284975067826 
458 0.9339224725219 
459 0.9225795742423267 
460 0.6376125095549686 
461 0.9742872292032467 
462 0.72434129757524 
463 0.9079649975554466 
464 0.8372529261996466 
465 0.8576703865795333 
466 0.9012288662939933 
467 1.2173381763808533 
468 1.0137136696195799 
469 1.2305465081447133 
470 0.9734674811798533 
471 0.81946615480378 
472 0.9854261320331267 
473 0.9321540519292467 
474 0.9573831730669934 
475 0.99641374379408 
476 0.8826548915711867 
477 0.99641374379408 
478 0.7950442102813267 
479 0.99641374379408 
480 0.9320998157191533 
481 0.9520915177389134 
482 0.8793690654945734 
483 1.00277721971008 
484 0.8625146305016 
485 0.9832901744149534 
486 0.8590335978713532 
487 1.0800066554079066 
488 0.9155562915779932 
489 1.17283533618232 
490 0.8053421018188199 
491 1.1724442712292267 
492 0.8517365745242067 
493 0.9469776928831066 
494 0.8474645530153667 
495 0.9346021080706733 
496 0.8581889760461934 
497 0.9338773544813133 
498 0.8343710076899734 
499 0.8039558077952199 
500 0.92270476158898 
501 0.79839058215828 
502 0.8802285588992533 
503 0.9613978800518933 
504 0.8331762969018933 
505 1.1157238186911334 
506 1.0154876281450933 
507 1.0766125738057866 
508 1.09813903388536 
509 1.1382963801988732 
510 1.129400284978 
511 1.1832362605742666 
512 1.2182583077012268 
513 1.0910187791494068 
514 1.2404614967785002 
515 0.8841241502119667 
516 1.2502034221488934 
517 0.9428334411894467 
518 1.1576901652391334 
519 0.9631925383720866 
520 1.1908440086131666 
521 1.0428830292461735 
522 1.1343622315746733 
523 1.1125077479758734 
524 1.1096630200058932 
525 1.1511290219872132 
526 0.9807984691733733 
527 1.0104841227964534 
528 0.9365578764574 
529 1.0059281935778268 
530 0.9784061453918866 
531 0.83906571466806 
532 1.09105093530636 
533 0.71682957607168 
534 1.21584034440756 
535 0.71308310805954 
536 1.2204221856249466 
537 0.67122766322356 
538 1.2050470581956734 
539 0.5582082233676793 
540 0.98446561352522 
541 0.6812813347111067 
542 0.8689314849180333 
543 0.7362732726256667 
544 0.8350833149919733 
545 0.8355452511025466 
546 0.8806412180357733 
547 1.0603160909462865 
548 0.8909069738940201 
549 1.1489828189744868 
550 1.0071240012530467 
551 1.1243081038822802 
552 0.94288225879308 
553 1.1739837767592667 
554 0.9576951084826401 
555 1.1723494210084469 
556 0.87033923070366 
557 0.9998501446727467 
558 0.92148638648152 
559 1.0312220838635133 
560 0.8812502161307534 
561 1.0881612248069932 
562 0.9324959477629066 
563 1.05929735321044 
564 0.8923707328723667 
565 1.0389182857527866 
566 0.9447747003410266 
567 1.0037820137096733 
568 0.9929240148964333 
569 0.9328913583013867 
570 0.9043085146573867 
571 0.9291599480649066 
572 1.0553928398078667 
573 0.9113446158220934 
574 1.1752797357815332 
575 0.9005565477847333 
576 1.1490309349004468 
577 1.0696388451707 
578 1.0517164317885 
579 1.1142198223382533 
580 1.2570210579386198 
581 1.0484674364129132 
582 1.0467307043646867 
583 1.02568788386608 
584 0.9449485187426133 
585 0.9461838845570266 
586 0.8871817691988866 
587 1.0107755572974932 
588 0.7255079329665667 
589 0.8611007113834066 
590 0.7456949800713133 
591 0.8821368048284534 
592 0.7766440341601732 
593 0.8289246463388934 
594 0.6949874538947267 
595 0.92668643397702 
596 0.8130414864421933 
597 1.0222921845533668 
598 0.8621352361046133 
599 1.0399935494055599 
600 0.8974284035101799 
601 1.1194112005397934 
602 0.90702857603248 
603 1.0890887736177866 
604 0.9554746016449267 
605 0.9810723713132067 
606 0.9723541213908801 
607 0.8278090753583532 
608 1.0906140260578332 
609 0.83816795888926 
610 1.1159858020025133 
611 0.7364821103275866 
612 1.1921514611777466 
613 0.9901997455396068 
614 1.19313156303568 
615 0.96511889376892 
616 1.0699646474406335 
617 1.2026821761083533 
618 1.1061094050022668 
619 1.13546020091686 
620 0.98746471843246 
621 1.1673027870113266 
622 0.9174478159131066 
623 1.0898089493276069 
624 0.9229667493882867 
625 1.1590098987204667 
626 1.00002476607592 
627 1.2269486570422332 
628 0.9987967797111199 
629 1.0892015829732868 
630 0.9189781772127467 
631 1.2826801666081333 
632 0.94455515408638 
633 1.1272490290781731 
634 0.9519859162529 
635 1.16447894858424 
636 0.8938461641227333 
637 1.1161007660825866 
638 0.8370895827099599 
639 0.97690518000228 
640 0.82618911813614 
641 0.7408129747808466 
642 0.79192842560094 
643 0.8341530637846 
644 0.7202153529144134 
645 0.8820401090302267 
646 0.7595145468535467 
647 0.80389395564374 
648 0.8572818181590001 
649 0.8427293735910932 
650 0.8621314507696333 
651 0.86112504141026 
652 0.8898336977569866 
653 0.8164775160570666 
654 1.2313433561736933 
655 0.7349992619006467 
656 1.2587078408322598 
657 0.7527403032911401 
658 1.2088618111369465 
659 0.9457499622642067 
660 1.3688548912302865 
661 1.0625005604276 
662 1.4379995879190133 
663 1.05789157160004 
664 1.22282207807584 
665 1.0957082900807733 
666 1.1858659181247069 
667 1.1476670976998935 
668 1.15165197986112 
669 0.9907175954497267 
670 0.95581169147448 
671 0.8946387379498066 
672 0.86328705183244 
673 0.9355431167443801 
674 0.80903013311212 
675 0.9183147568421534 
676 0.7559689043505934 
677 0.9842410666389466 
678 0.7332937459743201 
679 0.9937284098596 
680 0.8482202406225666 
681 1.0882112917953866 
682 1.0849808130168 
683 1.0597329511500133 
684 1.0506456698580933 
685 1.09031527414064 
686 1.21551762649144 
687 1.2204931566869133 
688 1.0884532494730066 
689 1.1034777725409133 
690 1.1348897633508934 
691 0.90551455089132 
692 0.8082776592363466 
693 1.0024635622746867 
694 0.8410554646149 
695 0.9367088568817467 
696 0.6756860907288266 
697 0.73363368516876 
698 0.7006859742298867 
699 0.8038322500228133 
700 0.7901025115336601 
701 0.7853348181184 
702 0.7883059786090667 
703 0.94792294364572 
704 0.8132208826449067 
705 1.1155227804804135 
706 0.8952755224051067 
707 1.0423151924906267 
708 0.9278155304076667 
709 1.0017525471449533 
710 0.8183835531854466 
711 1.1025134885218932 
712 0.92692058081756 
713 0.9782770413138466 
714 0.92300363263306 
715 0.8171368620320799 
716 0.9584095919034533 
717 0.8236082355586933 
718 0.9440120357542666 
719 0.9345090567352867 
720 0.9885008780601 
721 0.8780029738719001 
722 0.8906706915205067 
723 0.8097854147556133 
724 0.8690159903869666 
725 0.9326101180093332 
726 0.8732847854718867 
727 0.9032034443949001 
728 0.91662601121394 
729 1.04717743540718 
730 0.9200751220934067 
731 1.1030410591951467 
732 0.9755199682990533 
733 1.0333491226298401 
734 1.0246985037050933 
735 0.9954203772077134 
736 0.9536536668930666 
737 1.1598902416421935 
738 0.9599824840481266 
739 1.0002160245823333 
740 1.07047529582206 
741 0.9550838988093467 
742 1.19153710806156 
743 0.9001231364239267 
744 1.24173930124772 
745 0.83547805005726 
746 1.4370179108525667 
747 0.7338879722899599 
748 1.31178762810426 
749 0.86007500810188 
750 1.4302982527521066 
751 0.9399396098694199 
752 1.37149576584022 
753 1.0391906459523133 
754 1.34267067940832 
755 0.9672227744941734 
756 1.1692016995124932 
757 0.9401442511961133 
758 1.11300458802958 
759 0.84285115608978 
760 0.9435902709931 
761 0.8015505156620333 
762 1.0793236976258467 
763 0.7869561744571799 
764 1.0603290351918666 
765 0.8006406978265733 
766 0.9444251733584733 
767 0.8079197832522733 
768 0.98986855511022 
769 0.7796239294510933 
770 1.1519669657794933 
771 0.9669367168788133 
772 1.1300173164477667 
773 1.0391925631924335 
774 1.2356412583468734 
775 1.0705972197671 
776 1.29997476730104 
777 1.0351904771716334 
778 1.28939032388328 
779 1.04782703244716 
780 1.1381349385612867 
781 0.9340532857362266 
782 0.98989730498548 
783 0.8319682744858333 
784 0.8853907763876333 
785 0.82051767447988 
786 0.8518136974258533 
787 0.88997143920016 
788 1.0750652028743868 
789 0.9689249549340999 
790 0.97839313199034 
791 0.9644237262723067 
792 0.9751480862251867 
793 1.0145899479832468 
794 0.9089495883454933 
795 1.2591655059972466 
796 1.0683788751066332 
797 1.16984387534244 
798 0.85739311952734 
799 1.1363643960226202 
800 0.9211440763703667 
801 1.0394752865955066 
802 0.918695424525 
803 0.9874126333827333 
804 0.9515431862372133 
805 0.9334923846054134 
806 0.9717755913878801 
807 1.28090809073648 
808 1.0237295474018133 
809 1.25734677239 
810 1.0554325069552333 
811 1.2878686428139334 
812 1.1173213545133267 
813 1.21725402761826 
814 1.0469207264119533 
815 0.9836708710238133 
816 0.8233068057396132 
817 0.5999885664429513 
818 0.8399129180432133 
819 0.619436597373376 
820 0.89403894021534 
821 0.663405561141364 
822 0.8253134706086467 
823 0.91466889449794 
824 0.9238763229149267 
825 1.1487936979101068 
826 0.95811897748356 
827 1.1487936979101068 
828 0.9277127487297867 
829 0.9991248138674467 
830 1.04767479834146 
831 1.1032537162598266 
832 1.1517706748030667 
833 1.0924051484791533 
834 1.0405688768170533 
835 1.0862043171748934 
836 1.09683038346192 
837 0.9752610416837266 
838 1.09683038346192 
839 0.9752610416837266 
840 0.9830217486180667 
841 0.8838306570072932 
842 0.7921042076937733 
843 0.8787579657990466 
844 0.8077996802746134 
845 0.9767697113439334 
846 0.8474746366387733 
847 0.8488653010425333 
848 0.8332240687731534 
849 0.9276217699128466 
850 0.87095203358262 
851 1.18227852785228 
852 1.00160481493364 
853 1.1758538880474534 
854 1.0577214034756866 
855 1.0137083383059 
856 1.0857566208585667 
857 1.0679449438973465 
858 1.0839085194078133 
859 0.9419429439139734 
860 1.04949093266766 
861 0.7905099703833933 
862 1.09032336958902 
863 0.8700298117003867 
864 1.0828508208568133 
865 0.8994593854220068 
866 1.0184560438599932 
867 0.9400393986659866 
868 1.14694214669002 
869 0.9574824855482533 
870 1.2081698296691932 
871 0.88795450796818 
872 1.1115464195853333 
873 0.8777119582747399 
874 1.1052454605397066 
875 0.79248905920628 
876 1.25656091215502 
877 0.7486777120128266 
878 1.1814075675226665 
879 0.7193206409511134 
880 1.1627757942166999 
881 0.76084253897724 
882 1.1789658382773267 
883 0.8895137406478534 
884 1.1359046696742134 
885 0.8863149625658733 
886 0.8891536814401333 
887 0.8378270507074866 
888 0.7431925420361466 
889 0.90883517354038 
890 0.7792697540789933 
891 0.8471633646734067 
892 0.7738142704793867 
893 0.6923200209484733 
894 0.77208940759298 
895 0.6944565137876066 
896 0.8425406510950867 
897 0.7532631340567933 
898 0.86761671236776 
899 0.6828885309630199 
900 0.8233853776183333 
901 0.83708524427676 
902 0.9170169827994067 
903 0.7953007106844533 
904 0.96909272442808 
905 0.81868725828822 
906 0.9184274165728333 
907 0.8907995060309 
908 0.8761994490416466 
909 1.0058782021435868 
910 0.88808227475262 
911 0.92956228754426 
912 0.8644675769819934 
913 0.9564254135651667 
914 0.8721724709334934 
915 1.0207313786528733 
916 0.8741787905812799 
917 1.0001308849229333 
918 0.94778696165946 
919 0.9870306527916333 
920 0.9161961949055734 
921 0.8999180865956199 
922 0.8177058801838533 
923 0.9386551018648 
924 0.8089249844536733 
925 0.8959012397342534 
926 0.8996018393734934 
927 0.90437469856426 
928 0.9491974645239666 
929 0.9397489907918867 
930 0.9017982392517666 
931 1.0230842855291067 
932 0.9340628847188933 
933 0.8898803707305666 
934 1.0345240115963532 
935 0.9350646543460467 
936 1.0273844783584734 
937 0.8204846718259801 
938 1.1444409301147733 
939 0.7241348846213934 
940 1.2327963931204067 
941 0.6677484753736667 
942 1.1530315463465068 
943 0.8120056744238934 
944 0.9615544036558134 
945 0.7479771688790601 
946 1.0099179853821934 
947 0.8382193359214266 
948 0.87185525995844 
949 0.7539647892462267 
950 0.8317964141685933 
951 0.9117662613774467 
952 1.00317430620164 
953 1.0173643424245133 
954 1.1293019965793 
955 1.0004184739350466 
956 1.13535760740136 
957 0.9328593906122534 
958 1.0529384265576334 
959 0.92747444677838 
960 1.04402183815096 
961 0.8863350241424066 
962 0.9625407878215 
963 0.7296367427627334 
964 0.8229814371250466 
965 0.9165271279706733 
966 0.9509985538013866 
967 0.8652401749057134 
968 0.9660061822785266 
969 0.8702908706450334 
970 0.9244311777499133 
971 0.7340789729503999 
972 0.8397340403008801 
973 0.8166571754187467 
974 0.81579362912416 
975 0.77930680041416 
976 0.83242147746464 
977 0.8397689939640199 
978 0.7882478395153734 
979 0.9961065124198666 
980 0.87958863310282 
981 1.0674793853488467 
982 0.9093550792948533 
983 1.0483422353265868 
984 0.9999852690028733 
985 1.0872723109593534 
986 0.8091570677683932 
987 1.00539530028876 
988 0.76914541230838 
989 0.91876326040102 
990 0.70510739882082 
991 0.8785188147104933 
992 0.8502974891100333 
993 0.8473556180636267 
994 0.8962928316184733 
995 0.8627482210458199 
996 1.21748705849908 
997 0.93643480970222 
998 1.2098420264405 
999 0.8688373662911999 
1000 1.2325327253702132 
1001 0.8683641364879667 
1002 1.2334884081912334 
1003 0.87052351339808 
1004 1.2327193620177535 
1005 0.7381700831099134 
1006 1.0557283861414133 
1007 0.75039373471682 
1008 1.0850092834116467 
1009 0.8594981603531533 
1010 1.0412931278356734 
1011 0.8313102220226334 
1012 0.9998651336373466 
1013 0.8198936131692334 
1014 0.9430546391036334 
1015 0.9327158429777467 
1016 1.0973908201859135 
1017 0.9323263868646333 
1018 1.0885411471403001 
1019 0.83878100852064 
1020 1.10324007803848 
1021 1.03410372141186 
1022 1.1570275115620134 
1023 0.9779145080497933 
1024 1.1078064565862 
1025 0.8166114434444334 
1026 0.8900242268473734 
1027 0.7748472179523801 
1028 0.9183561633284534 
1029 0.8781953632865066 
1030 0.9480751912931733 
1031 0.6862883935674733 
1032 0.9804185805770668 
1033 0.6673011196968067 
1034 1.1484703134596534 
1035 0.7655457691934466 
1036 1.1600673215169799 
1037 0.85742545092726 
1038 1.0594075868113066 
1039 0.8968518860824933 
1040 1.1299998213424867 
1041 0.8583316519219201 
1042 0.8956573672971533 
1043 0.92956563326374 
1044 0.7867419203082601 
1045 0.9025519301868333 
1046 0.8203109773502933 
1047 0.8143173031385267 
1048 0.7123290767341733 
1049 0.8858621363624466 
1050 0.8377351042190401 
1051 0.96420606764054 
1052 0.9269450193217267 
1053 1.00017177425978 
1054 1.0948858893203666 
1055 1.07745465876672 
1056 1.28333858246702 
1057 1.14749897869678 
1058 1.2496270069227866 
1059 1.0770336220287 
1060 1.09385066600002 
1061 1.01360812407434 
1062 1.02162180076604 
1063 0.9832000836605733 
1064 0.9529334001457067 
1065 0.8844117389578466 
1066 0.76438862244446 
1067 0.79789682589332 
1068 0.8182638191528666 
1069 0.71669882121586 
1070 0.81666762631588 
1071 0.7243466117995333 
1072 0.8142650280016199 
1073 0.70651149704256 
1074 0.7957106134806468 
1075 0.8903890258566066 
1076 0.84451505695894 
1077 0.91866332318884 
1078 0.8871238824914134 
1079 0.9143065635108267 
1080 0.99181865802074 
1081 0.86592931468814 
1082 1.02694112827876 
1083 0.8707406424872001 
1084 0.8845522514794334 
1085 0.72490625231688 
1086 0.83451300998292 
1087 0.77305037930204 
1088 1.0728017697806134 
1089 0.7863986594073 
1090 0.8806732801892667 
1091 0.8698683658741667 
1092 0.9181850596031601 
1093 0.9318720350504867 
1094 1.0673853109956333 
1095 0.9711135061234732 
1096 1.0264669467207932 
1097 0.9145848767519266 
1098 0.7951379213636134 
1099 0.8356886264644133 
1100 0.86032754682422 
1101 0.8122535608577733 
1102 0.85068695441724 
1103 0.654571112231232 
1104 0.8411487556140133 
1105 0.52106507042902 
1106 0.87317678585686 
1107 0.576832273633878 
1108 0.92157048122854 
1109 0.6229399088778613 
1110 0.9310815587828666 
1111 0.6297759461762673 
1112 0.79542576954086 
1113 0.69331791101796 
1114 0.7366099255459133 
1115 0.7185164530359067 
1116 0.6991851349973267 
1117 0.6624798463974947 
1118 0.621899551627208 
1119 0.6177562424261347 
1120 0.7111408301156467 
1121 0.63650523627899 
1122 0.8670841235208467 
1123 0.7223331770962866 
1124 0.97151760221972 
1125 0.8165797252354133 
1126 0.97495345391876 
1127 0.8556275641174267 
1128 0.98473550745872 
1129 0.9028574123777534 
1130 0.9717493492986934 
1131 0.9321389203137266 
1132 0.95920709575428 
1133 0.84624789067678 
1134 0.8313777127535601 
1135 0.8270563910514667 
1136 0.9869500411243066 
1137 0.8448426861216733 
1138 0.9591231811680999 
1139 0.87574457620698 
1140 0.8866517257686467 
1141 0.9233751054599466 
1142 0.9355329110684667 
1143 0.9287822447984133 
1144 0.9752012756999933 
1145 0.9596469326742466 
1146 0.8755823950739867 
1147 0.9738616698107866 
1148 0.8911436795702866 
1149 0.9647659866473599 
1150 0.94947602610312 
1151 0.92812914391842 
1152 0.97614079606368 
1153 1.0487801754227066 
1154 0.9609745599187666 
1155 0.9811515608174267 
1156 1.0905572697827133 
1157 0.9399041647704267 
1158 1.2324823747500133 
1159 0.9807694721136133 
1160 1.1553920733413467 
1161 1.0687199856500134 
1162 1.14916090697848 
1163 0.9858734906270666 
1164 1.1492884048283265 
1165 0.98319285808318 
1166 1.0594061627299667 
1167 1.0657412355512066 
1168 0.9819375342944 
1169 1.07894153039026 
1170 1.1861174827695533 
1171 0.95227395984686 
1172 1.05529833558734 
1173 0.8819986175282067 
1174 1.0008583253164134 
1175 1.1366083521971135 
1176 0.9620739976404866 
1177 1.0724260653686999 
1178 1.06892961635936 
1179 1.06709970749028 
1180 0.9035239750635466 
1181 1.0328370251551733 
1182 0.9367209751689667 
1183 1.0234899718580133 
1184 0.9475289797320133 
1185 0.7602945658414734 
1186 1.0041918676890733 
1187 0.8341908852676667 
1188 0.9232996111098799 
1189 0.7748484236323266 
1190 0.9197323553735467 
1191 0.7789191334227467 
1192 0.8647901506007867 
1193 0.8234206560808933 
1194 0.8508008267352867 
1195 0.9286907595749068 
1196 0.7939512591509134 
1197 0.9060065707503134 
1198 0.7351228537241667 
1199 0.8767575649590399 
1200 0.73798264995874 
1201 0.9093720429164467 
1202 0.74135646329122 
1203 1.0054370528554935 
1204 0.7177956696738067 
1205 0.9147208243410134 
1206 0.7133111818582399 
1207 0.8217399884118 
1208 0.7091085095471533 
1209 0.8382621275360334 
1210 0.7868893396126667 
1211 0.9497158494885733 
1212 0.9766084791346866 
1213 0.9393833705421 
1214 1.05467595360296 
1215 0.9177814739082533 
1216 1.1503434921167932 
1217 0.9452283772686 
1218 1.1310237914501267 
1219 0.9366639439368466 
1220 1.1081733635522533 
1221 0.8195489202028666 
1222 0.9557219372255267 
1223 0.7598720527657 
1224 0.9560104025178267 
1225 0.7319654562360599 
1226 0.9243788566585134 
1227 0.69838855002426 
1228 0.9819624677252533 
1229 0.7337872922410933 
1230 0.9154470258719866 
1231 0.7297770814072401 
1232 0.9787759207838533 
1233 0.69621068442158 
1234 1.0338358567975867 
1235 0.79880537700466 
1236 0.9085647324594466 
1237 0.87514979229294 
1238 0.8817566624241666 
1239 0.9182522802604399 
1240 0.9395100545395466 
1241 0.9182870920184799 
1242 0.88465997158502 
1243 0.96457920556354 
1244 0.85110692864798 
1245 0.9215434953719867 
1246 0.9161188567682533 
1247 0.86988205230754 
1248 0.9038666933565 
1249 0.7852308484087133 
1250 0.8703239788953867 
1251 0.85020636802448 
1252 0.87475927163708 
1253 0.8508806262440267 
1254 0.8718424581045533 
1255 0.8813009839856067 
1256 0.8934499782702067 
1257 0.92150284377748 
1258 0.9157334768855133 
1259 0.9643664700155733 
1260 0.9669152921220667 
1261 0.94385571150394 
1262 1.0117601916617467 
1263 1.01442424020198 
1264 0.8939431317765734 
1265 0.9284154757484999 
1266 0.8741273509029733 
1267 0.8822798536892467 
1268 0.8072184776999067 
1269 0.9181010724984133 
1270 0.73484647191626 
1271 0.8761646158100334 
1272 0.6746832059806067 
1273 0.7342271914171533 
1274 0.7109289055379667 
1275 0.8124233598671466 
1276 0.8200425872027 
1277 0.7644311446501667 
1278 0.8938358531239133 
1279 0.7436847353811733 
1280 0.9203795170090333 
1281 0.8060038930531533 
1282 0.9101843369887933 
1283 0.9893264263465734 
1284 0.8866056416971666 
1285 0.9177215276518533 
1286 0.80333131080094 
1287 1.0993835938617267 
1288 0.7364631630798399 
1289 1.1170334343539 
1290 0.7109576536139 
1291 1.38806648378508 
1292 0.8488792332355267 
1293 1.1911031483038066 
1294 0.9092437897741134 
1295 1.3103558119868801 
1296 0.9765924886995666 
1297 1.1805888366808002 
1298 0.9826216271203666 
1299 1.1451959160337668 
1300 1.0369771679402 
1301 0.8840058349770934 
1302 0.99887711533326 
1303 1.1215765238238866 
1304 1.08636149564922 
1305 1.0875106250833135 
1306 1.0564262310081534 
1307 1.12410938362594 
1308 1.1171065658932733 
1309 1.1654418747889068 
1310 1.0412141560334667 
1311 0.9995583580281934 
1312 0.8793744977843467 
1313 0.82862903087908 
1314 0.8444402500702134 
1315 0.7350185285855267 
1316 0.8284499707081667 
1317 0.7310076050429799 
1318 0.8050100754119199 
1319 0.73323729811216 
1320 0.9248397801073666 
1321 0.8550247606085933 
1322 0.9570983096838066 
1323 0.8820759814816868 
1324 0.9780315875769267 
1325 1.0548134531872 
1326 0.93914630529124 
1327 1.02313620253472 
1328 0.9512326005222067 
1329 1.0242264412203734 
1330 0.9812165180935734 
1331 0.96218457854944 
1332 0.9832182406572733 
1333 0.9812020742674333 
1334 0.8582526052000666 
1335 0.96701691798362 
1336 0.8996474040563066 
1337 1.2132418143791 
1338 1.0156235255897734 
1339 1.1740804988997 
1340 0.8744652083745733 
1341 1.1947998138545401 
1342 0.88903656960736 
1343 1.0875334354861868 
1344 0.8936884485520333 
1345 0.92270856297506 
1346 0.9356390445588333 
1347 0.6499698082493041 
1348 0.8859843338477933 
1349 0.6311407666451193 
1350 0.9269251032143134 
1351 0.7149367757315933 
1352 1.0052296465725135 
1353 0.85443295020916 
1354 1.0830593587449266 
1355 0.9398011700696199 
1356 1.1006651208672733 
1357 1.01255335506318 
1358 0.99670623330218 
1359 1.0345261355367132 
1360 0.9574288494879333 
1361 0.92785605935576 
1362 0.9116327821783401 
1363 0.79568263172264 
1364 0.9175285061042866 
1365 0.7522173175067 
1366 0.9438546854193134 
1367 0.6958640300472133 
1368 1.01239993089998 
1369 0.6727061994640734 
1370 1.1552000879572535 
1371 0.6940160297995467 
1372 1.1346485001452933 
1373 0.8240165773719333 
1374 1.1962254217611066 
1375 0.83345414426032 
1376 1.0132657214227268 
1377 0.86075843221336 
1378 1.2128023505020467 
1379 0.8795210939741199 
1380 1.1779640933066402 
1381 1.02796408192296 
1382 1.1848076465751733 
1383 1.1537578536013533 
1384 1.1712657334059133 
1385 1.30532146493728 
1386 1.16627430430438 
1387 1.3154332662506198 
1388 0.9517631436378733 
1389 1.44450487873266 
1390 0.8552980130267933 
1391 1.5050007361788533 
1392 0.9389984743285533 
1393 1.5309515668774467 
1394 0.86983868204264 
1395 1.3477546586634799 
1396 0.9766427736563333 
1397 1.37708383810536 
1398 1.0102169503243732 
1399 1.2663149412360533 
1400 1.0008305084357132 
1401 1.10923775002984 
1402 0.9968581222983001 
1403 0.9052100612355467 
1404 1.0164251129971067 
1405 1.00257108543332 
1406 0.9992534669871266 
1407 0.8817959880006067 
1408 0.8730224447968866 
1409 0.8329081811182 
1410 0.8011282036392333 
1411 0.7634849965035 
1412 0.8777019505027001 
1413 0.7378494469563667 
1414 0.8888135943774199 
1415 0.7442346270339133 
1416 0.8837394450714334 
1417 0.8955070152728933 
1418 1.0573462056235399 
1419 0.8804349379361933 
1420 1.1782580668321134 
1421 0.9964958943419934 
1422 1.02633067047554 
1423 1.0245755602550934 
1424 0.99340541098538 
1425 1.0131302274074134 
1426 1.03735420756232 
1427 0.88771975150054 
1428 0.9172790212544266 
1429 1.0779749561162932 
1430 0.8764225864326067 
1431 1.0463751725172468 
1432 0.91673650741892 
1433 1.0150444596858332 
1434 0.9996794111334266 
1435 1.0222785370882599 
1436 1.02100880399696 
1437 1.1978328452606066 
1438 1.0668736141368533 
1439 0.9967134223093467 
1440 1.0290957488341868 
1441 0.9803855723023733 
1442 1.1986886348295867 
1443 1.0479829375915934 
1444 1.1772325645781 
1445 1.0465922033463866 
1446 1.1384730906238467 
1447 0.9519709984391866 
1448 1.1204224667074667 
1449 1.06124833017728 
1450 1.2026049938694798 
1451 1.0870801048116734 
1452 1.0034265564844733 
1453 1.07576588559958 
1454 0.9455071959532734 
1455 1.0339608504080733 
1456 0.8762656154478866 
1457 0.9762717993944999 
1458 0.9255985876633933 
1459 0.9784051089973667 
1460 0.860249471661 
1461 0.9115503847370333 
1462 0.85113014824544 
1463 0.8846583792215533 
1464 0.92415077258586 
1465 0.84994906245168 
1466 1.0172522472349934 
1467 0.8801717314759667 
1468 0.9621259545364933 
1469 0.9856045076850666 
1470 1.00969418360534 
1471 1.01484786721816 
1472 0.9844283816248333 
1473 0.9985192626544733 
1474 0.9592683846134533 
1475 1.0605226392645133 
1476 0.8894659788259667 
1477 1.0510224383842066 
1478 0.8779341925728733 
1479 0.87285732570548 
1480 0.8569669058659867 
1481 0.8612908850265067 
1482 0.9429268721256133 
1483 0.8560577681049334 
1484 0.9758705405668268 
1485 0.9584953883714733 
1486 1.0952958233005465 
1487 0.9435841613371667 
1488 1.11745268431962 
1489 1.0844993710328334 
1490 1.0863977603450534 
1491 1.05313252043484 
1492 1.0522723793081534 
1493 1.0813545573768732 
1494 0.9458987790856334 
1495 0.9005532297868334 
1496 0.8360955978780934 
1497 0.8717374144890001 
1498 0.7606067854248066 
1499 0.8289059300141067 
1500 0.80346760139064 
1501 0.90228331763478 
1502 0.8162192287122867 
1503 0.8708357312761866 
1504 0.8047937338451067 
1505 0.8687898727824533 
1506 0.8030410994000466 
1507 0.8499373985620999 
1508 1.0052856431021067 
1509 0.79069767695792 
1510 1.02101018729684 
1511 0.74116805641914 
1512 0.9081212877970734 
1513 0.6665738531474114 
1514 0.9565064877656734 
1515 0.9915987498462734 
1516 0.95396430041044 
1517 0.9874037014049333 
1518 0.7884681523316266 
1519 0.9235714439901933 
1520 0.8927789193365133 
1521 0.9172866737179933 
1522 0.9807727426566799 
1523 1.0189739133851667 
1524 1.0147782833380332 
1525 0.8307607788003867 
1526 1.0720072679213735 
1527 0.8594677550207733 
1528 1.34695206189546 
1529 0.9076915598888934 
1530 1.4566284528638067 
1531 0.9777652201103133 
1532 1.4939980623962534 
1533 0.9285304006115134 
1534 1.4315440365881 
1535 0.91593516560718 
1536 1.5768345508533599 
1537 0.8931896403599 
1538 1.2609510362146 
1539 0.9530578125087067 
1540 0.9942831037579933 
1541 0.9662102671626334 
1542 1.0800838112551534 
1543 0.8988864381988934 
1544 1.0083725508417334 
1545 0.77913820840644 
1546 0.8223882958452133 
1547 1.1395667319991534 
1548 0.8104009823459534 
1549 1.1045384360675399 
1550 0.7673865459189467 
1551 1.0249959235971866 
1552 0.5811018900360734 
1553 1.0590075729082666 
1554 0.7949053566187467 
1555 1.1797854880687133 
1556 0.7599842672727734 
1557 1.1064948297336998 
1558 0.9183422652118067 
1559 1.01541349516056 
1560 0.93951917223368 
1561 1.0185126248847534 
1562 0.9001322466136467 
1563 1.10075332299224 
1564 0.6755009921701733 
1565 1.0600643284908933 
1566 0.6793608028043666 
1567 1.1066068470398398 
1568 0.5794883417339226 
1569 1.08255920412154 
1570 0.5557581591293946 
1571 1.1413576724581398 
1572 0.7673945645140734 
1573 1.1692918468853535 
1574 0.90838736430064 
1575 1.24079004851324 
1576 0.88839745040298 
1577 0.9837397549866667 
1578 0.9060879023492866 
1579 1.0000937907786467 
1580 0.8931613213575533 
1581 0.9128112752936333 
1582 0.7492576406083066 
1583 0.8413206517800267 
1584 0.8263215849087934 
1585 0.6841574733895733 
1586 0.95195213203614 
1587 0.8428760561946934 
1588 0.9818384086664133 
1589 0.8940868832356333 
1590 1.0192678086211666 
1591 0.9801230176790533 
1592 1.1760831265900733 
1593 0.9842256043525733 
1594 1.00020072866258 
1595 1.01183460272014 
1596 0.8537731791956733 
1597 0.8479932647525733 
1598 1.0312211965706866 
1599 0.91240689074188 
