0 1 
1 2 
2 1 
3 2 
4 1 
5 2 
6 1 
7 2 
8 1 
9 2 
10 1 
11 2 
12 1 
13 2 
14 1 
15 2 
16 1 
17 2 
18 1 
19 2 
20 2 
21 2 
22 3 
23 2 
24 3 
25 2 
26 2 
27 3 
28 2 
29 3 
30 2 
31 3 
32 3 
33 3 
34 3 
35 3 
36 2 
37 3 
38 3 
39 2 
40 3 
41 2 
42 3 
43 3 
44 3 
45 3 
46 3 
47 3 
48 3 
49 3 
50 3 
51 3 
52 3 
53 2 
54 3 
55 2 
56 3 
57 2 
58 2 
59 2 
60 2 
61 2 
62 2 
63 2 
64 2 
65 2 
66 1 
67 2 
68 1 
69 2 
70 1 
71 2 
72 1 
73 3 
74 1 
75 3 
76 0 
77 3 
78 1 
79 3 
80 1 
81 3 
82 1 
83 2 
84 1 
85 2 
86 1 
87 2 
88 1 
89 2 
90 1 
91 2 
92 1 
93 3 
94 1 
95 3 
96 1 
97 3 
98 1 
99 3 
100 1 
101 3 
102 2 
103 3 
104 2 
105 3 
106 2 
107 3 
108 2 
109 3 
110 2 
111 3 
112 2 
113 3 
114 2 
115 3 
116 2 
117 3 
118 2 
119 3 
120 2 
121 3 
122 2 
123 3 
124 2 
125 2 
126 3 
127 2 
128 3 
129 2 
130 3 
131 2 
132 3 
133 3 
134 2 
135 3 
136 3 
137 3 
138 3 
139 2 
140 3 
141 3 
142 3 
143 3 
144 2 
145 3 
146 1 
147 3 
148 1 
149 3 
150 1 
151 3 
152 1 
153 3 
154 1 
155 3 
156 1 
157 3 
158 1 
159 3 
160 1 
161 3 
162 1 
163 3 
164 1 
165 3 
166 2 
167 3 
168 2 
169 3 
170 2 
171 3 
172 2 
173 2 
174 2 
175 2 
176 2 
177 2 
178 2 
179 2 
180 2 
181 2 
182 2 
183 2 
184 2 
185 2 
186 2 
187 3 
188 2 
189 3 
190 2 
191 3 
192 2 
193 3 
194 2 
195 3 
196 2 
197 2 
198 2 
199 2 
200 2 
201 2 
202 2 
203 2 
204 2 
205 2 
206 2 
207 2 
208 2 
209 2 
210 1 
211 3 
212 1 
213 3 
214 1 
215 3 
216 1 
217 3 
218 2 
219 2 
220 2 
221 2 
222 2 
223 2 
224 2 
225 2 
226 2 
227 2 
228 2 
229 3 
230 2 
231 3 
232 2 
233 3 
234 2 
235 3 
236 2 
237 3 
238 1 
239 2 
240 2 
241 2 
242 2 
243 2 
244 2 
245 2 
246 2 
247 3 
248 2 
249 3 
250 2 
251 3 
252 3 
253 3 
254 2 
255 3 
256 3 
257 3 
258 3 
259 3 
260 3 
261 3 
262 3 
263 2 
264 3 
265 2 
266 3 
267 2 
268 3 
269 2 
270 3 
271 2 
272 3 
273 2 
274 3 
275 2 
276 3 
277 3 
278 3 
279 3 
280 3 
281 2 
282 3 
283 3 
284 3 
285 3 
286 3 
287 3 
288 3 
289 3 
290 3 
291 3 
292 3 
293 3 
294 3 
295 3 
296 3 
297 2 
298 3 
299 2 
300 3 
301 2 
302 3 
303 2 
304 3 
305 2 
306 3 
307 2 
308 2 
309 2 
310 3 
311 2 
312 3 
313 2 
314 3 
315 2 
316 3 
317 2 
318 3 
319 2 
320 3 
321 2 
322 2 
323 3 
324 2 
325 3 
326 2 
327 3 
328 2 
329 3 
330 3 
331 3 
332 3 
333 2 
334 3 
335 2 
336 3 
337 2 
338 3 
339 2 
340 3 
341 2 
342 3 
343 3 
344 3 
345 3 
346 3 
347 3 
348 3 
349 2 
350 3 
351 3 
352 3 
353 3 
354 3 
355 3 
356 3 
357 3 
358 3 
359 3 
360 3 
361 3 
362 3 
363 3 
364 3 
365 3 
366 3 
367 3 
368 3 
369 3 
370 3 
371 3 
372 3 
373 3 
374 3 
375 3 
376 3 
377 3 
378 3 
379 3 
380 3 
381 3 
382 2 
383 3 
384 3 
385 3 
386 3 
387 3 
388 3 
389 3 
390 3 
391 3 
392 3 
393 3 
394 3 
395 3 
396 3 
397 3 
398 3 
399 3 
400 3 
401 3 
402 3 
403 3 
404 3 
405 3 
406 3 
407 2 
408 3 
409 2 
410 3 
411 2 
412 3 
413 2 
414 3 
415 2 
416 2 
417 2 
418 2 
419 2 
420 2 
421 2 
422 2 
423 2 
424 3 
425 2 
426 3 
427 2 
428 3 
429 2 
430 3 
431 2 
432 3 
433 2 
434 3 
435 2 
436 3 
437 1 
438 3 
439 1 
440 3 
441 2 
442 3 
443 2 
444 3 
445 2 
446 3 
447 2 
448 3 
449 2 
450 3 
451 1 
452 3 
453 1 
454 3 
455 1 
456 3 
457 1 
458 3 
459 1 
460 3 
461 2 
462 3 
463 2 
464 3 
465 2 
466 3 
467 2 
468 3 
469 2 
470 3 
471 2 
472 3 
473 2 
474 3 
475 3 
476 3 
477 3 
478 3 
479 3 
480 3 
481 3 
482 3 
483 3 
484 3 
485 3 
486 3 
487 3 
488 3 
489 3 
490 3 
491 3 
492 3 
493 3 
494 3 
495 3 
496 3 
497 2 
498 3 
499 2 
500 3 
501 3 
502 3 
503 2 
504 3 
505 2 
506 3 
507 2 
508 3 
509 2 
510 3 
511 2 
512 3 
513 3 
514 3 
515 3 
516 3 
517 3 
518 3 
519 3 
520 3 
521 3 
522 3 
523 2 
524 3 
525 2 
526 3 
527 2 
528 3 
529 2 
530 3 
531 2 
532 3 
533 2 
534 3 
535 3 
536 3 
537 3 
538 3 
539 3 
540 3 
541 3 
542 3 
543 3 
544 3 
545 2 
546 3 
547 2 
548 3 
549 2 
550 3 
551 2 
552 3 
553 2 
554 3 
555 3 
556 3 
557 3 
558 2 
559 3 
560 3 
561 3 
562 3 
563 2 
564 3 
565 2 
566 3 
567 2 
568 3 
569 2 
570 3 
571 1 
572 3 
573 1 
574 3 
575 1 
576 3 
577 1 
578 3 
579 1 
580 3 
581 1 
582 3 
583 1 
584 3 
585 1 
586 3 
587 1 
588 3 
589 1 
590 2 
591 1 
592 2 
593 2 
594 2 
595 2 
596 2 
597 2 
598 2 
599 2 
600 2 
601 2 
602 2 
603 2 
604 2 
605 2 
606 2 
607 2 
608 2 
609 2 
610 2 
611 2 
612 2 
613 2 
614 2 
615 2 
616 2 
617 2 
618 2 
619 2 
620 2 
621 2 
622 2 
623 2 
624 2 
625 2 
626 2 
627 2 
628 2 
629 2 
630 2 
631 2 
632 2 
633 2 
634 2 
635 2 
636 2 
637 2 
638 2 
639 2 
640 2 
641 2 
642 1 
643 2 
644 1 
645 2 
646 1 
647 2 
648 0 
649 3 
650 1 
651 3 
652 1 
653 3 
654 1 
655 2 
656 1 
657 2 
658 1 
659 2 
660 1 
661 3 
662 2 
663 3 
664 2 
665 3 
666 2 
667 3 
668 3 
669 2 
670 3 
671 2 
672 3 
673 3 
674 3 
675 3 
676 3 
677 3 
678 2 
679 3 
680 2 
681 3 
682 2 
683 2 
684 1 
685 2 
686 1 
687 2 
688 2 
689 2 
690 2 
691 2 
692 2 
693 2 
694 2 
695 2 
696 2 
697 2 
698 2 
699 3 
700 2 
701 3 
702 1 
703 3 
704 2 
705 3 
706 2 
707 2 
708 2 
709 2 
710 2 
711 2 
712 2 
713 2 
714 1 
715 3 
716 1 
717 3 
718 2 
719 3 
720 2 
721 3 
722 2 
723 3 
724 1 
725 3 
726 1 
727 3 
728 1 
729 3 
730 1 
731 2 
732 1 
733 2 
734 1 
735 2 
736 1 
737 2 
738 1 
739 1 
740 1 
741 2 
742 2 
743 2 
744 2 
745 2 
746 2 
747 2 
748 2 
749 2 
750 2 
751 2 
752 2 
753 3 
754 3 
755 3 
756 3 
757 3 
758 3 
759 3 
760 3 
761 3 
762 3 
763 3 
764 3 
765 3 
766 3 
767 2 
768 3 
769 2 
770 3 
771 2 
772 3 
773 3 
774 3 
775 3 
776 3 
777 3 
778 2 
779 3 
780 2 
781 3 
782 2 
783 2 
784 2 
785 3 
786 3 
787 3 
788 3 
789 2 
790 3 
791 2 
792 3 
793 3 
794 3 
795 2 
796 2 
797 2 
798 1 
799 2 
800 1 
801 2 
802 2 
803 2 
804 2 
805 2 
806 2 
807 2 
808 2 
809 2 
810 2 
811 2 
812 2 
813 2 
814 2 
815 2 
816 2 
817 2 
818 2 
819 2 
820 2 
821 2 
822 2 
823 1 
824 2 
825 1 
826 2 
827 1 
828 2 
829 1 
830 2 
831 1 
832 2 
833 2 
834 2 
835 2 
836 2 
837 2 
838 2 
839 1 
840 3 
841 1 
842 3 
843 1 
844 3 
845 2 
846 3 
847 2 
848 2 
849 2 
850 2 
851 2 
852 3 
853 2 
854 3 
855 2 
856 3 
857 2 
858 3 
859 2 
860 2 
861 2 
862 3 
863 2 
864 2 
865 2 
866 2 
867 2 
868 2 
869 2 
870 2 
871 2 
872 3 
873 2 
874 2 
875 1 
876 2 
877 1 
878 2 
879 1 
880 2 
881 1 
882 1 
883 1 
884 1 
885 2 
886 1 
887 2 
888 1 
889 2 
890 2 
891 2 
892 2 
893 2 
894 2 
895 2 
896 1 
897 2 
898 1 
899 2 
900 1 
901 2 
902 1 
903 2 
904 2 
905 1 
906 2 
907 2 
908 2 
909 2 
910 2 
911 2 
912 2 
913 2 
914 2 
915 2 
916 2 
917 2 
918 2 
919 2 
920 2 
921 2 
922 3 
923 2 
924 3 
925 2 
926 3 
927 2 
928 3 
929 2 
930 3 
931 2 
932 3 
933 2 
934 3 
935 2 
936 3 
937 2 
938 3 
939 2 
940 3 
941 1 
942 2 
943 2 
944 3 
945 2 
946 3 
947 2 
948 3 
949 2 
950 3 
951 2 
952 3 
953 2 
954 3 
955 2 
956 3 
957 2 
958 3 
959 2 
960 3 
961 2 
962 3 
963 2 
964 3 
965 2 
966 3 
967 2 
968 3 
969 2 
970 3 
971 2 
972 3 
973 2 
974 3 
975 2 
976 3 
977 2 
978 3 
979 2 
980 3 
981 2 
982 3 
983 2 
984 3 
985 2 
986 3 
987 2 
988 3 
989 2 
990 3 
991 2 
992 2 
993 2 
994 2 
995 2 
996 2 
997 2 
998 2 
999 2 
1000 2 
1001 2 
1002 2 
1003 2 
1004 2 
1005 2 
1006 2 
1007 2 
1008 2 
1009 2 
1010 2 
1011 2 
1012 2 
1013 2 
1014 2 
1015 2 
1016 2 
1017 3 
1018 2 
1019 3 
1020 2 
1021 3 
1022 2 
1023 3 
1024 2 
1025 3 
1026 2 
1027 3 
1028 2 
1029 3 
1030 2 
1031 3 
1032 2 
1033 3 
1034 2 
1035 3 
1036 2 
1037 3 
1038 2 
1039 3 
1040 2 
1041 3 
1042 2 
1043 3 
1044 2 
1045 3 
1046 2 
1047 3 
1048 2 
1049 3 
1050 2 
1051 3 
1052 2 
1053 3 
1054 2 
1055 3 
1056 2 
1057 2 
1058 2 
1059 3 
1060 2 
1061 3 
1062 2 
1063 3 
1064 2 
1065 3 
1066 2 
1067 3 
1068 2 
1069 2 
1070 2 
1071 2 
1072 2 
1073 2 
1074 2 
1075 2 
1076 2 
1077 2 
1078 2 
1079 2 
1080 2 
1081 2 
1082 2 
1083 2 
1084 2 
1085 2 
1086 2 
1087 2 
1088 1 
1089 2 
1090 1 
1091 2 
1092 2 
1093 2 
1094 2 
1095 2 
1096 2 
1097 2 
1098 2 
1099 2 
1100 2 
1101 2 
1102 2 
1103 3 
1104 2 
1105 3 
1106 2 
1107 3 
1108 2 
1109 3 
1110 2 
1111 3 
1112 2 
1113 3 
1114 2 
1115 2 
1116 2 
1117 3 
1118 2 
1119 3 
1120 3 
1121 3 
1122 3 
1123 3 
1124 3 
1125 3 
1126 3 
1127 3 
1128 3 
1129 3 
1130 3 
1131 3 
1132 3 
1133 3 
1134 3 
1135 3 
1136 3 
1137 3 
1138 3 
1139 3 
1140 2 
1141 3 
1142 2 
1143 3 
1144 2 
1145 3 
1146 2 
1147 2 
1148 2 
1149 2 
1150 2 
1151 2 
1152 2 
1153 2 
1154 3 
1155 2 
1156 3 
1157 2 
1158 3 
1159 2 
1160 3 
1161 2 
1162 3 
1163 2 
1164 3 
1165 2 
1166 3 
1167 2 
1168 3 
1169 2 
1170 3 
1171 2 
1172 2 
1173 2 
1174 3 
1175 2 
1176 3 
1177 2 
1178 3 
1179 2 
1180 2 
1181 2 
1182 2 
1183 2 
1184 2 
1185 2 
1186 3 
1187 3 
1188 3 
1189 3 
1190 3 
1191 3 
1192 3 
1193 3 
1194 3 
1195 3 
1196 3 
1197 3 
1198 3 
1199 3 
1200 3 
1201 3 
1202 3 
1203 3 
1204 3 
1205 3 
1206 3 
1207 3 
1208 3 
1209 2 
1210 3 
1211 2 
1212 3 
1213 2 
1214 3 
1215 2 
1216 3 
1217 2 
1218 3 
1219 2 
1220 3 
1221 2 
1222 2 
1223 2 
1224 2 
1225 2 
1226 2 
1227 2 
1228 2 
1229 2 
1230 2 
1231 2 
1232 2 
1233 2 
1234 2 
1235 2 
1236 2 
1237 2 
1238 2 
1239 2 
1240 2 
1241 2 
1242 2 
1243 2 
1244 2 
1245 2 
1246 2 
1247 2 
1248 3 
1249 2 
1250 3 
1251 2 
1252 3 
1253 2 
1254 3 
1255 2 
1256 3 
1257 2 
1258 3 
1259 2 
1260 3 
1261 3 
1262 3 
1263 3 
1264 3 
1265 3 
1266 3 
1267 3 
1268 2 
1269 3 
1270 2 
1271 3 
1272 2 
1273 3 
1274 2 
1275 3 
1276 2 
1277 3 
1278 2 
1279 3 
1280 2 
1281 3 
1282 2 
1283 3 
1284 2 
1285 3 
1286 2 
1287 3 
1288 2 
1289 3 
1290 2 
1291 3 
1292 2 
1293 3 
1294 2 
1295 3 
1296 2 
1297 3 
1298 2 
1299 3 
1300 2 
1301 3 
1302 2 
1303 3 
1304 3 
1305 3 
1306 3 
1307 3 
1308 3 
1309 3 
1310 3 
1311 3 
1312 3 
1313 3 
1314 3 
1315 3 
1316 3 
1317 3 
1318 3 
1319 3 
1320 3 
1321 3 
1322 3 
1323 3 
1324 3 
1325 3 
1326 3 
1327 3 
1328 3 
1329 3 
1330 3 
1331 2 
1332 3 
1333 2 
1334 3 
1335 2 
1336 3 
1337 3 
1338 3 
1339 3 
1340 3 
1341 3 
1342 3 
1343 3 
1344 2 
1345 3 
1346 2 
1347 3 
1348 2 
1349 3 
1350 3 
1351 3 
1352 3 
1353 3 
1354 3 
1355 3 
1356 3 
1357 3 
1358 3 
1359 3 
1360 3 
1361 3 
1362 3 
1363 3 
1364 3 
1365 3 
1366 3 
1367 2 
1368 3 
1369 3 
1370 2 
1371 3 
1372 2 
1373 2 
1374 2 
1375 2 
1376 2 
1377 2 
1378 2 
1379 2 
1380 2 
1381 3 
1382 2 
1383 3 
1384 2 
1385 3 
1386 2 
1387 3 
1388 2 
1389 3 
1390 3 
1391 3 
1392 3 
1393 3 
1394 3 
1395 3 
1396 3 
1397 2 
1398 3 
1399 3 
1400 3 
1401 3 
1402 3 
1403 2 
1404 3 
1405 3 
1406 3 
1407 3 
1408 3 
1409 3 
1410 3 
1411 2 
1412 3 
1413 3 
1414 3 
1415 3 
1416 3 
1417 3 
1418 3 
1419 3 
1420 3 
1421 3 
1422 3 
1423 2 
1424 3 
1425 2 
1426 3 
1427 2 
1428 3 
1429 2 
1430 3 
1431 2 
1432 2 
1433 2 
1434 3 
1435 2 
1436 2 
1437 3 
1438 2 
1439 3 
1440 2 
1441 3 
1442 2 
1443 3 
1444 2 
1445 3 
1446 2 
1447 3 
1448 2 
1449 3 
1450 2 
1451 3 
1452 2 
1453 3 
1454 2 
1455 3 
1456 2 
1457 3 
1458 2 
1459 3 
1460 2 
1461 3 
1462 2 
1463 2 
1464 2 
1465 2 
1466 2 
1467 2 
1468 3 
1469 2 
1470 3 
1471 2 
1472 3 
1473 2 
1474 3 
1475 2 
1476 3 
1477 2 
1478 3 
1479 3 
1480 3 
1481 3 
1482 3 
1483 3 
1484 3 
1485 3 
1486 3 
1487 3 
1488 2 
1489 3 
1490 2 
1491 2 
1492 2 
1493 2 
1494 2 
1495 2 
1496 2 
1497 2 
1498 2 
1499 2 
1500 2 
1501 2 
1502 1 
1503 2 
1504 2 
1505 2 
1506 2 
1507 2 
1508 2 
1509 1 
1510 2 
1511 1 
1512 2 
1513 1 
1514 1 
1515 2 
1516 2 
1517 2 
1518 2 
1519 2 
1520 2 
1521 2 
1522 2 
1523 2 
1524 2 
1525 2 
1526 1 
1527 2 
1528 2 
1529 2 
1530 2 
1531 3 
1532 2 
1533 3 
1534 2 
1535 3 
1536 2 
1537 3 
1538 2 
1539 3 
1540 2 
1541 2 
1542 3 
1543 3 
1544 3 
1545 2 
1546 3 
1547 2 
1548 3 
1549 2 
1550 3 
1551 2 
1552 2 
1553 2 
1554 2 
1555 2 
1556 2 
1557 3 
1558 2 
1559 3 
1560 2 
1561 3 
1562 2 
1563 3 
1564 3 
1565 3 
1566 3 
1567 3 
1568 3 
1569 3 
1570 3 
1571 3 
1572 3 
1573 3 
1574 3 
1575 3 
1576 3 
1577 3 
1578 3 
1579 3 
1580 3 
1581 3 
1582 3 
1583 3 
1584 3 
1585 3 
1586 3 
1587 2 
1588 2 
1589 2 
1590 3 
1591 3 
1592 3 
1593 3 
1594 3 
1595 3 
1596 3 
1597 3 
1598 3 
1599 3 
1600 3 
1601 3 
1602 3 
1603 3 
1604 3 
1605 3 
1606 3 
1607 3 
1608 3 
1609 3 
1610 3 
1611 3 
1612 3 
1613 3 
1614 3 
1615 3 
1616 2 
1617 3 
1618 2 
1619 3 
1620 2 
1621 3 
1622 2 
1623 3 
1624 2 
1625 3 
1626 2 
1627 2 
1628 2 
1629 3 
1630 2 
1631 3 
1632 2 
1633 3 
1634 2 
1635 3 
1636 2 
1637 3 
1638 2 
1639 3 
1640 2 
1641 3 
1642 2 
1643 3 
1644 2 
1645 3 
1646 3 
1647 3 
1648 3 
1649 3 
1650 3 
1651 3 
1652 3 
1653 3 
1654 2 
1655 3 
1656 2 
1657 3 
1658 3 
1659 2 
1660 3 
1661 2 
1662 3 
1663 2 
1664 3 
1665 2 
1666 2 
1667 2 
1668 2 
1669 3 
1670 2 
1671 3 
1672 2 
1673 3 
1674 3 
1675 3 
1676 3 
1677 3 
1678 3 
1679 2 
1680 3 
1681 3 
1682 3 
1683 3 
1684 3 
1685 3 
1686 2 
1687 3 
1688 2 
1689 3 
1690 2 
1691 3 
1692 2 
1693 3 
1694 2 
1695 3 
1696 2 
1697 3 
1698 2 
1699 3 
1700 2 
1701 3 
1702 2 
1703 3 
1704 3 
1705 3 
1706 3 
1707 3 
1708 3 
1709 3 
1710 3 
1711 3 
1712 2 
1713 3 
1714 3 
1715 3 
1716 3 
1717 3 
1718 3 
1719 3 
1720 3 
1721 3 
1722 3 
1723 3 
1724 2 
1725 3 
1726 2 
1727 3 
1728 2 
1729 2 
1730 2 
1731 2 
1732 2 
1733 3 
1734 2 
1735 3 
1736 2 
1737 3 
