0 40.0 
1 40.0 
2 40.0 
3 60.0 
4 20.0 
5 40.0 
6 20.0 
7 20.0 
8 0.0 
9 20.0 
10 0.0 
11 40.0 
12 0.0 
13 20.0 
14 0.0 
15 20.0 
16 0.0 
17 40.0 
18 0.0 
19 60.0 
20 0.0 
21 40.0 
22 20.0 
23 40.0 
24 40.0 
25 60.0 
26 60.0 
27 40.0 
28 60.0 
29 20.0 
30 60.0 
31 20.0 
32 40.0 
33 40.0 
34 20.0 
35 20.0 
36 0.0 
37 20.0 
38 20.0 
39 40.0 
40 40.0 
41 60.0 
42 40.0 
43 40.0 
44 40.0 
45 60.0 
46 60.0 
47 60.0 
48 40.0 
49 40.0 
50 20.0 
51 20.0 
52 40.0 
53 40.0 
54 40.0 
55 20.0 
56 20.0 
57 40.0 
58 40.0 
59 40.0 
60 40.0 
61 40.0 
62 20.0 
63 40.0 
64 40.0 
65 40.0 
66 60.0 
67 40.0 
68 40.0 
69 40.0 
70 40.0 
71 60.0 
72 40.0 
73 40.0 
74 20.0 
75 60.0 
76 0.0 
77 60.0 
78 20.0 
79 60.0 
80 20.0 
81 60.0 
82 40.0 
83 60.0 
84 40.0 
85 40.0 
86 40.0 
87 20.0 
88 20.0 
89 20.0 
90 20.0 
91 0.0 
92 20.0 
93 20.0 
94 20.0 
95 20.0 
96 20.0 
97 40.0 
98 20.0 
99 60.0 
100 40.0 
101 60.0 
102 20.0 
103 40.0 
104 40.0 
105 40.0 
106 40.0 
107 20.0 
108 40.0 
109 20.0 
110 40.0 
111 20.0 
112 40.0 
113 40.0 
114 40.0 
115 40.0 
116 40.0 
117 40.0 
118 40.0 
119 20.0 
120 20.0 
121 20.0 
122 20.0 
123 20.0 
124 0.0 
125 40.0 
126 20.0 
127 60.0 
128 40.0 
129 80.0 
130 60.0 
131 80.0 
132 60.0 
133 60.0 
134 60.0 
135 40.0 
136 40.0 
137 20.0 
138 40.0 
139 0.0 
140 20.0 
141 20.0 
142 40.0 
143 20.0 
144 60.0 
145 40.0 
146 60.0 
147 40.0 
148 40.0 
149 40.0 
150 40.0 
151 40.0 
152 20.0 
153 40.0 
154 20.0 
155 20.0 
156 40.0 
157 40.0 
158 40.0 
159 40.0 
160 60.0 
161 20.0 
162 60.0 
163 20.0 
164 40.0 
165 40.0 
166 20.0 
167 40.0 
168 20.0 
169 40.0 
170 20.0 
171 60.0 
172 40.0 
173 60.0 
174 40.0 
175 40.0 
176 40.0 
177 20.0 
178 60.0 
179 40.0 
180 40.0 
181 40.0 
182 40.0 
183 60.0 
184 60.0 
185 60.0 
186 60.0 
187 60.0 
188 40.0 
189 40.0 
190 40.0 
191 40.0 
192 20.0 
193 40.0 
194 20.0 
195 40.0 
196 20.0 
197 60.0 
198 40.0 
199 60.0 
200 60.0 
201 60.0 
202 60.0 
203 40.0 
204 40.0 
205 60.0 
206 40.0 
207 40.0 
208 20.0 
209 40.0 
210 0.0 
211 20.0 
212 0.0 
213 40.0 
214 0.0 
215 20.0 
216 0.0 
217 40.0 
218 20.0 
219 60.0 
220 20.0 
221 60.0 
222 40.0 
223 60.0 
224 60.0 
225 60.0 
226 60.0 
227 40.0 
228 40.0 
229 20.0 
230 60.0 
231 20.0 
232 40.0 
233 20.0 
234 20.0 
235 20.0 
236 40.0 
237 40.0 
238 60.0 
239 60.0 
240 40.0 
241 60.0 
242 60.0 
243 60.0 
244 80.0 
245 60.0 
246 60.0 
247 40.0 
248 40.0 
249 40.0 
250 40.0 
251 40.0 
252 20.0 
253 20.0 
254 0.0 
255 40.0 
256 20.0 
257 40.0 
258 20.0 
259 20.0 
260 40.0 
261 40.0 
262 40.0 
263 60.0 
264 60.0 
265 40.0 
266 40.0 
267 60.0 
268 40.0 
269 60.0 
270 40.0 
271 40.0 
272 40.0 
273 40.0 
274 40.0 
275 60.0 
276 40.0 
277 40.0 
278 40.0 
279 60.0 
280 40.0 
281 60.0 
282 40.0 
283 40.0 
284 40.0 
285 20.0 
286 40.0 
287 20.0 
288 40.0 
289 20.0 
290 40.0 
291 20.0 
292 40.0 
293 20.0 
294 40.0 
295 40.0 
296 40.0 
297 60.0 
298 60.0 
299 40.0 
300 40.0 
301 60.0 
302 40.0 
303 60.0 
304 20.0 
305 40.0 
306 20.0 
307 40.0 
308 0.0 
309 40.0 
310 20.0 
311 20.0 
312 20.0 
313 40.0 
314 40.0 
315 60.0 
316 40.0 
317 40.0 
318 60.0 
319 60.0 
320 60.0 
321 80.0 
322 60.0 
323 60.0 
324 60.0 
325 40.0 
326 60.0 
327 40.0 
328 40.0 
329 40.0 
330 20.0 
331 20.0 
332 40.0 
333 40.0 
334 40.0 
335 40.0 
336 40.0 
337 40.0 
338 60.0 
339 40.0 
340 60.0 
341 40.0 
342 40.0 
343 20.0 
344 40.0 
345 20.0 
346 40.0 
347 20.0 
348 20.0 
349 0.0 
350 20.0 
351 20.0 
352 40.0 
353 20.0 
354 40.0 
355 40.0 
356 40.0 
357 40.0 
358 60.0 
359 40.0 
360 60.0 
361 40.0 
362 60.0 
363 40.0 
364 60.0 
365 40.0 
366 60.0 
367 40.0 
368 40.0 
369 40.0 
370 40.0 
371 40.0 
372 20.0 
373 40.0 
374 20.0 
375 40.0 
376 20.0 
377 40.0 
378 20.0 
379 40.0 
380 20.0 
381 40.0 
382 0.0 
383 40.0 
384 20.0 
385 40.0 
386 20.0 
387 40.0 
388 20.0 
389 40.0 
390 20.0 
391 20.0 
392 20.0 
393 20.0 
394 20.0 
395 20.0 
396 20.0 
397 20.0 
398 20.0 
399 20.0 
400 20.0 
401 20.0 
402 20.0 
403 40.0 
404 20.0 
405 40.0 
406 20.0 
407 60.0 
408 40.0 
409 60.0 
410 40.0 
411 60.0 
412 40.0 
413 40.0 
414 40.0 
415 40.0 
416 60.0 
417 40.0 
418 60.0 
419 40.0 
420 60.0 
421 60.0 
422 60.0 
423 60.0 
424 40.0 
425 40.0 
426 40.0 
427 40.0 
428 40.0 
429 40.0 
430 40.0 
431 40.0 
432 40.0 
433 20.0 
434 40.0 
435 20.0 
436 20.0 
437 0.0 
438 20.0 
439 0.0 
440 20.0 
441 20.0 
442 40.0 
443 20.0 
444 40.0 
445 20.0 
446 40.0 
447 40.0 
448 40.0 
449 40.0 
450 40.0 
451 60.0 
452 40.0 
453 60.0 
454 40.0 
455 60.0 
456 60.0 
457 40.0 
458 40.0 
459 60.0 
460 40.0 
461 40.0 
462 40.0 
463 40.0 
464 40.0 
465 60.0 
466 40.0 
467 60.0 
468 40.0 
469 60.0 
470 40.0 
471 60.0 
472 40.0 
473 60.0 
474 40.0 
475 40.0 
476 40.0 
477 60.0 
478 40.0 
479 60.0 
480 60.0 
481 40.0 
482 60.0 
483 40.0 
484 40.0 
485 40.0 
486 40.0 
487 20.0 
488 40.0 
489 20.0 
490 20.0 
491 20.0 
492 20.0 
493 40.0 
494 40.0 
495 60.0 
496 20.0 
497 80.0 
498 20.0 
499 80.0 
500 20.0 
501 60.0 
502 20.0 
503 80.0 
504 20.0 
505 60.0 
506 20.0 
507 60.0 
508 20.0 
509 40.0 
510 40.0 
511 40.0 
512 40.0 
513 20.0 
514 40.0 
515 40.0 
516 40.0 
517 20.0 
518 40.0 
519 20.0 
520 40.0 
521 20.0 
522 40.0 
523 40.0 
524 60.0 
525 40.0 
526 60.0 
527 40.0 
528 60.0 
529 40.0 
530 40.0 
531 40.0 
532 40.0 
533 40.0 
534 40.0 
535 20.0 
536 60.0 
537 40.0 
538 60.0 
539 40.0 
540 60.0 
541 40.0 
542 60.0 
543 20.0 
544 60.0 
545 40.0 
546 40.0 
547 20.0 
548 40.0 
549 40.0 
550 40.0 
551 60.0 
552 20.0 
553 60.0 
554 20.0 
555 40.0 
556 20.0 
557 60.0 
558 40.0 
559 40.0 
560 40.0 
561 20.0 
562 40.0 
563 40.0 
564 40.0 
565 60.0 
566 40.0 
567 40.0 
568 40.0 
569 60.0 
570 40.0 
571 80.0 
572 40.0 
573 80.0 
574 40.0 
575 80.0 
576 40.0 
577 80.0 
578 40.0 
579 80.0 
580 40.0 
581 60.0 
582 40.0 
583 60.0 
584 60.0 
585 40.0 
586 60.0 
587 40.0 
588 40.0 
589 40.0 
590 60.0 
591 40.0 
592 60.0 
593 20.0 
594 40.0 
595 40.0 
596 40.0 
597 40.0 
598 40.0 
599 40.0 
600 40.0 
601 60.0 
602 40.0 
603 60.0 
604 40.0 
605 60.0 
606 40.0 
607 60.0 
608 40.0 
609 60.0 
610 40.0 
611 40.0 
612 40.0 
613 40.0 
614 40.0 
615 40.0 
616 40.0 
617 40.0 
618 40.0 
619 40.0 
620 20.0 
621 40.0 
622 20.0 
623 60.0 
624 20.0 
625 40.0 
626 20.0 
627 40.0 
628 20.0 
629 20.0 
630 20.0 
631 40.0 
632 20.0 
633 20.0 
634 20.0 
635 20.0 
636 20.0 
637 20.0 
638 20.0 
639 40.0 
640 20.0 
641 40.0 
642 0.0 
643 40.0 
644 0.0 
645 40.0 
646 0.0 
647 60.0 
648 0.0 
649 40.0 
650 20.0 
651 20.0 
652 40.0 
653 40.0 
654 40.0 
655 60.0 
656 40.0 
657 60.0 
658 40.0 
659 60.0 
660 40.0 
661 60.0 
662 20.0 
663 40.0 
664 40.0 
665 40.0 
666 60.0 
667 40.0 
668 60.0 
669 60.0 
670 60.0 
671 60.0 
672 60.0 
673 60.0 
674 40.0 
675 60.0 
676 20.0 
677 40.0 
678 40.0 
679 40.0 
680 40.0 
681 60.0 
682 60.0 
683 60.0 
684 80.0 
685 40.0 
686 80.0 
687 60.0 
688 60.0 
689 40.0 
690 60.0 
691 40.0 
692 40.0 
693 60.0 
694 40.0 
695 80.0 
696 40.0 
697 60.0 
698 60.0 
699 60.0 
700 60.0 
701 60.0 
702 80.0 
703 40.0 
704 60.0 
705 40.0 
706 60.0 
707 60.0 
708 60.0 
709 60.0 
710 60.0 
711 60.0 
712 60.0 
713 80.0 
714 80.0 
715 60.0 
716 80.0 
717 40.0 
718 60.0 
719 40.0 
720 40.0 
721 20.0 
722 20.0 
723 20.0 
724 0.0 
725 40.0 
726 0.0 
727 40.0 
728 0.0 
729 60.0 
730 0.0 
731 60.0 
732 0.0 
733 40.0 
734 20.0 
735 20.0 
736 20.0 
737 20.0 
738 40.0 
739 0.0 
740 40.0 
741 20.0 
742 40.0 
743 20.0 
744 40.0 
745 40.0 
746 40.0 
747 40.0 
748 40.0 
749 60.0 
750 60.0 
751 60.0 
752 60.0 
753 40.0 
754 40.0 
755 40.0 
756 20.0 
757 40.0 
758 20.0 
759 60.0 
760 20.0 
761 40.0 
762 40.0 
763 60.0 
764 60.0 
765 40.0 
766 60.0 
767 60.0 
768 60.0 
769 40.0 
770 60.0 
771 40.0 
772 40.0 
773 20.0 
774 20.0 
775 40.0 
776 40.0 
777 20.0 
778 60.0 
779 20.0 
780 40.0 
781 40.0 
782 40.0 
783 60.0 
784 60.0 
785 40.0 
786 40.0 
787 40.0 
788 20.0 
789 60.0 
790 20.0 
791 60.0 
792 40.0 
793 40.0 
794 40.0 
795 60.0 
796 60.0 
797 60.0 
798 80.0 
799 40.0 
800 80.0 
801 40.0 
802 60.0 
803 40.0 
804 40.0 
805 20.0 
806 40.0 
807 40.0 
808 20.0 
809 40.0 
810 20.0 
811 40.0 
812 40.0 
813 60.0 
814 40.0 
815 60.0 
816 20.0 
817 40.0 
818 20.0 
819 40.0 
820 40.0 
821 20.0 
822 20.0 
823 0.0 
824 20.0 
825 0.0 
826 20.0 
827 0.0 
828 40.0 
829 0.0 
830 40.0 
831 0.0 
832 40.0 
833 20.0 
834 60.0 
835 20.0 
836 60.0 
837 20.0 
838 60.0 
839 40.0 
840 40.0 
841 40.0 
842 60.0 
843 40.0 
844 60.0 
845 40.0 
846 40.0 
847 40.0 
848 60.0 
849 40.0 
850 80.0 
851 40.0 
852 60.0 
853 40.0 
854 40.0 
855 40.0 
856 40.0 
857 40.0 
858 20.0 
859 40.0 
860 0.0 
861 40.0 
862 20.0 
863 20.0 
864 40.0 
865 20.0 
866 40.0 
867 40.0 
868 40.0 
869 40.0 
870 40.0 
871 60.0 
872 20.0 
873 80.0 
874 0.0 
875 100.0 
876 20.0 
877 100.0 
878 20.0 
879 80.0 
880 20.0 
881 80.0 
882 40.0 
883 60.0 
884 40.0 
885 40.0 
886 40.0 
887 40.0 
888 40.0 
889 40.0 
890 40.0 
891 40.0 
892 20.0 
893 40.0 
894 20.0 
895 40.0 
896 0.0 
897 40.0 
898 0.0 
899 40.0 
900 0.0 
901 40.0 
902 0.0 
903 40.0 
904 20.0 
905 60.0 
906 20.0 
907 40.0 
908 20.0 
909 40.0 
910 20.0 
911 40.0 
912 40.0 
913 40.0 
914 40.0 
915 40.0 
916 60.0 
917 40.0 
918 60.0 
919 40.0 
920 60.0 
921 40.0 
922 40.0 
923 40.0 
924 40.0 
925 40.0 
926 40.0 
927 40.0 
928 40.0 
929 40.0 
930 40.0 
931 40.0 
932 40.0 
933 40.0 
934 40.0 
935 20.0 
936 40.0 
937 20.0 
938 40.0 
939 20.0 
940 60.0 
941 0.0 
942 60.0 
943 20.0 
944 40.0 
945 20.0 
946 40.0 
947 20.0 
948 40.0 
949 20.0 
950 40.0 
951 20.0 
952 40.0 
953 20.0 
954 40.0 
955 20.0 
956 40.0 
957 20.0 
958 40.0 
959 20.0 
960 40.0 
961 20.0 
962 40.0 
963 20.0 
964 40.0 
965 40.0 
966 40.0 
967 60.0 
968 60.0 
969 60.0 
970 40.0 
971 60.0 
972 40.0 
973 40.0 
974 40.0 
975 20.0 
976 20.0 
977 20.0 
978 20.0 
979 20.0 
980 20.0 
981 40.0 
982 20.0 
983 40.0 
984 20.0 
985 40.0 
986 20.0 
987 40.0 
988 20.0 
989 40.0 
990 20.0 
991 40.0 
992 40.0 
993 40.0 
994 40.0 
995 40.0 
996 40.0 
997 40.0 
998 40.0 
999 40.0 
1000 40.0 
1001 20.0 
1002 40.0 
1003 40.0 
1004 40.0 
1005 40.0 
1006 40.0 
1007 20.0 
1008 40.0 
1009 40.0 
1010 40.0 
1011 40.0 
1012 40.0 
1013 40.0 
1014 40.0 
1015 60.0 
1016 40.0 
1017 60.0 
1018 40.0 
1019 40.0 
1020 40.0 
1021 40.0 
1022 40.0 
1023 40.0 
1024 60.0 
1025 40.0 
1026 60.0 
1027 40.0 
1028 40.0 
1029 40.0 
1030 40.0 
1031 40.0 
1032 40.0 
1033 40.0 
1034 40.0 
1035 40.0 
1036 40.0 
1037 40.0 
1038 40.0 
1039 40.0 
1040 40.0 
1041 60.0 
1042 40.0 
1043 40.0 
1044 40.0 
1045 40.0 
1046 40.0 
1047 40.0 
1048 40.0 
1049 40.0 
1050 40.0 
1051 40.0 
1052 40.0 
1053 40.0 
1054 40.0 
1055 40.0 
1056 40.0 
1057 60.0 
1058 40.0 
1059 60.0 
1060 60.0 
1061 40.0 
1062 40.0 
1063 40.0 
1064 40.0 
1065 40.0 
1066 40.0 
1067 20.0 
1068 40.0 
1069 40.0 
1070 40.0 
1071 40.0 
1072 60.0 
1073 40.0 
1074 40.0 
1075 40.0 
1076 40.0 
1077 60.0 
1078 40.0 
1079 40.0 
1080 40.0 
1081 40.0 
1082 40.0 
1083 40.0 
1084 40.0 
1085 40.0 
1086 40.0 
1087 40.0 
1088 60.0 
1089 40.0 
1090 40.0 
1091 40.0 
1092 20.0 
1093 60.0 
1094 40.0 
1095 40.0 
1096 60.0 
1097 40.0 
1098 40.0 
1099 40.0 
1100 40.0 
1101 60.0 
1102 40.0 
1103 40.0 
1104 40.0 
1105 40.0 
1106 40.0 
1107 40.0 
1108 40.0 
1109 60.0 
1110 60.0 
1111 60.0 
1112 80.0 
1113 60.0 
1114 60.0 
1115 80.0 
1116 40.0 
1117 60.0 
1118 60.0 
1119 40.0 
1120 60.0 
1121 60.0 
1122 40.0 
1123 40.0 
1124 40.0 
1125 40.0 
1126 40.0 
1127 40.0 
1128 40.0 
1129 40.0 
1130 40.0 
1131 40.0 
1132 40.0 
1133 40.0 
1134 40.0 
1135 40.0 
1136 40.0 
1137 40.0 
1138 60.0 
1139 40.0 
1140 80.0 
1141 40.0 
1142 80.0 
1143 40.0 
1144 60.0 
1145 40.0 
1146 60.0 
1147 60.0 
1148 60.0 
1149 80.0 
1150 60.0 
1151 60.0 
1152 60.0 
1153 60.0 
1154 60.0 
1155 40.0 
1156 60.0 
1157 40.0 
1158 60.0 
1159 40.0 
1160 40.0 
1161 40.0 
1162 40.0 
1163 40.0 
1164 40.0 
1165 60.0 
1166 40.0 
1167 40.0 
1168 40.0 
1169 40.0 
1170 40.0 
1171 40.0 
1172 60.0 
1173 40.0 
1174 60.0 
1175 40.0 
1176 40.0 
1177 40.0 
1178 40.0 
1179 40.0 
1180 60.0 
1181 60.0 
1182 40.0 
1183 60.0 
1184 60.0 
1185 60.0 
1186 60.0 
1187 60.0 
1188 60.0 
1189 40.0 
1190 40.0 
1191 40.0 
1192 40.0 
1193 40.0 
1194 40.0 
1195 40.0 
1196 40.0 
1197 40.0 
1198 40.0 
1199 40.0 
1200 40.0 
1201 40.0 
1202 40.0 
1203 40.0 
1204 40.0 
1205 40.0 
1206 40.0 
1207 40.0 
1208 40.0 
1209 60.0 
1210 40.0 
1211 60.0 
1212 40.0 
1213 80.0 
1214 40.0 
1215 80.0 
1216 40.0 
1217 60.0 
1218 60.0 
1219 40.0 
1220 60.0 
1221 40.0 
1222 80.0 
1223 40.0 
1224 60.0 
1225 40.0 
1226 60.0 
1227 60.0 
1228 60.0 
1229 60.0 
1230 40.0 
1231 40.0 
1232 40.0 
1233 40.0 
1234 40.0 
1235 60.0 
1236 40.0 
1237 60.0 
1238 20.0 
1239 80.0 
1240 40.0 
1241 80.0 
1242 40.0 
1243 80.0 
1244 60.0 
1245 60.0 
1246 60.0 
1247 60.0 
1248 60.0 
1249 40.0 
1250 60.0 
1251 40.0 
1252 40.0 
1253 40.0 
1254 40.0 
1255 60.0 
1256 40.0 
1257 40.0 
1258 40.0 
1259 60.0 
1260 40.0 
1261 60.0 
1262 60.0 
1263 40.0 
1264 60.0 
1265 40.0 
1266 60.0 
1267 40.0 
1268 80.0 
1269 40.0 
1270 60.0 
1271 40.0 
1272 60.0 
1273 60.0 
1274 40.0 
1275 40.0 
1276 40.0 
1277 40.0 
1278 40.0 
1279 40.0 
1280 40.0 
1281 40.0 
1282 40.0 
1283 40.0 
1284 40.0 
1285 40.0 
1286 40.0 
1287 40.0 
1288 40.0 
1289 40.0 
1290 60.0 
1291 40.0 
1292 40.0 
1293 40.0 
1294 40.0 
1295 40.0 
1296 40.0 
1297 40.0 
1298 40.0 
1299 40.0 
1300 40.0 
1301 40.0 
1302 40.0 
1303 40.0 
1304 40.0 
1305 40.0 
1306 40.0 
1307 40.0 
1308 20.0 
1309 40.0 
1310 20.0 
1311 40.0 
1312 20.0 
1313 40.0 
1314 20.0 
1315 40.0 
1316 40.0 
1317 40.0 
1318 40.0 
1319 20.0 
1320 40.0 
1321 20.0 
1322 40.0 
1323 20.0 
1324 40.0 
1325 20.0 
1326 40.0 
1327 20.0 
1328 40.0 
1329 20.0 
1330 40.0 
1331 40.0 
1332 40.0 
1333 40.0 
1334 40.0 
1335 60.0 
1336 40.0 
1337 60.0 
1338 40.0 
1339 60.0 
1340 40.0 
1341 40.0 
1342 40.0 
1343 40.0 
1344 60.0 
1345 40.0 
1346 60.0 
1347 40.0 
1348 60.0 
1349 40.0 
1350 40.0 
1351 40.0 
1352 40.0 
1353 40.0 
1354 40.0 
1355 40.0 
1356 40.0 
1357 40.0 
1358 40.0 
1359 40.0 
1360 40.0 
1361 60.0 
1362 60.0 
1363 40.0 
1364 40.0 
1365 40.0 
1366 40.0 
1367 60.0 
1368 40.0 
1369 60.0 
1370 60.0 
1371 60.0 
1372 40.0 
1373 60.0 
1374 40.0 
1375 40.0 
1376 40.0 
1377 40.0 
1378 40.0 
1379 60.0 
1380 40.0 
1381 40.0 
1382 40.0 
1383 40.0 
1384 60.0 
1385 60.0 
1386 40.0 
1387 40.0 
1388 60.0 
1389 40.0 
1390 40.0 
1391 60.0 
1392 40.0 
1393 60.0 
1394 40.0 
1395 60.0 
1396 40.0 
1397 80.0 
1398 40.0 
1399 60.0 
1400 40.0 
1401 40.0 
1402 40.0 
1403 60.0 
1404 40.0 
1405 40.0 
1406 40.0 
1407 40.0 
1408 40.0 
1409 60.0 
1410 40.0 
1411 60.0 
1412 40.0 
1413 40.0 
1414 40.0 
1415 40.0 
1416 40.0 
1417 40.0 
1418 40.0 
1419 40.0 
1420 40.0 
1421 40.0 
1422 40.0 
1423 40.0 
1424 40.0 
1425 40.0 
1426 40.0 
1427 40.0 
1428 40.0 
1429 40.0 
1430 60.0 
1431 40.0 
1432 80.0 
1433 40.0 
1434 60.0 
1435 60.0 
1436 60.0 
1437 40.0 
1438 40.0 
1439 40.0 
1440 40.0 
1441 40.0 
1442 40.0 
1443 40.0 
1444 40.0 
1445 40.0 
1446 40.0 
1447 40.0 
1448 40.0 
1449 40.0 
1450 40.0 
1451 40.0 
1452 40.0 
1453 40.0 
1454 40.0 
1455 40.0 
1456 40.0 
1457 40.0 
1458 40.0 
1459 40.0 
1460 40.0 
1461 60.0 
1462 40.0 
1463 60.0 
1464 40.0 
1465 40.0 
1466 60.0 
1467 40.0 
1468 60.0 
1469 40.0 
1470 40.0 
1471 40.0 
1472 40.0 
1473 60.0 
1474 40.0 
1475 80.0 
1476 40.0 
1477 80.0 
1478 40.0 
1479 60.0 
1480 40.0 
1481 40.0 
1482 40.0 
1483 40.0 
1484 60.0 
1485 40.0 
1486 60.0 
1487 60.0 
1488 60.0 
1489 60.0 
1490 60.0 
1491 80.0 
1492 40.0 
1493 60.0 
1494 40.0 
1495 40.0 
1496 40.0 
1497 40.0 
1498 60.0 
1499 40.0 
1500 60.0 
1501 40.0 
1502 60.0 
1503 60.0 
1504 40.0 
1505 80.0 
1506 40.0 
1507 60.0 
1508 40.0 
1509 80.0 
1510 40.0 
1511 60.0 
1512 40.0 
1513 40.0 
1514 60.0 
1515 20.0 
1516 40.0 
1517 20.0 
1518 40.0 
1519 20.0 
1520 40.0 
1521 40.0 
1522 40.0 
1523 40.0 
1524 40.0 
1525 40.0 
1526 60.0 
1527 40.0 
1528 40.0 
1529 40.0 
1530 40.0 
1531 20.0 
1532 60.0 
1533 20.0 
1534 60.0 
1535 20.0 
1536 40.0 
1537 40.0 
1538 60.0 
1539 40.0 
1540 80.0 
1541 60.0 
1542 60.0 
1543 60.0 
1544 60.0 
1545 60.0 
1546 60.0 
1547 60.0 
1548 60.0 
1549 60.0 
1550 60.0 
1551 40.0 
1552 60.0 
1553 60.0 
1554 40.0 
1555 60.0 
1556 40.0 
1557 40.0 
1558 40.0 
1559 40.0 
1560 40.0 
1561 40.0 
1562 40.0 
1563 40.0 
1564 40.0 
1565 40.0 
1566 40.0 
1567 40.0 
1568 40.0 
1569 40.0 
1570 40.0 
1571 40.0 
1572 40.0 
1573 40.0 
1574 40.0 
1575 40.0 
1576 40.0 
1577 40.0 
1578 40.0 
1579 40.0 
1580 20.0 
1581 40.0 
1582 20.0 
1583 40.0 
1584 20.0 
1585 60.0 
1586 20.0 
1587 60.0 
1588 0.0 
1589 40.0 
1590 20.0 
1591 40.0 
1592 20.0 
1593 40.0 
1594 20.0 
1595 40.0 
1596 20.0 
1597 40.0 
1598 40.0 
1599 40.0 
1600 40.0 
1601 40.0 
1602 40.0 
1603 40.0 
1604 40.0 
1605 40.0 
1606 40.0 
1607 40.0 
1608 40.0 
1609 60.0 
1610 40.0 
1611 60.0 
1612 40.0 
1613 60.0 
1614 60.0 
1615 40.0 
1616 60.0 
1617 40.0 
1618 60.0 
1619 40.0 
1620 40.0 
1621 40.0 
1622 40.0 
1623 40.0 
1624 40.0 
1625 60.0 
1626 40.0 
1627 60.0 
1628 40.0 
1629 40.0 
1630 40.0 
1631 40.0 
1632 40.0 
1633 40.0 
1634 40.0 
1635 40.0 
1636 40.0 
1637 40.0 
1638 40.0 
1639 40.0 
1640 40.0 
1641 40.0 
1642 40.0 
1643 40.0 
1644 40.0 
1645 40.0 
1646 40.0 
1647 40.0 
1648 20.0 
1649 40.0 
1650 20.0 
1651 40.0 
1652 20.0 
1653 40.0 
1654 0.0 
1655 40.0 
1656 0.0 
1657 40.0 
1658 20.0 
1659 60.0 
1660 20.0 
1661 60.0 
1662 20.0 
1663 60.0 
1664 40.0 
1665 60.0 
1666 60.0 
1667 60.0 
1668 40.0 
1669 40.0 
1670 60.0 
1671 40.0 
1672 60.0 
1673 40.0 
1674 40.0 
1675 40.0 
1676 20.0 
1677 40.0 
1678 40.0 
1679 60.0 
1680 20.0 
1681 60.0 
1682 20.0 
1683 40.0 
1684 20.0 
1685 40.0 
1686 40.0 
1687 40.0 
1688 20.0 
1689 40.0 
1690 40.0 
1691 40.0 
1692 40.0 
1693 40.0 
1694 40.0 
1695 40.0 
1696 20.0 
1697 60.0 
1698 20.0 
1699 40.0 
1700 0.0 
1701 40.0 
1702 0.0 
1703 60.0 
1704 20.0 
1705 60.0 
1706 20.0 
1707 40.0 
1708 40.0 
1709 40.0 
1710 40.0 
1711 40.0 
1712 60.0 
1713 40.0 
1714 40.0 
1715 40.0 
1716 60.0 
1717 40.0 
1718 40.0 
1719 40.0 
1720 40.0 
1721 40.0 
1722 20.0 
1723 40.0 
1724 40.0 
1725 40.0 
1726 40.0 
1727 40.0 
1728 60.0 
1729 60.0 
1730 60.0 
1731 60.0 
1732 60.0 
1733 40.0 
1734 40.0 
1735 40.0 
1736 20.0 
1737 40.0 
