0 21.258294391339167 
1 10.282500668044431 
2 9.67919285905495 
3 19.577046946034 
4 20.380584939674147 
5 15.343068683971788 
6 20.209130550001206 
7 21.192344226843712 
8 8.630361691708128 
9 13.592758831898214 
10 17.994662914117537 
11 19.619629433859885 
12 11.080740353268766 
13 19.382718559664315 
14 11.388621435883232 
15 8.594797184455077 
16 18.865472929513736 
17 23.14852282950036 
18 12.768165310489898 
19 20.554167626347024 
20 20.32577027825969 
21 6.473210813213406 
22 20.379990767959963 
23 20.428728678998997 
24 15.42329727225258 
25 9.37706296082666 
26 17.425297670979052 
27 24.76780536774041 
28 15.502478220855494 
29 11.15544952352076 
30 17.372466181233793 
31 15.769720120914984 
32 18.176359444608156 
33 13.020047059992176 
34 15.276735080402833 
35 19.117330148861885 
36 11.916211862504722 
37 20.141102350105164 
38 9.949506474775772 
39 23.429771640523754 
40 15.57506981165706 
41 14.784241155300828 
42 10.48576 
43 9.986342987209646 
44 18.774525075647706 
45 14.05635539826805 
46 13.222608580516823 
47 17.273234193088737 
48 11.776559214054476 
49 17.422836634321413 
50 14.432262060422545 
51 8.470620548147162 
52 26.66317455675844 
53 22.395420858161938 
54 41.21355998820871 
55 24.987810835607135 
56 14.968804759406574 
57 15.285364431486881 
58 12.599215384707811 
59 13.105643704810054 
60 14.595584755435539 
61 15.888177158896772 
62 7.960341620800911 
63 11.010261323813149 
64 21.985721324708816 
65 21.588519898704988 
66 20.228233557914436 
67 11.282016521011704 
68 13.0136642879305 
69 12.716293199368172 
70 30.154890288442182 
71 18.852668578466186 
72 20.708112805118887 
73 15.678117267106748 
74 17.399491410816438 
75 20.109332374445643 
76 16.596841526292256 
77 19.078980526658146 
78 17.512166608213505 
79 21.20648788577438 
80 16.144295056601013 
81 20.86064566827313 
82 16.449412115365007 
83 21.614107413400394 
84 11.086012126594456 
85 16.950381093248627 
86 13.255747217253345 
87 23.116754850088185 
88 17.49171768395416 
89 29.831889500561886 
90 7.282182343463526 
91 5.849584254964255 
92 26.715141941771073 
93 11.086539579831044 
94 8.607249347936277 
95 22.522534326386616 
96 8.79194737790895 
97 7.343509151583275 
98 20.25001206994776 
99 14.018208312723091 
100 15.413208684276286 
101 11.99856965903532 
102 14.532472212212767 
103 18.422006421321246 
104 14.832654937671293 
105 22.340429838344562 
106 16.910470507599886 
107 20.51084639007883 
108 10.524807034096497 
109 12.517620093591825 
110 19.028604352579837 
111 16.527062383759418 
112 19.168703441341805 
113 15.132713733187092 
114 15.49491852273273 
115 27.825496231822523 
116 24.99525637052752 
117 17.140946893070964 
118 18.16958785662921 
119 12.72493499952975 
120 17.144450121604773 
121 18.228416711213097 
122 12.274095750907176 
123 9.555616308527895 
124 14.79117530892061 
125 12.72493499952975 
126 17.144450121604773 
127 18.228416711213097 
128 12.274095750907176 
129 7.799525442387367 
130 14.79117530892061 
131 9.041942604856512 
132 8.648406119839994 
133 22.138437015064024 
134 15.591744483435438 
135 21.503517010848388 
136 16.44399488759772 
137 21.503517010848388 
138 16.44399488759772 
139 16.350723722424284 
140 10.819375441746246 
141 18.17832887648387 
142 10.695253273494576 
143 9.541595291880222 
144 11.953296037800913 
145 4.998860618888936 
146 11.769718602327957 
147 12.416824554755589 
148 16.56145338529636 
149 14.772993515710578 
150 12.609821358779636 
151 10.518208673758545 
152 10.729699723207114 
153 8.272495256578662 
154 11.682289273071127 
155 15.008978253946102 
156 18.61652907234798 
157 24.937298595669287 
158 13.350768075069551 
159 11.633523420684758 
160 5.55805654389208 
161 9.259051424408659 
162 10.785266860722258 
163 22.183868408525942 
164 11.043483526812867 
165 12.308819213748254 
166 12.854606972980925 
167 18.924546434872063 
168 13.621673584182597 
169 24.0595651924511 
170 29.748735734905065 
171 11.45756174314959 
172 19.09722304431564 
173 21.35842792180347 
174 13.460063990038863 
175 32.682463864105664 
176 16.043329916308387 
177 12.883905807474212 
178 10.294261009569484 
179 9.154031497712749 
180 15.834672928598126 
181 18.89462303589448 
182 12.14346431342575 
183 23.473830311170808 
184 12.807739051306637 
185 19.62826002517701 
186 14.44304638726184 
187 16.923639327461196 
188 9.791699836349926 
189 16.67344050628886 
190 15.273731013914329 
191 12.76389121351645 
192 18.589630627675888 
193 15.635627560549183 
194 22.7851000374835 
195 9.672451883385527 
196 14.124661137097617 
197 14.479743981882644 
198 29.00524878116248 
199 32.97149595157613 
200 14.651566702763125 
201 16.606895677927177 
202 21.49106653344606 
203 21.214317867999252 
