0 3.7689887010421925 
1 3.8822416515639837 
2 5.614872309066009 
3 5.74259328984029 
4 9.404606443280477 
5 6.815640061489062 
6 5.2366941550293715 
7 5.228306096755294 
8 6.015339869318541 
9 6.597877946531804 
10 5.862060097833683 
11 8.480314116859722 
12 1.8622083462089003 
13 3.472318668527708 
14 4.7966368795072425 
15 5.584728193643139 
16 7.63931356799662 
17 0.8958732796432145 
18 1.4183002933443796 
19 6.4208194600717965 
20 4.961483274246989 
21 4.381027785234479 
22 5.778551746941475 
23 5.711851573437049 
24 4.982619118613141 
25 5.452692803201177 
26 7.237148694163768 
27 5.181665103879049 
28 7.195407898935349 
29 3.2399906685144244 
30 5.311692982589446 
31 5.547712957745734 
32 7.081635512993032 
33 1.6369267659106803 
34 5.929350561225933 
35 6.022379112445492 
36 5.517441692208527 
37 6.705318303680624 
38 5.046325617209683 
39 5.729203433448255 
40 5.44482869634753 
41 5.64686368672814 
42 7.475491646378196 
43 7.551562595647994 
44 4.925163837309933 
45 5.427292619080585 
46 5.019968307313734 
47 4.858708029493023 
48 4.997169190884223 
49 5.504682709672 
50 5.504682709672 
51 5.681291025186044 
52 5.3987972650135925 
53 5.775432644113727 
54 4.957548307180241 
55 5.029991881121389 
56 5.481023625237017 
57 5.314189784166281 
58 5.229798965337949 
59 5.381597399981267 
60 5.838778427875988 
61 4.767879959076958 
62 4.94238310708899 
63 5.593494200204306 
64 5.560856739431625 
65 5.171283578850811 
66 5.744622510878244 
67 5.844970401007815 
68 5.9507769925641965 
69 4.786078700983049 
70 3.801216409841845 
71 8.281903949514456 
72 5.664296585597739 
73 5.745346455991836 
74 5.0694049621937305 
75 5.5366183666707585 
76 5.792181535963056 
77 4.682140947456433 
78 6.149509936881923 
79 5.4699513556514825 
80 5.071329598022881 
81 5.71004753943922 
82 5.4081740805545495 
83 5.181671505343134 
84 5.015046440220771 
85 5.425453284851872 
86 4.942074460376132 
87 4.625798482442209 
88 8.597193098967141 
89 5.569222516405045 
90 5.819828720174499 
91 2.5372140094391553 
92 5.395720528623934 
93 6.097214004840785 
94 5.391822352715834 
95 5.51707156020262 
96 4.7226664805060565 
97 6.478510019801735 
98 5.863625370294516 
99 4.769587836954235 
100 5.723457241613642 
101 8.099629421499733 
102 5.072875267594732 
103 5.856314280049483 
104 5.639476161024014 
105 5.212931707341324 
106 5.82561640943587 
107 5.687831986515093 
108 5.750379766272368 
109 5.566790673846076 
110 5.01143322098054 
111 5.832696891400664 
112 4.85711572623324 
113 5.727693452685771 
114 4.762774472743211 
115 5.008530841907164 
116 4.673595209522122 
117 5.87228632951303 
118 5.348444931842236 
119 5.039219926663879 
120 1.7848565430847354 
121 5.580010270519087 
122 3.121045213925669 
123 5.451913165662975 
124 4.584610205210381 
125 5.691799327726987 
126 5.050135274576688 
127 4.437304083526142 
128 5.265594458093601 
129 4.95251409841021 
130 5.480307470787531 
131 5.796704382593457 
132 5.279905336169891 
133 5.656573503153102 
134 4.843329530390441 
135 5.738986705781261 
136 6.043909552546789 
137 5.44525989040164 
138 5.2577858228076595 
139 5.750529561529908 
140 5.483330914776597 
141 4.916302327162419 
142 4.893096963559919 
143 5.181876360545479 
144 5.882218307883901 
145 6.00768022092452 
146 4.8430275388257025 
147 6.0014566142161545 
148 5.654880452573364 
149 5.371418033542676 
150 5.196565609009701 
151 5.668522250107781 
152 5.245981686672245 
153 5.674573152582731 
154 5.721872228967436 
155 6.066831561437767 
156 5.71566556649669 
157 5.301441043122593 
158 5.124078245869515 
159 5.510033998413057 
160 4.549832458109104 
161 5.734310401399978 
162 5.632304578970762 
163 5.523792465850844 
164 4.881945559893197 
165 5.804325112749908 
166 5.4172196720972705 
167 6.960148817574015 
168 5.390789795000321 
169 5.474120536774706 
170 6.544825842854423 
171 4.955047485383433 
172 4.993123940496371 
173 5.566916279329045 
174 5.233551194994922 
175 5.812368611049906 
176 1.5514514488966222 
177 5.4478767939087955 
178 5.592248750368323 
179 7.705981348246897 
180 5.119693768317081 
181 4.6980158650152 
182 5.31677654804717 
183 5.755279750265857 
184 8.446058087108511 
185 6.027043571475786 
186 5.403499008013192 
187 5.36101670435126 
188 4.852114924551264 
189 5.058058540914967 
190 4.852114924551264 
191 5.058058540914967 
192 4.432155631990786 
193 4.468642926546545 
194 6.32429490127487 
195 4.803476026161816 
196 5.0364969463797244 
197 6.131584140902187 
198 4.972128934057089 
199 5.194203817475483 
200 5.462990725050699 
201 8.11456297907082 
202 6.047412662024021 
203 5.825033886629781 
204 5.618452479026098 
205 5.384713349629234 
206 5.365591067718728 
207 5.507559542724482 
208 5.17896509699669 
209 5.280111385406347 
210 5.433599336718831 
211 5.908435744431484 
212 7.1831466889532445 
213 1.7951049486780144 
214 5.5789192259245315 
215 5.734874919329257 
216 5.347149413564508 
217 5.477988415299119 
218 5.197248161145145 
219 5.145312020805476 
220 8.573784599786181 
221 4.942965564381172 
222 5.936778038061132 
223 5.627490863034063 
224 5.062704669203871 
225 5.68238398968195 
226 5.571212441206982 
227 5.343314270863722 
228 5.017074040138468 
229 5.021669194879083 
230 5.856747687981132 
231 6.095202664605047 
232 5.614150810807193 
233 5.368427384930839 
234 5.0711517837819535 
235 5.461767145567552 
236 5.3038276090120595 
237 5.412263553227702 
238 5.0771184296693335 
239 5.439575033200531 
240 4.141369021171387 
241 5.511062057366602 
242 4.880888876476146 
243 4.619506473338436 
244 9.678656808720774 
245 5.310065605068124 
246 5.615669178851589 
247 5.418605372221132 
248 5.490961647221466 
249 8.193952465235856 
250 5.682491769519448 
251 5.844229276714093 
252 5.505448607723871 
253 5.5367718497866765 
254 5.021795455089677 
255 5.179962875918377 
256 5.820555591019731 
257 5.45797895043671 
258 4.904219146816581 
259 5.227817351256691 
260 5.41398912633791 
261 4.2996805714449735 
262 5.165373569588327 
263 5.131532166404236 
264 5.384568180972053 
265 5.52804415788447 
266 5.532141867918805 
267 5.641342095564995 
268 4.99180470295321 
269 5.382778410899272 
270 5.10342880782615 
271 4.330091334147532 
272 8.951916284092825 
273 5.7705538724846805 
274 4.975762414481575 
275 5.375148978488147 
