0 7.735599622285175 
1 10.076817551707817 
2 18.603317661669475 
3 13.854658844669943 
4 20.587865133242033 
5 9.149478644038219 
6 20.273601276071247 
7 20.976869101620913 
8 9.991267207721828 
9 13.499443196374662 
10 10.46454313878611 
11 8.737296009132459 
12 18.60810463083735 
13 9.286069469997365 
14 16.118114079078328 
15 10.678642988988607 
16 15.795078047035343 
17 15.256397292313064 
18 16.430982340128807 
19 19.708871168584626 
20 16.711240024383734 
21 14.584875808038834 
22 19.451754426646136 
23 20.55245543370672 
24 17.22103655407153 
25 31.35295304873035 
26 15.027153682174013 
27 10.869958689894315 
28 9.08097809378234 
29 17.443995275407165 
30 11.137439424315247 
31 13.266228919168533 
32 12.830580699237379 
33 9.58209643998602 
34 16.661849355065527 
35 14.370944973617489 
36 13.394341189244427 
37 15.512569300357644 
38 33.03720157218586 
39 12.48445955197314 
40 22.232668097850574 
41 12.495989894295281 
42 9.106451346762602 
43 21.80388324279365 
44 39.63246716432013 
45 15.691960043398556 
46 23.13473323074038 
47 17.017019843636525 
48 35.10200938998569 
49 20.01710445937691 
50 9.008907303473354 
51 16.177921091101247 
52 16.045109733098194 
53 16.204547298472 
54 19.032403562985248 
55 20.171808646220583 
56 14.562190350210223 
57 30.13950547200046 
58 10.162860514309113 
59 18.979867594021368 
60 14.701999383079555 
61 16.789438711381887 
62 11.333261278398652 
63 32.41322710025425 
64 26.99436853588369 
65 12.868055235973946 
66 11.319803091804129 
67 11.582667576128289 
68 17.843242691352142 
69 23.183453277175296 
70 16.109509068143584 
71 12.752520522955306 
72 12.992903055929867 
73 14.421890526735641 
74 16.796632907641232 
75 17.916795885501433 
76 13.440309675103903 
77 23.218103715513042 
78 9.231682139728573 
79 13.990200231485343 
80 7.853016564282785 
81 12.670809404841386 
82 15.594585048278734 
83 15.060986469794031 
84 22.848650916004335 
85 19.0914859236669 
86 16.191660779567712 
87 13.61384785663976 
88 22.371888351352936 
89 15.489425189726166 
90 12.625003762544322 
91 14.966027367932776 
92 18.48329837302357 
93 12.764978893964617 
94 14.701999383079555 
95 10.182499702607103 
96 29.99681029858752 
97 22.193141472345243 
98 32.05821116835074 
99 19.237808681613032 
100 17.590753151762723 
101 12.072996902812799 
102 17.590753151762723 
103 12.072996902812799 
104 20.112707394264888 
105 28.878435692646654 
106 13.773764096232028 
107 15.001462840629058 
108 17.573064966188756 
109 29.031147041723194 
110 10.840964191742442 
111 12.424107063514162 
112 13.716064683856832 
113 8.475070670985392 
114 6.3826739852603485 
115 12.861505061129117 
116 18.618760348554865 
117 17.701966742635268 
118 25.346749095040398 
119 15.033617089912006 
120 23.758377704769458 
121 12.837649478603938 
122 17.4066401062417 
123 16.617357025415505 
124 10.045659650702714 
125 8.756375782881003 
126 15.419441646385847 
127 8.025271842598208 
128 17.805898360057228 
129 12.241818218964978 
130 9.278879358976344 
131 8.395492303689025 
132 11.670489768888741 
133 17.47699487478645 
134 32.817482610498644 
135 17.71999036751317 
136 9.066844214631278 
137 16.667940978942056 
138 9.766869565622367 
139 15.695013433718259 
140 9.617514807010142 
141 14.635922059069845 
142 11.000904872937479 
143 35.541635949191175 
144 23.27130690487419 
145 17.861327110285913 
146 18.190312214035103 
147 11.968167097059537 
148 22.841185215842813 
149 12.891746683551151 
150 17.857981010771915 
151 16.107591217889883 
152 13.972071207760367 
153 10.111507816926025 
154 12.60459189806467 
155 20.772622142980957 
156 6.5172358605344245 
157 13.519589735655414 
158 20.47150352636845 
159 11.88659525024089 
160 12.307916227723963 
161 25.674277389420077 
162 15.436125423229795 
163 12.501129610090786 
164 26.662496583201428 
165 14.690464849113171 
166 18.65694002099532 
167 17.56401355103203 
168 17.856916605643637 
169 13.659736334740243 
170 17.696514537177286 
171 18.16974527811471 
172 13.38079545200777 
173 22.735942844443 
174 15.331683548329318 
175 14.679667648973478 
176 27.539388845845753 
177 20.086412244448383 
178 9.565161072570456 
179 7.87886142361496 
