0 2.316886595282894 
1 3.6028752344615773 
2 3.0952259720768494 
3 4.012246362939511 
4 3.150655022267208 
5 3.1084444892854353 
6 3.841187144031862 
7 3.359897368871854 
8 3.6956406527196872 
9 3.3233051992201705 
10 3.923945021530693 
11 3.767718017761419 
12 3.339287958220363 
13 3.833650648161568 
14 3.275275087565361 
15 3.3268346129379713 
16 3.791110304232726 
17 4.073429443345501 
18 3.032203560346507 
19 2.930594420100955 
20 3.6312198580058896 
21 3.891460429593938 
22 3.4335088165976115 
23 3.3233192295200413 
24 3.6796247202270216 
25 3.973217137242734 
26 3.425919227270038 
27 4.21095240522837 
28 2.9529980435242003 
29 3.856881986336232 
30 3.585725053241114 
31 3.8881785032613236 
32 2.914563266951798 
33 3.620751715525726 
34 3.4384876709064622 
35 3.749556825838108 
36 3.3286263886262466 
37 4.0864767655678875 
38 3.5105401651603776 
39 3.427203711154146 
40 3.6885695552708544 
41 3.7008896391872304 
42 3.394998237045119 
43 3.0688493583833893 
44 3.272939820798075 
45 3.250706914748461 
46 3.8216577209808498 
47 3.3543146218219024 
48 3.383321111865692 
49 3.5086513435217195 
50 3.550385446872584 
51 4.100631061688449 
52 3.4611494057880092 
53 3.5542294980372096 
54 3.8066435284151052 
55 2.9083309706315235 
