0 3.5083793225568884 
1 3.911612951001067 
2 4.023516814139613 
3 3.9575653082224855 
4 3.89287194074002 
5 4.387991285809013 
6 4.153605506604286 
7 4.639832289531949 
8 3.6936982432164864 
9 4.358259901695013 
10 3.0509501263533965 
11 4.85 
12 4.0794193346144905 
13 4.4954724439733695 
14 3.4666912520570654 
15 4.352653435640183 
16 3.462741266623373 
17 4.85 
18 3.7766881919516035 
19 4.85 
20 3.782191584612615 
21 4.85 
22 4.151041986771683 
23 4.85 
24 4.585419844699506 
25 4.85 
26 4.85 
27 4.85 
28 4.85 
29 4.904644607256571 
30 4.85 
31 4.345764906155856 
32 4.3871231649448355 
33 4.168198042657411 
34 3.578290933154083 
35 4.85 
36 4.85 
37 4.85 
38 4.85 
39 4.280086532422313 
40 4.375575114538207 
41 4.60491434075367 
42 4.85 
43 3.969386464952277 
44 4.85 
45 4.85 
46 4.91444310119872 
47 4.85 
48 4.85 
49 4.5505753570169185 
50 4.85 
51 4.573774404736162 
52 4.9153813049779425 
53 4.85 
54 4.85 
55 4.09823352054798 
56 4.142370733260328 
57 4.85 
58 4.85 
59 4.961499113940829 
60 4.722130178907292 
61 4.7745814080030895 
62 4.85 
63 4.211591152645591 
64 4.609814895026524 
65 3.509408054582747 
66 4.85 
67 3.771405276317848 
68 4.824338861357296 
69 3.7871913723369866 
70 3.81457696943617 
71 4.471950306322431 
72 4.85 
73 3.025519409906435 
74 3.0700988339087694 
75 3.9490624703373727 
76 3.619129818282082 
77 4.19302049790989 
78 3.654554963377219 
79 3.1555619027861024 
80 4.246118455808777 
81 3.4541016167245977 
82 4.27446840367148 
83 3.798981821128034 
84 3.7506706834969776 
85 3.052473441143505 
86 3.4776001210776313 
87 2.8076773714821184 
88 3.9151997794015276 
89 3.51685881550849 
90 3.989268246606184 
91 4.223619633813556 
92 3.5931699336701803 
93 4.205097702444858 
94 3.4448078209962767 
95 4.1063372012704615 
96 4.0470592880540135 
97 4.330507428921624 
98 4.038575793160901 
99 4.2554184794954475 
100 3.0259186951709047 
101 3.1822195631493244 
102 3.718447019732159 
103 3.774020227937592 
104 3.947155580824672 
105 3.774020227937592 
106 4.338776564583329 
107 4.20070206797366 
108 3.3958700293287434 
109 3.25001278743265 
110 4.180310238448928 
111 4.03575551954298 
112 4.085809963798238 
113 3.7545805412620235 
114 3.7888029119407234 
115 3.7996358923882156 
116 3.299799747550527 
117 4.260690347538658 
118 3.808133248988356 
119 4.85 
120 4.377772349374726 
121 4.276377026002576 
122 4.6211023800683995 
123 4.85 
124 4.256065836707929 
125 4.784094722444484 
126 3.7969240865445966 
127 4.85 
128 3.3980957222735224 
129 4.125637043401012 
130 3.624763869700331 
131 4.288335748242249 
132 3.394015872529169 
133 4.261492745735938 
134 3.6111725673552315 
135 4.834252476301323 
136 4.072337400955655 
137 4.703433582836716 
138 3.5306077433115663 
139 4.85 
140 3.9706830503564206 
141 4.85 
142 3.9702487165954636 
143 4.85 
144 3.8243713978448874 
145 4.037138929788008 
146 3.855252881871051 
147 4.002174645649457 
148 3.2793426366899445 
149 3.6768516648946266 
150 3.6481836603955387 
151 4.85 
152 3.9895637623659015 
153 4.85 
154 3.7965432599901394 
155 4.85 
156 3.7457380548301376 
157 4.165727953659096 
158 3.596908309176954 
159 4.85 
160 3.3842779831989214 
161 4.374603949614041 
162 3.7838339180698366 
163 4.85 
164 3.4120637919826073 
165 4.056927438279048 
166 3.633417917375171 
167 4.821196044847442 
168 3.7584118544175067 
169 4.85 
170 3.8532780731012592 
171 4.85 
