0 0.9446373200595891 
1 1.062451812698103 
2 0.9660844494043622 
3 1.127519012165361 
4 0.909618748021119 
5 1.1239810531791676 
6 4.651203764017228 
7 1.1037751742507225 
8 5.0472407224616855 
9 1.0405436055169273 
10 4.935260333141828 
11 11.516666573623267 
12 11.368647565982933 
13 11.4186058660764 
14 12.1696372255186 
15 11.4377402962932 
16 12.8306308960774 
17 1.1442288139208303 
18 12.622260675702 
19 1.1792749509265636 
20 12.393907521741333 
21 1.2081139797250968 
22 12.433169552561466 
23 1.2419855716651151 
24 11.909104003912534 
25 1.0983194292060108 
26 12.153166334511534 
27 1.0243657655258216 
28 11.981413723869068 
29 0.9843768103178108 
30 1.089179766988994 
31 0.9659131012285243 
32 1.1764225838120665 
33 0.968309363723535 
34 1.0747173028277406 
35 0.9545113531238109 
36 1.0754251727591515 
37 1.0062821606524812 
38 1.0551223409440378 
39 1.040021049082573 
40 1.0702455860864595 
41 1.0538799156153296 
42 1.008735859179427 
43 1.0637366879635728 
44 1.1278317640805515 
45 1.0933633280580433 
46 1.0567806059580303 
47 1.0330691310959406 
48 1.0558130176778668 
49 1.0118620941268215 
50 1.113423828902509 
51 0.9837712616144433 
52 1.110182184627697 
53 1.0743175478176121 
54 1.1281825938556485 
55 1.079712181072885 
56 1.1485908628137516 
57 1.1144424528396666 
58 1.0475127208773947 
59 1.0126911652254054 
60 1.0632748509168486 
61 1.0185126391812487 
62 1.109338215013638 
63 1.0130652481481135 
64 1.1057442389233676 
65 1.008208625718 
66 1.1374954235168648 
67 1.0443207564400379 
68 1.1281550014897028 
69 1.0197587452498431 
70 1.126164844901973 
71 1.033699283779427 
72 1.1517165629078974 
73 1.0416477836299785 
74 1.1474958887250541 
75 1.0465990592118108 
76 1.2471323842559092 
77 0.9906489739616215 
78 1.2717624226480182 
79 1.114478964859685 
80 1.266097365715018 
81 1.1036294824807273 
82 1.2598787837851273 
83 1.1476592533703271 
84 1.109663762357081 
85 1.0255894108990162 
86 1.1265228347210594 
87 5.4614987472199426 
88 1.078993902057065 
89 0.9924664412901676 
90 1.056205293367865 
91 1.0179156776897567 
92 1.0450659671187406 
93 1.0693654357671947 
94 1.1484296204171394 
95 1.0407865202611082 
96 1.0289656311109296 
97 1.0527546589011187 
98 1.0733049141998703 
99 1.1112836485305244 
100 1.0467829062569514 
101 1.118450139504135 
102 1.0695715149461569 
103 1.118450139504135 
104 1.0902569422123134 
105 1.1397027216322975 
106 1.079708707865573 
107 1.2535709384941636 
108 1.0676992942190702 
109 1.2200972816564788 
110 1.1053606284111082 
111 1.2133410953904666 
112 1.0904169253433622 
113 1.215332483426103 
114 1.0797414376781513 
115 1.1928666172020668 
116 1.174935098321503 
117 1.1583342750520667 
118 1.1753987535499697 
119 1.0520513149787298 
120 1.1762944858043516 
121 1.0388780427854107 
122 1.1853159427259092 
123 1.0371019399428107 
124 1.1850979904013454 
125 1.0415970761462379 
126 1.2124504334968484 
127 1.0734617068396433 
128 1.3015586760614968 
129 1.0919950842922055 
130 1.2895551637739613 
131 1.1111941442362971 
132 1.3041444208479678 
133 1.0904880036486433 
134 1.2391697948262606 
135 1.0965060312131947 
136 1.204510824515388 
137 1.0608074567281298 
138 1.1874630627699696 
139 1.0391627142422108 
140 1.1544278483820243 
141 0.9775002841383459 
142 1.1150306605794604 
143 0.9609612509041622 
144 1.0922160505290062 
145 1.0602680900205332 
146 1.1286665983205637 
147 1.144794062078206 
148 1.0363161920715298 
149 1.1496179980197152 
150 1.0808141216456109 
151 1.1664141133901453 
152 1.1168516097021515 
153 1.0184880222565513 
154 1.1941577440861784 
155 1.060204290666746 
156 1.209293249712238 
157 1.0010927134160972 
158 1.2590236544800486 
159 0.999133019793746 
160 1.2210472862699242 
161 1.0754300181768304 
162 1.217693718942892 
163 1.0611028687057698 
164 1.1846261052043947 
165 1.005639203223788 
166 1.1594712780683298 
167 1.0774425703005153 
168 1.1139954035283082 
169 1.1031970460784484 
170 1.1461957824703353 
171 1.0172837023323404 
172 1.122667260816708 
173 1.0347475745379136 
174 1.0910479557244053 
175 1.114155403736346 
176 1.0866103595041945 
177 1.0829799800017783 
178 1.1079648615483029 
179 1.0965989930202864 
180 1.1286216020206759 
181 1.1075083914472323 
182 1.128363214524665 
183 1.1608050069457243 
184 1.2414313220219635 
185 1.0798709279892054 
186 1.229148810192994 
187 1.0726791090798973 
188 1.0914881022335134 
189 1.090889942915 
190 1.0321867359030756 
191 1.0268882297091946 
192 1.0321867359030756 
193 1.0070175855975458 
194 1.0184392483671623 
195 1.0125443021834974 
196 1.0668662455192703 
197 1.0088892080579945 
198 1.0911349867296596 
199 0.9968157628234 
200 1.1533981105598108 
201 0.9809335945287135 
202 1.215764500285962 
203 1.0258388914529406 
204 1.2024077798784867 
205 1.126337213918782 
206 1.2148232169978217 
207 1.0857836223838364 
208 1.1703628219043027 
209 1.117279090097709 
210 1.1619708765025134 
211 1.1065626328809697 
212 1.1368204454555026 
213 1.092473189213206 
214 1.2291568307156546 
215 1.0565933180284486 
216 1.2443706090145998 
217 1.0389654716139696 
218 1.098822233867173 
219 1.0083041918978788 
220 1.1045108092652594 
221 0.9385620880290054 
222 1.1471373295306648 
223 1.0711307223031759 
224 1.1801531140774864 
225 1.0654068548125333 
226 1.1653772770062487 
227 1.033008965768162 
228 1.165244946451373 
229 1.1029992662445947 
230 1.172203285979108 
231 1.1583901858839514 
232 1.1680839171681892 
233 1.1813188972322324 
234 1.1733103604804054 
235 1.212285149363481 
236 1.2305567813512595 
237 1.206652990457227 
238 1.2235899591878054 
239 1.1944351624336755 
240 1.2166316196600702 
241 1.1501097939176539 
242 1.1900601629335568 
243 1.163403029639357 
244 1.3115370975741818 
245 1.1349723973746595 
246 1.3476218630662726 
247 1.1127037811430163 
248 1.305606588593394 
249 1.0929852172729244 
250 1.3016467528644604 
251 1.0674216552090052 
252 1.2792789189970606 
253 1.0647385522161947 
254 1.2855542510510243 
255 1.1165387179597623 
256 1.2452566758724788 
257 1.0724221089626702 
258 1.2288746661718424 
259 1.1153001859329574 
260 1.1730769287171696 
261 1.0761317586331394 
262 1.1342153092552243 
263 1.0290865455639817 
264 1.1151117580236303 
265 0.9693606666111939 
266 1.0337234331666594 
267 1.0062975477274303 
268 1.0903826950154325 
269 1.0092612856858183 
270 1.143679990017027 
271 1.0424470592215636 
272 1.190016267035773 
273 1.0774408973145515 
274 1.2587015186749622 
275 1.1487244190229453 
276 1.2093144985348108 
277 1.124481020923285 
278 1.196319811604962 
279 1.2133232408153272 
280 1.122961333371573 
281 1.1882175016573153 
282 1.0639622242211297 
283 1.1925605742779577 
284 1.026985733561092 
285 1.1450897263924364 
286 1.085637272001827 
287 1.1041105716675188 
288 1.0474901171233622 
289 1.0852448995048163 
290 1.0598417899638433 
291 1.0982242362518757 
292 1.111002302792681 
293 1.1476747403303782 
294 1.0967272992584647 
295 1.1307086376033568 
296 1.0737307295879082 
297 1.1307086376033568 
298 1.064098229258189 
299 1.1368897039131567 
300 1.0095798492762216 
301 1.1255615510471406 
302 1.1551438284051516 
303 1.1012583079518432 
304 1.158775624375588 
305 1.1099108765943837 
306 1.1734742090255093 
307 1.0234047973278595 
308 1.236787165378291 
309 1.0045648054279404 
310 1.2346616873973577 
311 1.1118380602751394 
312 1.248866541462206 
313 1.1803452375583332 
314 1.2680221120158484 
315 1.2003912483251817 
316 1.1049139124198648 
317 1.189719798653188 
318 1.0878090029519243 
319 1.225065559769988 
320 1.0889307444304865 
321 1.1963273281310969 
322 1.072008498327108 
323 1.0910960160053393 
324 1.0558160726317243 
325 1.1043568079825758 
326 1.0677180635108052 
327 1.1828611202452606 
328 1.0891290026940161 
329 1.1540933578865697 
330 1.1149918407076973 
331 1.1762246890952 
332 1.1961942535219459 
333 1.207666573166188 
334 1.2098394378254271 
335 1.205947958819176 
336 1.1800984823195135 
337 1.2351067608606423 
338 1.158767237668508 
339 1.2198826370299274 
340 1.1304933350411135 
341 1.2539543045223394 
342 1.106560129491546 
343 1.288775817237406 
344 1.0980573258632433 
345 1.3343972235217394 
346 1.1059200589308378 
347 1.3173728265942908 
348 1.127251303581838 
349 1.344390667204097 
350 1.1517820271977677 
351 1.4043770571456666 
352 1.1164432583864972 
353 1.3516799969168969 
354 1.1147801096955838 
355 1.3071034338617273 
356 1.1141501556291622 
357 1.2833975193397333 
358 1.0768243195794973 
359 1.2640026865684788 
360 1.0372894987692107 
361 1.2119939308531817 
362 1.049472511792519 
363 1.257715968597406 
364 1.017891739753773 
365 1.2155433906435638 
366 0.9911551614421892 
367 1.1738707178749332 
368 1.0208878069873513 
369 1.1512724356451758 
370 1.031235773653892 
371 1.2032811913604726 
372 1.0505985134484161 
373 1.241577683889279 
374 1.0509922301536703 
375 1.1189662761142323 
376 1.0123485691267728 
377 1.1202063673179514 
378 0.9763329738304325 
379 1.112400729347757 
380 0.9949394905840703 
381 5.879832426552428 
382 0.9613682655324378 
383 5.879832426552428 
384 0.9372663920641676 
385 1.0738780741822107 
386 0.9782014066161622 
387 1.097836555786546 
388 1.021810192417 
389 1.1319382714027837 
390 0.9988423012521676 
391 1.1319382714027837 
392 1.0966641342513697 
393 1.034578077833865 
394 1.1230229087863939 
395 1.0539428773564161 
396 1.1356117828042849 
397 1.0307970972706433 
398 1.140473739785109 
399 1.0085713956039297 
400 1.0360669838101082 
401 0.970643985375 
402 1.0713738432942594 
403 1.0055063699690379 
404 1.0970056770661785 
405 1.010935687223411 
406 1.097695851374573 
407 1.1179834788470788 
408 1.0525518060195134 
409 0.9536126788286216 
410 1.041911007969881 
411 0.9011256235211946 
412 1.0446300109265945 
413 0.9848522786623999 
414 1.0509251026613566 
415 1.0450681871389333 
416 1.1054342020529784 
417 1.0530637133727758 
418 1.1207905166148595 
419 1.0592443516168062 
420 1.169665498552103 
421 1.075049581326806 
422 1.1838537754102432 
423 1.0795792488492606 
424 1.1804660296017837 
425 1.0636727263683514 
426 1.1348725457100053 
427 1.075878503658194 
428 1.1456311746145296 
429 0.9920121420328487 
430 1.1525805680224919 
431 1.0316893661337623 
432 1.124746063294389 
433 1.0556161604936485 
434 1.1856997636676703 
435 1.099152188827108 
436 1.1755558145886595 
437 1.1056827120697568 
438 1.1902485764673891 
439 1.1391305567901027 
440 1.1644583032595675 
441 1.1472161847865028 
442 1.1654947892752865 
443 1.158174010213054 
444 1.126917996720119 
445 1.1540294320978055 
446 1.127788631626827 
447 1.1281576472069352 
448 1.1262957978813513 
449 1.1073137613326431 
450 1.2273447470723695 
451 1.0668157489419026 
452 1.2159060012502243 
453 1.0280971293607406 
454 1.1807514101365575 
455 1.0034613218268216 
456 1.150671728085612 
457 0.9867715892110054 
458 1.1523455113759877 
459 1.0483718902241395 
460 0.9886519469431729 
461 0.9001666172261406 
462 0.9694025837922595 
463 0.8801912055499514 
464 0.9516868717383784 
465 0.869743237301627 
466 0.9759291524224054 
467 0.8776723042803838 
468 0.9759291524224054 
469 0.8632012054184757 
470 0.979524220655908 
471 0.8700110744585136 
472 0.9839003723066161 
473 0.8618052402545081 
474 0.9818580002182865 
475 0.9084969644808546 
476 1.012797051967962 
477 0.9639078917377879 
478 1.017042897638427 
479 0.9151304405320972 
480 1.0015989368869351 
481 0.9200511742810109 
482 1.067250843410535 
483 1.088929209783188 
484 1.0920136297665297 
485 0.9854411070048109 
486 1.1785565944967333 
487 0.986769348789919 
488 1.1617836761942546 
489 0.977056008965081 
490 1.1986264137546545 
491 1.0043538471428055 
492 1.191226976980097 
493 1.0035694947244325 
494 1.1985224213523396 
495 1.0112653452459783 
496 1.195697319477109 
497 5.2877450652196005 
498 1.1847504869534726 
499 5.514449829357857 
500 1.1688599031915274 
501 5.890573662022599 
502 1.144067797946012 
503 13.513511882568267 
504 1.0824721839382485 
505 5.6718349756001425 
506 1.1180579351624 
507 5.985495817909543 
508 1.141017192358 
509 1.0621261063362217 
510 1.2295908045313697 
511 0.9911414089340974 
512 1.301535151565388 
513 0.984399415046946 
514 1.325765198528103 
515 0.9950600115426161 
516 1.3152749598779758 
517 0.973067262496827 
518 1.2769297916886304 
519 0.9726494594428108 
520 1.281552851121788 
521 0.990043753915427 
522 1.2032338873485455 
523 1.0031730478931569 
524 1.2525466146754243 
525 1.0799059474861568 
526 1.2175183684564364 
527 1.0288073664380541 
528 1.2130198033153758 
529 5.634105916933457 
530 1.1874601196008363 
531 5.670401407827858 
532 1.1580890905081453 
533 1.025130576655881 
534 1.1595651063967394 
535 0.9647261376253569 
536 1.1964124871636 
537 0.9510571716736486 
538 13.631818425434068 
539 0.9537646510603082 
540 13.256487727281467 
541 1.0239633917080546 
542 13.3680553604498 
543 1.0449848445370848 
544 12.827129744834467 
545 1.0123510972376486 
546 1.1690142324873696 
547 1.0429434670364668 
548 1.095866855864897 
549 1.0558620492293938 
550 1.0302820046797272 
551 1.0293917952345806 
552 1.0528308837854665 
553 32.6097002927328 
554 1.0724799463286545 
555 11.049059104999401 
556 1.0869369809871514 
557 10.949065745186 
558 0.9687715558031945 
559 11.322492269472468 
560 1.021959969246346 
561 12.003702078559867 
562 1.076721379492427 
563 12.433741746854267 
564 1.0973985021499135 
565 12.6286557584228 
566 1.0617993784310487 
567 5.112421301562571 
568 1.0693122055131243 
569 5.023297453064972 
570 1.0437411691825729 
571 0.9449025615284323 
572 0.9989686234391513 
573 0.9035310197519082 
574 1.0959450883218729 
575 0.8920645694902649 
576 1.2508450733501355 
577 0.9525156096353623 
578 1.2648102658389677 
579 0.9791720247679567 
580 1.2477665902321677 
581 0.9731477181384541 
582 1.117352717420315 
583 0.9164771263349838 
584 1.1263173449887758 
585 0.9684137465860595 
586 1.0729503865212968 
587 0.9935846114889945 
588 1.1027505088452485 
589 1.0072274424546757 
590 1.2162690226932302 
591 1.0579479652885784 
592 1.2978423770417817 
593 1.0621949447240864 
594 1.3086785493457211 
595 1.0608876320572702 
596 1.3214057491439757 
597 1.1473834833068426 
598 1.343949283402109 
599 0.9796134289304325 
600 1.343949283402109 
601 0.967885889482254 
602 1.3382395499227393 
603 0.9623008124357676 
604 1.310059762754285 
605 0.8867513744080703 
606 1.2332812669464364 
607 0.9587820812786424 
608 1.1414900282347151 
609 0.941167859641806 
610 1.1385514639178544 
611 0.9436929131497211 
612 0.9895761920612324 
613 0.9641492852251455 
614 0.9813055711651459 
615 0.9361070198051333 
616 1.0559745454591405 
617 0.9670839765510001 
618 1.0728699345182755 
619 1.0435923680782904 
620 1.0203038380340108 
621 1.0163025678301743 
622 1.022224025049919 
623 1.0493435331045677 
624 1.0920494030121892 
625 1.0450513751595516 
626 1.0565690611183567 
627 1.0433907662368243 
628 1.050892133734946 
629 1.0605008076443636 
630 1.0360150678733298 
631 1.0819811440323515 
632 1.0189513669505783 
633 1.0713063683876423 
634 0.9783055666470594 
635 1.1094589263267698 
636 1.0022735218455892 
637 1.1967383378413574 
638 1.013444366181681 
639 1.0893060837041677 
640 1.0457925672073947 
641 1.1289991968543136 
642 5.6791233509392285 
643 1.1361279879595838 
644 5.802901656059 
645 1.1274932414244485 
646 5.610457469811486 
647 5.959607133243514 
648 1.0673181993871568 
649 6.235438744669914 
650 1.0061325310613136 
651 1.1106273950980379 
652 0.9761655527861082 
653 1.073766548632227 
654 0.9582973548647999 
655 1.0739151719859188 
656 1.0062137834564053 
657 1.0620381404896486 
658 5.464060332621429 
659 1.0141815552223838 
660 5.9250097605820855 
661 1.0945438766481512 
662 1.118385010865092 
663 1.0674068883676053 
664 1.100357424121881 
665 1.0300576230379188 
666 1.0597181227247512 
667 0.9931644620468324 
668 1.0877129593356487 
669 0.9911197597026594 
670 1.0436026748054756 
671 0.9317670962413945 
672 1.0435714229500541 
673 0.9622738914107243 
674 1.0581795057696162 
675 0.9754774461575892 
676 1.0707880685690918 
677 0.9430410974556325 
678 1.0152750581657837 
679 0.9169686955100216 
680 1.0234333365749568 
681 0.9499725148506486 
682 1.051699937232108 
683 5.111170114686629 
684 1.031712739865616 
685 5.059704287768457 
686 1.012692283070081 
687 0.9592934812157242 
688 0.9920293761802541 
689 0.9578014677911458 
690 0.9973569120056919 
691 0.9812729491479946 
692 0.9630244340071568 
693 0.9902759642477081 
694 0.9369133611993837 
695 0.9687756008715298 
696 0.9216749078586919 
697 0.9514300644627945 
698 0.9270123009313512 
699 0.9527502566811513 
700 0.913576213956865 
701 0.9181640698616054 
702 0.8896649517157189 
703 0.9156580741745135 
704 0.8929225374745352 
705 0.915812229406092 
706 1.0078800794621152 
707 0.9380897268958487 
708 0.9974085808978121 
709 0.9693066724041676 
710 1.0209881702627879 
711 1.0223417877958973 
712 1.026729106990085 
713 1.0079887391135136 
714 1.039586041165806 
715 1.065306708010519 
716 1.018045537136303 
717 1.053363699483854 
718 0.9991176087845274 
719 1.088420078489119 
720 0.9780227362378363 
721 1.0647721222118596 
722 0.9700143867384545 
723 1.077740603924081 
724 0.9614210056040061 
725 1.0401234384834162 
726 0.8959727238951514 
727 1.0429812993966971 
728 0.9176750983039892 
729 1.0145557685597946 
730 0.9406530148467135 
731 0.9905467898643567 
732 0.9416381709481567 
733 0.9387898928857136 
734 0.9591620390268756 
735 0.9271938953705298 
736 0.9317824725565242 
737 0.8997110110908919 
738 1.0373824270661758 
739 0.8808520115020325 
740 0.9912568325664122 
741 0.851716399970454 
742 0.9408004556860727 
743 0.8306736866465352 
744 0.8257515368249622 
745 0.8379800442959784 
746 0.8307404438039893 
747 0.9735221877331272 
748 0.8180280846472379 
749 1.0376069912783334 
750 0.8422244487707838 
751 0.9862119172327136 
752 0.9422100949530703 
753 1.038407634045735 
754 0.9668066012684055 
755 1.0398239971971945 
756 1.0230060981452973 
757 1.0271716364105352 
758 1.0171343762960539 
759 0.9554676762697677 
760 1.0730245995845245 
761 1.0674544307378606 
762 5.630199574912915 
763 1.051391595181103 
764 5.713014673240686 
765 0.9518028006372161 
766 5.397575116762085 
767 0.9621114335591027 
768 1.0115988546796593 
769 0.9772354975347244 
770 1.0438858858826787 
771 1.0437776742597271 
772 0.9768046041214122 
773 1.0288287669588183 
774 0.9331629239508182 
775 0.9164082368439136 
776 0.9781557403824426 
777 0.9511811050246108 
778 1.0146665269374848 
779 0.9682345024567351 
780 1.0491602433494727 
781 1.0055547740712594 
782 1.2167525307965612 
783 1.065847081752897 
784 1.278014574636858 
785 1.079381855049973 
786 1.1317043344175453 
787 1.0163704248928216 
788 1.1835696942967515 
789 1.0558969236258486 
790 1.2297133205408848 
791 1.0563354303275947 
792 1.0448987246456054 
793 1.0382401659298648 
794 1.0475795464734325 
795 1.035593424413692 
796 1.2519423314406486 
797 1.1052141166734757 
798 1.2697036783563396 
799 5.841846045274086 
800 1.3144619951031091 
801 5.871376918728686 
802 1.3147828084439395 
803 5.868724514689829 
804 1.3500739536345456 
805 5.8841743965396 
806 1.4619212892621871 
807 1.0894635290851133 
808 1.3884201839998969 
809 1.0894635290851133 
810 1.3884201839998969 
811 1.137093579210346 
812 1.3211255941188547 
813 1.2360137113789333 
814 1.2927861728845333 
815 1.2128751638222242 
816 1.2819575757419392 
817 13.646345795224732 
818 1.2490736368617879 
819 12.576119331416 
820 1.2490736368617879 
821 12.050045116348599 
822 1.327677572663194 
823 1.1511825962250788 
824 1.3560169938975213 
825 1.1387153430067092 
826 1.307139335200218 
827 1.1393572283872788 
828 1.3980051668146323 
829 1.1926379875815576 
830 1.3215292612872727 
831 1.2037241865102364 
832 1.1534600638840973 
833 5.5804503640084855 
834 1.1534600638840973 
835 5.851325876771858 
836 1.1929140587104108 
837 6.062409792521286 
838 1.1455277343026757 
839 6.029400669659771 
840 1.2761279005446182 
841 6.205736946039457 
842 1.3887933840547615 
843 6.286899416731972 
844 1.3037539589792606 
845 6.471177128264943 
846 1.200896773257594 
847 5.942287070744029 
848 1.159817039177412 
849 5.587515583989914 
850 1.1398665256928362 
851 5.4265546082866285 
852 1.081925276912606 
853 5.603104802037914 
854 1.000235542356188 
855 1.1027157373092302 
856 1.0753523160656242 
857 1.123185289817915 
858 1.1963078645847454 
859 1.1690928981372728 
860 1.0672849572188379 
861 1.153703841110315 
862 1.118656604919908 
863 0.9683659618903785 
864 1.1826754063504001 
865 0.9939954316957135 
866 1.2000965014861351 
867 1.1269069346677576 
868 1.1846793963798756 
869 0.986469486079827 
870 1.3478824462195758 
871 0.9900311418202216 
872 1.3330680464943394 
873 0.9622927412023514 
874 1.248713862949315 
875 0.9526727360306866 
876 1.2263733077706 
877 0.9813448471389405 
878 1.2436591528897394 
879 1.1599658599563212 
880 1.2242502197168847 
881 1.1392554577284062 
882 1.2839736481970425 
883 1.1822354182380668 
884 1.3360614285481758 
885 1.250107057377909 
886 1.1972842676124216 
887 1.2574672787202426 
888 1.1582555178833351 
889 1.236370308995715 
890 1.1597282919960594 
891 1.211953728806994 
892 1.1452508444635567 
893 1.174247142754097 
894 1.1208264530662972 
895 1.1005694697503514 
896 1.1103948325304487 
897 1.093651376639188 
898 1.1035250725696324 
899 1.1563050541046243 
900 1.0496555950244595 
901 1.151650919164109 
902 1.0638115834811948 
903 1.1828667079365638 
904 1.0885113928761676 
905 1.256544380940309 
906 1.0889533795447242 
907 1.250279881908491 
908 1.0836357230549567 
909 1.2422333552775637 
910 1.122996378200308 
911 1.293826368664194 
912 1.1182897499970001 
913 1.3577683473594606 
914 1.1564081469239837 
915 1.3118502772811091 
916 1.163899665155173 
917 1.3105988055467395 
918 1.2052261142423568 
919 1.3653477247816423 
920 1.1795722018262378 
921 1.3495256120402122 
922 1.1825658821673568 
923 1.3164360714368486 
924 1.1825658821673568 
925 1.1413613137604757 
926 1.1473390846614377 
927 1.0778922382194758 
928 1.1214859768072487 
929 1.025925479024 
930 1.2344460081540303 
931 0.9904151621620919 
932 1.2242312557660304 
933 1.019063068457708 
934 1.2242312557660304 
935 1.0295812155032649 
936 1.2386205508862302 
937 1.035891858086319 
938 1.2676857858349515 
939 5.846340225642171 
940 1.1380122509315675 
941 6.017409015882685 
942 1.147122705764108 
943 6.017409015882685 
944 6.023902643635772 
945 6.0989330229081995 
946 6.029297857155686 
947 6.202101682882685 
948 6.067864163796942 
949 6.202101682882685 
950 6.204307866089743 
951 6.308562903090629 
952 6.204307866089743 
953 6.308562903090629 
954 6.206910154962886 
955 1.1872780481621028 
956 6.150583861883686 
957 1.1749636029495458 
958 5.781949951216314 
959 1.114160556335908 
960 1.2133864616395031 
961 1.082512656390481 
962 1.2133864616395031 
963 1.082512656390481 
964 1.2295936321935577 
965 1.0489376053108594 
966 1.3106072223721696 
967 1.1097406519244974 
968 1.3434958276537152 
969 1.1163808272076488 
970 1.3409540919045575 
971 1.1189912187591082 
972 1.3057147957323394 
973 1.0612624136568434 
974 1.2973259762604 
975 1.1130243909316866 
976 1.2771907898933879 
977 1.1130243909316866 
978 1.1182245853310324 
979 1.1130957007578162 
980 5.864045215260972 
981 1.1162616320930054 
982 6.0320073610433145 
983 1.1739904371952703 
984 5.8887784535206 
985 1.1642268298508704 
986 1.1037604558445675 
987 1.1642268298508704 
988 1.0792027164476812 
989 1.127457514279519 
990 1.1029058867747406 
991 5.9939459642433714 
992 1.1055646346845298 
993 5.9939459642433714 
994 1.1258511954206811 
995 5.985283467266714 
996 6.203404682584858 
997 5.985283467266714 
998 6.370313952056457 
999 6.150973820425229 
1000 6.218384963957143 
1001 6.145577931384886 
1002 6.2024975468920855 
1003 6.163416049267085 
1004 6.260400875483742 
1005 6.275992631699343 
1006 6.015523193166572 
1007 6.109893191473314 
1008 6.106114063346857 
1009 6.112035122785029 
1010 6.317519601837543 
1011 6.293671334584771 
1012 6.089753835165486 
1013 6.037717082817429 
1014 5.942143104859629 
1015 5.746859151070943 
1016 6.028800982956143 
1017 5.889991220904685 
1018 5.6593785363865425 
1019 1.0612147443279945 
1020 1.1811431179492182 
1021 1.0354183650888973 
1022 1.2081593442563758 
1023 1.0535859228050486 
1024 1.2348245387236727 
1025 1.055200668551135 
1026 1.2186360959968545 
1027 1.0106348124401352 
1028 1.1802127160287272 
1029 5.244795916858058 
1030 1.1303519391880485 
1031 1.070503300106406 
1032 1.1516496633870725 
1033 1.0804896835354545 
1034 1.1516496633870725 
1035 1.0913458537696 
1036 1.1614607355356545 
1037 1.146185498280297 
1038 1.2255085906420484 
1039 1.2037842727073274 
1040 1.2837332871489453 
1041 5.941353147703057 
1042 1.2386099097010665 
1043 5.8027708802194 
1044 1.318520226455974 
1045 5.9517804480306 
1046 1.3154028765188128 
1047 5.8305504181169425 
1048 1.329433801141013 
1049 5.907421365505914 
1050 13.222043621195398 
1051 1.1982604852448242 
1052 12.592016851130467 
1053 1.1430938640651211 
1054 13.088374003057199 
1055 1.1985604571673514 
1056 13.168507947322333 
1057 1.2285438000328 
1058 12.857540095608135 
1059 1.0685718437391785 
1060 12.953589981476467 
1061 5.666501083963399 
1062 12.953589981476467 
1063 5.638606933756457 
1064 1.1506742607249576 
1065 1.0487652088659623 
1066 1.0102774668174326 
1067 1.0202891475881188 
1068 1.022329840521719 
1069 1.0347535091484703 
1070 1.0284445195951946 
1071 1.0509248352985514 
1072 0.9371433562666325 
1073 0.9698064949343622 
1074 0.9400199797049569 
1075 0.9924749565194865 
1076 0.955258820176227 
1077 0.9841753829455566 
1078 0.9274666810144704 
1079 0.9697796241219784 
1080 0.9121064016243242 
1081 0.9398182941789297 
1082 1.003407564952881 
1083 0.9858012663215892 
1084 1.0819496123316648 
1085 0.9900624988803783 
1086 1.1524991008668541 
1087 1.1538705968837153 
1088 1.1660286133024864 
1089 1.1834997482006182 
1090 1.1976618938191892 
1091 1.1109660787407838 
1092 1.1745682011175083 
1093 1.108473971659762 
1094 1.1497750857480595 
1095 1.1436093398812865 
1096 1.2250545022392485 
1097 1.1436093398812865 
1098 1.2051345610235698 
1099 1.1259822026724755 
1100 1.2076873468623939 
1101 1.109092659196881 
1102 1.192697785228715 
1103 1.115335473521238 
1104 1.1950951894724848 
1105 1.0856173458003133 
1106 1.2336368564410183 
1107 1.0856173458003133 
1108 1.0929672542621298 
1109 1.0820447019570325 
1110 1.1045396600091244 
1111 1.085691672108535 
1112 1.0489446184265243 
1113 1.062375138277535 
1114 1.0596832409262216 
1115 1.1514305055293756 
1116 1.0082056303845677 
1117 1.0750760592712 
1118 1.1013444297793515 
1119 1.0148977512129151 
1120 1.1435208322776 
1121 0.9885220782689577 
1122 1.1067086617396487 
1123 1.0029335950055271 
1124 1.0719160704633819 
1125 0.895137352340854 
1126 0.9716786001625729 
1127 0.958675986261 
1128 1.0237712186578811 
1129 1.0437789047348163 
1130 5.565278495971829 
1131 1.0931195374783784 
1132 5.865279566842514 
1133 6.1048428392745135 
1134 6.114587502827228 
1135 6.4458386618523145 
1136 6.3047187479512 
1137 6.469948272062943 
1138 1.1707443624292757 
1139 6.346947455208115 
1140 1.163104064294865 
1141 6.310736720138428 
1142 1.1675744376349135 
1143 6.084075299221801 
1144 1.103450821776962 
1145 6.114268376144686 
1146 1.127718511168411 
1147 6.114268376144686 
1148 1.1336519108994325 
1149 6.103713417642285 
1150 1.1396891034713568 
1151 1.1313720579344486 
1152 1.1177757521967893 
1153 1.1516071082363244 
1154 1.1776804993077135 
1155 1.1463597258436378 
1156 1.1647741947637027 
1157 1.1463597258436378 
1158 1.1715111136325351 
1159 1.119815903113373 
1160 1.162193623525054 
1161 1.1267183017722757 
1162 1.1796366014595676 
1163 1.115419218866654 
1164 1.1796366014595676 
1165 1.092914119055146 
1166 1.2973623481900969 
1167 1.0736723096609568 
1168 1.2824150371298908 
1169 1.0773327637152326 
1170 1.2774053708576485 
1171 1.0678445975374324 
1172 1.2774053708576485 
1173 1.078776626943411 
1174 1.2586145051600242 
1175 1.1008169054054378 
1176 1.2527931156091334 
1177 1.120058714799627 
1178 1.125319245632216 
1179 1.1263122293703947 
1180 1.1054810089562432 
1181 1.1136734196929297 
1182 1.0980488824584758 
1183 1.0813141858813298 
1184 1.1162078441055137 
1185 1.0505848401957945 
1186 6.0191546325848 
1187 1.0505848401957945 
1188 6.183485660683829 
1189 1.0967826207018325 
1190 6.306482964106828 
1191 1.1368919759086218 
1192 6.3457670613093144 
1193 1.1749673899723512 
1194 6.3383694880351715 
1195 1.1869893775298594 
1196 6.2256665205734 
1197 1.1923382765861352 
1198 6.006358425888143 
1199 6.123437236479343 
1200 5.9922884354671435 
1201 6.062008207362142 
1202 5.9922884354671435 
1203 5.983796719049543 
1204 5.789450298054057 
1205 5.9926215651595145 
1206 5.8584669877252 
1207 5.9087940426442005 
1208 5.951835436999086 
1209 6.056169858692599 
1210 5.862285945844914 
1211 5.950599882031343 
1212 5.626789137908314 
1213 5.916131531225171 
1214 5.536827240106257 
1215 13.375810802208534 
1216 5.4477682190286005 
1217 12.701640884703068 
1218 5.383688895116914 
1219 12.386235835073867 
1220 5.749659747624828 
1221 12.444705701432467 
1222 5.735563680797715 
1223 5.2104092399840285 
1224 5.883042566062314 
1225 5.208730358789057 
1226 5.983365416096686 
1227 5.110594186893343 
1228 5.966276286188228 
1229 11.909093740260198 
1230 5.739108285504942 
1231 11.991788156487267 
1232 1.1565687713607393 
1233 11.975272097610599 
1234 1.136484384148297 
1235 1.0631259959715575 
1236 1.1354994944989636 
1237 0.955287007322308 
1238 1.0238389787006648 
1239 0.9369104281963351 
1240 1.0122074010426325 
1241 0.9475281582045028 
1242 1.1136706082582002 
1243 1.0011133500068379 
1244 1.0641293925178217 
1245 0.9666136022336702 
1246 1.0569612638963892 
1247 1.108584000199891 
1248 1.068673812489065 
1249 1.1468546922215699 
1250 1.0764781404673784 
1251 1.1114001216376788 
1252 1.0274789895002217 
1253 1.0986225443172546 
1254 1.062310956421546 
1255 1.1344809414115515 
1256 1.0655119846765082 
1257 1.1466651294049637 
1258 1.083112360028146 
1259 1.1643837114606546 
1260 1.082460811407935 
1261 1.048620959935919 
1262 1.0690935634786973 
1263 1.052098417422065 
1264 1.033682124584881 
1265 1.0308183170544594 
1266 1.0334922294353082 
1267 1.0525861758086812 
1268 1.0053045139474703 
1269 1.0462811624221622 
1270 1.0010348756012433 
1271 1.191109056885703 
1272 5.4800325506506855 
1273 1.185887913336097 
1274 6.023889302158257 
1275 1.2965189591285213 
1276 5.939936168640999 
1277 1.2563209942197817 
1278 5.866075856633343 
1279 1.214502280659315 
1280 1.0783814832839784 
1281 1.184884525061594 
1282 1.044705699173789 
1283 1.1593514421036728 
1284 0.977349838971454 
1285 1.0928904545961635 
1286 0.9791140254701729 
1287 1.0866819166088788 
1288 0.971886731055211 
1289 1.0897826351287576 
1290 1.0019407114482757 
1291 1.135639987362212 
1292 1.038036798513108 
1293 1.183774985216115 
1294 1.0622704333496433 
1295 13.644416028771333 
1296 1.0998033123830757 
1297 1.2689199632727757 
1298 1.1203722116214971 
1299 1.2977211489652423 
1300 6.099716935513172 
1301 1.2898754555039453 
1302 5.788020331704057 
1303 1.1040441302821136 
1304 5.8329902222777426 
1305 1.112815454973081 
1306 5.621829509950286 
1307 1.0780587608112 
1308 5.546338726503914 
1309 1.0624384978474108 
1310 5.430467890794715 
1311 1.0581568127435026 
1312 5.501669615651686 
1313 1.0741055964422486 
1314 5.370940561429714 
1315 1.0587120256526055 
1316 5.5844268384638855 
1317 1.1140022729247838 
1318 5.814061701957029 
1319 1.1317604457967891 
1320 13.159836101108601 
1321 1.1128646943638865 
1322 5.675834329270143 
1323 1.1215684581563243 
1324 1.0632838939938758 
1325 1.0670932792706973 
1326 1.0541443142650486 
1327 5.603204643806515 
1328 1.038972810006054 
1329 1.0383823270274704 
1330 1.0656969962513405 
1331 1.0517232616602918 
1332 1.180056030001079 
1333 1.0286673651245188 
1334 1.2106381175774485 
1335 1.0492069667956918 
1336 1.1998261834327877 
1337 1.0686905320713027 
1338 1.1818639094521637 
1339 1.0526978644172433 
1340 1.0205298403196648 
1341 1.025631620143892 
1342 1.0139912374313784 
1343 1.0321000047158 
1344 0.9853165108537406 
1345 1.0143409323276864 
1346 0.9925869922692973 
1347 1.0067085137931513 
1348 1.0185481200833244 
1349 1.0370802813382758 
1350 1.2056939378891516 
1351 1.178123115894303 
1352 1.2271487299287696 
1353 1.1969100351131818 
1354 1.3002788616675032 
1355 1.2231896768979211 
1356 1.3629883715619806 
1357 1.1730949632473455 
1358 1.2729769475586425 
1359 1.1409279127104848 
1360 1.2271689437747817 
1361 1.0175843545796217 
1362 1.2238718473766304 
1363 5.531484148324429 
1364 1.196959608377891 
1365 5.3827873281171135 
1366 1.1689171588618545 
1367 5.321459283387257 
1368 1.1805903842172605 
1369 5.3036665052838 
1370 1.1830713394095576 
1371 5.585311351257486 
1372 1.1730520669606184 
1373 5.6030340852364 
1374 1.1984835595851757 
1375 5.711105536335429 
1376 1.2362483197678182 
1377 5.988154750751286 
1378 1.2658650179339757 
1379 6.0068775334804 
1380 14.566263714944599 
1381 6.092998120291343 
1382 1.3542393832855455 
1383 6.187902430117515 
1384 1.3542393832855455 
1385 6.293813279856914 
1386 1.3402943243125152 
1387 6.104054424914457 
1388 1.2778115798111211 
1389 5.958916461876628 
1390 1.2527495234645212 
1391 5.958916461876628 
1392 1.2319591395109093 
1393 5.935882777217657 
1394 1.239129377022909 
1395 6.023047652075114 
1396 1.2362713681191757 
1397 1.1149508455006865 
1398 1.206964253775109 
1399 1.1218119960081676 
1400 1.167065024215703 
1401 1.0379178956567783 
1402 1.172387533443806 
1403 1.0422756197814431 
1404 1.0947227476497334 
1405 0.9846074842111027 
1406 1.1305834082777757 
1407 1.0261587873258649 
1408 1.2223732671232304 
1409 1.0844486344534432 
1410 1.3022405596206788 
1411 1.1174279348446974 
1412 14.1751275854064 
1413 1.1181987090771621 
1414 14.371185871765134 
1415 1.1326411817889297 
1416 14.398221155194067 
1417 1.1315873168204378 
1418 14.364608019606735 
1419 1.1177938860214325 
1420 14.043865269715932 
1421 1.141846135912162 
1422 14.218686607829733 
1423 1.1280133914141082 
1424 1.3452789411430728 
1425 1.2697722591182425 
1426 1.306581441071903 
1427 1.2288918939193394 
1428 1.2495056609569333 
1429 1.1765878230867028 
1430 1.1824218167999758 
1431 1.1138867740944 
1432 1.1312234251313515 
1433 1.0686417956230243 
1434 5.332910432762086 
1435 1.1665993767224 
1436 0.9958144306844811 
1437 1.103961246393909 
1438 1.049445245564373 
1439 1.1536075004991333 
1440 1.1290140733610217 
1441 1.2464271662359212 
1442 1.145779122018643 
1443 1.306317384095994 
1444 1.145779122018643 
1445 1.3050950262730363 
1446 1.1762421053509406 
1447 1.3097520944683152 
1448 1.1762421053509406 
1449 1.339944265334988 
1450 1.1707458193427243 
1451 1.339944265334988 
1452 1.1962891607488486 
1453 1.339944265334988 
1454 1.1840378067963677 
1455 6.2632207734362 
1456 1.1076000480689783 
1457 5.941610050530943 
1458 1.0807093449133298 
1459 5.872068679725115 
1460 0.996653098796281 
1461 5.6944012302486 
1462 0.9788929503808 
1463 5.363936954231858 
1464 0.9066738434306756 
1465 4.959782608463942 
1466 0.9469565132940648 
1467 0.9598926970812758 
1468 0.9368660845445189 
1469 0.9434267664402919 
1470 0.9693404693771459 
1471 1.0269864909564426 
1472 0.9842462358164756 
1473 1.080312800162491 
1474 1.014525746250157 
1475 1.112093692959194 
1476 1.0526691694753028 
1477 1.1700884373969818 
1478 1.0896503013804972 
1479 1.1990294984104182 
1480 1.146728448673135 
1481 1.2696275118600908 
1482 1.1161980518755026 
1483 1.2795899115024 
1484 1.1762887777783135 
1485 1.3038146458126183 
1486 1.1934654634425297 
1487 14.603677727110266 
1488 1.1820677040408918 
1489 14.112526994734866 
1490 1.1820677040408918 
1491 14.089251614476334 
1492 1.2115175924062378 
1493 1.2876508298045515 
1494 1.205617816972346 
1495 1.2933315501672122 
1496 1.186983836311865 
1497 1.2761793645021453 
1498 1.286983124928594 
1499 1.2800742385590727 
1500 1.261640427852903 
1501 1.2654016994522062 
1502 1.278053241272012 
1503 13.401035510598334 
1504 1.255611420031382 
1505 13.603883919723067 
1506 1.2050411731519515 
1507 13.704969728878199 
1508 1.207249448266194 
1509 14.1471548897378 
1510 10.741438838279533 
1511 0.9320623622866056 
1512 1.0031626906397817 
1513 0.8902392646414323 
1514 1.025966099666503 
1515 0.9446373200595891 
1516 1.062451812698103 
1517 0.9660844494043622 
1518 1.127519012165361 
1519 0.909618748021119 
1520 1.1239810531791676 
1521 4.651203764017228 
1522 1.1037751742507225 
1523 5.0472407224616855 
1524 1.0405436055169273 
1525 4.935260333141828 
1526 11.516666573623267 
1527 11.368647565982933 
1528 11.4186058660764 
1529 12.1696372255186 
1530 11.4377402962932 
1531 12.8306308960774 
1532 1.1442288139208303 
1533 12.622260675702 
1534 1.1792749509265636 
1535 12.393907521741333 
1536 1.2081139797250968 
1537 12.433169552561466 
1538 1.2419855716651151 
1539 11.909104003912534 
1540 1.0983194292060108 
1541 12.153166334511534 
1542 1.0243657655258216 
1543 11.981413723869068 
1544 0.9843768103178108 
1545 1.089179766988994 
1546 0.9659131012285243 
1547 1.1764225838120665 
1548 0.968309363723535 
1549 1.0747173028277406 
1550 0.9545113531238109 
1551 1.0754251727591515 
1552 1.0062821606524812 
1553 1.0551223409440378 
1554 1.040021049082573 
1555 1.0702455860864595 
1556 1.0538799156153296 
1557 1.008735859179427 
1558 1.0637366879635728 
1559 1.1278317640805515 
1560 1.0933633280580433 
1561 1.0567806059580303 
1562 1.0330691310959406 
1563 1.0558130176778668 
1564 1.0118620941268215 
1565 1.113423828902509 
1566 0.9837712616144433 
1567 1.110182184627697 
1568 1.0743175478176121 
1569 1.1281825938556485 
1570 1.079712181072885 
1571 1.1485908628137516 
1572 1.1144424528396666 
1573 1.0475127208773947 
1574 1.0126911652254054 
1575 1.0632748509168486 
1576 1.0185126391812487 
1577 1.109338215013638 
1578 1.0130652481481135 
1579 1.1057442389233676 
1580 1.008208625718 
1581 1.1374954235168648 
1582 1.0443207564400379 
1583 1.1281550014897028 
1584 1.0197587452498431 
1585 1.126164844901973 
1586 1.033699283779427 
1587 1.1517165629078974 
1588 1.0416477836299785 
1589 1.1474958887250541 
1590 1.0465990592118108 
1591 1.2471323842559092 
1592 0.9906489739616215 
1593 1.2717624226480182 
1594 1.114478964859685 
1595 1.266097365715018 
1596 1.1036294824807273 
1597 1.2598787837851273 
1598 1.1476592533703271 
1599 1.109663762357081 
1600 1.0255894108990162 
1601 1.1265228347210594 
1602 5.4614987472199426 
1603 1.078993902057065 
1604 0.9924664412901676 
1605 1.056205293367865 
1606 1.0179156776897567 
1607 1.0450659671187406 
1608 1.0693654357671947 
1609 1.1484296204171394 
1610 1.0407865202611082 
1611 1.0289656311109296 
1612 1.0527546589011187 
1613 1.0733049141998703 
1614 1.1112836485305244 
1615 1.0467829062569514 
1616 1.118450139504135 
1617 1.0695715149461569 
1618 1.118450139504135 
1619 1.0902569422123134 
1620 1.1397027216322975 
1621 1.079708707865573 
1622 1.2535709384941636 
1623 1.0676992942190702 
1624 1.2200972816564788 
1625 1.1053606284111082 
1626 1.2133410953904666 
1627 1.0904169253433622 
1628 1.215332483426103 
1629 1.0797414376781513 
1630 1.1928666172020668 
1631 1.174935098321503 
1632 1.1583342750520667 
1633 1.1753987535499697 
1634 1.0520513149787298 
1635 1.1762944858043516 
1636 1.0388780427854107 
1637 1.1853159427259092 
1638 1.0371019399428107 
1639 1.1850979904013454 
1640 1.0415970761462379 
1641 1.2124504334968484 
1642 1.0734617068396433 
1643 1.3015586760614968 
1644 1.0919950842922055 
1645 1.2895551637739613 
1646 1.1111941442362971 
1647 1.3041444208479678 
1648 1.0904880036486433 
1649 1.2391697948262606 
1650 1.0965060312131947 
1651 1.204510824515388 
1652 1.0608074567281298 
1653 1.1874630627699696 
1654 1.0391627142422108 
1655 1.1544278483820243 
1656 0.9775002841383459 
1657 1.1150306605794604 
1658 0.9609612509041622 
1659 1.0922160505290062 
1660 1.0602680900205332 
1661 1.1286665983205637 
1662 1.144794062078206 
1663 1.0363161920715298 
1664 1.1496179980197152 
1665 1.0808141216456109 
1666 1.1664141133901453 
1667 1.1168516097021515 
1668 1.0184880222565513 
1669 1.1941577440861784 
1670 1.060204290666746 
1671 1.209293249712238 
1672 1.0010927134160972 
1673 1.2590236544800486 
1674 0.999133019793746 
1675 1.2210472862699242 
1676 1.0754300181768304 
1677 1.217693718942892 
1678 1.0611028687057698 
1679 1.1846261052043947 
1680 1.005639203223788 
1681 1.1594712780683298 
1682 1.0774425703005153 
1683 1.1139954035283082 
1684 1.1031970460784484 
1685 1.1461957824703353 
1686 1.0172837023323404 
1687 1.122667260816708 
1688 1.0347475745379136 
1689 1.0910479557244053 
1690 1.114155403736346 
1691 1.0866103595041945 
1692 1.0829799800017783 
1693 1.1079648615483029 
1694 1.0965989930202864 
1695 1.1286216020206759 
1696 1.1075083914472323 
1697 1.128363214524665 
1698 1.1608050069457243 
1699 1.2414313220219635 
1700 1.0798709279892054 
1701 1.229148810192994 
1702 1.0726791090798973 
1703 1.0914881022335134 
1704 1.090889942915 
1705 1.0321867359030756 
1706 1.0268882297091946 
1707 1.0321867359030756 
1708 1.0070175855975458 
1709 1.0184392483671623 
1710 1.0125443021834974 
1711 1.0668662455192703 
1712 1.0088892080579945 
1713 1.0911349867296596 
1714 0.9968157628234 
1715 1.1533981105598108 
1716 0.9809335945287135 
1717 1.215764500285962 
1718 1.0258388914529406 
1719 1.2024077798784867 
1720 1.126337213918782 
1721 1.2148232169978217 
1722 1.0857836223838364 
1723 1.1703628219043027 
1724 1.117279090097709 
1725 1.1619708765025134 
1726 1.1065626328809697 
1727 1.1368204454555026 
1728 1.092473189213206 
1729 1.2291568307156546 
1730 1.0565933180284486 
1731 1.2443706090145998 
1732 1.0389654716139696 
1733 1.098822233867173 
1734 1.0083041918978788 
1735 1.1045108092652594 
1736 0.9385620880290054 
1737 1.1471373295306648 
1738 1.0711307223031759 
1739 1.1801531140774864 
1740 1.0654068548125333 
1741 1.1653772770062487 
1742 1.033008965768162 
1743 1.165244946451373 
1744 1.1029992662445947 
1745 1.172203285979108 
1746 1.1583901858839514 
1747 1.1680839171681892 
1748 1.1813188972322324 
1749 1.1733103604804054 
1750 1.212285149363481 
1751 1.2305567813512595 
1752 1.206652990457227 
1753 1.2235899591878054 
1754 1.1944351624336755 
1755 1.2166316196600702 
1756 1.1501097939176539 
1757 1.1900601629335568 
1758 1.163403029639357 
1759 1.3115370975741818 
1760 1.1349723973746595 
1761 1.3476218630662726 
1762 1.1127037811430163 
1763 1.305606588593394 
1764 1.0929852172729244 
1765 1.3016467528644604 
1766 1.0674216552090052 
1767 1.2792789189970606 
1768 1.0647385522161947 
1769 1.2855542510510243 
1770 1.1165387179597623 
1771 1.2452566758724788 
1772 1.0724221089626702 
1773 1.2288746661718424 
1774 1.1153001859329574 
1775 1.1730769287171696 
1776 1.0761317586331394 
1777 1.1342153092552243 
1778 1.0290865455639817 
1779 1.1151117580236303 
1780 0.9693606666111939 
1781 1.0337234331666594 
1782 1.0062975477274303 
1783 1.0903826950154325 
1784 1.0092612856858183 
1785 1.143679990017027 
1786 1.0424470592215636 
1787 1.190016267035773 
1788 1.0774408973145515 
1789 1.2587015186749622 
1790 1.1487244190229453 
1791 1.2093144985348108 
1792 1.124481020923285 
1793 1.196319811604962 
1794 1.2133232408153272 
1795 1.122961333371573 
1796 1.1882175016573153 
1797 1.0639622242211297 
1798 1.1925605742779577 
1799 1.026985733561092 
1800 1.1450897263924364 
1801 1.085637272001827 
1802 1.1041105716675188 
1803 1.0474901171233622 
1804 1.0852448995048163 
1805 1.0598417899638433 
1806 1.0982242362518757 
1807 1.111002302792681 
1808 1.1476747403303782 
1809 1.0967272992584647 
1810 1.1307086376033568 
1811 1.0737307295879082 
1812 1.1307086376033568 
1813 1.064098229258189 
1814 1.1368897039131567 
1815 1.0095798492762216 
1816 1.1255615510471406 
1817 1.1551438284051516 
1818 1.1012583079518432 
1819 1.158775624375588 
1820 1.1099108765943837 
1821 1.1734742090255093 
1822 1.0234047973278595 
1823 1.236787165378291 
1824 1.0045648054279404 
1825 1.2346616873973577 
1826 1.1118380602751394 
1827 1.248866541462206 
1828 1.1803452375583332 
1829 1.2680221120158484 
1830 1.2003912483251817 
1831 1.1049139124198648 
1832 1.189719798653188 
1833 1.0878090029519243 
1834 1.225065559769988 
1835 1.0889307444304865 
1836 1.1963273281310969 
1837 1.072008498327108 
1838 1.0910960160053393 
1839 1.0558160726317243 
1840 1.1043568079825758 
1841 1.0677180635108052 
1842 1.1828611202452606 
1843 1.0891290026940161 
1844 1.1540933578865697 
1845 1.1149918407076973 
1846 1.1762246890952 
1847 1.1961942535219459 
1848 1.207666573166188 
1849 1.2098394378254271 
1850 1.205947958819176 
1851 1.1800984823195135 
1852 1.2351067608606423 
1853 1.158767237668508 
1854 1.2198826370299274 
1855 1.1304933350411135 
1856 1.2539543045223394 
1857 1.106560129491546 
1858 1.288775817237406 
1859 1.0980573258632433 
1860 1.3343972235217394 
1861 1.1059200589308378 
1862 1.3173728265942908 
1863 1.127251303581838 
1864 1.344390667204097 
1865 1.1517820271977677 
1866 1.4043770571456666 
1867 1.1164432583864972 
1868 1.3516799969168969 
1869 1.1147801096955838 
1870 1.3071034338617273 
1871 1.1141501556291622 
1872 1.2833975193397333 
1873 1.0768243195794973 
1874 1.2640026865684788 
1875 1.0372894987692107 
1876 1.2119939308531817 
1877 1.049472511792519 
1878 1.257715968597406 
1879 1.017891739753773 
1880 1.2155433906435638 
1881 0.9911551614421892 
1882 1.1738707178749332 
1883 1.0208878069873513 
1884 1.1512724356451758 
1885 1.031235773653892 
1886 1.2032811913604726 
1887 1.0505985134484161 
1888 1.241577683889279 
1889 1.0509922301536703 
1890 1.1189662761142323 
1891 1.0123485691267728 
1892 1.1202063673179514 
1893 0.9763329738304325 
1894 1.112400729347757 
1895 0.9949394905840703 
1896 5.879832426552428 
1897 0.9613682655324378 
1898 5.879832426552428 
1899 0.9372663920641676 
1900 1.0738780741822107 
1901 0.9782014066161622 
1902 1.097836555786546 
1903 1.021810192417 
1904 1.1319382714027837 
1905 0.9988423012521676 
1906 1.1319382714027837 
1907 1.0966641342513697 
1908 1.034578077833865 
1909 1.1230229087863939 
1910 1.0539428773564161 
1911 1.1356117828042849 
1912 1.0307970972706433 
1913 1.140473739785109 
1914 1.0085713956039297 
1915 1.0360669838101082 
1916 0.970643985375 
1917 1.0713738432942594 
1918 1.0055063699690379 
1919 1.0970056770661785 
1920 1.010935687223411 
1921 1.097695851374573 
1922 1.1179834788470788 
1923 1.0525518060195134 
1924 0.9536126788286216 
1925 1.041911007969881 
1926 0.9011256235211946 
1927 1.0446300109265945 
1928 0.9848522786623999 
1929 1.0509251026613566 
1930 1.0450681871389333 
1931 1.1054342020529784 
1932 1.0530637133727758 
1933 1.1207905166148595 
1934 1.0592443516168062 
1935 1.169665498552103 
1936 1.075049581326806 
1937 1.1838537754102432 
1938 1.0795792488492606 
1939 1.1804660296017837 
1940 1.0636727263683514 
1941 1.1348725457100053 
1942 1.075878503658194 
1943 1.1456311746145296 
1944 0.9920121420328487 
1945 1.1525805680224919 
1946 1.0316893661337623 
1947 1.124746063294389 
1948 1.0556161604936485 
1949 1.1856997636676703 
1950 1.099152188827108 
1951 1.1755558145886595 
1952 1.1056827120697568 
1953 1.1902485764673891 
1954 1.1391305567901027 
1955 1.1644583032595675 
1956 1.1472161847865028 
1957 1.1654947892752865 
1958 1.158174010213054 
1959 1.126917996720119 
1960 1.1540294320978055 
1961 1.127788631626827 
1962 1.1281576472069352 
1963 1.1262957978813513 
1964 1.1073137613326431 
1965 1.2273447470723695 
1966 1.0668157489419026 
1967 1.2159060012502243 
1968 1.0280971293607406 
1969 1.1807514101365575 
1970 1.0034613218268216 
1971 1.150671728085612 
1972 0.9867715892110054 
1973 1.1523455113759877 
1974 1.0483718902241395 
1975 0.9886519469431729 
1976 0.9001666172261406 
1977 0.9694025837922595 
1978 0.8801912055499514 
1979 0.9516868717383784 
1980 0.869743237301627 
1981 0.9759291524224054 
1982 0.8776723042803838 
1983 0.9759291524224054 
1984 0.8632012054184757 
1985 0.979524220655908 
1986 0.8700110744585136 
1987 0.9839003723066161 
1988 0.8618052402545081 
1989 0.9818580002182865 
1990 0.9084969644808546 
1991 1.012797051967962 
1992 0.9639078917377879 
1993 1.017042897638427 
1994 0.9151304405320972 
1995 1.0015989368869351 
1996 0.9200511742810109 
1997 1.067250843410535 
1998 1.088929209783188 
1999 1.0920136297665297 
2000 0.9854411070048109 
2001 1.1785565944967333 
2002 0.986769348789919 
2003 1.1617836761942546 
2004 0.977056008965081 
2005 1.1986264137546545 
2006 1.0043538471428055 
2007 1.191226976980097 
2008 1.0035694947244325 
2009 1.1985224213523396 
2010 1.0112653452459783 
2011 1.195697319477109 
2012 5.2877450652196005 
2013 1.1847504869534726 
2014 5.514449829357857 
2015 1.1688599031915274 
2016 5.890573662022599 
2017 1.144067797946012 
2018 13.513511882568267 
2019 1.0824721839382485 
2020 5.6718349756001425 
2021 1.1180579351624 
2022 5.985495817909543 
2023 1.141017192358 
2024 1.0621261063362217 
2025 1.2295908045313697 
2026 0.9911414089340974 
2027 1.301535151565388 
2028 0.984399415046946 
2029 1.325765198528103 
2030 0.9950600115426161 
2031 1.3152749598779758 
2032 0.973067262496827 
2033 1.2769297916886304 
2034 0.9726494594428108 
2035 1.281552851121788 
2036 0.990043753915427 
2037 1.2032338873485455 
2038 1.0031730478931569 
2039 1.2525466146754243 
2040 1.0799059474861568 
2041 1.2175183684564364 
2042 1.0288073664380541 
2043 1.2130198033153758 
2044 5.634105916933457 
2045 1.1874601196008363 
2046 5.670401407827858 
2047 1.1580890905081453 
2048 1.025130576655881 
2049 1.1595651063967394 
2050 0.9647261376253569 
2051 1.1964124871636 
2052 0.9510571716736486 
2053 13.631818425434068 
2054 0.9537646510603082 
2055 13.256487727281467 
2056 1.0239633917080546 
2057 13.3680553604498 
2058 1.0449848445370848 
2059 12.827129744834467 
2060 1.0123510972376486 
2061 1.1690142324873696 
2062 1.0429434670364668 
2063 1.095866855864897 
2064 1.0558620492293938 
2065 1.0302820046797272 
2066 1.0293917952345806 
2067 1.0528308837854665 
2068 32.6097002927328 
2069 1.0724799463286545 
2070 11.049059104999401 
2071 1.0869369809871514 
2072 10.949065745186 
2073 0.9687715558031945 
2074 11.322492269472468 
2075 1.021959969246346 
2076 12.003702078559867 
2077 1.076721379492427 
2078 12.433741746854267 
2079 1.0973985021499135 
2080 12.6286557584228 
2081 1.0617993784310487 
2082 5.112421301562571 
2083 1.0693122055131243 
2084 5.023297453064972 
2085 1.0437411691825729 
2086 0.9449025615284323 
2087 0.9989686234391513 
2088 0.9035310197519082 
2089 1.0959450883218729 
2090 0.8920645694902649 
2091 1.2508450733501355 
2092 0.9525156096353623 
2093 1.2648102658389677 
2094 0.9791720247679567 
2095 1.2477665902321677 
2096 0.9731477181384541 
2097 1.117352717420315 
2098 0.9164771263349838 
2099 1.1263173449887758 
2100 0.9684137465860595 
2101 1.0729503865212968 
2102 0.9935846114889945 
2103 1.1027505088452485 
2104 1.0072274424546757 
2105 1.2162690226932302 
2106 1.0579479652885784 
2107 1.2978423770417817 
2108 1.0621949447240864 
2109 1.3086785493457211 
2110 1.0608876320572702 
2111 1.3214057491439757 
2112 1.1473834833068426 
2113 1.343949283402109 
2114 0.9796134289304325 
2115 1.343949283402109 
2116 0.967885889482254 
2117 1.3382395499227393 
2118 0.9623008124357676 
2119 1.310059762754285 
2120 0.8867513744080703 
2121 1.2332812669464364 
2122 0.9587820812786424 
2123 1.1414900282347151 
2124 0.941167859641806 
2125 1.1385514639178544 
2126 0.9436929131497211 
2127 0.9895761920612324 
2128 0.9641492852251455 
2129 0.9813055711651459 
2130 0.9361070198051333 
2131 1.0559745454591405 
2132 0.9670839765510001 
2133 1.0728699345182755 
2134 1.0435923680782904 
2135 1.0203038380340108 
2136 1.0163025678301743 
2137 1.022224025049919 
2138 1.0493435331045677 
2139 1.0920494030121892 
2140 1.0450513751595516 
2141 1.0565690611183567 
2142 1.0433907662368243 
2143 1.050892133734946 
2144 1.0605008076443636 
2145 1.0360150678733298 
2146 1.0819811440323515 
2147 1.0189513669505783 
2148 1.0713063683876423 
2149 0.9783055666470594 
2150 1.1094589263267698 
2151 1.0022735218455892 
2152 1.1967383378413574 
2153 1.013444366181681 
2154 1.0893060837041677 
2155 1.0457925672073947 
2156 1.1289991968543136 
2157 5.6791233509392285 
2158 1.1361279879595838 
2159 5.802901656059 
2160 1.1274932414244485 
2161 5.610457469811486 
2162 5.959607133243514 
2163 1.0673181993871568 
2164 6.235438744669914 
2165 1.0061325310613136 
2166 1.1106273950980379 
2167 0.9761655527861082 
2168 1.073766548632227 
2169 0.9582973548647999 
2170 1.0739151719859188 
2171 1.0062137834564053 
2172 1.0620381404896486 
2173 5.464060332621429 
2174 1.0141815552223838 
2175 5.9250097605820855 
2176 1.0945438766481512 
2177 1.118385010865092 
2178 1.0674068883676053 
2179 1.100357424121881 
2180 1.0300576230379188 
2181 1.0597181227247512 
2182 0.9931644620468324 
2183 1.0877129593356487 
2184 0.9911197597026594 
2185 1.0436026748054756 
2186 0.9317670962413945 
2187 1.0435714229500541 
2188 0.9622738914107243 
2189 1.0581795057696162 
2190 0.9754774461575892 
2191 1.0707880685690918 
2192 0.9430410974556325 
2193 1.0152750581657837 
2194 0.9169686955100216 
2195 1.0234333365749568 
2196 0.9499725148506486 
2197 1.051699937232108 
2198 5.111170114686629 
2199 1.031712739865616 
2200 5.059704287768457 
2201 1.012692283070081 
2202 0.9592934812157242 
2203 0.9920293761802541 
2204 0.9578014677911458 
2205 0.9973569120056919 
2206 0.9812729491479946 
2207 0.9630244340071568 
2208 0.9902759642477081 
2209 0.9369133611993837 
2210 0.9687756008715298 
2211 0.9216749078586919 
2212 0.9514300644627945 
2213 0.9270123009313512 
2214 0.9527502566811513 
2215 0.913576213956865 
2216 0.9181640698616054 
2217 0.8896649517157189 
2218 0.9156580741745135 
2219 0.8929225374745352 
2220 0.915812229406092 
2221 1.0078800794621152 
2222 0.9380897268958487 
2223 0.9974085808978121 
2224 0.9693066724041676 
2225 1.0209881702627879 
2226 1.0223417877958973 
2227 1.026729106990085 
2228 1.0079887391135136 
2229 1.039586041165806 
2230 1.065306708010519 
2231 1.018045537136303 
2232 1.053363699483854 
2233 0.9991176087845274 
2234 1.088420078489119 
2235 0.9780227362378363 
2236 1.0647721222118596 
2237 0.9700143867384545 
2238 1.077740603924081 
2239 0.9614210056040061 
2240 1.0401234384834162 
2241 0.8959727238951514 
2242 1.0429812993966971 
2243 0.9176750983039892 
2244 1.0145557685597946 
2245 0.9406530148467135 
2246 0.9905467898643567 
2247 0.9416381709481567 
2248 0.9387898928857136 
2249 0.9591620390268756 
2250 0.9271938953705298 
2251 0.9317824725565242 
2252 0.8997110110908919 
2253 1.0373824270661758 
2254 0.8808520115020325 
2255 0.9912568325664122 
2256 0.851716399970454 
2257 0.9408004556860727 
2258 0.8306736866465352 
2259 0.8257515368249622 
2260 0.8379800442959784 
2261 0.8307404438039893 
2262 0.9735221877331272 
2263 0.8180280846472379 
2264 1.0376069912783334 
2265 0.8422244487707838 
2266 0.9862119172327136 
2267 0.9422100949530703 
2268 1.038407634045735 
2269 0.9668066012684055 
2270 1.0398239971971945 
2271 1.0230060981452973 
2272 1.0271716364105352 
2273 1.0171343762960539 
2274 0.9554676762697677 
2275 1.0730245995845245 
2276 1.0674544307378606 
2277 5.630199574912915 
2278 1.051391595181103 
2279 5.713014673240686 
2280 0.9518028006372161 
2281 5.397575116762085 
2282 0.9621114335591027 
2283 1.0115988546796593 
2284 0.9772354975347244 
2285 1.0438858858826787 
2286 1.0437776742597271 
2287 0.9768046041214122 
2288 1.0288287669588183 
2289 0.9331629239508182 
2290 0.9164082368439136 
2291 0.9781557403824426 
2292 0.9511811050246108 
2293 1.0146665269374848 
2294 0.9682345024567351 
2295 1.0491602433494727 
2296 1.0055547740712594 
2297 1.2167525307965612 
2298 1.065847081752897 
2299 1.278014574636858 
2300 1.079381855049973 
2301 1.1317043344175453 
2302 1.0163704248928216 
2303 1.1835696942967515 
2304 1.0558969236258486 
2305 1.2297133205408848 
2306 1.0563354303275947 
2307 1.0448987246456054 
2308 1.0382401659298648 
2309 1.0475795464734325 
2310 1.035593424413692 
2311 1.2519423314406486 
2312 1.1052141166734757 
2313 1.2697036783563396 
2314 5.841846045274086 
2315 1.3144619951031091 
2316 5.871376918728686 
2317 1.3147828084439395 
2318 5.868724514689829 
2319 1.3500739536345456 
2320 5.8841743965396 
2321 1.4619212892621871 
2322 1.0894635290851133 
2323 1.3884201839998969 
2324 1.0894635290851133 
2325 1.3884201839998969 
2326 1.137093579210346 
2327 1.3211255941188547 
2328 1.2360137113789333 
2329 1.2927861728845333 
2330 1.2128751638222242 
2331 1.2819575757419392 
2332 13.646345795224732 
2333 1.2490736368617879 
2334 12.576119331416 
2335 1.2490736368617879 
2336 12.050045116348599 
2337 1.327677572663194 
2338 1.1511825962250788 
2339 1.3560169938975213 
2340 1.1387153430067092 
2341 1.307139335200218 
2342 1.1393572283872788 
2343 1.3980051668146323 
2344 1.1926379875815576 
2345 1.3215292612872727 
2346 1.2037241865102364 
2347 1.1534600638840973 
2348 5.5804503640084855 
2349 1.1534600638840973 
2350 5.851325876771858 
2351 1.1929140587104108 
2352 6.062409792521286 
2353 1.1455277343026757 
2354 6.029400669659771 
2355 1.2761279005446182 
2356 6.205736946039457 
2357 1.3887933840547615 
2358 6.286899416731972 
2359 1.3037539589792606 
2360 6.471177128264943 
2361 1.200896773257594 
2362 5.942287070744029 
2363 1.159817039177412 
2364 5.587515583989914 
2365 1.1398665256928362 
2366 5.4265546082866285 
2367 1.081925276912606 
2368 5.603104802037914 
2369 1.000235542356188 
2370 1.1027157373092302 
2371 1.0753523160656242 
2372 1.123185289817915 
2373 1.1963078645847454 
2374 1.1690928981372728 
2375 1.0672849572188379 
2376 1.153703841110315 
2377 1.118656604919908 
2378 0.9683659618903785 
2379 1.1826754063504001 
2380 0.9939954316957135 
2381 1.2000965014861351 
2382 1.1269069346677576 
2383 1.1846793963798756 
2384 0.986469486079827 
2385 1.3478824462195758 
2386 0.9900311418202216 
2387 1.3330680464943394 
2388 0.9622927412023514 
2389 1.248713862949315 
2390 0.9526727360306866 
2391 1.2263733077706 
2392 0.9813448471389405 
2393 1.2436591528897394 
2394 1.1599658599563212 
2395 1.2242502197168847 
2396 1.1392554577284062 
2397 1.2839736481970425 
2398 1.1822354182380668 
2399 1.3360614285481758 
2400 1.250107057377909 
2401 1.1972842676124216 
2402 1.2574672787202426 
2403 1.1582555178833351 
2404 1.236370308995715 
2405 1.1597282919960594 
2406 1.211953728806994 
2407 1.1452508444635567 
2408 1.174247142754097 
2409 1.1208264530662972 
2410 1.1005694697503514 
2411 1.1103948325304487 
2412 1.093651376639188 
2413 1.1035250725696324 
2414 1.1563050541046243 
2415 1.0496555950244595 
2416 1.151650919164109 
2417 1.0638115834811948 
2418 1.1828667079365638 
2419 1.0885113928761676 
2420 1.256544380940309 
2421 1.0889533795447242 
2422 1.250279881908491 
2423 1.0836357230549567 
2424 1.2422333552775637 
2425 1.122996378200308 
2426 1.293826368664194 
2427 1.1182897499970001 
2428 1.3577683473594606 
2429 1.1564081469239837 
2430 1.3118502772811091 
2431 1.163899665155173 
2432 1.3105988055467395 
2433 1.2052261142423568 
2434 1.3653477247816423 
2435 1.1795722018262378 
2436 1.3495256120402122 
2437 1.1825658821673568 
2438 1.3164360714368486 
2439 1.1825658821673568 
2440 1.1413613137604757 
2441 1.1473390846614377 
2442 1.0778922382194758 
2443 1.1214859768072487 
2444 1.025925479024 
2445 1.2344460081540303 
2446 0.9904151621620919 
2447 1.2242312557660304 
2448 1.019063068457708 
2449 1.2242312557660304 
2450 1.0295812155032649 
2451 1.2386205508862302 
2452 1.035891858086319 
2453 1.2676857858349515 
2454 5.846340225642171 
2455 1.1380122509315675 
2456 6.017409015882685 
2457 1.147122705764108 
2458 6.017409015882685 
2459 6.023902643635772 
2460 6.0989330229081995 
2461 6.029297857155686 
2462 6.202101682882685 
2463 6.067864163796942 
2464 6.202101682882685 
2465 6.204307866089743 
2466 6.308562903090629 
2467 6.204307866089743 
2468 6.308562903090629 
2469 6.206910154962886 
2470 1.1872780481621028 
2471 6.150583861883686 
2472 1.1749636029495458 
2473 5.781949951216314 
2474 1.114160556335908 
2475 1.2133864616395031 
2476 1.082512656390481 
2477 1.2133864616395031 
2478 1.082512656390481 
2479 1.2295936321935577 
2480 1.0489376053108594 
2481 1.3106072223721696 
2482 1.1097406519244974 
2483 1.3434958276537152 
2484 1.1163808272076488 
2485 1.3409540919045575 
2486 1.1189912187591082 
2487 1.3057147957323394 
2488 1.0612624136568434 
2489 1.2973259762604 
2490 1.1130243909316866 
2491 1.2771907898933879 
2492 1.1130243909316866 
2493 1.1182245853310324 
2494 1.1130957007578162 
2495 5.864045215260972 
2496 1.1162616320930054 
2497 6.0320073610433145 
2498 1.1739904371952703 
2499 5.8887784535206 
2500 1.1642268298508704 
2501 1.1037604558445675 
2502 1.1642268298508704 
2503 1.0792027164476812 
2504 1.127457514279519 
2505 1.1029058867747406 
2506 5.9939459642433714 
2507 1.1055646346845298 
2508 5.9939459642433714 
2509 1.1258511954206811 
2510 5.985283467266714 
2511 6.203404682584858 
2512 5.985283467266714 
2513 6.370313952056457 
2514 6.150973820425229 
2515 6.218384963957143 
2516 6.145577931384886 
2517 6.2024975468920855 
2518 6.163416049267085 
2519 6.260400875483742 
2520 6.275992631699343 
2521 6.015523193166572 
2522 6.109893191473314 
2523 6.106114063346857 
2524 6.112035122785029 
2525 6.317519601837543 
2526 6.293671334584771 
2527 6.089753835165486 
2528 6.037717082817429 
2529 5.942143104859629 
2530 5.746859151070943 
2531 6.028800982956143 
2532 5.889991220904685 
2533 5.6593785363865425 
2534 1.0612147443279945 
2535 1.1811431179492182 
2536 1.0354183650888973 
2537 1.2081593442563758 
2538 1.0535859228050486 
2539 1.2348245387236727 
2540 1.055200668551135 
2541 1.2186360959968545 
2542 1.0106348124401352 
2543 1.1802127160287272 
2544 5.244795916858058 
2545 1.1303519391880485 
2546 1.070503300106406 
2547 1.1516496633870725 
2548 1.0804896835354545 
2549 1.1516496633870725 
2550 1.0913458537696 
2551 1.1614607355356545 
2552 1.146185498280297 
2553 1.2255085906420484 
2554 1.2037842727073274 
2555 1.2837332871489453 
2556 5.941353147703057 
2557 1.2386099097010665 
2558 5.8027708802194 
2559 1.318520226455974 
2560 5.9517804480306 
2561 1.3154028765188128 
2562 5.8305504181169425 
2563 1.329433801141013 
2564 5.907421365505914 
2565 13.222043621195398 
2566 1.1982604852448242 
2567 12.592016851130467 
2568 1.1430938640651211 
2569 13.088374003057199 
2570 1.1985604571673514 
2571 13.168507947322333 
2572 1.2285438000328 
2573 12.857540095608135 
2574 1.0685718437391785 
2575 12.953589981476467 
2576 5.666501083963399 
2577 12.953589981476467 
2578 5.638606933756457 
2579 1.1506742607249576 
2580 1.0487652088659623 
2581 1.0102774668174326 
2582 1.0202891475881188 
2583 1.022329840521719 
2584 1.0347535091484703 
2585 1.0284445195951946 
2586 1.0509248352985514 
2587 0.9371433562666325 
2588 0.9698064949343622 
2589 0.9400199797049569 
2590 0.9924749565194865 
2591 0.955258820176227 
2592 0.9841753829455566 
2593 0.9274666810144704 
2594 0.9697796241219784 
2595 0.9121064016243242 
2596 0.9398182941789297 
2597 1.003407564952881 
2598 0.9858012663215892 
2599 1.0819496123316648 
2600 0.9900624988803783 
2601 1.1524991008668541 
2602 1.1538705968837153 
2603 1.1660286133024864 
2604 1.1834997482006182 
2605 1.1976618938191892 
2606 1.1109660787407838 
2607 1.1745682011175083 
2608 1.108473971659762 
2609 1.1497750857480595 
2610 1.1436093398812865 
2611 1.2250545022392485 
2612 1.1436093398812865 
2613 1.2051345610235698 
2614 1.1259822026724755 
2615 1.2076873468623939 
2616 1.109092659196881 
2617 1.192697785228715 
2618 1.115335473521238 
2619 1.1950951894724848 
2620 1.0856173458003133 
2621 1.2336368564410183 
2622 1.0856173458003133 
2623 1.0929672542621298 
2624 1.0820447019570325 
2625 1.1045396600091244 
2626 1.085691672108535 
2627 1.0489446184265243 
2628 1.062375138277535 
2629 1.0596832409262216 
2630 1.1514305055293756 
2631 1.0082056303845677 
2632 1.0750760592712 
2633 1.1013444297793515 
2634 1.0148977512129151 
2635 1.1435208322776 
2636 0.9885220782689577 
2637 1.1067086617396487 
2638 1.0029335950055271 
2639 1.0719160704633819 
2640 0.895137352340854 
2641 0.9716786001625729 
2642 0.958675986261 
2643 1.0237712186578811 
2644 1.0437789047348163 
2645 5.565278495971829 
2646 1.0931195374783784 
2647 5.865279566842514 
2648 6.1048428392745135 
2649 6.114587502827228 
2650 6.4458386618523145 
2651 6.3047187479512 
2652 6.469948272062943 
2653 1.1707443624292757 
2654 6.346947455208115 
2655 1.163104064294865 
2656 6.310736720138428 
2657 1.1675744376349135 
2658 6.084075299221801 
2659 1.103450821776962 
2660 6.114268376144686 
2661 1.127718511168411 
2662 6.114268376144686 
2663 1.1336519108994325 
2664 6.103713417642285 
2665 1.1396891034713568 
2666 1.1313720579344486 
2667 1.1177757521967893 
2668 1.1516071082363244 
2669 1.1776804993077135 
2670 1.1463597258436378 
2671 1.1647741947637027 
2672 1.1463597258436378 
2673 1.1715111136325351 
2674 1.119815903113373 
2675 1.162193623525054 
2676 1.1267183017722757 
2677 1.1796366014595676 
2678 1.115419218866654 
2679 1.1796366014595676 
2680 1.092914119055146 
2681 1.2973623481900969 
2682 1.0736723096609568 
2683 1.2824150371298908 
2684 1.0773327637152326 
2685 1.2774053708576485 
2686 1.0678445975374324 
2687 1.2774053708576485 
2688 1.078776626943411 
2689 1.2586145051600242 
2690 1.1008169054054378 
2691 1.2527931156091334 
2692 1.120058714799627 
2693 1.125319245632216 
2694 1.1263122293703947 
2695 1.1054810089562432 
2696 1.1136734196929297 
2697 1.0980488824584758 
2698 1.0813141858813298 
2699 1.1162078441055137 
2700 1.0505848401957945 
2701 6.0191546325848 
2702 1.0505848401957945 
2703 6.183485660683829 
2704 1.0967826207018325 
2705 6.306482964106828 
2706 1.1368919759086218 
2707 6.3457670613093144 
2708 1.1749673899723512 
2709 6.3383694880351715 
2710 1.1869893775298594 
2711 6.2256665205734 
2712 1.1923382765861352 
2713 6.006358425888143 
2714 6.123437236479343 
2715 5.9922884354671435 
2716 6.062008207362142 
2717 5.9922884354671435 
2718 5.983796719049543 
2719 5.789450298054057 
2720 5.9926215651595145 
2721 5.8584669877252 
2722 5.9087940426442005 
2723 5.951835436999086 
2724 6.056169858692599 
2725 5.862285945844914 
2726 5.950599882031343 
2727 5.626789137908314 
2728 5.916131531225171 
2729 5.536827240106257 
2730 13.375810802208534 
2731 5.4477682190286005 
2732 12.701640884703068 
2733 5.383688895116914 
2734 12.386235835073867 
2735 5.749659747624828 
2736 12.444705701432467 
2737 5.735563680797715 
2738 5.2104092399840285 
2739 5.883042566062314 
2740 5.208730358789057 
2741 5.983365416096686 
2742 5.110594186893343 
2743 5.966276286188228 
2744 11.909093740260198 
2745 5.739108285504942 
2746 11.991788156487267 
2747 1.1565687713607393 
2748 11.975272097610599 
2749 1.136484384148297 
2750 1.0631259959715575 
2751 1.1354994944989636 
2752 0.955287007322308 
2753 1.0238389787006648 
2754 0.9369104281963351 
2755 1.0122074010426325 
2756 0.9475281582045028 
2757 1.1136706082582002 
2758 1.0011133500068379 
2759 1.0641293925178217 
2760 0.9666136022336702 
2761 1.0569612638963892 
2762 1.108584000199891 
2763 1.068673812489065 
2764 1.1468546922215699 
2765 1.0764781404673784 
2766 1.1114001216376788 
2767 1.0274789895002217 
2768 1.0986225443172546 
2769 1.062310956421546 
2770 1.1344809414115515 
2771 1.0655119846765082 
2772 1.1466651294049637 
2773 1.083112360028146 
2774 1.1643837114606546 
2775 1.082460811407935 
2776 1.048620959935919 
2777 1.0690935634786973 
2778 1.052098417422065 
2779 1.033682124584881 
2780 1.0308183170544594 
2781 1.0334922294353082 
2782 1.0525861758086812 
2783 1.0053045139474703 
2784 1.0462811624221622 
2785 1.0010348756012433 
2786 1.191109056885703 
2787 5.4800325506506855 
2788 1.185887913336097 
2789 6.023889302158257 
2790 1.2965189591285213 
2791 5.939936168640999 
2792 1.2563209942197817 
2793 5.866075856633343 
2794 1.214502280659315 
2795 1.0783814832839784 
2796 1.184884525061594 
2797 1.044705699173789 
2798 1.1593514421036728 
2799 0.977349838971454 
2800 1.0928904545961635 
2801 0.9791140254701729 
2802 1.0866819166088788 
2803 0.971886731055211 
2804 1.0897826351287576 
2805 1.0019407114482757 
2806 1.135639987362212 
2807 1.038036798513108 
2808 1.183774985216115 
2809 1.0622704333496433 
2810 13.644416028771333 
2811 1.0998033123830757 
2812 1.2689199632727757 
2813 1.1203722116214971 
2814 1.2977211489652423 
2815 6.099716935513172 
2816 1.2898754555039453 
2817 5.788020331704057 
2818 1.1040441302821136 
2819 5.8329902222777426 
2820 1.112815454973081 
2821 5.621829509950286 
2822 1.0780587608112 
2823 5.546338726503914 
2824 1.0624384978474108 
2825 5.430467890794715 
2826 1.0581568127435026 
2827 5.501669615651686 
2828 1.0741055964422486 
2829 5.370940561429714 
2830 1.0587120256526055 
2831 5.5844268384638855 
2832 1.1140022729247838 
2833 5.814061701957029 
2834 1.1317604457967891 
2835 13.159836101108601 
2836 1.1128646943638865 
2837 5.675834329270143 
2838 1.1215684581563243 
2839 1.0632838939938758 
2840 1.0670932792706973 
2841 1.0541443142650486 
2842 5.603204643806515 
2843 1.038972810006054 
2844 1.0383823270274704 
2845 1.0656969962513405 
2846 1.0517232616602918 
2847 1.180056030001079 
2848 1.0286673651245188 
2849 1.2106381175774485 
2850 1.0492069667956918 
2851 1.1998261834327877 
2852 1.0686905320713027 
2853 1.1818639094521637 
2854 1.0526978644172433 
2855 1.0205298403196648 
2856 1.025631620143892 
2857 1.0139912374313784 
2858 1.0321000047158 
2859 0.9853165108537406 
2860 1.0143409323276864 
2861 0.9925869922692973 
2862 1.0067085137931513 
2863 1.0185481200833244 
2864 1.0370802813382758 
2865 1.2255894065978727 
2866 1.2255894065978727 
2867 1.2056939378891516 
2868 1.178123115894303 
2869 1.2271487299287696 
2870 1.1969100351131818 
2871 1.3002788616675032 
2872 1.2231896768979211 
2873 1.3629883715619806 
2874 1.1730949632473455 
2875 1.2729769475586425 
2876 1.1409279127104848 
2877 1.2271689437747817 
2878 1.0175843545796217 
2879 1.2238718473766304 
2880 5.531484148324429 
2881 1.196959608377891 
2882 5.3827873281171135 
2883 1.1689171588618545 
2884 5.321459283387257 
2885 1.1805903842172605 
2886 5.3036665052838 
2887 1.1830713394095576 
2888 5.585311351257486 
2889 1.1730520669606184 
2890 5.6030340852364 
2891 1.1984835595851757 
2892 5.711105536335429 
2893 1.2362483197678182 
2894 5.988154750751286 
2895 1.2658650179339757 
2896 6.0068775334804 
2897 14.566263714944599 
2898 6.092998120291343 
2899 1.3542393832855455 
2900 6.187902430117515 
2901 1.3542393832855455 
2902 6.293813279856914 
2903 1.3402943243125152 
2904 6.104054424914457 
2905 1.2778115798111211 
2906 5.958916461876628 
2907 1.2527495234645212 
2908 5.958916461876628 
2909 1.2319591395109093 
2910 5.935882777217657 
2911 1.239129377022909 
2912 6.023047652075114 
2913 1.2362713681191757 
2914 1.1149508455006865 
2915 1.206964253775109 
2916 1.1218119960081676 
2917 1.167065024215703 
2918 1.0379178956567783 
2919 1.172387533443806 
2920 1.0422756197814431 
2921 1.0947227476497334 
2922 0.9846074842111027 
2923 1.1305834082777757 
2924 1.0261587873258649 
2925 1.2223732671232304 
2926 1.0844486344534432 
2927 1.3022405596206788 
2928 1.1174279348446974 
2929 14.1751275854064 
2930 1.1181987090771621 
2931 14.371185871765134 
2932 1.1326411817889297 
2933 14.398221155194067 
2934 1.1315873168204378 
2935 14.364608019606735 
2936 1.1177938860214325 
2937 14.043865269715932 
2938 1.141846135912162 
2939 14.218686607829733 
2940 1.1280133914141082 
2941 1.3452789411430728 
2942 1.2697722591182425 
2943 1.306581441071903 
2944 1.2288918939193394 
2945 1.2495056609569333 
2946 1.1765878230867028 
2947 1.1824218167999758 
2948 1.1138867740944 
2949 1.1312234251313515 
2950 1.0686417956230243 
2951 5.332910432762086 
2952 1.1665993767224 
2953 0.9958144306844811 
2954 1.103961246393909 
2955 1.049445245564373 
2956 1.1536075004991333 
2957 1.1290140733610217 
2958 1.2464271662359212 
2959 1.145779122018643 
2960 1.306317384095994 
2961 1.145779122018643 
2962 1.3050950262730363 
2963 1.1762421053509406 
2964 1.3097520944683152 
2965 1.1762421053509406 
2966 1.339944265334988 
2967 1.1707458193427243 
2968 1.339944265334988 
2969 1.1962891607488486 
2970 1.339944265334988 
2971 1.1840378067963677 
2972 6.2632207734362 
2973 1.1076000480689783 
2974 5.941610050530943 
2975 1.0807093449133298 
2976 5.872068679725115 
2977 0.996653098796281 
2978 5.6944012302486 
2979 0.9788929503808 
2980 5.363936954231858 
2981 0.9066738434306756 
2982 4.959782608463942 
2983 0.9469565132940648 
2984 0.9598926970812758 
2985 0.9368660845445189 
2986 0.9434267664402919 
2987 0.9693404693771459 
2988 1.0269864909564426 
2989 0.9842462358164756 
2990 1.080312800162491 
2991 1.014525746250157 
2992 1.112093692959194 
2993 1.0526691694753028 
2994 1.1700884373969818 
2995 1.0896503013804972 
2996 1.1990294984104182 
2997 1.146728448673135 
2998 1.2696275118600908 
2999 1.1161980518755026 
3000 1.2795899115024 
3001 1.1762887777783135 
3002 1.3038146458126183 
3003 1.1934654634425297 
3004 14.603677727110266 
3005 1.1820677040408918 
3006 14.112526994734866 
3007 1.1820677040408918 
3008 14.089251614476334 
3009 1.2115175924062378 
3010 1.2876508298045515 
3011 1.205617816972346 
3012 1.2933315501672122 
3013 1.186983836311865 
3014 1.2761793645021453 
3015 1.286983124928594 
3016 1.2800742385590727 
3017 1.261640427852903 
3018 1.2654016994522062 
3019 1.278053241272012 
3020 13.401035510598334 
3021 1.255611420031382 
3022 13.603883919723067 
3023 1.2050411731519515 
3024 13.704969728878199 
3025 1.207249448266194 
