0 18.5 
1 16.5 
2 18.5 
3 15.5 
4 18.5 
5 15.5 
6 3.5 
7 15.5 
8 3.5 
9 16.5 
10 3.5 
11 1.5 
12 1.5 
13 1.5 
14 1.5 
15 1.5 
16 1.5 
17 16.5 
18 1.5 
19 16.5 
20 1.5 
21 16.5 
22 1.5 
23 16.5 
24 1.5 
25 18.5 
26 1.5 
27 18.5 
28 1.5 
29 18.5 
30 16.5 
31 18.5 
32 16.5 
33 18.5 
34 18.5 
35 18.5 
36 18.5 
37 18.5 
38 18.5 
39 18.5 
40 18.5 
41 18.5 
42 18.5 
43 18.5 
44 16.5 
45 18.5 
46 16.5 
47 18.5 
48 16.5 
49 18.5 
50 16.5 
51 18.5 
52 16.5 
53 16.5 
54 16.5 
55 16.5 
56 16.5 
57 16.5 
58 18.5 
59 18.5 
60 18.5 
61 18.5 
62 18.5 
63 18.5 
64 18.5 
65 18.5 
66 18.5 
67 18.5 
68 18.5 
69 18.5 
70 18.5 
71 18.5 
72 18.5 
73 18.5 
74 18.5 
75 18.5 
76 16.5 
77 18.5 
78 16.5 
79 16.5 
80 16.5 
81 16.5 
82 16.5 
83 16.5 
84 18.5 
85 18.5 
86 18.5 
87 3.5 
88 18.5 
89 18.5 
90 18.5 
91 18.5 
92 18.5 
93 18.5 
94 16.5 
95 18.5 
96 18.5 
97 18.5 
98 18.5 
99 18.5 
100 18.5 
101 18.5 
102 18.5 
103 18.5 
104 18.5 
105 18.5 
106 18.5 
107 16.5 
108 18.5 
109 16.5 
110 18.5 
111 16.5 
112 18.5 
113 16.5 
114 18.5 
115 16.5 
116 16.5 
117 16.5 
118 16.5 
119 18.5 
120 16.5 
121 18.5 
122 16.5 
123 18.5 
124 16.5 
125 18.5 
126 16.5 
127 18.5 
128 15.5 
129 18.5 
130 15.5 
131 18.5 
132 15.5 
133 18.5 
134 16.5 
135 18.5 
136 16.5 
137 18.5 
138 16.5 
139 18.5 
140 16.5 
141 18.5 
142 16.5 
143 18.5 
144 16.5 
145 16.5 
146 16.5 
147 16.5 
148 18.5 
149 16.5 
150 18.5 
151 16.5 
152 18.5 
153 18.5 
154 18.5 
155 18.5 
156 18.5 
157 18.5 
158 18.5 
159 18.5 
160 18.5 
161 16.5 
162 18.5 
163 16.5 
164 18.5 
165 16.5 
166 18.5 
167 16.5 
168 18.5 
169 16.5 
170 18.5 
171 18.5 
172 18.5 
173 18.5 
174 18.5 
175 18.5 
176 18.5 
177 18.5 
178 18.5 
179 18.5 
180 18.5 
181 18.5 
182 18.5 
183 18.5 
184 16.5 
185 18.5 
186 16.5 
187 18.5 
188 18.5 
189 18.5 
190 18.5 
191 18.5 
192 18.5 
193 18.5 
194 18.5 
195 18.5 
196 18.5 
197 18.5 
198 18.5 
199 18.5 
200 18.5 
201 18.5 
202 18.5 
203 18.5 
204 18.5 
205 16.5 
206 18.5 
207 16.5 
208 18.5 
209 16.5 
210 18.5 
211 16.5 
212 18.5 
213 16.5 
214 16.5 
215 16.5 
216 16.5 
217 16.5 
218 18.5 
219 16.5 
220 18.5 
221 18.5 
222 18.5 
223 16.5 
224 18.5 
225 16.5 
226 18.5 
227 18.5 
228 18.5 
229 18.5 
230 18.5 
231 18.5 
232 18.5 
233 18.5 
234 18.5 
235 18.5 
236 18.5 
237 18.5 
238 18.5 
239 18.5 
240 18.5 
241 18.5 
242 18.5 
243 18.5 
244 16.5 
245 18.5 
246 16.5 
247 18.5 
248 16.5 
249 18.5 
250 16.5 
251 18.5 
252 16.5 
253 18.5 
254 16.5 
255 18.5 
256 16.5 
257 18.5 
258 16.5 
259 16.5 
260 16.5 
261 16.5 
262 16.5 
263 16.5 
264 16.5 
265 16.5 
266 18.5 
267 16.5 
268 18.5 
269 16.5 
270 18.5 
271 16.5 
272 18.5 
273 16.5 
274 18.5 
275 16.5 
276 18.5 
277 16.5 
278 18.5 
279 16.5 
280 18.5 
281 16.5 
282 18.5 
283 16.5 
284 18.5 
285 16.5 
286 18.5 
287 18.5 
288 18.5 
289 18.5 
290 18.5 
291 18.5 
292 18.5 
293 18.5 
294 18.5 
295 18.5 
296 18.5 
297 18.5 
298 18.5 
299 18.5 
300 18.5 
301 18.5 
302 16.5 
303 18.5 
304 16.5 
305 18.5 
306 16.5 
307 18.5 
308 16.5 
309 18.5 
310 16.5 
311 16.5 
312 16.5 
313 16.5 
314 16.5 
315 16.5 
316 18.5 
317 16.5 
318 18.5 
319 16.5 
320 18.5 
321 16.5 
322 18.5 
323 16.5 
324 18.5 
325 16.5 
326 18.5 
327 16.5 
328 18.5 
329 16.5 
330 18.5 
331 16.5 
332 18.5 
333 16.5 
334 18.5 
335 16.5 
336 18.5 
337 16.5 
338 18.5 
339 16.5 
340 18.5 
341 16.5 
342 18.5 
343 16.5 
344 18.5 
345 16.5 
346 18.5 
347 16.5 
348 18.5 
349 16.5 
350 18.5 
351 16.5 
352 18.5 
353 16.5 
354 18.5 
355 16.5 
356 18.5 
357 16.5 
358 18.5 
359 16.5 
360 18.5 
361 16.5 
362 18.5 
363 16.5 
364 18.5 
365 16.5 
366 18.5 
367 16.5 
368 18.5 
369 16.5 
370 18.5 
371 16.5 
372 18.5 
373 16.5 
374 18.5 
375 18.5 
376 18.5 
377 18.5 
378 18.5 
379 18.5 
380 18.5 
381 3.5 
382 18.5 
383 3.5 
384 18.5 
385 18.5 
386 18.5 
387 18.5 
388 18.5 
389 18.5 
390 18.5 
391 18.5 
392 16.5 
393 18.5 
394 16.5 
395 18.5 
396 16.5 
397 18.5 
398 16.5 
399 18.5 
400 18.5 
401 18.5 
402 18.5 
403 18.5 
404 18.5 
405 18.5 
406 18.5 
407 16.5 
408 18.5 
409 18.5 
410 18.5 
411 18.5 
412 18.5 
413 16.5 
414 18.5 
415 16.5 
416 18.5 
417 16.5 
418 18.5 
419 16.5 
420 18.5 
421 16.5 
422 18.5 
423 16.5 
424 18.5 
425 16.5 
426 18.5 
427 16.5 
428 18.5 
429 18.5 
430 18.5 
431 18.5 
432 18.5 
433 18.5 
434 18.5 
435 18.5 
436 18.5 
437 18.5 
438 18.5 
439 18.5 
440 18.5 
441 18.5 
442 18.5 
443 18.5 
444 18.5 
445 18.5 
446 18.5 
447 18.5 
448 18.5 
449 18.5 
450 16.5 
451 18.5 
452 16.5 
453 18.5 
454 16.5 
455 18.5 
456 16.5 
457 18.5 
458 16.5 
459 16.5 
460 18.5 
461 18.5 
462 18.5 
463 18.5 
464 18.5 
465 18.5 
466 18.5 
467 18.5 
468 18.5 
469 18.5 
470 18.5 
471 18.5 
472 18.5 
473 18.5 
474 18.5 
475 16.5 
476 18.5 
477 16.5 
478 18.5 
479 18.5 
480 18.5 
481 18.5 
482 18.5 
483 16.5 
484 18.5 
485 18.5 
486 16.5 
487 18.5 
488 16.5 
489 18.5 
490 16.5 
491 18.5 
492 16.5 
493 18.5 
494 16.5 
495 18.5 
496 16.5 
497 3.5 
498 16.5 
499 3.5 
500 16.5 
501 3.5 
502 16.5 
503 1.5 
504 16.5 
505 3.5 
506 16.5 
507 3.5 
508 16.5 
509 18.5 
510 16.5 
511 18.5 
512 16.5 
513 18.5 
514 16.5 
515 18.5 
516 16.5 
517 18.5 
518 16.5 
519 18.5 
520 16.5 
521 18.5 
522 16.5 
523 18.5 
524 16.5 
525 18.5 
526 16.5 
527 18.5 
528 16.5 
529 3.5 
530 16.5 
531 3.5 
532 16.5 
533 18.5 
534 16.5 
535 18.5 
536 16.5 
537 18.5 
538 1.5 
539 18.5 
540 1.5 
541 16.5 
542 1.5 
543 16.5 
544 1.5 
545 16.5 
546 16.5 
547 16.5 
548 16.5 
549 15.5 
550 16.5 
551 15.5 
552 16.5 
553 0.5 
554 16.5 
555 1.5 
556 16.5 
557 1.5 
558 18.5 
559 1.5 
560 18.5 
561 1.5 
562 18.5 
563 1.5 
564 18.5 
565 1.5 
566 18.5 
567 3.5 
568 18.5 
569 3.5 
570 18.5 
571 18.5 
572 18.5 
573 18.5 
574 16.5 
575 18.5 
576 15.5 
577 18.5 
578 15.5 
579 18.5 
580 15.5 
581 18.5 
582 16.5 
583 18.5 
584 16.5 
585 18.5 
586 16.5 
587 18.5 
588 16.5 
589 18.5 
590 16.5 
591 18.5 
592 16.5 
593 18.5 
594 16.5 
595 18.5 
596 16.5 
597 16.5 
598 16.5 
599 18.5 
600 16.5 
601 18.5 
602 16.5 
603 18.5 
604 16.5 
605 18.5 
606 16.5 
607 16.5 
608 16.5 
609 16.5 
610 16.5 
611 16.5 
612 18.5 
613 16.5 
614 18.5 
615 16.5 
616 18.5 
617 16.5 
618 18.5 
619 15.5 
620 18.5 
621 15.5 
622 18.5 
623 15.5 
624 18.5 
625 16.5 
626 18.5 
627 16.5 
628 18.5 
629 16.5 
630 18.5 
631 16.5 
632 18.5 
633 16.5 
634 18.5 
635 16.5 
636 18.5 
637 16.5 
638 18.5 
639 18.5 
640 18.5 
641 18.5 
642 3.5 
643 18.5 
644 3.5 
645 18.5 
646 3.5 
647 3.5 
648 18.5 
649 3.5 
650 18.5 
651 18.5 
652 18.5 
653 18.5 
654 18.5 
655 18.5 
656 18.5 
657 18.5 
658 3.5 
659 18.5 
660 3.5 
661 18.5 
662 18.5 
663 18.5 
664 18.5 
665 18.5 
666 18.5 
667 18.5 
668 18.5 
669 18.5 
670 18.5 
671 18.5 
672 18.5 
673 18.5 
674 18.5 
675 18.5 
676 18.5 
677 18.5 
678 18.5 
679 18.5 
680 18.5 
681 18.5 
682 18.5 
683 3.5 
684 18.5 
685 3.5 
686 18.5 
687 18.5 
688 18.5 
689 18.5 
690 18.5 
691 18.5 
692 18.5 
693 18.5 
694 18.5 
695 18.5 
696 18.5 
697 18.5 
698 18.5 
699 18.5 
700 18.5 
701 18.5 
702 18.5 
703 18.5 
704 18.5 
705 18.5 
706 16.5 
707 18.5 
708 16.5 
709 18.5 
710 16.5 
711 18.5 
712 16.5 
713 18.5 
714 16.5 
715 18.5 
716 16.5 
717 18.5 
718 16.5 
719 18.5 
720 16.5 
721 18.5 
722 16.5 
723 18.5 
724 16.5 
725 18.5 
726 18.5 
727 18.5 
728 18.5 
729 18.5 
730 18.5 
731 18.5 
732 18.5 
733 18.5 
734 18.5 
735 18.5 
736 18.5 
737 18.5 
738 16.5 
739 18.5 
740 16.5 
741 18.5 
742 16.5 
743 18.5 
744 18.5 
745 18.5 
746 18.5 
747 16.5 
748 18.5 
749 16.5 
750 18.5 
751 18.5 
752 18.5 
753 18.5 
754 18.5 
755 18.5 
756 18.5 
757 18.5 
758 18.5 
759 18.5 
760 18.5 
761 16.5 
762 3.5 
763 16.5 
764 3.5 
765 18.5 
766 3.5 
767 18.5 
768 18.5 
769 18.5 
770 16.5 
771 16.5 
772 16.5 
773 16.5 
774 16.5 
775 18.5 
776 16.5 
777 18.5 
778 16.5 
779 18.5 
780 16.5 
781 18.5 
782 15.5 
783 18.5 
784 15.5 
785 18.5 
786 16.5 
787 18.5 
788 16.5 
789 18.5 
790 16.5 
791 18.5 
792 18.5 
793 18.5 
794 18.5 
795 18.5 
796 16.5 
797 18.5 
798 16.5 
799 3.5 
800 16.5 
801 3.5 
802 16.5 
803 3.5 
804 16.5 
805 3.5 
806 15.5 
807 18.5 
808 16.5 
809 18.5 
810 16.5 
811 18.5 
812 16.5 
813 16.5 
814 16.5 
815 16.5 
816 16.5 
817 1.5 
818 16.5 
819 1.5 
820 16.5 
821 1.5 
822 16.5 
823 16.5 
824 16.5 
825 16.5 
826 16.5 
827 16.5 
828 15.5 
829 16.5 
830 16.5 
831 16.5 
832 18.5 
833 3.5 
834 18.5 
835 3.5 
836 18.5 
837 3.5 
838 18.5 
839 3.5 
840 16.5 
841 3.5 
842 15.5 
843 3.5 
844 16.5 
845 3.5 
846 16.5 
847 3.5 
848 16.5 
849 3.5 
850 16.5 
851 3.5 
852 16.5 
853 3.5 
854 16.5 
855 16.5 
856 16.5 
857 16.5 
858 16.5 
859 16.5 
860 18.5 
861 16.5 
862 18.5 
863 18.5 
864 18.5 
865 18.5 
866 18.5 
867 16.5 
868 18.5 
869 18.5 
870 16.5 
871 18.5 
872 16.5 
873 18.5 
874 16.5 
875 18.5 
876 16.5 
877 18.5 
878 16.5 
879 16.5 
880 16.5 
881 16.5 
882 16.5 
883 16.5 
884 16.5 
885 16.5 
886 18.5 
887 16.5 
888 18.5 
889 16.5 
890 18.5 
891 16.5 
892 18.5 
893 16.5 
894 18.5 
895 16.5 
896 18.5 
897 16.5 
898 18.5 
899 16.5 
900 18.5 
901 16.5 
902 18.5 
903 16.5 
904 18.5 
905 16.5 
906 18.5 
907 16.5 
908 18.5 
909 16.5 
910 18.5 
911 16.5 
912 18.5 
913 16.5 
914 18.5 
915 16.5 
916 18.5 
917 16.5 
918 18.5 
919 16.5 
920 18.5 
921 16.5 
922 18.5 
923 16.5 
924 18.5 
925 18.5 
926 18.5 
927 18.5 
928 18.5 
929 18.5 
930 16.5 
931 18.5 
932 16.5 
933 18.5 
934 16.5 
935 18.5 
936 16.5 
937 18.5 
938 16.5 
939 3.5 
940 18.5 
941 3.5 
942 18.5 
943 3.5 
944 3.5 
945 3.5 
946 3.5 
947 3.5 
948 3.5 
949 3.5 
950 3.5 
951 3.5 
952 3.5 
953 3.5 
954 3.5 
955 18.5 
956 3.5 
957 18.5 
958 3.5 
959 18.5 
960 16.5 
961 18.5 
962 16.5 
963 18.5 
964 16.5 
965 18.5 
966 16.5 
967 18.5 
968 16.5 
969 18.5 
970 16.5 
971 18.5 
972 16.5 
973 18.5 
974 16.5 
975 18.5 
976 16.5 
977 18.5 
978 18.5 
979 18.5 
980 3.5 
981 18.5 
982 3.5 
983 18.5 
984 3.5 
985 18.5 
986 18.5 
987 18.5 
988 18.5 
989 18.5 
990 18.5 
991 3.5 
992 18.5 
993 3.5 
994 18.5 
995 3.5 
996 3.5 
997 3.5 
998 3.5 
999 3.5 
1000 3.5 
1001 3.5 
1002 3.5 
1003 3.5 
1004 3.5 
1005 3.5 
1006 3.5 
1007 3.5 
1008 3.5 
1009 3.5 
1010 3.5 
1011 3.5 
1012 3.5 
1013 3.5 
1014 3.5 
1015 3.5 
1016 3.5 
1017 3.5 
1018 3.5 
1019 18.5 
1020 16.5 
1021 18.5 
1022 16.5 
1023 18.5 
1024 16.5 
1025 18.5 
1026 16.5 
1027 18.5 
1028 16.5 
1029 3.5 
1030 16.5 
1031 16.5 
1032 16.5 
1033 16.5 
1034 16.5 
1035 16.5 
1036 16.5 
1037 16.5 
1038 16.5 
1039 16.5 
1040 16.5 
1041 3.5 
1042 16.5 
1043 3.5 
1044 15.5 
1045 3.5 
1046 15.5 
1047 3.5 
1048 15.5 
1049 3.5 
1050 1.5 
1051 16.5 
1052 1.5 
1053 16.5 
1054 1.5 
1055 16.5 
1056 1.5 
1057 16.5 
1058 1.5 
1059 18.5 
1060 1.5 
1061 3.5 
1062 1.5 
1063 3.5 
1064 16.5 
1065 18.5 
1066 18.5 
1067 18.5 
1068 18.5 
1069 18.5 
1070 18.5 
1071 18.5 
1072 18.5 
1073 18.5 
1074 18.5 
1075 18.5 
1076 18.5 
1077 18.5 
1078 18.5 
1079 18.5 
1080 18.5 
1081 18.5 
1082 18.5 
1083 18.5 
1084 18.5 
1085 18.5 
1086 18.5 
1087 16.5 
1088 18.5 
1089 16.5 
1090 18.5 
1091 18.5 
1092 18.5 
1093 18.5 
1094 18.5 
1095 18.5 
1096 16.5 
1097 18.5 
1098 16.5 
1099 18.5 
1100 16.5 
1101 18.5 
1102 16.5 
1103 18.5 
1104 16.5 
1105 18.5 
1106 16.5 
1107 18.5 
1108 18.5 
1109 18.5 
1110 18.5 
1111 18.5 
1112 18.5 
1113 18.5 
1114 18.5 
1115 16.5 
1116 18.5 
1117 16.5 
1118 16.5 
1119 16.5 
1120 15.5 
1121 16.5 
1122 16.5 
1123 16.5 
1124 16.5 
1125 18.5 
1126 18.5 
1127 18.5 
1128 18.5 
1129 18.5 
1130 3.5 
1131 18.5 
1132 3.5 
1133 3.5 
1134 3.5 
1135 3.5 
1136 3.5 
1137 3.5 
1138 18.5 
1139 3.5 
1140 18.5 
1141 3.5 
1142 18.5 
1143 3.5 
1144 18.5 
1145 3.5 
1146 18.5 
1147 3.5 
1148 18.5 
1149 3.5 
1150 18.5 
1151 18.5 
1152 18.5 
1153 18.5 
1154 18.5 
1155 18.5 
1156 18.5 
1157 18.5 
1158 18.5 
1159 18.5 
1160 18.5 
1161 18.5 
1162 18.5 
1163 18.5 
1164 18.5 
1165 18.5 
1166 16.5 
1167 18.5 
1168 16.5 
1169 18.5 
1170 16.5 
1171 18.5 
1172 16.5 
1173 18.5 
1174 16.5 
1175 18.5 
1176 16.5 
1177 18.5 
1178 18.5 
1179 18.5 
1180 18.5 
1181 18.5 
1182 18.5 
1183 18.5 
1184 18.5 
1185 18.5 
1186 3.5 
1187 18.5 
1188 3.5 
1189 18.5 
1190 3.5 
1191 18.5 
1192 3.5 
1193 18.5 
1194 3.5 
1195 18.5 
1196 3.5 
1197 18.5 
1198 3.5 
1199 3.5 
1200 3.5 
1201 3.5 
1202 3.5 
1203 3.5 
1204 3.5 
1205 3.5 
1206 3.5 
1207 3.5 
1208 3.5 
1209 3.5 
1210 3.5 
1211 3.5 
1212 3.5 
1213 3.5 
1214 3.5 
1215 1.5 
1216 3.5 
1217 1.5 
1218 3.5 
1219 1.5 
1220 3.5 
1221 1.5 
1222 3.5 
1223 3.5 
1224 3.5 
1225 3.5 
1226 3.5 
1227 3.5 
1228 3.5 
1229 1.5 
1230 3.5 
1231 1.5 
1232 16.5 
1233 1.5 
1234 16.5 
1235 16.5 
1236 16.5 
1237 18.5 
1238 18.5 
1239 18.5 
1240 18.5 
1241 18.5 
1242 18.5 
1243 18.5 
1244 18.5 
1245 18.5 
1246 18.5 
1247 16.5 
1248 18.5 
1249 16.5 
1250 18.5 
1251 16.5 
1252 18.5 
1253 16.5 
1254 18.5 
1255 16.5 
1256 18.5 
1257 16.5 
1258 18.5 
1259 16.5 
1260 18.5 
1261 18.5 
1262 18.5 
1263 18.5 
1264 18.5 
1265 18.5 
1266 18.5 
1267 18.5 
1268 18.5 
1269 18.5 
1270 18.5 
1271 16.5 
1272 3.5 
1273 16.5 
1274 3.5 
1275 16.5 
1276 3.5 
1277 16.5 
1278 3.5 
1279 16.5 
1280 18.5 
1281 16.5 
1282 18.5 
1283 16.5 
1284 18.5 
1285 16.5 
1286 18.5 
1287 16.5 
1288 18.5 
1289 16.5 
1290 18.5 
1291 16.5 
1292 18.5 
1293 16.5 
1294 18.5 
1295 1.5 
1296 18.5 
1297 16.5 
1298 18.5 
1299 16.5 
1300 3.5 
1301 16.5 
1302 3.5 
1303 18.5 
1304 3.5 
1305 18.5 
1306 3.5 
1307 18.5 
1308 3.5 
1309 18.5 
1310 3.5 
1311 18.5 
1312 3.5 
1313 18.5 
1314 3.5 
1315 18.5 
1316 3.5 
1317 18.5 
1318 3.5 
1319 18.5 
1320 1.5 
1321 18.5 
1322 3.5 
1323 18.5 
1324 18.5 
1325 18.5 
1326 18.5 
1327 3.5 
1328 18.5 
1329 18.5 
1330 18.5 
1331 18.5 
1332 16.5 
1333 18.5 
1334 16.5 
1335 18.5 
1336 16.5 
1337 18.5 
1338 16.5 
1339 18.5 
1340 18.5 
1341 18.5 
1342 18.5 
1343 18.5 
1344 18.5 
1345 18.5 
1346 18.5 
1347 18.5 
1348 18.5 
1349 18.5 
1350 16.5 
1351 16.5 
1352 16.5 
1353 16.5 
1354 16.5 
1355 16.5 
1356 15.5 
1357 16.5 
1358 16.5 
1359 16.5 
1360 16.5 
1361 18.5 
1362 16.5 
1363 3.5 
1364 16.5 
1365 3.5 
1366 16.5 
1367 3.5 
1368 16.5 
1369 3.5 
1370 16.5 
1371 3.5 
1372 16.5 
1373 3.5 
1374 16.5 
1375 3.5 
1376 16.5 
1377 3.5 
1378 16.5 
1379 3.5 
1380 1.5 
1381 3.5 
1382 16.5 
1383 3.5 
1384 16.5 
1385 3.5 
1386 16.5 
1387 3.5 
1388 16.5 
1389 3.5 
1390 16.5 
1391 3.5 
1392 16.5 
1393 3.5 
1394 16.5 
1395 3.5 
1396 16.5 
1397 18.5 
1398 16.5 
1399 18.5 
1400 16.5 
1401 18.5 
1402 16.5 
1403 18.5 
1404 16.5 
1405 18.5 
1406 16.5 
1407 18.5 
1408 16.5 
1409 18.5 
1410 16.5 
1411 18.5 
1412 1.5 
1413 18.5 
1414 1.5 
1415 18.5 
1416 1.5 
1417 18.5 
1418 1.5 
1419 18.5 
1420 1.5 
1421 18.5 
1422 1.5 
1423 18.5 
1424 16.5 
1425 16.5 
1426 16.5 
1427 16.5 
1428 16.5 
1429 16.5 
1430 16.5 
1431 16.5 
1432 16.5 
1433 16.5 
1434 3.5 
1435 15.5 
1436 18.5 
1437 16.5 
1438 18.5 
1439 16.5 
1440 18.5 
1441 16.5 
1442 18.5 
1443 16.5 
1444 18.5 
1445 16.5 
1446 18.5 
1447 16.5 
1448 18.5 
1449 16.5 
1450 18.5 
1451 16.5 
1452 18.5 
1453 16.5 
1454 18.5 
1455 3.5 
1456 18.5 
1457 3.5 
1458 18.5 
1459 3.5 
1460 18.5 
1461 3.5 
1462 18.5 
1463 3.5 
1464 18.5 
1465 3.5 
1466 18.5 
1467 18.5 
1468 18.5 
1469 18.5 
1470 18.5 
1471 16.5 
1472 18.5 
1473 16.5 
1474 18.5 
1475 16.5 
1476 18.5 
1477 16.5 
1478 18.5 
1479 16.5 
1480 18.5 
1481 16.5 
1482 18.5 
1483 16.5 
1484 18.5 
1485 16.5 
1486 18.5 
1487 1.5 
1488 18.5 
1489 1.5 
1490 18.5 
1491 1.5 
1492 18.5 
1493 16.5 
1494 18.5 
1495 16.5 
1496 18.5 
1497 16.5 
1498 16.5 
1499 16.5 
1500 16.5 
1501 16.5 
1502 16.5 
1503 1.5 
1504 16.5 
1505 1.5 
1506 16.5 
1507 1.5 
1508 16.5 
1509 1.5 
1510 1.5 
1511 18.5 
1512 16.5 
1513 18.5 
1514 16.5 
1515 18.5 
1516 16.5 
1517 18.5 
1518 15.5 
1519 18.5 
1520 15.5 
1521 3.5 
1522 15.5 
1523 3.5 
1524 16.5 
1525 3.5 
1526 1.5 
1527 1.5 
1528 1.5 
1529 1.5 
1530 1.5 
1531 1.5 
1532 16.5 
1533 1.5 
1534 16.5 
1535 1.5 
1536 16.5 
1537 1.5 
1538 16.5 
1539 1.5 
1540 18.5 
1541 1.5 
1542 18.5 
1543 1.5 
1544 18.5 
1545 16.5 
1546 18.5 
1547 16.5 
1548 18.5 
1549 18.5 
1550 18.5 
1551 18.5 
1552 18.5 
1553 18.5 
1554 18.5 
1555 18.5 
1556 18.5 
1557 18.5 
1558 18.5 
1559 16.5 
1560 18.5 
1561 16.5 
1562 18.5 
1563 16.5 
1564 18.5 
1565 16.5 
1566 18.5 
1567 16.5 
1568 16.5 
1569 16.5 
1570 16.5 
1571 16.5 
1572 16.5 
1573 18.5 
1574 18.5 
1575 18.5 
1576 18.5 
1577 18.5 
1578 18.5 
1579 18.5 
1580 18.5 
1581 18.5 
1582 18.5 
1583 18.5 
1584 18.5 
1585 18.5 
1586 18.5 
1587 18.5 
1588 18.5 
1589 18.5 
1590 18.5 
1591 16.5 
1592 18.5 
1593 16.5 
1594 16.5 
1595 16.5 
1596 16.5 
1597 16.5 
1598 16.5 
1599 18.5 
1600 18.5 
1601 18.5 
1602 3.5 
1603 18.5 
1604 18.5 
1605 18.5 
1606 18.5 
1607 18.5 
1608 18.5 
1609 16.5 
1610 18.5 
1611 18.5 
1612 18.5 
1613 18.5 
1614 18.5 
1615 18.5 
1616 18.5 
1617 18.5 
1618 18.5 
1619 18.5 
1620 18.5 
1621 18.5 
1622 16.5 
1623 18.5 
1624 16.5 
1625 18.5 
1626 16.5 
1627 18.5 
1628 16.5 
1629 18.5 
1630 16.5 
1631 16.5 
1632 16.5 
1633 16.5 
1634 18.5 
1635 16.5 
1636 18.5 
1637 16.5 
1638 18.5 
1639 16.5 
1640 18.5 
1641 16.5 
1642 18.5 
1643 15.5 
1644 18.5 
1645 15.5 
1646 18.5 
1647 15.5 
1648 18.5 
1649 16.5 
1650 18.5 
1651 16.5 
1652 18.5 
1653 16.5 
1654 18.5 
1655 16.5 
1656 18.5 
1657 16.5 
1658 18.5 
1659 16.5 
1660 16.5 
1661 16.5 
1662 16.5 
1663 18.5 
1664 16.5 
1665 18.5 
1666 16.5 
1667 18.5 
1668 18.5 
1669 18.5 
1670 18.5 
1671 18.5 
1672 18.5 
1673 18.5 
1674 18.5 
1675 18.5 
1676 16.5 
1677 18.5 
1678 16.5 
1679 18.5 
1680 16.5 
1681 18.5 
1682 16.5 
1683 18.5 
1684 16.5 
1685 18.5 
1686 18.5 
1687 18.5 
1688 18.5 
1689 18.5 
1690 18.5 
1691 18.5 
1692 18.5 
1693 18.5 
1694 18.5 
1695 18.5 
1696 18.5 
1697 18.5 
1698 18.5 
1699 16.5 
1700 18.5 
1701 16.5 
1702 18.5 
1703 18.5 
1704 18.5 
1705 18.5 
1706 18.5 
1707 18.5 
1708 18.5 
1709 18.5 
1710 18.5 
1711 18.5 
1712 18.5 
1713 18.5 
1714 18.5 
1715 18.5 
1716 18.5 
1717 18.5 
1718 18.5 
1719 18.5 
1720 16.5 
1721 18.5 
1722 16.5 
1723 18.5 
1724 16.5 
1725 18.5 
1726 16.5 
1727 18.5 
1728 16.5 
1729 16.5 
1730 16.5 
1731 16.5 
1732 16.5 
1733 18.5 
1734 16.5 
1735 18.5 
1736 18.5 
1737 18.5 
1738 16.5 
1739 18.5 
1740 16.5 
1741 18.5 
1742 18.5 
1743 18.5 
1744 18.5 
1745 18.5 
1746 18.5 
1747 18.5 
1748 18.5 
1749 18.5 
1750 18.5 
1751 18.5 
1752 18.5 
1753 18.5 
1754 18.5 
1755 18.5 
1756 18.5 
1757 18.5 
1758 18.5 
1759 16.5 
1760 18.5 
1761 16.5 
1762 18.5 
1763 16.5 
1764 18.5 
1765 16.5 
1766 18.5 
1767 16.5 
1768 18.5 
1769 16.5 
1770 18.5 
1771 16.5 
1772 18.5 
1773 16.5 
1774 16.5 
1775 16.5 
1776 16.5 
1777 16.5 
1778 16.5 
1779 16.5 
1780 16.5 
1781 18.5 
1782 16.5 
1783 18.5 
1784 16.5 
1785 18.5 
1786 16.5 
1787 18.5 
1788 16.5 
1789 18.5 
1790 16.5 
1791 18.5 
1792 16.5 
1793 18.5 
1794 16.5 
1795 18.5 
1796 16.5 
1797 18.5 
1798 16.5 
1799 18.5 
1800 16.5 
1801 18.5 
1802 18.5 
1803 18.5 
1804 18.5 
1805 18.5 
1806 18.5 
1807 18.5 
1808 18.5 
1809 18.5 
1810 18.5 
1811 18.5 
1812 18.5 
1813 18.5 
1814 18.5 
1815 18.5 
1816 18.5 
1817 16.5 
1818 18.5 
1819 16.5 
1820 18.5 
1821 16.5 
1822 18.5 
1823 16.5 
1824 18.5 
1825 16.5 
1826 16.5 
1827 16.5 
1828 16.5 
1829 16.5 
1830 16.5 
1831 18.5 
1832 16.5 
1833 18.5 
1834 16.5 
1835 18.5 
1836 16.5 
1837 18.5 
1838 16.5 
1839 18.5 
1840 16.5 
1841 18.5 
1842 16.5 
1843 18.5 
1844 16.5 
1845 18.5 
1846 16.5 
1847 18.5 
1848 16.5 
1849 18.5 
1850 16.5 
1851 18.5 
1852 16.5 
1853 18.5 
1854 16.5 
1855 18.5 
1856 16.5 
1857 18.5 
1858 16.5 
1859 18.5 
1860 16.5 
1861 18.5 
1862 16.5 
1863 18.5 
1864 16.5 
1865 18.5 
1866 16.5 
1867 18.5 
1868 16.5 
1869 18.5 
1870 16.5 
1871 18.5 
1872 16.5 
1873 18.5 
1874 16.5 
1875 18.5 
1876 16.5 
1877 18.5 
1878 16.5 
1879 18.5 
1880 16.5 
1881 18.5 
1882 16.5 
1883 18.5 
1884 16.5 
1885 18.5 
1886 16.5 
1887 18.5 
1888 16.5 
1889 18.5 
1890 18.5 
1891 18.5 
1892 18.5 
1893 18.5 
1894 18.5 
1895 18.5 
1896 3.5 
1897 18.5 
1898 3.5 
1899 18.5 
1900 18.5 
1901 18.5 
1902 18.5 
1903 18.5 
1904 18.5 
1905 18.5 
1906 18.5 
1907 16.5 
1908 18.5 
1909 16.5 
1910 18.5 
1911 16.5 
1912 18.5 
1913 16.5 
1914 18.5 
1915 18.5 
1916 18.5 
1917 18.5 
1918 18.5 
1919 18.5 
1920 18.5 
1921 18.5 
1922 16.5 
1923 18.5 
1924 18.5 
1925 18.5 
1926 18.5 
1927 18.5 
1928 16.5 
1929 18.5 
1930 16.5 
1931 18.5 
1932 16.5 
1933 18.5 
1934 16.5 
1935 18.5 
1936 16.5 
1937 18.5 
1938 16.5 
1939 18.5 
1940 16.5 
1941 18.5 
1942 16.5 
1943 18.5 
1944 18.5 
1945 18.5 
1946 18.5 
1947 18.5 
1948 18.5 
1949 18.5 
1950 18.5 
1951 18.5 
1952 18.5 
1953 18.5 
1954 18.5 
1955 18.5 
1956 18.5 
1957 18.5 
1958 18.5 
1959 18.5 
1960 18.5 
1961 18.5 
1962 18.5 
1963 18.5 
1964 18.5 
1965 16.5 
1966 18.5 
1967 16.5 
1968 18.5 
1969 16.5 
1970 18.5 
1971 16.5 
1972 18.5 
1973 16.5 
1974 16.5 
1975 18.5 
1976 18.5 
1977 18.5 
1978 18.5 
1979 18.5 
1980 18.5 
1981 18.5 
1982 18.5 
1983 18.5 
1984 18.5 
1985 18.5 
1986 18.5 
1987 18.5 
1988 18.5 
1989 18.5 
1990 16.5 
1991 18.5 
1992 16.5 
1993 18.5 
1994 18.5 
1995 18.5 
1996 18.5 
1997 18.5 
1998 16.5 
1999 18.5 
2000 18.5 
2001 16.5 
2002 18.5 
2003 16.5 
2004 18.5 
2005 16.5 
2006 18.5 
2007 16.5 
2008 18.5 
2009 16.5 
2010 18.5 
2011 16.5 
2012 3.5 
2013 16.5 
2014 3.5 
2015 16.5 
2016 3.5 
2017 16.5 
2018 1.5 
2019 16.5 
2020 3.5 
2021 16.5 
2022 3.5 
2023 16.5 
2024 18.5 
2025 16.5 
2026 18.5 
2027 16.5 
2028 18.5 
2029 16.5 
2030 18.5 
2031 16.5 
2032 18.5 
2033 16.5 
2034 18.5 
2035 16.5 
2036 18.5 
2037 16.5 
2038 18.5 
2039 16.5 
2040 18.5 
2041 16.5 
2042 18.5 
2043 16.5 
2044 3.5 
2045 16.5 
2046 3.5 
2047 16.5 
2048 18.5 
2049 16.5 
2050 18.5 
2051 16.5 
2052 18.5 
2053 1.5 
2054 18.5 
2055 1.5 
2056 16.5 
2057 1.5 
2058 16.5 
2059 1.5 
2060 16.5 
2061 16.5 
2062 16.5 
2063 16.5 
2064 15.5 
2065 16.5 
2066 15.5 
2067 16.5 
2068 0.5 
2069 16.5 
2070 1.5 
2071 16.5 
2072 1.5 
2073 18.5 
2074 1.5 
2075 18.5 
2076 1.5 
2077 18.5 
2078 1.5 
2079 18.5 
2080 1.5 
2081 18.5 
2082 3.5 
2083 18.5 
2084 3.5 
2085 18.5 
2086 18.5 
2087 18.5 
2088 18.5 
2089 16.5 
2090 18.5 
2091 15.5 
2092 18.5 
2093 15.5 
2094 18.5 
2095 15.5 
2096 18.5 
2097 16.5 
2098 18.5 
2099 16.5 
2100 18.5 
2101 16.5 
2102 18.5 
2103 16.5 
2104 18.5 
2105 16.5 
2106 18.5 
2107 16.5 
2108 18.5 
2109 16.5 
2110 18.5 
2111 16.5 
2112 16.5 
2113 16.5 
2114 18.5 
2115 16.5 
2116 18.5 
2117 16.5 
2118 18.5 
2119 16.5 
2120 18.5 
2121 16.5 
2122 16.5 
2123 16.5 
2124 16.5 
2125 16.5 
2126 16.5 
2127 18.5 
2128 16.5 
2129 18.5 
2130 16.5 
2131 18.5 
2132 16.5 
2133 18.5 
2134 15.5 
2135 18.5 
2136 15.5 
2137 18.5 
2138 15.5 
2139 18.5 
2140 16.5 
2141 18.5 
2142 16.5 
2143 18.5 
2144 16.5 
2145 18.5 
2146 16.5 
2147 18.5 
2148 16.5 
2149 18.5 
2150 16.5 
2151 18.5 
2152 16.5 
2153 18.5 
2154 18.5 
2155 18.5 
2156 18.5 
2157 3.5 
2158 18.5 
2159 3.5 
2160 18.5 
2161 3.5 
2162 3.5 
2163 18.5 
2164 3.5 
2165 18.5 
2166 18.5 
2167 18.5 
2168 18.5 
2169 18.5 
2170 18.5 
2171 18.5 
2172 18.5 
2173 3.5 
2174 18.5 
2175 3.5 
2176 18.5 
2177 18.5 
2178 18.5 
2179 18.5 
2180 18.5 
2181 18.5 
2182 18.5 
2183 18.5 
2184 18.5 
2185 18.5 
2186 18.5 
2187 18.5 
2188 18.5 
2189 18.5 
2190 18.5 
2191 18.5 
2192 18.5 
2193 18.5 
2194 18.5 
2195 18.5 
2196 18.5 
2197 18.5 
2198 3.5 
2199 18.5 
2200 3.5 
2201 18.5 
2202 18.5 
2203 18.5 
2204 18.5 
2205 18.5 
2206 18.5 
2207 18.5 
2208 18.5 
2209 18.5 
2210 18.5 
2211 18.5 
2212 18.5 
2213 18.5 
2214 18.5 
2215 18.5 
2216 18.5 
2217 18.5 
2218 18.5 
2219 18.5 
2220 18.5 
2221 16.5 
2222 18.5 
2223 16.5 
2224 18.5 
2225 16.5 
2226 18.5 
2227 16.5 
2228 18.5 
2229 16.5 
2230 18.5 
2231 16.5 
2232 18.5 
2233 16.5 
2234 18.5 
2235 16.5 
2236 18.5 
2237 16.5 
2238 18.5 
2239 16.5 
2240 18.5 
2241 18.5 
2242 18.5 
2243 18.5 
2244 18.5 
2245 18.5 
2246 18.5 
2247 18.5 
2248 18.5 
2249 18.5 
2250 18.5 
2251 18.5 
2252 18.5 
2253 16.5 
2254 18.5 
2255 16.5 
2256 18.5 
2257 16.5 
2258 18.5 
2259 18.5 
2260 18.5 
2261 18.5 
2262 16.5 
2263 18.5 
2264 16.5 
2265 18.5 
2266 18.5 
2267 18.5 
2268 18.5 
2269 18.5 
2270 18.5 
2271 18.5 
2272 18.5 
2273 18.5 
2274 18.5 
2275 18.5 
2276 16.5 
2277 3.5 
2278 16.5 
2279 3.5 
2280 18.5 
2281 3.5 
2282 18.5 
2283 18.5 
2284 18.5 
2285 16.5 
2286 16.5 
2287 16.5 
2288 16.5 
2289 16.5 
2290 18.5 
2291 16.5 
2292 18.5 
2293 16.5 
2294 18.5 
2295 16.5 
2296 18.5 
2297 15.5 
2298 18.5 
2299 15.5 
2300 18.5 
2301 16.5 
2302 18.5 
2303 16.5 
2304 18.5 
2305 16.5 
2306 18.5 
2307 18.5 
2308 18.5 
2309 18.5 
2310 18.5 
2311 16.5 
2312 18.5 
2313 16.5 
2314 3.5 
2315 16.5 
2316 3.5 
2317 16.5 
2318 3.5 
2319 16.5 
2320 3.5 
2321 15.5 
2322 18.5 
2323 16.5 
2324 18.5 
2325 16.5 
2326 18.5 
2327 16.5 
2328 16.5 
2329 16.5 
2330 16.5 
2331 16.5 
2332 1.5 
2333 16.5 
2334 1.5 
2335 16.5 
2336 1.5 
2337 16.5 
2338 16.5 
2339 16.5 
2340 16.5 
2341 16.5 
2342 16.5 
2343 15.5 
2344 16.5 
2345 16.5 
2346 16.5 
2347 18.5 
2348 3.5 
2349 18.5 
2350 3.5 
2351 18.5 
2352 3.5 
2353 18.5 
2354 3.5 
2355 16.5 
2356 3.5 
2357 15.5 
2358 3.5 
2359 16.5 
2360 3.5 
2361 16.5 
2362 3.5 
2363 16.5 
2364 3.5 
2365 16.5 
2366 3.5 
2367 16.5 
2368 3.5 
2369 16.5 
2370 16.5 
2371 16.5 
2372 16.5 
2373 16.5 
2374 16.5 
2375 18.5 
2376 16.5 
2377 18.5 
2378 18.5 
2379 18.5 
2380 18.5 
2381 18.5 
2382 16.5 
2383 18.5 
2384 18.5 
2385 16.5 
2386 18.5 
2387 16.5 
2388 18.5 
2389 16.5 
2390 18.5 
2391 16.5 
2392 18.5 
2393 16.5 
2394 16.5 
2395 16.5 
2396 16.5 
2397 16.5 
2398 16.5 
2399 16.5 
2400 16.5 
2401 18.5 
2402 16.5 
2403 18.5 
2404 16.5 
2405 18.5 
2406 16.5 
2407 18.5 
2408 16.5 
2409 18.5 
2410 16.5 
2411 18.5 
2412 16.5 
2413 18.5 
2414 16.5 
2415 18.5 
2416 16.5 
2417 18.5 
2418 16.5 
2419 18.5 
2420 16.5 
2421 18.5 
2422 16.5 
2423 18.5 
2424 16.5 
2425 18.5 
2426 16.5 
2427 18.5 
2428 16.5 
2429 18.5 
2430 16.5 
2431 18.5 
2432 16.5 
2433 18.5 
2434 16.5 
2435 18.5 
2436 16.5 
2437 18.5 
2438 16.5 
2439 18.5 
2440 18.5 
2441 18.5 
2442 18.5 
2443 18.5 
2444 18.5 
2445 16.5 
2446 18.5 
2447 16.5 
2448 18.5 
2449 16.5 
2450 18.5 
2451 16.5 
2452 18.5 
2453 16.5 
2454 3.5 
2455 18.5 
2456 3.5 
2457 18.5 
2458 3.5 
2459 3.5 
2460 3.5 
2461 3.5 
2462 3.5 
2463 3.5 
2464 3.5 
2465 3.5 
2466 3.5 
2467 3.5 
2468 3.5 
2469 3.5 
2470 18.5 
2471 3.5 
2472 18.5 
2473 3.5 
2474 18.5 
2475 16.5 
2476 18.5 
2477 16.5 
2478 18.5 
2479 16.5 
2480 18.5 
2481 16.5 
2482 18.5 
2483 16.5 
2484 18.5 
2485 16.5 
2486 18.5 
2487 16.5 
2488 18.5 
2489 16.5 
2490 18.5 
2491 16.5 
2492 18.5 
2493 18.5 
2494 18.5 
2495 3.5 
2496 18.5 
2497 3.5 
2498 18.5 
2499 3.5 
2500 18.5 
2501 18.5 
2502 18.5 
2503 18.5 
2504 18.5 
2505 18.5 
2506 3.5 
2507 18.5 
2508 3.5 
2509 18.5 
2510 3.5 
2511 3.5 
2512 3.5 
2513 3.5 
2514 3.5 
2515 3.5 
2516 3.5 
2517 3.5 
2518 3.5 
2519 3.5 
2520 3.5 
2521 3.5 
2522 3.5 
2523 3.5 
2524 3.5 
2525 3.5 
2526 3.5 
2527 3.5 
2528 3.5 
2529 3.5 
2530 3.5 
2531 3.5 
2532 3.5 
2533 3.5 
2534 18.5 
2535 16.5 
2536 18.5 
2537 16.5 
2538 18.5 
2539 16.5 
2540 18.5 
2541 16.5 
2542 18.5 
2543 16.5 
2544 3.5 
2545 16.5 
2546 16.5 
2547 16.5 
2548 16.5 
2549 16.5 
2550 16.5 
2551 16.5 
2552 16.5 
2553 16.5 
2554 16.5 
2555 16.5 
2556 3.5 
2557 16.5 
2558 3.5 
2559 15.5 
2560 3.5 
2561 15.5 
2562 3.5 
2563 15.5 
2564 3.5 
2565 1.5 
2566 16.5 
2567 1.5 
2568 16.5 
2569 1.5 
2570 16.5 
2571 1.5 
2572 16.5 
2573 1.5 
2574 18.5 
2575 1.5 
2576 3.5 
2577 1.5 
2578 3.5 
2579 16.5 
2580 18.5 
2581 18.5 
2582 18.5 
2583 18.5 
2584 18.5 
2585 18.5 
2586 18.5 
2587 18.5 
2588 18.5 
2589 18.5 
2590 18.5 
2591 18.5 
2592 18.5 
2593 18.5 
2594 18.5 
2595 18.5 
2596 18.5 
2597 18.5 
2598 18.5 
2599 18.5 
2600 18.5 
2601 18.5 
2602 16.5 
2603 18.5 
2604 16.5 
2605 18.5 
2606 18.5 
2607 18.5 
2608 18.5 
2609 18.5 
2610 18.5 
2611 16.5 
2612 18.5 
2613 16.5 
2614 18.5 
2615 16.5 
2616 18.5 
2617 16.5 
2618 18.5 
2619 16.5 
2620 18.5 
2621 16.5 
2622 18.5 
2623 18.5 
2624 18.5 
2625 18.5 
2626 18.5 
2627 18.5 
2628 18.5 
2629 18.5 
2630 16.5 
2631 18.5 
2632 16.5 
2633 16.5 
2634 16.5 
2635 15.5 
2636 16.5 
2637 16.5 
2638 16.5 
2639 16.5 
2640 18.5 
2641 18.5 
2642 18.5 
2643 18.5 
2644 18.5 
2645 3.5 
2646 18.5 
2647 3.5 
2648 3.5 
2649 3.5 
2650 3.5 
2651 3.5 
2652 3.5 
2653 18.5 
2654 3.5 
2655 18.5 
2656 3.5 
2657 18.5 
2658 3.5 
2659 18.5 
2660 3.5 
2661 18.5 
2662 3.5 
2663 18.5 
2664 3.5 
2665 18.5 
2666 18.5 
2667 18.5 
2668 18.5 
2669 18.5 
2670 18.5 
2671 18.5 
2672 18.5 
2673 18.5 
2674 18.5 
2675 18.5 
2676 18.5 
2677 18.5 
2678 18.5 
2679 18.5 
2680 18.5 
2681 16.5 
2682 18.5 
2683 16.5 
2684 18.5 
2685 16.5 
2686 18.5 
2687 16.5 
2688 18.5 
2689 16.5 
2690 18.5 
2691 16.5 
2692 18.5 
2693 18.5 
2694 18.5 
2695 18.5 
2696 18.5 
2697 18.5 
2698 18.5 
2699 18.5 
2700 18.5 
2701 3.5 
2702 18.5 
2703 3.5 
2704 18.5 
2705 3.5 
2706 18.5 
2707 3.5 
2708 18.5 
2709 3.5 
2710 18.5 
2711 3.5 
2712 18.5 
2713 3.5 
2714 3.5 
2715 3.5 
2716 3.5 
2717 3.5 
2718 3.5 
2719 3.5 
2720 3.5 
2721 3.5 
2722 3.5 
2723 3.5 
2724 3.5 
2725 3.5 
2726 3.5 
2727 3.5 
2728 3.5 
2729 3.5 
2730 1.5 
2731 3.5 
2732 1.5 
2733 3.5 
2734 1.5 
2735 3.5 
2736 1.5 
2737 3.5 
2738 3.5 
2739 3.5 
2740 3.5 
2741 3.5 
2742 3.5 
2743 3.5 
2744 1.5 
2745 3.5 
2746 1.5 
2747 16.5 
2748 1.5 
2749 16.5 
2750 16.5 
2751 16.5 
2752 18.5 
2753 18.5 
2754 18.5 
2755 18.5 
2756 18.5 
2757 18.5 
2758 18.5 
2759 18.5 
2760 18.5 
2761 18.5 
2762 16.5 
2763 18.5 
2764 16.5 
2765 18.5 
2766 16.5 
2767 18.5 
2768 16.5 
2769 18.5 
2770 16.5 
2771 18.5 
2772 16.5 
2773 18.5 
2774 16.5 
2775 18.5 
2776 18.5 
2777 18.5 
2778 18.5 
2779 18.5 
2780 18.5 
2781 18.5 
2782 18.5 
2783 18.5 
2784 18.5 
2785 18.5 
2786 16.5 
2787 3.5 
2788 16.5 
2789 3.5 
2790 16.5 
2791 3.5 
2792 16.5 
2793 3.5 
2794 16.5 
2795 18.5 
2796 16.5 
2797 18.5 
2798 16.5 
2799 18.5 
2800 16.5 
2801 18.5 
2802 16.5 
2803 18.5 
2804 16.5 
2805 18.5 
2806 16.5 
2807 18.5 
2808 16.5 
2809 18.5 
2810 1.5 
2811 18.5 
2812 16.5 
2813 18.5 
2814 16.5 
2815 3.5 
2816 16.5 
2817 3.5 
2818 18.5 
2819 3.5 
2820 18.5 
2821 3.5 
2822 18.5 
2823 3.5 
2824 18.5 
2825 3.5 
2826 18.5 
2827 3.5 
2828 18.5 
2829 3.5 
2830 18.5 
2831 3.5 
2832 18.5 
2833 3.5 
2834 18.5 
2835 1.5 
2836 18.5 
2837 3.5 
2838 18.5 
2839 18.5 
2840 18.5 
2841 18.5 
2842 3.5 
2843 18.5 
2844 18.5 
2845 18.5 
2846 18.5 
2847 16.5 
2848 18.5 
2849 16.5 
2850 18.5 
2851 16.5 
2852 18.5 
2853 16.5 
2854 18.5 
2855 18.5 
2856 18.5 
2857 18.5 
2858 18.5 
2859 18.5 
2860 18.5 
2861 18.5 
2862 18.5 
2863 18.5 
2864 18.5 
2865 16.5 
2866 16.5 
2867 16.5 
2868 16.5 
2869 16.5 
2870 16.5 
2871 16.5 
2872 16.5 
2873 15.5 
2874 16.5 
2875 16.5 
2876 16.5 
2877 16.5 
2878 18.5 
2879 16.5 
2880 3.5 
2881 16.5 
2882 3.5 
2883 16.5 
2884 3.5 
2885 16.5 
2886 3.5 
2887 16.5 
2888 3.5 
2889 16.5 
2890 3.5 
2891 16.5 
2892 3.5 
2893 16.5 
2894 3.5 
2895 16.5 
2896 3.5 
2897 1.5 
2898 3.5 
2899 16.5 
2900 3.5 
2901 16.5 
2902 3.5 
2903 16.5 
2904 3.5 
2905 16.5 
2906 3.5 
2907 16.5 
2908 3.5 
2909 16.5 
2910 3.5 
2911 16.5 
2912 3.5 
2913 16.5 
2914 18.5 
2915 16.5 
2916 18.5 
2917 16.5 
2918 18.5 
2919 16.5 
2920 18.5 
2921 16.5 
2922 18.5 
2923 16.5 
2924 18.5 
2925 16.5 
2926 18.5 
2927 16.5 
2928 18.5 
2929 1.5 
2930 18.5 
2931 1.5 
2932 18.5 
2933 1.5 
2934 18.5 
2935 1.5 
2936 18.5 
2937 1.5 
2938 18.5 
2939 1.5 
2940 18.5 
2941 16.5 
2942 16.5 
2943 16.5 
2944 16.5 
2945 16.5 
2946 16.5 
2947 16.5 
2948 16.5 
2949 16.5 
2950 16.5 
2951 3.5 
2952 15.5 
2953 18.5 
2954 16.5 
2955 18.5 
2956 16.5 
2957 18.5 
2958 16.5 
2959 18.5 
2960 16.5 
2961 18.5 
2962 16.5 
2963 18.5 
2964 16.5 
2965 18.5 
2966 16.5 
2967 18.5 
2968 16.5 
2969 18.5 
2970 16.5 
2971 18.5 
2972 3.5 
2973 18.5 
2974 3.5 
2975 18.5 
2976 3.5 
2977 18.5 
2978 3.5 
2979 18.5 
2980 3.5 
2981 18.5 
2982 3.5 
2983 18.5 
2984 18.5 
2985 18.5 
2986 18.5 
2987 18.5 
2988 16.5 
2989 18.5 
2990 16.5 
2991 18.5 
2992 16.5 
2993 18.5 
2994 16.5 
2995 18.5 
2996 16.5 
2997 18.5 
2998 16.5 
2999 18.5 
3000 16.5 
3001 18.5 
3002 16.5 
3003 18.5 
3004 1.5 
3005 18.5 
3006 1.5 
3007 18.5 
3008 1.5 
3009 18.5 
3010 16.5 
3011 18.5 
3012 16.5 
3013 18.5 
3014 16.5 
3015 16.5 
3016 16.5 
3017 16.5 
3018 16.5 
3019 16.5 
3020 1.5 
3021 16.5 
3022 1.5 
3023 16.5 
3024 1.5 
3025 16.5 
