0 4.401546411226173 
1 6.447280318005884 
2 7.3553697848438455 
3 9.434518748453561 
4 7.522241372198419 
5 7.376701583571936 
6 6.407244519331091 
7 7.385898429245615 
8 6.83055777216839 
9 9.09353915532044 
10 7.992088520160745 
11 8.658689853923585 
12 6.759914709404368 
13 8.039469901133572 
14 6.982686058281391 
15 8.336819676171622 
16 5.904750910496152 
17 8.74585884197708 
18 10.628069855363314 
19 8.792463430279602 
20 8.474163151174256 
21 6.184100023590469 
22 8.985669816636209 
23 8.953750845890944 
24 7.491969134038297 
25 7.91676859192148 
26 8.607549632451024 
27 6.180883091926972 
28 4.713696825846359 
29 8.457349335398115 
30 6.494540274379858 
31 9.57667060147818 
32 7.881126502266082 
33 7.821152128470921 
34 8.278242471371673 
35 6.593024224542695 
36 8.3425570848914 
37 8.570368372442767 
38 7.3408358215224565 
39 11.541742913514748 
40 6.269915704596857 
41 6.899195810119732 
42 8.445973048948458 
43 7.318369625907314 
44 8.793956637236793 
45 6.063402342784366 
46 5.312581063553826 
47 7.8719410229027975 
48 10.50782643551458 
49 8.572557948458012 
50 8.48007407901627 
51 6.195591611002952 
52 8.362833746393616 
53 9.068020357246324 
54 7.207067018803342 
55 7.935701636217779 
56 7.541921702041961 
57 8.449852531145744 
58 6.268894249595705 
59 9.70901456246629 
60 8.882398285486781 
61 10.684899820402757 
62 7.217683246861637 
63 6.664141446239498 
64 8.089319362235992 
65 8.313223687600836 
66 8.179331621141474 
67 7.2741878699481965 
68 8.3991909806356 
69 9.450483192472607 
70 8.788189395431479 
71 7.712995842198468 
72 8.18953674090215 
73 7.42586009093098 
74 7.971946256935033 
75 9.178269603616773 
76 8.32297303464876 
77 8.087634760039876 
78 9.751451335786907 
79 8.619861648300608 
80 3.525096210333986 
81 6.656558234314816 
82 8.329534938218156 
83 8.025809315693396 
84 8.219661086037583 
85 8.48137730496167 
86 9.254618147798382 
87 9.384868053038337 
88 8.848761284306507 
89 7.3865487910113945 
90 7.120684649874115 
91 8.252588830889282 
92 8.674197270948715 
93 9.77529179251967 
94 8.388691886918869 
95 8.553694299989804 
96 7.887069265412424 
97 7.797408488408841 
98 7.9268829234735145 
99 8.917675874268609 
100 9.080172064799239 
101 8.430270396298507 
102 8.731166589991735 
103 7.89171411261341 
104 7.764928909952607 
105 5.300034244281774 
106 9.648199777329983 
107 8.424699412282218 
108 7.962018948763167 
109 7.890110799676442 
110 7.645231554982802 
111 10.330925257700217 
112 8.671130783177489 
113 6.946166967523972 
114 7.9624119385757925 
115 9.126603404494212 
116 8.019993078142418 
117 7.772296015180266 
118 8.374037175314951 
119 8.012868567149239 
120 8.558913255967235 
121 6.429333047197143 
122 8.774382501040758 
123 8.25151729171544 
124 7.561473533155217 
125 7.988359248226843 
126 6.52129918994978 
127 7.976813005408777 
128 9.23245432533568 
129 8.469577157626913 
130 10.375622764356358 
131 7.654970898983244 
132 7.147026548069387 
133 8.97467203310588 
134 7.39390584647387 
135 8.79334823244288 
136 8.029081776224231 
137 8.723829887247367 
138 6.956443282725587 
139 8.928534327875273 
140 7.11161751291155 
141 8.169756561237568 
142 10.824289659087976 
143 8.654652002558652 
144 9.407432993159134 
145 8.178629857050096 
146 7.782304241178283 
147 7.383766046292188 
148 7.817507786187834 
149 8.623991216256504 
150 6.2611738327578665 
151 8.434949613174782 
152 8.989213297241921 
153 7.295647106913316 
154 8.544493743863038 
155 8.33140457617995 
156 7.581127000882051 
157 9.49074979182506 
158 7.823559256274808 
159 8.171204921849277 
160 8.391192487286084 
161 7.43132019510674 
162 8.772712441540405 
163 5.730448005486841 
164 8.832661209654153 
165 4.681560853647647 
166 8.897509980865587 
167 6.146716200274047 
168 8.147111326072558 
169 8.81330346749148 
170 6.562377179477552 
171 10.01270953788273 
172 7.92733238328161 
173 9.057230899459931 
174 5.108563104573014 
175 7.82509183648721 
176 9.355644877073862 
177 8.767046321514494 
178 8.932318209406578 
179 7.768092751046413 
180 7.068448087579038 
181 8.202862384172791 
182 8.263580034084304 
183 7.076402397771618 
184 8.871332697396111 
185 7.657109057517261 
186 8.828515258290079 
187 7.70360357051023 
188 11.044065101019276 
189 8.19707514222673 
190 11.044065101019276 
191 8.19707514222673 
192 5.7606390357328765 
193 8.157743849071283 
194 8.096596162792718 
195 7.714613110948843 
196 8.373920144067306 
197 8.773079433075083 
198 9.148381045858553 
199 8.901078705383766 
200 7.145614130731069 
201 5.899916866997041 
202 8.344349569881349 
203 8.733311817434124 
204 8.86970055828117 
205 7.053126676341452 
206 7.625549739742888 
207 6.9365862693992035 
208 8.086122335667355 
209 7.903551252529745 
210 9.100800222187505 
211 7.24549996199584 
212 8.236464036321077 
213 7.267570686470545 
214 9.046076866669543 
215 7.999557519592155 
216 8.073608106131186 
217 9.420088893680195 
218 8.30716455866683 
219 8.197155242164017 
220 7.277936644548711 
221 8.132641249318937 
222 8.047985079495435 
223 9.294835911720972 
224 6.38274197573699 
225 8.873622456211615 
226 8.002533761223532 
227 7.827735122969024 
228 8.629704689618563 
229 7.809356770876971 
230 7.775754160116276 
231 7.077178512854086 
232 8.5666574075587 
233 9.324840651046356 
234 10.548656363567773 
235 9.228452553042155 
236 8.432914532956152 
237 7.856929575617935 
238 9.084951351164019 
239 7.660521403706152 
240 8.992971667974562 
241 8.260520371125331 
242 6.9736768598449075 
243 8.578098188994897 
244 7.642348002273953 
245 6.866340345420316 
246 6.292122965034293 
247 7.282460508450445 
248 7.313176188740896 
249 8.210039637876193 
250 6.379547988397791 
251 9.099832726215555 
252 9.71596415963233 
253 6.8567990845185545 
254 8.61564754408164 
255 6.760415911131313 
256 7.640969680629159 
257 6.945292810470503 
258 9.634082979412488 
259 7.976342748691149 
260 6.985872704439388 
261 6.398740482296423 
262 7.846317605044925 
263 10.042677086924874 
264 8.508527182104581 
265 6.496622589693826 
266 8.208336513490718 
267 8.015012249047402 
268 8.318087256241585 
269 6.831392157661143 
270 7.158883609153968 
271 6.627171963753861 
272 7.955404408347827 
273 7.469873338367504 
274 8.203103028122047 
275 6.950759904612126 
