0 1.1791151446818362 
1 1.2724505936943236 
2 1.509722357211632 
3 1.606083023037786 
4 1.8936829585812178 
5 1.9184957565426402 
6 1.9034740902235763 
7 1.827202417081129 
8 1.8751480536235536 
9 1.8599824082425918 
10 1.8872849635551934 
11 1.8738935697940264 
12 1.8301624681390176 
13 1.8090011679555942 
14 1.8246415661776352 
15 1.8692887004790213 
16 1.8030061509469455 
17 1.8908104655199816 
18 1.922937168691146 
19 1.923637116926319 
20 1.7869127888512724 
21 1.8565503288993201 
22 1.927242945946286 
23 1.6604089268969966 
24 1.8469481356268822 
25 1.8939193818050275 
26 1.8253754922325254 
27 1.9033347855393536 
28 1.85666405283503 
29 1.8393665858081603 
30 1.9066526612449384 
31 1.9372279522304579 
32 1.9051591178288463 
33 1.8274409268390794 
34 1.9299571229391514 
35 1.8516840210630257 
36 1.8887386203868815 
37 1.8590076253302836 
38 1.7711679787284662 
39 1.902538895482353 
40 1.8083083084695777 
41 1.7906554399314345 
42 1.8570410482899624 
43 1.8085428787869464 
44 1.9758221965088607 
45 1.806173383612275 
46 1.8525095558158577 
47 1.8286571672255236 
48 1.8285448752625044 
49 1.854230802793784 
50 1.8015414177154836 
51 1.8137082209313427 
52 1.8964034111360417 
53 1.7997304277814794 
54 1.8603871399387117 
55 1.8744184813796814 
56 1.8727517346057148 
57 1.7638437351921594 
58 1.7987739209762759 
59 1.8643494584456992 
60 1.8723529100278757 
61 1.883035577977843 
62 1.963607533473067 
63 1.850189707295751 
64 1.904316151563092 
65 1.8785352927721795 
66 1.9083622157464633 
67 1.8730775552100898 
68 1.859886145508026 
69 1.8896326940268386 
70 1.9128611361515524 
71 1.8940765700068003 
72 1.8454204705043777 
73 1.8233602093720507 
74 1.8097827788964391 
75 1.7531233799159078 
76 1.8108280572002173 
77 1.865007165710641 
78 1.877040506511702 
79 1.9480434161323896 
80 1.8270967376863596 
81 1.823228782598426 
82 1.7734957757370933 
83 1.7812948896350635 
84 1.9228251790553237 
85 1.8992247796632402 
86 1.83906253820672 
87 1.8574851875035463 
88 1.8541094928945612 
89 1.8772290370279834 
90 1.9333341506521162 
91 1.8285969105483189 
92 1.7968615029070452 
93 1.845456674215586 
94 1.9098234462863917 
95 1.8182831311953995 
96 1.8521140168455015 
97 1.7434265386068202 
98 1.8029875382396034 
99 1.8762326312859243 
100 1.8541759679935255 
101 1.7302113379419795 
102 1.8078674922667906 
103 1.8151100070447759 
104 1.851354249009982 
105 1.8086873151085245 
106 1.8723769019254055 
107 1.8487036015609695 
108 1.8923329105246656 
109 1.8415820999202603 
110 1.9122414261168181 
111 1.8270339053428777 
112 1.681411500167556 
113 1.8538137251099 
114 1.877129791431434 
115 1.8127948470422723 
116 1.8971412531243057 
117 1.857212684123752 
118 1.889657652464715 
119 1.818256499621791 
120 1.8516697978959165 
121 1.8563937158093835 
122 1.8905407373149448 
123 1.8063362138743915 
124 1.8098453051253467 
125 1.79849540793249 
126 1.8391912197616251 
127 1.89903922621047 
128 1.8289235499911503 
129 1.826170610880959 
130 1.882428618035033 
131 1.8337292650149482 
132 1.873641489484084 
133 1.886634171347858 
134 1.7861884379081987 
135 1.86558964914124 
136 1.877569415002932 
137 1.8904599882980835 
138 1.9558139803099648 
139 1.9217439246046866 
140 1.880357570985919 
141 1.9065249182946846 
142 1.8332868278352503 
143 1.7800750369810119 
144 1.9075713485803598 
145 1.9410190673642074 
146 1.8235842985662032 
147 1.8162945329231523 
148 1.9083629955515986 
149 1.9180791754594009 
150 1.8706363233480983 
151 1.903542056805319 
152 1.9079865592262835 
153 1.8050991200241027 
154 1.9093909777927864 
155 1.882926582117133 
156 1.832673955956849 
157 1.950991300969003 
158 1.8731569155324728 
159 1.8459242957120356 
160 1.8936662160219517 
161 1.884855943100743 
162 1.814967270028079 
163 1.7969451960201759 
164 1.9325210303175444 
165 1.7923826001136907 
166 1.8905131719094914 
167 1.9124197389924171 
168 1.8631134282986914 
169 1.9320000983884604 
170 1.7639342821594437 
171 1.8650957409776836 
172 1.7912464185710522 
173 1.9131959677801609 
174 1.8961132937752556 
175 1.896716899970035 
176 1.7521326734668923 
177 1.7901866628581526 
178 1.8401957657040184 
179 1.9491711933913975 
180 1.870120213095429 
181 1.857160924608382 
182 1.894584525738393 
183 1.8152894066657992 
184 1.913541198416843 
185 1.8153446227788363 
186 1.9290129933390534 
187 1.864791123661822 
188 1.807151212394333 
189 1.7267765697869721 
190 1.807151212394333 
191 1.7267765697869721 
192 2.0100084844434267 
193 1.8748938870334917 
194 1.8703926469678176 
195 1.9078893791898937 
196 1.8143648982505194 
197 1.7561108040037838 
198 1.9342485947961732 
199 1.8629494313121986 
200 1.789546607658172 
201 1.7809763015675204 
202 1.8749835256170044 
203 1.8949268509317496 
204 1.9061429591813868 
205 1.9175615363512593 
206 1.801885746921882 
207 1.813842716165676 
208 1.871741018830258 
209 1.8454867698998372 
210 1.8317595404921132 
211 1.8414141445239904 
212 1.8475876850360815 
213 1.8393531417696287 
214 1.8945590951952478 
215 1.800425535823996 
216 1.938990471239151 
217 1.8524053140981587 
218 1.8611193401583959 
219 1.823800856392072 
220 1.8681649732374572 
221 1.9056423778313396 
222 1.841204182645612 
223 1.784620468192062 
224 1.8656719664979655 
225 1.8725915596405567 
226 1.9203377265359973 
227 1.9103824610785054 
228 1.8754643787715415 
229 1.8857430153896086 
230 1.8066087773648765 
231 1.910445754816935 
232 1.7373625753217166 
233 1.8102495847430187 
234 1.7448592861077714 
235 1.9157118511341857 
236 1.8931021912218238 
237 1.8099805360418038 
238 2.0025451779774084 
239 1.6890577949158327 
240 1.8823168374834798 
241 1.7865707723009834 
242 1.8339157519214913 
243 1.9111168393512759 
244 1.964641831502623 
245 1.8951975791337974 
246 1.8569458275421744 
247 1.8042198244720908 
248 1.8211039609623898 
249 1.7941028579133191 
250 1.9027442875177547 
251 1.8361595182389914 
252 1.7934416374333833 
253 1.8099367838709695 
254 1.8351543217520707 
255 1.8766812923159149 
256 1.8961898593307953 
257 1.841700116172638 
258 1.8852359595320582 
259 1.8809435369925354 
260 1.8905231877706092 
261 1.8071576080003782 
262 1.848883786135412 
263 1.8724465414109628 
264 1.8904389197499916 
265 1.8935743884497025 
266 1.8358368116923924 
267 1.7938815001757666 
268 1.9299725556355072 
269 1.662390350371973 
270 1.7863344513682924 
271 1.8072229301590377 
272 1.8440170340496458 
273 1.8541479810720547 
274 1.9050870260646762 
275 1.8861404818889287 
