0 15.711357506742583 
1 21.258294391339167 
2 9.701895364060714 
3 9.67919285905495 
4 18.70102816989326 
5 20.380584939674147 
6 9.52207808718631 
7 20.209130550001206 
8 9.10060275732183 
9 8.630361691708128 
10 18.7709121178624 
11 17.994662914117537 
12 16.269478126624307 
13 11.080740353268766 
14 11.503882347455697 
15 11.388621435883232 
16 12.103271455490372 
17 18.865472929513736 
18 13.464601002869928 
19 12.768165310489898 
20 23.45322276710077 
21 20.32577027825969 
22 17.937330807292447 
23 20.379990767959963 
24 11.861384010633184 
25 15.42329727225258 
26 19.040179402325148 
27 17.425297670979052 
28 19.091833529821432 
29 15.502478220855494 
30 19.99001048517777 
31 17.372466181233793 
32 18.917803276322438 
33 18.176359444608156 
34 17.828225552787956 
35 15.276735080402833 
36 18.186841728708757 
37 11.916211862504722 
38 24.86102779918203 
39 9.949506474775772 
40 15.855623726519765 
41 15.57506981165706 
42 10.710957889629459 
43 10.48576 
44 18.715130313725666 
45 18.774525075647706 
46 22.27292713234279 
47 13.222608580516823 
48 10.855807332444709 
49 11.776559214054476 
50 7.365586903762605 
51 14.432262060422545 
52 12.152541881798005 
53 26.66317455675844 
54 9.43613187129635 
55 41.21355998820871 
56 20.920682740939515 
57 14.968804759406574 
58 18.92950016924292 
59 12.599215384707811 
60 21.906717782118644 
61 14.595584755435539 
62 10.169513552307128 
63 7.960341620800911 
64 16.964298281447807 
65 21.985721324708816 
66 21.400820458395412 
67 20.228233557914436 
68 12.720882693695826 
69 13.0136642879305 
70 13.623222109984766 
71 30.154890288442182 
72 23.802736492046467 
73 20.708112805118887 
74 15.902092069245294 
75 17.399491410816438 
76 6.282123904939213 
77 16.596841526292256 
78 19.359279226054205 
79 17.512166608213505 
80 13.31782980196165 
81 16.144295056601013 
82 17.505077106070406 
83 16.449412115365007 
84 10.646036073080223 
85 11.086012126594456 
86 10.197155020045171 
87 13.255747217253345 
88 41.28292601305131 
89 17.49171768395416 
90 7.6857887349236425 
91 7.282182343463526 
92 17.664764423704614 
93 26.715141941771073 
94 8.3314542240232 
95 8.607249347936277 
96 11.500791067653422 
97 8.79194737790895 
98 23.58019721825562 
99 20.25001206994776 
100 15.327761556199546 
101 15.413208684276286 
102 18.120448614927334 
103 14.532472212212767 
104 14.952955436720142 
105 14.832654937671293 
106 19.182204009951704 
107 16.910470507599886 
108 11.250604200028432 
109 10.524807034096497 
110 23.565756280094167 
111 19.028604352579837 
112 23.795174366160428 
113 19.168703441341805 
114 18.251181410730602 
115 15.49491852273273 
116 15.41949833280027 
117 24.99525637052752 
118 15.92267773150556 
119 18.16958785662921 
120 19.67115809418397 
121 17.144450121604773 
122 11.566090702022402 
123 12.274095750907176 
124 9.002333053595843 
125 14.79117530892061 
126 19.67115809418397 
127 17.144450121604773 
128 11.566090702022402 
129 12.274095750907176 
130 9.002333053595843 
131 14.79117530892061 
132 8.130938557124718 
133 8.648406119839994 
134 15.467490752999053 
135 15.591744483435438 
136 14.905290390444817 
137 16.44399488759772 
138 15.304718430376607 
139 16.44399488759772 
140 15.304718430376607 
141 10.819375441746246 
142 10.751510459789856 
143 10.695253273494576 
144 11.475209980575087 
145 11.953296037800913 
146 10.160226347815977 
147 11.769718602327957 
148 18.1611697820731 
149 16.56145338529636 
150 9.20712106245198 
151 12.609821358779636 
152 13.97807793696657 
153 10.729699723207114 
154 10.508458269862905 
155 11.682289273071127 
156 17.114369070692646 
157 18.61652907234798 
158 13.066164078441146 
159 13.350768075069551 
160 15.09589553850362 
161 5.55805654389208 
162 8.834484429138627 
163 10.785266860722258 
164 14.688612772633673 
165 11.043483526812867 
166 20.695544908643242 
167 12.854606972980925 
168 13.991460290350128 
169 13.621673584182597 
170 16.274086346511258 
171 29.748735734905065 
172 16.225233554476702 
173 19.09722304431564 
174 11.787944791224604 
175 13.460063990038863 
176 16.24188351920694 
177 16.043329916308387 
178 16.980987854251012 
179 10.294261009569484 
180 15.33213190380278 
181 15.834672928598126 
182 13.421300370226968 
183 12.14346431342575 
184 16.070992313763956 
185 12.807739051306637 
186 14.915573446940467 
187 14.44304638726184 
188 8.889420152554623 
189 9.791699836349926 
190 14.878800133381578 
191 15.273731013914329 
192 44.427891999533934 
193 18.589630627675888 
194 17.951226193023754 
195 22.7851000374835 
196 13.455012061797465 
197 14.124661137097617 
198 19.215510566848547 
199 29.00524878116248 
200 16.931085706904348 
201 14.651566702763125 
202 20.90514616093902 
203 21.49106653344606 
