0 1.0603052143764744 
1 1.0582675365730339 
2 2.1039225065528866 
3 1.411182838530174 
4 2.4155774816417677 
5 3.023886256559617 
6 2.5240157949939945 
7 2.6713252018611926 
8 2.8330506615542967 
9 2.8316692339892056 
10 2.662742377306036 
11 2.931913353467751 
12 2.568609191388659 
13 2.818948037516199 
14 2.6192757167914067 
15 2.7642018563064417 
16 2.7488570848924025 
17 2.960953006055651 
18 2.9428618818828944 
19 2.71995662327497 
20 2.7274542917385363 
21 3.047975137127563 
22 2.957663263395683 
23 3.207658688950641 
24 2.892378216345993 
25 3.2259991139852016 
26 2.9076326291719927 
27 2.9436789225532514 
28 2.6282969237293115 
29 2.786021034780267 
30 2.9085510142128506 
31 2.9260812627711394 
32 2.9944718120772267 
33 2.6798907020044 
34 2.8336133708703923 
35 2.6546498155225122 
36 2.910645423175729 
37 2.9738663583110223 
38 2.932614815601065 
39 2.523096488243052 
40 2.9474748397759454 
41 3.1290010937671644 
42 3.0684195141422173 
43 2.9746892569489973 
44 3.1768529555699687 
45 2.9147138485934523 
46 2.7212520533513636 
47 2.829100362851708 
48 2.707261043789709 
49 2.6756528268629447 
50 2.9346243321179246 
51 2.7951125702334068 
52 2.4599007609518133 
53 2.872724090865706 
54 3.008162822800997 
55 2.760998459927181 
56 3.061938781861002 
57 3.0426627465956946 
58 2.9798057726467073 
59 2.935326254524579 
60 3.1294697089408325 
61 2.9868501210475538 
62 3.060651802336995 
63 2.966470365447993 
64 3.0054148222508577 
65 3.1701946855208893 
66 2.7090992797346947 
67 2.8449909237356623 
68 2.740357441192382 
69 2.924554887691622 
70 2.7151244873471865 
71 3.0699966355954453 
72 2.5103126259660713 
73 2.7071448688151114 
74 3.0297006784924356 
75 3.115619259176736 
76 2.4211927604250834 
77 3.045728689639633 
78 2.821557663547263 
79 2.827513581496987 
80 2.575471428389939 
81 2.534200676285992 
82 2.7102851363035496 
83 3.1232053331508305 
84 2.9559981834758187 
85 3.0243608171125684 
86 3.0865870774849147 
87 2.840359115113647 
88 3.104799696783681 
89 3.2202063953771765 
90 2.709696473775593 
91 3.2647047362933286 
92 3.2408865183207505 
93 3.0088706777248064 
94 2.3888785324595614 
95 2.884297610792227 
96 3.132073737612691 
97 2.859009084394067 
98 2.8685148090841492 
99 3.089995651902827 
100 3.1369665479256446 
101 3.1177280619425853 
102 2.6377190670827795 
103 2.867264326259824 
104 2.871981855430259 
105 2.9197827128279648 
106 2.818731044565276 
107 3.0741828799950834 
108 2.7132590540502504 
109 2.799615405560912 
110 2.927749944005111 
111 2.7849825108687822 
112 2.977410864062988 
113 2.821037240485461 
114 3.0436532223480426 
115 3.1573303761505 
116 2.8547433473111266 
117 2.6833588381717046 
118 2.7736477756488354 
119 3.494762383899516 
120 2.930866447095683 
121 2.6338618304534247 
122 2.4733295517986127 
123 2.5915120017886144 
124 2.9404651152638315 
125 2.8778404080985047 
126 2.8304362286815814 
127 3.091981360471498 
128 3.0574366744880255 
129 2.86070882039604 
130 3.0838916780684715 
131 3.122168160286409 
132 3.3268929385805484 
133 3.395245931519616 
134 3.2268081482148565 
135 3.1893107360431316 
136 2.816629090536348 
137 2.953770755738413 
138 2.7332058098035343 
139 2.7809712599607295 
140 2.9113637382158544 
141 3.094971795582445 
142 3.3082095167900687 
143 2.7289734656947364 
144 2.9289638098731863 
145 2.88574600192304 
146 2.7868925904376223 
147 2.7228120676623004 
148 3.10071720142078 
149 2.9950581218072827 
150 2.666404877281292 
151 2.894208093761219 
152 2.766648650844831 
153 3.063812515671165 
154 3.036701894679743 
155 3.301487680648755 
156 3.322962544840291 
157 2.5160048226550886 
158 2.7962644954008864 
159 2.4376867878131114 
160 2.7218164682124315 
161 2.723470755125939 
162 2.5454034359230935 
163 2.7428846457634775 
164 2.726294787592945 
165 2.8355987586161446 
166 2.9292578603262918 
167 3.3289599717971443 
168 2.7876296064601225 
169 2.8566069008945334 
170 2.780625757003125 
171 2.9963162519239885 
172 3.0095195944799045 
173 3.0990313102436136 
174 3.321768387244923 
175 3.0117805704129283 
176 3.056468613611184 
177 2.610222404340787 
178 2.7977430831671786 
179 2.8424340540523927 
180 3.0859899811586393 
181 3.16906630255292 
182 2.982889558655363 
183 2.9492236606775175 
184 2.8272710902969784 
185 2.8568754290355765 
186 2.6981623781802173 
187 3.0168522325396268 
188 2.465528268223407 
189 3.5221346535910576 
190 2.788153651500588 
191 2.966384121489946 
192 2.6499926372495706 
193 2.7910958935609096 
194 2.783534327199171 
195 3.2090456030766843 
