0 10.741438838279533 
1 0.9320623622866056 
2 1.0031626906397817 
3 0.8902392646414323 
4 1.025966099666503 
5 0.9446373200595891 
6 1.062451812698103 
7 0.9660844494043622 
8 1.127519012165361 
9 0.909618748021119 
10 1.1239810531791676 
11 4.651203764017228 
12 1.1037751742507225 
13 5.0472407224616855 
14 1.0405436055169273 
15 4.935260333141828 
16 11.516666573623267 
17 11.368647565982933 
18 11.4186058660764 
19 12.1696372255186 
20 11.4377402962932 
21 12.8306308960774 
22 1.1442288139208303 
23 12.622260675702 
24 1.1792749509265636 
25 12.393907521741333 
26 1.2081139797250968 
27 12.433169552561466 
28 1.2419855716651151 
29 11.909104003912534 
30 1.0983194292060108 
31 12.153166334511534 
32 1.0243657655258216 
33 11.981413723869068 
34 0.9843768103178108 
35 1.089179766988994 
36 0.9659131012285243 
37 1.1764225838120665 
38 0.968309363723535 
39 1.0747173028277406 
40 0.9545113531238109 
41 1.0754251727591515 
42 1.0062821606524812 
43 1.0551223409440378 
44 1.040021049082573 
45 1.0702455860864595 
46 1.0538799156153296 
47 1.008735859179427 
48 1.0637366879635728 
49 1.1278317640805515 
50 1.0933633280580433 
51 1.0567806059580303 
52 1.0330691310959406 
53 1.0558130176778668 
54 1.0118620941268215 
55 1.113423828902509 
56 0.9837712616144433 
57 1.110182184627697 
58 1.0743175478176121 
59 1.1281825938556485 
60 1.079712181072885 
61 1.1485908628137516 
62 1.1144424528396666 
63 1.0475127208773947 
64 1.0126911652254054 
65 1.0632748509168486 
66 1.0185126391812487 
67 1.109338215013638 
68 1.0130652481481135 
69 1.1057442389233676 
70 1.008208625718 
71 1.1374954235168648 
72 1.0443207564400379 
73 1.1281550014897028 
74 1.0197587452498431 
75 1.126164844901973 
76 1.033699283779427 
77 1.1517165629078974 
78 1.0416477836299785 
79 1.1474958887250541 
80 1.0465990592118108 
81 1.2471323842559092 
82 0.9906489739616215 
83 1.2717624226480182 
84 1.114478964859685 
85 1.266097365715018 
86 1.1036294824807273 
87 1.2598787837851273 
88 1.1476592533703271 
89 1.109663762357081 
90 1.0255894108990162 
91 1.1265228347210594 
92 5.4614987472199426 
93 1.078993902057065 
94 0.9924664412901676 
95 1.056205293367865 
96 1.0179156776897567 
97 1.0450659671187406 
98 1.0693654357671947 
99 1.1484296204171394 
100 1.0407865202611082 
101 1.0289656311109296 
102 1.0527546589011187 
103 1.0733049141998703 
104 1.1112836485305244 
105 1.0467829062569514 
106 1.118450139504135 
107 1.0695715149461569 
108 1.118450139504135 
109 1.0902569422123134 
110 1.1397027216322975 
111 1.079708707865573 
112 1.2535709384941636 
113 1.0676992942190702 
114 1.2200972816564788 
115 1.1053606284111082 
116 1.2133410953904666 
117 1.0904169253433622 
118 1.215332483426103 
119 1.0797414376781513 
120 1.1928666172020668 
121 1.174935098321503 
122 1.1583342750520667 
123 1.1753987535499697 
124 1.0520513149787298 
125 1.1762944858043516 
126 1.0388780427854107 
127 1.1853159427259092 
128 1.0371019399428107 
129 1.1850979904013454 
130 1.0415970761462379 
131 1.2124504334968484 
132 1.0734617068396433 
133 1.3015586760614968 
134 1.0919950842922055 
135 1.2895551637739613 
136 1.1111941442362971 
137 1.3041444208479678 
138 1.0904880036486433 
139 1.2391697948262606 
140 1.0965060312131947 
141 1.204510824515388 
142 1.0608074567281298 
143 1.1874630627699696 
144 1.0391627142422108 
145 1.1544278483820243 
146 0.9775002841383459 
147 1.1150306605794604 
148 0.9609612509041622 
149 1.0922160505290062 
150 1.0602680900205332 
151 1.1286665983205637 
152 1.144794062078206 
153 1.0363161920715298 
154 1.1496179980197152 
155 1.0808141216456109 
156 1.1664141133901453 
157 1.1168516097021515 
158 1.0184880222565513 
159 1.1941577440861784 
160 1.060204290666746 
161 1.209293249712238 
162 1.0010927134160972 
163 1.2590236544800486 
164 0.999133019793746 
165 1.2210472862699242 
166 1.0754300181768304 
167 1.217693718942892 
168 1.0611028687057698 
169 1.1846261052043947 
170 1.005639203223788 
171 1.1594712780683298 
172 1.0774425703005153 
173 1.1139954035283082 
174 1.1031970460784484 
175 1.1461957824703353 
176 1.0172837023323404 
177 1.122667260816708 
178 1.0347475745379136 
179 1.0910479557244053 
180 1.114155403736346 
181 1.0866103595041945 
182 1.0829799800017783 
183 1.1079648615483029 
184 1.0965989930202864 
185 1.1286216020206759 
186 1.1075083914472323 
187 1.128363214524665 
188 1.1608050069457243 
189 1.2414313220219635 
190 1.0798709279892054 
191 1.229148810192994 
192 1.0726791090798973 
193 1.0914881022335134 
194 1.090889942915 
195 1.0321867359030756 
196 1.0268882297091946 
197 1.0321867359030756 
198 1.0070175855975458 
199 1.0184392483671623 
200 1.0125443021834974 
201 1.0668662455192703 
202 1.0088892080579945 
203 1.0911349867296596 
204 0.9968157628234 
205 1.1533981105598108 
206 0.9809335945287135 
207 1.215764500285962 
208 1.0258388914529406 
209 1.2024077798784867 
210 1.126337213918782 
211 1.2148232169978217 
212 1.0857836223838364 
213 1.1703628219043027 
214 1.117279090097709 
215 1.1619708765025134 
216 1.1065626328809697 
217 1.1368204454555026 
218 1.092473189213206 
219 1.2291568307156546 
220 1.0565933180284486 
221 1.2443706090145998 
222 1.0389654716139696 
223 1.098822233867173 
224 1.0083041918978788 
225 1.1045108092652594 
226 0.9385620880290054 
227 1.1471373295306648 
228 1.0711307223031759 
229 1.1801531140774864 
230 1.0654068548125333 
231 1.1653772770062487 
232 1.033008965768162 
233 1.165244946451373 
234 1.1029992662445947 
235 1.172203285979108 
236 1.1583901858839514 
237 1.1680839171681892 
238 1.1813188972322324 
239 1.1733103604804054 
240 1.212285149363481 
241 1.2305567813512595 
242 1.206652990457227 
243 1.2235899591878054 
244 1.1944351624336755 
245 1.2166316196600702 
246 1.1501097939176539 
247 1.1900601629335568 
248 1.163403029639357 
249 1.3115370975741818 
250 1.1349723973746595 
251 1.3476218630662726 
252 1.1127037811430163 
253 1.305606588593394 
254 1.0929852172729244 
255 1.3016467528644604 
256 1.0674216552090052 
257 1.2792789189970606 
258 1.0647385522161947 
259 1.2855542510510243 
260 1.1165387179597623 
261 1.2452566758724788 
262 1.0724221089626702 
263 1.2288746661718424 
264 1.1153001859329574 
265 1.1730769287171696 
266 1.0761317586331394 
267 1.1342153092552243 
268 1.0290865455639817 
269 1.1151117580236303 
270 0.9693606666111939 
271 1.0337234331666594 
272 1.0062975477274303 
273 1.0903826950154325 
274 1.0092612856858183 
275 1.143679990017027 
276 1.0424470592215636 
277 1.190016267035773 
278 1.0774408973145515 
279 1.2587015186749622 
280 1.1487244190229453 
281 1.2093144985348108 
282 1.124481020923285 
283 1.196319811604962 
284 1.2133232408153272 
285 1.122961333371573 
286 1.1882175016573153 
287 1.0639622242211297 
288 1.1925605742779577 
289 1.026985733561092 
290 1.1450897263924364 
291 1.085637272001827 
292 1.1041105716675188 
293 1.0474901171233622 
294 1.0852448995048163 
295 1.0598417899638433 
296 1.0982242362518757 
297 1.111002302792681 
298 1.1476747403303782 
299 1.0967272992584647 
300 1.1307086376033568 
301 1.0737307295879082 
302 1.1307086376033568 
303 1.064098229258189 
304 1.1368897039131567 
305 1.0095798492762216 
306 1.1255615510471406 
307 1.1551438284051516 
308 1.1012583079518432 
309 1.158775624375588 
310 1.1099108765943837 
311 1.1734742090255093 
312 1.0234047973278595 
313 1.236787165378291 
314 1.0045648054279404 
315 1.2346616873973577 
316 1.1118380602751394 
317 1.248866541462206 
318 1.1803452375583332 
319 1.2680221120158484 
320 1.2003912483251817 
321 1.1049139124198648 
322 1.189719798653188 
323 1.0878090029519243 
324 1.225065559769988 
325 1.0889307444304865 
326 1.1963273281310969 
327 1.072008498327108 
328 1.0910960160053393 
329 1.0558160726317243 
330 1.1043568079825758 
331 1.0677180635108052 
332 1.1828611202452606 
333 1.0891290026940161 
334 1.1540933578865697 
335 1.1149918407076973 
336 1.1762246890952 
337 1.1961942535219459 
338 1.207666573166188 
339 1.2098394378254271 
340 1.205947958819176 
341 1.1800984823195135 
342 1.2351067608606423 
343 1.158767237668508 
344 1.2198826370299274 
345 1.1304933350411135 
346 1.2539543045223394 
347 1.106560129491546 
348 1.288775817237406 
349 1.0980573258632433 
350 1.3343972235217394 
351 1.1059200589308378 
352 1.3173728265942908 
353 1.127251303581838 
354 1.344390667204097 
355 1.1517820271977677 
356 1.4043770571456666 
357 1.1164432583864972 
358 1.3516799969168969 
359 1.1147801096955838 
360 1.3071034338617273 
361 1.1141501556291622 
362 1.2833975193397333 
363 1.0768243195794973 
364 1.2640026865684788 
365 1.0372894987692107 
366 1.2119939308531817 
367 1.049472511792519 
368 1.257715968597406 
369 1.017891739753773 
370 1.2155433906435638 
371 0.9911551614421892 
372 1.1738707178749332 
373 1.0208878069873513 
374 1.1512724356451758 
375 1.031235773653892 
376 1.2032811913604726 
377 1.0505985134484161 
378 1.241577683889279 
379 1.0509922301536703 
380 1.1189662761142323 
381 1.0123485691267728 
382 1.1202063673179514 
383 0.9763329738304325 
384 1.112400729347757 
385 0.9949394905840703 
386 5.879832426552428 
387 0.9613682655324378 
388 5.879832426552428 
389 0.9372663920641676 
390 1.0738780741822107 
391 0.9782014066161622 
392 1.097836555786546 
393 1.021810192417 
394 1.1319382714027837 
395 0.9988423012521676 
396 1.1319382714027837 
397 1.0966641342513697 
398 1.034578077833865 
399 1.1230229087863939 
400 1.0539428773564161 
401 1.1356117828042849 
402 1.0307970972706433 
403 1.140473739785109 
404 1.0085713956039297 
405 1.0360669838101082 
406 0.970643985375 
407 1.0713738432942594 
408 1.0055063699690379 
409 1.0970056770661785 
410 1.010935687223411 
411 1.097695851374573 
412 1.1179834788470788 
413 1.0525518060195134 
414 0.9536126788286216 
415 1.041911007969881 
416 0.9011256235211946 
417 1.0446300109265945 
418 0.9848522786623999 
419 1.0509251026613566 
420 1.0450681871389333 
421 1.1054342020529784 
422 1.0530637133727758 
423 1.1207905166148595 
424 1.0592443516168062 
425 1.169665498552103 
426 1.075049581326806 
427 1.1838537754102432 
428 1.0795792488492606 
429 1.1804660296017837 
430 1.0636727263683514 
431 1.1348725457100053 
432 1.075878503658194 
433 1.1456311746145296 
434 0.9920121420328487 
435 1.1525805680224919 
436 1.0316893661337623 
437 1.124746063294389 
438 1.0556161604936485 
439 1.1856997636676703 
440 1.099152188827108 
441 1.1755558145886595 
442 1.1056827120697568 
443 1.1902485764673891 
444 1.1391305567901027 
445 1.1644583032595675 
446 1.1472161847865028 
447 1.1654947892752865 
448 1.158174010213054 
449 1.126917996720119 
450 1.1540294320978055 
451 1.127788631626827 
452 1.1281576472069352 
453 1.1262957978813513 
454 1.1073137613326431 
455 1.2273447470723695 
456 1.0668157489419026 
457 1.2159060012502243 
458 1.0280971293607406 
459 1.1807514101365575 
460 1.0034613218268216 
461 1.150671728085612 
462 0.9867715892110054 
463 1.1523455113759877 
464 1.0483718902241395 
465 0.9886519469431729 
466 0.9001666172261406 
467 0.9694025837922595 
468 0.8801912055499514 
469 0.9516868717383784 
470 0.869743237301627 
471 0.9759291524224054 
472 0.8776723042803838 
473 0.9759291524224054 
474 0.8632012054184757 
475 0.979524220655908 
476 0.8700110744585136 
477 0.9839003723066161 
478 0.8618052402545081 
479 0.9818580002182865 
480 0.9084969644808546 
481 1.012797051967962 
482 0.9639078917377879 
483 1.017042897638427 
484 0.9151304405320972 
485 1.0015989368869351 
486 0.9200511742810109 
487 1.067250843410535 
488 1.088929209783188 
489 1.0920136297665297 
490 0.9854411070048109 
491 1.1785565944967333 
492 0.986769348789919 
493 1.1617836761942546 
494 0.977056008965081 
495 1.1986264137546545 
496 1.0043538471428055 
497 1.191226976980097 
498 1.0035694947244325 
499 1.1985224213523396 
500 1.0112653452459783 
501 1.195697319477109 
502 5.2877450652196005 
503 1.1847504869534726 
504 5.514449829357857 
505 1.1688599031915274 
506 5.890573662022599 
507 1.144067797946012 
508 13.513511882568267 
509 1.0824721839382485 
510 5.6718349756001425 
511 1.1180579351624 
512 5.985495817909543 
513 1.141017192358 
514 1.0621261063362217 
515 1.2295908045313697 
516 0.9911414089340974 
517 1.301535151565388 
518 0.984399415046946 
519 1.325765198528103 
520 0.9950600115426161 
521 1.3152749598779758 
522 0.973067262496827 
523 1.2769297916886304 
524 0.9726494594428108 
525 1.281552851121788 
526 0.990043753915427 
527 1.2032338873485455 
528 1.0031730478931569 
529 1.2525466146754243 
530 1.0799059474861568 
531 1.2175183684564364 
532 1.0288073664380541 
533 1.2130198033153758 
534 5.634105916933457 
535 1.1874601196008363 
536 5.670401407827858 
537 1.1580890905081453 
538 1.025130576655881 
539 1.1595651063967394 
540 0.9647261376253569 
541 1.1964124871636 
542 0.9510571716736486 
543 13.631818425434068 
544 0.9537646510603082 
545 13.256487727281467 
546 1.0239633917080546 
547 13.3680553604498 
548 1.0449848445370848 
549 12.827129744834467 
550 1.0123510972376486 
551 1.1690142324873696 
552 1.0429434670364668 
553 1.095866855864897 
554 1.0558620492293938 
555 1.0302820046797272 
556 1.0293917952345806 
557 1.0528308837854665 
558 32.6097002927328 
559 1.0724799463286545 
560 11.049059104999401 
561 1.0869369809871514 
562 10.949065745186 
563 0.9687715558031945 
564 11.322492269472468 
565 1.021959969246346 
566 12.003702078559867 
567 1.076721379492427 
568 12.433741746854267 
569 1.0973985021499135 
570 12.6286557584228 
571 1.0617993784310487 
572 5.112421301562571 
573 1.0693122055131243 
574 5.023297453064972 
575 1.0437411691825729 
576 0.9449025615284323 
577 0.9989686234391513 
578 0.9035310197519082 
579 1.0959450883218729 
580 0.8920645694902649 
581 1.2508450733501355 
582 0.9525156096353623 
583 1.2648102658389677 
584 0.9791720247679567 
585 1.2477665902321677 
586 0.9731477181384541 
587 1.117352717420315 
588 0.9164771263349838 
589 1.1263173449887758 
590 0.9684137465860595 
591 1.0729503865212968 
592 0.9935846114889945 
593 1.1027505088452485 
594 1.0072274424546757 
595 1.2162690226932302 
596 1.0579479652885784 
597 1.2978423770417817 
598 1.0621949447240864 
599 1.3086785493457211 
600 1.0608876320572702 
601 1.3214057491439757 
602 1.1473834833068426 
603 1.343949283402109 
604 0.9796134289304325 
605 1.343949283402109 
606 0.967885889482254 
607 1.3382395499227393 
608 0.9623008124357676 
609 1.310059762754285 
610 0.8867513744080703 
611 1.2332812669464364 
612 0.9587820812786424 
613 1.1414900282347151 
614 0.941167859641806 
615 1.1385514639178544 
616 0.9436929131497211 
617 0.9895761920612324 
618 0.9641492852251455 
619 0.9813055711651459 
620 0.9361070198051333 
621 1.0559745454591405 
622 0.9670839765510001 
623 1.0728699345182755 
624 1.0435923680782904 
625 1.0203038380340108 
626 1.0163025678301743 
627 1.022224025049919 
628 1.0493435331045677 
629 1.0920494030121892 
630 1.0450513751595516 
631 1.0565690611183567 
632 1.0433907662368243 
633 1.050892133734946 
634 1.0605008076443636 
635 1.0360150678733298 
636 1.0819811440323515 
637 1.0189513669505783 
638 1.0713063683876423 
639 0.9783055666470594 
640 1.1094589263267698 
641 1.0022735218455892 
642 1.1967383378413574 
643 1.013444366181681 
644 1.0893060837041677 
645 1.0457925672073947 
646 1.1289991968543136 
647 5.6791233509392285 
648 1.1361279879595838 
649 5.802901656059 
650 1.1274932414244485 
651 5.610457469811486 
652 5.959607133243514 
653 1.0673181993871568 
654 6.235438744669914 
655 1.0061325310613136 
656 1.1106273950980379 
657 0.9761655527861082 
658 1.073766548632227 
659 0.9582973548647999 
660 1.0739151719859188 
661 1.0062137834564053 
662 1.0620381404896486 
663 5.464060332621429 
664 1.0141815552223838 
665 5.9250097605820855 
666 1.0945438766481512 
667 1.118385010865092 
668 1.0674068883676053 
669 1.100357424121881 
670 1.0300576230379188 
671 1.0597181227247512 
672 0.9931644620468324 
673 1.0877129593356487 
674 0.9911197597026594 
675 1.0436026748054756 
676 0.9317670962413945 
677 1.0435714229500541 
678 0.9622738914107243 
679 1.0581795057696162 
680 0.9754774461575892 
681 1.0707880685690918 
682 0.9430410974556325 
683 1.0152750581657837 
684 0.9169686955100216 
685 1.0234333365749568 
686 0.9499725148506486 
687 1.051699937232108 
688 5.111170114686629 
689 1.031712739865616 
690 5.059704287768457 
691 1.012692283070081 
692 0.9592934812157242 
693 0.9920293761802541 
694 0.9578014677911458 
695 0.9973569120056919 
696 0.9812729491479946 
697 0.9630244340071568 
698 0.9902759642477081 
699 0.9369133611993837 
700 0.9687756008715298 
701 0.9216749078586919 
702 0.9514300644627945 
703 0.9270123009313512 
704 0.9527502566811513 
705 0.913576213956865 
706 0.9181640698616054 
707 0.8896649517157189 
708 0.9156580741745135 
709 0.8929225374745352 
710 0.915812229406092 
711 1.0078800794621152 
712 0.9380897268958487 
713 0.9974085808978121 
714 0.9693066724041676 
715 1.0209881702627879 
716 1.0223417877958973 
717 1.026729106990085 
718 1.0079887391135136 
719 1.039586041165806 
720 1.065306708010519 
721 1.018045537136303 
722 1.053363699483854 
723 0.9991176087845274 
724 1.088420078489119 
725 0.9780227362378363 
726 1.0647721222118596 
727 0.9700143867384545 
728 1.077740603924081 
729 0.9614210056040061 
730 1.0401234384834162 
731 0.8959727238951514 
732 1.0429812993966971 
733 0.9176750983039892 
734 1.0145557685597946 
735 0.9406530148467135 
736 0.9905467898643567 
737 0.9416381709481567 
738 0.9387898928857136 
739 0.9591620390268756 
740 0.9271938953705298 
741 0.9317824725565242 
742 0.8997110110908919 
743 1.0373824270661758 
744 0.8808520115020325 
745 0.9912568325664122 
746 0.851716399970454 
747 0.9408004556860727 
748 0.8306736866465352 
749 0.8257515368249622 
750 0.8379800442959784 
751 0.8307404438039893 
752 0.9735221877331272 
753 0.8180280846472379 
754 1.0376069912783334 
755 0.8422244487707838 
756 0.9862119172327136 
757 0.9422100949530703 
758 1.038407634045735 
759 0.9668066012684055 
760 1.0398239971971945 
761 1.0230060981452973 
762 1.0271716364105352 
763 1.0171343762960539 
764 0.9554676762697677 
765 1.0730245995845245 
766 1.0674544307378606 
767 5.630199574912915 
768 1.051391595181103 
769 5.713014673240686 
770 0.9518028006372161 
771 5.397575116762085 
772 0.9621114335591027 
773 1.0115988546796593 
774 0.9772354975347244 
775 1.0438858858826787 
776 1.0437776742597271 
777 0.9768046041214122 
778 1.0288287669588183 
779 0.9331629239508182 
780 0.9164082368439136 
781 0.9781557403824426 
782 0.9511811050246108 
783 1.0146665269374848 
784 0.9682345024567351 
785 1.0491602433494727 
786 1.0055547740712594 
787 1.2167525307965612 
788 1.065847081752897 
789 1.278014574636858 
790 1.079381855049973 
791 1.1317043344175453 
792 1.0163704248928216 
793 1.1835696942967515 
794 1.0558969236258486 
795 1.2297133205408848 
796 1.0563354303275947 
797 1.0448987246456054 
798 1.0382401659298648 
799 1.0475795464734325 
800 1.035593424413692 
801 1.2519423314406486 
802 1.1052141166734757 
803 1.2697036783563396 
804 5.841846045274086 
805 1.3144619951031091 
806 5.871376918728686 
807 1.3147828084439395 
808 5.868724514689829 
809 1.3500739536345456 
810 5.8841743965396 
811 1.4619212892621871 
812 1.0894635290851133 
813 1.3884201839998969 
814 1.0894635290851133 
815 1.3884201839998969 
816 1.137093579210346 
817 1.3211255941188547 
818 1.2360137113789333 
819 1.2927861728845333 
820 1.2128751638222242 
821 1.2819575757419392 
822 13.646345795224732 
823 1.2490736368617879 
824 12.576119331416 
825 1.2490736368617879 
826 12.050045116348599 
827 1.327677572663194 
828 1.1511825962250788 
829 1.3560169938975213 
830 1.1387153430067092 
831 1.307139335200218 
832 1.1393572283872788 
833 1.3980051668146323 
834 1.1926379875815576 
835 1.3215292612872727 
836 1.2037241865102364 
837 1.1534600638840973 
838 5.5804503640084855 
839 1.1534600638840973 
840 5.851325876771858 
841 1.1929140587104108 
842 6.062409792521286 
843 1.1455277343026757 
844 6.029400669659771 
845 1.2761279005446182 
846 6.205736946039457 
847 1.3887933840547615 
848 6.286899416731972 
849 1.3037539589792606 
850 6.471177128264943 
851 1.200896773257594 
852 5.942287070744029 
853 1.159817039177412 
854 5.587515583989914 
855 1.1398665256928362 
856 5.4265546082866285 
857 1.081925276912606 
858 5.603104802037914 
859 1.000235542356188 
860 1.1027157373092302 
861 1.0753523160656242 
862 1.123185289817915 
863 1.1963078645847454 
864 1.1690928981372728 
865 1.0672849572188379 
866 1.153703841110315 
867 1.118656604919908 
868 0.9683659618903785 
869 1.1826754063504001 
870 0.9939954316957135 
871 1.2000965014861351 
872 1.1269069346677576 
873 1.1846793963798756 
874 0.986469486079827 
875 1.3478824462195758 
876 0.9900311418202216 
877 1.3330680464943394 
878 0.9622927412023514 
879 1.248713862949315 
880 0.9526727360306866 
881 1.2263733077706 
882 0.9813448471389405 
883 1.2436591528897394 
884 1.1599658599563212 
885 1.2242502197168847 
886 1.1392554577284062 
887 1.2839736481970425 
888 1.1822354182380668 
889 1.3360614285481758 
890 1.250107057377909 
891 1.1972842676124216 
892 1.2574672787202426 
893 1.1582555178833351 
894 1.236370308995715 
895 1.1597282919960594 
896 1.211953728806994 
897 1.1452508444635567 
898 1.174247142754097 
899 1.1208264530662972 
900 1.1005694697503514 
901 1.1103948325304487 
902 1.093651376639188 
903 1.1035250725696324 
904 1.1563050541046243 
905 1.0496555950244595 
906 1.151650919164109 
907 1.0638115834811948 
908 1.1828667079365638 
909 1.0885113928761676 
910 1.256544380940309 
911 1.0889533795447242 
912 1.250279881908491 
913 1.0836357230549567 
914 1.2422333552775637 
915 1.122996378200308 
916 1.293826368664194 
917 1.1182897499970001 
918 1.3577683473594606 
919 1.1564081469239837 
920 1.3118502772811091 
921 1.163899665155173 
922 1.3105988055467395 
923 1.2052261142423568 
924 1.3653477247816423 
925 1.1795722018262378 
926 1.3495256120402122 
927 1.1825658821673568 
928 1.3164360714368486 
929 1.1825658821673568 
930 1.1413613137604757 
931 1.1473390846614377 
932 1.0778922382194758 
933 1.1214859768072487 
934 1.025925479024 
935 1.2344460081540303 
936 0.9904151621620919 
937 1.2242312557660304 
938 1.019063068457708 
939 1.2242312557660304 
940 1.0295812155032649 
941 1.2386205508862302 
942 1.035891858086319 
943 1.2676857858349515 
944 5.846340225642171 
945 1.1380122509315675 
946 6.017409015882685 
947 1.147122705764108 
948 6.017409015882685 
949 6.023902643635772 
950 6.0989330229081995 
951 6.029297857155686 
952 6.202101682882685 
953 6.067864163796942 
954 6.202101682882685 
955 6.204307866089743 
956 6.308562903090629 
957 6.204307866089743 
958 6.308562903090629 
959 6.206910154962886 
960 1.1872780481621028 
961 6.150583861883686 
962 1.1749636029495458 
963 5.781949951216314 
964 1.114160556335908 
965 1.2133864616395031 
966 1.082512656390481 
967 1.2133864616395031 
968 1.082512656390481 
969 1.2295936321935577 
970 1.0489376053108594 
971 1.3106072223721696 
972 1.1097406519244974 
973 1.3434958276537152 
974 1.1163808272076488 
975 1.3409540919045575 
976 1.1189912187591082 
977 1.3057147957323394 
978 1.0612624136568434 
979 1.2973259762604 
980 1.1130243909316866 
981 1.2771907898933879 
982 1.1130243909316866 
983 1.1182245853310324 
984 1.1130957007578162 
985 5.864045215260972 
986 1.1162616320930054 
987 6.0320073610433145 
988 1.1739904371952703 
989 5.8887784535206 
990 1.1642268298508704 
991 1.1037604558445675 
992 1.1642268298508704 
993 1.0792027164476812 
994 1.127457514279519 
995 1.1029058867747406 
996 5.9939459642433714 
997 1.1055646346845298 
998 5.9939459642433714 
999 1.1258511954206811 
1000 5.985283467266714 
1001 6.203404682584858 
1002 5.985283467266714 
1003 6.370313952056457 
1004 6.150973820425229 
1005 6.218384963957143 
1006 6.145577931384886 
1007 6.2024975468920855 
1008 6.163416049267085 
1009 6.260400875483742 
1010 6.275992631699343 
1011 6.015523193166572 
1012 6.109893191473314 
1013 6.106114063346857 
1014 6.112035122785029 
1015 6.317519601837543 
1016 6.293671334584771 
1017 6.089753835165486 
1018 6.037717082817429 
1019 5.942143104859629 
1020 5.746859151070943 
1021 6.028800982956143 
1022 5.889991220904685 
1023 5.6593785363865425 
1024 1.0612147443279945 
1025 1.1811431179492182 
1026 1.0354183650888973 
1027 1.2081593442563758 
1028 1.0535859228050486 
1029 1.2348245387236727 
1030 1.055200668551135 
1031 1.2186360959968545 
1032 1.0106348124401352 
1033 1.1802127160287272 
1034 5.244795916858058 
1035 1.1303519391880485 
1036 1.070503300106406 
1037 1.1516496633870725 
1038 1.0804896835354545 
1039 1.1516496633870725 
1040 1.0913458537696 
1041 1.1614607355356545 
1042 1.146185498280297 
1043 1.2255085906420484 
1044 1.2037842727073274 
1045 1.2837332871489453 
1046 5.941353147703057 
1047 1.2386099097010665 
1048 5.8027708802194 
1049 1.318520226455974 
1050 5.9517804480306 
1051 1.3154028765188128 
1052 5.8305504181169425 
1053 1.329433801141013 
1054 5.907421365505914 
1055 13.222043621195398 
1056 1.1982604852448242 
1057 12.592016851130467 
1058 1.1430938640651211 
1059 13.088374003057199 
1060 1.1985604571673514 
1061 13.168507947322333 
1062 1.2285438000328 
1063 12.857540095608135 
1064 1.0685718437391785 
1065 12.953589981476467 
1066 5.666501083963399 
1067 12.953589981476467 
1068 5.638606933756457 
1069 1.1506742607249576 
1070 1.0487652088659623 
1071 1.0102774668174326 
1072 1.0202891475881188 
1073 1.022329840521719 
1074 1.0347535091484703 
1075 1.0284445195951946 
1076 1.0509248352985514 
1077 0.9371433562666325 
1078 0.9698064949343622 
1079 0.9400199797049569 
1080 0.9924749565194865 
1081 0.955258820176227 
1082 0.9841753829455566 
1083 0.9274666810144704 
1084 0.9697796241219784 
1085 0.9121064016243242 
1086 0.9398182941789297 
1087 1.003407564952881 
1088 0.9858012663215892 
1089 1.0819496123316648 
1090 0.9900624988803783 
1091 1.1524991008668541 
1092 1.1538705968837153 
1093 1.1660286133024864 
1094 1.1834997482006182 
1095 1.1976618938191892 
1096 1.1109660787407838 
1097 1.1745682011175083 
1098 1.108473971659762 
1099 1.1497750857480595 
1100 1.1436093398812865 
1101 1.2250545022392485 
1102 1.1436093398812865 
1103 1.2051345610235698 
1104 1.1259822026724755 
1105 1.2076873468623939 
1106 1.109092659196881 
1107 1.192697785228715 
1108 1.115335473521238 
1109 1.1950951894724848 
1110 1.0856173458003133 
1111 1.2336368564410183 
1112 1.0856173458003133 
1113 1.0929672542621298 
1114 1.0820447019570325 
1115 1.1045396600091244 
1116 1.085691672108535 
1117 1.0489446184265243 
1118 1.062375138277535 
1119 1.0596832409262216 
1120 1.1514305055293756 
1121 1.0082056303845677 
1122 1.0750760592712 
1123 1.1013444297793515 
1124 1.0148977512129151 
1125 1.1435208322776 
1126 0.9885220782689577 
1127 1.1067086617396487 
1128 1.0029335950055271 
1129 1.0719160704633819 
1130 0.895137352340854 
1131 0.9716786001625729 
1132 0.958675986261 
1133 1.0237712186578811 
1134 1.0437789047348163 
1135 5.565278495971829 
1136 1.0931195374783784 
1137 5.865279566842514 
1138 6.1048428392745135 
1139 6.114587502827228 
1140 6.4458386618523145 
1141 6.3047187479512 
1142 6.469948272062943 
1143 1.1707443624292757 
1144 6.346947455208115 
1145 1.163104064294865 
1146 6.310736720138428 
1147 1.1675744376349135 
1148 6.084075299221801 
1149 1.103450821776962 
1150 6.114268376144686 
1151 1.127718511168411 
1152 6.114268376144686 
1153 1.1336519108994325 
1154 6.103713417642285 
1155 1.1396891034713568 
1156 1.1313720579344486 
1157 1.1177757521967893 
1158 1.1516071082363244 
1159 1.1776804993077135 
1160 1.1463597258436378 
1161 1.1647741947637027 
1162 1.1463597258436378 
1163 1.1715111136325351 
1164 1.119815903113373 
1165 1.162193623525054 
1166 1.1267183017722757 
1167 1.1796366014595676 
1168 1.115419218866654 
1169 1.1796366014595676 
1170 1.092914119055146 
1171 1.2973623481900969 
1172 1.0736723096609568 
1173 1.2824150371298908 
1174 1.0773327637152326 
1175 1.2774053708576485 
1176 1.0678445975374324 
1177 1.2774053708576485 
1178 1.078776626943411 
1179 1.2586145051600242 
1180 1.1008169054054378 
1181 1.2527931156091334 
1182 1.120058714799627 
1183 1.125319245632216 
1184 1.1263122293703947 
1185 1.1054810089562432 
1186 1.1136734196929297 
1187 1.0980488824584758 
1188 1.0813141858813298 
1189 1.1162078441055137 
1190 1.0505848401957945 
1191 6.0191546325848 
1192 1.0505848401957945 
1193 6.183485660683829 
1194 1.0967826207018325 
1195 6.306482964106828 
1196 1.1368919759086218 
1197 6.3457670613093144 
1198 1.1749673899723512 
1199 6.3383694880351715 
1200 1.1869893775298594 
1201 6.2256665205734 
1202 1.1923382765861352 
1203 6.006358425888143 
1204 6.123437236479343 
1205 5.9922884354671435 
1206 6.062008207362142 
1207 5.9922884354671435 
1208 5.983796719049543 
1209 5.789450298054057 
1210 5.9926215651595145 
1211 5.8584669877252 
1212 5.9087940426442005 
1213 5.951835436999086 
1214 6.056169858692599 
1215 5.862285945844914 
1216 5.950599882031343 
1217 5.626789137908314 
1218 5.916131531225171 
1219 5.536827240106257 
1220 13.375810802208534 
1221 5.4477682190286005 
1222 12.701640884703068 
1223 5.383688895116914 
1224 12.386235835073867 
1225 5.749659747624828 
1226 12.444705701432467 
1227 5.735563680797715 
1228 5.2104092399840285 
1229 5.883042566062314 
1230 5.208730358789057 
1231 5.983365416096686 
1232 5.110594186893343 
1233 5.966276286188228 
1234 11.909093740260198 
1235 5.739108285504942 
1236 11.991788156487267 
1237 1.1565687713607393 
1238 11.975272097610599 
1239 1.136484384148297 
1240 1.0631259959715575 
1241 1.1354994944989636 
1242 0.955287007322308 
1243 1.0238389787006648 
1244 0.9369104281963351 
1245 1.0122074010426325 
1246 0.9475281582045028 
1247 1.1136706082582002 
1248 1.0011133500068379 
1249 1.0641293925178217 
1250 0.9666136022336702 
1251 1.0569612638963892 
1252 1.108584000199891 
1253 1.068673812489065 
1254 1.1468546922215699 
1255 1.0764781404673784 
1256 1.1114001216376788 
1257 1.0274789895002217 
1258 1.0986225443172546 
1259 1.062310956421546 
1260 1.1344809414115515 
1261 1.0655119846765082 
1262 1.1466651294049637 
1263 1.083112360028146 
1264 1.1643837114606546 
1265 1.082460811407935 
1266 1.048620959935919 
1267 1.0690935634786973 
1268 1.052098417422065 
1269 1.033682124584881 
1270 1.0308183170544594 
1271 1.0334922294353082 
1272 1.0525861758086812 
1273 1.0053045139474703 
1274 1.0462811624221622 
1275 1.0010348756012433 
1276 1.191109056885703 
1277 5.4800325506506855 
1278 1.185887913336097 
1279 6.023889302158257 
1280 1.2965189591285213 
1281 5.939936168640999 
1282 1.2563209942197817 
1283 5.866075856633343 
1284 1.214502280659315 
1285 1.0783814832839784 
1286 1.184884525061594 
1287 1.044705699173789 
1288 1.1593514421036728 
1289 0.977349838971454 
1290 1.0928904545961635 
1291 0.9791140254701729 
1292 1.0866819166088788 
1293 0.971886731055211 
1294 1.0897826351287576 
1295 1.0019407114482757 
1296 1.135639987362212 
1297 1.038036798513108 
1298 1.183774985216115 
1299 1.0622704333496433 
1300 13.644416028771333 
1301 1.0998033123830757 
1302 1.2689199632727757 
1303 1.1203722116214971 
1304 1.2977211489652423 
1305 6.099716935513172 
1306 1.2898754555039453 
1307 5.788020331704057 
1308 1.1040441302821136 
1309 5.8329902222777426 
1310 1.112815454973081 
1311 5.621829509950286 
1312 1.0780587608112 
1313 5.546338726503914 
1314 1.0624384978474108 
1315 5.430467890794715 
1316 1.0581568127435026 
1317 5.501669615651686 
1318 1.0741055964422486 
1319 5.370940561429714 
1320 1.0587120256526055 
1321 5.5844268384638855 
1322 1.1140022729247838 
1323 5.814061701957029 
1324 1.1317604457967891 
1325 13.159836101108601 
1326 1.1128646943638865 
1327 5.675834329270143 
1328 1.1215684581563243 
1329 1.0632838939938758 
1330 1.0670932792706973 
1331 1.0541443142650486 
1332 5.603204643806515 
1333 1.038972810006054 
1334 1.0383823270274704 
1335 1.0656969962513405 
1336 1.0517232616602918 
1337 1.180056030001079 
1338 1.0286673651245188 
1339 1.2106381175774485 
1340 1.0492069667956918 
1341 1.1998261834327877 
1342 1.0686905320713027 
1343 1.1818639094521637 
1344 1.0526978644172433 
1345 1.0205298403196648 
1346 1.025631620143892 
1347 1.0139912374313784 
1348 1.0321000047158 
1349 0.9853165108537406 
1350 1.0143409323276864 
1351 0.9925869922692973 
1352 1.0067085137931513 
1353 1.0185481200833244 
1354 1.0370802813382758 
1355 1.2255894065978727 
1356 1.2255894065978727 
1357 1.2056939378891516 
1358 1.178123115894303 
1359 1.2271487299287696 
1360 1.1969100351131818 
1361 1.3002788616675032 
1362 1.2231896768979211 
1363 1.3629883715619806 
1364 1.1730949632473455 
1365 1.2729769475586425 
1366 1.1409279127104848 
1367 1.2271689437747817 
1368 1.0175843545796217 
1369 1.2238718473766304 
1370 5.531484148324429 
1371 1.196959608377891 
1372 5.3827873281171135 
1373 1.1689171588618545 
1374 5.321459283387257 
1375 1.1805903842172605 
1376 5.3036665052838 
1377 1.1830713394095576 
1378 5.585311351257486 
1379 1.1730520669606184 
1380 5.6030340852364 
1381 1.1984835595851757 
1382 5.711105536335429 
1383 1.2362483197678182 
1384 5.988154750751286 
1385 1.2658650179339757 
1386 6.0068775334804 
1387 14.566263714944599 
1388 6.092998120291343 
1389 1.3542393832855455 
1390 6.187902430117515 
1391 1.3542393832855455 
1392 6.293813279856914 
1393 1.3402943243125152 
1394 6.104054424914457 
1395 1.2778115798111211 
1396 5.958916461876628 
1397 1.2527495234645212 
1398 5.958916461876628 
1399 1.2319591395109093 
1400 5.935882777217657 
1401 1.239129377022909 
1402 6.023047652075114 
1403 1.2362713681191757 
1404 1.1149508455006865 
1405 1.206964253775109 
1406 1.1218119960081676 
1407 1.167065024215703 
1408 1.0379178956567783 
1409 1.172387533443806 
1410 1.0422756197814431 
1411 1.0947227476497334 
1412 0.9846074842111027 
1413 1.1305834082777757 
1414 1.0261587873258649 
1415 1.2223732671232304 
1416 1.0844486344534432 
1417 1.3022405596206788 
1418 1.1174279348446974 
1419 14.1751275854064 
1420 1.1181987090771621 
1421 14.371185871765134 
1422 1.1326411817889297 
1423 14.398221155194067 
1424 1.1315873168204378 
1425 14.364608019606735 
1426 1.1177938860214325 
1427 14.043865269715932 
1428 1.141846135912162 
1429 14.218686607829733 
1430 1.1280133914141082 
1431 1.3452789411430728 
1432 1.2697722591182425 
1433 1.306581441071903 
1434 1.2288918939193394 
1435 1.2495056609569333 
1436 1.1765878230867028 
1437 1.1824218167999758 
1438 1.1138867740944 
1439 1.1312234251313515 
1440 1.0686417956230243 
1441 5.332910432762086 
1442 1.1665993767224 
1443 0.9958144306844811 
1444 1.103961246393909 
1445 1.049445245564373 
1446 1.1536075004991333 
1447 1.1290140733610217 
1448 1.2464271662359212 
1449 1.145779122018643 
1450 1.306317384095994 
1451 1.145779122018643 
1452 1.3050950262730363 
1453 1.1762421053509406 
1454 1.3097520944683152 
1455 1.1762421053509406 
1456 1.339944265334988 
1457 1.1707458193427243 
1458 1.339944265334988 
1459 1.1962891607488486 
1460 1.339944265334988 
1461 1.1840378067963677 
1462 6.2632207734362 
1463 1.1076000480689783 
1464 5.941610050530943 
1465 1.0807093449133298 
1466 5.872068679725115 
1467 0.996653098796281 
1468 5.6944012302486 
1469 0.9788929503808 
1470 5.363936954231858 
1471 0.9066738434306756 
1472 4.959782608463942 
1473 0.9469565132940648 
1474 0.9598926970812758 
1475 0.9368660845445189 
1476 0.9434267664402919 
1477 0.9693404693771459 
1478 1.0269864909564426 
1479 0.9842462358164756 
1480 1.080312800162491 
1481 1.014525746250157 
1482 1.112093692959194 
1483 1.0526691694753028 
1484 1.1700884373969818 
1485 1.0896503013804972 
1486 1.1990294984104182 
1487 1.146728448673135 
1488 1.2696275118600908 
1489 1.1161980518755026 
1490 1.2795899115024 
1491 1.1762887777783135 
1492 1.3038146458126183 
1493 1.1934654634425297 
1494 14.603677727110266 
1495 1.1820677040408918 
1496 14.112526994734866 
1497 1.1820677040408918 
1498 14.089251614476334 
1499 1.2115175924062378 
1500 1.2876508298045515 
1501 1.205617816972346 
1502 1.2933315501672122 
1503 1.186983836311865 
1504 1.2761793645021453 
1505 1.286983124928594 
1506 1.2800742385590727 
1507 1.261640427852903 
1508 1.2654016994522062 
1509 1.278053241272012 
1510 13.401035510598334 
1511 1.255611420031382 
1512 13.603883919723067 
1513 1.2050411731519515 
1514 13.704969728878199 
1515 1.207249448266194 
