0 17.301664040392374 
1 11.105179128859987 
2 10.496440127830066 
3 28.47398898868319 
4 13.19299570016262 
5 15.235283434192269 
6 18.505806360523806 
7 21.29758604230773 
8 29.288605226038015 
9 13.01620856698641 
10 10.862498607970952 
11 10.81318318689931 
12 21.223871836131604 
13 18.85131284439131 
14 7.982019871771693 
15 8.999744660946213 
16 17.21135522417458 
17 13.873401978652254 
18 11.573079777826218 
19 17.6064812677091 
20 20.75586654658102 
21 21.8344161252707 
22 13.492712083047833 
23 12.323900581479055 
24 11.474236816116386 
25 18.635801783468924 
26 10.387571480579819 
27 13.991646985041966 
28 10.976548944689426 
29 12.844962071214855 
30 13.486594769098193 
31 20.46391264679622 
32 17.552400202545208 
33 9.816426929792124 
34 11.39713163086187 
35 13.161738955798088 
36 15.48479321878715 
37 14.548552360933343 
38 11.703412271229382 
39 21.23612208113089 
40 24.07821120009185 
41 10.982268352203102 
42 19.791641303681054 
43 12.30954169797145 
44 25.224951285813948 
45 20.402395186278753 
46 21.68327345103006 
47 21.657298352326414 
48 11.791324980110257 
49 24.59814794179916 
50 15.819861275077415 
51 11.021515887280716 
52 12.168160257619055 
53 16.43993430774236 
54 12.163467003839596 
55 16.893442887062992 
56 17.437395805184277 
57 15.947802678306628 
58 21.887512393675312 
59 9.791014115872946 
60 10.565077317964619 
61 17.380889038070258 
62 10.84651509195854 
63 18.7011949349028 
64 14.459377747134361 
65 24.35433747532226 
66 10.133714749598933 
67 12.26300693800818 
68 12.455504643006684 
69 16.17180818864971 
70 21.068646460181437 
71 15.964738526889537 
72 21.549144827090153 
73 14.196516453091258 
74 28.099527018879048 
75 17.085019715188842 
76 20.01118331281787 
77 11.166051699810984 
78 25.53361012017094 
79 7.746872570042795 
80 13.760659308932954 
81 10.871987350631173 
82 15.222400058068848 
83 9.204797384043102 
84 6.737859398745056 
85 20.30864580105361 
86 17.50032961989402 
87 7.89291702499619 
88 13.147628959049076 
89 18.956278077573195 
90 36.74379325448971 
91 11.818103436130796 
92 13.046980032786172 
93 18.559195737977664 
94 14.775023073292047 
95 15.810737253187174 
96 20.777561463736024 
97 15.346886205634833 
98 13.14437393252793 
99 23.92998391090521 
100 15.502592818465747 
101 20.237700963078765 
102 22.31938783112142 
103 20.85608158840816 
104 18.24911676151691 
105 24.730128594423448 
106 8.954286068063867 
107 31.040177613321 
108 17.45764517847629 
109 11.735141880284488 
110 38.30239715081503 
111 15.040032128974884 
112 9.562217161043515 
113 9.129364647497987 
114 21.39230667224302 
115 15.397139584740536 
116 13.75646201832094 
117 17.737675661731434 
118 20.347265882718204 
119 17.145501369415037 
120 14.373604380992852 
121 28.373441569423303 
122 10.567792489197394 
123 13.74875109811583 
124 18.145612964909777 
125 14.707206148947883 
126 17.857752913276535 
127 14.914459647825222 
128 15.038468295656227 
129 13.964116752063337 
130 9.434285315836709 
131 10.388703537203675 
132 11.790595755805619 
133 15.571369171369172 
134 18.339202560481315 
135 17.07702016603491 
136 21.258294391339167 
137 9.419496540371318 
138 12.734903068117989 
139 15.273007989163286 
140 11.540472646329686 
141 9.968660650411527 
142 16.48548879036569 
143 12.221948959432131 
144 15.087424460431654 
145 17.688678210848607 
146 17.3713149720439 
147 18.957306214689265 
148 29.56942035728889 
149 19.769718794483357 
150 27.672206424711852 
151 15.76906794795156 
152 8.707421531971608 
153 14.33773621024421 
154 9.056546410896434 
155 12.18304025282188 
156 30.06173892476509 
157 8.131710986514047 
158 9.597422567181665 
159 20.475900820636493 
160 19.204073129524236 
161 12.904161090344116 
162 20.823982086914214 
163 9.304279347727228 
164 15.272285032861799 
165 32.39895564584653 
166 20.701060642703084 
167 21.48039044975469 
168 15.252347323941613 
169 17.519920468500683 
170 9.705667013768368 
171 10.392564676265588 
172 7.1520231903828115 
173 30.043220709266595 
174 14.16104744991323 
175 13.973746984901185 
