0 2.2788151034993427 
1 3.35558399464385 
2 2.7084727775693347 
3 3.445427914493046 
4 3.2166404317779995 
5 3.5370014198630777 
6 3.356591020232204 
7 3.9331181183746713 
8 3.505511655530575 
9 2.798745535161622 
10 2.7429840989902083 
11 2.452879090434097 
12 3.7634050652639903 
13 3.26444528852488 
14 2.9798438077123928 
15 3.2212400002137986 
16 3.826065144319224 
17 3.276061380927721 
18 3.8987903116181246 
19 2.8675583886730953 
20 3.595506319469563 
21 2.898256476784645 
22 3.707462056213851 
23 3.9179428635860107 
24 3.9531261021619217 
25 3.3590423706362547 
26 4.684343491970038 
27 3.4993050650215984 
28 3.977904106218788 
29 2.7531098666164784 
30 2.9113435508475787 
31 3.1151045448479224 
32 3.87098883014536 
33 2.8534491771808668 
34 3.3350735137755105 
35 3.1857755356310467 
36 3.2966326335670697 
37 3.340270153731276 
38 3.801728043169155 
39 3.631649919371775 
40 3.7612393744124026 
41 3.2469382370766273 
42 4.377343614849195 
43 3.7211986148076295 
44 3.5868129790857237 
45 3.1530932665609606 
46 3.985835140946781 
47 4.267015525486485 
48 4.479218917408067 
49 3.7734479745885596 
50 3.6159508501616906 
51 3.977875439134327 
52 3.3345588676806126 
53 3.5100442075087543 
54 3.737464925866758 
55 3.1844547896549855 
56 3.1060179014449787 
57 3.2208561832155747 
58 3.180571036398984 
59 3.390868693476199 
60 3.9308265636658906 
61 4.237958515392171 
62 3.615082153935095 
63 4.052596898746369 
64 3.8196567986116756 
65 4.258472865411309 
66 3.305344603847966 
67 3.7675702329819947 
68 3.8307673886202984 
69 3.2662637777990566 
70 3.690370013485383 
71 3.4696346125460633 
72 4.4190840360774 
73 3.4698559192227445 
74 3.464212050297848 
75 3.9664728015290187 
76 3.9958171280499237 
77 3.763436224784235 
78 4.451035212664136 
79 3.7607006271923478 
80 3.9605160279902014 
81 3.776958408141161 
82 4.6471463460155915 
83 3.5669991513486745 
84 3.609717208716312 
85 3.3007828811901763 
86 4.034962384880727 
87 3.902959342139217 
88 4.019677513996826 
89 3.3745918129316075 
90 3.7582619146879925 
91 4.118458067583342 
92 3.668376518233241 
93 4.146148335533855 
94 4.333523743765147 
95 3.913017081004429 
96 4.214345557493799 
97 3.9518081401451073 
98 3.9059944606619506 
99 4.391340559037911 
100 4.230056367735627 
101 4.137445366475329 
102 4.090746756687702 
103 3.6973903463921505 
104 3.880538960019889 
105 3.903617716463051 
106 3.564431204839328 
107 3.5806314621515076 
108 3.889494921231015 
109 3.860314810450951 
110 2.721878995437237 
111 3.1685136811821866 
112 3.117683352758317 
113 3.6099768116634774 
114 3.240659784137491 
115 3.6569699175367054 
116 3.905491362365156 
117 3.861161996639805 
118 4.341303131449809 
119 4.384669821491563 
120 3.2898639207367992 
121 3.505932245820529 
122 3.286057157113354 
123 3.467142354919626 
124 3.4675357299974836 
125 3.9290959776300705 
126 4.471910563781744 
127 3.456100323374452 
128 3.81875832008226 
129 3.777813851491613 
130 3.7101765685991133 
131 3.1958510824998188 
132 3.691158101092733 
133 3.63371899303234 
134 3.0860088228188562 
135 3.5977557561231626 
136 4.390777229910038 
137 3.3620343506513155 
138 3.0056234069678047 
139 3.585308030446645 
140 3.140408258699493 
141 4.089797003714105 
142 3.839631079839624 
143 3.519256696755764 
144 3.3180336482067236 
145 3.8735844798644976 
146 3.559268936546584 
147 4.516576197113027 
148 3.7256686158356245 
149 3.9362459489382107 
150 4.575679578908213 
151 4.687955066573709 
152 4.2153678842619176 
153 4.26047710028644 
154 3.8051531090767763 
155 3.5653715423363384 
156 3.887484791684867 
157 3.952015121491275 
158 3.7792696049291985 
159 3.8162250625443956 
160 3.826600016316841 
161 3.9651182404781125 
162 4.026414072978546 
163 3.5842473659686886 
164 3.4829744645849283 
165 3.083451917266061 
166 4.256068611372958 
167 4.375965128982767 
168 3.5449702753157233 
169 3.7796790758610164 
170 4.204869511441471 
171 2.967113534115211 
172 3.2488649233475986 
173 3.17224890521042 
174 3.862453277993463 
175 4.084295053826355 
