0 1.1563065708338178 
1 0.7971262441577425 
2 1.6532745441766492 
3 1.553628503062104 
4 0.8224185019895778 
5 0.9084830419410923 
6 0.9296433567405931 
7 1.0620598946846718 
8 2.718624914006008 
9 1.8992460623883733 
10 1.808817353256847 
11 1.705883987215711 
12 1.5081260303209327 
13 1.2167762129373232 
14 1.5468062008683625 
15 1.3939298231860198 
16 2.1095359968184777 
17 1.3784156948177164 
18 1.4312929545282327 
19 2.747887060107753 
20 3.512087962788099 
21 1.3244916632496924 
22 2.333779099644476 
23 2.9700361277175586 
24 2.560516063175992 
25 1.6377093817066541 
26 1.093737218194379 
27 2.612849499510439 
28 1.8911678332528408 
29 1.5106253220960992 
30 1.699512496638765 
31 2.2141214654965258 
32 1.7746696992683848 
33 2.4288802200202535 
34 1.9088720215301465 
35 3.1591832178966417 
36 1.5654535745801585 
37 2.143783215892131 
38 1.5811021934894283 
39 2.2172961630305914 
40 1.5390840630307656 
41 2.733776255629193 
42 2.993803107329322 
43 2.7652120770687554 
44 1.5585187232687128 
45 3.3470647317415323 
46 0.7780712781458226 
47 2.416202642374164 
48 0.8537602797808952 
49 2.232182947292028 
50 1.0065537105672435 
51 2.013773046849864 
52 1.249566338995625 
53 3.7364771751105406 
54 2.30130185831041 
55 3.206339091115346 
56 1.9597926885094357 
57 1.2150086539129359 
58 4.85 
59 1.5574329619367862 
60 1.9159073196693996 
61 2.1143887701027024 
62 2.7739574399659968 
63 2.8936492682581836 
64 1.9961022894696838 
65 2.98217927581175 
66 2.5387826480944815 
67 3.892395376120434 
68 3.8292922743176936 
69 2.6895633573626823 
70 3.80081977959648 
71 3.614332649145908 
72 3.7405330162924044 
73 3.7779544974317645 
74 3.9368539841456904 
75 4.426244287430012 
76 3.5683580961678003 
77 3.206497283819768 
78 3.0019825594973426 
79 3.1941706378347154 
80 3.5455789703554577 
81 2.794476032026577 
82 2.4523088337767356 
83 3.109145966663495 
84 3.1923325557844864 
85 3.506015124500744 
86 3.3014527674200433 
87 4.163766406408804 
88 3.8367336852216996 
89 3.7105603639439284 
90 3.2314048516526532 
91 3.1139388826452814 
92 3.4362858329413415 
93 3.831895219819205 
94 3.3522521903471643 
95 4.182535729581369 
96 3.618314479646356 
97 3.5618061757795267 
98 3.479814863369272 
99 4.2344344753353536 
100 3.3268925363376107 
101 3.353778806741375 
102 3.4132952528174685 
103 3.5216128279999204 
104 3.5510906786300716 
105 3.9139122743263735 
106 3.681287807483633 
107 2.9265590948295745 
108 3.263755771900951 
109 4.166021482900021 
110 4.025850921996725 
111 4.5300990424690575 
112 3.6258496762292216 
113 3.7411480655930482 
114 4.07993528294593 
115 4.004371576323419 
116 3.919486569531355 
117 4.507970742544198 
118 3.8794814374341584 
119 3.9597961330800695 
120 3.3635560477330118 
121 4.466396351973408 
122 4.076703501725904 
123 4.090121935819873 
124 3.7927682707084958 
125 3.7268346248802984 
126 3.594462107666676 
127 4.190709173747682 
128 3.931283566085 
129 4.379095291997114 
130 3.58010394102691 
131 4.32060933294978 
132 3.4014585233579 
133 4.2264899206114865 
134 3.271025716700764 
135 4.431182597505055 
136 3.512305787180245 
137 4.190271328122099 
138 3.478127350678081 
139 3.8487262651644265 
140 3.0838654553976332 
141 3.2177443738573 
142 4.147997542730052 
143 4.426898784853749 
144 3.9195392027459968 
145 4.351823661534997 
146 3.843195895592775 
147 4.18273111165623 
148 3.5507062040678954 
149 3.8584813291869158 
150 3.6139181034213395 
151 4.219644333512328 
152 3.4989305032831184 
153 4.280232507941715 
154 4.145864747420129 
155 4.313664183839627 
156 3.720232329733099 
157 4.161582270077292 
158 3.7371219331991905 
159 4.323066317035305 
160 3.8610691897456544 
161 4.161046595816573 
162 3.436096638438316 
163 4.467183254511732 
164 4.056761536677955 
165 4.5022069689913025 
166 3.785362103969704 
167 4.382188479245098 
168 3.8883703673407273 
169 4.6676357168709695 
170 3.915962308698618 
171 4.27703814668596 
172 3.8414045473341094 
173 4.532676754339277 
174 3.866807523961162 
175 4.5495745028555294 
176 3.3884262384868435 
177 4.62838293950823 
178 3.9748489260984567 
179 4.27377275313534 
180 3.623215064740974 
181 4.7565186659722105 
182 3.741198001140191 
183 4.594276368708669 
184 3.537630611474275 
185 4.8064195739522075 
186 4.014905707246998 
187 4.85 
188 3.313709332522538 
189 4.85 
190 3.15574217275997 
191 4.414607314568708 
192 3.670555485951841 
193 4.23509572106607 
194 3.7329915570797274 
195 4.510193824096934 
196 3.5989793014120077 
197 4.6415217902156565 
198 3.6359030195365816 
199 4.501344972379548 
200 2.9452603342206882 
201 4.255258004776243 
202 3.078076364054237 
203 4.3229491817152494 
204 3.1394410378344464 
205 4.584650237143341 
206 3.583428717930679 
207 4.402385496248557 
208 3.8521158090436467 
209 4.1635911716938585 
210 3.2715921569790756 
211 4.020073401585172 
212 3.70527603901822 
213 4.371778222738079 
214 3.8154722455139654 
215 3.9137630637758756 
216 3.110570784059355 
217 3.99750898872782 
218 3.080230700048369 
219 4.417497941147954 
220 3.6549459643066315 
221 4.128759074516378 
222 3.5720369795145954 
223 4.183714370913921 
224 3.9447633036315097 
225 4.480577277392105 
226 4.0892236316692046 
227 4.394748652381226 
228 4.048285092456044 
229 4.59876454804955 
230 3.9449477742780497 
231 4.566660975176818 
232 3.8320087606340696 
233 4.211171814568231 
234 3.5723056637090083 
235 4.344422588432023 
236 3.756810113524739 
237 4.436552575638886 
238 3.644928961001698 
239 4.245680884330902 
240 3.4555290232405325 
241 4.228496336638063 
242 3.97605774163072 
243 4.177242127537763 
244 3.4578109305467972 
245 4.5230684266248495 
246 3.6909370979488365 
247 4.458335337690891 
248 4.321931599038331 
249 4.581489095203246 
250 3.752485563895077 
251 4.31990823501805 
252 3.3265723149555217 
253 4.189579970221262 
254 3.8863310589976687 
255 4.498777731403902 
256 3.5408488911789524 
257 4.62048192994637 
258 3.737884375724502 
259 4.094521129985406 
260 3.7571699656425452 
261 4.333849516823406 
262 3.957472781981278 
263 4.413572547695976 
264 3.944054650005809 
265 4.320036440541081 
266 3.7413495053606662 
267 4.325135664049709 
268 4.191170060768351 
269 3.973979166240898 
270 3.4179925485224594 
271 4.289967850896193 
272 3.896317031661388 
273 4.176857197572909 
274 3.6429516135001543 
275 4.306553535849506 
276 3.8931871309179233 
277 4.3185334581354615 
278 3.9036614950622397 
279 4.151372959220027 
280 3.8272916457109547 
281 3.8269894342847977 
282 3.847787030460325 
283 4.335942248353856 
284 3.7801512653858 
285 4.019683458940054 
286 4.042900672063285 
287 3.90234474196383 
288 3.331850298991758 
289 4.314401698501435 
290 4.0713740633757505 
291 4.049360275153114 
292 3.979257593381427 
293 3.9166936229444276 
