0 3.9575653082224855 
1 3.696550216981051 
2 4.387991285809013 
3 3.7303910879003586 
4 4.639832289531949 
5 3.9536886858601465 
6 4.358259901695013 
7 3.891544227626555 
8 4.85 
9 4.045071526239036 
10 4.4954724439733695 
11 4.7219629554344555 
12 4.352653435640183 
13 3.0195743884759647 
14 4.85 
15 4.083867243686724 
16 4.85 
17 3.7616419460707067 
18 4.85 
19 4.875506992232994 
20 4.85 
21 3.36662279380248 
22 4.85 
23 4.4975311673765175 
24 4.85 
25 4.391729602075328 
26 4.904644607256571 
27 4.286455852778449 
28 4.345764906155856 
29 3.870123389075629 
30 4.168198042657411 
31 4.617440491407887 
32 4.85 
33 3.878829724316241 
34 4.85 
35 3.7777887138461548 
36 4.280086532422313 
37 4.161362624648543 
38 4.60491434075367 
39 4.634482903911531 
40 3.969386464952277 
41 4.452393636338485 
42 4.85 
43 4.933295165676013 
44 4.85 
45 4.902516541123601 
46 4.5505753570169185 
47 4.417260481716605 
48 4.573774404736162 
49 4.85 
50 4.85 
51 4.435002174753913 
52 4.09823352054798 
53 4.85 
54 4.85 
55 4.85 
56 4.961499113940829 
57 4.18353323415481 
58 4.7745814080030895 
59 4.741474202001251 
60 4.211591152645591 
61 4.5960447137809215 
62 3.509408054582747 
63 4.1012624544254335 
64 3.771405276317848 
65 3.762757404153369 
66 3.7871913723369866 
67 3.803416308655592 
68 4.471950306322431 
69 3.6311483391440076 
70 3.025519409906435 
71 3.8256557764158106 
72 3.9490624703373727 
73 3.4710122446734215 
74 4.19302049790989 
75 3.505639216701792 
76 3.1555619027861024 
77 4.311591875559697 
78 3.4541016167245977 
79 4.625031031433859 
80 3.798981821128034 
81 4.096267208915691 
82 3.052473441143505 
83 4.85 
84 2.8076773714821184 
85 4.43209023978013 
86 3.51685881550849 
87 4.85 
88 4.223619633813556 
89 4.75664981861746 
90 4.205097702444858 
91 4.071033481840074 
92 4.1063372012704615 
93 3.949630645044739 
94 4.330507428921624 
95 3.6875811248967083 
96 4.2554184794954475 
97 4.005843326539281 
98 3.1822195631493244 
99 3.357400938691688 
100 3.774020227937592 
101 3.899420242026836 
102 4.20070206797366 
103 3.8927506937855654 
104 3.25001278743265 
105 3.333962353584752 
106 4.03575551954298 
107 2.9041297598328555 
108 3.7545805412620235 
109 4.135813685881248 
110 3.7996358923882156 
111 3.9779064941835256 
112 4.260690347538658 
113 3.78670370371588 
114 4.85 
115 3.0438304744985585 
116 4.276377026002576 
117 4.159698209817742 
118 4.85 
119 4.269818504378323 
120 4.784094722444484 
121 4.088220944930706 
122 4.85 
123 3.7244399004424324 
124 4.125637043401012 
125 4.086838588233308 
126 4.288335748242249 
127 3.7069942511999128 
128 4.261492745735938 
129 4.85 
130 4.834252476301323 
131 4.101259747139403 
132 4.703433582836716 
133 3.6635382829539025 
134 4.85 
135 4.85 
136 4.85 
137 3.623158489226005 
138 4.85 
139 4.0126321484198675 
140 4.037138929788008 
141 3.980899661863105 
142 4.002174645649457 
143 4.899508236824087 
144 3.6768516648946266 
145 4.451007179759303 
146 4.85 
147 4.728605223691401 
148 4.85 
149 4.222444789034491 
150 4.85 
151 3.791592406117324 
152 4.165727953659096 
153 3.9680613303081262 
154 4.85 
155 4.69745505752399 
156 4.374603949614041 
157 4.23240246292148 
158 4.85 
159 4.162066162621381 
160 4.056927438279048 
161 3.4085085885065514 
162 4.821196044847442 
163 4.85 
164 4.85 
165 4.528211006630113 
166 4.85 
167 4.078208942752439 
