0 3 
1 3 
2 3 
3 3 
4 3 
5 2 
6 2 
7 2 
8 2 
9 2 
10 2 
11 2 
12 2 
13 2 
14 2 
15 2 
16 2 
17 2 
18 2 
19 1 
20 1 
21 1 
22 1 
23 2 
24 2 
25 2 
26 2 
27 2 
28 2 
29 3 
30 3 
31 3 
32 3 
33 3 
34 3 
35 2 
36 2 
37 3 
38 3 
39 3 
40 3 
41 3 
42 3 
43 2 
44 2 
45 3 
46 3 
47 3 
48 3 
49 3 
50 3 
51 3 
52 3 
53 2 
54 2 
55 2 
56 2 
57 2 
58 2 
59 2 
60 2 
61 3 
62 3 
63 3 
64 3 
65 3 
66 3 
67 3 
68 3 
69 2 
70 2 
71 2 
72 2 
73 2 
74 2 
75 2 
76 2 
77 2 
78 2 
79 3 
80 3 
81 3 
82 3 
83 3 
84 3 
85 3 
86 3 
87 2 
88 2 
89 2 
90 2 
91 2 
92 2 
93 2 
94 2 
95 2 
96 2 
97 2 
98 2 
99 2 
100 2 
101 2 
102 2 
103 2 
104 2 
105 2 
106 2 
107 2 
108 2 
109 2 
110 2 
111 3 
112 3 
113 3 
114 3 
115 2 
116 2 
117 2 
118 2 
119 2 
120 2 
121 1 
122 1 
123 2 
124 2 
125 3 
126 3 
127 2 
128 2 
129 3 
130 3 
131 2 
132 2 
133 2 
134 2 
135 2 
136 2 
137 2 
138 2 
139 2 
140 2 
141 2 
142 2 
143 3 
144 3 
145 3 
146 3 
147 3 
148 3 
149 2 
150 2 
151 2 
152 2 
153 3 
154 3 
155 3 
156 3 
157 2 
158 2 
159 2 
160 2 
161 2 
162 2 
163 2 
164 2 
165 2 
166 2 
167 2 
168 2 
169 2 
170 2 
171 2 
172 2 
173 2 
174 2 
175 2 
176 2 
177 2 
178 2 
179 2 
180 2 
181 3 
182 3 
183 3 
184 3 
185 3 
186 3 
187 3 
188 3 
189 2 
190 2 
191 1 
192 1 
193 1 
194 1 
195 2 
196 2 
197 2 
198 2 
199 2 
200 2 
201 3 
202 3 
203 3 
204 3 
205 2 
206 2 
207 3 
208 3 
209 3 
210 3 
211 3 
212 3 
213 3 
214 3 
215 3 
216 3 
217 3 
218 3 
219 2 
220 2 
221 2 
222 2 
223 1 
224 1 
225 1 
226 1 
227 1 
228 1 
229 2 
230 2 
231 2 
232 2 
233 3 
234 3 
235 3 
236 3 
237 2 
238 2 
239 2 
240 2 
241 2 
242 2 
243 2 
244 2 
245 2 
246 2 
247 2 
248 2 
249 2 
250 2 
251 2 
252 2 
253 2 
254 2 
255 2 
256 2 
257 2 
258 2 
259 2 
260 2 
261 2 
262 2 
263 2 
264 2 
265 2 
266 2 
267 2 
268 2 
269 2 
270 2 
271 2 
272 2 
273 2 
274 2 
275 3 
276 3 
277 2 
278 2 
279 2 
280 2 
281 3 
282 3 
283 2 
284 2 
285 3 
286 3 
287 3 
288 3 
289 3 
290 3 
291 3 
292 3 
293 3 
294 3 
295 2 
296 2 
297 2 
298 2 
299 2 
300 2 
301 2 
302 2 
303 2 
304 2 
305 2 
306 2 
307 1 
308 1 
309 1 
310 1 
311 2 
312 2 
313 2 
314 2 
315 2 
316 2 
317 2 
318 2 
319 1 
320 1 
321 2 
322 2 
323 2 
324 2 
325 2 
326 2 
327 2 
328 2 
329 1 
330 1 
331 1 
332 1 
333 2 
334 2 
335 2 
336 2 
337 2 
338 2 
339 2 
340 2 
341 2 
342 2 
343 2 
344 2 
345 2 
346 2 
347 2 
348 2 
349 1 
350 1 
351 1 
352 1 
353 2 
354 2 
355 3 
356 3 
357 3 
358 3 
359 3 
360 3 
361 2 
362 2 
363 1 
364 1 
365 2 
366 2 
367 2 
368 2 
369 3 
370 3 
371 2 
372 2 
373 1 
374 1 
375 1 
376 1 
377 1 
378 1 
379 2 
380 2 
381 2 
382 2 
383 3 
384 3 
385 3 
386 3 
387 3 
388 3 
389 2 
390 2 
391 2 
392 2 
393 2 
394 2 
395 2 
396 2 
397 2 
398 2 
399 2 
400 2 
401 2 
402 2 
403 2 
404 2 
405 2 
406 2 
407 2 
408 2 
409 2 
410 2 
411 2 
412 2 
413 2 
414 2 
415 2 
416 2 
417 2 
418 2 
419 2 
420 2 
421 2 
422 2 
423 2 
424 2 
425 2 
426 2 
427 2 
428 2 
429 2 
430 2 
431 2 
432 2 
433 2 
434 2 
435 2 
436 2 
437 2 
438 2 
439 2 
440 2 
441 2 
442 2 
443 2 
444 2 
445 2 
446 2 
447 2 
448 2 
449 2 
450 2 
451 2 
452 2 
453 2 
454 2 
455 2 
456 2 
457 2 
458 2 
459 2 
460 2 
461 2 
462 2 
463 2 
464 2 
465 2 
466 2 
467 2 
468 2 
469 2 
470 2 
471 2 
472 2 
473 2 
474 2 
475 2 
476 2 
477 2 
478 2 
479 2 
480 2 
481 2 
482 2 
483 3 
484 3 
485 3 
486 3 
487 3 
488 3 
489 3 
490 3 
491 2 
492 2 
493 2 
494 2 
495 2 
496 2 
497 1 
498 1 
499 1 
500 1 
501 2 
502 2 
503 2 
504 2 
505 2 
506 2 
507 2 
508 2 
509 2 
510 2 
511 2 
512 2 
513 2 
514 2 
515 3 
516 3 
517 2 
518 2 
519 2 
520 2 
521 2 
522 2 
523 2 
524 2 
525 2 
526 2 
527 2 
528 2 
529 2 
530 2 
531 2 
532 2 
533 2 
534 2 
535 2 
536 2 
537 1 
538 1 
539 2 
540 2 
541 2 
542 2 
543 2 
544 2 
545 2 
546 2 
547 2 
548 2 
549 2 
550 2 
551 2 
552 2 
553 2 
554 2 
555 2 
556 2 
557 2 
558 2 
559 3 
560 3 
561 2 
562 2 
563 1 
564 1 
565 1 
566 1 
567 1 
568 1 
569 1 
570 1 
571 1 
572 1 
573 2 
574 2 
575 2 
576 2 
577 2 
578 2 
579 2 
580 2 
581 1 
582 1 
583 2 
584 2 
585 2 
586 2 
587 3 
588 3 
589 3 
590 3 
591 3 
592 3 
593 3 
594 3 
595 3 
596 3 
597 3 
598 3 
599 2 
600 2 
601 3 
602 3 
603 3 
604 3 
605 3 
606 3 
607 3 
608 3 
609 2 
610 2 
611 2 
612 2 
613 2 
614 2 
615 1 
616 1 
617 2 
618 2 
619 3 
620 3 
621 3 
622 3 
623 2 
624 2 
625 2 
626 2 
627 2 
628 2 
629 2 
630 2 
631 2 
632 2 
633 2 
634 2 
635 2 
636 2 
637 3 
638 3 
639 3 
640 3 
641 3 
642 3 
643 2 
644 2 
645 2 
646 2 
647 2 
648 2 
649 2 
650 2 
651 2 
652 2 
653 2 
654 2 
655 2 
656 2 
657 1 
658 1 
659 1 
660 1 
661 2 
662 2 
663 2 
664 2 
665 2 
666 2 
667 3 
668 3 
669 2 
670 2 
671 1 
672 1 
673 1 
674 1 
675 2 
676 2 
677 2 
678 2 
679 2 
680 2 
681 2 
682 2 
683 2 
684 2 
685 2 
686 2 
687 2 
688 2 
689 2 
690 2 
691 2 
692 2 
693 2 
694 2 
695 2 
696 2 
697 2 
698 2 
699 2 
700 2 
701 3 
702 3 
703 2 
704 2 
705 2 
706 2 
707 3 
708 3 
709 3 
710 3 
711 3 
712 3 
713 3 
714 3 
715 2 
716 2 
717 2 
718 2 
719 3 
720 3 
721 2 
722 2 
723 2 
724 2 
725 2 
726 2 
727 2 
728 2 
729 2 
730 2 
731 2 
732 2 
733 2 
734 2 
735 1 
736 2 
737 2 
738 2 
739 2 
740 2 
741 3 
742 3 
743 3 
744 2 
745 2 
746 2 
747 2 
748 2 
749 2 
750 1 
751 2 
752 2 
753 3 
754 2 
755 3 
756 2 
757 3 
758 2 
759 2 
760 2 
761 2 
762 3 
763 2 
764 3 
765 2 
766 3 
767 2 
768 2 
769 2 
770 2 
771 2 
772 2 
773 2 
774 2 
775 2 
776 2 
777 2 
778 2 
779 2 
780 2 
781 3 
782 2 
783 3 
784 2 
785 3 
786 1 
787 2 
788 2 
789 2 
790 2 
791 2 
792 2 
793 1 
794 2 
795 1 
796 2 
797 2 
798 2 
799 2 
800 2 
801 2 
802 2 
803 2 
804 2 
805 1 
806 2 
807 1 
808 2 
809 2 
810 2 
811 2 
812 2 
813 2 
814 3 
815 2 
816 3 
817 2 
818 3 
819 3 
820 3 
821 3 
822 3 
823 3 
824 3 
825 2 
826 3 
827 2 
828 2 
829 2 
830 2 
831 3 
832 2 
833 3 
834 2 
835 3 
836 3 
837 3 
838 3 
839 2 
840 3 
841 3 
842 3 
843 3 
844 3 
845 2 
846 2 
847 2 
848 2 
849 2 
850 2 
851 2 
852 2 
853 3 
854 3 
855 3 
856 3 
857 3 
858 3 
859 3 
860 3 
861 3 
862 2 
863 3 
864 2 
865 3 
866 2 
867 2 
868 2 
869 2 
870 2 
871 2 
872 3 
873 2 
874 3 
875 2 
876 3 
877 2 
878 3 
879 3 
880 3 
881 3 
882 2 
883 2 
884 2 
885 2 
886 2 
887 2 
888 2 
889 2 
890 2 
891 2 
892 2 
893 2 
894 2 
895 2 
896 3 
897 2 
898 3 
899 2 
900 3 
901 2 
902 3 
903 2 
904 3 
905 3 
906 3 
907 2 
908 3 
909 2 
910 2 
911 2 
912 2 
913 2 
914 2 
915 2 
916 3 
917 2 
918 3 
919 2 
920 2 
921 2 
922 1 
923 1 
924 1 
925 2 
926 2 
927 2 
928 2 
929 2 
930 3 
931 3 
932 3 
933 2 
934 3 
935 3 
936 3 
937 3 
938 3 
939 3 
940 3 
941 2 
942 2 
943 1 
944 3 
945 1 
946 3 
947 1 
948 2 
949 1 
950 2 
951 1 
952 2 
953 2 
954 2 
955 2 
956 2 
957 2 
958 2 
959 2 
960 2 
961 1 
962 2 
963 2 
964 2 
965 2 
966 2 
967 2 
968 2 
969 2 
970 2 
971 2 
972 2 
973 2 
974 2 
975 2 
976 2 
977 2 
978 2 
979 1 
980 3 
981 1 
982 3 
983 2 
984 3 
985 3 
986 3 
987 3 
988 3 
989 2 
990 3 
991 3 
992 3 
993 3 
994 2 
995 2 
996 2 
997 2 
998 2 
999 2 
1000 2 
1001 2 
1002 3 
1003 2 
1004 3 
1005 3 
1006 3 
1007 3 
1008 2 
1009 3 
1010 2 
1011 3 
1012 2 
1013 2 
1014 2 
1015 1 
1016 3 
1017 2 
1018 3 
1019 3 
1020 3 
1021 3 
1022 3 
1023 3 
1024 3 
1025 3 
1026 3 
1027 2 
1028 3 
1029 2 
1030 3 
1031 2 
1032 2 
1033 1 
1034 2 
1035 2 
1036 2 
1037 2 
1038 2 
1039 2 
1040 2 
1041 2 
1042 2 
1043 2 
1044 2 
1045 2 
1046 3 
1047 2 
1048 3 
1049 2 
1050 3 
1051 2 
1052 3 
1053 2 
1054 3 
1055 2 
1056 2 
1057 2 
1058 2 
1059 2 
1060 2 
1061 3 
1062 3 
1063 3 
1064 2 
1065 3 
1066 2 
1067 2 
1068 2 
1069 2 
1070 2 
1071 2 
1072 2 
1073 2 
1074 2 
1075 2 
1076 3 
1077 3 
1078 3 
1079 3 
1080 3 
1081 3 
1082 2 
1083 2 
1084 2 
1085 2 
1086 2 
1087 2 
1088 2 
1089 2 
1090 1 
1091 2 
1092 2 
1093 2 
1094 2 
1095 2 
1096 2 
1097 2 
1098 2 
1099 2 
1100 2 
1101 2 
1102 2 
1103 2 
1104 2 
1105 2 
1106 2 
1107 2 
1108 2 
1109 1 
1110 2 
1111 2 
1112 2 
1113 2 
1114 2 
1115 3 
1116 2 
1117 3 
1118 2 
1119 3 
1120 3 
1121 3 
1122 3 
1123 2 
1124 3 
1125 2 
1126 2 
1127 3 
1128 2 
1129 3 
1130 3 
1131 3 
1132 3 
1133 3 
1134 3 
1135 3 
1136 3 
1137 3 
1138 3 
1139 3 
1140 3 
1141 3 
1142 3 
1143 3 
1144 2 
1145 3 
1146 3 
1147 2 
1148 3 
1149 3 
1150 3 
1151 3 
1152 2 
1153 3 
1154 2 
1155 2 
1156 2 
1157 2 
1158 3 
1159 2 
1160 3 
1161 2 
1162 3 
1163 2 
1164 3 
1165 2 
1166 3 
1167 2 
1168 3 
1169 2 
1170 3 
1171 2 
1172 3 
1173 2 
1174 2 
1175 2 
1176 3 
1177 2 
1178 3 
1179 2 
1180 3 
1181 2 
1182 3 
1183 2 
1184 3 
1185 2 
1186 3 
1187 2 
1188 3 
1189 1 
1190 3 
1191 2 
1192 2 
1193 2 
1194 2 
1195 2 
1196 2 
1197 2 
1198 2 
1199 2 
1200 3 
1201 2 
1202 3 
1203 2 
1204 3 
1205 3 
1206 3 
1207 3 
1208 3 
1209 3 
1210 3 
1211 3 
1212 3 
1213 3 
1214 3 
1215 3 
1216 3 
1217 2 
1218 3 
1219 3 
1220 3 
1221 3 
1222 3 
1223 3 
1224 3 
1225 3 
1226 3 
1227 3 
1228 3 
1229 2 
1230 3 
1231 2 
1232 3 
1233 2 
1234 3 
1235 2 
1236 3 
1237 2 
1238 3 
1239 2 
1240 3 
1241 2 
1242 3 
1243 1 
1244 2 
1245 2 
1246 2 
1247 2 
1248 2 
1249 2 
1250 2 
1251 2 
1252 2 
1253 3 
1254 2 
1255 3 
1256 2 
1257 3 
1258 3 
1259 2 
1260 3 
1261 2 
1262 3 
1263 2 
1264 3 
1265 2 
1266 2 
1267 2 
1268 2 
1269 2 
1270 2 
1271 2 
1272 2 
1273 3 
1274 2 
1275 3 
1276 2 
1277 3 
1278 1 
1279 3 
1280 2 
1281 3 
1282 3 
1283 3 
1284 3 
1285 3 
1286 3 
1287 2 
1288 3 
1289 2 
1290 3 
1291 2 
1292 3 
1293 2 
1294 3 
1295 2 
1296 3 
1297 2 
1298 3 
1299 3 
1300 2 
1301 3 
1302 2 
1303 2 
1304 2 
1305 3 
1306 2 
1307 3 
1308 2 
1309 3 
1310 2 
1311 3 
1312 2 
1313 3 
1314 2 
1315 3 
1316 2 
1317 3 
1318 2 
1319 2 
1320 2 
1321 3 
1322 2 
1323 3 
1324 3 
1325 3 
1326 3 
1327 3 
1328 3 
1329 2 
1330 3 
1331 3 
1332 2 
1333 3 
1334 2 
1335 3 
1336 2 
1337 3 
1338 2 
1339 3 
1340 2 
1341 3 
1342 3 
1343 3 
1344 3 
1345 2 
1346 3 
1347 2 
1348 3 
1349 2 
1350 3 
1351 2 
1352 3 
1353 3 
1354 3 
1355 3 
1356 3 
1357 3 
1358 3 
1359 2 
1360 3 
1361 2 
1362 3 
1363 2 
1364 2 
1365 2 
1366 3 
1367 3 
1368 3 
1369 3 
1370 3 
1371 3 
1372 2 
1373 3 
1374 3 
1375 3 
1376 2 
1377 3 
1378 2 
1379 2 
1380 3 
1381 2 
1382 3 
1383 2 
1384 3 
1385 2 
1386 3 
1387 2 
1388 3 
1389 3 
1390 3 
1391 3 
1392 3 
1393 2 
1394 2 
1395 2 
1396 2 
1397 2 
1398 2 
1399 2 
1400 2 
1401 2 
1402 2 
1403 2 
1404 2 
1405 3 
1406 2 
1407 3 
1408 2 
1409 3 
1410 3 
1411 3 
1412 3 
1413 2 
1414 3 
1415 2 
1416 3 
1417 3 
1418 3 
1419 2 
1420 2 
1421 2 
1422 2 
1423 3 
1424 2 
1425 2 
1426 2 
1427 2 
1428 1 
1429 2 
1430 2 
1431 2 
1432 2 
1433 2 
1434 2 
1435 2 
1436 2 
1437 2 
1438 2 
1439 2 
1440 2 
1441 2 
1442 2 
1443 2 
1444 2 
1445 1 
1446 1 
1447 2 
1448 2 
1449 2 
1450 2 
1451 2 
1452 2 
1453 2 
1454 2 
1455 2 
1456 2 
1457 2 
1458 2 
1459 2 
1460 3 
1461 2 
1462 3 
1463 2 
1464 3 
1465 2 
1466 2 
1467 2 
1468 2 
1469 2 
1470 2 
1471 1 
1472 2 
1473 2 
1474 3 
1475 2 
1476 3 
1477 2 
1478 3 
1479 2 
1480 3 
1481 2 
1482 2 
1483 3 
1484 2 
1485 2 
1486 2 
1487 2 
1488 2 
1489 2 
1490 2 
1491 3 
1492 2 
1493 3 
1494 2 
1495 3 
1496 2 
1497 3 
1498 2 
1499 3 
1500 2 
1501 3 
1502 3 
1503 3 
1504 3 
1505 2 
1506 3 
1507 2 
1508 3 
1509 2 
1510 3 
1511 3 
1512 3 
1513 2 
1514 2 
1515 3 
1516 2 
1517 3 
1518 2 
1519 3 
1520 2 
1521 3 
1522 2 
1523 3 
1524 2 
1525 2 
1526 2 
1527 3 
1528 3 
1529 3 
1530 3 
1531 3 
1532 3 
1533 3 
1534 3 
1535 3 
1536 3 
1537 2 
1538 3 
1539 2 
1540 3 
1541 3 
1542 3 
1543 3 
1544 3 
1545 3 
1546 3 
1547 3 
1548 3 
1549 2 
1550 3 
1551 2 
1552 2 
1553 2 
1554 2 
1555 2 
1556 3 
1557 2 
1558 3 
1559 2 
1560 3 
1561 2 
1562 3 
1563 3 
1564 2 
1565 3 
1566 2 
1567 3 
1568 2 
1569 3 
1570 2 
1571 2 
1572 2 
1573 2 
1574 3 
1575 2 
1576 3 
1577 3 
1578 3 
1579 3 
1580 3 
1581 3 
1582 3 
1583 3 
1584 3 
1585 3 
1586 3 
1587 3 
1588 2 
1589 3 
1590 2 
1591 2 
1592 2 
1593 2 
1594 2 
1595 2 
1596 3 
1597 3 
1598 3 
1599 3 
1600 3 
1601 3 
1602 3 
1603 3 
1604 2 
1605 3 
1606 2 
1607 3 
1608 3 
1609 3 
1610 3 
1611 2 
1612 3 
1613 2 
1614 3 
1615 2 
1616 3 
1617 2 
1618 3 
1619 2 
1620 2 
1621 2 
1622 2 
1623 2 
1624 2 
1625 3 
1626 3 
1627 3 
1628 3 
1629 3 
1630 3 
1631 3 
1632 2 
1633 2 
1634 2 
1635 3 
1636 2 
1637 3 
1638 2 
1639 3 
1640 2 
1641 3 
1642 3 
1643 3 
1644 3 
1645 3 
1646 3 
1647 3 
1648 2 
1649 3 
1650 2 
1651 3 
1652 2 
1653 3 
1654 2 
1655 3 
1656 2 
1657 2 
1658 3 
1659 2 
1660 3 
1661 2 
1662 3 
1663 2 
1664 3 
1665 2 
1666 2 
1667 1 
1668 2 
1669 2 
1670 3 
1671 2 
1672 3 
1673 2 
1674 2 
1675 2 
1676 1 
1677 2 
1678 1 
1679 2 
1680 1 
1681 2 
1682 0 
1683 2 
1684 1 
1685 1 
1686 1 
1687 2 
1688 1 
1689 2 
1690 2 
1691 2 
1692 2 
1693 2 
1694 2 
1695 1 
1696 2 
1697 2 
1698 2 
1699 2 
1700 2 
1701 2 
1702 2 
1703 2 
1704 1 
1705 3 
1706 2 
1707 3 
1708 3 
1709 3 
1710 3 
1711 3 
1712 3 
1713 3 
1714 3 
1715 2 
1716 3 
1717 2 
1718 3 
1719 2 
1720 2 
1721 2 
1722 2 
1723 2 
1724 3 
1725 1 
1726 3 
1727 2 
1728 3 
1729 2 
1730 3 
1731 2 
1732 2 
1733 2 
1734 3 
1735 2 
1736 3 
1737 2 
1738 3 
1739 2 
1740 2 
1741 2 
1742 2 
1743 2 
1744 2 
1745 2 
1746 2 
1747 2 
1748 3 
1749 3 
1750 3 
1751 3 
1752 2 
1753 3 
1754 2 
1755 3 
1756 2 
1757 3 
1758 2 
1759 3 
1760 2 
1761 3 
1762 2 
1763 3 
1764 3 
1765 2 
1766 3 
1767 2 
1768 3 
1769 2 
1770 3 
1771 2 
1772 3 
1773 2 
1774 2 
1775 2 
1776 2 
1777 2 
1778 2 
1779 1 
1780 3 
1781 2 
1782 3 
1783 2 
1784 3 
1785 2 
1786 2 
1787 3 
1788 2 
1789 3 
1790 2 
1791 3 
1792 2 
1793 3 
1794 2 
1795 2 
1796 2 
1797 2 
1798 2 
1799 3 
1800 3 
1801 3 
1802 2 
1803 3 
1804 2 
1805 3 
1806 2 
1807 3 
1808 2 
1809 3 
1810 1 
1811 2 
1812 2 
1813 2 
1814 2 
1815 2 
1816 2 
1817 2 
1818 2 
1819 3 
1820 2 
1821 2 
1822 2 
1823 2 
1824 2 
1825 2 
1826 1 
1827 3 
1828 2 
1829 2 
1830 2 
1831 2 
1832 2 
1833 3 
1834 2 
1835 3 
1836 2 
1837 3 
1838 2 
1839 3 
1840 3 
1841 3 
1842 3 
1843 3 
1844 3 
1845 3 
1846 2 
1847 3 
1848 2 
1849 2 
1850 2 
1851 2 
1852 2 
1853 2 
1854 2 
1855 3 
1856 2 
1857 3 
1858 3 
1859 2 
1860 2 
1861 2 
1862 2 
1863 2 
1864 3 
1865 2 
1866 2 
1867 2 
1868 2 
1869 2 
1870 2 
1871 2 
1872 2 
1873 2 
1874 3 
1875 2 
1876 3 
1877 2 
1878 3 
1879 3 
1880 2 
1881 3 
1882 2 
1883 3 
1884 3 
1885 3 
1886 3 
1887 2 
1888 3 
1889 2 
1890 2 
1891 3 
1892 2 
1893 3 
1894 2 
1895 2 
1896 2 
1897 2 
1898 2 
1899 2 
1900 2 
1901 2 
1902 2 
1903 2 
1904 2 
1905 2 
1906 1 
1907 2 
1908 1 
1909 2 
1910 2 
1911 2 
1912 2 
1913 2 
1914 2 
1915 2 
1916 2 
1917 3 
1918 2 
1919 3 
1920 2 
1921 3 
1922 2 
1923 3 
1924 3 
1925 2 
1926 3 
1927 2 
1928 3 
1929 2 
1930 3 
1931 1 
1932 2 
1933 2 
1934 2 
1935 2 
1936 2 
1937 2 
1938 3 
1939 2 
1940 3 
1941 2 
1942 3 
1943 2 
1944 3 
1945 2 
1946 2 
1947 2 
1948 3 
1949 2 
1950 3 
1951 2 
1952 3 
1953 2 
1954 3 
1955 2 
1956 2 
1957 2 
1958 2 
1959 2 
1960 2 
1961 2 
1962 3 
1963 2 
1964 3 
1965 2 
1966 3 
1967 3 
1968 3 
1969 3 
1970 3 
1971 3 
1972 3 
1973 3 
1974 3 
1975 2 
1976 3 
1977 2 
1978 2 
1979 2 
1980 2 
1981 2 
1982 3 
1983 2 
1984 3 
1985 2 
1986 3 
1987 2 
1988 2 
1989 2 
1990 2 
1991 3 
1992 2 
1993 3 
1994 2 
1995 3 
1996 2 
1997 3 
1998 2 
1999 3 
2000 2 
2001 3 
2002 2 
2003 2 
2004 2 
2005 2 
2006 2 
2007 1 
2008 2 
2009 2 
2010 3 
2011 2 
2012 3 
2013 3 
2014 3 
2015 3 
2016 3 
2017 3 
2018 3 
2019 3 
2020 2 
2021 2 
2022 2 
2023 2 
2024 2 
2025 2 
2026 2 
2027 3 
2028 2 
2029 3 
2030 2 
2031 3 
2032 3 
2033 2 
2034 3 
2035 3 
2036 3 
2037 3 
2038 3 
2039 3 
2040 3 
2041 2 
2042 3 
2043 3 
2044 2 
2045 2 
2046 2 
2047 2 
2048 2 
2049 2 
2050 3 
2051 2 
2052 3 
2053 3 
2054 2 
2055 3 
2056 2 
2057 3 
2058 3 
2059 3 
2060 2 
2061 3 
2062 2 
2063 3 
2064 2 
2065 3 
2066 2 
2067 2 
2068 3 
2069 2 
2070 3 
2071 2 
2072 2 
2073 2 
2074 3 
2075 2 
2076 2 
2077 2 
2078 2 
2079 3 
2080 2 
2081 3 
2082 1 
2083 3 
2084 2 
2085 3 
2086 3 
2087 3 
2088 3 
2089 2 
2090 3 
2091 2 
2092 3 
2093 2 
