0 20.60758996128373 
1 16.38240015623474 
2 16.24754600038737 
3 16.603674395221148 
4 19.97848919458324 
5 20.20299795768949 
6 11.67458276272866 
7 15.230912808073178 
8 11.985437919702814 
9 11.797593397876925 
10 18.604968062455644 
11 20.61174204264562 
12 12.501502217559255 
13 13.957053724439712 
14 16.43072487386004 
15 14.911596356629385 
16 9.699763883139498 
17 9.69158321356446 
18 13.575996115876356 
19 21.91003640960545 
20 13.761562286734211 
21 10.14749331049466 
22 10.281190021546283 
23 8.043740662822163 
24 12.648990325460204 
25 10.699618627313427 
26 19.210054090199186 
27 29.49373461781872 
28 23.87318644665919 
29 15.28152177477238 
30 10.363624683109554 
31 19.805098711392535 
32 17.692782087461982 
33 15.685328885614597 
34 8.87281527519811 
35 6.475229488101817 
36 19.554047123982507 
37 13.57986414644728 
38 23.960879301677256 
39 23.06768008975614 
40 16.601571374854043 
41 25.28760912554864 
42 26.66453060731473 
43 19.46809626586832 
44 17.47684922830761 
45 19.920797534065706 
46 17.47684922830761 
47 15.389625781075141 
48 20.02570590987653 
49 17.718568085232217 
50 11.296419289244401 
51 11.805031269525863 
52 23.007575383568934 
53 13.79750649692424 
54 14.396891540293959 
55 11.438532570456145 
56 14.011886189236952 
57 26.352751947725558 
58 21.72179064901705 
59 12.79215325072206 
60 11.292100679253817 
61 19.5479411833244 
62 22.828504716133914 
63 24.544025654079547 
64 24.139184483899744 
65 11.500980281937311 
66 10.929440642898463 
67 12.55302325163785 
68 11.518351407833778 
69 24.99883180355227 
70 13.361102704837872 
71 20.93540642391874 
72 22.379886241155944 
73 12.331110719115658 
74 22.12010653165625 
75 18.46783553633858 
76 14.997171696946076 
77 17.1749184107186 
78 27.334250057023688 
79 22.746300062366117 
80 23.77251679088616 
81 14.008516721162549 
82 14.248795700531998 
83 16.558315074712304 
84 13.077815782663329 
85 14.161143073224752 
86 13.61539460357857 
87 26.60178854569671 
88 24.38180275074698 
89 12.913855371608204 
90 11.001395402515922 
91 16.289255074974076 
92 17.188361609704124 
93 21.248817062667815 
94 9.314507281844467 
95 26.6753839793939 
96 23.066665200127588 
97 11.93965134418091 
98 13.114002888998668 
99 16.809894434781214 
100 10.524965496474367 
101 12.390524328747537 
102 12.885014039162197 
103 14.288745277458872 
104 13.743345085652123 
105 31.443209163899155 
106 19.529464352231244 
107 15.153215579873768 
108 16.095661317185115 
109 15.99017937134252 
110 18.259365191308927 
111 14.77132865408929 
112 15.747221721631526 
113 18.3161379069412 
114 12.044325879640132 
115 11.10453230115088 
116 12.192283431149404 
117 22.41325246479814 
118 12.035305595408895 
119 32.47018749903231 
120 16.761460227386255 
121 19.40190581922472 
122 19.31257021825214 
123 18.702779350845667 
124 17.26448893572181 
125 18.9794381697075 
126 16.90249731006218 
127 12.967274998222308 
128 4.867860060907673 
129 16.77151368534698 
130 19.20609568466554 
131 16.94777844224273 
132 14.538315424610053 
133 21.138940408031612 
134 23.12376436860821 
135 7.711039002822028 
