0 15.521409777705411 
1 21.412182720385534 
2 25.40785926738107 
3 16.106477836957733 
4 23.961700620422526 
5 10.380758626493023 
6 8.241416304796337 
7 11.818336536131508 
8 9.488173444088531 
9 19.544570880047715 
10 19.50004649173377 
11 13.606207666156282 
12 10.53141367829541 
13 20.615085177284747 
14 19.698966748074394 
15 12.20935458705448 
16 31.78731176439382 
17 17.849697206984455 
18 9.878271027487111 
19 10.263302909437932 
20 17.259160806356704 
21 12.982004791293958 
22 8.069740282478158 
23 8.543049244237322 
24 20.588875744292327 
25 11.721433521876188 
26 29.824040957087497 
27 23.751381716046026 
28 10.19455260484267 
29 15.282524020681288 
30 16.67450107338793 
31 17.680327108713062 
32 25.155057635332078 
33 15.151901797938711 
34 31.202511493654313 
35 8.29438380003164 
