0 3.600370994140593 
1 3.301755099852532 
2 3.2996291376904567 
3 3.275267909289667 
4 3.6127083135316616 
5 3.8985202906079937 
6 4.025677307153872 
7 4.173805594922019 
8 4.341836654086406 
9 4.85 
10 4.378538156642478 
11 4.85 
12 3.5857304218565713 
13 4.230495782382642 
14 3.156299714085534 
15 4.063300340822838 
16 2.4886226972355074 
17 2.3921225177641623 
18 3.4496262207696615 
19 3.770249267744056 
20 3.1306492614877515 
21 3.851534049464076 
22 3.1667342686415645 
23 3.5832075847104266 
24 3.4410357998940633 
25 4.1394163324457445 
26 3.584792683631458 
27 3.501508457954996 
28 2.956122702673115 
29 3.124736094753562 
30 3.2696262838857524 
31 4.85 
32 3.5361792084208705 
33 4.557683348657656 
34 3.301729956514438 
35 4.305457576292476 
36 3.7739580440258655 
37 4.305666140173609 
38 3.2015350551378727 
39 3.475107009137681 
40 4.85 
41 3.885368153162466 
42 4.85 
43 3.7115694635159633 
44 3.3486792141671757 
45 3.2010125767388744 
46 3.83257709869376 
47 4.0026231910075145 
48 4.473946618450568 
49 4.85 
50 3.5211707343681016 
51 2.7642735494260933 
52 3.3165723335362283 
53 3.201361962576358 
54 3.278939410196597 
55 3.9389450944170723 
56 3.6459687214698757 
57 3.152997327445367 
58 3.2558512931330035 
59 4.005883917973182 
60 3.5878814035305635 
61 3.557178908277831 
62 3.935284370407551 
63 3.5717949807547225 
64 4.160877592966246 
65 3.6654143729110293 
66 3.485971166463662 
67 2.8642055943986247 
68 4.498921190376756 
69 3.8661517449076364 
70 3.250135832042667 
71 3.399234325536774 
72 4.379472130885209 
73 3.561135129236603 
74 4.827102075316266 
75 3.8347443245892134 
76 4.484378670227067 
77 3.074884290085512 
78 4.571710735317605 
79 3.5429821393722554 
80 3.6895385226108166 
81 3.2333624668361836 
82 3.34215709197627 
83 2.884860165167984 
84 4.85 
85 3.6656600760670326 
86 4.85 
87 3.7102056939776418 
88 4.85 
89 3.849674736054212 
90 4.536546854446005 
91 3.333013389767169 
92 3.8233865259732505 
93 3.3530538267324608 
94 3.9968188917622216 
95 3.749219471230207 
96 3.5789781698203185 
97 3.2619122568639844 
98 3.6810278411009714 
99 4.243769561366256 
100 2.873883137592203 
101 2.8240691848665795 
102 4.029820577146213 
103 4.85 
104 2.905448826370332 
105 2.95894139799846 
106 3.6701407982230174 
107 4.85 
108 3.6586417954241246 
109 4.2780383406935725 
110 3.5399865801550896 
111 4.36629886765393 
112 4.429927618799349 
113 3.6113992294601496 
114 3.4637322644974433 
115 3.2926466164260986 
116 3.2206875401766744 
117 3.8870991626782274 
118 4.021972224135864 
119 3.524476296571474 
120 3.2397664106649944 
121 3.278450667555279 
122 3.512330643714511 
123 3.669734535627978 
124 3.7130590154242196 
125 3.425769588415281 
126 3.39158352737046 
127 3.530818805115155 
128 3.6194863133244124 
129 3.786106370609512 
130 3.8961943815862763 
131 4.703788056010866 
132 4.85 
133 4.85 
134 4.819986771342897 
135 4.85 
136 4.1578849266242415 
137 4.85 
138 4.85 
139 4.7593186184688205 
140 4.85 
141 4.51152191249351 
142 4.1578849266242415 
143 4.85 
144 4.85 
145 4.7593186184688205 
146 4.85 
147 4.51152191249351 
148 4.16729376383696 
149 4.841191898554893 
150 4.85 
151 4.08128502568222 
152 4.301407599133781 
153 3.3766767469479406 
154 4.394395851983139 
155 3.702489897059931 
156 4.85 
157 3.8790457816790713 
158 4.9708648835795115 
159 4.85 
160 4.35489911661269 
161 3.066531170996873 
162 4.912243165968562 
163 3.676225532234617 
164 3.8519034671601258 
165 3.6648407912687717 
166 4.208427039955514 
167 3.960432571059366 
168 4.086072081946601 
169 3.9787705447000903 
170 3.549018974045147 
171 3.6468982133248518 
172 3.5074454359484655 
173 3.833188199774581 
174 3.8962152428576484 
175 4.126479286644932 
176 3.2754618261075747 
177 3.56641003106444 
178 3.4709621826196972 
179 3.3793023983540147 
180 3.0658769026936836 
181 3.336775210382872 
182 3.622245364404935 
183 3.3424136602148398 
184 4.250512487335129 
185 3.583193397890915 
186 4.352326482053053 
187 4.228100243841992 
188 4.012847075000708 
189 3.816731150402353 
190 3.7697565975301046 
191 3.5153024826192025 
192 2.9654283742128547 
193 3.10205283512391 
194 2.9753539496693313 
195 3.0420134852481207 
196 3.8240080182637555 
197 3.6891479950073314 
198 3.1786618239004163 
199 3.659170167930389 
200 3.78592916168166 
201 3.9743250030360984 
202 3.1888890329293194 
203 3.405016919671631 
204 2.949553633324039 
205 3.247141891140588 
206 3.9588405120788734 
207 3.884104372427776 
208 3.1038612342441763 
209 3.235371104858596 
210 3.0816448330556483 
211 3.040203246887252 
212 3.0937175175997744 
213 2.8468592133525727 
214 2.7123287283178668 
215 2.8470060163506257 
216 3.280340081577745 
217 2.9359254328627467 
218 3.48252338575473 
219 3.2964295283671388 
220 3.198759292359233 
221 3.6008392241892144 
222 3.816704805253438 
223 3.5944787042937816 
224 3.540448489562001 
225 3.494516669713578 
226 3.1202971663907055 
227 3.064851852312477 
228 2.7650591868240486 
229 3.3286553375235854 
230 3.1637165715229814 
231 3.1893169913252786 
232 3.4111979456508936 
233 3.2535265714471446 
234 2.930162973130586 
235 3.278661709755416 
236 3.28220257424347 
237 3.5775983137958307 
238 2.4578296970407245 
239 2.881913535306172 
240 3.385182929774762 
241 3.3792999072304943 
242 2.9532915304742127 
243 2.8753917059296143 
244 3.638405884935384 
245 3.2318504233855907 
246 3.191868680293733 
247 2.9441467255349805 
248 3.9536837474839803 
249 3.497050582620146 
250 3.4258138018413837 
251 3.4350307488000835 
252 3.3509405825709706 
253 4.050085910241526 
254 3.5924136411540704 
255 3.6450509812806695 
256 3.6597511243590275 
257 2.8878755496329536 
258 3.037442343039311 
259 3.8581428911085434 
260 3.650471735327595 
261 3.6440447453260516 
262 3.388187312637658 
263 4.572339736006753 
264 4.158508680404141 
265 4.387919167301274 
266 3.222183081284671 
267 4.85 
268 3.5952969963235266 
269 4.85 
270 3.746154126540984 
271 4.85 
272 4.611350308443684 
273 3.767660557188308 
274 3.7716932858241408 
275 4.325140189125508 
276 3.7048113643587577 
277 2.9908621718141175 
278 3.3502992865510834 
279 2.5093684364899236 
280 3.0719934033313288 
281 4.651335848555988 
282 4.306395589828718 
283 4.527760131298256 
284 4.152008305694918 
285 4.431987564279866 
286 3.4874373907428167 
287 4.733316727768897 
288 4.775452582558307 
289 3.9849686224986822 
290 4.0541428703381275 
291 3.929760534270736 
292 3.6081778245458205 
293 4.85 
294 3.2886709915731847 
295 4.496120282228139 
296 3.69138777114597 
297 3.079768072495453 
298 2.7712725801923286 
299 4.85 
300 4.6085811006752655 
301 4.1820996995086865 
302 3.7148294890565503 
303 4.057391926017305 
304 3.7697512058568767 
305 3.9187909743196463 
306 3.1690481783713946 
307 4.85 
308 3.8223788250547504 
309 3.627266174237588 
310 3.2287918739343993 
311 4.85 
312 3.834607328181601 
313 4.522000633600613 
314 4.150481505452708 
315 3.091028458175143 
316 2.9770974334254428 
317 2.7968226516542476 
318 2.5703297763561084 
319 4.777129859331785 
320 4.338680199119472 
321 4.454167336668798 
322 3.317413016923376 
323 4.954332440937822 
324 3.504258932733306 
325 4.871313160077516 
