0 1 
1 0 
2 1 
3 5 
4 5 
5 5 
6 2 
7 5 
8 2 
9 5 
10 2 
11 5 
12 2 
13 5 
14 2 
15 0 
16 0 
17 0 
18 1 
19 4 
20 1 
21 4 
22 2 
23 4 
24 2 
25 4 
26 1 
27 4 
28 2 
29 4 
30 1 
31 2 
32 2 
33 2 
34 2 
35 2 
36 5 
37 2 
38 5 
39 2 
40 5 
41 0 
42 1 
43 0 
44 1 
45 2 
46 2 
47 0 
48 2 
49 0 
50 2 
51 0 
52 1 
53 0 
54 0 
55 0 
56 0 
57 0 
58 2 
59 1 
60 1 
61 1 
62 3 
63 2 
64 3 
65 2 
66 3 
67 1 
68 2 
69 1 
70 5 
71 1 
72 0 
73 2 
74 0 
75 1 
76 0 
77 2 
78 0 
79 2 
80 0 
81 2 
82 2 
83 2 
84 1 
85 2 
86 1 
87 1 
88 1 
89 2 
90 1 
91 3 
92 1 
93 2 
94 2 
95 1 
96 2 
97 1 
98 2 
99 1 
100 1 
101 5 
102 1 
103 0 
104 1 
105 1 
106 1 
107 1 
108 1 
109 1 
110 2 
111 1 
112 1 
113 1 
114 1 
115 2 
116 1 
117 2 
118 1 
119 2 
120 1 
121 2 
122 1 
123 2 
124 2 
125 3 
126 2 
127 3 
128 2 
129 2 
130 2 
131 3 
132 3 
133 3 
134 3 
135 2 
136 3 
137 2 
138 3 
139 2 
140 3 
141 2 
142 3 
143 2 
144 3 
145 2 
146 3 
147 2 
148 3 
149 2 
150 3 
151 2 
152 3 
153 2 
154 3 
155 5 
156 3 
157 5 
158 3 
159 1 
160 3 
161 1 
162 2 
163 1 
164 2 
165 2 
166 2 
167 2 
168 2 
169 2 
170 2 
171 2 
172 4 
173 2 
174 2 
175 2 
176 0 
177 2 
178 0 
179 1 
180 0 
181 4 
182 2 
183 0 
184 1 
185 0 
186 1 
187 1 
188 1 
189 1 
190 1 
191 2 
192 3 
193 2 
194 1 
195 4 
196 0 
197 2 
198 0 
199 1 
200 0 
201 2 
202 1 
203 2 
204 0 
205 2 
206 5 
207 2 
208 5 
209 1 
210 2 
211 0 
212 0 
213 0 
214 0 
215 0 
216 2 
217 0 
218 2 
219 0 
220 5 
221 1 
222 2 
223 1 
224 2 
225 2 
226 2 
227 2 
228 2 
229 2 
230 2 
231 2 
232 2 
233 2 
234 0 
235 2 
236 0 
237 2 
238 0 
239 1 
240 0 
241 1 
242 0 
243 1 
244 0 
245 1 
246 2 
247 1 
248 2 
249 1 
250 2 
251 1 
252 2 
253 1 
254 2 
255 3 
256 2 
257 3 
258 2 
259 3 
260 2 
261 3 
262 1 
263 3 
264 1 
265 3 
266 1 
267 3 
268 1 
269 3 
270 2 
271 3 
272 1 
273 0 
274 1 
275 0 
276 3 
277 0 
278 3 
279 0 
280 3 
281 2 
282 3 
283 2 
284 3 
285 2 
286 3 
287 2 
288 1 
289 2 
290 1 
291 3 
292 1 
293 3 
294 1 
295 3 
296 1 
297 3 
298 1 
299 3 
300 1 
301 3 
302 1 
303 3 
304 1 
305 3 
306 1 
307 3 
308 0 
309 3 
310 1 
311 3 
312 0 
313 3 
314 1 
315 3 
316 1 
317 3 
318 1 
319 3 
320 1 
321 3 
322 1 
323 3 
324 1 
325 3 
