0 31.98487043787271 
1 15.527155745260563 
2 24.663381590243556 
3 24.930480266286256 
4 20.935719918938617 
5 24.257852578005263 
6 20.884535907943416 
7 18.34417546852107 
8 18.42694338760555 
9 9.405492194052142 
10 25.739506112229368 
11 14.288063824931102 
12 12.170631846209648 
13 12.154161788740394 
14 13.269502603721772 
15 22.373797775584777 
16 11.259271985396758 
17 10.740360239476798 
18 17.02952544905317 
19 21.54770564905575 
20 17.42305375665156 
21 29.468039962342097 
22 9.891783151226713 
23 10.609037010056861 
24 21.329427798458127 
25 15.542000007411003 
26 20.853489250840244 
27 17.882649885310343 
28 22.602517675461286 
29 19.150761363376937 
30 15.32087491415964 
31 7.779431812491074 
32 12.965831913913611 
33 12.948779772471173 
34 17.889743360076434 
35 16.133862114329016 
36 28.33989189189189 
37 17.276222408033643 
38 27.633737860879418 
39 16.559753319409513 
40 22.644128555772106 
41 22.657461727114597 
42 19.180098774464973 
43 37.126276842459326 
44 12.643499650324355 
45 15.585024003804937 
46 29.546299231457414 
47 19.209878126416935 
48 15.616125813513634 
49 18.20160044437501 
50 18.33575519125683 
51 11.97927626881444 
52 16.84222699620535 
53 26.231778553291555 
54 14.696229852838123 
55 33.77953884687558 
56 23.120322801137743 
57 38.27338759718217 
58 21.575970822595 
59 19.54447980689925 
60 18.69161077564117 
61 11.408012228589769 
62 18.301192938363396 
63 24.609116565065097 
64 18.995425848935266 
65 18.4851719472369 
66 12.585265444638146 
67 10.329500481466614 
68 19.090790749329777 
69 14.973828045510855 
70 11.600896141612502 
71 11.286509642888857 
72 20.10316383801686 
73 15.950835133408379 
74 27.339951633825034 
75 13.816868930439709 
76 14.585027957826801 
77 9.565313769267783 
78 9.52577609916627 
79 10.884796645005917 
80 20.696668245697143 
81 10.884796645005917 
82 12.156169663947136 
83 10.884796645005917 
84 17.134154710938265 
85 10.884796645005917 
86 14.301656471422628 
87 16.0371956441943 
88 13.858183632404785 
89 31.449103233159377 
90 12.890716529286298 
91 13.66721409765126 
92 33.45460346326561 
93 22.76049489906664 
94 33.45460346326561 
95 22.76049489906664 
96 12.868726413647103 
97 20.546615981502526 
98 24.92470242870471 
99 25.03165433277632 
100 15.731451997044472 
101 30.072084602975444 
102 13.845054894271586 
103 21.087077182962634 
104 27.99692950545013 
105 25.165924663698654 
106 30.78297884832739 
107 21.146720580005343 
108 24.076414401175604 
109 18.75278432284285 
110 41.63907475429366 
111 36.378888937074464 
112 13.338285801511182 
113 12.319014080370307 
114 19.216655059927426 
115 14.731587728078956 
116 40.36477721104802 
117 29.137228204237584 
118 14.381687136969298 
119 20.728990807551646 
120 24.768244144984706 
121 15.421029023552682 
122 33.74339501206758 
123 30.551800997924026 
124 22.74926100091663 
125 14.71572019002042 
126 18.38139730565952 
127 11.620147887109331 
128 19.62018009589522 
129 15.159294786072097 
130 21.620458048320334 
131 23.665479904983833 
132 18.293051412222397 
133 14.012681994641223 
134 25.33312395056956 
135 16.647498690205914 
136 18.527059738148665 
137 18.958934326563636 
138 14.690567755945501 
139 16.2284352341229 
140 16.283184191626066 
141 20.857948470577703 
142 16.283184191626066 
143 20.857948470577703 
144 18.796316296578457 
145 19.14079834252883 
146 30.778686900559904 
147 21.299100160467997 
148 31.597176498949096 
149 15.199121602278616 
150 10.319842728532027 
151 20.036707415528518 
152 13.852919999735777 
153 13.404400696697081 
154 32.32529498354566 
155 56.290315653854414 
156 17.59828141783029 
157 17.287473054681993 
158 16.987452714798344 
159 14.941609401773341 
160 23.0835493475545 
161 17.261220626363226 
162 23.366596100278553 
163 27.522221566041328 
164 25.011652175987216 
165 38.15084591595416 
166 22.12384021774104 
167 23.24783141278261 
168 47.338171393745135 
169 11.33359814308914 
170 13.485033790518079 
171 18.95816308081721 
172 14.27687783159679 
173 26.17481059896906 
174 15.33757030124403 
175 21.60219611559479 
176 12.765522803707029 
177 22.873946096877283 
178 17.867414141242023 
179 29.229821455949377 
180 41.833019159610224 
181 24.28988226573313 
182 16.93423018224982 
183 28.535203793532762 
184 24.406631325974246 
185 22.750618355391627 
186 11.909005213006393 
187 21.77309654946869 
188 19.127530428992937 
189 16.390530602036748 
190 17.06520845793613 
191 15.293390117262703 
192 24.798703986188467 
193 11.636751045955453 
194 13.030968832330865 
195 21.94086752735871 
196 15.90963195047661 
197 24.040672448084738 
198 17.854028145512128 
199 20.22784333961891 
200 21.503186280792598 
201 20.440376808627807 
202 21.673413496070236 
203 12.962746394862254 
204 23.420613559965602 
205 27.372067374521155 
206 13.656489618368829 
207 13.716558093294614 
208 25.487372693906323 
209 25.794275733982754 
210 21.986758577307157 
211 29.87013061003575 
212 30.472559247903984 
213 25.050042702628453 
214 15.360543769249643 
215 35.53350615903353 
216 22.385022228626628 
217 14.704164125000876 
218 15.109436409157226 
219 14.949544488957956 
220 13.255872899488324 
221 19.53746972237749 
222 13.053679912359327 
223 59.34719981888672 
224 21.4188527394637 
225 27.557663878686736 
226 13.250345134784215 
227 18.38687673707006 
228 27.74744641439534 
229 18.147261666796467 
230 15.467604833921532 
231 15.457743052996241 
232 29.51698123830033 
233 16.599206113637354 
234 14.163581904076885 
235 16.124868326964332 
236 12.801406404512214 
237 12.038138098490894 
238 7.472321988484123 
239 16.306607312948312 
240 10.528558590671079 
241 8.546321822920168 
242 18.339042188982507 
243 18.1664399996535 
244 17.803706502084164 
245 6.641706386280502 
246 16.63957344843455 
247 31.526875577838076 
248 25.9579034663729 
249 12.651775614670653 
250 14.53846660450542 
251 12.150500005793809 
252 20.937496568076874 
253 16.629084118670878 
254 64.49005196961777 
255 17.687260950421063 
256 27.553862122426455 
257 14.880858869150888 
258 16.042286758996838 
259 12.69804517560723 
260 16.965876547204918 
261 20.16463224088114 
262 19.140274260159263 
263 17.89966840643044 
264 13.568881182225212 
265 11.707626432642762 
266 15.165378871971393 
267 15.116624558950202 
268 18.095119762545732 
269 13.625036545195849 
270 17.068611332671367 
271 21.146613963618762 
272 17.2484434757577 
273 22.377856384482822 
274 18.758990826919035 
275 18.45296682314329 
276 17.49945344247795 
277 13.454407811587787 
278 11.884338687603952 
279 11.878751490400546 
280 22.4081035164389 
281 13.920413134819752 
282 15.160226266423292 
283 13.823061813675732 
284 12.526592440388015 
285 14.284949440938366 
286 23.384834968777877 
287 17.30687562152103 
288 28.7922018191179 
289 18.605133118640158 
290 14.863351418011206 
291 33.99748725389273 
292 30.067341950006092 
293 22.29909672342937 
294 20.96229658950062 
295 24.048667213274545 
296 18.73636530137274 
297 17.818909446226396 
298 24.09079630565639 
299 16.301473788943472 
300 20.82842869486627 
301 25.50178450912319 
302 20.112418062461938 
303 18.55985273554348 
304 17.40895205206535 
305 22.881308406116514 
306 24.02965390410606 
307 23.352415524834502 
308 16.966974644423228 
309 16.986558345044326 
310 30.00110153427989 
311 30.837069440870494 
312 18.76159207006683 
313 24.4842795932425 
314 25.922768850432632 
315 30.872932568803964 
316 23.514626899142232 
317 32.37544769667778 
318 14.678588801825416 
319 15.62438628252982 
320 16.63594356722711 
321 22.06077054569362 
322 31.80587236107741 
323 18.439905389126785 
324 16.833777492374377 
325 21.50054080654504 
326 16.46303543181916 
327 25.11799932927706 
328 10.431853397568068 
329 10.792343497917079 
330 24.67223133981565 
331 23.676434228426597 
332 16.024879936730382 
333 28.878634526539017 
334 39.7022452765893 
335 27.63865441006886 
336 16.712238815485392 
337 13.153318824127096 
338 28.260837926341182 
339 33.5110017417427 
340 12.646168133001272 
341 18.715130313725666 
342 34.27839163125204 
343 19.05445162228219 
344 19.498958643260934 
345 22.699643889291785 
346 18.774441037577493 
347 18.804574820553515 
348 17.53280997884845 
349 16.85610255998071 
350 35.76804475371811 
351 22.772852644152458 
352 21.21034852438457 
353 37.6103299856528 
354 18.639777085490557 
355 18.31525811550789 
356 14.592944123582214 
357 19.737436766193735 
358 19.64637219541899 
359 22.811991471957533 
360 16.253527348820988 
361 9.507594870713788 
362 42.07262368093728 
363 41.296339326152456 
364 21.052995091002177 
365 32.02321018194034 
366 8.761241106752394 
367 15.31695844927949 
368 17.287401801980035 
369 17.775788706368985 
370 20.49991935523287 
371 19.83084953476057 
372 16.461743154193044 
373 24.783757592947126 
374 12.577868274821796 
375 17.070625918283454 
376 11.746842249718533 
377 16.45444559520447 
378 14.822433473513094 
379 14.197525598713717 
380 14.852561651014886 
381 8.70297693276535 
382 20.741599370972768 
383 16.41092417247046 
384 15.930176647309272 
385 15.866900201631971 
386 12.96487003613456 
387 19.231810428626453 
388 22.13061073736974 
389 12.703544862009643 
390 24.546467531251462 
391 16.618147095997116 
392 22.092493099888333 
393 19.697024058307232 
394 19.882741097500855 
395 14.506586979604402 
396 18.062702404740577 
397 17.972148188775293 
398 25.610629411621034 
399 18.672721282866327 
400 15.623455088615893 
401 19.245135151256534 
402 18.624547630360166 
403 13.932990957832006 
404 15.148399492922952 
405 11.059703302904214 
406 13.066326896177893 
407 44.540650751847764 
408 16.48432255681059 
409 21.668486880511658 
410 23.85363551056388 
411 14.500318057360953 
412 16.595199848066407 
413 12.038656383555825 
414 21.492828556641335 
415 13.190547773745353 
416 28.305848371553132 
417 20.59918964712816 
418 23.610195442673152 
419 12.589156221485856 
420 9.704095136735921 
421 31.937621832358673 
422 23.119048406477717 
423 17.993813734196493 
424 18.707867975022303 
425 16.166136057043747 
426 16.03676642081799 
427 11.218376047801689 
428 16.038054159879476 
429 18.624464929574962 
430 16.03676642081799 
431 11.218376047801689 
432 16.038054159879476 
433 18.624464929574962 
434 20.321141854932872 
435 47.46943117770886 
436 22.303009677762414 
437 27.98236051530779 
438 15.603809523809524 
439 13.80400003949356 
440 11.480046858406595 
441 20.918491623733836 
442 15.835509897420215 
443 24.308887111543857 
444 41.88105603706514 
445 20.88796812749004 
446 34.240334378265416 
447 20.946384338793447 
448 14.901054082571578 
449 16.879845460399228 
450 15.423977876984857 
451 18.46214522149447 
452 20.124577169808603 
453 18.980726500948062 
454 18.83311406364359 
455 21.777392405983417 
456 43.87301388060794 
457 21.043383153469097 
458 14.6687837053306 
459 11.63784884656578 
460 19.720268936010157 
461 22.82639266821952 
462 26.80803032143017 
463 16.440449825768948 
464 18.06690386553753 
465 18.343052318080634 
466 21.82862079553675 
467 16.956342805396204 
468 20.95349999000859 
469 23.344876911174563 
470 20.577865434242934 
471 25.077750938703275 
472 16.413685689352228 
473 14.91281577216405 
474 16.841821226223793 
475 30.153372777661954 
476 17.64885778845628 
477 25.13289990112952 
478 19.86607240123337 
479 19.74710100234933 
480 21.196521071170476 
481 17.087177397999714 
482 22.622876899261602 
483 21.974893643774756 
484 18.4026079440503 
485 17.33226443630834 
486 17.65606425432319 
487 22.170500676589988 
488 16.29900324479764 
489 26.954295408976403 
490 13.938315626464265 
491 21.053312117576787 
492 19.113932472645907 
493 23.400882630260494 
494 15.14200102527816 
495 31.355062496262185 
496 15.517792001183913 
497 16.761594194210996 
498 18.21266543926078 
499 36.99398472366773 
500 28.274173542576715 
501 11.568674718733881 
502 12.85902089669381 
503 37.621800046642626 
504 16.215071887793957 
505 34.242011592783086 
506 17.33384027904055 
507 20.33976684189087 
508 24.502731091209682 
509 20.598279181236002 
510 15.829473747773315 
511 22.503079597398973 
512 12.480670348505047 
513 29.948618350589076 
514 21.09248540379074 
515 13.084424922868632 
516 9.882786489320342 
517 12.917315462698335 
518 28.532292077658806 
519 24.03116835495256 
520 15.491427516158819 
521 13.663429682740828 
522 16.561257206033325 
523 18.096525063208126 
524 21.57952306227973 
525 17.427686989184316 
526 12.203422180454409 
527 32.412726134633665 
528 19.042254032679114 
529 16.680137599172813 
530 11.963660945785211 
531 15.320035503088258 
532 12.016789051017513 
533 9.981803686383703 
534 31.57457956307683 
535 10.427366746221162 
536 36.366272163697055 
537 18.154566663636796 
538 14.573220434385304 
539 15.05590454516085 
540 21.410652482414317 
541 20.73554944728984 
542 14.416140507656086 
543 13.28231907556186 
544 20.411231690106575 
545 15.976596782057532 
546 19.104181754414732 
547 21.085169061240084 
548 21.830665854712198 
549 20.07122519392643 
550 13.33179915387036 
551 6.300639181607193 
552 10.534455520644178 
553 11.443369792675574 
554 19.050470549762 
555 15.095732543450172 
556 9.43407311439053 
557 16.24635025893891 
558 21.070869148032976 
559 22.291511875720808 
560 17.008807928757967 
561 17.1911091437448 
562 17.008807928757967 
563 22.760371389345618 
564 47.12648172492444 
565 35.270259588459375 
566 26.117926907485476 
567 23.026521951567656 
568 20.219749705933395 
569 14.225357558326861 
570 20.81912401223047 
571 20.16889867714309 
572 19.439313323816762 
573 20.851208526800363 
574 18.7155478608528 
575 23.03221200839072 
576 27.769307671426965 
577 16.57899750582041 
578 16.513983109238733 
579 17.20810699926151 
580 18.844283102027614 
581 18.17974713171776 
582 25.81205459893904 
583 17.54645247657296 
584 26.01780297626063 
585 25.99748349707131 
586 30.179625552245678 
587 35.91751729807495 
588 17.085576484390277 
589 20.2916483229399 
590 10.6645512008828 
591 9.331209454228329 
592 26.105572395078017 
593 17.22344090701905 
594 14.306241899174568 
595 15.099156178901593 
596 17.715050788756784 
597 15.557449712723617 
598 13.996129152818376 
599 17.521823407526234 
600 14.747074707470746 
601 14.390667673094079 
602 17.887225676586237 
603 14.833336869876433 
604 20.754223282235 
605 14.5430034638549 
606 9.178791831160988 
607 8.6104298949538 
608 19.04398323669765 
609 15.625725068269112 
610 17.345453041644266 
611 19.775497887748944 
612 22.665297696888477 
613 19.466560228717825 
614 44.84927288280582 
615 38.643645543496284 
616 22.793024557513707 
617 21.462693746386044 
618 22.642050484766038 
619 19.422480099652237 
620 14.709424010324607 
621 14.485094626329603 
622 14.045388028463792 
623 14.914618751800186 
624 29.062729093189393 
625 10.074832758848467 
626 13.825476720230737 
627 22.30989032031574 
628 21.310462912625304 
629 19.020234175894938 
630 19.16660116800863 
631 16.97184916623842 
632 24.498723752226862 
633 24.457438744212624 
634 15.116243197462788 
635 17.654800840162814 
636 26.466827366003255 
637 11.968918452314707 
638 14.349606902639124 
639 14.066726587338852 
640 33.90871020421363 
641 21.529787386943443 
642 27.650862296292388 
643 29.05306614392486 
644 17.303020177143022 
645 14.16999381754668 
646 14.586651086442423 
647 19.31070298939692 
648 35.83588797183917 
649 37.1072262722061 
650 20.469805077549267 
651 18.613307061804658 
652 12.849802395759934 
653 15.352391270927738 
654 16.586733947348648 
655 11.629878358182054 
656 42.11275440023294 
657 29.803061093978712 
658 12.502210232946332 
659 12.4427198751665 
660 25.89923863980191 
661 15.4333990756822 
662 14.967522758335207 
663 13.685497817135325 
664 30.78772397289937 
665 17.877009632597392 
666 50.095597544370925 
667 23.046259512623973 
668 16.20705191367685 
669 28.82148329863187 
670 15.509471776951948 
671 15.82290495627702 
672 22.546506189895123 
673 23.783031010960723 
674 18.313818639094592 
675 15.776185478987298 
676 19.410974689812523 
677 12.681536307866276 
678 34.29128309106071 
679 16.17455218556582 
680 24.849686291005824 
681 34.660232043103164 
682 39.718411757464416 
683 27.427196338074218 
684 16.206613550127123 
685 15.082541623215505 
686 36.51507421755974 
687 41.790504657998305 
688 19.208998355858228 
689 22.70283846103882 
