0 1.2003677652798554 
1 1.2210453462959254 
2 1.7288579794788592 
3 1.7193019103814973 
4 1.831560469925841 
5 1.8999015790709723 
6 1.863671179889166 
7 1.8605875885368737 
8 1.8726852988295803 
9 1.883756882229143 
10 1.8657740936454397 
11 1.8893404536620582 
12 1.8946330035257704 
13 1.9142484320965585 
14 1.8191579769244157 
15 1.8056107021426508 
16 1.8059691902022483 
17 1.8691190883215343 
18 1.8935158344231764 
19 1.936885798804186 
20 1.7989173648495356 
21 1.7969699004271145 
22 1.6990324968859252 
23 1.8478483101558014 
24 1.8223486103831814 
25 1.8531769081634284 
26 1.9071145273842378 
27 1.921374693423525 
28 1.9218104115780146 
29 1.9060084521879976 
30 1.7965785099731066 
31 1.7961849057481774 
32 1.8262432717119954 
33 1.8024942919121125 
34 1.8600764072203746 
35 1.855116073486485 
36 1.821349873543277 
37 1.8358866396376397 
38 1.7887662062810494 
39 1.8053883602441283 
40 1.8189185676599557 
41 1.8026134391829904 
42 1.9571167703406325 
43 1.9621983653914388 
44 1.8075969870128308 
45 1.7815473960869663 
46 1.804420532318213 
47 1.8317562300579309 
48 1.8705422559119176 
49 1.8699993905504775 
50 1.8697677333465765 
51 1.7778476471539164 
52 1.7623247399225126 
53 1.7914823001224902 
54 1.8095121357826773 
55 1.8199694573835856 
56 1.8676063328086396 
57 1.877181837159642 
58 1.8252362682509602 
59 1.8509489105093997 
60 1.8884096230906495 
61 1.920513498879032 
62 1.6959744483309358 
63 1.7724575763056742 
64 1.8190849573923107 
65 1.8880710555562275 
66 1.9175364279958693 
67 1.9183636340470551 
68 1.8518691147801551 
69 1.8471579313771693 
70 1.8415146433777365 
71 1.8074427395198072 
72 1.83018496296932 
73 1.8489871569057688 
74 1.87142235672823 
75 1.8217442096995995 
76 1.9064539791100035 
77 1.902335250196631 
78 1.8547676946513945 
79 1.8459095287565455 
80 1.9032352995670574 
81 1.8953308084404463 
82 1.740993236932073 
83 1.7574495380687907 
84 1.9209174659615154 
85 1.9625870431950951 
86 1.844978384196339 
87 1.8087779386872236 
88 1.8942212409312342 
89 1.902970024021446 
90 1.8798706128838942 
91 1.8848339037282824 
92 1.8058901555183176 
93 1.8113066048970925 
94 1.8888611886957487 
95 1.9015487748043687 
96 1.7625233234169464 
97 1.76393230813073 
98 1.8578942055961978 
99 1.8612730648410893 
100 1.7349102097812166 
101 1.7214461175776896 
102 1.7761403436644576 
103 1.7582655907369726 
104 1.863730328222969 
105 1.8509883617740652 
106 1.8943854800376594 
107 1.8716457133639388 
108 1.776615076162246 
109 1.7945529712604034 
110 1.7712346116202224 
111 1.8699087331804258 
112 1.7829530226400163 
113 1.8908745031772676 
114 1.7900255810847454 
115 1.7656658938026208 
116 1.9193627234840254 
117 1.9332233020716323 
118 1.7981136497427141 
119 1.821917959656384 
120 1.859487613093588 
121 1.836872689899463 
122 1.9214068654870406 
123 1.9171248706805049 
124 1.8505852246063184 
125 1.8496225187519217 
126 1.8727474011123566 
127 1.8863737829259852 
128 1.7984846965768968 
129 1.8037313960213253 
130 1.8779055452072015 
131 1.882068844149345 
132 1.8066614773707168 
133 1.8676966467218965 
134 1.8143020134480257 
135 1.8378462581283272 
136 1.8582536959858746 
137 1.8632650885140774 
138 1.9163862019601317 
139 1.9520943107665618 
140 1.9124578948739699 
141 1.910590972667512 
142 1.8833313213763305 
143 1.923136327269664 
144 1.9023534044956025 
145 1.9059730793690528 
146 1.8281445246820425 
147 1.8340879968375292 
148 1.8613983131134013 
149 1.9070467815195702 
150 1.8683397780231485 
151 1.8821196783911405 
152 1.8868286241744905 
153 1.8609054332198196 
154 1.9019895691577415 
155 1.857875074012526 
156 1.858885875502068 
157 1.8772567733595462 
158 1.9179544423852397 
159 1.9652596926533867 
160 1.907271903771318 
161 1.8844201858304745 
162 1.7833795477168275 
163 1.798977681268206 
164 1.8675665600804634 
165 1.8000680531535318 
166 1.8109403491140517 
167 1.7765154585871799 
168 1.8515397798254016 
169 1.852689182607785 
170 1.8309238819027827 
171 1.7745425694305805 
172 1.8693908259670446 
173 1.877082133768611 
174 1.9065560646398256 
175 1.9252192634722307 
176 1.9123116328953325 
177 1.8903025735151713 
178 1.9011917676612224 
179 1.8953246435606914 
180 1.9337276227262288 
181 1.9067295544289102 
182 1.884997582572196 
183 1.8939789612739737 
184 1.9085826060603863 
185 1.9251463973900926 
186 1.877769858757732 
187 1.840017114031209 
188 1.7472477057588771 
189 1.6950848646191037 
190 1.8666225393900138 
191 1.8975862659367533 
192 1.8704668363675658 
193 1.8805951167516126 
194 1.8856020655507777 
195 1.9211402420962107 
196 1.9105514855317378 
197 1.9015289009067964 
198 1.9442013504592006 
199 1.9476827434642592 
200 1.9138762866155912 
201 1.90056513908668 
202 1.962900500865411 
203 1.960639375772065 
204 1.8321577193141667 
205 1.842482688453212 
206 1.905786378205468 
207 1.8222203839222388 
208 1.8613709039052149 
209 1.8252588078238083 
210 1.8692253521553832 
211 1.8518170979297432 
212 1.8867294480248054 
213 1.802507082773369 
214 1.788896185880452 
215 1.7833279232475543 
216 1.759604815518151 
217 1.8047191639133737 
218 1.8903039434061193 
219 1.9582061932766537 
220 1.8907475093559933 
221 1.8809486137403824 
222 1.8740765581048109 
223 1.8563888217020104 
224 1.8963312046469547 
225 1.8925608964184888 
226 1.9077579202854447 
227 1.8750467470579337 
228 1.9380712301093725 
229 1.910378268032978 
230 1.7370508017849924 
231 1.7429297843989708 
232 1.791130259113637 
233 1.7383737492330629 
234 1.791753584308289 
235 1.7871984927339364 
236 1.725448198729149 
237 2.040405881649046 
238 1.7146493262107523 
239 1.7895539727155338 
240 1.999170057877535 
241 1.9790735119088385 
242 1.837109305215498 
243 1.8416265938456924 
244 1.8420060044864572 
245 1.8710526045810987 
246 1.7954466629200518 
247 1.7474650388605628 
248 1.8234118914649884 
249 1.8517399244100576 
250 1.858732125857601 
251 1.8641313511473325 
252 1.8399034902236988 
253 1.8976429553499403 
254 1.9206291555031647 
255 1.922304542862912 
256 1.8463672528717185 
257 1.8768950046599477 
258 1.8760885749576668 
259 1.911675451248024 
260 1.8132580800775808 
261 1.8338433571302326 
262 1.893340604878525 
263 1.8802919259642537 
264 1.852693280309837 
265 1.8266207335854463 
266 1.9225790570674601 
267 1.8469504024432382 
268 1.878948035635722 
269 1.8713220841207432 
270 1.8910784659480937 
271 1.8575649351557377 
272 1.8120317410727986 
273 1.8321680766546833 
