0 20.3730613236187 
1 18.6254573874738 
2 16.34772847744068 
3 27.751118168585418 
4 5.266440739257252 
5 26.162402225576667 
6 22.757407558123763 
7 19.215422534566013 
8 32.34399049954503 
9 17.377936509251818 
10 11.078106346338732 
11 18.71429527536219 
12 14.485945092784146 
13 18.886540375271863 
14 18.23816605355388 
15 9.094643352761588 
16 34.16113373513602 
17 40.887329161061395 
18 19.616968336373414 
19 9.819943294757223 
20 10.4989098846305 
21 7.9171870163013525 
22 26.18968348620989 
23 16.314408849750283 
24 20.852970860657162 
25 13.536562852993384 
26 12.492863440322157 
27 20.922978689440498 
28 8.147649416166297 
29 16.088808079878174 
30 14.3639072201313 
31 21.871647659423576 
32 7.401460420762115 
33 23.080500756637775 
34 9.13771813250256 
35 12.974455106194744 
36 12.117047860892274 
37 19.203105971119598 
38 17.412421122550647 
39 14.681723034702921 
40 16.047872299722226 
41 12.830776949102768 
42 11.485579714113587 
43 13.424350275252849 
44 10.715308700639449 
45 15.867260353261178 
46 10.5299330692254 
47 19.008597209192715 
48 9.813762605582722 
49 32.43879689711444 
50 10.920306287963799 
51 15.419214904896 
52 13.619196675000811 
53 19.853847646727477 
54 8.347671021311488 
55 16.995988362198215 
56 42.77152442817373 
57 22.062511177739204 
58 16.193661224127347 
59 9.898669888889938 
60 16.761996107534358 
61 28.51968150570828 
62 14.75366264611012 
63 26.970067581036158 
64 13.344226829051019 
65 12.428488036150826 
66 20.63394860088945 
67 22.84877538568814 
68 15.213234627368054 
69 19.161872738569496 
70 21.552023759974926 
71 18.0382327769726 
72 12.512280178392972 
73 13.235418112969391 
74 9.725651692010889 
75 13.689741271545746 
76 16.415869872369406 
77 20.153005674529005 
78 29.487514060742406 
79 13.055874094964173 
80 15.678820547709652 
81 13.093288381095087 
82 15.614614279225952 
83 20.63861907433104 
84 22.76271830328554 
85 21.105009183083 
86 15.315895754291535 
87 49.3174832739544 
88 10.579360895523141 
89 8.386880302657653 
90 18.1209183364872 
91 36.31243398611328 
92 14.87938074476652 
93 11.528133863981179 
94 9.959523668182412 
95 4.8299661903840665 
96 18.02683629174367 
97 9.579207728585947 
98 6.486224344620257 
99 19.41708524102939 
100 23.544987088806558 
101 15.652549045950373 
102 18.40511128273538 
103 17.418133645624394 
104 11.960317664000456 
105 17.46600538850092 
106 15.413378607310719 
107 14.398275353065161 
108 21.916218602877013 
109 15.773930899094024 
110 15.440614634756903 
111 9.863914189696084 
112 29.526955297430483 
113 14.734796401232378 
114 14.568108089333473 
115 23.021719203684086 
116 11.375895373215695 
117 8.412853844780658 
118 15.209097238338362 
119 12.263257919081228 
120 14.603919165471233 
121 21.568648020446048 
122 9.65497365446723 
123 16.760388569875843 
124 11.740003246880475 
125 12.903525908242091 
126 10.536863789378486 
127 8.197555765333146 
128 23.246027567324905 
129 11.408415612675098 
130 18.087706512223626 
131 10.234577872562632 
132 16.288748995133925 
133 21.9489047275163 
134 20.004979419353916 
135 13.744606108271071 
136 18.538524097450587 
137 10.783242708212821 
138 12.10840771833393 
139 16.683454982995563 
140 26.788169096843006 
141 23.640803075223484 
142 11.227685454856948 
143 15.643325215108105 
144 12.882718627908691 
145 21.944770575001307 
146 23.80422247446084 
147 20.925170746795846 
148 17.778727264249714 
149 25.858522089739953 
150 28.45370671876696 
151 13.967464892387717 
152 14.863140736015875 
153 19.898210524318273 
154 12.689401457027374 
155 7.795220244544764 
156 31.684297995135143 
157 28.42651593707853 
158 17.665731638489465 
159 24.026350310188977 
160 18.393246650733442 
161 9.02249221291022 
162 8.86857529496342 
163 35.08762067292409 
164 7.643935776639755 
165 10.286106669544148 
166 20.012138099509514 
167 25.430042137811864 
168 9.401528702396163 
169 54.290277903620385 
170 9.72274340447529 
171 18.383975454744686 
172 16.72610103523632 
173 21.278461811632802 
174 20.712612345679013 
175 14.740130029871727 
176 17.2035897688307 
177 10.538531697475106 
178 12.644490669560762 
179 15.331235219077488 
180 10.061781674683044 
181 11.274798592499604 
182 13.557828318744262 
183 16.100604208732236 
184 11.8670556047544 
185 10.394109935642472 
186 20.003166700050553 
187 19.703038388545444 
188 30.69422164978631 
189 23.274664417426433 
190 21.445026178010473 
191 6.873992493895144 
192 16.87502363700005 
193 19.341781491524173 
194 13.367447493386877 
195 19.769252885752934 
196 8.293940957906456 
197 12.584057149200577 
198 10.519897065979102 
199 6.533336448670919 
200 13.602545184483715 
201 21.19384341744904 
202 9.771078864176939 
203 8.70612020383382 
204 10.719416480738907 
205 4.957524868565377 
206 19.694711831935614 
207 12.058973710237597 
208 16.61031554936003 
209 11.389487347289014 
210 13.17678992177437 
211 24.39669383030578 
212 14.102055980499285 
213 11.844267919722355 
214 14.241925406785647 
215 15.417797921652092 
216 9.741305110214624 
217 23.005934815757428 
218 12.069210206001939 
219 10.229535704442965 
220 9.93336554219835 
221 18.268908953904184 
222 10.968597669407309 
223 18.760920712451803 
224 14.094000235219006 
225 5.260990961384566 
226 13.878864887759423 
227 18.102617222567503 
228 23.62309420955106 
229 19.541292781334153 
230 32.159235717626494 
231 18.886795511446532 
232 11.121580772779822 
233 18.306384947428608 
234 14.703287843148253 
235 21.434943477994235 
236 15.206229969401221 
237 17.3669992960954 
238 18.181323230440455 
239 10.616448480798631 
240 30.770332330716748 
241 28.731651847488045 
242 23.576220883172947 
243 22.420560847579033 
244 12.18817362093866 
245 15.609326212761207 
246 26.57852580350806 
247 19.892453841374632 
248 12.938753601549823 
249 12.789266820143007 
250 10.308429245897448 
251 24.001739628040056 
252 31.323684485668622 
253 28.191505521612594 
254 9.250311519265674 
255 8.657099276976139 
256 22.335671113241208 
257 9.347013362095861 
258 9.708969613636942 
259 13.8951413597302 
260 7.614267456721273 
261 7.351128528513792 
262 25.88677056009875 
263 15.626947638244125 
264 17.64766965822215 
265 13.044220871106688 
266 11.69756973689348 
267 10.17318877489146 
268 13.442463439726428 
269 9.14204009215485 
270 9.244195246879704 
271 21.98445370443169 
272 35.73421938232162 
273 7.018428313975767 
274 14.45877960749706 
275 19.382718559664315 
276 10.403468563661438 
277 23.234438098614564 
278 9.131988382270334 
279 28.833172931503835 
280 14.111782518000135 
281 15.373324047941942 
282 22.54735461397039 
283 18.854872062287594 
284 24.317202275006814 
285 16.365971859123935 
286 23.28009013859364 
287 16.364247841472597 
288 13.810636119077646 
289 15.784022187851624 
290 17.38377052101941 
291 20.046858644999404 
292 16.671120986044812 
293 17.855852327393166 
294 7.997361100253403 
295 16.681199018449803 
296 17.921772050214926 
297 10.226567643085986 
298 15.340711751581873 
299 15.141673044432572 
300 28.35675266374601 
301 10.247154995920003 
302 17.049045989252644 
303 13.212986472949048 
304 6.336936191043116 
305 9.202797939284366 
306 15.09611287071696 
307 13.320748245307588 
308 7.1394838973241646 
309 20.089394679617975 
310 8.374104051782313 
311 11.470345808321825 
312 19.495242743266168 
313 45.014853610371766 
314 17.477140523692853 
315 17.04675935898426 
316 19.71127935447184 
317 11.672276040173763 
318 21.39590783184464 
319 20.84654496294713 
320 37.151598359566684 
321 25.376346167808137 
322 15.936229307010445 
323 11.01867837984101 
324 14.524470608605316 
325 15.135881058063585 
326 19.966410876478093 
327 8.357101726491129 
328 30.87225084645959 
329 6.826055610256243 
330 14.570486655110244 
331 6.672835224416288 
332 60.31238226708655 
333 34.10252782723939 
334 16.450057261189464 
335 9.594414872323927 
336 15.28458460574169 
337 7.783055175152439 
338 12.703275535700765 
339 15.807459947161535 
340 17.539921966804528 
341 20.767376687165168 
342 17.904176484649795 
343 15.471655797208369 
344 14.827358984148532 
345 19.652263548021327 
346 19.205655962525586 
347 28.53073940548262 
348 22.249061087653036 
349 11.289577950043066 
350 11.395459534651206 
351 8.366520386180483 
352 20.021117549905963 
353 15.283804859562435 
354 12.480410389471272 
355 13.835236062686164 
356 10.04681466719045 
357 14.327451100954411 
358 27.805020981524326 
359 18.663581510421302 
360 15.569866288522789 
361 8.759008971381792 
362 27.78623243612081 
363 24.64628040897873 
364 14.498062571508568 
365 8.862466350847093 
366 25.500699181653474 
367 19.219737065192984 
368 16.390914917230706 
369 12.998097221447475 
370 7.45063292038668 
371 15.516758660490995 
372 17.673100827128813 
373 14.98624038416876 
374 27.093236871003164 
375 16.634162205036684 
376 27.473007139582105 
377 16.246413188311486 
378 14.331171626746848 
379 30.580090115049796 
380 22.143462766940317 
381 16.749545750420307 
382 8.433592783909372 
383 16.92145447797022 
384 6.648770922533324 
385 10.414395355824215 
386 16.741924024157075 
387 14.54370945203247 
388 11.432297032833445 
389 8.888346387278338 
390 15.855923425296568 
391 13.155010240342245 
392 16.391299250447464 
393 20.141005632734206 
394 30.17701992949133 
395 21.03283070149486 
396 18.47792413762721 
397 15.636152159973756 
398 9.796228001541499 
399 11.005119082291019 
400 18.684782850804314 
401 10.087723644304841 
402 13.054086186827346 
403 14.664680749893362 
404 11.827134454113255 
405 9.33411668357991 
406 4.776507753575573 
407 10.077180708186575 
408 17.467532900216558 
409 17.457354532589694 
410 18.585511972916926 
411 28.20610348213205 
412 17.44479335199411 
413 12.015825132854912 
414 14.045764306787625 
415 16.814005043034157 
416 22.605319464280903 
417 30.532674290789178 
418 37.25124561481416 
419 12.475695869695834 
420 18.98442068672092 
421 8.091785137583175 
422 10.528347164279511 
423 10.005830347387557 
424 14.741321561749851 
425 17.686664277130024 
426 19.12526275951064 
427 12.833957033532938 
428 14.519090839858489 
429 10.851987446345547 
430 42.51141765403444 
431 12.679082843366938 
432 13.810590644776788 
433 19.642783884156252 
434 19.237985157461175 
435 10.268956652670495 
436 8.680516405690563 
437 12.23396268240963 
438 14.957861401957148 
439 16.049960203269453 
440 13.32798642512369 
441 12.663731937223359 
442 17.935566635593148 
443 20.116855398399018 
444 12.323900581479055 
445 19.3564202909252 
446 30.74642270701384 
447 24.98170880609905 
448 29.509089885743233 
449 12.731733229722224 
450 12.331980853591128 
451 21.65830484668849 
452 13.934148148394234 
453 15.503223135608255 
454 11.644213711636429 
455 14.005102108960745 
456 12.052909414323933 
457 32.15603054371493 
458 20.537360205260786 
459 14.804227052287535 
460 5.469501977562844 
461 25.535009162471006 
462 20.968269918162683 
463 31.11963199287728 
464 18.938218202670303 
465 5.280636551342096 
466 19.79565791957712 
467 16.504430768262164 
468 21.257755680234357 
469 10.271999686523447 
470 15.120875317699227 
471 10.192372555976224 
472 11.495086028754816 
473 16.66410008859859 
474 15.80716207762058 
475 11.16468446214291 
476 9.394137712467048 
477 13.911732903474032 
478 10.240675044497562 
479 34.88828074961945 
480 17.92904988052441 
481 24.165470195775672 
482 20.20835160175955 
483 6.727916101235447 
484 6.2862572652416455 
485 17.231578255439427 
486 20.966907280398313 
487 23.539040884474 
488 36.34578856152513 
489 27.59501299384848 
490 19.128402752758003 
491 12.529361508910915 
492 9.120352088787607 
493 16.64406349206349 
494 14.862877391920623 
495 14.081130168833742 
496 8.647104543214866 
497 11.320169709270315 
498 5.530989228935236 
499 7.452473050264122 
500 18.796990189883346 
501 15.522960769800148 
502 16.287926682458934 
503 8.109213169459444 
504 9.006218435427904 
505 23.55172975310098 
506 21.940064131065903 
507 11.173875167502738 
508 16.61314458408755 
509 21.159308866187413 
510 11.342670391393826 
511 8.490064268002632 
512 9.180459339904088 
513 10.685825365403772 
514 12.31962920427543 
515 15.91234805833346 
516 10.102739874507726 
517 8.75440193025372 
518 8.180591908939487 
519 9.717292236691819 
520 16.331306020418495 
521 12.402138430240809 
522 16.074934271544752 
523 15.453927127892795 
524 9.660755621788331 
525 17.259800008230116 
526 19.675772032781193 
527 10.119265501692453 
528 11.577328409046997 
529 9.696624459892776 
530 37.14172872740797 
531 8.535399805861202 
532 12.194055755997011 
533 13.204708519473487 
534 8.921033097313888 
535 10.923946816684246 
536 17.421316929518145 
537 12.239889107755161 
538 17.577999337834385 
539 15.064015630387312 
540 15.786636154572863 
541 10.63877214030798 
542 9.190879907089876 
543 22.057870102550616 
544 27.83288209375166 
545 11.871758075974878 
546 12.645558094801647 
547 14.249570233670578 
548 24.182886399409597 
549 13.155794214881217 
550 13.810908971171735 
551 18.341207440900465 
552 11.69078797000864 
553 12.254587102353739 
554 26.976659227291144 
555 31.340302321584684 
556 15.08324672662608 
557 17.75103794146899 
558 8.597193098967141 
559 15.504827810554644 
560 24.53225400798966 
561 25.708898777781865 
562 16.51671438078624 
563 7.439835533726051 
564 16.617422861761302 
565 12.211914051126769 
566 14.726001762498113 
567 14.571347178699721 
568 13.792062082798987 
569 24.28917895322037 
570 14.125422233298421 
571 8.563648985258688 
572 10.50180150179399 
573 13.924341264387277 
574 8.521509461562529 
575 18.655280387133505 
576 11.701387939572319 
577 12.517844245611313 
578 23.857570276327316 
579 15.446699124234902 
580 30.605974810641992 
581 35.85794648200393 
582 15.63708486809729 
583 12.801211052070967 
