0 16.85617030169313 
1 19.053586030200062 
2 15.067695535342214 
3 24.789177241000242 
4 21.848064341376006 
5 22.034925504864773 
6 16.025737134298478 
7 17.981779441207618 
8 40.36166977809427 
9 20.71506746478595 
10 21.889682742640037 
11 18.295445226691793 
12 10.875511130125886 
13 10.383379874438042 
14 17.60685081017547 
15 17.06152932466624 
16 13.687596881516557 
17 13.234833424840808 
18 13.628135478672247 
19 12.843270785360835 
20 14.22588829043943 
21 10.6750010816754 
22 10.293477834059763 
23 16.85664450892606 
24 17.293816898388666 
25 18.440797196709564 
26 31.389322117615365 
27 24.992128705496796 
28 25.62878232389891 
29 17.106969952810374 
30 21.791082617234178 
31 16.135972454652123 
32 17.370667483920666 
33 16.45567216587873 
34 12.758106315930355 
35 14.315421581476627 
36 16.7014581856698 
37 18.975402530775114 
38 15.098123490387072 
39 14.86730281160941 
40 8.433270601103445 
41 15.27501037926187 
42 10.636424959552055 
43 11.41319633410976 
44 10.14261014235865 
45 5.508159864262723 
46 16.125054303739557 
47 24.943378946554628 
48 19.048567146555246 
49 20.272425409744944 
50 27.080117506537107 
51 13.63783982389798 
52 11.556084551125217 
53 27.571793877322957 
54 31.713045713680835 
55 20.853489250840244 
56 24.48642368834323 
57 14.317278480580569 
58 12.893094056818951 
59 8.78336767686921 
60 12.061609248288951 
61 10.433306551313272 
62 16.138704302957777 
63 11.565357179294162 
64 16.45315466570429 
65 19.690181442621412 
66 19.690181442621412 
67 22.708861444837275 
68 12.449330681784453 
69 13.960259081498839 
70 11.406523057509839 
71 19.65401322355874 
72 20.022264442768353 
73 29.346804550733967 
74 17.97253324077764 
75 15.288986093644631 
76 10.136653648350798 
77 10.633081341993318 
78 23.815305647350073 
79 21.196306833974297 
80 16.0448642176496 
81 19.640484373975667 
82 16.964298281447807 
83 18.018395130144903 
84 17.275083918532093 
85 14.345582400744247 
86 10.571015237893612 
87 8.934106686035985 
88 12.790358829861525 
89 14.280377650139082 
90 20.527409495563482 
91 16.538336270903077 
92 17.442471877404195 
93 12.219420886878039 
94 16.879641665627023 
95 15.053364868696367 
96 14.379517700540992 
97 10.345602944114608 
98 17.1911091437448 
99 10.864102364856114 
100 12.029299574961138 
101 17.323101576890988 
102 15.644200428188851 
103 10.837350751764108 
104 17.84984913417058 
105 21.19459309229642 
106 17.30887541731835 
107 26.825690420456144 
108 10.296661805934022 
109 22.269497671800917 
110 23.7493644079793 
111 16.09769989215246 
112 23.343317805642283 
113 16.461549330047017 
114 9.46451515363491 
115 10.684899820402757 
116 29.712277917882748 
117 26.793987440829444 
118 13.151174238861191 
119 14.096321241085413 
120 12.743066864351166 
121 9.061516192451444 
122 18.995425848935266 
123 17.806049542569674 
124 13.342061984877548 
125 13.34023726980694 
126 12.901858852697536 
127 13.031778581459802 
128 17.735275587221718 
129 21.800936634250043 
130 20.534042230283802 
131 20.66393729338792 
132 12.745467694981798 
133 8.323699789045026 
134 35.15408341155961 
135 22.812363687785883 
136 19.18088818361831 
137 17.6195725231886 
138 6.083718312637523 
139 9.212439625994152 
140 26.820715806705334 
141 22.986266235545568 
142 14.620463679809257 
143 26.731146475300655 
144 19.690736072184745 
145 18.695443260277514 
146 23.984308971448502 
147 18.035905793518037 
148 20.808175819814455 
149 14.517784208121617 
150 13.953571309757477 
151 25.891244899596906 
152 9.086663676994036 
153 18.294088654910563 
154 9.982706464488274 
155 10.676577124660495 
156 17.71235763362486 
157 17.91610709587028 
158 17.456918581905054 
159 18.12835884114848 
160 21.08294335563453 
161 19.341781491524173 
162 21.452813879383978 
163 22.69166139180584 
164 18.38671553069491 
165 19.855445413317426 
166 10.959884608148505 
167 11.8547795832191 
168 12.998943176359383 
169 12.832896830253334 
170 20.140618772538907 
171 31.431663194496487 
172 15.948166512038206 
173 9.538926186707421 
174 8.432388963498484 
175 9.49444499778162 
176 30.047955755192103 
177 21.50517081374303 
178 12.553286244463067 
179 17.146622842519236 
180 9.888191846251411 
181 9.145608289323919 
182 15.178550361703898 
183 15.131676449472739 
184 24.755818139965886 
185 26.673857190099465 
186 14.592487188140376 
187 19.66580863563689 
188 13.656578548939038 
189 18.336636953033807 
190 11.908565652780025 
191 11.768100490161695 
192 17.736325539895383 
193 17.978619252959785 
194 9.805205218777688 
195 9.29195309609629 
196 9.444397158329675 
197 19.647752664246397 
198 10.232904919440623 
199 8.437155392126295 
200 9.159468902865129 
201 13.09639547373417 
202 12.171444158768667 
203 17.311090016096415 
204 19.16038464173957 
205 27.62099939414693 
206 1.1783166126948372 
207 33.92763599595551 
208 18.603812751159882 
209 17.65799688460405 
210 13.199057188622067 
211 12.361237920373934 
212 10.171412496786804 
213 15.311870037419002 
214 18.44639323065556 
215 15.06055383201195 
216 11.28031735359376 
217 12.49792610250298 
218 23.306479665264526 
219 32.30537690725779 
220 16.755634742451722 
221 12.87216236040056 
222 25.16245223140099 
223 19.039574386955614 
224 18.310780487378963 
225 15.484964723864094 
226 15.027046005796851 
227 13.141573427997606 
228 13.270048374900735 
229 8.837015858702271 
230 12.459019509992633 
231 16.759852792506962 
232 40.39665600801325 
233 24.167001814986605 
234 11.672763299974397 
235 10.863905386749275 
236 11.038571669193196 
237 9.672072703625727 
238 14.325493705300117 
239 14.640571059566819 
