0 3.3098584218171907 
1 3.037705421856429 
2 3.0441741201911108 
3 2.8796128647982506 
4 3.4728048477063798 
5 3.2438195855861736 
6 2.924726756288842 
7 2.6532429722071824 
8 2.9807406638079272 
9 3.6915196543045723 
10 3.6852882082630143 
11 2.8429683507488397 
12 3.7259898379548524 
13 3.8142327075941047 
14 3.2090393033971476 
15 3.4585419053368143 
16 3.387642612586896 
17 3.587253183777116 
18 3.346968510256379 
19 2.3793837949552388 
20 3.7564622908950027 
21 3.705281433038679 
22 3.9001671735324854 
23 3.7086729903385947 
24 3.9458442602367314 
25 3.829165845248756 
26 3.3345934921116545 
27 3.889272716002381 
28 3.503901186186664 
29 3.768789346307388 
30 3.128427914139643 
31 3.819586162568688 
32 4.005758513421864 
33 4.08302440595677 
34 4.035376828243424 
35 3.8231858701895445 
36 2.8408800719260574 
37 3.246833572868751 
38 3.5718410136486773 
39 4.255288240607624 
40 3.494730957779372 
41 4.350008678827394 
42 3.221072168281029 
43 3.012766460771979 
44 3.3823259354600896 
45 3.6348577641196833 
46 3.3317294091674774 
47 4.564568677836125 
48 4.04364378489094 
49 3.797612484137809 
50 3.8282260298896493 
51 3.6254650140387934 
52 3.1747801853250337 
53 3.2806360140919253 
54 3.5219377583477067 
55 3.950696278335683 
56 3.4103478497656634 
57 4.2083872528816535 
58 4.042362321503588 
59 3.242477666955418 
60 3.8092981937769808 
61 4.359032700020894 
62 4.00569956391395 
63 3.8940187977031835 
64 3.913852447112702 
65 2.802018477412032 
66 4.2454943122302975 
67 2.862404012096302 
68 3.6336053042602314 
69 3.600901674629573 
70 2.7621407175428807 
71 3.614181839030069 
72 4.046284510267028 
73 4.265771815894706 
74 4.373485580610555 
75 3.4189559522941795 
76 3.592680520739143 
77 3.865580795089517 
78 3.2091254292284637 
79 3.089237787595966 
80 3.934261702946431 
81 3.820209151889552 
82 3.9051906937060643 
83 3.444356805138345 
84 4.11913338779042 
85 3.5315232691947602 
86 3.8232528445670844 
87 3.8850108501316636 
88 3.943399985128533 
89 3.547576991319531 
90 3.887857835104501 
91 3.289368966997532 
92 4.106141103924066 
93 4.071647876211267 
94 4.105170107553163 
95 4.202072365180175 
96 2.684461445042733 
97 3.0437249747264645 
98 3.1207168899327895 
99 4.33521709268477 
100 3.6530091804208467 
101 3.44884761847953 
102 3.765480813131707 
103 3.9582890978771426 
104 4.042433088967587 
105 4.104022433217551 
106 3.881099184706281 
107 4.093953544325932 
108 4.07314632848477 
109 3.8046037513592768 
110 3.8578406978473714 
111 4.022078131572308 
112 4.19031216723837 
113 2.9543397663486433 
114 3.0252197004369084 
115 4.147869783687298 
116 3.349798781487859 
117 4.046268087302702 
118 3.510846517139587 
119 3.4970814778133805 
120 3.733985403761634 
121 3.2824530572411246 
122 3.8469208348004744 
123 4.078275585985628 
124 4.6415687194578945 
125 4.283347431290871 
126 3.678527116250017 
127 3.21659484950792 
128 3.632551847355258 
129 3.952026509940606 
130 3.8701575366159995 
131 4.296939908917737 
132 3.7688656820220814 
133 3.7125476725600435 
134 3.7289725538685405 
135 4.535792938046872 
136 2.861091403933904 
137 3.86544786864519 
138 4.165790988080266 
139 4.109715895222141 
140 4.324088516890361 
141 4.429986136559584 
142 3.5805493520106015 
143 3.544315983661452 
144 3.999628528846055 
145 4.154230031676622 
146 2.5626952435794417 
147 3.5336813093629322 
148 4.367773976377573 
149 3.9761983804094636 
150 4.367773976377573 
151 3.9761983804094636 
152 2.890919546788405 
153 3.3719671938730214 
154 3.919264876557901 
155 3.884987910147906 
156 4.163550578417629 
157 3.527601094693914 
158 4.2863094478090815 
159 4.295354023191688 
160 3.525164698386241 
161 3.517239575805703 
162 2.9339933237790006 
163 3.1845412718195423 
164 3.8545363985853958 
165 4.34168282977684 
166 3.0531318743031344 
167 3.6898873015387927 
168 4.0550015856008965 
169 4.294405004072839 
170 3.1827848667946443 
171 3.389996118443555 
172 3.8161490161272718 
173 4.85 
174 3.3896410275509967 
175 4.82523016758412 
176 3.1124135656171212 
177 4.85 
178 4.559589456524227 
179 4.3791139741137295 
180 3.534388347119532 
181 3.522161390403061 
182 3.6156680200879654 
183 3.8473473712364235 
184 3.6128991391597047 
185 3.9249740759994265 
186 4.400291162357127 
187 4.263936616678531 
188 3.2243102226151263 
189 4.290830191864388 
190 3.700418391019288 
191 4.82926033928992 
192 3.9605099803758925 
193 4.943549327837625 
194 4.266773307637091 
195 4.992365516604828 
196 4.249871323213692 
197 4.949072380584953 
198 4.235071570530503 
199 4.785166652055443 
200 4.095748482795574 
201 3.7178882525133514 
202 4.14650639842592 
203 4.85 
204 4.134531817818825 
205 4.85 
206 3.9536772738653085 
207 4.85 
208 3.9863393245420804 
209 3.5457789018039962 
210 3.1424613600757207 
211 3.194640322674127 
212 4.072425390423665 
213 3.6926742087717828 
214 4.181509388628384 
215 4.85 
216 3.9348487036155664 
217 4.147792136414279 
218 3.5354850545331606 
219 4.243318638188257 
220 3.247932878683834 
221 3.7960640928311538 
222 3.603864291215398 
223 3.9228237021617884 
224 3.6536103583624233 
225 4.241251789257763 
226 3.2280277749785027 
227 4.85 
228 3.9589428196396073 
229 4.071904919986366 
230 4.366008752620764 
231 3.9194267646398506 
232 3.5959763797034543 
233 4.85 
234 3.8569597587771765 
235 4.85 
236 3.7572538011231025 
237 4.974062560968313 
238 3.8411390194077093 
239 4.749275302468483 
240 4.002365351541442 
241 4.85 
242 3.3372498552791194 
243 3.862457099793275 
244 2.724252682183501 
245 2.985844971586108 
246 3.763622549220465 
247 4.85 
248 4.1510158173433265 
249 4.85 
250 3.995099669585785 
251 4.407579444214168 
252 4.2441506223766465 
253 4.85 
254 4.115528371069127 
255 4.85 
256 3.9807916251963733 
257 4.346194699101155 
258 3.676485518583449 
259 3.6849823520600085 
260 4.488363121207971 
261 3.990975124245751 
262 4.85 
263 3.895841442079669 
264 4.444115875160571 
265 4.764794279487669 
266 4.415160198409498 
267 4.3500481460625835 
268 4.85 
269 4.85 
270 4.85 
271 4.85 
272 4.85 
273 3.841106896937463 
274 4.214730351796823 
275 4.85 
276 4.937500112366115 
277 4.757092140582316 
278 4.85 
279 3.194878459614843 
280 4.85 
281 4.042949485863415 
282 4.046441036686397 
283 3.791019993637168 
284 3.226800906428825 
285 2.7891441817947418 
286 4.873791375587316 
287 3.6047793133927177 
288 4.934439723810071 
289 4.03473731190902 
290 4.85 
291 4.234125538693798 
292 4.85 
293 3.946904862921367 
294 3.646169292615658 
295 3.305122172215955 
296 4.85 
297 3.7842274011364405 
298 4.85 
299 3.340313377101893 
300 4.85 
301 3.2047175789211724 
302 4.85 
303 3.803725284137213 
304 4.304929766989063 
305 3.5072591084709313 
306 2.9475790093670455 
307 3.6995046915792034 
308 4.824216893617057 
309 3.0853530388169697 
310 3.8030716390816894 
311 3.801434791027381 
312 4.85 
313 3.4874363795188983 
314 4.160695165411169 
315 4.160568919965426 
316 4.675756450676694 
317 4.249235564732128 
318 4.85 
319 3.5560007203509163 
320 4.85 
321 4.160804755573386 
322 4.85 
323 4.13639575749846 
324 4.85 
325 3.81250432710674 
326 4.85 
327 3.3988263923914506 
328 3.4488290866829963 
329 2.733508392669108 
330 4.580188352491065 
331 3.9822716714652 
332 4.568458802788273 
333 4.85 
334 4.85 
335 4.1926075093124435 
336 4.85 
337 4.85 
338 4.058101764674107 
339 3.842745245789434 
340 4.85 
341 4.604140799908231 
