0 9.177526536095874 
1 9.165954247851817 
2 12.444713457059356 
3 9.914323196747468 
4 19.062245491564862 
5 13.836879175257732 
6 13.718352608718405 
7 19.608439339326704 
8 16.266764916907444 
9 15.670736628158952 
10 16.921727553305228 
11 16.759049190677306 
12 10.522932258202099 
13 12.718221154866626 
14 21.7932338835804 
15 19.101136694841156 
16 18.904416570138235 
17 23.54194754241902 
18 18.624878440845652 
19 25.071754776080148 
20 7.743154155874604 
21 7.195247432354308 
22 5.754103308438191 
23 9.290759310575503 
24 26.76731229458502 
25 27.137937950891267 
26 23.09651484865005 
27 49.41102184105742 
28 14.998083359556025 
29 16.202731936460843 
30 24.14821808970004 
31 28.475535490003054 
32 9.614935309058566 
33 26.649113666687846 
34 15.97641421394045 
35 15.578887939679827 
36 25.89028598235835 
37 17.119817793687268 
38 14.912974841067797 
39 17.06756949220133 
40 11.269466902034752 
41 7.150450322974399 
42 21.861501735658663 
43 18.53082503468203 
44 8.09801869707419 
45 7.423073928032904 
46 7.412801620306141 
47 18.58493550688355 
48 31.502012858258727 
49 18.46694111172262 
50 9.113356813989315 
51 10.396377147474587 
52 20.40666355285692 
53 28.237625895405827 
54 16.476940241047156 
55 7.627477295624248 
56 14.95210255386502 
57 18.556404017165864 
58 22.00394510429345 
59 12.652462586839858 
60 13.820010214336316 
61 16.541467012142938 
62 14.95546134289881 
63 13.427057689906746 
64 11.466269358520483 
65 12.716910081529072 
66 12.131206525040131 
67 18.402850172870707 
68 22.263823643379993 
69 19.58609740038385 
70 21.485231894599885 
71 14.48899758879654 
72 18.191574537111332 
73 26.0943659167828 
74 9.650375265170515 
75 11.742238198422164 
76 12.330929456555292 
77 17.259942059520675 
78 18.175099232142546 
79 18.03241644382153 
80 20.34687105850393 
81 37.43410236958365 
82 16.569500738739166 
83 42.40997381166645 
84 10.616985946296221 
85 7.886312955253964 
86 20.770050510052492 
87 20.285465554932195 
88 15.685974150311154 
89 15.140142655000144 
90 8.965214751988919 
91 9.043014809720212 
92 16.500470115227404 
93 17.13989620366965 
94 16.080665876877188 
95 10.505905072977434 
96 6.704482278527551 
97 15.092744924469777 
98 23.767801892672974 
99 20.842815613586104 
100 17.600644554854302 
101 12.139211674099972 
102 23.010857221231657 
103 22.45909838128437 
104 12.156028738780254 
105 47.863790939176084 
106 16.80457384622165 
107 14.957007959375803 
108 20.300192629734674 
109 20.834222473897018 
110 11.21114939364213 
111 18.899731439591932 
112 13.113961886597776 
113 27.610998834813405 
114 16.39193984586284 
115 22.883430629057777 
116 22.302772489923537 
117 16.536510552399275 
118 9.954441675566631 
119 12.380758967577396 
120 14.62020886490707 
121 15.12103885616226 
122 19.28681657240079 
123 22.78225350888628 
124 18.630669527248823 
125 9.022356355094551 
126 21.920685690394063 
127 14.546483640727201 
128 18.87676534919935 
129 25.27237232170832 
130 22.58122244176093 
131 39.54241970001225 
132 15.51153665509118 
133 11.160109624032142 
134 18.381961213980496 
135 7.828465627426387 
136 9.529065633100766 
137 11.382440181389404 
138 29.691244761581153 
139 21.26530012117402 
140 21.754575961742937 
141 16.685777936905758 
142 9.164011684688209 
143 12.553173531902923 
144 17.933342739745942 
145 11.094897616383495 
146 8.47832564194304 
147 8.784213855181976 
148 16.90059030925758 
149 14.630510461068361 
150 32.125244138755065 
151 22.02289290739924 
152 11.088913740637633 
153 8.531857894040947 
154 22.121856540084387 
155 17.752916278676036 
156 29.723226940302737 
157 24.472279596242487 
158 30.298440400771494 
159 19.83891627013783 
160 11.759785793391558 
161 17.653760517200016 
162 11.547398995113221 
163 13.865376096686964 
164 18.666987106737697 
165 17.58581161820507 
166 15.645192454744507 
167 12.691052457994571 
168 36.819593556599216 
169 23.677369823420495 
170 6.426486112962512 
171 14.444588321187993 
172 12.962385845630843 
173 9.0698832072277 
174 20.808072589807065 
175 28.894152010526245 
176 12.958941608658442 
177 21.716504693510892 
178 11.205578338520725 
179 15.864919659878355 
180 10.026328559578705 
181 11.451899501438891 
182 14.498363262413799 
183 18.30231096837255 
184 20.67330753875348 
185 31.22411392923345 
186 15.320818950559786 
187 11.453150343788058 
188 20.51004400977995 
189 19.376361074538607 
190 13.153978837239935 
191 13.351363051809974 
192 13.179108510812119 
193 6.589336856608261 
194 18.686197986278177 
195 15.325801312500914 
196 13.266900312511861 
197 10.548523716110859 
198 19.361781487157707 
199 29.567961199269668 
200 13.63141302722835 
201 13.630039808270372 
202 15.447836943951325 
203 19.4051373158635 
204 18.434232270313984 
205 27.0030580645992 
206 25.592189883458417 
207 22.64033941854063 
208 43.2291059005411 
209 26.98012980914582 
210 9.111357307022232 
211 11.194183930010729 
212 24.39059338000977 
213 8.512291596903001 
214 22.892548180572764 
215 22.36783190678079 
216 16.619464047263374 
217 15.682572443447373 
218 14.469853207527642 
219 17.84658326950898 
220 7.139301611077541 
221 17.557543461607693 
222 13.548412521521163 
223 10.821971602769027 
224 45.6885906625128 
225 18.559770608303943 
226 15.750651535520891 
227 27.447298331948197 
228 10.995021928157431 
229 6.943706087636 
230 10.82373100049031 
231 8.98773008764223 
232 20.64308846256066 
233 24.175638210187156 
234 7.16994652845206 
235 26.851622568068475 
236 9.83502553544714 
237 15.994752698013194 
238 10.466997906253042 
239 12.847755634652732 
240 14.346367492132988 
241 49.61148764534024 
242 15.649804111786874 
243 14.616489578577974 
244 18.974372429891744 
245 15.419384960388214 
246 14.436335350281203 
247 19.812676548668385 
248 26.651484343228955 
249 8.675991543900148 
250 26.34795117753111 
251 33.812216337356006 
252 12.893450761592966 
253 33.88515107448699 
254 11.988452589878294 
255 15.106171327726855 
256 19.680203450589566 
257 25.545273492456957 
258 13.6663679876966 
259 23.565623876303487 
260 7.731051173489983 
261 15.459908146641013 
262 25.426958867569944 
263 11.370683438609808 
264 6.474819655226177 
265 13.094065016030795 
266 30.27001436169829 
267 19.28726001885361 
268 23.714183944048987 
269 18.163922499285448 
270 22.46631635894222 
271 11.037235470272147 
272 21.038316655380836 
273 22.454890035762467 
274 11.0198653225192 
275 13.811227312241511 
276 31.1080916709931 
277 22.52894603972628 
278 23.552920035938904 
279 22.946904252583664 
280 12.274203507580834 
281 13.398063586677017 
282 15.538084812382149 
283 11.206835834693784 
284 13.713643006843245 
285 33.74122341281333 
286 15.460022115739035 
287 25.512332500015205 
288 12.94865984601041 
289 7.766150997546637 
290 19.041821780739827 
291 15.379863153340128 
292 9.854319821629533 
293 20.09497709894406 
294 21.292072146160447 
295 34.97118463180363 
296 8.050951110428624 
297 14.265903424725094 
298 10.988627045153853 
299 11.227925902130849 
300 26.51635499247683 
301 26.733531770059848 
302 9.608415573943242 
303 10.957050118209485 
304 20.306974267108863 
305 10.846851692855148 
306 18.592597189591736 
307 18.38607073346075 
308 14.788619864112517 
309 9.297102236329662 
310 14.321629419698496 
311 12.803516590860527 
312 45.41649341649342 
313 24.538712659279454 
314 14.141281186783546 
315 19.75286687796401 
316 13.709474344810454 
317 13.315800334616984 
318 7.9687656148177135 
319 10.02877384769515 
320 12.952618592485308 
321 14.454344949272166 
322 20.199689850800898 
323 25.62878232389891 
324 23.87318644665919 
325 17.808620038128236 
326 14.374244755700103 
327 10.052160075158056 
328 11.502147240946211 
329 9.483753973888781 
330 20.971939438788777 
331 26.631008844612914 
332 11.265713510624296 
333 14.429531263438548 
334 16.924527083736844 
335 22.095169863403378 
336 9.669084915338244 
337 12.999587787347862 
338 10.869733329877938 
339 11.37490813135792 
340 24.422832587037156 
341 16.253023486512983 
342 17.61735229630625 
343 29.12084204094952 
344 8.24225845880545 
345 15.161979951777264 
346 18.87387727919074 
347 17.701144962460592 
348 14.011886189236952 
349 15.409867625825273 
350 8.586703243835279 
351 8.79163408995156 
352 20.78137046028836 
353 19.52437344058392 
354 10.755149609852788 
355 16.281793584801655 
356 12.60224384205371 
357 9.140864592504773 
358 24.20018809464738 
359 18.38067233151176 
360 15.750178368919498 
361 22.767166415163985 
362 26.672330575569305 
363 26.99558473321748 
364 12.028609611865992 
365 14.177465750414916 
366 44.879506083011435 
367 26.04057913427869 
368 17.240077603498733 
369 15.045697005786112 
370 33.45380296069423 
371 15.167243443011243 
372 10.339456687866686 
373 21.40311378956661 
374 12.793245753432178 
375 17.648486480572924 
376 30.74687348805841 
377 18.294328035312386 
378 33.46848493069797 
379 32.32355117139334 
380 12.985943750232206 
381 13.294191106786393 
382 49.72264504350712 
383 17.861403172575322 
384 13.711670420702664 
385 12.93847420975837 
386 12.602471035046392 
387 22.778046899607904 
388 15.767348841405651 
389 16.27484411195226 
390 23.96046866341809 
391 20.17442833642774 
392 22.672158617931004 
393 28.194916678430502 
394 19.906899039374263 
395 13.423233247777357 
396 16.075427152241733 
397 13.738618310934086 
398 16.503781350583534 
399 28.163678605481916 
400 20.87310331785631 
401 24.443043212214807 
402 6.5690063727586105 
403 11.995995904382196 
404 10.415895381727065 
405 14.734175258637345 
406 33.83976893163152 
407 19.83638298375464 
408 8.994880966933234 
409 8.572592990767859 
410 9.359131185694107 
411 11.580365056006361 
412 18.949512290989922 
413 15.501332337929684 
414 17.526362853823848 
415 28.239907355040263 
416 20.517869896586472 
417 18.538360220994477 
418 20.85307453663193 
419 20.186662559679654 
420 23.223631682400818 
421 29.257142857142856 
422 7.830716438085068 
423 9.396831655662671 
424 20.634253132548494 
425 24.792107767512515 
426 19.968407070798442 
427 16.745466595335245 
428 19.005496422567504 
429 16.556550297633144 
430 24.108105001178302 
431 18.583206323326127 
432 18.850296171788624 
433 13.600472123322762 
434 15.519686816622697 
435 15.817355593183267 
436 11.335160231983698 
437 13.198891046236826 
438 17.858893459026305 
439 12.271581965534393 
440 10.08835449553465 
441 11.597143228439421 
442 13.671089729172982 
443 29.309276405436567 
444 9.874410556425318 
445 9.706655311428214 
446 16.25818955659525 
447 16.47079336032452 
448 7.89926437076015 
449 10.011132221384177 
450 19.451934849552927 
451 22.517093282941076 
452 12.268100278747072 
453 14.35849825238863 
454 20.85452610853114 
455 16.317963242502994 
456 43.72254769102471 
457 29.113363134075577 
458 12.807387073232547 
459 28.903908705000276 
460 12.325059431630851 
461 13.539840206601566 
462 10.535699214275667 
463 9.617404543745241 
464 19.17080617589791 
465 22.231961030631663 
466 25.870165115432773 
467 14.630612529649783 
468 16.93730742982672 
469 15.331683548329318 
470 27.812027133659132 
471 16.374086002615602 
472 43.14994393177165 
473 22.788813970040913 
474 15.60084954119568 
475 14.428737043802526 
476 12.769175969872531 
477 9.396852708176507 
478 12.129136736417161 
479 17.306804208788943 
480 10.228762346055358 
481 24.245793133746844 
482 12.953458637792698 
483 16.17486406231923 
484 5.387950569072271 
485 13.427272610861408 
486 22.7586423939879 
487 11.347611060007575 
488 16.1539326621631 
489 18.135413378762262 
490 27.214004399083848 
491 23.99418780927319 
492 15.507636791179701 
493 14.37591985165839 
494 11.73048137914061 
495 12.109701205974147 
496 12.605652597285504 
497 10.889827032023222 
498 7.217658406138523 
499 10.511644925629362 
500 18.171634548731458 
501 12.194339375790438 
502 11.615192257099736 
503 10.645684799906597 
504 16.307431512974237 
505 12.416015914082898 
506 8.745311776750082 
507 14.636739251814628 
508 10.160374021947142 
509 9.110803143585755 
510 9.973970631948161 
511 10.261394606919701 
512 16.629545634763303 
513 16.710640807024813 
514 8.795874585036353 
515 9.65341815327891 
516 18.44704226591019 
517 16.63396429945311 
518 16.127410380931508 
519 12.424695922127627 
520 36.258128095851454 
521 25.878305507224916 
522 11.391683641598087 
523 13.914086576898452 
524 20.054143218471044 
525 18.9165234725586 
526 14.8238479128305 
527 12.43338807500993 
528 13.04726413040097 
529 19.485008687249717 
530 25.80633729157694 
531 17.286760554092428 
532 10.332070452026112 
533 10.180398933975408 
534 16.504041111522085 
535 21.580966493784473 
536 9.778049241055506 
537 15.209207539506988 
538 8.740373053928403 
539 8.84950807981281 
540 22.31416319972761 
541 17.543076549860718 
542 15.456660733566972 
543 15.392675613882497 
544 24.86677615001986 
545 19.838165599311342 
546 16.13038746274397 
547 16.612223397218823 
548 11.949856406983635 
549 24.175220177986812 
550 6.783859014648774 
551 7.274553741770325 
552 34.374469340589094 
553 17.137725187034455 
554 15.328545794091957 
555 11.244812988774768 
556 9.650841568780846 
557 9.594370978330737 
558 7.059370829104582 
559 12.017821992109042 
560 12.875481567661984 
561 9.892319738865462 
562 25.482417555712168 
563 20.98169612261947 
564 14.88577046201458 
565 12.188492386376845 
566 16.444123827745194 
567 13.691528776567443 
568 5.969027065028363 
569 8.336339153507508 
570 16.41548438606859 
571 21.26432982164404 
572 22.11310926584948 
573 12.55963898895347 
574 14.949491205246556 
575 15.367409822851595 
576 38.35949589361819 
577 16.90304224648282 
578 14.360759688701565 
579 9.86328790059354 
580 9.00026608300073 
581 14.893699221635135 
582 24.760787045509556 
583 22.13855386710441 
