0 3.2263576462031214 
1 3.7405662883122237 
2 2.9573532922122046 
3 2.789383504888027 
4 3.488385663656458 
5 3.477979248929603 
6 4.003478534737086 
7 4.00904851410635 
8 4.226492006177477 
9 4.058261223778066 
10 3.5944297477053357 
11 3.3586444348325104 
12 4.095278313177866 
13 4.017714414618819 
14 4.140659826097911 
15 4.083309024567669 
16 3.951020981254727 
17 3.9453335559747686 
18 3.851003690120809 
19 3.7765435676865273 
20 2.931558799574822 
21 2.76502182504315 
22 3.6240857078476565 
23 3.8696469361586057 
24 4.372700582427449 
25 4.224156725357733 
26 3.338700322418242 
27 3.5165470571625073 
28 3.954078775913943 
29 3.92859599191124 
30 3.6110507336125037 
31 3.509158711387652 
32 4.0534975247011085 
33 4.049991033638814 
34 4.219915908503383 
35 4.083920904378856 
36 4.408581636646591 
37 4.448783000411227 
38 3.469542340377078 
39 3.7870589911702486 
40 3.349103931079586 
41 3.4968473277826275 
42 3.4083796590449182 
43 3.219699127143841 
44 3.9011918175717533 
45 4.357588440706066 
46 4.278934243872276 
47 4.043570151381051 
48 3.621456290201438 
49 3.4416184936931664 
50 4.1248922934761385 
51 4.131084583864528 
52 4.036010074053708 
53 4.173903012192629 
54 3.756589435273428 
55 3.8816067625741266 
56 3.8329150957514213 
57 3.7579931470568457 
58 3.6831410955815147 
59 3.685176379315868 
60 3.9161336387224646 
61 4.1433194501797175 
62 4.380426148003442 
63 4.140502317203118 
64 3.9790853196586107 
65 3.7561257485113506 
66 3.427059867934493 
67 3.5109138895045096 
68 4.2605585369040515 
69 4.255299526457526 
70 3.6922253813808847 
71 3.663305718614241 
72 4.035155397258077 
73 4.252015322914036 
74 3.949793474824374 
75 4.201422395742118 
76 3.4580995469992883 
77 3.392966306032921 
78 4.268155029987004 
79 4.027096088450588 
80 4.38884408234229 
81 4.056617912882263 
82 4.100438900062159 
83 4.450898610091951 
84 4.294864298252786 
85 4.227541051928748 
86 3.601506098204287 
87 3.8359805485003617 
88 3.7478790068089074 
89 4.0234031816545395 
90 3.7297897101418784 
91 3.552923301746795 
92 3.13772214599082 
93 3.3112416757042578 
94 3.5889061382191243 
95 3.477636698897655 
96 3.9398107917199803 
97 3.9145232133026444 
98 3.3958702905841376 
99 3.3990912861760014 
100 3.9298870917214686 
101 3.972410224402968 
102 3.4474068042291854 
103 3.303169751610702 
104 4.295837695698593 
105 4.133906871029859 
106 3.094805080335509 
107 3.3695663073608544 
108 4.256108902800696 
109 4.266275933282685 
110 4.2480390961945895 
111 4.574513991708058 
112 4.049983534587119 
113 4.00903237722878 
114 3.8014549571277905 
115 3.737011696085376 
116 3.710985840417905 
117 3.963792393944249 
118 4.035219641413364 
119 4.567495028143192 
120 3.8257411424575207 
121 3.7137283379547767 
122 3.994668640756708 
123 3.924392260240553 
124 4.41165514439338 
125 4.455981550113942 
126 3.8280811732874747 
127 3.628233177390019 
128 4.034869751923885 
129 4.267059120617829 
130 4.1090559834483935 
131 4.427105490926035 
132 3.6056171626585027 
133 3.8234576095648194 
134 3.348085057078443 
135 3.2696004750416763 
136 4.590100090673447 
137 4.1474897902316785 
138 4.287324928136321 
139 4.593312978808104 
140 4.1278147800501275 
141 4.166041668670643 
142 3.7179526898347657 
143 3.6584275226343976 
144 3.7968188543940484 
145 3.5962490653869397 
146 3.6609366043793674 
147 3.6222632785710007 
148 4.0093616943208366 
149 4.1246036241488895 
150 4.044884701305814 
151 3.990777083906465 
152 3.7830272027667555 
153 3.6966765706642515 
154 4.306908747767791 
155 4.525402832291985 
156 4.2426088356481335 
157 4.18992183035752 
158 3.4293393162926114 
159 3.3576960973698724 
160 3.709778502667601 
161 3.7530602319543727 
162 2.9416723139160506 
163 3.0808903149144067 
164 4.051922052650136 
165 3.8426545378655605 
166 4.431248720870794 
167 4.285788805492006 
168 4.40062123899657 
169 4.227239830436585 
170 4.0407763492488895 
171 3.980060212791248 
172 3.5847992522799474 
173 3.5625539242084105 
174 3.8967985192975436 
175 3.968656615863825 
176 2.9615624237351623 
177 3.2108715416170184 
178 4.085435126624235 
179 4.319193729773471 
180 3.570812623227333 
181 3.6747715500090377 
182 4.3731067090420845 
183 4.297606014092432 
184 3.9331727041946407 
185 3.933588050912533 
186 4.024329948119703 
187 4.197581214810548 
188 3.9340243918841105 
189 3.9575965175712984 
190 4.022814548594711 
191 3.876312670765399 
192 4.155125936694387 
193 4.3722241601696705 
194 4.205052977808119 
195 4.462050202635344 
196 3.922781299187549 
197 3.9790689041853944 
198 3.6234217322103683 
199 3.768199532821625 
200 3.9574793674027555 
201 3.7641199706755493 
202 4.396422599351029 
203 4.396011659202978 
204 3.5035225110708863 
205 3.2292103991581755 
206 4.183881295994552 
207 4.114712025680799 
208 4.248236042601972 
209 3.9766043163746954 
210 3.840957771029499 
211 3.489470524117782 
212 3.925102297765842 
213 3.5823339164840484 
214 3.9227648092375493 
215 3.947404092147713 
216 3.5881721015313133 
217 3.540032793928413 
218 3.64375625741823 
219 3.530969384455063 
220 3.9805549047391997 
221 3.905612575857288 
222 4.182432861397387 
223 4.254533709261302 
224 4.540721940379845 
225 4.1382400644675315 
226 4.254083126764571 
227 4.083044100792876 
228 3.250875981047052 
229 3.5831087387675082 
230 3.6100373618437263 
231 3.3395654962808723 
232 3.72353631384038 
233 4.005185084301113 
234 3.8243565896026834 
235 4.116144746537689 
236 3.5024326741905187 
237 3.7387922389240527 
238 3.747494413183281 
239 3.8247126666536455 
240 3.707860278581965 
241 3.886677554070397 
242 3.5177916403352345 
243 3.819709928912296 
244 3.989496457177191 
245 4.157457790927267 
246 3.5696124448690187 
247 3.589132554466348 
248 4.377566910662356 
249 4.25859416582705 
250 4.20108263105242 
251 3.7035816917380804 
252 3.7667558919446007 
253 3.7257221510521723 
254 4.310689565957711 
255 3.9904534458289334 
256 3.7986948611359077 
257 4.249720080924098 
258 3.925304445512631 
259 4.490153662798274 
260 3.317334945809238 
261 3.8096440323812395 
262 3.934937247743205 
263 3.882362609593598 
264 3.6754594287147326 
265 3.6469620620571153 
266 4.487393213167094 
267 4.2425900058978865 
268 3.7529764721433727 
269 4.022009481561447 
270 4.85 
271 4.604351287312799 
272 3.953148782152939 
273 4.445043799873224 
274 3.7408832011020823 
275 3.813989028979624 
276 3.851883726872325 
277 4.154427469012303 
278 3.709542816136372 
279 3.7546135717776123 
280 3.65911940807896 
281 3.7927122041393737 
282 3.249594345617358 
283 3.235576334840588 
284 3.6196609798657002 
285 4.157174210336797 
286 3.6921905530515042 
287 3.6689634994926603 
288 3.878597402677633 
289 4.040002003174815 
290 3.930444430404042 
291 3.9781469516473376 
292 4.3558253346590945 
293 4.238039021506126 
294 4.515190647944815 
295 3.6165186555896804 
296 3.762377852968635 
297 3.6035162886641396 
298 3.5856803717819665 
299 3.746759900999405 
300 3.9957345447509796 
301 4.3018436875635775 
302 3.050181251577138 
303 3.1407044610232338 
304 3.755963448316196 
305 3.8998438608405266 
306 3.006436736607833 
307 2.901535149830276 
308 3.66448417052021 
309 3.4628768996806736 
310 3.758416727912312 
311 3.6877017469804794 
312 3.998342229025186 
313 4.439462387742461 
314 4.441391053351272 
315 4.095367973527567 
316 3.5186416508380134 
317 3.2437215562075803 
318 4.113250127862439 
319 3.9880082270404427 
320 3.155515412818732 
321 3.718754891549158 
322 4.53314656402441 
323 4.588699920620937 
324 3.7816772550017927 
325 4.20113396171634 
326 3.643729410152634 
327 3.37250172765344 
328 3.3280772540664985 
329 3.342575162980217 
330 3.9348376001067056 
331 3.848603428493371 
332 3.356620431489824 
333 3.2334656788622445 
334 3.0221363341692906 
335 3.0682802821335975 
336 3.7100706238519336 
337 4.2071535949691965 
338 2.838017818070517 
339 3.07008533474898 
340 3.6117231384790056 
341 3.6354528461727496 
342 3.771671687355107 
343 3.6884848641485175 
344 4.53842245708627 
345 4.289345879837888 
346 3.8359970206887186 
347 3.871797474004615 
348 3.3837959270792646 
349 3.54040734810007 
350 3.4525996628898676 
351 3.274286083463665 
352 3.7534218566004145 
353 3.6649693772501535 
354 3.45482847347567 
355 3.7376651494052937 
356 3.8599227157356286 
357 3.8080256356560653 
358 3.8044749438440766 
359 3.3722969791139352 
360 4.452775914092708 
361 4.427743727913324 
362 3.4595759987740764 
363 3.7575285322198577 
364 3.76527091397042 
365 3.8282519813781106 
366 4.066565301851513 
367 4.167122552214937 
368 4.403308351681507 
369 3.8972201029446656 
370 3.3193487643637605 
371 3.880848973404585 
372 4.056192354398837 
373 4.177253730408639 
374 4.282616093665463 
375 4.322835738452875 
376 3.8416296767701725 
377 3.9043671377764064 
378 4.437354438939172 
379 4.418251558187902 
380 3.9819034938028923 
381 4.055708197949774 
382 3.4326100383610436 
383 3.2761542146265814 
384 4.767774862027999 
385 4.276067613921656 
386 3.0871383810656896 
387 3.10942388488962 
388 3.9883078671213523 
389 4.19168714797139 
390 4.272899707914096 
391 4.334912522094385 
392 3.7779002519015448 
393 4.10606359343913 
394 4.5931049875253676 
395 4.642080188848554 
396 3.3882236837516113 
397 3.4326213964506778 
398 4.325404306890854 
399 4.201177610734465 
400 4.510630199506285 
401 3.964166015177206 
402 3.9635494918422745 
403 3.838088783145507 
404 3.732091127829215 
405 4.145961060788488 
406 4.094544702471713 
407 3.8554431527518487 
408 4.12583097422656 
409 3.779946019717307 
410 3.6881521054420654 
411 3.812576161988766 
412 3.269552814780551 
413 3.048698710596196 
414 4.017784082114568 
415 4.055827714508168 
416 3.5471154431418404 
417 3.9477175550126806 
418 4.1993143093556515 
419 4.11691574669212 
420 4.204696638900855 
421 4.037892123125101 
422 4.389354261443258 
423 4.352378354781574 
424 3.587181155672152 
425 3.8452393850993056 
426 4.603172690816589 
427 4.065537599656228 
428 4.14478142422852 
429 4.317735576823544 
430 3.7891993963375614 
431 3.884002908279455 
432 4.226175023078292 
433 3.918772833965039 
434 3.1302644266993815 
435 2.9797844879214512 
436 4.367636721135796 
437 4.279288598932828 
438 3.8205818644455913 
439 4.228040973132638 
440 3.4636320061848513 
441 3.5642870702265164 
442 4.0543967760254755 
443 3.46697982362865 
444 3.8349818068235018 
445 4.165107618140534 
446 3.9612585778574565 
447 4.4856922748182555 
448 3.72755693416143 
449 3.8049975903971323 
450 4.437074496236498 
451 4.371223137952258 
452 4.716351005909737 
453 4.182830851243601 
454 3.552359629997448 
455 3.515656113180103 
456 4.7988278313019785 
457 4.112432213192823 
458 4.597409626739922 
459 4.5352005261578805 
460 3.5257586401979513 
461 3.6536549151252653 
462 4.284841552716057 
463 4.01740001281628 
464 3.217807413356264 
465 3.1771512544714104 
466 4.2036563961494835 
467 4.285992143487821 
468 3.6189750531063125 
469 3.312050293718455 
470 4.30785948073666 
471 4.130498263007941 
472 3.8929752986507027 
473 3.8182834554357883 
474 3.8436298457933016 
475 3.853443180471264 
476 4.0525121594265086 
477 4.09125571397594 
478 3.988606816531186 
479 3.6733638603173637 
480 3.8269936110153475 
481 3.910215689446696 
482 3.9786521613953942 
483 4.200355667497099 
484 3.302660142726231 
485 3.4090112216997612 
486 4.109120164717408 
487 4.224639538995513 
488 4.093152795192147 
489 4.134132463287503 
490 4.084183532568679 
491 4.00267815066239 
492 4.168045591491273 
493 3.9559231816794265 
494 3.6738840298879674 
495 4.382506228806567 
496 3.6462090003005323 
497 3.6985238885596394 
498 2.9316226728731314 
499 2.8589059133017325 
500 3.753044700112555 
501 3.914338572070892 
502 3.6335352066968736 
503 3.759804505246424 
504 4.294261832217357 
505 4.401627256956988 
506 3.4097033380229504 
507 3.365617907253429 
508 3.6494436891875166 
509 3.628457372561375 
510 3.927959256407255 
511 3.784178711055931 
512 4.248041709899571 
513 4.196316884065423 
514 3.84092349120597 
515 4.108548429542138 
516 3.459266309433665 
517 3.390206986763958 
518 3.932254194933686 
519 3.9081412530746427 
520 3.643432036948159 
521 3.7181811549443515 
522 3.8960187453255686 
523 3.71424268764263 
524 3.858025632305938 
525 4.232748392328036 
526 4.1119054162810995 
527 3.9476309037499178 
528 3.2934613621458873 
529 3.279776905288064 
530 4.469849942295523 
531 3.9599527994633092 
532 2.8961711678068744 
533 2.965153527659479 
534 4.1938595566352355 
535 4.153781780721797 
536 3.3474481788341013 
537 3.666040394525395 
538 3.511450006150217 
539 3.4808164664941454 
540 4.236526560378476 
541 3.818279042663872 
542 3.9482610807995733 
543 3.802913323027923 
544 4.105156877103626 
545 4.18274898031947 
546 3.7417111575000965 
547 3.8435546589680656 
548 3.3803186693052147 
549 3.391970879859965 
550 3.6351315567046236 
551 3.872223231870615 
552 4.462797274799486 
553 4.311860934421545 
554 3.668879298601203 
555 3.859553253783677 
556 3.1442306847312875 
557 3.525873137775208 
558 3.650537182724255 
559 4.095620031109 
560 3.0663862933677755 
561 3.0589345244768333 
562 4.296785521096989 
563 4.482179245297262 
564 4.597297304599459 
565 4.534194161917287 
566 3.7307150847671653 
567 3.9555420881418355 
568 4.026320481567203 
569 3.79191904291667 
570 3.323099220369171 
571 3.400411912992289 
572 3.4363063739684985 
573 3.5912277090260187 
574 3.436426985861231 
575 3.282682489109132 
576 4.305700839228606 
577 4.396858575449822 
578 3.569864861064803 
579 3.6259843249899473 
580 3.830745722623651 
581 3.756142121746598 
582 3.6053315590917863 
583 3.678823901370804 
